30
2 1 5
3 0 7
3 2 5
4 0 3
4 1 7
5 0 4
5 1 1
5 2 1
6 1 7
6 2 4
6 4 7
6 5 4
7 1 6
7 3 7
7 4 1
7 5 3
7 6 2
8 0 3
8 2 2
8 4 2
8 5 4
9 0 5
9 3 1
9 4 2
9 5 4
9 7 4
10 4 6
10 7 7
10 8 6
10 9 6
11 0 1
11 1 2
11 2 7
11 4 3
11 5 5
11 6 6
11 8 1
11 10 5
12 1 3
12 2 5
12 3 6
12 4 2
12 8 1
12 10 7
12 11 5
13 0 4
13 1 1
13 5 2
13 6 3
13 7 5
13 10 4
13 11 6
13 12 4
14 2 2
14 3 4
14 8 2
14 10 4
14 11 2
14 13 6
15 9 1
15 10 4
15 14 4
16 1 4
16 3 5
16 5 6
16 8 5
16 13 4
17 1 3
17 2 2
17 3 7
17 7 1
17 9 2
17 11 3
17 12 1
18 1 5
18 6 2
18 8 6
18 12 2
19 1 1
19 2 3
19 4 7
19 5 5
19 6 3
19 8 1
19 9 2
19 11 5
19 15 5
19 17 7
20 2 7
20 3 3
20 4 7
20 6 2
20 7 5
20 8 7
20 10 6
20 11 5
20 13 1
20 14 4
20 15 3
20 18 3
20 19 1
21 1 3
21 2 4
21 3 6
21 5 4
21 8 3
21 10 1
21 11 1
21 12 3
21 14 3
21 15 2
21 16 5
21 18 4
21 20 3
22 0 2
22 3 7
22 4 6
22 7 5
22 8 7
22 9 3
22 10 3
22 11 4
22 12 3
22 13 5
22 15 6
22 16 1
22 18 6
22 19 2
22 20 5
22 21 1
23 0 3
23 2 7
23 5 3
23 7 1
23 9 1
23 11 3
23 13 2
23 19 6
24 1 1
24 2 6
24 5 7
24 8 2
24 14 4
24 17 3
24 18 6
24 19 2
24 20 7
24 21 7
24 23 2
25 0 1
25 4 1
25 5 6
25 6 7
25 8 1
25 11 6
25 13 5
25 14 7
25 15 6
25 18 6
25 19 6
26 0 5
26 2 4
26 3 6
26 5 6
26 7 2
26 9 2
26 12 6
26 13 3
26 14 3
26 15 3
26 18 6
26 19 6
26 22 7
26 25 3
27 1 6
27 2 6
27 3 4
27 7 4
27 11 1
27 13 3
27 14 6
27 15 1
27 16 1
27 21 4
27 22 5
27 23 5
27 26 7
28 0 2
28 2 7
28 4 1
28 5 6
28 6 1
28 8 2
28 9 5
28 10 5
28 11 1
28 12 7
28 13 6
28 15 5
28 16 1
28 17 7
28 18 5
28 19 1
28 21 7
28 26 3
29 0 4
29 2 2
29 3 2
29 10 4
29 11 6
29 12 7
29 13 6
29 16 5
29 21 2
29 23 7
29 24 1
29 27 7
29 28 6
