30
2 1 2
3 0 1
3 1 6
4 0 3
4 2 2
4 3 5
5 0 7
5 4 6
6 0 1
6 1 7
6 3 3
6 4 5
6 5 2
7 0 7
7 1 3
7 2 4
7 3 2
7 5 4
7 6 1
8 1 5
8 4 4
8 6 4
9 0 7
9 2 5
9 4 2
9 6 6
9 8 6
10 3 5
10 5 6
10 8 1
10 9 7
11 1 4
11 3 1
11 5 3
11 8 1
11 9 7
12 0 1
12 3 6
12 6 4
12 7 1
12 8 4
12 9 2
12 11 7
13 4 3
13 6 3
13 8 5
13 9 1
13 11 4
13 12 4
14 0 2
14 4 3
14 5 7
14 7 2
14 8 5
14 9 4
14 10 1
14 11 6
14 12 5
14 13 6
15 0 5
15 4 6
15 6 2
15 7 3
15 10 1
15 14 6
16 2 1
16 3 4
16 4 1
16 5 6
16 6 3
16 7 4
16 8 5
16 10 7
16 11 7
16 12 4
16 13 2
16 14 7
16 15 6
17 2 6
17 4 7
17 5 6
17 6 1
17 7 3
17 8 1
17 10 5
17 11 2
17 12 3
17 13 3
17 14 4
18 0 4
18 2 3
18 7 7
18 8 6
18 9 1
18 12 3
18 15 4
18 17 6
19 1 5
19 2 1
19 3 2
19 5 3
19 8 2
19 9 7
19 10 4
19 11 1
19 12 4
19 13 2
19 14 1
19 15 4
19 16 1
19 18 3
20 1 5
20 5 1
20 6 5
20 7 6
20 11 6
20 13 6
20 14 1
20 17 7
20 18 4
21 0 5
21 2 2
21 3 5
21 5 2
21 7 1
21 8 4
21 11 3
21 19 5
21 20 6
22 2 4
22 3 4
22 4 1
22 5 4
22 6 3
22 7 1
22 8 3
22 16 2
22 17 1
22 19 4
22 21 5
23 1 4
23 2 3
23 3 4
23 6 3
23 8 5
23 10 1
23 12 5
23 13 6
23 14 3
23 16 6
23 17 3
23 18 2
23 20 6
23 21 2
24 8 1
24 10 3
24 13 5
24 14 6
24 16 7
24 17 7
24 18 4
24 20 1
24 21 1
24 22 1
24 23 6
25 0 3
25 2 5
25 4 1
25 6 2
25 11 5
25 13 2
25 15 7
25 16 4
25 18 1
25 20 7
25 23 4
25 24 7
26 0 7
26 2 3
26 3 7
26 5 7
26 6 5
26 7 7
26 8 3
26 10 4
26 11 5
26 12 1
26 13 4
26 14 4
26 20 6
26 22 6
26 23 7
26 24 6
26 25 6
27 1 1
27 2 3
27 3 6
27 10 1
27 11 6
27 15 2
27 16 6
27 18 1
27 20 7
27 21 5
28 0 3
28 1 7
28 2 4
28 3 1
28 4 7
28 6 5
28 7 6
28 8 4
28 9 7
28 10 5
28 11 2
28 12 1
28 13 3
28 14 1
28 15 1
28 17 7
28 19 6
28 22 1
28 23 4
28 24 3
28 26 6
29 1 3
29 8 1
29 10 6
29 11 4
29 13 4
29 18 6
29 19 1
29 26 6
29 28 1
