15
1 0 5
2 0 7
2 1 6
3 0 1
3 1 7
3 2 1
4 0 5
4 1 8
4 2 5
4 3 1
5 0 6
5 1 4
5 2 7
5 3 7
5 4 2
6 0 1
6 1 1
6 2 4
6 3 5
6 4 4
6 5 4
7 0 7
7 1 2
7 2 1
7 3 8
7 4 3
7 5 4
7 6 7
8 0 2
8 1 6
8 2 1
8 3 4
8 4 3
8 5 4
8 6 1
8 7 2
9 0 1
9 1 4
9 2 8
9 3 2
9 4 6
9 5 3
9 6 8
9 7 3
9 8 3
10 0 8
10 1 3
10 2 7
10 3 6
10 4 5
10 5 4
10 6 3
10 7 6
10 8 7
10 9 6
11 0 1
11 1 7
11 2 8
11 3 5
11 4 8
11 5 7
11 6 3
11 7 1
11 8 8
11 9 7
11 10 5
12 0 7
12 1 6
12 2 1
12 3 6
12 4 4
12 5 7
12 6 2
12 7 5
12 8 8
12 9 4
12 10 4
12 11 7
13 0 2
13 1 3
13 2 7
13 3 3
13 4 2
13 5 8
13 6 4
13 7 7
13 8 7
13 9 6
13 10 2
13 11 3
13 12 6
14 0 5
14 1 3
14 2 2
14 3 1
14 4 6
14 5 5
14 6 4
14 7 5
14 8 6
14 9 4
14 10 1
14 11 8
14 12 7
14 13 3
