60
1 0 5
2 0 6
2 1 2
3 0 5
3 1 2
4 2 2
4 3 6
5 1 6
5 2 3
5 3 3
6 1 5
6 3 7
6 4 6
7 0 6
7 2 2
7 4 4
7 5 2
8 0 7
8 3 7
8 6 5
9 3 3
9 6 4
10 0 5
10 3 3
10 4 1
10 5 6
10 6 7
10 8 5
10 9 3
11 1 5
11 6 3
11 7 4
11 10 4
12 3 1
12 7 7
12 9 4
12 10 4
12 11 5
13 1 6
13 3 1
13 4 6
13 5 6
13 6 7
13 7 3
13 8 5
13 11 7
14 0 6
14 3 6
14 4 7
14 5 4
14 7 5
14 9 7
14 11 4
14 12 1
14 13 5
15 0 2
15 1 3
15 2 6
15 5 4
15 7 4
15 8 6
15 9 7
15 10 2
15 11 5
15 12 5
16 1 1
16 5 6
16 6 3
16 7 4
16 8 6
16 10 2
16 12 6
16 14 1
16 15 3
17 0 7
17 1 5
17 2 1
17 4 4
17 7 1
17 8 2
17 10 5
17 12 6
17 13 2
17 14 2
17 16 1
18 3 4
18 6 2
18 8 5
18 11 3
18 12 1
18 13 3
18 14 5
18 17 3
19 0 4
19 2 1
19 3 7
19 5 7
19 7 2
19 8 3
19 9 3
19 10 2
19 11 5
19 12 2
19 17 1
19 18 7
20 3 2
20 4 4
20 7 2
20 8 7
20 9 7
20 10 3
20 12 4
20 13 4
20 14 5
20 15 1
20 17 6
20 18 1
21 4 2
21 5 7
21 6 6
21 8 5
21 9 7
21 11 4
21 12 2
21 16 3
21 18 1
21 19 5
21 20 7
22 0 4
22 2 3
22 5 4
22 6 5
22 9 7
22 10 7
22 11 7
22 14 5
22 16 2
22 19 1
22 20 1
23 1 2
23 3 1
23 4 6
23 5 5
23 8 7
23 10 5
23 11 6
23 12 3
23 13 5
23 14 7
23 16 6
23 20 4
23 21 5
24 2 5
24 5 4
24 6 6
24 9 6
24 14 3
24 16 5
24 20 1
24 22 5
24 23 1
25 1 4
25 2 4
25 6 5
25 7 6
25 11 4
25 13 1
25 15 6
25 16 7
25 21 1
25 24 1
26 0 6
26 1 7
26 3 5
26 4 1
26 5 5
26 6 6
26 12 4
26 14 7
26 16 7
26 17 3
26 18 2
26 19 1
26 23 7
26 24 5
27 7 7
27 8 4
27 9 7
27 10 2
27 11 1
27 12 5
27 14 4
27 15 5
27 19 6
27 20 7
27 21 7
27 22 3
27 23 2
27 24 1
28 0 7
28 2 3
28 3 4
28 6 5
28 8 2
28 9 5
28 15 3
28 16 3
28 18 4
28 22 4
28 24 2
28 26 6
28 27 6
29 0 7
29 1 3
29 2 2
29 6 4
29 9 5
29 10 1
29 11 5
29 16 5
29 17 5
29 19 7
29 20 2
29 21 5
29 23 5
29 24 2
29 25 4
29 26 7
29 27 6
30 1 5
30 2 1
30 3 1
30 4 4
30 5 7
30 10 4
30 14 4
30 16 6
30 17 6
30 18 4
30 19 2
30 21 6
30 22 5
30 24 2
30 26 1
30 28 4
30 29 4
31 0 5
31 2 4
31 5 3
31 6 7
31 7 7
31 9 2
31 10 7
31 11 1
31 12 5
31 15 3
31 16 7
31 20 4
31 22 3
31 24 3
31 26 3
31 27 4
31 28 1
32 0 3
32 3 4
32 6 1
32 7 6
32 9 6
32 10 7
32 17 3
32 18 7
32 19 4
32 21 5
32 22 4
32 23 3
32 24 7
32 25 1
32 26 2
33 0 2
33 4 6
33 6 6
33 7 5
33 8 4
33 9 5
33 10 6
33 14 6
33 17 1
33 18 6
33 22 1
33 23 1
33 29 5
33 30 1
33 31 4
33 32 7
34 1 7
34 3 6
34 4 4
34 5 2
34 6 1
34 8 3
34 9 5
34 10 6
34 11 7
34 12 6
34 13 1
34 14 6
34 17 3
34 20 1
34 22 2
34 24 5
34 25 4
34 28 6
34 31 1
35 3 3
35 4 3
35 6 1
35 8 7
35 10 6
35 12 5
35 16 6
35 20 3
35 22 6
35 23 2
35 28 4
35 30 2
35 32 6
35 34 1
36 0 3
36 1 3
36 2 6
36 7 7
36 9 7
36 11 2
36 13 7
36 15 6
36 20 2
36 24 2
36 25 3
36 30 4
36 32 5
36 33 4
36 34 2
37 0 1
37 1 3
37 2 7
37 10 5
37 13 5
37 14 7
37 16 2
37 17 3
37 22 5
37 24 7
37 26 6
37 29 7
37 30 4
37 34 6
38 1 4
38 2 1
38 4 6
38 6 7
38 10 7
38 12 6
38 13 5
38 19 5
38 20 6
38 21 3
38 23 3
38 28 7
38 31 6
38 35 5
38 36 1
38 37 5
39 1 6
39 2 5
39 5 1
39 7 4
39 9 6
39 11 6
39 13 6
39 14 4
39 16 4
39 19 3
39 20 6
39 21 5
39 22 7
39 23 6
39 24 2
39 27 5
39 31 4
39 34 1
39 35 5
39 36 2
39 38 6
40 0 5
40 1 5
40 2 3
40 3 5
40 4 1
40 5 2
40 8 6
40 12 2
40 13 3
40 14 4
40 15 6
40 18 2
40 19 6
40 20 6
40 22 7
40 23 2
40 27 2
40 29 3
40 32 7
40 34 4
40 35 4
40 39 2
41 0 4
41 4 6
41 6 7
41 8 6
41 10 7
41 14 1
41 16 7
41 18 2
41 19 6
41 21 4
41 22 3
41 24 1
41 25 6
41 28 4
41 33 1
41 36 4
41 37 5
41 38 6
41 39 3
42 2 3
42 3 1
42 4 6
42 7 3
42 8 7
42 10 4
42 11 5
42 12 1
42 14 2
42 20 4
42 21 2
42 23 4
42 25 4
42 28 1
42 29 4
42 32 5
42 34 5
42 39 7
42 41 4
43 0 3
43 1 5
43 2 5
43 7 3
43 9 3
43 11 7
43 12 2
43 15 5
43 16 5
43 17 4
43 18 6
43 20 7
43 25 3
43 26 2
43 27 3
43 28 7
43 29 4
43 31 5
43 33 6
43 34 6
43 35 6
43 36 2
43 37 7
43 40 4
43 41 3
43 42 1
44 0 4
44 1 4
44 5 2
44 6 7
44 7 7
44 8 5
44 9 4
44 11 2
44 12 5
44 13 1
44 14 6
44 15 4
44 17 4
44 21 6
44 22 3
44 23 5
44 25 4
44 28 3
44 31 3
44 36 1
44 38 5
44 41 7
44 42 6
45 0 1
45 2 7
45 4 6
45 9 6
45 10 4
45 12 4
45 15 3
45 16 6
45 18 2
45 21 7
45 26 1
45 28 4
45 29 5
45 31 5
45 38 4
45 42 5
45 44 6
46 0 3
46 1 4
46 11 5
46 15 2
46 16 6
46 19 4
46 22 1
46 24 2
46 26 2
46 29 3
46 31 1
46 33 5
46 34 4
46 36 6
46 37 6
46 40 1
46 42 1
46 43 4
46 44 4
46 45 3
47 1 3
47 5 5
47 9 2
47 15 1
47 16 1
47 17 3
47 24 7
47 25 1
47 26 7
47 28 3
47 32 3
47 34 3
47 36 7
47 38 3
47 39 2
47 41 1
47 42 4
47 46 4
48 0 5
48 2 7
48 3 6
48 5 3
48 6 3
48 8 7
48 11 3
48 12 6
48 15 3
48 17 4
48 22 2
48 23 2
48 25 2
48 27 2
48 28 1
48 30 2
48 31 6
48 32 2
48 34 4
48 35 4
48 37 3
48 39 2
48 41 2
48 43 4
48 47 3
49 4 3
49 6 6
49 7 2
49 9 2
49 11 1
49 12 7
49 13 2
49 14 1
49 15 1
49 17 6
49 20 2
49 22 1
49 26 2
49 27 1
49 28 2
49 32 3
49 34 1
49 37 2
49 40 6
49 41 6
49 44 2
49 46 7
49 47 1
50 0 7
50 1 1
50 6 5
50 8 5
50 14 6
50 19 1
50 20 6
50 26 5
50 27 7
50 29 3
50 32 2
50 34 7
50 35 7
50 37 5
50 38 7
50 40 5
50 43 7
50 44 7
50 49 4
51 0 4
51 1 3
51 5 5
51 7 7
51 9 4
51 12 1
51 13 5
51 14 5
51 15 5
51 17 5
51 20 6
51 21 7
51 22 6
51 23 1
51 25 1
51 31 1
51 32 4
51 34 4
51 40 6
51 41 1
51 43 5
51 47 3
51 48 3
51 49 6
51 50 6
52 1 5
52 6 7
52 7 3
52 8 7
52 9 6
52 10 3
52 15 4
52 16 7
52 17 6
52 18 1
52 21 5
52 22 6
52 24 7
52 25 3
52 29 1
52 30 5
52 31 3
52 32 4
52 35 4
52 39 6
52 40 7
52 41 3
52 46 5
52 47 2
52 49 2
53 0 4
53 2 6
53 3 1
53 5 4
53 7 5
53 8 7
53 11 5
53 14 2
53 17 1
53 20 2
53 21 2
53 23 1
53 24 5
53 25 4
53 28 6
53 29 5
53 30 7
53 31 1
53 32 2
53 33 1
53 35 4
53 39 5
53 40 7
53 41 1
53 42 4
53 44 3
53 46 4
53 47 6
53 49 4
53 50 3
53 51 1
54 2 3
54 3 5
54 4 6
54 5 2
54 6 5
54 12 4
54 14 3
54 16 3
54 20 3
54 27 5
54 30 2
54 32 6
54 33 1
54 37 6
54 38 2
54 41 7
54 46 2
54 49 2
54 51 6
54 53 4
55 1 3
55 2 7
55 3 1
55 5 1
55 6 1
55 7 6
55 9 6
55 10 5
55 11 7
55 16 6
55 19 3
55 20 1
55 21 3
55 22 3
55 23 3
55 27 4
55 29 1
55 30 2
55 31 3
55 32 6
55 36 7
55 38 5
55 39 7
55 42 5
55 43 7
55 44 3
55 48 3
55 49 6
55 50 2
55 54 2
56 3 4
56 6 3
56 7 7
56 10 2
56 12 7
56 15 4
56 17 3
56 18 7
56 19 1
56 20 6
56 22 3
56 23 4
56 24 4
56 26 6
56 28 1
56 29 5
56 31 4
56 32 3
56 34 5
56 35 2
56 36 3
56 38 1
56 40 5
56 44 4
56 45 2
56 46 7
56 48 2
56 49 3
56 51 3
56 54 7
56 55 6
57 1 2
57 2 7
57 6 6
57 7 2
57 10 5
57 13 6
57 15 4
57 16 1
57 17 1
57 18 3
57 20 2
57 21 4
57 23 6
57 25 7
57 26 7
57 28 1
57 29 3
57 30 4
57 32 2
57 34 1
57 38 4
57 41 6
57 42 4
57 43 2
57 44 6
57 52 3
57 54 7
57 56 6
58 0 4
58 1 4
58 2 4
58 3 4
58 4 6
58 6 7
58 11 4
58 13 7
58 14 7
58 15 4
58 17 4
58 18 7
58 20 1
58 25 2
58 28 7
58 33 5
58 35 7
58 38 6
58 39 2
58 42 6
58 44 4
58 45 1
58 46 7
58 49 6
58 54 7
59 0 3
59 3 6
59 4 2
59 6 3
59 7 5
59 8 5
59 10 7
59 11 2
59 13 1
59 16 6
59 17 2
59 21 3
59 23 4
59 27 4
59 29 3
59 30 7
59 31 1
59 35 6
59 36 6
59 41 7
59 43 2
59 45 2
59 46 1
59 48 6
59 49 3
59 51 1
59 53 7
59 56 3
59 57 1
