40
1 0 2
2 0 4
2 1 1
3 0 3
3 1 1
3 2 5
4 0 1
4 1 5
4 2 1
4 3 3
5 0 2
5 1 3
5 2 1
5 3 5
5 4 5
6 0 2
6 1 4
6 2 5
6 3 2
6 4 2
6 5 1
7 0 2
7 1 2
7 2 2
7 3 3
7 4 1
7 5 2
7 6 3
8 0 2
8 1 2
8 2 5
8 3 1
8 4 1
8 5 3
8 6 3
8 7 4
9 0 2
9 1 3
9 2 5
9 3 5
9 4 2
9 5 5
9 6 3
9 7 5
9 8 3
10 0 4
10 1 1
10 2 1
10 3 2
10 4 1
10 5 4
10 6 3
10 7 1
10 8 5
10 9 3
11 0 4
11 1 2
11 2 4
11 3 3
11 4 3
11 5 5
11 6 2
11 7 2
11 8 5
11 9 4
11 10 1
12 0 2
12 1 4
12 2 3
12 3 5
12 4 2
12 5 5
12 6 2
12 7 5
12 8 1
12 9 4
12 10 4
12 11 3
13 0 4
13 1 4
13 2 1
13 3 5
13 4 3
13 5 2
13 6 1
13 7 5
13 8 1
13 9 3
13 10 3
13 11 2
13 12 2
14 0 1
14 1 2
14 2 1
14 3 1
14 4 1
14 5 4
14 6 5
14 7 5
14 8 4
14 9 4
14 10 1
14 11 3
14 12 1
14 13 5
15 0 4
15 1 3
15 2 5
15 3 5
15 4 4
15 5 4
15 6 1
15 7 3
15 8 1
15 9 5
15 10 4
15 11 4
15 12 5
15 13 4
15 14 5
16 0 5
16 1 3
16 2 3
16 3 2
16 4 1
16 5 1
16 6 4
16 7 3
16 8 5
16 9 4
16 10 3
16 11 2
16 12 2
16 13 4
16 14 1
16 15 2
17 0 5
17 1 3
17 2 2
17 3 4
17 4 1
17 5 2
17 6 5
17 7 1
17 8 4
17 9 1
17 10 4
17 11 5
17 12 3
17 13 2
17 14 1
17 15 3
17 16 2
18 0 2
18 1 2
18 2 5
18 3 1
18 4 4
18 5 3
18 6 2
18 7 4
18 8 2
18 9 4
18 10 1
18 11 3
18 12 2
18 13 5
18 14 4
18 15 2
18 16 1
18 17 4
19 0 2
19 1 5
19 2 4
19 3 5
19 4 1
19 5 5
19 6 2
19 7 3
19 8 5
19 9 2
19 10 2
19 11 5
19 12 2
19 13 2
19 14 1
19 15 1
19 16 1
19 17 1
19 18 5
20 0 5
20 1 4
20 2 1
20 3 2
20 4 4
20 5 5
20 6 1
20 7 5
20 8 1
20 9 3
20 10 5
20 11 5
20 12 1
20 13 1
20 14 3
20 15 3
20 16 5
20 17 3
20 18 3
20 19 3
21 0 4
21 1 3
21 2 3
21 3 1
21 4 5
21 5 4
21 6 1
21 7 4
21 8 4
21 9 4
21 10 5
21 11 5
21 12 5
21 13 2
21 14 3
21 15 3
21 16 1
21 17 5
21 18 4
21 19 2
21 20 3
22 0 1
22 1 1
22 2 3
22 3 1
22 4 5
22 5 3
22 6 1
22 7 2
22 8 3
22 9 2
22 10 4
22 11 3
22 12 1
22 13 2
22 14 1
22 15 1
22 16 3
22 17 1
22 18 2
22 19 2
22 20 3
22 21 5
23 0 4
23 1 1
23 2 2
23 3 3
23 4 1
23 5 1
23 6 3
23 7 2
23 8 2
23 9 5
23 10 2
23 11 4
23 12 2
23 13 5
23 14 4
23 15 2
23 16 3
23 17 2
23 18 2
23 19 3
23 20 5
23 21 4
23 22 5
24 0 4
24 1 4
24 2 5
24 3 3
24 4 3
24 5 5
24 6 4
24 7 4
24 8 5
24 9 2
24 10 4
24 11 3
24 12 4
24 13 2
24 14 4
24 15 4
24 16 5
24 17 4
24 18 5
24 19 3
24 20 2
24 21 3
24 22 3
24 23 5
25 0 4
25 1 4
25 2 4
25 3 5
25 4 3
25 5 1
25 6 1
25 7 3
25 8 2
25 9 2
25 10 4
25 11 5
25 12 5
25 13 4
25 14 1
25 15 5
25 16 3
25 17 4
25 18 3
25 19 1
25 20 5
25 21 4
25 22 4
25 23 1
25 24 1
26 0 4
26 1 4
26 2 1
26 3 3
26 4 4
26 5 5
26 6 5
26 7 4
26 8 4
26 9 2
26 10 5
26 11 5
26 12 3
26 13 5
26 14 3
26 15 4
26 16 4
26 17 2
26 18 3
26 19 2
26 20 4
26 21 4
26 22 5
26 23 4
26 24 3
26 25 3
27 0 3
27 1 3
27 2 5
27 3 4
27 4 4
27 5 4
27 6 4
27 7 5
27 8 4
27 9 1
27 10 4
27 11 5
27 12 5
27 13 1
27 14 5
27 15 1
27 16 5
27 17 1
27 18 4
27 19 3
27 20 3
27 21 3
27 22 4
27 23 5
27 24 2
27 25 1
27 26 2
28 0 1
28 1 3
28 2 1
28 3 1
28 4 3
28 5 3
28 6 4
28 7 4
28 8 2
28 9 1
28 10 2
28 11 2
28 12 4
28 13 5
28 14 4
28 15 5
28 16 4
28 17 1
28 18 1
28 19 5
28 20 5
28 21 2
28 22 5
28 23 5
28 24 2
28 25 5
28 26 1
28 27 4
29 0 5
29 1 2
29 2 5
29 3 5
29 4 5
29 5 4
29 6 5
29 7 4
29 8 4
29 9 5
29 10 3
29 11 1
29 12 4
29 13 1
29 14 1
29 15 4
29 16 2
29 17 2
29 18 2
29 19 5
29 20 2
29 21 3
29 22 4
29 23 5
29 24 5
29 25 3
29 26 2
29 27 3
29 28 2
30 0 5
30 1 3
30 2 5
30 3 2
30 4 5
30 5 1
30 6 1
30 7 4
30 8 3
30 9 2
30 10 3
30 11 5
30 12 3
30 13 5
30 14 3
30 15 5
30 16 5
30 17 1
30 18 2
30 19 4
30 20 2
30 21 5
30 22 5
30 23 3
30 24 1
30 25 3
30 26 4
30 27 2
30 28 1
30 29 4
31 0 4
31 1 1
31 2 4
31 3 2
31 4 4
31 5 3
31 6 5
31 7 4
31 8 5
31 9 3
31 10 1
31 11 3
31 12 1
31 13 4
31 14 4
31 15 1
31 16 4
31 17 2
31 18 3
31 19 3
31 20 1
31 21 4
31 22 5
31 23 2
31 24 1
31 25 5
31 26 2
31 27 1
31 28 3
31 29 5
31 30 4
32 0 1
32 1 4
32 2 2
32 3 2
32 4 4
32 5 3
32 6 2
32 7 3
32 8 1
32 9 5
32 10 5
32 11 1
32 12 3
32 13 3
32 14 5
32 15 2
32 16 3
32 17 4
32 18 5
32 19 3
32 20 5
32 21 5
32 22 2
32 23 1
32 24 5
32 25 4
32 26 4
32 27 4
32 28 1
32 29 1
32 30 1
32 31 3
33 0 1
33 1 5
33 2 3
33 3 1
33 4 3
33 5 2
33 6 1
33 7 3
33 8 5
33 9 4
33 10 4
33 11 5
33 12 4
33 13 1
33 14 5
33 15 2
33 16 5
33 17 1
33 18 5
33 19 5
33 20 2
33 21 1
33 22 2
33 23 2
33 24 3
33 25 1
33 26 3
33 27 4
33 28 2
33 29 3
33 30 5
33 31 1
33 32 2
34 0 3
34 1 5
34 2 3
34 3 1
34 4 2
34 5 1
34 6 2
34 7 1
34 8 5
34 9 1
34 10 3
34 11 4
34 12 5
34 13 4
34 14 5
34 15 4
34 16 5
34 17 2
34 18 4
34 19 1
34 20 5
34 21 2
34 22 2
34 23 3
34 24 4
34 25 5
34 26 1
34 27 4
34 28 5
34 29 1
34 30 3
34 31 4
34 32 2
34 33 2
35 0 1
35 1 5
35 2 5
35 3 3
35 4 4
35 5 5
35 6 2
35 7 3
35 8 1
35 9 4
35 10 2
35 11 2
35 12 3
35 13 3
35 14 1
35 15 2
35 16 1
35 17 1
35 18 1
35 19 1
35 20 2
35 21 3
35 22 1
35 23 3
35 24 4
35 25 3
35 26 1
35 27 5
35 28 4
35 29 2
35 30 3
35 31 3
35 32 5
35 33 1
35 34 2
36 0 1
36 1 5
36 2 2
36 3 1
36 4 4
36 5 3
36 6 5
36 7 4
36 8 5
36 9 5
36 10 4
36 11 1
36 12 1
36 13 2
36 14 1
36 15 4
36 16 1
36 17 4
36 18 3
36 19 4
36 20 4
36 21 4
36 22 2
36 23 1
36 24 4
36 25 5
36 26 2
36 27 1
36 28 4
36 29 5
36 30 1
36 31 1
36 32 2
36 33 1
36 34 3
36 35 1
37 0 4
37 1 1
37 2 1
37 3 2
37 4 1
37 5 3
37 6 1
37 7 2
37 8 4
37 9 3
37 10 3
37 11 2
37 12 5
37 13 3
37 14 4
37 15 4
37 16 5
37 17 5
37 18 3
37 19 5
37 20 2
37 21 3
37 22 3
37 23 5
37 24 5
37 25 2
37 26 5
37 27 1
37 28 5
37 29 1
37 30 2
37 31 1
37 32 3
37 33 3
37 34 2
37 35 3
37 36 2
38 0 3
38 1 3
38 2 2
38 3 3
38 4 2
38 5 5
38 6 2
38 7 1
38 8 2
38 9 2
38 10 4
38 11 2
38 12 4
38 13 1
38 14 1
38 15 1
38 16 1
38 17 3
38 18 3
38 19 2
38 20 1
38 21 3
38 22 2
38 23 2
38 24 1
38 25 4
38 26 2
38 27 5
38 28 1
38 29 2
38 30 2
38 31 5
38 32 5
38 33 3
38 34 2
38 35 2
38 36 3
38 37 4
39 0 1
39 1 4
39 2 1
39 3 2
39 4 4
39 5 5
39 6 4
39 7 4
39 8 3
39 9 2
39 10 5
39 11 5
39 12 3
39 13 3
39 14 1
39 15 5
39 16 4
39 17 1
39 18 1
39 19 1
39 20 4
39 21 4
39 22 2
39 23 2
39 24 3
39 25 1
39 26 1
39 27 2
39 28 1
39 29 2
39 30 4
39 31 3
39 32 2
39 33 4
39 34 2
39 35 5
39 36 2
39 37 4
39 38 5
