60
1 0 1
2 0 6
2 1 4
3 0 8
3 1 6
3 2 4
4 0 6
4 1 5
4 2 7
4 3 8
5 0 1
5 1 4
5 2 7
5 3 4
5 4 5
6 0 7
6 1 7
6 2 7
6 3 6
6 4 6
6 5 6
7 0 3
7 1 6
7 2 7
7 3 6
7 4 6
7 5 4
7 6 3
8 0 8
8 1 3
8 2 3
8 3 4
8 4 2
8 5 6
8 6 6
8 7 5
9 0 6
9 1 5
9 2 5
9 3 4
9 4 2
9 5 6
9 6 4
9 7 3
9 8 5
10 0 2
10 1 1
10 2 5
10 3 5
10 4 7
10 5 2
10 6 6
10 7 6
10 8 4
10 9 5
11 0 5
11 1 8
11 2 3
11 3 1
11 4 3
11 5 6
11 6 2
11 7 2
11 8 1
11 9 5
11 10 6
12 0 1
12 1 4
12 2 8
12 3 4
12 4 1
12 5 1
12 6 5
12 7 1
12 8 7
12 9 1
12 10 6
12 11 4
13 0 3
13 1 3
13 2 3
13 3 2
13 4 2
13 5 1
13 6 3
13 7 6
13 8 8
13 9 8
13 10 2
13 11 6
13 12 7
14 0 6
14 1 1
14 2 7
14 3 5
14 4 5
14 5 8
14 6 5
14 7 7
14 8 5
14 9 8
14 10 6
14 11 3
14 12 3
14 13 5
15 0 7
15 1 6
15 2 3
15 3 1
15 4 7
15 5 5
15 6 6
15 7 2
15 8 7
15 9 6
15 10 8
15 11 3
15 12 2
15 13 4
15 14 3
16 0 3
16 1 8
16 2 7
16 3 5
16 4 3
16 5 1
16 6 3
16 7 7
16 8 3
16 9 8
16 10 7
16 11 5
16 12 8
16 13 7
16 14 6
16 15 8
17 0 7
17 1 1
17 2 2
17 3 6
17 4 2
17 5 2
17 6 6
17 7 1
17 8 6
17 9 5
17 10 6
17 11 6
17 12 2
17 13 7
17 14 8
17 15 1
17 16 7
18 0 1
18 1 8
18 2 4
18 3 8
18 4 6
18 5 2
18 6 3
18 7 8
18 8 2
18 9 6
18 10 6
18 11 8
18 12 7
18 13 7
18 14 1
18 15 7
18 16 8
18 17 8
19 0 6
19 1 2
19 2 4
19 3 8
19 4 5
19 5 7
19 6 8
19 7 2
19 8 4
19 9 6
19 10 8
19 11 3
19 12 4
19 13 2
19 14 7
19 15 3
19 16 6
19 17 7
19 18 8
20 0 1
20 1 5
20 2 8
20 3 4
20 4 4
20 5 5
20 6 6
20 7 4
20 8 5
20 9 5
20 10 5
20 11 1
20 12 2
20 13 4
20 14 5
20 15 7
20 16 5
20 17 8
20 18 5
20 19 2
21 0 3
21 1 6
21 2 7
21 3 3
21 4 1
21 5 8
21 6 2
21 7 2
21 8 2
21 9 5
21 10 5
21 11 4
21 12 5
21 13 5
21 14 5
21 15 5
21 16 8
21 17 4
21 18 2
21 19 6
21 20 6
22 0 4
22 1 8
22 2 1
22 3 7
22 4 5
22 5 3
22 6 1
22 7 8
22 8 8
22 9 4
22 10 1
22 11 2
22 12 4
22 13 8
22 14 3
22 15 4
22 16 4
22 17 4
22 18 3
22 19 8
22 20 5
22 21 5
23 0 5
23 1 3
23 2 8
23 3 8
23 4 6
23 5 1
23 6 4
23 7 1
23 8 3
23 9 8
23 10 2
23 11 5
23 12 2
23 13 6
23 14 6
23 15 5
23 16 2
23 17 6
23 18 2
23 19 6
23 20 6
23 21 2
23 22 6
24 0 4
24 1 6
24 2 6
24 3 1
24 4 7
24 5 3
24 6 2
24 7 8
24 8 5
24 9 6
24 10 4
24 11 7
24 12 7
24 13 4
24 14 2
24 15 3
24 16 1
24 17 7
24 18 5
24 19 3
24 20 7
24 21 3
24 22 3
24 23 1
25 0 6
25 1 7
25 2 1
25 3 3
25 4 7
25 5 7
25 6 8
25 7 6
25 8 7
25 9 3
25 10 6
25 11 2
25 12 4
25 13 7
25 14 3
25 15 2
25 16 6
25 17 6
25 18 8
25 19 4
25 20 6
25 21 1
25 22 2
25 23 6
25 24 5
26 0 3
26 1 1
26 2 4
26 3 3
26 4 3
26 5 7
26 6 1
26 7 3
26 8 1
26 9 5
26 10 8
26 11 2
26 12 2
26 13 4
26 14 7
26 15 3
26 16 3
26 17 8
26 18 7
26 19 8
26 20 7
26 21 7
26 22 1
26 23 2
26 24 1
26 25 3
27 0 6
27 1 7
27 2 6
27 3 5
27 4 3
27 5 5
27 6 1
27 7 2
27 8 3
27 9 5
27 10 6
27 11 1
27 12 7
27 13 6
27 14 8
27 15 7
27 16 1
27 17 5
27 18 2
27 19 8
27 20 3
27 21 3
27 22 5
27 23 2
27 24 5
27 25 6
27 26 2
28 0 3
28 1 4
28 2 7
28 3 1
28 4 3
28 5 4
28 6 6
28 7 6
28 8 8
28 9 5
28 10 6
28 11 8
28 12 4
28 13 3
28 14 7
28 15 5
28 16 3
28 17 7
28 18 3
28 19 6
28 20 7
28 21 5
28 22 1
28 23 6
28 24 7
28 25 3
28 26 8
28 27 4
29 0 2
29 1 3
29 2 6
29 3 3
29 4 1
29 5 5
29 6 3
29 7 1
29 8 2
29 9 6
29 10 5
29 11 5
29 12 4
29 13 3
29 14 8
29 15 8
29 16 5
29 17 2
29 18 3
29 19 3
29 20 1
29 21 4
29 22 3
29 23 1
29 24 3
29 25 7
29 26 8
29 27 2
29 28 7
30 0 8
30 1 5
30 2 6
30 3 3
30 4 1
30 5 4
30 6 3
30 7 1
30 8 5
30 9 3
30 10 2
30 11 4
30 12 2
30 13 5
30 14 6
30 15 3
30 16 3
30 17 5
30 18 2
30 19 8
30 20 6
30 21 6
30 22 4
30 23 4
30 24 3
30 25 5
30 26 1
30 27 3
30 28 5
30 29 1
31 0 5
31 1 5
31 2 6
31 3 5
31 4 2
31 5 6
31 6 2
31 7 3
31 8 8
31 9 3
31 10 3
31 11 5
31 12 4
31 13 6
31 14 1
31 15 3
31 16 4
31 17 7
31 18 6
31 19 4
31 20 8
31 21 8
31 22 7
31 23 4
31 24 8
31 25 2
31 26 4
31 27 4
31 28 1
31 29 6
31 30 1
32 0 6
32 1 6
32 2 4
32 3 7
32 4 5
32 5 1
32 6 3
32 7 2
32 8 6
32 9 1
32 10 7
32 11 6
32 12 4
32 13 1
32 14 6
32 15 8
32 16 4
32 17 7
32 18 3
32 19 5
32 20 2
32 21 5
32 22 3
32 23 6
32 24 2
32 25 8
32 26 6
32 27 3
32 28 3
32 29 2
32 30 6
32 31 6
33 0 5
33 1 4
33 2 4
33 3 8
33 4 7
33 5 4
33 6 4
33 7 2
33 8 5
33 9 4
33 10 3
33 11 2
33 12 1
33 13 4
33 14 1
33 15 1
33 16 7
33 17 4
33 18 8
33 19 8
33 20 7
33 21 7
33 22 6
33 23 1
33 24 2
33 25 6
33 26 1
33 27 2
33 28 3
33 29 8
33 30 5
33 31 1
33 32 5
34 0 8
34 1 5
34 2 3
34 3 3
34 4 8
34 5 6
34 6 6
34 7 4
34 8 7
34 9 3
34 10 1
34 11 5
34 12 8
34 13 3
34 14 5
34 15 8
34 16 7
34 17 6
34 18 7
34 19 3
34 20 6
34 21 7
34 22 8
34 23 7
34 24 5
34 25 4
34 26 7
34 27 4
34 28 5
34 29 2
34 30 7
34 31 7
34 32 1
34 33 4
35 0 3
35 1 8
35 2 1
35 3 5
35 4 6
35 5 2
35 6 1
35 7 7
35 8 8
35 9 8
35 10 7
35 11 7
35 12 8
35 13 4
35 14 4
35 15 3
35 16 7
35 17 3
35 18 7
35 19 4
35 20 6
35 21 1
35 22 1
35 23 6
35 24 6
35 25 5
35 26 2
35 27 7
35 28 4
35 29 2
35 30 8
35 31 2
35 32 5
35 33 2
35 34 3
36 0 2
36 1 8
36 2 4
36 3 8
36 4 3
36 5 1
36 6 3
36 7 8
36 8 6
36 9 1
36 10 3
36 11 6
36 12 2
36 13 2
36 14 4
36 15 1
36 16 6
36 17 6
36 18 3
36 19 1
36 20 4
36 21 2
36 22 1
36 23 4
36 24 8
36 25 6
36 26 6
36 27 3
36 28 3
36 29 8
36 30 6
36 31 8
36 32 8
36 33 6
36 34 7
36 35 2
37 0 8
37 1 8
37 2 5
37 3 1
37 4 4
37 5 4
37 6 6
37 7 1
37 8 1
37 9 8
37 10 1
37 11 2
37 12 7
37 13 5
37 14 6
37 15 7
37 16 7
37 17 7
37 18 1
37 19 2
37 20 6
37 21 6
37 22 3
37 23 8
37 24 3
37 25 1
37 26 1
37 27 4
37 28 2
37 29 1
37 30 2
37 31 1
37 32 1
37 33 3
37 34 4
37 35 4
37 36 2
38 0 4
38 1 8
38 2 2
38 3 3
38 4 5
38 5 8
38 6 4
38 7 5
38 8 6
38 9 5
38 10 7
38 11 7
38 12 4
38 13 7
38 14 1
38 15 1
38 16 5
38 17 6
38 18 7
38 19 2
38 20 6
38 21 5
38 22 3
38 23 7
38 24 3
38 25 7
38 26 3
38 27 1
38 28 8
38 29 2
38 30 6
38 31 5
38 32 7
38 33 1
38 34 7
38 35 6
38 36 6
38 37 6
39 0 6
39 1 8
39 2 5
39 3 6
39 4 5
39 5 4
39 6 5
39 7 4
39 8 7
39 9 5
39 10 7
39 11 1
39 12 8
39 13 5
39 14 5
39 15 3
39 16 1
39 17 5
39 18 1
39 19 4
39 20 7
39 21 7
39 22 1
39 23 7
39 24 1
39 25 5
39 26 3
39 27 1
39 28 7
39 29 6
39 30 5
39 31 8
39 32 7
39 33 7
39 34 3
39 35 1
39 36 4
39 37 3
39 38 4
40 0 6
40 1 1
40 2 3
40 3 6
40 4 4
40 5 5
40 6 4
40 7 8
40 8 1
40 9 8
40 10 7
40 11 1
40 12 4
40 13 3
40 14 1
40 15 4
40 16 7
40 17 2
40 18 8
40 19 6
40 20 8
40 21 8
40 22 6
40 23 3
40 24 1
40 25 4
40 26 8
40 27 7
40 28 7
40 29 1
40 30 2
40 31 4
40 32 2
40 33 1
40 34 6
40 35 5
40 36 8
40 37 4
40 38 1
40 39 6
41 0 1
41 1 8
41 2 4
41 3 5
41 4 3
41 5 2
41 6 4
41 7 1
41 8 6
41 9 5
41 10 2
41 11 4
41 12 1
41 13 6
41 14 5
41 15 3
41 16 3
41 17 8
41 18 6
41 19 3
41 20 2
41 21 3
41 22 2
41 23 5
41 24 1
41 25 8
41 26 4
41 27 3
41 28 5
41 29 3
41 30 1
41 31 4
41 32 8
41 33 6
41 34 8
41 35 5
41 36 7
41 37 8
41 38 4
41 39 4
41 40 7
42 0 1
42 1 3
42 2 7
42 3 5
42 4 4
42 5 3
42 6 2
42 7 3
42 8 4
42 9 2
42 10 8
42 11 1
42 12 3
42 13 2
42 14 8
42 15 8
42 16 2
42 17 6
42 18 2
42 19 2
42 20 6
42 21 4
42 22 2
42 23 6
42 24 5
42 25 6
42 26 1
42 27 1
42 28 4
42 29 4
42 30 1
42 31 2
42 32 4
42 33 6
42 34 2
42 35 2
42 36 2
42 37 1
42 38 1
42 39 6
42 40 2
42 41 8
43 0 8
43 1 5
43 2 6
43 3 2
43 4 6
43 5 7
43 6 1
43 7 6
43 8 2
43 9 2
43 10 3
43 11 7
43 12 2
43 13 6
43 14 2
43 15 7
43 16 7
43 17 8
43 18 3
43 19 5
43 20 5
43 21 4
43 22 6
43 23 3
43 24 7
43 25 6
43 26 4
43 27 2
43 28 1
43 29 1
43 30 2
43 31 2
43 32 1
43 33 2
43 34 3
43 35 1
43 36 3
43 37 8
43 38 7
43 39 5
43 40 6
43 41 7
43 42 8
44 0 2
44 1 3
44 2 3
44 3 5
44 4 3
44 5 7
44 6 5
44 7 5
44 8 3
44 9 6
44 10 7
44 11 3
44 12 1
44 13 1
44 14 4
44 15 1
44 16 3
44 17 2
44 18 5
44 19 5
44 20 2
44 21 1
44 22 5
44 23 6
44 24 5
44 25 8
44 26 1
44 27 4
44 28 5
44 29 8
44 30 5
44 31 3
44 32 2
44 33 2
44 34 2
44 35 8
44 36 3
44 37 1
44 38 5
44 39 6
44 40 7
44 41 1
44 42 6
44 43 7
45 0 2
45 1 3
45 2 2
45 3 4
45 4 2
45 5 1
45 6 7
45 7 7
45 8 6
45 9 1
45 10 4
45 11 7
45 12 7
45 13 6
45 14 6
45 15 6
45 16 6
45 17 7
45 18 6
45 19 6
45 20 4
45 21 7
45 22 5
45 23 1
45 24 8
45 25 5
45 26 8
45 27 3
45 28 4
45 29 8
45 30 1
45 31 8
45 32 7
45 33 3
45 34 3
45 35 2
45 36 3
45 37 4
45 38 3
45 39 4
45 40 5
45 41 1
45 42 3
45 43 6
45 44 8
46 0 5
46 1 5
46 2 7
46 3 7
46 4 3
46 5 3
46 6 5
46 7 8
46 8 2
46 9 1
46 10 3
46 11 1
46 12 7
46 13 5
46 14 5
46 15 7
46 16 5
46 17 1
46 18 6
46 19 4
46 20 3
46 21 6
46 22 1
46 23 5
46 24 1
46 25 7
46 26 1
46 27 6
46 28 8
46 29 8
46 30 5
46 31 3
46 32 1
46 33 3
46 34 6
46 35 5
46 36 7
46 37 1
46 38 4
46 39 6
46 40 1
46 41 5
46 42 4
46 43 4
46 44 5
46 45 5
47 0 2
47 1 2
47 2 6
47 3 7
47 4 6
47 5 8
47 6 4
47 7 8
47 8 7
47 9 8
47 10 6
47 11 8
47 12 3
47 13 8
47 14 6
47 15 4
47 16 6
47 17 7
47 18 3
47 19 3
47 20 6
47 21 7
47 22 3
47 23 7
47 24 8
47 25 7
47 26 1
47 27 2
47 28 7
47 29 5
47 30 7
47 31 3
47 32 3
47 33 4
47 34 5
47 35 5
47 36 6
47 37 3
47 38 6
47 39 3
47 40 4
47 41 1
47 42 5
47 43 2
47 44 4
47 45 2
47 46 7
48 0 7
48 1 3
48 2 4
48 3 1
48 4 8
48 5 2
48 6 2
48 7 5
48 8 3
48 9 6
48 10 2
48 11 6
48 12 8
48 13 6
48 14 4
48 15 8
48 16 4
48 17 1
48 18 7
48 19 8
48 20 6
48 21 3
48 22 3
48 23 2
48 24 3
48 25 6
48 26 8
48 27 8
48 28 2
48 29 5
48 30 8
48 31 4
48 32 7
48 33 6
48 34 6
48 35 4
48 36 8
48 37 2
48 38 7
48 39 2
48 40 3
48 41 8
48 42 8
48 43 6
48 44 2
48 45 1
48 46 5
48 47 3
49 0 1
49 1 1
49 2 1
49 3 8
49 4 2
49 5 5
49 6 8
49 7 1
49 8 5
49 9 7
49 10 5
49 11 2
49 12 6
49 13 6
49 14 5
49 15 5
49 16 6
49 17 5
49 18 1
49 19 5
49 20 5
49 21 5
49 22 7
49 23 5
49 24 3
49 25 1
49 26 2
49 27 6
49 28 8
49 29 6
49 30 6
49 31 3
49 32 6
49 33 7
49 34 3
49 35 7
49 36 8
49 37 2
49 38 7
49 39 8
49 40 6
49 41 3
49 42 8
49 43 5
49 44 6
49 45 1
49 46 7
49 47 3
49 48 5
50 0 5
50 1 1
50 2 2
50 3 1
50 4 3
50 5 6
50 6 1
50 7 6
50 8 5
50 9 3
50 10 5
50 11 1
50 12 4
50 13 3
50 14 3
50 15 3
50 16 4
50 17 7
50 18 3
50 19 4
50 20 4
50 21 4
50 22 8
50 23 3
50 24 1
50 25 5
50 26 4
50 27 2
50 28 5
50 29 3
50 30 4
50 31 6
50 32 1
50 33 1
50 34 7
50 35 3
50 36 4
50 37 1
50 38 2
50 39 6
50 40 1
50 41 8
50 42 7
50 43 3
50 44 2
50 45 6
50 46 4
50 47 5
50 48 7
50 49 1
51 0 5
51 1 7
51 2 2
51 3 7
51 4 3
51 5 1
51 6 2
51 7 3
51 8 8
51 9 8
51 10 5
51 11 6
51 12 6
51 13 8
51 14 4
51 15 4
51 16 3
51 17 1
51 18 7
51 19 5
51 20 4
51 21 5
51 22 2
51 23 2
51 24 6
51 25 6
51 26 5
51 27 4
51 28 6
51 29 7
51 30 7
51 31 6
51 32 5
51 33 5
51 34 8
51 35 7
51 36 1
51 37 2
51 38 6
51 39 8
51 40 5
51 41 6
51 42 3
51 43 2
51 44 2
51 45 6
51 46 8
51 47 3
51 48 2
51 49 8
51 50 8
52 0 6
52 1 2
52 2 6
52 3 4
52 4 6
52 5 8
52 6 2
52 7 8
52 8 2
52 9 5
52 10 3
52 11 1
52 12 7
52 13 4
52 14 5
52 15 4
52 16 1
52 17 2
52 18 5
52 19 6
52 20 5
52 21 7
52 22 8
52 23 6
52 24 1
52 25 3
52 26 8
52 27 7
52 28 3
52 29 8
52 30 7
52 31 2
52 32 7
52 33 7
52 34 3
52 35 1
52 36 1
52 37 4
52 38 7
52 39 3
52 40 3
52 41 2
52 42 7
52 43 4
52 44 2
52 45 6
52 46 2
52 47 4
52 48 6
52 49 5
52 50 8
52 51 4
53 0 8
53 1 6
53 2 7
53 3 5
53 4 1
53 5 3
53 6 1
53 7 7
53 8 6
53 9 7
53 10 3
53 11 2
53 12 1
53 13 1
53 14 5
53 15 8
53 16 3
53 17 7
53 18 4
53 19 3
53 20 2
53 21 8
53 22 8
53 23 5
53 24 5
53 25 7
53 26 7
53 27 6
53 28 1
53 29 3
53 30 3
53 31 5
53 32 7
53 33 2
53 34 8
53 35 7
53 36 4
53 37 1
53 38 1
53 39 5
53 40 3
53 41 5
53 42 2
53 43 4
53 44 3
53 45 7
53 46 8
53 47 7
53 48 4
53 49 6
53 50 6
53 51 1
53 52 1
54 0 8
54 1 6
54 2 6
54 3 8
54 4 6
54 5 1
54 6 3
54 7 1
54 8 8
54 9 2
54 10 5
54 11 8
54 12 8
54 13 3
54 14 8
54 15 8
54 16 5
54 17 7
54 18 8
54 19 2
54 20 5
54 21 8
54 22 6
54 23 5
54 24 2
54 25 8
54 26 3
54 27 2
54 28 3
54 29 5
54 30 7
54 31 6
54 32 3
54 33 8
54 34 6
54 35 4
54 36 1
54 37 3
54 38 4
54 39 8
54 40 3
54 41 2
54 42 7
54 43 4
54 44 1
54 45 4
54 46 7
54 47 7
54 48 5
54 49 6
54 50 4
54 51 8
54 52 7
54 53 7
55 0 6
55 1 8
55 2 5
55 3 4
55 4 4
55 5 7
55 6 7
55 7 1
55 8 4
55 9 2
55 10 4
55 11 4
55 12 3
55 13 8
55 14 5
55 15 1
55 16 7
55 17 7
55 18 8
55 19 5
55 20 8
55 21 8
55 22 3
55 23 1
55 24 4
55 25 3
55 26 2
55 27 6
55 28 6
55 29 7
55 30 3
55 31 5
55 32 8
55 33 2
55 34 1
55 35 5
55 36 4
55 37 5
55 38 6
55 39 2
55 40 5
55 41 5
55 42 5
55 43 3
55 44 4
55 45 7
55 46 6
55 47 7
55 48 3
55 49 1
55 50 6
55 51 3
55 52 1
55 53 1
55 54 6
56 0 1
56 1 8
56 2 8
56 3 4
56 4 3
56 5 7
56 6 6
56 7 6
56 8 6
56 9 5
56 10 1
56 11 7
56 12 8
56 13 7
56 14 8
56 15 3
56 16 8
56 17 4
56 18 7
56 19 3
56 20 2
56 21 2
56 22 4
56 23 6
56 24 3
56 25 5
56 26 8
56 27 2
56 28 5
56 29 7
56 30 4
56 31 3
56 32 5
56 33 7
56 34 3
56 35 5
56 36 5
56 37 8
56 38 2
56 39 6
56 40 7
56 41 8
56 42 8
56 43 2
56 44 4
56 45 2
56 46 7
56 47 2
56 48 1
56 49 7
56 50 3
56 51 7
56 52 4
56 53 6
56 54 4
56 55 4
57 0 3
57 1 4
57 2 6
57 3 6
57 4 4
57 5 6
57 6 8
57 7 7
57 8 3
57 9 6
57 10 2
57 11 8
57 12 5
57 13 3
57 14 1
57 15 7
57 16 1
57 17 3
57 18 5
57 19 7
57 20 1
57 21 2
57 22 7
57 23 8
57 24 5
57 25 6
57 26 8
57 27 4
57 28 4
57 29 3
57 30 7
57 31 2
57 32 1
57 33 7
57 34 3
57 35 2
57 36 1
57 37 6
57 38 8
57 39 1
57 40 3
57 41 1
57 42 8
57 43 4
57 44 5
57 45 1
57 46 4
57 47 8
57 48 7
57 49 7
57 50 4
57 51 7
57 52 7
57 53 5
57 54 6
57 55 7
57 56 7
58 0 4
58 1 2
58 2 6
58 3 6
58 4 1
58 5 3
58 6 8
58 7 1
58 8 7
58 9 4
58 10 7
58 11 7
58 12 8
58 13 6
58 14 1
58 15 1
58 16 4
58 17 7
58 18 3
58 19 2
58 20 3
58 21 6
58 22 7
58 23 6
58 24 3
58 25 3
58 26 7
58 27 5
58 28 4
58 29 5
58 30 8
58 31 8
58 32 6
58 33 7
58 34 2
58 35 3
58 36 8
58 37 6
58 38 5
58 39 4
58 40 7
58 41 3
58 42 1
58 43 2
58 44 1
58 45 5
58 46 6
58 47 1
58 48 4
58 49 7
58 50 4
58 51 8
58 52 7
58 53 4
58 54 6
58 55 2
58 56 1
58 57 3
59 0 5
59 1 2
59 2 3
59 3 7
59 4 4
59 5 1
59 6 2
59 7 4
59 8 7
59 9 2
59 10 4
59 11 5
59 12 7
59 13 5
59 14 5
59 15 7
59 16 8
59 17 1
59 18 7
59 19 8
59 20 3
59 21 3
59 22 6
59 23 5
59 24 7
59 25 8
59 26 3
59 27 1
59 28 6
59 29 7
59 30 2
59 31 6
59 32 2
59 33 3
59 34 7
59 35 1
59 36 6
59 37 2
59 38 6
59 39 4
59 40 7
59 41 7
59 42 3
59 43 2
59 44 2
59 45 4
59 46 1
59 47 8
59 48 4
59 49 8
59 50 3
59 51 8
59 52 7
59 53 3
59 54 2
59 55 2
59 56 4
59 57 7
59 58 5
