60
1 0 3
2 0 3
2 1 2
3 0 2
3 1 4
3 2 2
4 0 4
4 1 4
4 2 5
4 3 5
5 0 4
5 1 2
5 2 1
5 3 3
5 4 4
6 0 4
6 1 4
6 2 3
6 3 5
6 4 1
6 5 4
7 0 4
7 1 3
7 2 1
7 3 2
7 4 4
7 5 5
7 6 3
8 0 1
8 1 3
8 2 5
8 3 2
8 4 5
8 5 2
8 6 4
8 7 2
9 0 4
9 1 1
9 2 2
9 3 4
9 4 2
9 5 3
9 6 3
9 7 3
9 8 2
10 0 5
10 1 2
10 2 4
10 3 1
10 4 2
10 5 5
10 6 4
10 7 2
10 8 4
10 9 5
11 0 5
11 1 1
11 2 2
11 3 1
11 4 5
11 5 2
11 6 3
11 7 5
11 8 5
11 9 5
11 10 5
12 0 2
12 1 4
12 2 3
12 3 3
12 4 5
12 5 1
12 6 1
12 7 4
12 8 4
12 9 5
12 10 3
12 11 1
13 0 1
13 1 2
13 2 4
13 3 3
13 4 4
13 5 1
13 6 4
13 7 2
13 8 4
13 9 3
13 10 4
13 11 3
13 12 2
14 0 3
14 1 5
14 2 3
14 3 2
14 4 1
14 5 1
14 6 2
14 7 1
14 8 3
14 9 1
14 10 2
14 11 3
14 12 5
14 13 2
15 0 1
15 1 4
15 2 4
15 3 5
15 4 1
15 5 5
15 6 4
15 7 2
15 8 2
15 9 2
15 10 5
15 11 2
15 12 3
15 13 2
15 14 3
16 0 4
16 1 4
16 2 4
16 3 5
16 4 3
16 5 2
16 6 4
16 7 1
16 8 3
16 9 5
16 10 5
16 11 4
16 12 1
16 13 4
16 14 2
16 15 4
17 0 1
17 1 5
17 2 1
17 3 2
17 4 2
17 5 1
17 6 3
17 7 4
17 8 1
17 9 4
17 10 2
17 11 5
17 12 1
17 13 5
17 14 4
17 15 1
17 16 3
18 0 2
18 1 2
18 2 4
18 3 2
18 4 4
18 5 3
18 6 4
18 7 5
18 8 4
18 9 4
18 10 3
18 11 4
18 12 4
18 13 4
18 14 1
18 15 4
18 16 1
18 17 2
19 0 5
19 1 5
19 2 1
19 3 3
19 4 4
19 5 3
19 6 3
19 7 2
19 8 2
19 9 3
19 10 2
19 11 5
19 12 4
19 13 5
19 14 2
19 15 1
19 16 3
19 17 5
19 18 4
20 0 3
20 1 4
20 2 4
20 3 1
20 4 2
20 5 1
20 6 2
20 7 5
20 8 3
20 9 2
20 10 1
20 11 1
20 12 5
20 13 2
20 14 4
20 15 1
20 16 5
20 17 1
20 18 2
20 19 1
21 0 4
21 1 4
21 2 2
21 3 4
21 4 2
21 5 3
21 6 2
21 7 5
21 8 1
21 9 4
21 10 4
21 11 5
21 12 1
21 13 5
21 14 4
21 15 2
21 16 3
21 17 3
21 18 2
21 19 1
21 20 1
22 0 2
22 1 2
22 2 1
22 3 2
22 4 3
22 5 5
22 6 2
22 7 5
22 8 2
22 9 4
22 10 2
22 11 4
22 12 2
22 13 2
22 14 5
22 15 5
22 16 2
22 17 1
22 18 3
22 19 2
22 20 4
22 21 3
23 0 1
23 1 4
23 2 2
23 3 2
23 4 1
23 5 1
23 6 5
23 7 4
23 8 1
23 9 1
23 10 5
23 11 1
23 12 3
23 13 1
23 14 1
23 15 4
23 16 3
23 17 4
23 18 3
23 19 4
23 20 2
23 21 1
23 22 4
24 0 5
24 1 5
24 2 3
24 3 3
24 4 4
24 5 5
24 6 4
24 7 4
24 8 3
24 9 5
24 10 3
24 11 5
24 12 1
24 13 1
24 14 1
24 15 2
24 16 3
24 17 1
24 18 4
24 19 3
24 20 5
24 21 1
24 22 5
24 23 2
25 0 2
25 1 4
25 2 1
25 3 3
25 4 1
25 5 4
25 6 5
25 7 3
25 8 4
25 9 3
25 10 4
25 11 5
25 12 5
25 13 1
25 14 2
25 15 2
25 16 3
25 17 5
25 18 3
25 19 4
25 20 3
25 21 3
25 22 1
25 23 5
25 24 5
26 0 5
26 1 3
26 2 5
26 3 2
26 4 5
26 5 2
26 6 5
26 7 1
26 8 5
26 9 4
26 10 4
26 11 3
26 12 4
26 13 3
26 14 4
26 15 4
26 16 1
26 17 4
26 18 5
26 19 1
26 20 4
26 21 2
26 22 4
26 23 3
26 24 5
26 25 4
27 0 3
27 1 4
27 2 1
27 3 4
27 4 1
27 5 1
27 6 2
27 7 4
27 8 2
27 9 5
27 10 2
27 11 3
27 12 4
27 13 2
27 14 5
27 15 4
27 16 1
27 17 1
27 18 2
27 19 2
27 20 2
27 21 1
27 22 4
27 23 2
27 24 1
27 25 3
27 26 4
28 0 4
28 1 5
28 2 4
28 3 2
28 4 5
28 5 1
28 6 3
28 7 4
28 8 1
28 9 4
28 10 2
28 11 1
28 12 1
28 13 4
28 14 1
28 15 1
28 16 3
28 17 1
28 18 2
28 19 1
28 20 2
28 21 5
28 22 1
28 23 3
28 24 4
28 25 2
28 26 1
28 27 2
29 0 3
29 1 3
29 2 2
29 3 4
29 4 4
29 5 5
29 6 2
29 7 1
29 8 3
29 9 1
29 10 3
29 11 1
29 12 3
29 13 3
29 14 1
29 15 2
29 16 2
29 17 5
29 18 3
29 19 2
29 20 5
29 21 3
29 22 4
29 23 4
29 24 1
29 25 4
29 26 5
29 27 3
29 28 5
30 0 3
30 1 4
30 2 4
30 3 1
30 4 2
30 5 2
30 6 2
30 7 3
30 8 1
30 9 1
30 10 1
30 11 4
30 12 4
30 13 3
30 14 3
30 15 1
30 16 1
30 17 1
30 18 5
30 19 4
30 20 3
30 21 4
30 22 2
30 23 3
30 24 5
30 25 1
30 26 3
30 27 2
30 28 3
30 29 5
31 0 1
31 1 4
31 2 3
31 3 3
31 4 4
31 5 2
31 6 1
31 7 2
31 8 2
31 9 2
31 10 5
31 11 5
31 12 2
31 13 2
31 14 1
31 15 5
31 16 2
31 17 5
31 18 3
31 19 5
31 20 1
31 21 2
31 22 3
31 23 1
31 24 1
31 25 3
31 26 2
31 27 1
31 28 4
31 29 1
31 30 1
32 0 3
32 1 5
32 2 4
32 3 3
32 4 2
32 5 5
32 6 2
32 7 5
32 8 3
32 9 3
32 10 1
32 11 2
32 12 1
32 13 4
32 14 4
32 15 4
32 16 2
32 17 4
32 18 5
32 19 5
32 20 4
32 21 5
32 22 1
32 23 2
32 24 1
32 25 3
32 26 3
32 27 5
32 28 1
32 29 4
32 30 2
32 31 3
33 0 5
33 1 1
33 2 5
33 3 4
33 4 4
33 5 3
33 6 1
33 7 5
33 8 4
33 9 5
33 10 1
33 11 3
33 12 3
33 13 1
33 14 4
33 15 4
33 16 5
33 17 4
33 18 5
33 19 3
33 20 5
33 21 1
33 22 4
33 23 5
33 24 4
33 25 2
33 26 5
33 27 2
33 28 3
33 29 3
33 30 1
33 31 3
33 32 1
34 0 5
34 1 1
34 2 2
34 3 2
34 4 2
34 5 2
34 6 3
34 7 2
34 8 1
34 9 3
34 10 2
34 11 5
34 12 4
34 13 1
34 14 4
34 15 1
34 16 5
34 17 1
34 18 3
34 19 2
34 20 1
34 21 5
34 22 2
34 23 5
34 24 1
34 25 4
34 26 4
34 27 1
34 28 1
34 29 2
34 30 1
34 31 3
34 32 2
34 33 5
35 0 1
35 1 5
35 2 5
35 3 5
35 4 1
35 5 3
35 6 3
35 7 1
35 8 1
35 9 1
35 10 5
35 11 5
35 12 2
35 13 3
35 14 5
35 15 4
35 16 5
35 17 5
35 18 2
35 19 2
35 20 5
35 21 2
35 22 2
35 23 1
35 24 2
35 25 3
35 26 5
35 27 5
35 28 3
35 29 4
35 30 1
35 31 3
35 32 1
35 33 3
35 34 3
36 0 3
36 1 2
36 2 3
36 3 2
36 4 2
36 5 5
36 6 5
36 7 1
36 8 2
36 9 2
36 10 4
36 11 1
36 12 5
36 13 4
36 14 1
36 15 5
36 16 2
36 17 3
36 18 1
36 19 5
36 20 2
36 21 4
36 22 4
36 23 3
36 24 1
36 25 1
36 26 1
36 27 2
36 28 2
36 29 2
36 30 2
36 31 3
36 32 5
36 33 2
36 34 2
36 35 3
37 0 3
37 1 1
37 2 5
37 3 3
37 4 5
37 5 5
37 6 2
37 7 4
37 8 3
37 9 5
37 10 4
37 11 2
37 12 1
37 13 5
37 14 2
37 15 1
37 16 1
37 17 2
37 18 1
37 19 3
37 20 3
37 21 2
37 22 4
37 23 1
37 24 4
37 25 1
37 26 1
37 27 2
37 28 1
37 29 2
37 30 3
37 31 1
37 32 2
37 33 1
37 34 4
37 35 4
37 36 2
38 0 2
38 1 3
38 2 1
38 3 4
38 4 5
38 5 3
38 6 5
38 7 2
38 8 4
38 9 5
38 10 2
38 11 2
38 12 4
38 13 3
38 14 2
38 15 3
38 16 3
38 17 3
38 18 2
38 19 5
38 20 1
38 21 3
38 22 4
38 23 3
38 24 5
38 25 4
38 26 4
38 27 3
38 28 3
38 29 1
38 30 1
38 31 3
38 32 1
38 33 4
38 34 3
38 35 2
38 36 2
38 37 2
39 0 1
39 1 3
39 2 2
39 3 4
39 4 3
39 5 4
39 6 3
39 7 4
39 8 4
39 9 3
39 10 5
39 11 4
39 12 5
39 13 3
39 14 2
39 15 3
39 16 4
39 17 4
39 18 4
39 19 2
39 20 2
39 21 1
39 22 1
39 23 3
39 24 5
39 25 1
39 26 2
39 27 5
39 28 5
39 29 1
39 30 4
39 31 5
39 32 1
39 33 2
39 34 5
39 35 2
39 36 2
39 37 4
39 38 4
40 0 1
40 1 5
40 2 5
40 3 4
40 4 1
40 5 2
40 6 3
40 7 4
40 8 4
40 9 3
40 10 3
40 11 2
40 12 1
40 13 2
40 14 1
40 15 2
40 16 2
40 17 5
40 18 4
40 19 3
40 20 4
40 21 3
40 22 2
40 23 4
40 24 5
40 25 3
40 26 4
40 27 3
40 28 4
40 29 4
40 30 1
40 31 1
40 32 4
40 33 4
40 34 4
40 35 4
40 36 5
40 37 5
40 38 2
40 39 5
41 0 2
41 1 1
41 2 3
41 3 2
41 4 3
41 5 4
41 6 4
41 7 2
41 8 4
41 9 1
41 10 2
41 11 4
41 12 1
41 13 2
41 14 5
41 15 3
41 16 4
41 17 5
41 18 1
41 19 1
41 20 4
41 21 2
41 22 1
41 23 2
41 24 1
41 25 5
41 26 4
41 27 5
41 28 1
41 29 3
41 30 3
41 31 2
41 32 5
41 33 2
41 34 4
41 35 1
41 36 3
41 37 5
41 38 4
41 39 2
41 40 3
42 0 3
42 1 4
42 2 4
42 3 1
42 4 3
42 5 1
42 6 4
42 7 3
42 8 3
42 9 4
42 10 5
42 11 4
42 12 5
42 13 3
42 14 2
42 15 5
42 16 3
42 17 3
42 18 1
42 19 2
42 20 1
42 21 2
42 22 1
42 23 3
42 24 2
42 25 1
42 26 3
42 27 1
42 28 1
42 29 4
42 30 5
42 31 4
42 32 3
42 33 3
42 34 4
42 35 5
42 36 3
42 37 5
42 38 5
42 39 3
42 40 2
42 41 3
43 0 4
43 1 5
43 2 1
43 3 2
43 4 3
43 5 3
43 6 5
43 7 5
43 8 5
43 9 2
43 10 2
43 11 3
43 12 2
43 13 4
43 14 3
43 15 5
43 16 3
43 17 3
43 18 4
43 19 1
43 20 2
43 21 4
43 22 3
43 23 5
43 24 5
43 25 3
43 26 3
43 27 1
43 28 4
43 29 2
43 30 4
43 31 5
43 32 4
43 33 3
43 34 4
43 35 4
43 36 3
43 37 1
43 38 2
43 39 4
43 40 3
43 41 1
43 42 1
44 0 5
44 1 5
44 2 3
44 3 5
44 4 2
44 5 1
44 6 5
44 7 1
44 8 5
44 9 1
44 10 4
44 11 3
44 12 1
44 13 3
44 14 4
44 15 3
44 16 1
44 17 1
44 18 5
44 19 2
44 20 5
44 21 4
44 22 3
44 23 3
44 24 5
44 25 3
44 26 3
44 27 2
44 28 5
44 29 4
44 30 2
44 31 2
44 32 4
44 33 2
44 34 5
44 35 3
44 36 2
44 37 2
44 38 2
44 39 2
44 40 3
44 41 3
44 42 5
44 43 1
45 0 2
45 1 5
45 2 5
45 3 1
45 4 1
45 5 2
45 6 1
45 7 3
45 8 1
45 9 1
45 10 4
45 11 3
45 12 4
45 13 2
45 14 3
45 15 1
45 16 2
45 17 2
45 18 5
45 19 2
45 20 2
45 21 1
45 22 5
45 23 1
45 24 4
45 25 4
45 26 2
45 27 4
45 28 5
45 29 2
45 30 3
45 31 5
45 32 1
45 33 4
45 34 3
45 35 3
45 36 4
45 37 3
45 38 1
45 39 3
45 40 5
45 41 3
45 42 2
45 43 5
45 44 2
46 0 2
46 1 5
46 2 3
46 3 3
46 4 2
46 5 3
46 6 5
46 7 1
46 8 2
46 9 3
46 10 4
46 11 3
46 12 5
46 13 3
46 14 3
46 15 2
46 16 2
46 17 1
46 18 3
46 19 1
46 20 1
46 21 2
46 22 1
46 23 5
46 24 5
46 25 3
46 26 3
46 27 1
46 28 3
46 29 3
46 30 4
46 31 3
46 32 2
46 33 4
46 34 1
46 35 4
46 36 2
46 37 4
46 38 2
46 39 2
46 40 5
46 41 2
46 42 5
46 43 4
46 44 1
46 45 1
47 0 5
47 1 5
47 2 4
47 3 3
47 4 5
47 5 4
47 6 4
47 7 3
47 8 4
47 9 5
47 10 2
47 11 4
47 12 3
47 13 3
47 14 4
47 15 5
47 16 2
47 17 5
47 18 1
47 19 3
47 20 1
47 21 5
47 22 5
47 23 3
47 24 1
47 25 1
47 26 2
47 27 5
47 28 3
47 29 5
47 30 5
47 31 4
47 32 4
47 33 2
47 34 5
47 35 1
47 36 1
47 37 5
47 38 4
47 39 4
47 40 4
47 41 2
47 42 1
47 43 3
47 44 5
47 45 1
47 46 3
48 0 1
48 1 3
48 2 4
48 3 4
48 4 4
48 5 2
48 6 1
48 7 5
48 8 3
48 9 5
48 10 5
48 11 3
48 12 1
48 13 3
48 14 4
48 15 3
48 16 1
48 17 4
48 18 1
48 19 3
48 20 1
48 21 2
48 22 4
48 23 4
48 24 3
48 25 2
48 26 5
48 27 5
48 28 4
48 29 5
48 30 1
48 31 1
48 32 1
48 33 3
48 34 1
48 35 2
48 36 3
48 37 2
48 38 3
48 39 5
48 40 5
48 41 5
48 42 3
48 43 3
48 44 4
48 45 2
48 46 3
48 47 4
49 0 4
49 1 4
49 2 5
49 3 2
49 4 4
49 5 4
49 6 3
49 7 2
49 8 1
49 9 4
49 10 3
49 11 5
49 12 3
49 13 3
49 14 5
49 15 3
49 16 4
49 17 5
49 18 5
49 19 4
49 20 3
49 21 4
49 22 5
49 23 3
49 24 1
49 25 3
49 26 4
49 27 2
49 28 3
49 29 1
49 30 4
49 31 1
49 32 1
49 33 5
49 34 5
49 35 5
49 36 2
49 37 1
49 38 2
49 39 2
49 40 3
49 41 4
49 42 3
49 43 2
49 44 2
49 45 5
49 46 4
49 47 5
49 48 4
50 0 4
50 1 2
50 2 2
50 3 5
50 4 4
50 5 4
50 6 5
50 7 5
50 8 5
50 9 1
50 10 3
50 11 5
50 12 1
50 13 5
50 14 5
50 15 1
50 16 4
50 17 2
50 18 2
50 19 2
50 20 1
50 21 5
50 22 1
50 23 4
50 24 5
50 25 4
50 26 1
50 27 3
50 28 1
50 29 2
50 30 2
50 31 4
50 32 4
50 33 1
50 34 4
50 35 1
50 36 4
50 37 2
50 38 4
50 39 2
50 40 2
50 41 3
50 42 1
50 43 2
50 44 2
50 45 1
50 46 2
50 47 2
50 48 2
50 49 4
51 0 3
51 1 5
51 2 3
51 3 4
51 4 3
51 5 5
51 6 5
51 7 2
51 8 1
51 9 3
51 10 5
51 11 5
51 12 2
51 13 3
51 14 2
51 15 2
51 16 2
51 17 1
51 18 4
51 19 2
51 20 1
51 21 2
51 22 3
51 23 3
51 24 5
51 25 4
51 26 5
51 27 4
51 28 2
51 29 2
51 30 3
51 31 2
51 32 2
51 33 4
51 34 5
51 35 5
51 36 3
51 37 3
51 38 1
51 39 2
51 40 3
51 41 2
51 42 5
51 43 5
51 44 5
51 45 3
51 46 4
51 47 3
51 48 5
51 49 4
51 50 5
52 0 5
52 1 2
52 2 1
52 3 2
52 4 5
52 5 5
52 6 3
52 7 2
52 8 1
52 9 1
52 10 4
52 11 4
52 12 2
52 13 2
52 14 4
52 15 5
52 16 3
52 17 5
52 18 2
52 19 4
52 20 5
52 21 1
52 22 4
52 23 1
52 24 1
52 25 2
52 26 4
52 27 5
52 28 5
52 29 1
52 30 3
52 31 5
52 32 3
52 33 2
52 34 2
52 35 3
52 36 4
52 37 4
52 38 3
52 39 2
52 40 5
52 41 3
52 42 5
52 43 5
52 44 3
52 45 5
52 46 1
52 47 1
52 48 4
52 49 1
52 50 1
52 51 4
53 0 3
53 1 3
53 2 4
53 3 3
53 4 4
53 5 1
53 6 1
53 7 3
53 8 3
53 9 5
53 10 2
53 11 3
53 12 2
53 13 5
53 14 5
53 15 4
53 16 1
53 17 4
53 18 3
53 19 1
53 20 1
53 21 1
53 22 3
53 23 4
53 24 3
53 25 2
53 26 5
53 27 1
53 28 5
53 29 4
53 30 3
53 31 2
53 32 2
53 33 2
53 34 5
53 35 5
53 36 1
53 37 2
53 38 1
53 39 4
53 40 3
53 41 1
53 42 1
53 43 3
53 44 3
53 45 5
53 46 2
53 47 3
53 48 3
53 49 5
53 50 3
53 51 2
53 52 1
54 0 1
54 1 1
54 2 4
54 3 5
54 4 4
54 5 1
54 6 4
54 7 1
54 8 5
54 9 3
54 10 5
54 11 1
54 12 2
54 13 3
54 14 1
54 15 5
54 16 4
54 17 2
54 18 1
54 19 5
54 20 1
54 21 5
54 22 3
54 23 4
54 24 1
54 25 5
54 26 3
54 27 2
54 28 5
54 29 3
54 30 1
54 31 2
54 32 2
54 33 5
54 34 1
54 35 2
54 36 3
54 37 1
54 38 5
54 39 1
54 40 2
54 41 4
54 42 3
54 43 4
54 44 1
54 45 5
54 46 4
54 47 2
54 48 5
54 49 4
54 50 1
54 51 3
54 52 1
54 53 3
55 0 5
55 1 4
55 2 4
55 3 4
55 4 4
55 5 5
55 6 5
55 7 2
55 8 3
55 9 1
55 10 4
55 11 1
55 12 5
55 13 4
55 14 2
55 15 5
55 16 3
55 17 1
55 18 2
55 19 1
55 20 4
55 21 5
55 22 2
55 23 5
55 24 4
55 25 2
55 26 1
55 27 1
55 28 3
55 29 3
55 30 3
55 31 4
55 32 1
55 33 2
55 34 5
55 35 3
55 36 4
55 37 1
55 38 1
55 39 4
55 40 4
55 41 2
55 42 1
55 43 2
55 44 1
55 45 2
55 46 2
55 47 3
55 48 3
55 49 3
55 50 3
55 51 5
55 52 3
55 53 5
55 54 1
56 0 3
56 1 5
56 2 5
56 3 3
56 4 4
56 5 5
56 6 3
56 7 1
56 8 4
56 9 3
56 10 1
56 11 1
56 12 1
56 13 4
56 14 4
56 15 1
56 16 3
56 17 2
56 18 5
56 19 1
56 20 3
56 21 3
56 22 5
56 23 1
56 24 4
56 25 3
56 26 4
56 27 3
56 28 2
56 29 4
56 30 3
56 31 1
56 32 4
56 33 3
56 34 2
56 35 3
56 36 5
56 37 1
56 38 3
56 39 1
56 40 2
56 41 1
56 42 3
56 43 2
56 44 3
56 45 2
56 46 1
56 47 1
56 48 1
56 49 1
56 50 3
56 51 4
56 52 3
56 53 3
56 54 4
56 55 3
57 0 3
57 1 2
57 2 4
57 3 5
57 4 4
57 5 1
57 6 2
57 7 4
57 8 3
57 9 1
57 10 3
57 11 4
57 12 5
57 13 2
57 14 2
57 15 4
57 16 4
57 17 4
57 18 2
57 19 3
57 20 2
57 21 1
57 22 2
57 23 3
57 24 4
57 25 2
57 26 4
57 27 5
57 28 2
57 29 2
57 30 1
57 31 4
57 32 3
57 33 3
57 34 4
57 35 1
57 36 5
57 37 5
57 38 1
57 39 2
57 40 5
57 41 2
57 42 3
57 43 5
57 44 3
57 45 1
57 46 4
57 47 3
57 48 2
57 49 4
57 50 1
57 51 4
57 52 3
57 53 3
57 54 2
57 55 3
57 56 1
58 0 1
58 1 1
58 2 4
58 3 3
58 4 3
58 5 4
58 6 2
58 7 3
58 8 1
58 9 1
58 10 4
58 11 4
58 12 4
58 13 3
58 14 3
58 15 4
58 16 4
58 17 2
58 18 4
58 19 1
58 20 4
58 21 4
58 22 5
58 23 2
58 24 4
58 25 4
58 26 1
58 27 1
58 28 2
58 29 2
58 30 4
58 31 4
58 32 3
58 33 3
58 34 5
58 35 2
58 36 5
58 37 1
58 38 4
58 39 2
58 40 5
58 41 4
58 42 4
58 43 5
58 44 4
58 45 3
58 46 3
58 47 3
58 48 4
58 49 2
58 50 1
58 51 4
58 52 1
58 53 3
58 54 5
58 55 3
58 56 3
58 57 1
59 0 5
59 1 3
59 2 5
59 3 4
59 4 5
59 5 3
59 6 3
59 7 4
59 8 1
59 9 4
59 10 2
59 11 3
59 12 4
59 13 2
59 14 3
59 15 4
59 16 5
59 17 5
59 18 3
59 19 1
59 20 3
59 21 2
59 22 5
59 23 4
59 24 4
59 25 4
59 26 5
59 27 3
59 28 5
59 29 3
59 30 2
59 31 4
59 32 2
59 33 2
59 34 1
59 35 5
59 36 1
59 37 1
59 38 4
59 39 1
59 40 4
59 41 5
59 42 4
59 43 2
59 44 4
59 45 2
59 46 3
59 47 1
59 48 1
59 49 1
59 50 1
59 51 3
59 52 5
59 53 4
59 54 2
59 55 5
59 56 4
59 57 1
59 58 1
