60
2 0 1
3 1 1
3 2 1
4 0 1
4 1 1
4 3 1
5 2 1
5 4 1
6 1 1
6 3 1
7 0 1
7 3 1
7 4 1
7 6 1
8 1 1
8 2 1
8 3 1
8 7 1
9 0 1
9 2 1
9 3 1
9 6 1
10 1 1
10 2 1
10 3 1
10 5 1
10 6 1
11 0 1
11 5 1
11 6 1
11 9 1
12 0 1
12 2 1
12 3 1
12 6 1
12 7 1
12 8 1
13 0 1
13 1 1
13 2 1
13 5 1
13 6 1
13 9 1
13 11 1
13 12 1
14 0 1
14 3 1
14 7 1
14 10 1
14 11 1
14 12 1
14 13 1
15 0 1
15 2 1
15 4 1
15 8 1
15 12 1
15 13 1
16 2 1
16 4 1
16 6 1
16 8 1
16 11 1
16 12 1
16 13 1
16 14 1
17 0 1
17 1 1
17 5 1
17 8 1
17 9 1
17 12 1
17 13 1
17 14 1
17 16 1
18 2 1
18 3 1
18 10 1
18 13 1
18 16 1
18 17 1
19 0 1
19 1 1
19 3 1
19 4 1
19 5 1
19 9 1
19 12 1
19 16 1
19 17 1
19 18 1
20 0 1
20 2 1
20 3 1
20 4 1
20 8 1
20 9 1
20 10 1
20 11 1
20 12 1
20 15 1
20 16 1
20 18 1
21 1 1
21 3 1
21 7 1
21 9 1
21 11 1
21 14 1
21 16 1
21 17 1
22 1 1
22 2 1
22 3 1
22 8 1
22 11 1
22 13 1
22 14 1
22 15 1
22 16 1
22 18 1
22 20 1
22 21 1
23 4 1
23 5 1
23 6 1
23 7 1
23 9 1
23 10 1
23 12 1
23 13 1
23 15 1
23 16 1
23 18 1
23 19 1
23 21 1
23 22 1
24 0 1
24 3 1
24 4 1
24 6 1
24 8 1
24 9 1
24 13 1
24 14 1
24 15 1
24 18 1
24 20 1
24 21 1
24 23 1
25 0 1
25 1 1
25 5 1
25 6 1
25 7 1
25 8 1
25 9 1
25 10 1
25 14 1
25 15 1
25 16 1
25 17 1
25 18 1
25 19 1
25 21 1
26 5 1
26 6 1
26 7 1
26 8 1
26 9 1
26 13 1
26 14 1
26 15 1
26 16 1
26 17 1
26 19 1
26 22 1
26 23 1
26 25 1
27 3 1
27 4 1
27 5 1
27 6 1
27 8 1
27 9 1
27 10 1
27 12 1
27 18 1
27 19 1
27 20 1
27 21 1
28 8 1
28 13 1
28 14 1
28 18 1
28 20 1
28 23 1
29 2 1
29 3 1
29 4 1
29 5 1
29 6 1
29 7 1
29 8 1
29 15 1
29 17 1
29 23 1
29 24 1
29 25 1
29 26 1
29 27 1
30 1 1
30 4 1
30 5 1
30 12 1
30 13 1
30 14 1
30 16 1
30 17 1
30 18 1
30 20 1
30 21 1
30 22 1
30 24 1
30 26 1
30 29 1
31 0 1
31 5 1
31 6 1
31 8 1
31 9 1
31 16 1
31 17 1
31 18 1
31 20 1
31 21 1
31 22 1
31 23 1
31 24 1
31 25 1
31 28 1
31 29 1
32 1 1
32 2 1
32 3 1
32 4 1
32 6 1
32 8 1
32 11 1
32 12 1
32 15 1
32 17 1
32 23 1
32 24 1
32 25 1
32 26 1
32 31 1
33 1 1
33 6 1
33 11 1
33 12 1
33 18 1
33 19 1
33 22 1
33 27 1
33 29 1
33 30 1
33 31 1
33 32 1
34 0 1
34 1 1
34 5 1
34 7 1
34 10 1
34 11 1
34 15 1
34 17 1
34 18 1
34 19 1
34 29 1
34 30 1
34 31 1
34 32 1
34 33 1
35 0 1
35 1 1
35 3 1
35 4 1
35 6 1
35 7 1
35 8 1
35 11 1
35 12 1
35 13 1
35 20 1
35 21 1
35 22 1
35 26 1
35 28 1
36 0 1
36 1 1
36 8 1
36 11 1
36 15 1
36 16 1
36 17 1
36 19 1
36 20 1
36 23 1
36 24 1
36 26 1
36 30 1
36 35 1
37 1 1
37 2 1
37 4 1
37 6 1
37 7 1
37 9 1
37 11 1
37 14 1
37 16 1
37 17 1
37 18 1
37 19 1
37 20 1
37 22 1
37 24 1
37 28 1
37 31 1
38 0 1
38 1 1
38 2 1
38 4 1
38 5 1
38 6 1
38 8 1
38 9 1
38 11 1
38 12 1
38 14 1
38 16 1
38 19 1
38 20 1
38 22 1
38 25 1
38 27 1
38 29 1
38 32 1
38 33 1
38 36 1
38 37 1
39 1 1
39 5 1
39 7 1
39 11 1
39 13 1
39 14 1
39 18 1
39 19 1
39 20 1
39 21 1
39 22 1
39 23 1
39 26 1
39 29 1
39 31 1
39 32 1
39 34 1
39 36 1
39 37 1
40 0 1
40 1 1
40 3 1
40 4 1
40 5 1
40 6 1
40 7 1
40 8 1
40 9 1
40 10 1
40 15 1
40 17 1
40 18 1
40 19 1
40 25 1
40 27 1
40 28 1
40 30 1
40 31 1
40 32 1
40 35 1
41 0 1
41 4 1
41 6 1
41 7 1
41 8 1
41 11 1
41 12 1
41 15 1
41 17 1
41 18 1
41 21 1
41 23 1
41 24 1
41 26 1
41 28 1
41 29 1
41 30 1
41 32 1
41 35 1
41 38 1
41 39 1
42 1 1
42 2 1
42 3 1
42 8 1
42 10 1
42 12 1
42 14 1
42 15 1
42 16 1
42 17 1
42 19 1
42 21 1
42 22 1
42 23 1
42 26 1
42 28 1
42 32 1
42 33 1
42 34 1
42 38 1
42 39 1
43 0 1
43 2 1
43 3 1
43 4 1
43 6 1
43 8 1
43 9 1
43 11 1
43 17 1
43 20 1
43 22 1
43 24 1
43 25 1
43 27 1
43 29 1
43 30 1
43 31 1
43 32 1
43 35 1
43 36 1
43 37 1
43 38 1
43 39 1
43 42 1
44 1 1
44 4 1
44 5 1
44 6 1
44 8 1
44 10 1
44 12 1
44 15 1
44 17 1
44 20 1
44 21 1
44 26 1
44 29 1
44 38 1
44 39 1
44 40 1
44 41 1
44 42 1
44 43 1
45 1 1
45 5 1
45 6 1
45 9 1
45 10 1
45 14 1
45 17 1
45 23 1
45 25 1
45 28 1
45 34 1
45 35 1
45 36 1
45 37 1
45 38 1
45 40 1
45 42 1
46 0 1
46 3 1
46 5 1
46 6 1
46 8 1
46 9 1
46 10 1
46 11 1
46 13 1
46 14 1
46 19 1
46 23 1
46 30 1
46 33 1
46 38 1
46 41 1
46 44 1
47 1 1
47 4 1
47 6 1
47 7 1
47 8 1
47 9 1
47 12 1
47 14 1
47 16 1
47 17 1
47 20 1
47 21 1
47 22 1
47 24 1
47 26 1
47 28 1
47 31 1
47 33 1
47 34 1
47 35 1
47 37 1
47 40 1
47 42 1
47 46 1
48 2 1
48 3 1
48 4 1
48 7 1
48 10 1
48 11 1
48 18 1
48 20 1
48 22 1
48 24 1
48 29 1
48 32 1
48 34 1
48 35 1
48 38 1
48 39 1
48 42 1
48 43 1
48 47 1
49 2 1
49 4 1
49 9 1
49 10 1
49 11 1
49 16 1
49 20 1
49 22 1
49 25 1
49 27 1
49 28 1
49 29 1
49 30 1
49 31 1
49 34 1
49 35 1
49 37 1
49 38 1
49 41 1
49 42 1
49 43 1
49 45 1
49 46 1
49 47 1
50 1 1
50 2 1
50 3 1
50 5 1
50 6 1
50 7 1
50 9 1
50 11 1
50 12 1
50 14 1
50 18 1
50 19 1
50 21 1
50 26 1
50 27 1
50 28 1
50 29 1
50 30 1
50 32 1
50 33 1
50 36 1
50 38 1
50 39 1
50 40 1
50 42 1
50 46 1
50 47 1
50 49 1
51 0 1
51 1 1
51 2 1
51 3 1
51 4 1
51 5 1
51 8 1
51 14 1
51 16 1
51 17 1
51 19 1
51 20 1
51 21 1
51 23 1
51 26 1
51 28 1
51 29 1
51 30 1
51 33 1
51 34 1
51 35 1
51 36 1
51 37 1
51 40 1
51 41 1
51 42 1
51 47 1
51 49 1
51 50 1
52 1 1
52 3 1
52 5 1
52 7 1
52 8 1
52 11 1
52 13 1
52 17 1
52 19 1
52 20 1
52 21 1
52 23 1
52 24 1
52 25 1
52 26 1
52 34 1
52 38 1
52 39 1
52 42 1
52 44 1
52 49 1
52 50 1
52 51 1
53 0 1
53 4 1
53 5 1
53 7 1
53 9 1
53 10 1
53 12 1
53 14 1
53 15 1
53 16 1
53 18 1
53 20 1
53 21 1
53 24 1
53 25 1
53 26 1
53 27 1
53 28 1
53 29 1
53 31 1
53 32 1
53 33 1
53 39 1
53 40 1
53 42 1
53 44 1
53 46 1
53 48 1
53 50 1
53 51 1
53 52 1
54 0 1
54 1 1
54 2 1
54 3 1
54 4 1
54 9 1
54 10 1
54 12 1
54 14 1
54 15 1
54 16 1
54 17 1
54 19 1
54 20 1
54 21 1
54 23 1
54 24 1
54 26 1
54 30 1
54 33 1
54 34 1
54 35 1
54 36 1
54 37 1
54 39 1
54 43 1
54 44 1
54 45 1
54 46 1
54 47 1
54 49 1
54 52 1
54 53 1
55 0 1
55 1 1
55 3 1
55 4 1
55 11 1
55 12 1
55 14 1
55 15 1
55 17 1
55 19 1
55 20 1
55 21 1
55 23 1
55 24 1
55 25 1
55 27 1
55 28 1
55 31 1
55 33 1
55 35 1
55 36 1
55 38 1
55 39 1
55 40 1
55 43 1
55 45 1
55 46 1
55 49 1
55 51 1
55 53 1
55 54 1
56 1 1
56 2 1
56 3 1
56 5 1
56 7 1
56 10 1
56 11 1
56 12 1
56 13 1
56 14 1
56 16 1
56 19 1
56 20 1
56 21 1
56 23 1
56 25 1
56 27 1
56 28 1
56 30 1
56 31 1
56 33 1
56 35 1
56 36 1
56 38 1
56 41 1
56 42 1
56 44 1
56 51 1
56 53 1
56 54 1
56 55 1
57 2 1
57 3 1
57 7 1
57 8 1
57 10 1
57 11 1
57 12 1
57 13 1
57 15 1
57 16 1
57 17 1
57 20 1
57 22 1
57 24 1
57 25 1
57 27 1
57 31 1
57 32 1
57 33 1
57 34 1
57 35 1
57 36 1
57 40 1
57 43 1
57 45 1
57 48 1
57 49 1
57 51 1
57 52 1
57 55 1
58 0 1
58 1 1
58 2 1
58 4 1
58 5 1
58 6 1
58 8 1
58 11 1
58 15 1
58 16 1
58 18 1
58 19 1
58 22 1
58 27 1
58 28 1
58 30 1
58 31 1
58 32 1
58 33 1
58 35 1
58 36 1
58 39 1
58 40 1
58 41 1
58 42 1
58 44 1
58 49 1
58 50 1
58 51 1
58 52 1
58 53 1
58 55 1
58 57 1
59 0 1
59 1 1
59 3 1
59 6 1
59 12 1
59 14 1
59 15 1
59 16 1
59 17 1
59 18 1
59 21 1
59 22 1
59 25 1
59 26 1
59 29 1
59 30 1
59 31 1
59 33 1
59 34 1
59 37 1
59 38 1
59 40 1
59 41 1
59 44 1
59 47 1
59 49 1
59 50 1
59 52 1
59 53 1
59 54 1
59 55 1
59 58 1
