70
1 0 8
2 0 9
2 1 7
3 0 6
3 1 6
3 2 7
4 0 11
4 1 8
4 2 11
4 3 4
5 0 2
5 1 8
5 2 1
5 3 4
5 4 12
6 0 8
6 1 4
6 2 2
6 3 7
6 4 3
6 5 5
7 0 7
7 1 6
7 2 4
7 3 6
7 4 3
7 5 5
7 6 12
8 0 1
8 1 11
8 2 6
8 3 7
8 4 3
8 5 9
8 6 8
8 7 9
9 0 10
9 1 1
9 2 2
9 3 6
9 4 7
9 5 5
9 6 2
9 7 11
9 8 12
10 0 3
10 1 8
10 2 9
10 3 4
10 4 9
10 5 2
10 6 5
10 7 1
10 8 5
10 9 2
11 0 4
11 1 8
11 2 3
11 3 3
11 4 12
11 5 7
11 6 8
11 7 9
11 8 2
11 9 9
11 10 12
12 0 3
12 1 4
12 2 2
12 3 8
12 4 4
12 5 2
12 6 8
12 7 9
12 8 11
12 9 11
12 10 12
12 11 3
13 0 11
13 1 5
13 2 3
13 3 1
13 4 4
13 5 9
13 6 4
13 7 6
13 8 5
13 9 12
13 10 10
13 11 11
13 12 12
14 0 1
14 1 2
14 2 10
14 3 7
14 4 11
14 5 9
14 6 4
14 7 3
14 8 12
14 9 7
14 10 6
14 11 11
14 12 10
14 13 6
15 0 7
15 1 5
15 2 10
15 3 10
15 4 12
15 5 7
15 6 2
15 7 12
15 8 10
15 9 10
15 10 10
15 11 12
15 12 1
15 13 8
15 14 11
16 0 8
16 1 8
16 2 11
16 3 5
16 4 7
16 5 9
16 6 10
16 7 3
16 8 1
16 9 2
16 10 9
16 11 6
16 12 9
16 13 12
16 14 8
16 15 2
17 0 4
17 1 2
17 2 12
17 3 9
17 4 4
17 5 4
17 6 9
17 7 9
17 8 3
17 9 2
17 10 8
17 11 10
17 12 7
17 13 6
17 14 5
17 15 2
17 16 6
18 0 9
18 1 11
18 2 2
18 3 9
18 4 7
18 5 9
18 6 12
18 7 9
18 8 7
18 9 6
18 10 8
18 11 11
18 12 6
18 13 8
18 14 2
18 15 11
18 16 12
18 17 7
19 0 8
19 1 4
19 2 1
19 3 12
19 4 2
19 5 2
19 6 10
19 7 11
19 8 7
19 9 1
19 10 6
19 11 5
19 12 1
19 13 11
19 14 8
19 15 11
19 16 6
19 17 4
19 18 2
20 0 8
20 1 12
20 2 5
20 3 12
20 4 5
20 5 10
20 6 5
20 7 11
20 8 8
20 9 8
20 10 4
20 11 6
20 12 9
20 13 8
20 14 2
20 15 10
20 16 8
20 17 7
20 18 12
20 19 4
21 0 3
21 1 2
21 2 2
21 3 10
21 4 6
21 5 11
21 6 9
21 7 1
21 8 6
21 9 12
21 10 2
21 11 5
21 12 8
21 13 10
21 14 6
21 15 1
21 16 7
21 17 9
21 18 5
21 19 5
21 20 10
22 0 12
22 1 4
22 2 9
22 3 1
22 4 5
22 5 5
22 6 1
22 7 10
22 8 1
22 9 11
22 10 2
22 11 7
22 12 5
22 13 3
22 14 5
22 15 3
22 16 9
22 17 4
22 18 3
22 19 12
22 20 3
22 21 5
23 0 4
23 1 5
23 2 6
23 3 2
23 4 3
23 5 6
23 6 11
23 7 6
23 8 2
23 9 4
23 10 8
23 11 3
23 12 3
23 13 12
23 14 8
23 15 3
23 16 10
23 17 6
23 18 2
23 19 5
23 20 10
23 21 8
23 22 8
24 0 11
24 1 3
24 2 9
24 3 8
24 4 4
24 5 12
24 6 7
24 7 9
24 8 7
24 9 1
24 10 5
24 11 1
24 12 7
24 13 2
24 14 1
24 15 7
24 16 4
24 17 7
24 18 2
24 19 2
24 20 8
24 21 1
24 22 3
24 23 1
25 0 9
25 1 2
25 2 2
25 3 7
25 4 12
25 5 2
25 6 2
25 7 5
25 8 10
25 9 11
25 10 11
25 11 10
25 12 7
25 13 12
25 14 4
25 15 5
25 16 9
25 17 3
25 18 11
25 19 5
25 20 1
25 21 8
25 22 12
25 23 12
25 24 2
26 0 9
26 1 7
26 2 4
26 3 12
26 4 5
26 5 9
26 6 12
26 7 11
26 8 9
26 9 12
26 10 8
26 11 12
26 12 4
26 13 9
26 14 12
26 15 1
26 16 4
26 17 9
26 18 11
26 19 5
26 20 8
26 21 8
26 22 4
26 23 11
26 24 1
26 25 7
27 0 9
27 1 6
27 2 4
27 3 7
27 4 8
27 5 11
27 6 2
27 7 1
27 8 2
27 9 12
27 10 3
27 11 3
27 12 7
27 13 5
27 14 10
27 15 4
27 16 4
27 17 2
27 18 12
27 19 11
27 20 3
27 21 12
27 22 3
27 23 2
27 24 12
27 25 6
27 26 9
28 0 1
28 1 2
28 2 7
28 3 7
28 4 3
28 5 12
28 6 10
28 7 1
28 8 5
28 9 3
28 10 6
28 11 2
28 12 7
28 13 8
28 14 7
28 15 11
28 16 8
28 17 2
28 18 9
28 19 8
28 20 5
28 21 9
28 22 3
28 23 8
28 24 11
28 25 12
28 26 12
28 27 2
29 0 4
29 1 8
29 2 8
29 3 1
29 4 11
29 5 3
29 6 9
29 7 7
29 8 2
29 9 3
29 10 1
29 11 11
29 12 12
29 13 10
29 14 4
29 15 1
29 16 7
29 17 12
29 18 8
29 19 10
29 20 3
29 21 4
29 22 3
29 23 4
29 24 10
29 25 5
29 26 10
29 27 7
29 28 3
30 0 12
30 1 8
30 2 7
30 3 2
30 4 7
30 5 12
30 6 12
30 7 8
30 8 7
30 9 4
30 10 12
30 11 1
30 12 7
30 13 7
30 14 6
30 15 4
30 16 2
30 17 5
30 18 4
30 19 5
30 20 10
30 21 4
30 22 3
30 23 7
30 24 1
30 25 3
30 26 11
30 27 9
30 28 9
30 29 7
31 0 1
31 1 1
31 2 3
31 3 1
31 4 4
31 5 10
31 6 1
31 7 2
31 8 3
31 9 1
31 10 5
31 11 9
31 12 10
31 13 8
31 14 3
31 15 12
31 16 9
31 17 8
31 18 11
31 19 9
31 20 5
31 21 3
31 22 3
31 23 1
31 24 8
31 25 1
31 26 11
31 27 4
31 28 1
31 29 6
31 30 9
32 0 5
32 1 8
32 2 3
32 3 2
32 4 2
32 5 5
32 6 4
32 7 9
32 8 9
32 9 6
32 10 6
32 11 10
32 12 9
32 13 8
32 14 5
32 15 1
32 16 11
32 17 9
32 18 12
32 19 5
32 20 11
32 21 4
32 22 4
32 23 12
32 24 11
32 25 8
32 26 10
32 27 12
32 28 3
32 29 9
32 30 7
32 31 8
33 0 11
33 1 2
33 2 10
33 3 6
33 4 2
33 5 3
33 6 7
33 7 6
33 8 8
33 9 1
33 10 8
33 11 6
33 12 1
33 13 4
33 14 10
33 15 3
33 16 3
33 17 2
33 18 12
33 19 3
33 20 12
33 21 8
33 22 1
33 23 10
33 24 3
33 25 7
33 26 9
33 27 7
33 28 7
33 29 5
33 30 2
33 31 7
33 32 1
34 0 10
34 1 7
34 2 10
34 3 8
34 4 1
34 5 8
34 6 7
34 7 5
34 8 6
34 9 3
34 10 3
34 11 12
34 12 7
34 13 9
34 14 9
34 15 3
34 16 12
34 17 4
34 18 1
34 19 10
34 20 9
34 21 7
34 22 5
34 23 11
34 24 1
34 25 1
34 26 8
34 27 2
34 28 4
34 29 6
34 30 2
34 31 7
34 32 7
34 33 10
35 0 4
35 1 12
35 2 10
35 3 7
35 4 9
35 5 3
35 6 5
35 7 8
35 8 9
35 9 12
35 10 10
35 11 4
35 12 6
35 13 11
35 14 2
35 15 8
35 16 1
35 17 2
35 18 9
35 19 12
35 20 5
35 21 12
35 22 9
35 23 11
35 24 6
35 25 1
35 26 9
35 27 12
35 28 4
35 29 12
35 30 4
35 31 2
35 32 5
35 33 11
35 34 5
36 0 12
36 1 8
36 2 11
36 3 9
36 4 7
36 5 3
36 6 5
36 7 7
36 8 2
36 9 4
36 10 7
36 11 3
36 12 1
36 13 12
36 14 10
36 15 8
36 16 6
36 17 2
36 18 5
36 19 12
36 20 4
36 21 10
36 22 12
36 23 10
36 24 7
36 25 7
36 26 3
36 27 8
36 28 11
36 29 4
36 30 7
36 31 9
36 32 11
36 33 9
36 34 6
36 35 12
37 0 9
37 1 11
37 2 2
37 3 4
37 4 8
37 5 4
37 6 12
37 7 2
37 8 10
37 9 1
37 10 10
37 11 12
37 12 1
37 13 2
37 14 9
37 15 5
37 16 4
37 17 9
37 18 12
37 19 3
37 20 4
37 21 5
37 22 12
37 23 5
37 24 9
37 25 10
37 26 6
37 27 1
37 28 1
37 29 7
37 30 10
37 31 3
37 32 6
37 33 3
37 34 7
37 35 1
37 36 11
38 0 10
38 1 6
38 2 9
38 3 10
38 4 9
38 5 8
38 6 3
38 7 8
38 8 7
38 9 8
38 10 8
38 11 1
38 12 11
38 13 3
38 14 7
38 15 6
38 16 12
38 17 9
38 18 8
38 19 8
38 20 1
38 21 1
38 22 1
38 23 1
38 24 10
38 25 6
38 26 7
38 27 4
38 28 6
38 29 6
38 30 1
38 31 4
38 32 11
38 33 10
38 34 4
38 35 8
38 36 2
38 37 1
39 0 10
39 1 4
39 2 6
39 3 10
39 4 1
39 5 5
39 6 12
39 7 6
39 8 6
39 9 9
39 10 7
39 11 1
39 12 12
39 13 5
39 14 7
39 15 6
39 16 12
39 17 6
39 18 8
39 19 11
39 20 9
39 21 11
39 22 10
39 23 6
39 24 5
39 25 12
39 26 11
39 27 1
39 28 7
39 29 10
39 30 9
39 31 11
39 32 4
39 33 6
39 34 11
39 35 1
39 36 1
39 37 3
39 38 6
40 0 11
40 1 10
40 2 11
40 3 10
40 4 8
40 5 6
40 6 12
40 7 12
40 8 11
40 9 9
40 10 11
40 11 7
40 12 9
40 13 9
40 14 4
40 15 6
40 16 3
40 17 7
40 18 10
40 19 3
40 20 9
40 21 2
40 22 8
40 23 3
40 24 4
40 25 6
40 26 1
40 27 9
40 28 12
40 29 5
40 30 7
40 31 1
40 32 8
40 33 7
40 34 10
40 35 8
40 36 8
40 37 12
40 38 9
40 39 7
41 0 9
41 1 1
41 2 6
41 3 11
41 4 10
41 5 1
41 6 1
41 7 8
41 8 5
41 9 6
41 10 8
41 11 4
41 12 1
41 13 2
41 14 1
41 15 11
41 16 12
41 17 10
41 18 7
41 19 5
41 20 6
41 21 11
41 22 12
41 23 7
41 24 8
41 25 8
41 26 11
41 27 6
41 28 5
41 29 2
41 30 7
41 31 8
41 32 7
41 33 1
41 34 7
41 35 9
41 36 4
41 37 3
41 38 5
41 39 5
41 40 10
42 0 8
42 1 6
42 2 5
42 3 2
42 4 11
42 5 9
42 6 8
42 7 5
42 8 2
42 9 4
42 10 7
42 11 2
42 12 3
42 13 3
42 14 4
42 15 11
42 16 1
42 17 8
42 18 7
42 19 5
42 20 10
42 21 11
42 22 12
42 23 8
42 24 7
42 25 4
42 26 3
42 27 2
42 28 8
42 29 4
42 30 7
42 31 10
42 32 1
42 33 8
42 34 4
42 35 12
42 36 9
42 37 4
42 38 1
42 39 6
42 40 4
42 41 8
43 0 6
43 1 8
43 2 5
43 3 12
43 4 5
43 5 7
43 6 4
43 7 6
43 8 11
43 9 5
43 10 12
43 11 2
43 12 7
43 13 9
43 14 2
43 15 6
43 16 7
43 17 9
43 18 5
43 19 10
43 20 5
43 21 4
43 22 1
43 23 10
43 24 3
43 25 9
43 26 4
43 27 10
43 28 10
43 29 6
43 30 10
43 31 9
43 32 2
43 33 8
43 34 7
43 35 6
43 36 4
43 37 6
43 38 2
43 39 3
43 40 7
43 41 7
43 42 1
44 0 7
44 1 10
44 2 6
44 3 8
44 4 11
44 5 3
44 6 8
44 7 5
44 8 12
44 9 4
44 10 8
44 11 8
44 12 3
44 13 10
44 14 8
44 15 9
44 16 3
44 17 8
44 18 7
44 19 7
44 20 5
44 21 6
44 22 11
44 23 8
44 24 2
44 25 8
44 26 6
44 27 1
44 28 2
44 29 8
44 30 9
44 31 10
44 32 7
44 33 1
44 34 4
44 35 9
44 36 6
44 37 4
44 38 1
44 39 10
44 40 4
44 41 4
44 42 6
44 43 4
45 0 12
45 1 6
45 2 12
45 3 8
45 4 4
45 5 6
45 6 5
45 7 4
45 8 6
45 9 3
45 10 8
45 11 8
45 12 5
45 13 1
45 14 8
45 15 4
45 16 1
45 17 10
45 18 6
45 19 10
45 20 10
45 21 3
45 22 12
45 23 9
45 24 3
45 25 4
45 26 10
45 27 8
45 28 9
45 29 11
45 30 12
45 31 7
45 32 1
45 33 9
45 34 10
45 35 6
45 36 2
45 37 10
45 38 8
45 39 9
45 40 8
45 41 9
45 42 7
45 43 2
45 44 12
46 0 4
46 1 6
46 2 1
46 3 4
46 4 12
46 5 6
46 6 6
46 7 8
46 8 6
46 9 3
46 10 2
46 11 8
46 12 9
46 13 9
46 14 9
46 15 8
46 16 5
46 17 12
46 18 9
46 19 4
46 20 11
46 21 9
46 22 9
46 23 10
46 24 7
46 25 2
46 26 5
46 27 2
46 28 2
46 29 12
46 30 12
46 31 12
46 32 8
46 33 10
46 34 8
46 35 6
46 36 10
46 37 2
46 38 2
46 39 6
46 40 12
46 41 7
46 42 4
46 43 10
46 44 9
46 45 4
47 0 1
47 1 3
47 2 3
47 3 3
47 4 8
47 5 2
47 6 8
47 7 8
47 8 9
47 9 1
47 10 6
47 11 11
47 12 5
47 13 4
47 14 8
47 15 2
47 16 6
47 17 3
47 18 9
47 19 4
47 20 7
47 21 11
47 22 9
47 23 5
47 24 5
47 25 1
47 26 4
47 27 9
47 28 2
47 29 6
47 30 9
47 31 9
47 32 7
47 33 10
47 34 9
47 35 3
47 36 2
47 37 1
47 38 12
47 39 11
47 40 1
47 41 1
47 42 2
47 43 3
47 44 9
47 45 3
47 46 8
48 0 5
48 1 12
48 2 1
48 3 12
48 4 5
48 5 9
48 6 4
48 7 2
48 8 7
48 9 12
48 10 8
48 11 4
48 12 6
48 13 12
48 14 3
48 15 5
48 16 10
48 17 11
48 18 5
48 19 7
48 20 1
48 21 9
48 22 2
48 23 5
48 24 10
48 25 10
48 26 10
48 27 2
48 28 4
48 29 5
48 30 5
48 31 9
48 32 9
48 33 7
48 34 12
48 35 7
48 36 5
48 37 8
48 38 8
48 39 6
48 40 5
48 41 2
48 42 10
48 43 9
48 44 3
48 45 6
48 46 8
48 47 7
49 0 5
49 1 7
49 2 8
49 3 10
49 4 7
49 5 6
49 6 4
49 7 3
49 8 5
49 9 7
49 10 3
49 11 6
49 12 8
49 13 10
49 14 6
49 15 1
49 16 1
49 17 7
49 18 5
49 19 10
49 20 11
49 21 8
49 22 7
49 23 7
49 24 5
49 25 9
49 26 1
49 27 11
49 28 7
49 29 5
49 30 9
49 31 12
49 32 9
49 33 7
49 34 2
49 35 1
49 36 7
49 37 3
49 38 1
49 39 6
49 40 11
49 41 6
49 42 2
49 43 4
49 44 12
49 45 2
49 46 11
49 47 5
49 48 3
50 0 3
50 1 12
50 2 11
50 3 8
50 4 8
50 5 12
50 6 6
50 7 12
50 8 7
50 9 7
50 10 2
50 11 3
50 12 3
50 13 5
50 14 10
50 15 10
50 16 12
50 17 7
50 18 9
50 19 12
50 20 12
50 21 2
50 22 2
50 23 5
50 24 9
50 25 8
50 26 4
50 27 10
50 28 11
50 29 5
50 30 4
50 31 2
50 32 7
50 33 8
50 34 7
50 35 10
50 36 12
50 37 3
50 38 12
50 39 6
50 40 2
50 41 11
50 42 10
50 43 4
50 44 7
50 45 6
50 46 2
50 47 8
50 48 4
50 49 9
51 0 12
51 1 12
51 2 6
51 3 5
51 4 6
51 5 10
51 6 5
51 7 5
51 8 11
51 9 11
51 10 4
51 11 11
51 12 2
51 13 1
51 14 10
51 15 12
51 16 12
51 17 4
51 18 9
51 19 12
51 20 6
51 21 8
51 22 1
51 23 4
51 24 9
51 25 5
51 26 3
51 27 1
51 28 2
51 29 4
51 30 10
51 31 9
51 32 3
51 33 4
51 34 1
51 35 10
51 36 11
51 37 1
51 38 9
51 39 1
51 40 3
51 41 4
51 42 3
51 43 12
51 44 9
51 45 7
51 46 2
51 47 3
51 48 9
51 49 8
51 50 9
52 0 8
52 1 5
52 2 2
52 3 3
52 4 11
52 5 9
52 6 10
52 7 5
52 8 5
52 9 1
52 10 1
52 11 6
52 12 4
52 13 10
52 14 12
52 15 4
52 16 12
52 17 7
52 18 3
52 19 4
52 20 7
52 21 8
52 22 10
52 23 11
52 24 8
52 25 7
52 26 10
52 27 6
52 28 6
52 29 6
52 30 6
52 31 1
52 32 6
52 33 1
52 34 8
52 35 1
52 36 10
52 37 8
52 38 8
52 39 11
52 40 5
52 41 8
52 42 10
52 43 2
52 44 9
52 45 7
52 46 1
52 47 7
52 48 2
52 49 10
52 50 9
52 51 3
53 0 3
53 1 4
53 2 7
53 3 1
53 4 11
53 5 2
53 6 8
53 7 9
53 8 8
53 9 7
53 10 1
53 11 7
53 12 6
53 13 1
53 14 12
53 15 3
53 16 4
53 17 9
53 18 12
53 19 12
53 20 4
53 21 11
53 22 8
53 23 12
53 24 4
53 25 11
53 26 5
53 27 7
53 28 3
53 29 2
53 30 5
53 31 1
53 32 9
53 33 1
53 34 8
53 35 4
53 36 6
53 37 2
53 38 1
53 39 12
53 40 1
53 41 7
53 42 6
53 43 10
53 44 12
53 45 5
53 46 2
53 47 5
53 48 12
53 49 2
53 50 12
53 51 2
53 52 6
54 0 9
54 1 8
54 2 1
54 3 1
54 4 9
54 5 10
54 6 4
54 7 2
54 8 11
54 9 9
54 10 4
54 11 5
54 12 10
54 13 12
54 14 2
54 15 4
54 16 3
54 17 10
54 18 9
54 19 2
54 20 2
54 21 9
54 22 6
54 23 5
54 24 5
54 25 11
54 26 12
54 27 11
54 28 3
54 29 3
54 30 8
54 31 10
54 32 6
54 33 8
54 34 2
54 35 4
54 36 11
54 37 5
54 38 8
54 39 11
54 40 4
54 41 1
54 42 6
54 43 5
54 44 4
54 45 11
54 46 4
54 47 7
54 48 6
54 49 1
54 50 10
54 51 12
54 52 6
54 53 7
55 0 3
55 1 8
55 2 3
55 3 3
55 4 4
55 5 9
55 6 5
55 7 7
55 8 10
55 9 9
55 10 11
55 11 9
55 12 5
55 13 7
55 14 2
55 15 8
55 16 8
55 17 9
55 18 2
55 19 8
55 20 11
55 21 12
55 22 1
55 23 9
55 24 7
55 25 12
55 26 9
55 27 1
55 28 10
55 29 11
55 30 4
55 31 3
55 32 1
55 33 3
55 34 10
55 35 3
55 36 1
55 37 11
55 38 5
55 39 9
55 40 7
55 41 5
55 42 6
55 43 9
55 44 10
55 45 12
55 46 6
55 47 6
55 48 9
55 49 5
55 50 5
55 51 9
55 52 5
55 53 2
55 54 4
56 0 5
56 1 2
56 2 7
56 3 3
56 4 11
56 5 2
56 6 7
56 7 12
56 8 2
56 9 5
56 10 6
56 11 1
56 12 8
56 13 3
56 14 11
56 15 6
56 16 11
56 17 1
56 18 10
56 19 2
56 20 4
56 21 1
56 22 12
56 23 12
56 24 8
56 25 12
56 26 10
56 27 7
56 28 1
56 29 3
56 30 7
56 31 8
56 32 3
56 33 11
56 34 3
56 35 3
56 36 1
56 37 12
56 38 1
56 39 11
56 40 5
56 41 4
56 42 4
56 43 12
56 44 8
56 45 3
56 46 1
56 47 7
56 48 6
56 49 4
56 50 2
56 51 3
56 52 4
56 53 1
56 54 2
56 55 4
57 0 6
57 1 11
57 2 3
57 3 12
57 4 6
57 5 12
57 6 1
57 7 9
57 8 7
57 9 3
57 10 9
57 11 12
57 12 2
57 13 10
57 14 10
57 15 3
57 16 6
57 17 7
57 18 12
57 19 12
57 20 4
57 21 12
57 22 5
57 23 5
57 24 6
57 25 11
57 26 9
57 27 8
57 28 4
57 29 11
57 30 7
57 31 10
57 32 7
57 33 12
57 34 3
57 35 11
57 36 9
57 37 3
57 38 3
57 39 7
57 40 4
57 41 9
57 42 12
57 43 9
57 44 5
57 45 3
57 46 6
57 47 6
57 48 12
57 49 11
57 50 9
57 51 10
57 52 4
57 53 7
57 54 10
57 55 9
57 56 9
58 0 6
58 1 4
58 2 12
58 3 9
58 4 9
58 5 9
58 6 4
58 7 5
58 8 9
58 9 9
58 10 5
58 11 12
58 12 3
58 13 2
58 14 9
58 15 10
58 16 8
58 17 10
58 18 5
58 19 6
58 20 5
58 21 1
58 22 6
58 23 2
58 24 12
58 25 6
58 26 10
58 27 8
58 28 8
58 29 3
58 30 4
58 31 12
58 32 9
58 33 1
58 34 10
58 35 12
58 36 6
58 37 2
58 38 11
58 39 12
58 40 8
58 41 8
58 42 11
58 43 6
58 44 5
58 45 2
58 46 9
58 47 4
58 48 7
58 49 9
58 50 11
58 51 2
58 52 10
58 53 1
58 54 6
58 55 9
58 56 9
58 57 3
59 0 3
59 1 6
59 2 3
59 3 11
59 4 4
59 5 11
59 6 9
59 7 10
59 8 9
59 9 6
59 10 9
59 11 11
59 12 6
59 13 8
59 14 9
59 15 5
59 16 1
59 17 5
59 18 3
59 19 2
59 20 7
59 21 8
59 22 6
59 23 5
59 24 2
59 25 10
59 26 12
59 27 10
59 28 7
59 29 5
59 30 8
59 31 1
59 32 12
59 33 3
59 34 7
59 35 3
59 36 3
59 37 5
59 38 10
59 39 3
59 40 6
59 41 1
59 42 8
59 43 4
59 44 2
59 45 4
59 46 3
59 47 10
59 48 1
59 49 3
59 50 8
59 51 8
59 52 6
59 53 11
59 54 9
59 55 6
59 56 9
59 57 4
59 58 2
60 0 6
60 1 4
60 2 7
60 3 6
60 4 6
60 5 4
60 6 11
60 7 3
60 8 7
60 9 2
60 10 8
60 11 12
60 12 3
60 13 2
60 14 11
60 15 7
60 16 10
60 17 8
60 18 9
60 19 2
60 20 5
60 21 11
60 22 8
60 23 1
60 24 5
60 25 11
60 26 3
60 27 6
60 28 2
60 29 1
60 30 5
60 31 7
60 32 3
60 33 6
60 34 12
60 35 10
60 36 4
60 37 7
60 38 4
60 39 6
60 40 6
60 41 12
60 42 8
60 43 10
60 44 6
60 45 6
60 46 10
60 47 11
60 48 3
60 49 1
60 50 9
60 51 2
60 52 5
60 53 2
60 54 1
60 55 7
60 56 8
60 57 5
60 58 3
60 59 6
61 0 11
61 1 10
61 2 6
61 3 10
61 4 4
61 5 11
61 6 5
61 7 1
61 8 5
61 9 5
61 10 10
61 11 4
61 12 8
61 13 7
61 14 8
61 15 1
61 16 4
61 17 10
61 18 5
61 19 4
61 20 11
61 21 2
61 22 10
61 23 11
61 24 2
61 25 5
61 26 3
61 27 1
61 28 4
61 29 3
61 30 10
61 31 8
61 32 12
61 33 10
61 34 6
61 35 9
61 36 8
61 37 9
61 38 3
61 39 8
61 40 10
61 41 3
61 42 12
61 43 6
61 44 10
61 45 8
61 46 12
61 47 3
61 48 1
61 49 3
61 50 1
61 51 10
61 52 9
61 53 7
61 54 2
61 55 1
61 56 12
61 57 5
61 58 2
61 59 4
61 60 2
62 0 1
62 1 10
62 2 10
62 3 2
62 4 4
62 5 2
62 6 9
62 7 3
62 8 4
62 9 2
62 10 2
62 11 1
62 12 12
62 13 6
62 14 12
62 15 8
62 16 4
62 17 11
62 18 3
62 19 3
62 20 12
62 21 4
62 22 3
62 23 7
62 24 12
62 25 12
62 26 8
62 27 8
62 28 2
62 29 3
62 30 5
62 31 9
62 32 8
62 33 8
62 34 4
62 35 8
62 36 2
62 37 11
62 38 9
62 39 1
62 40 12
62 41 11
62 42 5
62 43 6
62 44 5
62 45 5
62 46 10
62 47 3
62 48 1
62 49 11
62 50 1
62 51 9
62 52 4
62 53 12
62 54 11
62 55 4
62 56 4
62 57 5
62 58 12
62 59 3
62 60 2
62 61 8
63 0 8
63 1 3
63 2 6
63 3 9
63 4 9
63 5 2
63 6 11
63 7 5
63 8 9
63 9 7
63 10 5
63 11 10
63 12 9
63 13 11
63 14 6
63 15 11
63 16 7
63 17 3
63 18 9
63 19 5
63 20 7
63 21 5
63 22 10
63 23 1
63 24 2
63 25 8
63 26 8
63 27 11
63 28 11
63 29 5
63 30 5
63 31 5
63 32 7
63 33 7
63 34 3
63 35 7
63 36 5
63 37 2
63 38 12
63 39 5
63 40 7
63 41 6
63 42 5
63 43 6
63 44 1
63 45 3
63 46 2
63 47 4
63 48 2
63 49 9
63 50 2
63 51 10
63 52 11
63 53 4
63 54 6
63 55 4
63 56 6
63 57 11
63 58 7
63 59 12
63 60 12
63 61 7
63 62 9
64 0 1
64 1 8
64 2 7
64 3 10
64 4 3
64 5 1
64 6 2
64 7 10
64 8 1
64 9 2
64 10 6
64 11 10
64 12 6
64 13 4
64 14 4
64 15 10
64 16 3
64 17 4
64 18 11
64 19 7
64 20 8
64 21 5
64 22 9
64 23 1
64 24 11
64 25 5
64 26 9
64 27 5
64 28 3
64 29 9
64 30 2
64 31 9
64 32 10
64 33 11
64 34 4
64 35 6
64 36 9
64 37 10
64 38 7
64 39 1
64 40 1
64 41 9
64 42 8
64 43 6
64 44 11
64 45 12
64 46 7
64 47 2
64 48 6
64 49 6
64 50 5
64 51 8
64 52 6
64 53 1
64 54 4
64 55 12
64 56 3
64 57 12
64 58 5
64 59 1
64 60 4
64 61 8
64 62 6
64 63 3
65 0 10
65 1 4
65 2 11
65 3 4
65 4 2
65 5 7
65 6 2
65 7 9
65 8 10
65 9 2
65 10 4
65 11 11
65 12 2
65 13 11
65 14 3
65 15 9
65 16 11
65 17 2
65 18 5
65 19 12
65 20 9
65 21 3
65 22 2
65 23 6
65 24 2
65 25 7
65 26 10
65 27 9
65 28 3
65 29 3
65 30 4
65 31 2
65 32 8
65 33 10
65 34 2
65 35 11
65 36 11
65 37 4
65 38 11
65 39 4
65 40 4
65 41 9
65 42 6
65 43 11
65 44 7
65 45 2
65 46 8
65 47 9
65 48 6
65 49 11
65 50 1
65 51 6
65 52 12
65 53 5
65 54 3
65 55 2
65 56 4
65 57 7
65 58 2
65 59 4
65 60 7
65 61 7
65 62 5
65 63 9
65 64 5
66 0 10
66 1 3
66 2 8
66 3 9
66 4 8
66 5 7
66 6 12
66 7 10
66 8 6
66 9 12
66 10 1
66 11 1
66 12 1
66 13 6
66 14 5
66 15 10
66 16 10
66 17 3
66 18 7
66 19 8
66 20 7
66 21 4
66 22 6
66 23 1
66 24 10
66 25 1
66 26 3
66 27 4
66 28 1
66 29 7
66 30 10
66 31 3
66 32 11
66 33 3
66 34 4
66 35 12
66 36 7
66 37 5
66 38 8
66 39 8
66 40 6
66 41 5
66 42 10
66 43 7
66 44 10
66 45 6
66 46 11
66 47 11
66 48 3
66 49 12
66 50 4
66 51 2
66 52 4
66 53 2
66 54 8
66 55 10
66 56 6
66 57 12
66 58 3
66 59 7
66 60 9
66 61 9
66 62 1
66 63 8
66 64 4
66 65 12
67 0 8
67 1 7
67 2 10
67 3 7
67 4 3
67 5 4
67 6 9
67 7 6
67 8 7
67 9 3
67 10 11
67 11 2
67 12 11
67 13 4
67 14 1
67 15 4
67 16 7
67 17 10
67 18 1
67 19 9
67 20 2
67 21 12
67 22 9
67 23 6
67 24 7
67 25 1
67 26 6
67 27 2
67 28 9
67 29 9
67 30 9
67 31 5
67 32 8
67 33 8
67 34 12
67 35 3
67 36 11
67 37 10
67 38 8
67 39 2
67 40 10
67 41 6
67 42 1
67 43 7
67 44 4
67 45 10
67 46 2
67 47 12
67 48 12
67 49 4
67 50 2
67 51 4
67 52 5
67 53 4
67 54 12
67 55 9
67 56 5
67 57 1
67 58 3
67 59 8
67 60 2
67 61 3
67 62 1
67 63 7
67 64 2
67 65 10
67 66 6
68 0 10
68 1 11
68 2 11
68 3 10
68 4 8
68 5 4
68 6 12
68 7 10
68 8 8
68 9 9
68 10 11
68 11 2
68 12 12
68 13 6
68 14 7
68 15 9
68 16 9
68 17 7
68 18 1
68 19 2
68 20 7
68 21 6
68 22 8
68 23 11
68 24 9
68 25 11
68 26 10
68 27 12
68 28 2
68 29 5
68 30 6
68 31 1
68 32 10
68 33 1
68 34 11
68 35 7
68 36 11
68 37 6
68 38 5
68 39 1
68 40 3
68 41 4
68 42 6
68 43 11
68 44 3
68 45 1
68 46 11
68 47 6
68 48 5
68 49 10
68 50 12
68 51 12
68 52 8
68 53 12
68 54 8
68 55 8
68 56 7
68 57 9
68 58 2
68 59 3
68 60 12
68 61 7
68 62 11
68 63 9
68 64 6
68 65 9
68 66 3
68 67 11
69 0 3
69 1 2
69 2 7
69 3 12
69 4 6
69 5 3
69 6 7
69 7 5
69 8 3
69 9 5
69 10 7
69 11 4
69 12 7
69 13 6
69 14 7
69 15 9
69 16 8
69 17 11
69 18 4
69 19 1
69 20 5
69 21 12
69 22 11
69 23 3
69 24 11
69 25 9
69 26 2
69 27 11
69 28 6
69 29 1
69 30 3
69 31 6
69 32 2
69 33 1
69 34 11
69 35 1
69 36 7
69 37 10
69 38 11
69 39 1
69 40 9
69 41 5
69 42 6
69 43 8
69 44 4
69 45 3
69 46 4
69 47 8
69 48 7
69 49 9
69 50 8
69 51 6
69 52 8
69 53 7
69 54 5
69 55 6
69 56 3
69 57 3
69 58 9
69 59 8
69 60 6
69 61 2
69 62 7
69 63 2
69 64 10
69 65 11
69 66 4
69 67 9
69 68 5
