30
1 0 6
2 0 3
2 1 12
3 0 6
3 1 10
3 2 10
4 0 10
4 1 2
4 2 9
4 3 4
5 0 5
5 1 6
5 2 12
5 3 12
5 4 6
6 0 6
6 1 5
6 2 9
6 3 7
6 4 2
6 5 6
7 0 1
7 1 7
7 2 6
7 3 8
7 4 7
7 5 8
7 6 7
8 0 3
8 1 6
8 2 10
8 3 9
8 4 7
8 5 12
8 6 7
8 7 4
9 0 4
9 1 8
9 2 12
9 3 3
9 4 11
9 5 10
9 6 8
9 7 9
9 8 8
10 0 5
10 1 1
10 2 7
10 3 5
10 4 10
10 5 10
10 6 3
10 7 11
10 8 6
10 9 8
11 0 6
11 1 4
11 2 6
11 3 1
11 4 2
11 5 4
11 6 3
11 7 12
11 8 9
11 9 7
11 10 3
12 0 9
12 1 10
12 2 7
12 3 8
12 4 1
12 5 9
12 6 9
12 7 2
12 8 2
12 9 10
12 10 7
12 11 11
13 0 10
13 1 9
13 2 10
13 3 9
13 4 4
13 5 7
13 6 12
13 7 4
13 8 5
13 9 6
13 10 3
13 11 6
13 12 6
14 0 1
14 1 9
14 2 5
14 3 5
14 4 7
14 5 9
14 6 10
14 7 5
14 8 4
14 9 1
14 10 10
14 11 11
14 12 9
14 13 4
15 0 9
15 1 2
15 2 1
15 3 2
15 4 12
15 5 2
15 6 2
15 7 2
15 8 2
15 9 4
15 10 4
15 11 8
15 12 4
15 13 1
15 14 3
16 0 7
16 1 12
16 2 4
16 3 8
16 4 8
16 5 4
16 6 11
16 7 9
16 8 11
16 9 8
16 10 11
16 11 4
16 12 8
16 13 2
16 14 7
16 15 1
17 0 5
17 1 3
17 2 9
17 3 4
17 4 5
17 5 4
17 6 8
17 7 8
17 8 2
17 9 9
17 10 6
17 11 9
17 12 9
17 13 9
17 14 12
17 15 4
17 16 2
18 0 1
18 1 6
18 2 3
18 3 5
18 4 10
18 5 3
18 6 5
18 7 11
18 8 1
18 9 2
18 10 6
18 11 9
18 12 11
18 13 12
18 14 8
18 15 7
18 16 4
18 17 10
19 0 9
19 1 11
19 2 10
19 3 4
19 4 11
19 5 12
19 6 7
19 7 5
19 8 12
19 9 9
19 10 2
19 11 10
19 12 3
19 13 1
19 14 2
19 15 5
19 16 12
19 17 11
19 18 8
20 0 4
20 1 9
20 2 6
20 3 5
20 4 3
20 5 11
20 6 3
20 7 12
20 8 1
20 9 8
20 10 11
20 11 5
20 12 12
20 13 2
20 14 2
20 15 7
20 16 5
20 17 3
20 18 1
20 19 6
21 0 11
21 1 1
21 2 8
21 3 8
21 4 3
21 5 9
21 6 12
21 7 12
21 8 12
21 9 11
21 10 1
21 11 10
21 12 8
21 13 4
21 14 6
21 15 2
21 16 6
21 17 10
21 18 7
21 19 3
21 20 4
22 0 6
22 1 3
22 2 8
22 3 5
22 4 12
22 5 9
22 6 7
22 7 5
22 8 9
22 9 10
22 10 11
22 11 6
22 12 8
22 13 5
22 14 6
22 15 12
22 16 9
22 17 5
22 18 5
22 19 3
22 20 8
22 21 4
23 0 1
23 1 2
23 2 6
23 3 7
23 4 10
23 5 8
23 6 11
23 7 12
23 8 12
23 9 3
23 10 6
23 11 7
23 12 2
23 13 10
23 14 7
23 15 10
23 16 9
23 17 6
23 18 9
23 19 11
23 20 7
23 21 11
23 22 12
24 0 1
24 1 1
24 2 7
24 3 12
24 4 5
24 5 9
24 6 8
24 7 6
24 8 10
24 9 5
24 10 11
24 11 10
24 12 11
24 13 6
24 14 1
24 15 7
24 16 5
24 17 4
24 18 9
24 19 11
24 20 5
24 21 4
24 22 2
24 23 9
25 0 9
25 1 12
25 2 3
25 3 3
25 4 10
25 5 5
25 6 2
25 7 12
25 8 3
25 9 9
25 10 7
25 11 4
25 12 9
25 13 11
25 14 5
25 15 1
25 16 12
25 17 2
25 18 2
25 19 6
25 20 9
25 21 5
25 22 6
25 23 6
25 24 6
26 0 11
26 1 4
26 2 11
26 3 7
26 4 1
26 5 12
26 6 7
26 7 1
26 8 8
26 9 10
26 10 6
26 11 11
26 12 9
26 13 6
26 14 11
26 15 9
26 16 12
26 17 11
26 18 3
26 19 7
26 20 1
26 21 3
26 22 8
26 23 10
26 24 8
26 25 4
27 0 9
27 1 6
27 2 3
27 3 3
27 4 12
27 5 2
27 6 8
27 7 9
27 8 6
27 9 11
27 10 12
27 11 9
27 12 9
27 13 4
27 14 1
27 15 4
27 16 9
27 17 3
27 18 12
27 19 2
27 20 3
27 21 9
27 22 1
27 23 5
27 24 12
27 25 4
27 26 3
28 0 3
28 1 9
28 2 6
28 3 7
28 4 6
28 5 2
28 6 3
28 7 2
28 8 7
28 9 6
28 10 11
28 11 10
28 12 4
28 13 12
28 14 5
28 15 8
28 16 4
28 17 1
28 18 5
28 19 10
28 20 5
28 21 9
28 22 9
28 23 7
28 24 3
28 25 12
28 26 2
28 27 1
29 0 4
29 1 5
29 2 11
29 3 1
29 4 10
29 5 11
29 6 6
29 7 6
29 8 1
29 9 4
29 10 5
29 11 1
29 12 4
29 13 9
29 14 3
29 15 11
29 16 5
29 17 8
29 18 12
29 19 12
29 20 4
29 21 8
29 22 6
29 23 2
29 24 4
29 25 12
29 26 9
29 27 10
29 28 1
