60
1 0 1
2 0 2
2 1 2
3 0 2
3 1 2
3 2 1
4 0 1
4 1 3
4 2 1
4 3 3
5 0 2
5 1 2
5 2 1
5 3 3
5 4 1
6 0 3
6 1 2
6 2 3
6 3 2
6 4 1
6 5 4
7 0 4
7 1 2
7 2 3
7 3 1
7 4 2
7 5 1
7 6 2
8 0 4
8 1 2
8 2 3
8 3 1
8 4 4
8 5 2
8 6 2
8 7 1
9 0 2
9 1 1
9 2 2
9 3 1
9 4 2
9 5 4
9 6 2
9 7 1
9 8 3
10 0 3
10 1 2
10 2 2
10 3 4
10 4 4
10 5 2
10 6 1
10 7 3
10 8 2
10 9 4
11 0 2
11 1 2
11 2 4
11 3 1
11 4 1
11 5 4
11 6 2
11 7 3
11 8 2
11 9 3
11 10 3
12 0 1
12 1 1
12 2 1
12 3 3
12 4 3
12 5 4
12 6 4
12 7 4
12 8 1
12 9 2
12 10 2
12 11 4
13 0 4
13 1 3
13 2 1
13 3 1
13 4 4
13 5 1
13 6 1
13 7 1
13 8 4
13 9 1
13 10 1
13 11 3
13 12 1
14 0 4
14 1 1
14 2 3
14 3 4
14 4 4
14 5 1
14 6 2
14 7 4
14 8 2
14 9 4
14 10 4
14 11 4
14 12 1
14 13 1
15 0 2
15 1 1
15 2 1
15 3 1
15 4 2
15 5 2
15 6 2
15 7 4
15 8 4
15 9 2
15 10 4
15 11 4
15 12 1
15 13 1
15 14 1
16 0 3
16 1 2
16 2 3
16 3 4
16 4 3
16 5 3
16 6 2
16 7 4
16 8 2
16 9 2
16 10 1
16 11 2
16 12 2
16 13 4
16 14 2
16 15 3
17 0 2
17 1 4
17 2 2
17 3 3
17 4 4
17 5 4
17 6 1
17 7 4
17 8 2
17 9 3
17 10 2
17 11 3
17 12 4
17 13 1
17 14 2
17 15 2
17 16 4
18 0 1
18 1 1
18 2 4
18 3 3
18 4 2
18 5 4
18 6 3
18 7 1
18 8 4
18 9 3
18 10 1
18 11 4
18 12 3
18 13 3
18 14 2
18 15 4
18 16 2
18 17 2
19 0 3
19 1 2
19 2 3
19 3 4
19 4 1
19 5 2
19 6 3
19 7 2
19 8 2
19 9 4
19 10 3
19 11 3
19 12 2
19 13 2
19 14 4
19 15 4
19 16 1
19 17 1
19 18 1
20 0 2
20 1 2
20 2 4
20 3 4
20 4 4
20 5 2
20 6 1
20 7 1
20 8 2
20 9 3
20 10 2
20 11 3
20 12 4
20 13 3
20 14 3
20 15 3
20 16 1
20 17 4
20 18 2
20 19 4
21 0 1
21 1 1
21 2 4
21 3 3
21 4 4
21 5 3
21 6 3
21 7 2
21 8 4
21 9 3
21 10 2
21 11 4
21 12 4
21 13 1
21 14 3
21 15 3
21 16 3
21 17 2
21 18 3
21 19 1
21 20 1
22 0 4
22 1 2
22 2 4
22 3 4
22 4 1
22 5 2
22 6 4
22 7 1
22 8 1
22 9 2
22 10 4
22 11 3
22 12 3
22 13 2
22 14 2
22 15 2
22 16 3
22 17 3
22 18 1
22 19 3
22 20 3
22 21 1
23 0 2
23 1 2
23 2 4
23 3 2
23 4 3
23 5 3
23 6 4
23 7 1
23 8 2
23 9 4
23 10 4
23 11 2
23 12 3
23 13 2
23 14 1
23 15 1
23 16 3
23 17 3
23 18 2
23 19 4
23 20 3
23 21 1
23 22 4
24 0 2
24 1 1
24 2 3
24 3 2
24 4 3
24 5 1
24 6 2
24 7 2
24 8 4
24 9 1
24 10 3
24 11 4
24 12 1
24 13 4
24 14 3
24 15 1
24 16 2
24 17 4
24 18 3
24 19 4
24 20 2
24 21 3
24 22 4
24 23 3
25 0 1
25 1 4
25 2 2
25 3 2
25 4 3
25 5 1
25 6 1
25 7 1
25 8 2
25 9 3
25 10 1
25 11 1
25 12 4
25 13 1
25 14 4
25 15 1
25 16 1
25 17 3
25 18 2
25 19 3
25 20 1
25 21 2
25 22 4
25 23 2
25 24 1
26 0 1
26 1 4
26 2 3
26 3 4
26 4 3
26 5 1
26 6 3
26 7 4
26 8 2
26 9 2
26 10 1
26 11 2
26 12 4
26 13 2
26 14 4
26 15 2
26 16 1
26 17 3
26 18 3
26 19 2
26 20 3
26 21 4
26 22 3
26 23 4
26 24 4
26 25 1
27 0 1
27 1 1
27 2 4
27 3 3
27 4 2
27 5 3
27 6 1
27 7 2
27 8 1
27 9 4
27 10 1
27 11 2
27 12 2
27 13 4
27 14 3
27 15 4
27 16 2
27 17 3
27 18 3
27 19 1
27 20 3
27 21 3
27 22 1
27 23 1
27 24 2
27 25 3
27 26 4
28 0 4
28 1 2
28 2 1
28 3 2
28 4 4
28 5 1
28 6 3
28 7 1
28 8 4
28 9 1
28 10 2
28 11 3
28 12 3
28 13 1
28 14 1
28 15 1
28 16 4
28 17 4
28 18 1
28 19 4
28 20 3
28 21 4
28 22 2
28 23 4
28 24 1
28 25 2
28 26 4
28 27 2
29 0 4
29 1 3
29 2 3
29 3 3
29 4 3
29 5 1
29 6 3
29 7 2
29 8 1
29 9 4
29 10 3
29 11 1
29 12 3
29 13 2
29 14 3
29 15 1
29 16 4
29 17 1
29 18 2
29 19 3
29 20 3
29 21 4
29 22 2
29 23 3
29 24 2
29 25 1
29 26 1
29 27 2
29 28 4
30 0 4
30 1 4
30 2 2
30 3 2
30 4 2
30 5 4
30 6 4
30 7 3
30 8 2
30 9 2
30 10 4
30 11 1
30 12 3
30 13 2
30 14 2
30 15 4
30 16 3
30 17 3
30 18 4
30 19 4
30 20 1
30 21 2
30 22 4
30 23 3
30 24 3
30 25 3
30 26 2
30 27 3
30 28 2
30 29 2
31 0 4
31 1 1
31 2 1
31 3 4
31 4 3
31 5 4
31 6 1
31 7 4
31 8 2
31 9 1
31 10 4
31 11 4
31 12 3
31 13 1
31 14 2
31 15 3
31 16 2
31 17 3
31 18 2
31 19 1
31 20 2
31 21 2
31 22 2
31 23 2
31 24 1
31 25 3
31 26 2
31 27 4
31 28 1
31 29 2
31 30 1
32 0 4
32 1 2
32 2 2
32 3 3
32 4 1
32 5 3
32 6 3
32 7 1
32 8 4
32 9 2
32 10 3
32 11 1
32 12 3
32 13 2
32 14 2
32 15 2
32 16 1
32 17 3
32 18 4
32 19 2
32 20 1
32 21 1
32 22 2
32 23 1
32 24 3
32 25 1
32 26 4
32 27 4
32 28 3
32 29 1
32 30 1
32 31 1
33 0 2
33 1 1
33 2 3
33 3 3
33 4 2
33 5 2
33 6 3
33 7 3
33 8 1
33 9 2
33 10 1
33 11 3
33 12 4
33 13 2
33 14 1
33 15 1
33 16 3
33 17 4
33 18 4
33 19 4
33 20 4
33 21 3
33 22 3
33 23 3
33 24 2
33 25 2
33 26 3
33 27 4
33 28 4
33 29 1
33 30 4
33 31 4
33 32 3
34 0 4
34 1 4
34 2 2
34 3 4
34 4 4
34 5 1
34 6 3
34 7 3
34 8 1
34 9 2
34 10 4
34 11 2
34 12 2
34 13 1
34 14 4
34 15 2
34 16 4
34 17 4
34 18 2
34 19 4
34 20 2
34 21 4
34 22 3
34 23 1
34 24 1
34 25 1
34 26 3
34 27 4
34 28 3
34 29 1
34 30 2
34 31 3
34 32 4
34 33 3
35 0 4
35 1 1
35 2 2
35 3 4
35 4 1
35 5 2
35 6 2
35 7 3
35 8 3
35 9 3
35 10 3
35 11 3
35 12 3
35 13 4
35 14 3
35 15 3
35 16 2
35 17 2
35 18 2
35 19 1
35 20 4
35 21 3
35 22 4
35 23 1
35 24 2
35 25 1
35 26 4
35 27 1
35 28 3
35 29 2
35 30 2
35 31 3
35 32 2
35 33 1
35 34 3
36 0 2
36 1 2
36 2 1
36 3 4
36 4 2
36 5 2
36 6 4
36 7 4
36 8 2
36 9 1
36 10 1
36 11 2
36 12 3
36 13 1
36 14 3
36 15 3
36 16 4
36 17 2
36 18 2
36 19 1
36 20 4
36 21 2
36 22 1
36 23 3
36 24 1
36 25 4
36 26 3
36 27 2
36 28 1
36 29 4
36 30 3
36 31 3
36 32 2
36 33 2
36 34 3
36 35 4
37 0 1
37 1 2
37 2 4
37 3 1
37 4 4
37 5 2
37 6 4
37 7 2
37 8 2
37 9 3
37 10 4
37 11 4
37 12 2
37 13 3
37 14 1
37 15 3
37 16 2
37 17 1
37 18 1
37 19 4
37 20 2
37 21 1
37 22 2
37 23 2
37 24 4
37 25 2
37 26 3
37 27 2
37 28 4
37 29 4
37 30 2
37 31 2
37 32 1
37 33 1
37 34 3
37 35 3
37 36 2
38 0 2
38 1 2
38 2 3
38 3 1
38 4 3
38 5 4
38 6 2
38 7 4
38 8 3
38 9 1
38 10 2
38 11 3
38 12 4
38 13 2
38 14 3
38 15 4
38 16 1
38 17 3
38 18 2
38 19 1
38 20 2
38 21 3
38 22 2
38 23 1
38 24 1
38 25 2
38 26 4
38 27 4
38 28 4
38 29 3
38 30 1
38 31 4
38 32 2
38 33 2
38 34 3
38 35 1
38 36 1
38 37 1
39 0 3
39 1 2
39 2 3
39 3 1
39 4 2
39 5 1
39 6 2
39 7 4
39 8 4
39 9 4
39 10 4
39 11 2
39 12 4
39 13 3
39 14 1
39 15 4
39 16 4
39 17 3
39 18 4
39 19 2
39 20 2
39 21 4
39 22 3
39 23 1
39 24 2
39 25 4
39 26 3
39 27 4
39 28 3
39 29 2
39 30 1
39 31 1
39 32 2
39 33 1
39 34 3
39 35 4
39 36 4
39 37 4
39 38 4
40 0 4
40 1 2
40 2 3
40 3 3
40 4 3
40 5 3
40 6 4
40 7 3
40 8 3
40 9 4
40 10 3
40 11 2
40 12 4
40 13 3
40 14 2
40 15 2
40 16 4
40 17 4
40 18 4
40 19 2
40 20 4
40 21 1
40 22 3
40 23 2
40 24 2
40 25 3
40 26 3
40 27 2
40 28 1
40 29 4
40 30 3
40 31 2
40 32 3
40 33 1
40 34 4
40 35 2
40 36 3
40 37 3
40 38 1
40 39 2
41 0 4
41 1 4
41 2 2
41 3 1
41 4 4
41 5 3
41 6 2
41 7 2
41 8 2
41 9 3
41 10 3
41 11 2
41 12 3
41 13 1
41 14 3
41 15 2
41 16 4
41 17 2
41 18 4
41 19 1
41 20 3
41 21 4
41 22 2
41 23 1
41 24 4
41 25 3
41 26 4
41 27 1
41 28 3
41 29 2
41 30 2
41 31 2
41 32 1
41 33 1
41 34 2
41 35 1
41 36 3
41 37 1
41 38 3
41 39 2
41 40 2
42 0 1
42 1 4
42 2 3
42 3 2
42 4 2
42 5 4
42 6 4
42 7 3
42 8 2
42 9 4
42 10 2
42 11 2
42 12 2
42 13 3
42 14 4
42 15 1
42 16 3
42 17 3
42 18 3
42 19 3
42 20 2
42 21 2
42 22 4
42 23 1
42 24 3
42 25 2
42 26 4
42 27 4
42 28 3
42 29 4
42 30 4
42 31 2
42 32 3
42 33 3
42 34 1
42 35 1
42 36 4
42 37 2
42 38 1
42 39 4
42 40 4
42 41 2
43 0 3
43 1 1
43 2 1
43 3 3
43 4 1
43 5 2
43 6 4
43 7 4
43 8 3
43 9 1
43 10 3
43 11 3
43 12 2
43 13 3
43 14 2
43 15 3
43 16 4
43 17 2
43 18 1
43 19 4
43 20 4
43 21 2
43 22 4
43 23 3
43 24 1
43 25 2
43 26 3
43 27 2
43 28 1
43 29 1
43 30 4
43 31 1
43 32 4
43 33 3
43 34 4
43 35 4
43 36 4
43 37 1
43 38 1
43 39 3
43 40 4
43 41 1
43 42 2
44 0 4
44 1 3
44 2 2
44 3 2
44 4 2
44 5 1
44 6 2
44 7 2
44 8 1
44 9 2
44 10 4
44 11 2
44 12 3
44 13 3
44 14 2
44 15 1
44 16 3
44 17 3
44 18 1
44 19 2
44 20 4
44 21 4
44 22 1
44 23 2
44 24 2
44 25 1
44 26 4
44 27 3
44 28 3
44 29 3
44 30 3
44 31 2
44 32 2
44 33 1
44 34 2
44 35 2
44 36 2
44 37 3
44 38 1
44 39 4
44 40 1
44 41 3
44 42 1
44 43 2
45 0 1
45 1 3
45 2 4
45 3 3
45 4 4
45 5 1
45 6 1
45 7 2
45 8 2
45 9 2
45 10 1
45 11 1
45 12 3
45 13 1
45 14 2
45 15 1
45 16 4
45 17 2
45 18 4
45 19 2
45 20 2
45 21 2
45 22 1
45 23 3
45 24 3
45 25 2
45 26 1
45 27 3
45 28 4
45 29 4
45 30 2
45 31 2
45 32 4
45 33 2
45 34 3
45 35 3
45 36 2
45 37 2
45 38 1
45 39 1
45 40 3
45 41 4
45 42 2
45 43 2
45 44 2
46 0 4
46 1 1
46 2 3
46 3 1
46 4 1
46 5 4
46 6 3
46 7 1
46 8 3
46 9 1
46 10 4
46 11 4
46 12 1
46 13 1
46 14 2
46 15 3
46 16 4
46 17 1
46 18 1
46 19 2
46 20 1
46 21 1
46 22 1
46 23 4
46 24 2
46 25 1
46 26 2
46 27 4
46 28 4
46 29 2
46 30 2
46 31 4
46 32 2
46 33 4
46 34 3
46 35 3
46 36 4
46 37 3
46 38 2
46 39 2
46 40 3
46 41 4
46 42 1
46 43 3
46 44 2
46 45 3
47 0 4
47 1 2
47 2 2
47 3 2
47 4 2
47 5 2
47 6 4
47 7 4
47 8 4
47 9 4
47 10 3
47 11 4
47 12 4
47 13 1
47 14 3
47 15 2
47 16 1
47 17 4
47 18 3
47 19 4
47 20 2
47 21 1
47 22 1
47 23 4
47 24 3
47 25 3
47 26 3
47 27 3
47 28 4
47 29 2
47 30 3
47 31 1
47 32 3
47 33 3
47 34 3
47 35 2
47 36 2
47 37 3
47 38 4
47 39 4
47 40 4
47 41 2
47 42 4
47 43 1
47 44 4
47 45 4
47 46 4
48 0 4
48 1 1
48 2 3
48 3 2
48 4 3
48 5 4
48 6 4
48 7 1
48 8 2
48 9 3
48 10 4
48 11 4
48 12 1
48 13 4
48 14 3
48 15 4
48 16 4
48 17 4
48 18 1
48 19 4
48 20 3
48 21 3
48 22 2
48 23 3
48 24 1
48 25 1
48 26 3
48 27 1
48 28 3
48 29 3
48 30 3
48 31 3
48 32 2
48 33 4
48 34 3
48 35 2
48 36 4
48 37 3
48 38 3
48 39 3
48 40 4
48 41 2
48 42 1
48 43 4
48 44 4
48 45 4
48 46 3
48 47 4
49 0 1
49 1 3
49 2 4
49 3 4
49 4 2
49 5 2
49 6 1
49 7 4
49 8 3
49 9 2
49 10 4
49 11 1
49 12 4
49 13 4
49 14 2
49 15 2
49 16 4
49 17 4
49 18 1
49 19 3
49 20 2
49 21 1
49 22 2
49 23 4
49 24 4
49 25 3
49 26 1
49 27 1
49 28 2
49 29 1
49 30 2
49 31 3
49 32 3
49 33 3
49 34 1
49 35 4
49 36 2
49 37 3
49 38 1
49 39 2
49 40 1
49 41 3
49 42 3
49 43 4
49 44 4
49 45 4
49 46 4
49 47 3
49 48 3
50 0 2
50 1 4
50 2 2
50 3 1
50 4 2
50 5 3
50 6 1
50 7 3
50 8 2
50 9 2
50 10 1
50 11 3
50 12 3
50 13 4
50 14 3
50 15 1
50 16 3
50 17 1
50 18 3
50 19 3
50 20 2
50 21 2
50 22 3
50 23 3
50 24 2
50 25 1
50 26 2
50 27 4
50 28 3
50 29 4
50 30 2
50 31 4
50 32 3
50 33 1
50 34 2
50 35 1
50 36 1
50 37 3
50 38 4
50 39 4
50 40 1
50 41 1
50 42 4
50 43 4
50 44 2
50 45 2
50 46 1
50 47 2
50 48 3
50 49 4
51 0 1
51 1 4
51 2 4
51 3 3
51 4 4
51 5 4
51 6 1
51 7 3
51 8 4
51 9 3
51 10 4
51 11 2
51 12 3
51 13 3
51 14 4
51 15 1
51 16 4
51 17 3
51 18 3
51 19 4
51 20 3
51 21 1
51 22 4
51 23 2
51 24 3
51 25 4
51 26 4
51 27 1
51 28 1
51 29 1
51 30 1
51 31 2
51 32 3
51 33 1
51 34 2
51 35 3
51 36 4
51 37 2
51 38 4
51 39 3
51 40 2
51 41 4
51 42 4
51 43 4
51 44 3
51 45 4
51 46 4
51 47 1
51 48 1
51 49 4
51 50 4
52 0 1
52 1 2
52 2 4
52 3 1
52 4 1
52 5 2
52 6 1
52 7 1
52 8 1
52 9 1
52 10 1
52 11 3
52 12 2
52 13 1
52 14 3
52 15 1
52 16 3
52 17 1
52 18 4
52 19 4
52 20 2
52 21 4
52 22 1
52 23 1
52 24 4
52 25 3
52 26 4
52 27 4
52 28 1
52 29 1
52 30 4
52 31 3
52 32 1
52 33 2
52 34 3
52 35 1
52 36 2
52 37 4
52 38 1
52 39 4
52 40 2
52 41 4
52 42 3
52 43 4
52 44 1
52 45 3
52 46 4
52 47 4
52 48 2
52 49 1
52 50 4
52 51 4
53 0 1
53 1 2
53 2 4
53 3 3
53 4 3
53 5 3
53 6 4
53 7 3
53 8 3
53 9 1
53 10 3
53 11 1
53 12 2
53 13 1
53 14 2
53 15 4
53 16 4
53 17 4
53 18 1
53 19 2
53 20 1
53 21 4
53 22 1
53 23 3
53 24 4
53 25 2
53 26 3
53 27 4
53 28 3
53 29 2
53 30 1
53 31 2
53 32 1
53 33 3
53 34 4
53 35 3
53 36 4
53 37 2
53 38 1
53 39 2
53 40 2
53 41 4
53 42 4
53 43 1
53 44 4
53 45 4
53 46 1
53 47 2
53 48 2
53 49 4
53 50 3
53 51 4
53 52 3
54 0 2
54 1 3
54 2 2
54 3 2
54 4 2
54 5 2
54 6 4
54 7 3
54 8 1
54 9 2
54 10 1
54 11 3
54 12 1
54 13 4
54 14 4
54 15 4
54 16 3
54 17 4
54 18 3
54 19 1
54 20 3
54 21 3
54 22 3
54 23 2
54 24 4
54 25 3
54 26 2
54 27 2
54 28 1
54 29 2
54 30 4
54 31 3
54 32 3
54 33 1
54 34 1
54 35 2
54 36 4
54 37 2
54 38 2
54 39 4
54 40 3
54 41 2
54 42 1
54 43 3
54 44 3
54 45 4
54 46 4
54 47 1
54 48 2
54 49 2
54 50 1
54 51 4
54 52 1
54 53 3
55 0 1
55 1 4
55 2 4
55 3 2
55 4 2
55 5 1
55 6 1
55 7 1
55 8 2
55 9 1
55 10 2
55 11 4
55 12 3
55 13 1
55 14 1
55 15 3
55 16 3
55 17 4
55 18 4
55 19 4
55 20 1
55 21 2
55 22 3
55 23 3
55 24 4
55 25 2
55 26 3
55 27 3
55 28 1
55 29 3
55 30 2
55 31 3
55 32 3
55 33 2
55 34 1
55 35 3
55 36 2
55 37 4
55 38 3
55 39 1
55 40 4
55 41 1
55 42 4
55 43 3
55 44 4
55 45 1
55 46 3
55 47 2
55 48 3
55 49 2
55 50 3
55 51 1
55 52 2
55 53 4
55 54 1
56 0 3
56 1 4
56 2 3
56 3 4
56 4 3
56 5 4
56 6 3
56 7 4
56 8 1
56 9 2
56 10 4
56 11 4
56 12 4
56 13 1
56 14 4
56 15 4
56 16 3
56 17 3
56 18 2
56 19 4
56 20 4
56 21 1
56 22 3
56 23 3
56 24 1
56 25 2
56 26 1
56 27 3
56 28 4
56 29 3
56 30 1
56 31 1
56 32 2
56 33 4
56 34 4
56 35 3
56 36 3
56 37 1
56 38 1
56 39 4
56 40 1
56 41 1
56 42 1
56 43 4
56 44 2
56 45 4
56 46 4
56 47 2
56 48 2
56 49 1
56 50 1
56 51 3
56 52 1
56 53 3
56 54 3
56 55 3
57 0 4
57 1 4
57 2 4
57 3 2
57 4 2
57 5 2
57 6 3
57 7 1
57 8 4
57 9 2
57 10 1
57 11 4
57 12 2
57 13 3
57 14 4
57 15 3
57 16 3
57 17 1
57 18 2
57 19 3
57 20 2
57 21 2
57 22 3
57 23 4
57 24 4
57 25 1
57 26 2
57 27 3
57 28 4
57 29 3
57 30 3
57 31 4
57 32 3
57 33 4
57 34 2
57 35 2
57 36 2
57 37 2
57 38 2
57 39 1
57 40 1
57 41 2
57 42 4
57 43 3
57 44 1
57 45 4
57 46 1
57 47 3
57 48 4
57 49 4
57 50 2
57 51 4
57 52 3
57 53 1
57 54 3
57 55 1
57 56 2
58 0 2
58 1 4
58 2 1
58 3 1
58 4 2
58 5 2
58 6 2
58 7 2
58 8 4
58 9 1
58 10 2
58 11 2
58 12 3
58 13 4
58 14 3
58 15 3
58 16 4
58 17 3
58 18 2
58 19 2
58 20 2
58 21 2
58 22 4
58 23 3
58 24 1
58 25 1
58 26 3
58 27 4
58 28 4
58 29 1
58 30 4
58 31 2
58 32 2
58 33 2
58 34 1
58 35 2
58 36 1
58 37 3
58 38 1
58 39 2
58 40 3
58 41 3
58 42 3
58 43 4
58 44 3
58 45 2
58 46 3
58 47 4
58 48 4
58 49 2
58 50 2
58 51 3
58 52 3
58 53 3
58 54 3
58 55 2
58 56 2
58 57 4
59 0 1
59 1 1
59 2 1
59 3 1
59 4 4
59 5 3
59 6 4
59 7 4
59 8 1
59 9 1
59 10 2
59 11 1
59 12 2
59 13 4
59 14 2
59 15 2
59 16 3
59 17 2
59 18 4
59 19 3
59 20 1
59 21 1
59 22 2
59 23 1
59 24 4
59 25 3
59 26 4
59 27 3
59 28 4
59 29 2
59 30 1
59 31 1
59 32 1
59 33 3
59 34 4
59 35 4
59 36 3
59 37 2
59 38 3
59 39 4
59 40 4
59 41 2
59 42 4
59 43 1
59 44 4
59 45 3
59 46 2
59 47 1
59 48 4
59 49 1
59 50 4
59 51 2
59 52 1
59 53 3
59 54 1
59 55 2
59 56 3
59 57 4
59 58 4
