40
1 0 2
2 0 3
2 1 3
3 0 1
3 1 3
3 2 5
4 0 2
4 1 3
4 2 5
4 3 4
5 0 4
5 1 4
5 2 1
5 3 2
5 4 2
6 0 3
6 1 1
6 2 3
6 3 5
6 4 2
6 5 3
7 0 3
7 1 4
7 2 2
7 3 5
7 4 5
7 5 3
7 6 4
8 0 5
8 1 3
8 2 4
8 3 1
8 4 4
8 5 3
8 6 3
8 7 4
9 0 4
9 1 3
9 2 2
9 3 1
9 4 3
9 5 5
9 6 3
9 7 2
9 8 3
10 0 4
10 1 5
10 2 2
10 3 2
10 4 4
10 5 4
10 6 3
10 7 1
10 8 4
10 9 4
11 0 5
11 1 1
11 2 4
11 3 1
11 4 3
11 5 2
11 6 3
11 7 1
11 8 1
11 9 1
11 10 4
12 0 5
12 1 4
12 2 4
12 3 3
12 4 4
12 5 3
12 6 2
12 7 4
12 8 2
12 9 5
12 10 3
12 11 1
13 0 5
13 1 4
13 2 3
13 3 5
13 4 2
13 5 4
13 6 4
13 7 3
13 8 2
13 9 4
13 10 1
13 11 2
13 12 3
14 0 1
14 1 3
14 2 2
14 3 1
14 4 2
14 5 4
14 6 5
14 7 1
14 8 5
14 9 3
14 10 1
14 11 1
14 12 2
14 13 3
15 0 2
15 1 5
15 2 1
15 3 5
15 4 2
15 5 2
15 6 3
15 7 2
15 8 5
15 9 2
15 10 2
15 11 4
15 12 5
15 13 1
15 14 4
16 0 4
16 1 2
16 2 3
16 3 1
16 4 1
16 5 5
16 6 1
16 7 5
16 8 1
16 9 4
16 10 1
16 11 2
16 12 1
16 13 2
16 14 4
16 15 3
17 0 1
17 1 3
17 2 1
17 3 2
17 4 5
17 5 1
17 6 1
17 7 5
17 8 1
17 9 3
17 10 4
17 11 3
17 12 1
17 13 3
17 14 4
17 15 3
17 16 5
18 0 3
18 1 5
18 2 2
18 3 1
18 4 2
18 5 5
18 6 2
18 7 4
18 8 1
18 9 2
18 10 5
18 11 4
18 12 3
18 13 2
18 14 2
18 15 4
18 16 1
18 17 2
19 0 2
19 1 5
19 2 1
19 3 2
19 4 2
19 5 2
19 6 5
19 7 3
19 8 4
19 9 5
19 10 4
19 11 1
19 12 2
19 13 5
19 14 1
19 15 3
19 16 1
19 17 4
19 18 4
20 0 3
20 1 5
20 2 1
20 3 4
20 4 4
20 5 4
20 6 3
20 7 4
20 8 3
20 9 1
20 10 1
20 11 2
20 12 4
20 13 5
20 14 4
20 15 3
20 16 5
20 17 2
20 18 1
20 19 3
21 0 1
21 1 5
21 2 3
21 3 3
21 4 4
21 5 2
21 6 2
21 7 4
21 8 5
21 9 2
21 10 2
21 11 3
21 12 5
21 13 2
21 14 4
21 15 2
21 16 2
21 17 3
21 18 3
21 19 2
21 20 2
22 0 5
22 1 2
22 2 5
22 3 1
22 4 2
22 5 3
22 6 5
22 7 1
22 8 2
22 9 4
22 10 4
22 11 1
22 12 3
22 13 2
22 14 1
22 15 4
22 16 5
22 17 2
22 18 5
22 19 3
22 20 3
22 21 2
23 0 4
23 1 3
23 2 1
23 3 4
23 4 1
23 5 1
23 6 4
23 7 2
23 8 3
23 9 1
23 10 4
23 11 2
23 12 3
23 13 2
23 14 2
23 15 5
23 16 3
23 17 5
23 18 1
23 19 3
23 20 4
23 21 4
23 22 3
24 0 3
24 1 1
24 2 5
24 3 4
24 4 2
24 5 3
24 6 2
24 7 5
24 8 4
24 9 5
24 10 3
24 11 3
24 12 4
24 13 5
24 14 1
24 15 2
24 16 4
24 17 1
24 18 5
24 19 1
24 20 1
24 21 4
24 22 3
24 23 5
25 0 2
25 1 4
25 2 2
25 3 4
25 4 4
25 5 3
25 6 2
25 7 3
25 8 5
25 9 4
25 10 3
25 11 1
25 12 3
25 13 1
25 14 5
25 15 2
25 16 2
25 17 5
25 18 5
25 19 5
25 20 2
25 21 4
25 22 5
25 23 5
25 24 4
26 0 3
26 1 3
26 2 2
26 3 3
26 4 3
26 5 5
26 6 5
26 7 2
26 8 3
26 9 1
26 10 3
26 11 2
26 12 4
26 13 1
26 14 4
26 15 1
26 16 4
26 17 4
26 18 4
26 19 3
26 20 4
26 21 4
26 22 3
26 23 2
26 24 4
26 25 4
27 0 1
27 1 3
27 2 2
27 3 5
27 4 1
27 5 4
27 6 4
27 7 2
27 8 5
27 9 1
27 10 1
27 11 1
27 12 3
27 13 2
27 14 5
27 15 3
27 16 4
27 17 5
27 18 5
27 19 5
27 20 1
27 21 5
27 22 2
27 23 2
27 24 1
27 25 5
27 26 4
28 0 1
28 1 3
28 2 3
28 3 3
28 4 3
28 5 4
28 6 2
28 7 1
28 8 1
28 9 2
28 10 2
28 11 4
28 12 4
28 13 5
28 14 1
28 15 5
28 16 5
28 17 3
28 18 4
28 19 5
28 20 4
28 21 1
28 22 2
28 23 3
28 24 5
28 25 3
28 26 2
28 27 5
29 0 1
29 1 5
29 2 2
29 3 5
29 4 1
29 5 3
29 6 4
29 7 3
29 8 3
29 9 3
29 10 3
29 11 4
29 12 4
29 13 5
29 14 1
29 15 2
29 16 2
29 17 2
29 18 3
29 19 2
29 20 4
29 21 4
29 22 4
29 23 3
29 24 4
29 25 5
29 26 2
29 27 3
29 28 4
30 0 5
30 1 4
30 2 3
30 3 2
30 4 1
30 5 2
30 6 4
30 7 4
30 8 2
30 9 5
30 10 1
30 11 3
30 12 1
30 13 2
30 14 2
30 15 5
30 16 5
30 17 1
30 18 5
30 19 5
30 20 5
30 21 3
30 22 2
30 23 2
30 24 5
30 25 5
30 26 5
30 27 4
30 28 3
30 29 2
31 0 5
31 1 2
31 2 3
31 3 3
31 4 4
31 5 5
31 6 4
31 7 1
31 8 1
31 9 1
31 10 4
31 11 4
31 12 5
31 13 2
31 14 5
31 15 1
31 16 2
31 17 4
31 18 2
31 19 1
31 20 2
31 21 5
31 22 5
31 23 5
31 24 2
31 25 1
31 26 1
31 27 5
31 28 4
31 29 3
31 30 2
32 0 1
32 1 1
32 2 3
32 3 3
32 4 4
32 5 3
32 6 2
32 7 1
32 8 2
32 9 5
32 10 3
32 11 5
32 12 1
32 13 1
32 14 5
32 15 2
32 16 2
32 17 1
32 18 2
32 19 3
32 20 3
32 21 3
32 22 5
32 23 2
32 24 3
32 25 4
32 26 2
32 27 5
32 28 2
32 29 3
32 30 3
32 31 3
33 0 4
33 1 4
33 2 3
33 3 5
33 4 1
33 5 3
33 6 1
33 7 1
33 8 3
33 9 4
33 10 1
33 11 4
33 12 4
33 13 4
33 14 3
33 15 1
33 16 4
33 17 2
33 18 2
33 19 2
33 20 2
33 21 4
33 22 1
33 23 2
33 24 4
33 25 1
33 26 3
33 27 1
33 28 3
33 29 2
33 30 3
33 31 5
33 32 1
34 0 4
34 1 2
34 2 2
34 3 4
34 4 3
34 5 4
34 6 2
34 7 1
34 8 3
34 9 5
34 10 1
34 11 5
34 12 1
34 13 3
34 14 2
34 15 1
34 16 4
34 17 1
34 18 5
34 19 5
34 20 4
34 21 1
34 22 5
34 23 5
34 24 3
34 25 2
34 26 5
34 27 4
34 28 5
34 29 1
34 30 1
34 31 2
34 32 5
34 33 2
35 0 2
35 1 5
35 2 1
35 3 5
35 4 2
35 5 5
35 6 3
35 7 4
35 8 1
35 9 4
35 10 3
35 11 1
35 12 1
35 13 5
35 14 3
35 15 2
35 16 1
35 17 3
35 18 2
35 19 4
35 20 2
35 21 1
35 22 1
35 23 1
35 24 2
35 25 4
35 26 2
35 27 1
35 28 3
35 29 1
35 30 4
35 31 4
35 32 4
35 33 3
35 34 1
36 0 3
36 1 3
36 2 3
36 3 2
36 4 5
36 5 5
36 6 5
36 7 1
36 8 4
36 9 3
36 10 4
36 11 1
36 12 5
36 13 3
36 14 1
36 15 3
36 16 3
36 17 2
36 18 1
36 19 5
36 20 2
36 21 2
36 22 2
36 23 4
36 24 4
36 25 2
36 26 2
36 27 4
36 28 2
36 29 3
36 30 4
36 31 1
36 32 2
36 33 2
36 34 2
36 35 3
37 0 2
37 1 5
37 2 2
37 3 3
37 4 5
37 5 4
37 6 4
37 7 3
37 8 2
37 9 1
37 10 3
37 11 2
37 12 4
37 13 4
37 14 3
37 15 4
37 16 1
37 17 2
37 18 2
37 19 1
37 20 3
37 21 3
37 22 4
37 23 4
37 24 2
37 25 2
37 26 2
37 27 3
37 28 2
37 29 4
37 30 1
37 31 1
37 32 2
37 33 4
37 34 5
37 35 5
37 36 5
38 0 3
38 1 3
38 2 2
38 3 4
38 4 5
38 5 2
38 6 4
38 7 1
38 8 3
38 9 2
38 10 4
38 11 2
38 12 1
38 13 2
38 14 1
38 15 1
38 16 1
38 17 1
38 18 5
38 19 2
38 20 2
38 21 4
38 22 3
38 23 5
38 24 1
38 25 1
38 26 2
38 27 1
38 28 2
38 29 5
38 30 5
38 31 1
38 32 3
38 33 3
38 34 1
38 35 3
38 36 4
38 37 5
39 0 3
39 1 2
39 2 4
39 3 1
39 4 5
39 5 2
39 6 2
39 7 4
39 8 3
39 9 4
39 10 3
39 11 4
39 12 5
39 13 5
39 14 1
39 15 4
39 16 1
39 17 2
39 18 4
39 19 4
39 20 5
39 21 1
39 22 2
39 23 2
39 24 3
39 25 1
39 26 1
39 27 3
39 28 5
39 29 3
39 30 1
39 31 2
39 32 5
39 33 5
39 34 3
39 35 4
39 36 5
39 37 4
39 38 2
