40
2 0 2
2 1 2
3 1 7
3 2 8
4 0 3
4 1 1
5 1 1
5 3 1
6 1 5
6 2 3
7 0 5
7 3 6
7 4 6
7 5 2
7 6 5
8 0 2
8 1 5
8 2 8
9 0 7
9 1 7
9 3 4
9 5 7
9 6 1
9 7 4
9 8 6
10 2 5
10 4 2
10 5 7
10 6 3
11 0 6
11 1 3
11 2 3
11 6 6
11 9 7
11 10 5
12 1 7
12 4 1
12 6 8
12 10 2
12 11 7
13 1 1
13 2 4
13 4 1
13 5 2
13 6 1
13 7 6
13 8 1
13 9 5
13 10 8
13 11 1
14 3 5
14 4 6
14 6 2
14 7 6
14 8 7
14 10 6
14 12 7
14 13 3
15 0 6
15 2 3
15 4 3
15 6 4
15 9 2
15 10 3
15 11 2
15 14 2
16 0 2
16 4 6
16 8 7
16 10 6
16 11 8
16 12 7
16 13 4
17 1 5
17 2 2
17 3 5
17 4 2
17 5 3
17 8 4
17 11 8
17 12 1
17 14 8
17 15 4
18 0 2
18 3 8
18 5 4
18 7 8
18 8 6
18 9 1
18 10 5
18 13 4
18 14 3
18 15 2
19 0 6
19 2 2
19 4 5
19 5 8
19 8 2
19 9 4
19 11 7
19 13 8
19 15 1
19 16 5
19 17 5
19 18 4
20 2 6
20 3 3
20 5 1
20 7 7
20 9 7
20 15 7
20 17 7
21 1 5
21 5 5
21 7 5
21 8 6
21 10 4
21 11 4
21 13 5
21 15 7
21 19 4
22 1 5
22 6 4
22 8 2
22 11 1
22 12 7
22 15 1
22 17 3
22 18 6
23 6 3
23 9 3
23 10 1
23 12 4
23 16 2
23 17 6
23 19 6
23 20 5
24 0 5
24 2 7
24 4 5
24 10 3
24 11 4
24 14 1
24 16 7
24 19 6
24 21 2
24 23 5
25 2 6
25 3 2
25 10 7
25 12 5
25 13 5
25 14 3
25 15 6
25 18 8
25 20 8
25 22 8
25 24 4
26 0 7
26 5 5
26 6 7
26 7 6
26 10 3
26 12 8
26 13 4
26 14 6
26 17 2
26 18 3
26 21 8
26 25 8
27 2 8
27 4 8
27 7 6
27 8 1
27 9 3
27 12 7
27 17 1
27 18 2
27 19 3
27 21 4
27 22 2
27 23 2
27 24 2
27 25 8
28 1 2
28 2 2
28 3 4
28 11 7
28 13 7
28 15 8
28 16 4
28 18 4
28 19 1
28 25 7
28 26 7
28 27 3
29 1 4
29 3 1
29 4 7
29 5 1
29 7 5
29 9 6
29 10 8
29 11 7
29 13 1
29 15 2
29 17 5
29 18 1
29 19 2
29 20 4
29 21 5
29 24 1
29 27 2
29 28 2
30 5 1
30 9 6
30 10 8
30 11 6
30 12 6
30 14 5
30 15 2
30 17 7
30 21 5
30 22 8
30 24 4
30 25 1
30 26 7
31 0 1
31 1 3
31 7 1
31 12 7
31 14 8
31 15 6
31 20 7
31 22 2
31 27 8
32 0 3
32 1 6
32 8 7
32 10 7
32 16 2
32 18 1
32 19 1
32 20 5
32 21 5
32 23 6
32 24 6
32 26 1
32 28 7
32 29 3
32 31 1
33 0 2
33 3 4
33 4 6
33 7 3
33 8 7
33 9 5
33 10 1
33 13 4
33 18 4
33 19 2
33 20 3
33 21 2
33 22 7
33 23 3
33 25 5
33 28 5
33 29 8
33 30 4
34 1 6
34 2 4
34 3 4
34 5 6
34 6 8
34 9 2
34 11 4
34 17 5
34 18 6
34 21 4
34 25 1
34 26 3
34 27 4
34 31 1
35 0 1
35 1 4
35 3 7
35 4 5
35 7 4
35 10 2
35 12 7
35 14 2
35 18 2
35 19 8
35 20 1
35 21 2
35 23 2
35 28 1
35 29 5
35 30 5
35 31 7
35 32 7
35 34 5
36 0 2
36 1 8
36 3 8
36 4 4
36 6 6
36 7 4
36 8 6
36 9 4
36 11 6
36 12 1
36 14 3
36 17 4
36 18 1
36 19 8
36 21 6
36 22 8
36 23 5
36 25 1
36 27 3
36 29 4
36 31 2
37 1 1
37 2 1
37 3 7
37 5 2
37 6 8
37 7 7
37 8 8
37 15 8
37 17 8
37 19 8
37 24 3
37 25 5
37 26 6
37 27 5
37 28 6
37 34 7
37 35 5
37 36 1
38 2 1
38 3 1
38 4 4
38 6 7
38 7 7
38 8 3
38 9 2
38 16 4
38 17 3
38 19 1
38 20 4
38 22 1
38 26 4
38 27 3
38 28 1
38 29 2
38 31 4
38 32 7
38 33 7
38 36 7
38 37 4
39 2 7
39 5 7
39 9 5
39 13 1
39 17 8
39 19 5
39 24 5
39 26 7
39 28 8
39 36 1
39 37 1
39 38 6
