60
2 0 6
3 0 3
4 2 2
5 0 3
5 1 3
5 2 6
5 3 4
5 4 1
6 0 6
6 4 4
7 0 6
7 1 4
7 2 1
8 1 2
8 2 6
8 4 3
8 5 1
9 0 2
9 1 4
9 2 5
9 3 1
9 5 2
9 7 3
9 8 6
10 1 2
10 4 3
10 6 3
10 7 5
11 0 3
11 1 6
11 3 5
11 4 3
11 5 2
11 8 2
11 10 2
12 1 3
12 2 2
12 3 6
12 4 3
12 11 3
13 3 5
13 6 6
13 8 6
13 9 6
13 10 4
13 12 5
14 0 1
14 1 6
14 5 3
14 7 2
14 8 4
14 11 3
14 12 5
14 13 6
15 1 1
15 3 5
15 4 6
15 6 3
15 8 1
15 10 4
16 0 1
16 1 2
16 4 4
16 5 1
16 7 6
16 8 4
16 14 1
17 7 5
17 8 5
17 9 6
17 10 3
17 11 1
17 12 2
17 13 1
17 14 1
18 0 1
18 3 3
18 4 6
18 8 6
18 9 3
18 10 3
18 11 1
18 13 1
18 14 6
18 16 4
18 17 3
19 2 3
19 6 4
19 8 1
19 11 3
19 12 3
19 13 3
19 14 2
19 17 6
20 0 5
20 4 6
20 5 2
20 9 5
20 12 6
20 13 2
20 14 2
20 16 6
20 19 1
21 1 1
21 2 2
21 3 1
21 4 1
21 5 4
21 6 3
21 8 1
21 9 5
21 10 3
21 14 3
21 15 4
21 19 6
22 0 3
22 3 3
22 6 4
22 7 2
22 10 1
22 13 6
22 15 3
22 20 1
22 21 5
23 0 1
23 5 3
23 7 5
23 10 2
23 13 2
23 16 3
23 17 4
23 20 2
23 22 1
24 0 6
24 4 3
24 6 6
24 7 4
24 12 3
24 14 5
24 16 4
24 17 1
24 18 5
24 19 5
24 21 4
24 22 1
24 23 3
25 1 3
25 3 1
25 5 4
25 15 6
25 16 3
25 18 4
25 20 5
25 22 4
25 23 4
26 2 5
26 10 1
26 12 1
26 15 4
26 18 1
26 21 1
26 25 1
27 0 3
27 1 3
27 2 5
27 6 1
27 7 1
27 10 4
27 11 2
27 12 4
27 13 6
27 16 4
27 17 6
27 20 2
27 22 3
27 26 3
28 1 6
28 3 4
28 7 5
28 8 6
28 9 1
28 10 2
28 11 1
28 12 5
28 13 2
28 14 6
28 16 3
28 20 5
29 2 2
29 6 4
29 7 3
29 10 3
29 13 5
29 14 1
29 15 1
29 16 2
29 20 2
29 23 2
29 28 4
30 0 2
30 2 6
30 3 1
30 4 2
30 5 4
30 6 2
30 8 3
30 11 3
30 13 4
30 14 2
30 15 4
30 17 6
30 22 4
30 25 2
30 26 4
31 2 6
31 3 3
31 4 3
31 5 3
31 7 4
31 10 4
31 11 2
31 13 1
31 14 3
31 16 4
31 18 6
31 21 6
31 24 3
31 26 4
31 27 1
31 30 2
32 0 1
32 1 4
32 2 3
32 3 5
32 4 1
32 7 2
32 9 6
32 10 1
32 11 4
32 13 1
32 16 6
32 18 5
32 20 4
32 21 5
32 23 6
32 26 3
32 28 3
32 30 4
33 0 4
33 1 2
33 2 6
33 3 6
33 4 5
33 5 2
33 8 2
33 9 3
33 10 3
33 11 2
33 12 3
33 13 4
33 14 6
33 17 3
33 18 4
33 19 4
33 22 2
33 26 1
33 27 2
33 29 5
33 32 1
34 0 3
34 2 3
34 4 2
34 6 1
34 8 6
34 10 1
34 11 4
34 13 2
34 17 6
34 18 1
34 19 1
34 21 1
34 23 4
34 25 3
34 26 5
34 27 4
34 29 2
34 32 6
34 33 1
35 1 4
35 2 3
35 3 3
35 5 4
35 6 1
35 7 2
35 8 5
35 9 6
35 10 1
35 13 3
35 14 4
35 15 5
35 16 2
35 17 2
35 18 6
35 21 2
35 23 2
35 24 1
35 26 1
35 27 1
35 29 6
35 30 6
35 31 5
36 1 2
36 4 4
36 6 2
36 9 2
36 12 2
36 13 1
36 14 2
36 16 5
36 21 6
36 22 1
36 26 2
36 27 5
36 33 4
36 34 6
36 35 6
37 0 1
37 3 6
37 5 5
37 8 2
37 9 6
37 13 6
37 14 5
37 15 4
37 26 1
37 27 6
37 32 2
37 34 2
38 0 1
38 3 4
38 7 1
38 14 1
38 15 5
38 16 4
38 17 3
38 19 1
38 21 4
38 23 4
38 26 4
38 27 4
38 28 4
38 29 2
38 31 5
38 36 6
39 3 2
39 4 6
39 5 5
39 7 1
39 10 1
39 16 1
39 17 5
39 20 2
39 23 5
39 24 2
39 25 4
39 26 4
39 31 2
39 34 1
39 36 2
40 2 5
40 3 3
40 4 5
40 7 4
40 11 4
40 12 1
40 13 2
40 14 6
40 17 2
40 18 4
40 21 5
40 23 1
40 26 2
40 27 1
40 28 5
40 30 5
40 32 6
40 33 4
40 34 5
40 35 2
40 36 5
40 38 4
41 0 4
41 1 2
41 2 2
41 4 2
41 5 5
41 8 6
41 10 6
41 12 5
41 14 1
41 18 3
41 24 5
41 26 1
41 27 2
41 28 3
41 31 6
41 32 2
41 33 1
41 34 3
41 35 6
41 36 3
41 38 5
42 1 5
42 2 5
42 3 4
42 6 1
42 7 6
42 9 1
42 10 2
42 11 6
42 12 5
42 14 2
42 15 4
42 16 5
42 19 5
42 21 2
42 22 6
42 23 6
42 25 4
42 27 6
42 31 5
42 33 6
42 35 3
42 37 3
42 39 4
42 40 5
42 41 3
43 0 3
43 4 1
43 8 6
43 10 6
43 12 6
43 14 5
43 15 5
43 16 5
43 18 1
43 19 4
43 20 1
43 21 2
43 22 4
43 23 6
43 27 2
43 28 2
43 30 5
43 31 3
43 32 2
43 33 2
43 34 2
43 38 5
43 41 4
43 42 4
44 0 2
44 1 1
44 7 3
44 8 5
44 9 3
44 14 1
44 20 1
44 21 2
44 22 6
44 26 4
44 27 2
44 30 1
44 33 4
44 35 1
44 36 6
44 37 5
44 38 3
44 39 4
44 41 6
45 0 4
45 1 2
45 7 5
45 8 5
45 9 2
45 10 5
45 11 4
45 12 5
45 14 6
45 15 2
45 16 2
45 17 3
45 23 5
45 25 1
45 27 1
45 28 4
45 30 4
45 33 5
45 35 4
45 36 3
45 41 2
46 1 2
46 2 6
46 5 1
46 6 2
46 7 5
46 10 1
46 14 4
46 15 2
46 16 4
46 17 6
46 18 6
46 19 2
46 20 2
46 21 6
46 26 2
46 29 1
46 33 5
46 34 6
46 35 1
46 38 6
46 40 5
46 43 2
46 44 2
47 0 5
47 1 6
47 3 5
47 4 1
47 5 4
47 6 6
47 8 4
47 10 5
47 12 4
47 14 4
47 17 3
47 18 6
47 20 1
47 24 6
47 27 3
47 30 4
47 31 2
47 32 2
47 38 2
47 39 1
47 40 5
47 41 5
47 45 1
47 46 2
48 7 5
48 8 2
48 10 6
48 12 3
48 14 4
48 16 6
48 17 4
48 18 4
48 19 2
48 22 5
48 24 4
48 27 2
48 31 2
48 32 1
48 33 5
48 35 4
48 36 3
48 37 5
48 39 1
48 41 1
48 43 5
48 44 1
48 45 2
48 47 6
49 3 2
49 4 3
49 7 1
49 11 2
49 13 4
49 17 1
49 18 6
49 19 3
49 21 1
49 22 6
49 27 2
49 28 6
49 30 6
49 33 4
49 34 3
49 36 5
49 39 1
49 41 6
49 42 1
49 43 5
49 44 1
49 48 4
50 3 1
50 6 1
50 7 2
50 8 3
50 9 5
50 10 3
50 11 3
50 17 1
50 23 6
50 27 5
50 29 1
50 30 5
50 31 1
50 32 2
50 34 6
50 35 4
50 36 5
50 37 4
50 40 2
50 41 5
50 42 3
50 43 2
50 48 3
51 0 6
51 1 5
51 3 1
51 9 6
51 12 5
51 13 4
51 16 2
51 18 5
51 19 4
51 20 1
51 21 1
51 22 3
51 23 2
51 24 6
51 27 3
51 29 4
51 30 6
51 32 5
51 33 3
51 34 2
51 35 6
51 39 2
51 40 1
51 42 4
51 44 2
51 45 3
51 46 5
51 47 3
51 48 1
51 49 6
52 0 2
52 1 2
52 3 4
52 8 3
52 10 2
52 11 2
52 13 4
52 19 5
52 20 5
52 21 1
52 22 1
52 23 4
52 25 3
52 26 4
52 32 1
52 34 2
52 35 6
52 36 2
52 37 4
52 38 4
52 39 2
52 41 5
52 45 5
52 47 4
52 48 2
53 3 1
53 4 4
53 7 6
53 8 4
53 9 4
53 11 5
53 12 1
53 13 3
53 15 5
53 16 3
53 17 2
53 20 5
53 21 3
53 23 5
53 24 3
53 26 5
53 27 1
53 28 2
53 29 3
53 30 3
53 33 5
53 36 6
53 38 2
53 40 1
53 42 1
53 44 1
53 45 2
53 47 4
53 48 2
53 51 2
53 52 4
54 3 1
54 6 2
54 7 2
54 8 2
54 11 6
54 13 1
54 15 4
54 17 3
54 18 6
54 21 3
54 22 3
54 23 4
54 24 5
54 25 4
54 26 1
54 28 1
54 31 6
54 33 4
54 35 1
54 36 2
54 37 3
54 39 3
54 40 2
54 41 6
54 48 3
54 51 4
54 52 6
55 1 4
55 6 1
55 7 6
55 9 6
55 17 5
55 24 2
55 26 4
55 27 6
55 28 6
55 29 5
55 31 3
55 32 5
55 34 6
55 36 1
55 37 2
55 40 5
55 42 6
55 46 5
55 49 6
55 52 1
55 53 4
56 0 2
56 1 5
56 2 2
56 3 4
56 5 5
56 8 1
56 9 6
56 10 2
56 11 6
56 12 3
56 16 4
56 17 3
56 18 6
56 19 6
56 21 5
56 23 5
56 26 2
56 27 3
56 30 4
56 31 2
56 33 3
56 34 2
56 36 4
56 37 4
56 38 3
56 43 4
56 44 1
56 45 1
56 46 6
56 50 2
56 51 2
56 53 2
56 55 3
57 0 1
57 2 2
57 4 4
57 7 2
57 9 6
57 10 5
57 12 3
57 16 3
57 18 1
57 19 1
57 20 2
57 24 3
57 27 3
57 30 1
57 32 6
57 33 2
57 38 3
57 42 5
57 47 5
57 48 2
57 51 5
57 53 6
57 56 3
58 1 1
58 7 3
58 9 3
58 10 5
58 12 4
58 13 1
58 14 2
58 18 4
58 21 4
58 22 2
58 23 1
58 24 1
58 27 4
58 29 2
58 31 4
58 34 4
58 35 3
58 36 5
58 39 6
58 40 4
58 42 2
58 43 3
58 44 1
58 45 2
58 46 5
58 47 1
58 48 1
58 49 6
58 51 1
58 53 1
58 55 6
58 56 3
58 57 2
59 2 1
59 3 1
59 4 1
59 7 2
59 8 2
59 10 2
59 14 4
59 15 4
59 16 1
59 18 2
59 20 2
59 22 2
59 24 2
59 25 3
59 26 2
59 27 3
59 28 1
59 29 1
59 31 5
59 35 4
59 37 3
59 38 5
59 39 4
59 40 3
59 41 2
59 43 3
59 46 6
59 47 1
59 53 2
59 56 6
59 58 3
