40
1 0 4
2 1 2
3 1 3
4 0 1
4 1 7
4 2 8
5 1 9
5 2 4
5 3 2
6 1 4
6 5 7
7 1 8
7 3 7
7 6 2
8 0 3
8 3 2
8 5 8
8 6 8
9 1 3
9 2 2
9 3 4
9 5 6
9 6 3
10 1 1
10 3 4
10 5 4
10 6 3
10 8 4
10 9 4
11 0 3
11 1 4
11 2 2
11 3 1
11 4 2
11 6 6
11 8 4
12 0 6
12 1 2
12 2 9
12 6 2
12 8 5
12 9 9
13 0 7
13 3 2
13 8 5
13 9 8
14 1 3
14 4 2
14 5 2
14 9 7
14 13 1
15 1 9
15 2 7
15 4 4
15 5 3
15 6 1
15 11 7
15 14 9
16 0 5
16 3 1
16 4 3
16 5 8
16 7 7
16 9 2
17 0 9
17 2 5
17 6 1
17 7 6
17 8 5
17 9 5
17 10 7
17 11 9
18 0 8
18 2 8
18 5 4
18 11 4
18 12 5
18 15 9
18 16 9
18 17 4
19 2 8
19 6 7
19 7 3
19 9 9
19 11 5
19 12 3
19 14 7
19 15 3
20 3 1
20 4 1
20 5 9
20 6 2
20 8 6
20 10 9
20 14 3
20 15 2
20 16 8
20 17 8
20 18 3
21 0 1
21 3 2
21 6 3
21 7 4
21 8 5
21 11 2
21 12 8
21 13 8
21 14 8
21 15 5
22 0 6
22 2 6
22 3 8
22 5 8
22 7 9
22 8 2
22 11 4
22 12 6
22 14 4
22 15 8
22 17 2
22 18 4
22 21 7
23 1 8
23 2 8
23 4 1
23 6 9
23 9 5
23 11 5
23 12 5
23 13 8
23 14 3
23 19 2
23 20 2
24 1 1
24 2 6
24 7 3
24 13 7
24 15 9
24 17 7
24 19 2
24 20 4
25 3 5
25 5 2
25 8 6
25 9 2
25 10 5
25 11 5
25 12 2
25 13 2
25 14 8
25 16 9
25 17 5
25 19 4
25 22 6
25 23 1
26 2 6
26 4 1
26 6 8
26 10 2
26 12 1
26 13 1
26 15 6
26 16 5
26 18 8
26 19 7
26 20 5
26 21 5
26 22 9
26 23 1
27 1 4
27 3 8
27 4 1
27 5 4
27 7 4
27 8 8
27 9 2
27 12 2
27 16 7
27 18 3
27 22 2
27 24 1
27 26 2
28 1 4
28 2 8
28 4 1
28 5 8
28 6 7
28 9 9
28 11 9
28 12 3
28 13 7
28 16 6
28 17 7
28 22 4
28 24 6
29 0 9
29 2 7
29 3 6
29 9 7
29 11 9
29 14 5
29 20 2
29 21 3
29 23 3
29 24 5
29 27 7
29 28 5
30 0 8
30 1 9
30 3 2
30 4 1
30 5 7
30 8 9
30 9 1
30 13 8
30 15 2
30 17 2
30 18 3
30 29 8
31 2 2
31 3 4
31 4 2
31 5 8
31 10 3
31 12 7
31 14 4
31 17 7
31 18 9
31 20 4
31 22 2
31 23 3
31 24 7
32 3 5
32 4 8
32 7 9
32 8 2
32 12 6
32 13 2
32 15 9
32 16 2
32 19 9
32 20 5
32 21 2
32 26 4
32 27 4
32 28 7
32 29 6
32 30 5
33 0 6
33 1 7
33 2 7
33 3 8
33 5 3
33 6 6
33 8 5
33 9 2
33 12 2
33 13 3
33 14 2
33 15 9
33 16 4
33 19 5
33 20 7
33 22 2
33 23 5
33 28 7
33 29 8
33 31 1
34 0 1
34 3 1
34 4 1
34 7 7
34 9 7
34 11 3
34 13 7
34 18 1
34 20 4
34 21 6
34 23 6
34 24 8
34 26 8
34 27 9
34 28 4
34 29 1
34 31 7
34 32 2
35 0 3
35 3 8
35 10 8
35 11 7
35 13 2
35 14 8
35 18 3
35 23 3
35 24 1
35 25 3
35 26 5
35 31 3
35 32 8
35 33 6
35 34 1
36 4 9
36 8 2
36 11 4
36 12 7
36 13 9
36 14 9
36 16 4
36 18 7
36 21 8
36 22 8
36 23 9
36 26 7
36 27 2
36 29 1
36 32 3
36 33 2
36 34 4
37 4 5
37 7 6
37 8 8
37 9 7
37 11 4
37 20 8
37 21 5
37 25 4
37 26 8
37 27 7
37 29 4
37 31 6
37 35 6
38 0 4
38 4 7
38 7 1
38 9 8
38 13 8
38 14 9
38 19 9
38 24 9
38 25 6
38 26 1
38 27 1
38 28 3
38 29 7
38 30 3
38 31 5
38 35 2
38 37 2
39 0 1
39 2 9
39 3 4
39 4 4
39 5 6
39 9 3
39 11 3
39 15 7
39 16 3
39 17 7
39 18 7
39 19 8
39 21 1
39 25 5
39 28 6
39 29 9
39 33 5
39 37 8
39 38 2
