15
1 0 2
2 0 2
2 1 1
3 0 2
3 1 2
3 2 1
4 0 2
4 1 1
4 2 1
4 3 2
5 0 1
5 1 1
5 2 1
5 3 2
5 4 1
6 0 2
6 1 1
6 2 2
6 3 1
6 4 2
6 5 1
7 0 1
7 1 1
7 2 2
7 3 1
7 4 1
7 5 1
7 6 2
8 0 1
8 1 1
8 2 2
8 3 1
8 4 1
8 5 1
8 6 1
8 7 1
9 0 1
9 1 2
9 2 2
9 3 2
9 4 2
9 5 1
9 6 1
9 7 2
9 8 2
10 0 2
10 1 2
10 2 2
10 3 2
10 4 2
10 5 2
10 6 1
10 7 1
10 8 1
10 9 2
11 0 1
11 1 1
11 2 1
11 3 1
11 4 1
11 5 2
11 6 1
11 7 1
11 8 2
11 9 1
11 10 2
12 0 2
12 1 2
12 2 1
12 3 1
12 4 2
12 5 1
12 6 1
12 7 2
12 8 1
12 9 1
12 10 2
12 11 1
13 0 2
13 1 1
13 2 1
13 3 2
13 4 2
13 5 2
13 6 2
13 7 2
13 8 2
13 9 1
13 10 1
13 11 2
13 12 2
14 0 2
14 1 2
14 2 2
14 3 2
14 4 2
14 5 2
14 6 1
14 7 2
14 8 1
14 9 1
14 10 1
14 11 1
14 12 1
14 13 1
