70
1 0 2
2 0 5
2 1 4
3 0 5
3 1 5
3 2 3
4 0 1
4 1 1
4 2 6
4 3 5
5 0 4
5 1 3
5 2 4
5 3 5
5 4 6
6 0 2
6 1 3
6 2 3
6 3 5
6 4 4
6 5 6
7 0 5
7 1 5
7 2 4
7 3 2
7 4 2
7 5 4
7 6 3
8 0 3
8 1 5
8 2 3
8 3 3
8 4 6
8 5 4
8 6 5
8 7 5
9 0 3
9 1 1
9 2 3
9 3 3
9 4 3
9 5 1
9 6 1
9 7 1
9 8 6
10 0 2
10 1 4
10 2 4
10 3 3
10 4 6
10 5 3
10 6 2
10 7 4
10 8 2
10 9 3
11 0 2
11 1 3
11 2 3
11 3 6
11 4 5
11 5 2
11 6 3
11 7 3
11 8 5
11 9 1
11 10 2
12 0 3
12 1 6
12 2 2
12 3 2
12 4 3
12 5 2
12 6 4
12 7 6
12 8 4
12 9 4
12 10 6
12 11 4
13 0 1
13 1 3
13 2 6
13 3 1
13 4 3
13 5 2
13 6 5
13 7 4
13 8 6
13 9 4
13 10 6
13 11 2
13 12 5
14 0 4
14 1 2
14 2 4
14 3 1
14 4 4
14 5 5
14 6 2
14 7 5
14 8 3
14 9 4
14 10 2
14 11 2
14 12 2
14 13 3
15 0 4
15 1 1
15 2 1
15 3 6
15 4 1
15 5 5
15 6 3
15 7 4
15 8 3
15 9 5
15 10 1
15 11 1
15 12 4
15 13 4
15 14 4
16 0 5
16 1 4
16 2 5
16 3 1
16 4 2
16 5 6
16 6 3
16 7 2
16 8 4
16 9 3
16 10 2
16 11 6
16 12 2
16 13 6
16 14 5
16 15 4
17 0 1
17 1 6
17 2 3
17 3 4
17 4 6
17 5 1
17 6 2
17 7 3
17 8 5
17 9 3
17 10 6
17 11 2
17 12 4
17 13 4
17 14 2
17 15 3
17 16 5
18 0 2
18 1 6
18 2 5
18 3 3
18 4 3
18 5 2
18 6 5
18 7 5
18 8 5
18 9 2
18 10 6
18 11 4
18 12 5
18 13 2
18 14 1
18 15 1
18 16 3
18 17 1
19 0 6
19 1 1
19 2 5
19 3 4
19 4 1
19 5 1
19 6 3
19 7 2
19 8 6
19 9 3
19 10 4
19 11 3
19 12 3
19 13 5
19 14 4
19 15 1
19 16 2
19 17 4
19 18 1
20 0 1
20 1 1
20 2 1
20 3 3
20 4 3
20 5 2
20 6 1
20 7 2
20 8 3
20 9 6
20 10 1
20 11 6
20 12 5
20 13 3
20 14 3
20 15 2
20 16 2
20 17 4
20 18 3
20 19 6
21 0 5
21 1 1
21 2 4
21 3 4
21 4 1
21 5 5
21 6 1
21 7 1
21 8 5
21 9 4
21 10 4
21 11 4
21 12 3
21 13 3
21 14 4
21 15 4
21 16 1
21 17 4
21 18 2
21 19 4
21 20 1
22 0 1
22 1 5
22 2 4
22 3 1
22 4 6
22 5 2
22 6 2
22 7 5
22 8 4
22 9 1
22 10 4
22 11 6
22 12 5
22 13 4
22 14 3
22 15 1
22 16 6
22 17 1
22 18 6
22 19 4
22 20 6
22 21 3
23 0 5
23 1 3
23 2 5
23 3 1
23 4 6
23 5 4
23 6 3
23 7 5
23 8 3
23 9 1
23 10 2
23 11 1
23 12 2
23 13 1
23 14 3
23 15 2
23 16 1
23 17 3
23 18 2
23 19 5
23 20 6
23 21 2
23 22 6
24 0 1
24 1 5
24 2 3
24 3 4
24 4 3
24 5 6
24 6 1
24 7 1
24 8 1
24 9 3
24 10 2
24 11 6
24 12 6
24 13 5
24 14 1
24 15 3
24 16 2
24 17 3
24 18 6
24 19 4
24 20 3
24 21 6
24 22 2
24 23 1
25 0 3
25 1 6
25 2 4
25 3 5
25 4 2
25 5 5
25 6 4
25 7 6
25 8 3
25 9 1
25 10 6
25 11 3
25 12 4
25 13 3
25 14 4
25 15 1
25 16 4
25 17 1
25 18 5
25 19 1
25 20 3
25 21 4
25 22 4
25 23 6
25 24 5
26 0 1
26 1 1
26 2 6
26 3 4
26 4 1
26 5 1
26 6 6
26 7 5
26 8 4
26 9 4
26 10 2
26 11 6
26 12 4
26 13 3
26 14 5
26 15 1
26 16 4
26 17 6
26 18 5
26 19 4
26 20 5
26 21 1
26 22 3
26 23 3
26 24 2
26 25 4
27 0 6
27 1 5
27 2 5
27 3 6
27 4 3
27 5 1
27 6 1
27 7 1
27 8 6
27 9 2
27 10 6
27 11 1
27 12 4
27 13 1
27 14 1
27 15 4
27 16 2
27 17 2
27 18 3
27 19 5
27 20 4
27 21 2
27 22 1
27 23 3
27 24 5
27 25 6
27 26 4
28 0 2
28 1 5
28 2 5
28 3 4
28 4 1
28 5 3
28 6 6
28 7 4
28 8 3
28 9 1
28 10 2
28 11 4
28 12 6
28 13 6
28 14 6
28 15 3
28 16 3
28 17 1
28 18 5
28 19 1
28 20 5
28 21 5
28 22 1
28 23 5
28 24 5
28 25 3
28 26 2
28 27 4
29 0 2
29 1 6
29 2 1
29 3 1
29 4 2
29 5 5
29 6 6
29 7 4
29 8 4
29 9 1
29 10 3
29 11 2
29 12 2
29 13 3
29 14 4
29 15 5
29 16 5
29 17 4
29 18 6
29 19 3
29 20 5
29 21 3
29 22 4
29 23 1
29 24 3
29 25 3
29 26 3
29 27 3
29 28 4
30 0 3
30 1 3
30 2 6
30 3 6
30 4 1
30 5 2
30 6 4
30 7 4
30 8 4
30 9 4
30 10 2
30 11 1
30 12 5
30 13 1
30 14 6
30 15 4
30 16 6
30 17 6
30 18 5
30 19 4
30 20 2
30 21 1
30 22 1
30 23 5
30 24 1
30 25 2
30 26 2
30 27 3
30 28 2
30 29 3
31 0 1
31 1 6
31 2 4
31 3 3
31 4 6
31 5 2
31 6 3
31 7 2
31 8 5
31 9 3
31 10 1
31 11 1
31 12 6
31 13 1
31 14 6
31 15 5
31 16 3
31 17 2
31 18 1
31 19 5
31 20 1
31 21 6
31 22 3
31 23 2
31 24 4
31 25 5
31 26 6
31 27 5
31 28 6
31 29 4
31 30 4
32 0 2
32 1 3
32 2 5
32 3 6
32 4 2
32 5 1
32 6 3
32 7 4
32 8 5
32 9 2
32 10 3
32 11 5
32 12 6
32 13 4
32 14 6
32 15 6
32 16 4
32 17 1
32 18 5
32 19 4
32 20 2
32 21 5
32 22 4
32 23 3
32 24 1
32 25 5
32 26 6
32 27 3
32 28 3
32 29 4
32 30 2
32 31 3
33 0 1
33 1 1
33 2 5
33 3 2
33 4 6
33 5 6
33 6 3
33 7 3
33 8 6
33 9 4
33 10 4
33 11 6
33 12 6
33 13 1
33 14 2
33 15 2
33 16 1
33 17 1
33 18 1
33 19 1
33 20 3
33 21 3
33 22 4
33 23 3
33 24 5
33 25 5
33 26 3
33 27 6
33 28 5
33 29 1
33 30 3
33 31 3
33 32 3
34 0 6
34 1 5
34 2 5
34 3 4
34 4 1
34 5 4
34 6 6
34 7 3
34 8 6
34 9 3
34 10 4
34 11 3
34 12 2
34 13 3
34 14 5
34 15 6
34 16 4
34 17 4
34 18 6
34 19 5
34 20 5
34 21 3
34 22 4
34 23 2
34 24 5
34 25 6
34 26 6
34 27 6
34 28 6
34 29 3
34 30 2
34 31 3
34 32 1
34 33 6
35 0 6
35 1 6
35 2 5
35 3 4
35 4 5
35 5 3
35 6 5
35 7 1
35 8 6
35 9 1
35 10 4
35 11 3
35 12 5
35 13 6
35 14 6
35 15 3
35 16 5
35 17 4
35 18 3
35 19 5
35 20 6
35 21 3
35 22 5
35 23 1
35 24 5
35 25 1
35 26 6
35 27 2
35 28 2
35 29 3
35 30 3
35 31 6
35 32 5
35 33 2
35 34 1
36 0 4
36 1 1
36 2 6
36 3 2
36 4 5
36 5 1
36 6 4
36 7 3
36 8 2
36 9 2
36 10 3
36 11 3
36 12 2
36 13 4
36 14 1
36 15 6
36 16 3
36 17 3
36 18 2
36 19 4
36 20 2
36 21 1
36 22 6
36 23 1
36 24 3
36 25 2
36 26 1
36 27 1
36 28 5
36 29 3
36 30 5
36 31 4
36 32 3
36 33 3
36 34 1
36 35 2
37 0 4
37 1 5
37 2 2
37 3 1
37 4 6
37 5 4
37 6 2
37 7 1
37 8 1
37 9 4
37 10 4
37 11 1
37 12 6
37 13 5
37 14 1
37 15 4
37 16 4
37 17 3
37 18 5
37 19 2
37 20 6
37 21 3
37 22 5
37 23 5
37 24 4
37 25 6
37 26 6
37 27 4
37 28 5
37 29 5
37 30 4
37 31 1
37 32 5
37 33 3
37 34 6
37 35 4
37 36 1
38 0 3
38 1 2
38 2 3
38 3 3
38 4 3
38 5 2
38 6 2
38 7 3
38 8 5
38 9 5
38 10 4
38 11 1
38 12 1
38 13 5
38 14 2
38 15 1
38 16 6
38 17 6
38 18 2
38 19 3
38 20 4
38 21 1
38 22 2
38 23 2
38 24 4
38 25 2
38 26 2
38 27 1
38 28 5
38 29 1
38 30 4
38 31 1
38 32 2
38 33 1
38 34 6
38 35 5
38 36 5
38 37 2
39 0 6
39 1 5
39 2 6
39 3 3
39 4 1
39 5 1
39 6 6
39 7 6
39 8 4
39 9 3
39 10 3
39 11 1
39 12 1
39 13 5
39 14 2
39 15 2
39 16 6
39 17 6
39 18 5
39 19 3
39 20 2
39 21 3
39 22 4
39 23 6
39 24 6
39 25 5
39 26 2
39 27 2
39 28 2
39 29 2
39 30 6
39 31 5
39 32 2
39 33 1
39 34 3
39 35 3
39 36 3
39 37 2
39 38 2
40 0 6
40 1 5
40 2 5
40 3 4
40 4 5
40 5 6
40 6 2
40 7 3
40 8 1
40 9 2
40 10 1
40 11 4
40 12 5
40 13 1
40 14 5
40 15 3
40 16 1
40 17 6
40 18 6
40 19 1
40 20 6
40 21 6
40 22 2
40 23 2
40 24 1
40 25 4
40 26 2
40 27 5
40 28 3
40 29 6
40 30 4
40 31 4
40 32 4
40 33 2
40 34 3
40 35 3
40 36 1
40 37 1
40 38 2
40 39 2
41 0 2
41 1 2
41 2 6
41 3 5
41 4 6
41 5 4
41 6 3
41 7 2
41 8 1
41 9 4
41 10 4
41 11 6
41 12 2
41 13 6
41 14 1
41 15 2
41 16 6
41 17 6
41 18 4
41 19 6
41 20 5
41 21 2
41 22 5
41 23 4
41 24 6
41 25 6
41 26 5
41 27 1
41 28 6
41 29 5
41 30 6
41 31 1
41 32 6
41 33 1
41 34 1
41 35 3
41 36 2
41 37 6
41 38 1
41 39 1
41 40 6
42 0 1
42 1 4
42 2 6
42 3 1
42 4 4
42 5 5
42 6 1
42 7 2
42 8 2
42 9 2
42 10 4
42 11 3
42 12 1
42 13 2
42 14 3
42 15 2
42 16 6
42 17 4
42 18 5
42 19 2
42 20 6
42 21 6
42 22 5
42 23 2
42 24 3
42 25 3
42 26 1
42 27 2
42 28 2
42 29 2
42 30 4
42 31 5
42 32 5
42 33 2
42 34 4
42 35 2
42 36 4
42 37 5
42 38 6
42 39 2
42 40 4
42 41 2
43 0 3
43 1 2
43 2 4
43 3 4
43 4 4
43 5 1
43 6 2
43 7 2
43 8 3
43 9 5
43 10 1
43 11 2
43 12 6
43 13 1
43 14 6
43 15 1
43 16 5
43 17 4
43 18 3
43 19 6
43 20 5
43 21 1
43 22 1
43 23 2
43 24 5
43 25 1
43 26 1
43 27 1
43 28 6
43 29 2
43 30 2
43 31 2
43 32 1
43 33 1
43 34 1
43 35 2
43 36 3
43 37 3
43 38 1
43 39 4
43 40 1
43 41 2
43 42 3
44 0 2
44 1 4
44 2 6
44 3 1
44 4 1
44 5 4
44 6 3
44 7 3
44 8 3
44 9 6
44 10 3
44 11 2
44 12 3
44 13 3
44 14 5
44 15 5
44 16 4
44 17 6
44 18 1
44 19 2
44 20 6
44 21 3
44 22 1
44 23 1
44 24 6
44 25 1
44 26 1
44 27 3
44 28 3
44 29 1
44 30 2
44 31 5
44 32 1
44 33 1
44 34 6
44 35 5
44 36 5
44 37 2
44 38 6
44 39 6
44 40 4
44 41 4
44 42 5
44 43 1
45 0 4
45 1 6
45 2 2
45 3 3
45 4 3
45 5 5
45 6 3
45 7 5
45 8 5
45 9 5
45 10 4
45 11 1
45 12 6
45 13 5
45 14 2
45 15 1
45 16 4
45 17 3
45 18 5
45 19 4
45 20 4
45 21 1
45 22 3
45 23 6
45 24 4
45 25 4
45 26 5
45 27 1
45 28 6
45 29 6
45 30 1
45 31 5
45 32 1
45 33 6
45 34 3
45 35 6
45 36 3
45 37 2
45 38 3
45 39 5
45 40 1
45 41 5
45 42 3
45 43 1
45 44 6
46 0 5
46 1 4
46 2 2
46 3 6
46 4 5
46 5 6
46 6 6
46 7 4
46 8 3
46 9 4
46 10 2
46 11 2
46 12 2
46 13 3
46 14 2
46 15 1
46 16 6
46 17 4
46 18 6
46 19 5
46 20 4
46 21 5
46 22 2
46 23 1
46 24 5
46 25 3
46 26 5
46 27 4
46 28 5
46 29 3
46 30 6
46 31 3
46 32 4
46 33 3
46 34 4
46 35 5
46 36 5
46 37 2
46 38 6
46 39 2
46 40 2
46 41 6
46 42 5
46 43 4
46 44 4
46 45 3
47 0 4
47 1 5
47 2 3
47 3 1
47 4 3
47 5 6
47 6 2
47 7 2
47 8 1
47 9 1
47 10 6
47 11 4
47 12 1
47 13 6
47 14 1
47 15 4
47 16 6
47 17 4
47 18 2
47 19 4
47 20 6
47 21 4
47 22 5
47 23 1
47 24 3
47 25 6
47 26 1
47 27 4
47 28 6
47 29 3
47 30 4
47 31 3
47 32 1
47 33 4
47 34 2
47 35 5
47 36 3
47 37 4
47 38 1
47 39 6
47 40 5
47 41 2
47 42 5
47 43 5
47 44 4
47 45 6
47 46 1
48 0 3
48 1 2
48 2 1
48 3 5
48 4 3
48 5 2
48 6 1
48 7 5
48 8 4
48 9 4
48 10 2
48 11 3
48 12 2
48 13 1
48 14 4
48 15 5
48 16 2
48 17 4
48 18 5
48 19 4
48 20 5
48 21 4
48 22 2
48 23 6
48 24 3
48 25 1
48 26 4
48 27 4
48 28 5
48 29 5
48 30 4
48 31 5
48 32 1
48 33 3
48 34 2
48 35 3
48 36 3
48 37 4
48 38 1
48 39 6
48 40 4
48 41 1
48 42 5
48 43 2
48 44 1
48 45 6
48 46 4
48 47 3
49 0 3
49 1 2
49 2 5
49 3 5
49 4 6
49 5 4
49 6 5
49 7 3
49 8 5
49 9 1
49 10 2
49 11 6
49 12 2
49 13 4
49 14 1
49 15 1
49 16 5
49 17 6
49 18 1
49 19 4
49 20 3
49 21 6
49 22 4
49 23 3
49 24 3
49 25 6
49 26 3
49 27 1
49 28 2
49 29 3
49 30 3
49 31 3
49 32 4
49 33 1
49 34 2
49 35 4
49 36 1
49 37 5
49 38 6
49 39 3
49 40 2
49 41 4
49 42 4
49 43 5
49 44 3
49 45 1
49 46 6
49 47 1
49 48 2
50 0 5
50 1 1
50 2 6
50 3 4
50 4 3
50 5 5
50 6 2
50 7 3
50 8 5
50 9 3
50 10 3
50 11 2
50 12 3
50 13 2
50 14 1
50 15 5
50 16 3
50 17 1
50 18 1
50 19 5
50 20 4
50 21 2
50 22 3
50 23 3
50 24 1
50 25 1
50 26 2
50 27 4
50 28 6
50 29 2
50 30 2
50 31 3
50 32 2
50 33 2
50 34 1
50 35 2
50 36 3
50 37 1
50 38 6
50 39 2
50 40 1
50 41 6
50 42 5
50 43 3
50 44 3
50 45 3
50 46 5
50 47 3
50 48 2
50 49 4
51 0 3
51 1 2
51 2 5
51 3 4
51 4 2
51 5 4
51 6 4
51 7 4
51 8 1
51 9 6
51 10 3
51 11 3
51 12 2
51 13 3
51 14 4
51 15 3
51 16 2
51 17 3
51 18 6
51 19 6
51 20 4
51 21 2
51 22 4
51 23 6
51 24 1
51 25 4
51 26 3
51 27 5
51 28 6
51 29 4
51 30 5
51 31 1
51 32 1
51 33 5
51 34 3
51 35 5
51 36 1
51 37 4
51 38 6
51 39 4
51 40 1
51 41 5
51 42 6
51 43 2
51 44 3
51 45 1
51 46 5
51 47 4
51 48 2
51 49 5
51 50 2
52 0 6
52 1 4
52 2 6
52 3 3
52 4 5
52 5 6
52 6 2
52 7 2
52 8 3
52 9 6
52 10 4
52 11 1
52 12 1
52 13 4
52 14 1
52 15 4
52 16 1
52 17 1
52 18 3
52 19 3
52 20 3
52 21 6
52 22 6
52 23 3
52 24 1
52 25 2
52 26 3
52 27 3
52 28 5
52 29 4
52 30 6
52 31 6
52 32 6
52 33 2
52 34 5
52 35 6
52 36 1
52 37 6
52 38 3
52 39 2
52 40 6
52 41 3
52 42 2
52 43 3
52 44 5
52 45 6
52 46 1
52 47 1
52 48 3
52 49 2
52 50 5
52 51 1
53 0 6
53 1 1
53 2 4
53 3 1
53 4 2
53 5 2
53 6 3
53 7 1
53 8 6
53 9 3
53 10 6
53 11 4
53 12 6
53 13 2
53 14 1
53 15 6
53 16 3
53 17 5
53 18 5
53 19 3
53 20 5
53 21 6
53 22 2
53 23 6
53 24 4
53 25 3
53 26 6
53 27 5
53 28 2
53 29 3
53 30 5
53 31 3
53 32 1
53 33 3
53 34 4
53 35 3
53 36 1
53 37 4
53 38 5
53 39 6
53 40 1
53 41 1
53 42 6
53 43 5
53 44 4
53 45 5
53 46 2
53 47 5
53 48 2
53 49 3
53 50 3
53 51 4
53 52 5
54 0 2
54 1 2
54 2 4
54 3 1
54 4 6
54 5 5
54 6 3
54 7 2
54 8 3
54 9 1
54 10 3
54 11 4
54 12 2
54 13 6
54 14 4
54 15 2
54 16 6
54 17 1
54 18 5
54 19 4
54 20 2
54 21 5
54 22 6
54 23 1
54 24 2
54 25 4
54 26 6
54 27 4
54 28 6
54 29 2
54 30 4
54 31 1
54 32 5
54 33 3
54 34 2
54 35 4
54 36 1
54 37 3
54 38 2
54 39 4
54 40 1
54 41 3
54 42 1
54 43 4
54 44 4
54 45 1
54 46 6
54 47 6
54 48 3
54 49 4
54 50 1
54 51 2
54 52 5
54 53 5
55 0 6
55 1 6
55 2 1
55 3 1
55 4 6
55 5 2
55 6 4
55 7 5
55 8 3
55 9 5
55 10 6
55 11 3
55 12 3
55 13 4
55 14 4
55 15 5
55 16 2
55 17 5
55 18 2
55 19 5
55 20 3
55 21 3
55 22 1
55 23 6
55 24 6
55 25 6
55 26 3
55 27 3
55 28 1
55 29 2
55 30 1
55 31 1
55 32 5
55 33 6
55 34 5
55 35 1
55 36 2
55 37 6
55 38 4
55 39 3
55 40 3
55 41 6
55 42 4
55 43 4
55 44 2
55 45 4
55 46 2
55 47 4
55 48 3
55 49 5
55 50 6
55 51 1
55 52 4
55 53 5
55 54 5
56 0 5
56 1 5
56 2 2
56 3 6
56 4 4
56 5 1
56 6 4
56 7 1
56 8 6
56 9 6
56 10 3
56 11 2
56 12 3
56 13 6
56 14 1
56 15 3
56 16 5
56 17 5
56 18 3
56 19 1
56 20 1
56 21 1
56 22 1
56 23 6
56 24 2
56 25 6
56 26 6
56 27 1
56 28 3
56 29 5
56 30 2
56 31 2
56 32 6
56 33 4
56 34 4
56 35 3
56 36 1
56 37 2
56 38 3
56 39 6
56 40 3
56 41 1
56 42 1
56 43 3
56 44 1
56 45 1
56 46 2
56 47 4
56 48 1
56 49 4
56 50 5
56 51 1
56 52 1
56 53 5
56 54 2
56 55 5
57 0 2
57 1 6
57 2 3
57 3 5
57 4 5
57 5 5
57 6 2
57 7 3
57 8 4
57 9 1
57 10 1
57 11 4
57 12 4
57 13 6
57 14 3
57 15 1
57 16 6
57 17 3
57 18 1
57 19 1
57 20 1
57 21 3
57 22 5
57 23 6
57 24 2
57 25 2
57 26 1
57 27 1
57 28 6
57 29 3
57 30 4
57 31 6
57 32 6
57 33 3
57 34 5
57 35 1
57 36 4
57 37 1
57 38 3
57 39 2
57 40 6
57 41 6
57 42 3
57 43 3
57 44 6
57 45 2
57 46 6
57 47 5
57 48 3
57 49 5
57 50 5
57 51 4
57 52 5
57 53 3
57 54 6
57 55 5
57 56 4
58 0 1
58 1 1
58 2 6
58 3 6
58 4 6
58 5 2
58 6 5
58 7 2
58 8 5
58 9 5
58 10 2
58 11 5
58 12 6
58 13 5
58 14 4
58 15 4
58 16 5
58 17 2
58 18 6
58 19 5
58 20 4
58 21 4
58 22 1
58 23 3
58 24 5
58 25 6
58 26 1
58 27 6
58 28 2
58 29 5
58 30 3
58 31 3
58 32 4
58 33 1
58 34 4
58 35 1
58 36 5
58 37 3
58 38 6
58 39 6
58 40 5
58 41 2
58 42 6
58 43 4
58 44 3
58 45 4
58 46 1
58 47 3
58 48 3
58 49 2
58 50 3
58 51 2
58 52 6
58 53 2
58 54 5
58 55 2
58 56 6
58 57 4
59 0 3
59 1 5
59 2 2
59 3 6
59 4 1
59 5 4
59 6 1
59 7 1
59 8 1
59 9 2
59 10 6
59 11 4
59 12 4
59 13 1
59 14 5
59 15 2
59 16 5
59 17 4
59 18 4
59 19 5
59 20 4
59 21 3
59 22 1
59 23 3
59 24 4
59 25 6
59 26 3
59 27 4
59 28 1
59 29 4
59 30 2
59 31 4
59 32 4
59 33 5
59 34 5
59 35 3
59 36 2
59 37 2
59 38 5
59 39 4
59 40 4
59 41 4
59 42 5
59 43 3
59 44 4
59 45 6
59 46 5
59 47 3
59 48 3
59 49 4
59 50 1
59 51 1
59 52 1
59 53 3
59 54 4
59 55 5
59 56 6
59 57 1
59 58 6
60 0 3
60 1 1
60 2 1
60 3 4
60 4 2
60 5 4
60 6 5
60 7 4
60 8 6
60 9 3
60 10 5
60 11 3
60 12 5
60 13 1
60 14 3
60 15 2
60 16 1
60 17 4
60 18 5
60 19 4
60 20 5
60 21 6
60 22 1
60 23 4
60 24 6
60 25 1
60 26 2
60 27 2
60 28 6
60 29 4
60 30 1
60 31 6
60 32 1
60 33 3
60 34 5
60 35 4
60 36 6
60 37 5
60 38 5
60 39 5
60 40 3
60 41 5
60 42 6
60 43 2
60 44 2
60 45 4
60 46 1
60 47 1
60 48 3
60 49 4
60 50 5
60 51 2
60 52 6
60 53 3
60 54 2
60 55 4
60 56 2
60 57 2
60 58 5
60 59 1
61 0 2
61 1 4
61 2 2
61 3 5
61 4 1
61 5 3
61 6 3
61 7 3
61 8 2
61 9 1
61 10 4
61 11 2
61 12 2
61 13 1
61 14 4
61 15 3
61 16 6
61 17 5
61 18 2
61 19 1
61 20 6
61 21 6
61 22 5
61 23 6
61 24 5
61 25 1
61 26 2
61 27 6
61 28 4
61 29 2
61 30 3
61 31 3
61 32 6
61 33 6
61 34 1
61 35 4
61 36 4
61 37 1
61 38 1
61 39 6
61 40 3
61 41 6
61 42 3
61 43 4
61 44 4
61 45 4
61 46 1
61 47 4
61 48 6
61 49 4
61 50 5
61 51 5
61 52 4
61 53 1
61 54 1
61 55 6
61 56 5
61 57 1
61 58 2
61 59 4
61 60 2
62 0 4
62 1 6
62 2 3
62 3 5
62 4 3
62 5 4
62 6 6
62 7 1
62 8 1
62 9 6
62 10 6
62 11 4
62 12 2
62 13 1
62 14 1
62 15 6
62 16 1
62 17 4
62 18 6
62 19 4
62 20 3
62 21 1
62 22 1
62 23 4
62 24 4
62 25 4
62 26 1
62 27 1
62 28 1
62 29 4
62 30 3
62 31 1
62 32 4
62 33 5
62 34 4
62 35 1
62 36 2
62 37 1
62 38 3
62 39 1
62 40 3
62 41 2
62 42 1
62 43 3
62 44 3
62 45 2
62 46 5
62 47 5
62 48 4
62 49 2
62 50 3
62 51 2
62 52 6
62 53 3
62 54 2
62 55 3
62 56 3
62 57 5
62 58 2
62 59 5
62 60 3
62 61 1
63 0 5
63 1 3
63 2 4
63 3 2
63 4 2
63 5 2
63 6 1
63 7 6
63 8 3
63 9 2
63 10 1
63 11 1
63 12 5
63 13 6
63 14 4
63 15 6
63 16 1
63 17 4
63 18 1
63 19 5
63 20 3
63 21 4
63 22 4
63 23 6
63 24 3
63 25 1
63 26 5
63 27 6
63 28 4
63 29 5
63 30 3
63 31 5
63 32 5
63 33 4
63 34 5
63 35 5
63 36 3
63 37 1
63 38 5
63 39 1
63 40 4
63 41 3
63 42 4
63 43 2
63 44 2
63 45 6
63 46 1
63 47 5
63 48 5
63 49 2
63 50 3
63 51 1
63 52 2
63 53 3
63 54 3
63 55 4
63 56 1
63 57 6
63 58 3
63 59 2
63 60 4
63 61 2
63 62 3
64 0 4
64 1 4
64 2 5
64 3 2
64 4 4
64 5 6
64 6 6
64 7 2
64 8 3
64 9 4
64 10 4
64 11 3
64 12 4
64 13 4
64 14 6
64 15 6
64 16 2
64 17 1
64 18 4
64 19 3
64 20 1
64 21 4
64 22 4
64 23 4
64 24 3
64 25 3
64 26 2
64 27 1
64 28 2
64 29 5
64 30 5
64 31 2
64 32 3
64 33 3
64 34 3
64 35 1
64 36 4
64 37 5
64 38 1
64 39 1
64 40 1
64 41 5
64 42 1
64 43 4
64 44 5
64 45 5
64 46 4
64 47 3
64 48 2
64 49 6
64 50 1
64 51 1
64 52 5
64 53 2
64 54 3
64 55 2
64 56 3
64 57 6
64 58 1
64 59 3
64 60 3
64 61 5
64 62 2
64 63 2
65 0 5
65 1 6
65 2 2
65 3 5
65 4 4
65 5 3
65 6 3
65 7 5
65 8 6
65 9 6
65 10 1
65 11 2
65 12 1
65 13 6
65 14 4
65 15 5
65 16 5
65 17 5
65 18 1
65 19 6
65 20 2
65 21 3
65 22 6
65 23 1
65 24 1
65 25 2
65 26 5
65 27 4
65 28 6
65 29 5
65 30 2
65 31 6
65 32 5
65 33 2
65 34 3
65 35 2
65 36 5
65 37 2
65 38 2
65 39 3
65 40 3
65 41 5
65 42 2
65 43 5
65 44 2
65 45 6
65 46 5
65 47 4
65 48 3
65 49 5
65 50 2
65 51 5
65 52 3
65 53 2
65 54 4
65 55 3
65 56 4
65 57 1
65 58 2
65 59 5
65 60 4
65 61 3
65 62 2
65 63 1
65 64 3
66 0 5
66 1 6
66 2 6
66 3 2
66 4 3
66 5 3
66 6 5
66 7 3
66 8 4
66 9 5
66 10 3
66 11 2
66 12 3
66 13 4
66 14 1
66 15 2
66 16 5
66 17 3
66 18 1
66 19 1
66 20 5
66 21 6
66 22 1
66 23 6
66 24 1
66 25 6
66 26 6
66 27 3
66 28 4
66 29 3
66 30 4
66 31 2
66 32 1
66 33 1
66 34 6
66 35 5
66 36 6
66 37 1
66 38 3
66 39 3
66 40 6
66 41 4
66 42 2
66 43 1
66 44 3
66 45 4
66 46 3
66 47 3
66 48 5
66 49 5
66 50 3
66 51 5
66 52 2
66 53 2
66 54 5
66 55 4
66 56 6
66 57 3
66 58 5
66 59 2
66 60 3
66 61 3
66 62 3
66 63 4
66 64 3
66 65 3
67 0 3
67 1 3
67 2 3
67 3 6
67 4 5
67 5 4
67 6 5
67 7 3
67 8 1
67 9 5
67 10 4
67 11 5
67 12 2
67 13 4
67 14 6
67 15 3
67 16 2
67 17 6
67 18 5
67 19 5
67 20 5
67 21 2
67 22 4
67 23 1
67 24 5
67 25 1
67 26 3
67 27 4
67 28 6
67 29 4
67 30 3
67 31 5
67 32 4
67 33 1
67 34 3
67 35 1
67 36 4
67 37 1
67 38 6
67 39 2
67 40 1
67 41 5
67 42 1
67 43 4
67 44 2
67 45 1
67 46 5
67 47 1
67 48 5
67 49 5
67 50 4
67 51 4
67 52 6
67 53 4
67 54 4
67 55 2
67 56 1
67 57 5
67 58 2
67 59 3
67 60 3
67 61 6
67 62 3
67 63 5
67 64 6
67 65 6
67 66 2
68 0 1
68 1 4
68 2 1
68 3 1
68 4 5
68 5 2
68 6 2
68 7 6
68 8 3
68 9 1
68 10 6
68 11 6
68 12 5
68 13 5
68 14 1
68 15 4
68 16 6
68 17 3
68 18 3
68 19 1
68 20 1
68 21 4
68 22 1
68 23 1
68 24 3
68 25 3
68 26 4
68 27 4
68 28 5
68 29 6
68 30 3
68 31 5
68 32 4
68 33 1
68 34 2
68 35 4
68 36 1
68 37 4
68 38 1
68 39 6
68 40 2
68 41 2
68 42 5
68 43 4
68 44 4
68 45 5
68 46 6
68 47 3
68 48 4
68 49 5
68 50 1
68 51 5
68 52 1
68 53 1
68 54 5
68 55 3
68 56 6
68 57 4
68 58 6
68 59 2
68 60 3
68 61 1
68 62 6
68 63 4
68 64 2
68 65 3
68 66 2
68 67 4
69 0 2
69 1 1
69 2 6
69 3 1
69 4 6
69 5 2
69 6 5
69 7 4
69 8 2
69 9 3
69 10 4
69 11 5
69 12 3
69 13 1
69 14 3
69 15 3
69 16 6
69 17 1
69 18 5
69 19 3
69 20 1
69 21 3
69 22 3
69 23 2
69 24 3
69 25 2
69 26 4
69 27 4
69 28 3
69 29 6
69 30 5
69 31 2
69 32 2
69 33 4
69 34 2
69 35 5
69 36 1
69 37 2
69 38 1
69 39 2
69 40 5
69 41 3
69 42 3
69 43 1
69 44 3
69 45 6
69 46 2
69 47 6
69 48 5
69 49 3
69 50 3
69 51 3
69 52 4
69 53 2
69 54 3
69 55 1
69 56 1
69 57 1
69 58 3
69 59 3
69 60 3
69 61 6
69 62 5
69 63 4
69 64 4
69 65 2
69 66 1
69 67 5
69 68 2
