30
1 0 4
2 0 4
2 1 4
3 0 5
3 1 5
3 2 5
4 0 1
4 1 6
4 2 1
4 3 1
5 0 4
5 1 1
5 2 1
5 3 1
5 4 5
6 0 4
6 1 1
6 2 2
6 3 2
6 4 5
6 5 4
7 0 1
7 1 5
7 2 1
7 3 5
7 4 6
7 5 2
7 6 1
8 0 3
8 1 5
8 2 2
8 3 4
8 4 5
8 5 5
8 6 4
8 7 1
9 0 6
9 1 1
9 2 4
9 3 4
9 4 2
9 5 1
9 6 2
9 7 4
9 8 4
10 0 1
10 1 3
10 2 2
10 3 4
10 4 3
10 5 2
10 6 4
10 7 4
10 8 4
10 9 6
11 0 1
11 1 3
11 2 1
11 3 2
11 4 4
11 5 2
11 6 3
11 7 5
11 8 5
11 9 2
11 10 6
12 0 2
12 1 4
12 2 6
12 3 4
12 4 6
12 5 1
12 6 6
12 7 2
12 8 5
12 9 1
12 10 4
12 11 1
13 0 6
13 1 6
13 2 2
13 3 5
13 4 4
13 5 1
13 6 1
13 7 1
13 8 1
13 9 6
13 10 4
13 11 1
13 12 4
14 0 3
14 1 6
14 2 1
14 3 5
14 4 3
14 5 3
14 6 4
14 7 5
14 8 5
14 9 2
14 10 5
14 11 2
14 12 4
14 13 1
15 0 6
15 1 2
15 2 3
15 3 6
15 4 5
15 5 3
15 6 6
15 7 1
15 8 5
15 9 6
15 10 5
15 11 1
15 12 6
15 13 6
15 14 6
16 0 3
16 1 1
16 2 5
16 3 2
16 4 1
16 5 3
16 6 5
16 7 2
16 8 3
16 9 3
16 10 6
16 11 3
16 12 6
16 13 6
16 14 4
16 15 5
17 0 4
17 1 6
17 2 6
17 3 1
17 4 3
17 5 2
17 6 3
17 7 4
17 8 4
17 9 5
17 10 6
17 11 6
17 12 4
17 13 2
17 14 5
17 15 4
17 16 3
18 0 4
18 1 1
18 2 2
18 3 6
18 4 1
18 5 6
18 6 5
18 7 2
18 8 1
18 9 2
18 10 6
18 11 6
18 12 1
18 13 2
18 14 1
18 15 6
18 16 6
18 17 5
19 0 2
19 1 2
19 2 6
19 3 3
19 4 3
19 5 1
19 6 1
19 7 5
19 8 3
19 9 2
19 10 2
19 11 4
19 12 1
19 13 6
19 14 4
19 15 2
19 16 1
19 17 6
19 18 1
20 0 5
20 1 6
20 2 2
20 3 1
20 4 5
20 5 1
20 6 2
20 7 1
20 8 3
20 9 4
20 10 2
20 11 4
20 12 5
20 13 3
20 14 4
20 15 1
20 16 4
20 17 6
20 18 1
20 19 3
21 0 2
21 1 1
21 2 6
21 3 2
21 4 6
21 5 3
21 6 4
21 7 6
21 8 5
21 9 1
21 10 1
21 11 3
21 12 5
21 13 6
21 14 4
21 15 5
21 16 3
21 17 1
21 18 6
21 19 1
21 20 6
22 0 1
22 1 6
22 2 5
22 3 3
22 4 1
22 5 3
22 6 3
22 7 5
22 8 4
22 9 5
22 10 1
22 11 4
22 12 5
22 13 1
22 14 3
22 15 5
22 16 4
22 17 4
22 18 6
22 19 1
22 20 1
22 21 5
23 0 2
23 1 5
23 2 6
23 3 2
23 4 1
23 5 6
23 6 3
23 7 4
23 8 4
23 9 4
23 10 4
23 11 5
23 12 5
23 13 5
23 14 2
23 15 6
23 16 3
23 17 3
23 18 4
23 19 5
23 20 5
23 21 3
23 22 5
24 0 5
24 1 2
24 2 3
24 3 6
24 4 4
24 5 3
24 6 1
24 7 2
24 8 5
24 9 1
24 10 5
24 11 2
24 12 6
24 13 5
24 14 5
24 15 6
24 16 3
24 17 2
24 18 5
24 19 4
24 20 4
24 21 6
24 22 5
24 23 5
25 0 1
25 1 4
25 2 4
25 3 5
25 4 3
25 5 2
25 6 3
25 7 4
25 8 6
25 9 4
25 10 3
25 11 5
25 12 6
25 13 6
25 14 5
25 15 6
25 16 2
25 17 6
25 18 5
25 19 6
25 20 3
25 21 1
25 22 3
25 23 2
25 24 1
26 0 2
26 1 1
26 2 6
26 3 6
26 4 1
26 5 4
26 6 3
26 7 1
26 8 2
26 9 5
26 10 4
26 11 5
26 12 2
26 13 4
26 14 2
26 15 5
26 16 3
26 17 3
26 18 1
26 19 4
26 20 1
26 21 2
26 22 5
26 23 6
26 24 5
26 25 1
27 0 1
27 1 3
27 2 5
27 3 4
27 4 4
27 5 1
27 6 5
27 7 6
27 8 3
27 9 6
27 10 4
27 11 4
27 12 2
27 13 1
27 14 3
27 15 4
27 16 2
27 17 3
27 18 5
27 19 1
27 20 3
27 21 1
27 22 3
27 23 6
27 24 3
27 25 2
27 26 6
28 0 3
28 1 4
28 2 4
28 3 4
28 4 4
28 5 3
28 6 1
28 7 4
28 8 6
28 9 5
28 10 5
28 11 6
28 12 6
28 13 6
28 14 6
28 15 2
28 16 4
28 17 4
28 18 6
28 19 4
28 20 1
28 21 1
28 22 4
28 23 3
28 24 6
28 25 6
28 26 5
28 27 1
29 0 2
29 1 3
29 2 4
29 3 3
29 4 3
29 5 6
29 6 5
29 7 1
29 8 2
29 9 2
29 10 5
29 11 6
29 12 6
29 13 1
29 14 1
29 15 6
29 16 5
29 17 5
29 18 5
29 19 2
29 20 3
29 21 5
29 22 3
29 23 1
29 24 4
29 25 6
29 26 3
29 27 4
29 28 4
