60
2 0 2
3 0 5
3 1 3
3 2 3
4 0 1
4 2 2
4 3 4
5 1 3
5 2 3
5 3 3
5 4 2
6 0 2
6 1 1
7 0 4
7 1 5
7 2 2
7 4 3
7 5 5
7 6 5
8 0 2
8 1 2
8 3 3
8 5 2
8 6 3
9 5 3
9 6 3
10 0 4
10 2 2
10 3 1
10 4 2
10 5 2
10 6 4
10 7 2
11 0 4
11 1 1
11 3 3
11 4 2
11 5 1
11 7 2
12 0 2
12 4 1
12 5 1
12 11 3
13 1 3
13 2 2
13 4 2
13 6 4
13 8 1
13 11 1
13 12 2
14 0 1
14 1 4
14 3 2
14 5 3
14 6 3
14 8 5
14 9 3
14 10 1
14 11 4
14 12 4
14 13 5
15 1 4
15 2 2
15 4 5
15 8 1
15 9 1
15 10 5
15 11 5
15 12 5
15 13 2
16 0 4
16 3 4
16 4 5
16 5 1
16 6 1
16 7 4
16 13 2
16 14 2
17 2 3
17 3 3
17 4 1
17 5 4
17 7 3
17 8 1
17 11 5
17 13 2
17 14 3
17 15 2
18 0 2
18 3 5
18 4 4
18 5 4
18 7 3
18 8 3
18 9 3
19 3 2
19 6 2
19 9 1
19 10 4
19 16 5
19 17 1
19 18 3
20 2 1
20 3 3
20 4 2
20 5 5
20 6 5
20 8 4
20 9 2
20 11 2
20 13 4
20 15 5
20 16 1
20 17 4
21 1 3
21 2 4
21 4 1
21 10 2
21 11 3
21 12 4
21 14 5
21 15 4
21 16 5
21 17 2
22 1 1
22 7 3
22 8 1
22 9 2
22 10 3
22 14 5
22 15 3
23 1 3
23 4 1
23 5 5
23 6 4
23 9 3
23 11 4
23 13 1
23 14 5
23 16 5
23 18 1
23 19 4
23 20 5
23 22 4
24 1 5
24 3 1
24 4 4
24 11 1
24 13 4
24 14 1
24 17 1
24 19 5
24 21 3
24 22 3
25 2 1
25 3 2
25 6 3
25 9 3
25 16 1
25 24 3
26 2 3
26 3 3
26 4 3
26 5 3
26 7 1
26 9 4
26 10 1
26 11 3
26 13 1
26 14 5
26 15 1
26 18 4
27 3 1
27 5 3
27 8 1
27 9 4
27 10 3
27 12 3
27 16 4
27 20 4
27 21 1
28 0 1
28 1 2
28 2 4
28 6 3
28 7 3
28 8 3
28 9 4
28 12 2
28 13 3
28 14 4
28 17 2
28 19 1
28 20 4
28 23 5
28 27 3
29 1 1
29 5 1
29 7 5
29 10 2
29 11 3
29 12 2
29 14 4
29 15 5
29 16 4
29 17 5
29 18 2
29 20 4
29 22 3
29 27 2
30 0 1
30 2 4
30 4 1
30 6 3
30 7 5
30 8 4
30 11 5
30 12 5
30 13 1
30 16 1
30 17 1
30 18 5
30 21 1
30 23 4
30 24 3
30 28 1
31 0 3
31 1 2
31 2 4
31 4 4
31 8 2
31 9 5
31 10 5
31 11 4
31 12 2
31 13 3
31 16 2
31 17 4
31 19 3
31 23 5
31 29 5
32 3 1
32 5 1
32 7 5
32 8 2
32 10 5
32 11 1
32 13 1
32 14 1
32 16 4
32 17 5
32 22 1
32 23 1
32 28 4
32 29 2
32 30 2
32 31 2
33 2 1
33 3 2
33 4 3
33 5 5
33 6 3
33 9 4
33 10 5
33 11 2
33 13 4
33 14 1
33 15 3
33 18 5
33 19 1
33 21 5
33 22 3
33 31 5
34 2 3
34 3 3
34 6 1
34 8 4
34 13 2
34 16 5
34 18 3
34 20 2
34 22 1
34 27 5
34 29 5
35 0 2
35 4 2
35 6 4
35 7 1
35 8 5
35 10 1
35 12 5
35 13 2
35 16 5
35 22 5
35 23 1
35 24 5
35 25 4
35 26 1
35 27 1
35 29 5
35 30 1
35 32 1
35 33 5
35 34 4
36 1 5
36 2 5
36 3 1
36 4 2
36 5 5
36 10 1
36 11 1
36 12 4
36 15 5
36 16 1
36 20 4
36 21 4
36 22 4
36 23 1
36 24 5
36 27 1
36 28 1
36 30 4
36 31 4
36 32 2
37 0 1
37 2 2
37 3 2
37 8 5
37 10 4
37 13 4
37 15 4
37 16 1
37 17 5
37 18 5
37 19 3
37 23 4
37 24 3
37 26 1
37 28 3
37 30 5
37 31 2
37 32 1
37 33 5
37 34 3
38 1 4
38 3 1
38 4 2
38 5 4
38 6 4
38 8 5
38 10 4
38 15 2
38 16 1
38 17 2
38 19 1
38 21 1
38 22 3
38 23 5
38 25 5
38 35 3
38 36 1
38 37 2
39 1 1
39 2 2
39 4 2
39 6 2
39 9 2
39 10 3
39 12 4
39 14 2
39 15 1
39 17 5
39 18 4
39 21 5
39 26 2
39 27 5
39 30 3
39 31 4
39 34 5
39 37 3
40 0 4
40 8 4
40 19 3
40 24 4
40 25 5
40 26 1
40 27 4
40 28 1
40 31 1
40 33 2
40 35 4
40 36 4
40 37 3
41 1 1
41 3 3
41 4 4
41 7 3
41 8 5
41 9 1
41 11 3
41 12 2
41 14 5
41 15 2
41 16 2
41 17 5
41 18 3
41 22 2
41 26 1
41 27 2
41 28 5
41 29 1
41 30 4
41 32 1
41 33 2
41 34 2
41 36 2
41 39 4
42 0 2
42 3 5
42 4 4
42 6 5
42 9 4
42 11 4
42 12 5
42 14 4
42 16 5
42 17 5
42 19 2
42 21 2
42 22 2
42 23 4
42 26 4
42 28 1
42 30 4
42 32 1
42 33 1
42 34 5
42 35 1
42 36 5
42 38 4
42 39 4
43 0 2
43 1 3
43 2 4
43 3 1
43 4 4
43 5 5
43 6 2
43 9 2
43 10 1
43 11 2
43 12 1
43 13 3
43 17 2
43 18 2
43 20 5
43 22 4
43 23 5
43 24 3
43 25 4
43 26 2
43 28 3
43 32 2
43 33 4
43 36 4
43 37 2
43 38 4
43 39 4
44 1 1
44 5 5
44 7 3
44 8 5
44 12 5
44 15 1
44 16 3
44 17 2
44 19 5
44 22 1
44 23 1
44 24 1
44 27 1
44 28 2
44 29 1
44 31 2
44 33 5
44 37 4
44 38 2
44 39 1
44 40 5
44 43 2
45 0 1
45 2 3
45 4 2
45 5 1
45 7 1
45 12 4
45 13 4
45 16 5
45 17 4
45 22 4
45 23 3
45 24 5
45 27 5
45 29 1
45 30 4
45 33 2
45 34 5
45 35 4
45 36 5
45 39 4
46 2 1
46 3 1
46 4 5
46 7 1
46 9 2
46 10 4
46 11 3
46 12 3
46 13 3
46 14 4
46 16 4
46 20 4
46 21 5
46 25 1
46 27 5
46 28 5
46 29 5
46 30 1
46 31 4
46 32 5
46 35 4
46 37 2
46 38 4
46 39 1
46 40 1
46 41 2
46 43 5
46 44 3
47 0 2
47 3 3
47 5 5
47 7 1
47 8 3
47 11 4
47 13 1
47 16 1
47 17 4
47 19 4
47 21 4
47 22 4
47 24 3
47 26 4
47 29 4
47 32 2
47 33 1
47 34 5
47 36 3
47 43 2
47 45 5
48 1 1
48 2 4
48 6 4
48 9 4
48 12 4
48 14 1
48 15 2
48 16 1
48 17 3
48 18 2
48 20 2
48 21 5
48 25 1
48 26 5
48 31 4
48 32 3
48 33 5
48 34 2
48 35 3
48 41 4
48 43 2
48 47 4
49 0 5
49 2 5
49 6 1
49 7 2
49 9 2
49 10 5
49 12 1
49 15 5
49 17 1
49 18 2
49 23 3
49 26 2
49 28 5
49 29 5
49 31 2
49 32 3
49 33 5
49 37 4
49 39 1
49 40 2
49 41 5
49 43 5
49 44 5
49 45 4
49 46 5
49 47 2
50 0 4
50 1 3
50 2 5
50 3 2
50 4 4
50 5 1
50 6 2
50 9 2
50 13 1
50 14 5
50 19 2
50 22 5
50 25 2
50 26 1
50 27 5
50 31 3
50 33 4
50 37 5
50 38 3
50 39 1
50 43 1
50 44 2
50 45 4
50 47 2
51 1 4
51 2 4
51 6 2
51 7 1
51 8 5
51 9 4
51 11 1
51 12 1
51 14 2
51 18 1
51 19 5
51 20 3
51 23 1
51 24 3
51 28 3
51 29 3
51 30 5
51 31 3
51 35 4
51 37 1
51 41 1
51 43 3
51 49 2
52 0 4
52 3 2
52 9 5
52 10 2
52 11 3
52 12 4
52 15 3
52 18 2
52 19 5
52 21 2
52 22 2
52 24 1
52 26 2
52 27 3
52 28 5
52 29 4
52 31 4
52 33 3
52 34 5
52 37 2
52 38 2
52 39 1
52 40 2
52 43 4
52 47 3
52 48 4
53 0 3
53 2 4
53 10 1
53 14 4
53 15 5
53 17 2
53 18 2
53 19 1
53 20 4
53 24 5
53 25 5
53 27 1
53 30 4
53 33 2
53 36 4
53 37 1
53 40 5
53 43 2
53 44 2
53 45 3
53 49 2
53 50 5
53 51 5
53 52 4
54 1 2
54 2 4
54 3 3
54 4 2
54 5 1
54 7 4
54 8 1
54 12 3
54 14 2
54 17 1
54 19 4
54 21 2
54 23 5
54 24 2
54 25 3
54 29 4
54 30 2
54 33 1
54 37 5
54 38 2
54 39 4
54 41 1
54 42 3
54 44 4
54 45 4
54 46 3
54 47 1
54 50 3
55 3 5
55 5 4
55 7 4
55 10 4
55 11 2
55 12 3
55 15 4
55 16 1
55 18 3
55 19 3
55 21 3
55 27 2
55 28 5
55 31 3
55 33 4
55 34 1
55 35 4
55 38 5
55 43 4
55 44 2
55 46 4
55 48 3
55 51 3
55 52 2
56 1 2
56 2 4
56 3 4
56 4 5
56 5 2
56 6 2
56 9 1
56 10 2
56 11 2
56 12 2
56 15 3
56 16 1
56 17 1
56 18 4
56 19 4
56 22 4
56 24 3
56 25 3
56 31 4
56 32 1
56 33 4
56 34 4
56 36 5
56 41 4
56 42 4
56 45 1
56 47 2
56 48 3
56 49 5
56 50 4
56 51 5
56 53 3
57 2 5
57 5 5
57 6 2
57 8 3
57 11 5
57 12 1
57 13 1
57 14 1
57 17 5
57 20 4
57 21 1
57 22 2
57 24 5
57 26 1
57 30 4
57 32 2
57 34 2
57 35 3
57 38 1
57 40 1
57 42 5
57 44 4
57 46 4
57 49 2
57 50 1
57 51 5
57 53 4
58 4 4
58 5 1
58 6 1
58 9 2
58 10 3
58 14 4
58 15 3
58 20 1
58 22 3
58 27 3
58 28 5
58 29 1
58 31 3
58 32 2
58 38 1
58 39 4
58 40 3
58 41 2
58 42 2
58 46 3
58 48 5
58 51 2
58 55 4
58 56 5
59 0 1
59 2 1
59 4 4
59 6 3
59 9 1
59 10 2
59 15 2
59 16 5
59 17 4
59 20 3
59 21 1
59 22 3
59 24 2
59 25 2
59 26 5
59 31 4
59 34 5
59 35 4
59 36 5
59 37 4
59 38 4
59 39 2
59 40 2
59 41 4
59 43 5
59 45 3
59 46 5
59 47 3
59 48 5
59 51 3
59 52 4
59 56 3
59 57 3
