30
1 0 2
2 0 11
2 1 10
3 0 13
3 1 4
3 2 6
4 0 6
4 1 6
4 2 1
4 3 2
5 0 1
5 1 6
5 2 4
5 3 10
5 4 5
6 0 4
6 1 12
6 2 7
6 3 6
6 4 2
6 5 12
7 0 6
7 1 10
7 2 11
7 3 12
7 4 10
7 5 5
7 6 11
8 0 12
8 1 13
8 2 8
8 3 7
8 4 3
8 5 4
8 6 5
8 7 2
9 0 13
9 1 5
9 2 7
9 3 13
9 4 7
9 5 1
9 6 7
9 7 1
9 8 3
10 0 1
10 1 5
10 2 12
10 3 6
10 4 1
10 5 10
10 6 9
10 7 10
10 8 4
10 9 9
11 0 13
11 1 12
11 2 7
11 3 1
11 4 6
11 5 8
11 6 8
11 7 3
11 8 11
11 9 10
11 10 9
12 0 5
12 1 4
12 2 2
12 3 11
12 4 12
12 5 9
12 6 5
12 7 13
12 8 1
12 9 7
12 10 6
12 11 9
13 0 13
13 1 8
13 2 7
13 3 11
13 4 13
13 5 11
13 6 10
13 7 5
13 8 5
13 9 6
13 10 9
13 11 9
13 12 4
14 0 2
14 1 2
14 2 1
14 3 13
14 4 6
14 5 2
14 6 11
14 7 1
14 8 8
14 9 11
14 10 7
14 11 13
14 12 1
14 13 8
15 0 7
15 1 8
15 2 13
15 3 6
15 4 1
15 5 1
15 6 4
15 7 5
15 8 10
15 9 12
15 10 13
15 11 7
15 12 11
15 13 4
15 14 1
16 0 9
16 1 13
16 2 9
16 3 4
16 4 8
16 5 5
16 6 2
16 7 7
16 8 5
16 9 5
16 10 11
16 11 9
16 12 2
16 13 12
16 14 6
16 15 11
17 0 2
17 1 4
17 2 8
17 3 5
17 4 10
17 5 12
17 6 10
17 7 8
17 8 7
17 9 8
17 10 9
17 11 8
17 12 4
17 13 7
17 14 13
17 15 4
17 16 2
18 0 2
18 1 7
18 2 13
18 3 6
18 4 8
18 5 3
18 6 13
18 7 5
18 8 7
18 9 6
18 10 3
18 11 10
18 12 1
18 13 7
18 14 1
18 15 1
18 16 5
18 17 5
19 0 12
19 1 4
19 2 9
19 3 8
19 4 3
19 5 2
19 6 9
19 7 8
19 8 7
19 9 5
19 10 6
19 11 9
19 12 3
19 13 11
19 14 1
19 15 2
19 16 2
19 17 1
19 18 10
20 0 5
20 1 9
20 2 1
20 3 12
20 4 13
20 5 11
20 6 12
20 7 13
20 8 12
20 9 1
20 10 13
20 11 12
20 12 2
20 13 10
20 14 2
20 15 7
20 16 11
20 17 11
20 18 12
20 19 4
21 0 8
21 1 7
21 2 2
21 3 9
21 4 2
21 5 8
21 6 11
21 7 9
21 8 10
21 9 10
21 10 10
21 11 11
21 12 5
21 13 4
21 14 9
21 15 1
21 16 2
21 17 5
21 18 8
21 19 7
21 20 13
22 0 4
22 1 12
22 2 2
22 3 4
22 4 7
22 5 1
22 6 8
22 7 5
22 8 8
22 9 4
22 10 6
22 11 3
22 12 5
22 13 6
22 14 9
22 15 12
22 16 6
22 17 12
22 18 10
22 19 13
22 20 12
22 21 13
23 0 2
23 1 12
23 2 10
23 3 12
23 4 13
23 5 5
23 6 12
23 7 10
23 8 12
23 9 2
23 10 6
23 11 7
23 12 8
23 13 7
23 14 4
23 15 7
23 16 12
23 17 1
23 18 2
23 19 10
23 20 9
23 21 12
23 22 3
24 0 8
24 1 5
24 2 9
24 3 7
24 4 5
24 5 3
24 6 8
24 7 3
24 8 6
24 9 6
24 10 7
24 11 3
24 12 12
24 13 13
24 14 2
24 15 5
24 16 4
24 17 7
24 18 9
24 19 8
24 20 4
24 21 1
24 22 12
24 23 13
25 0 11
25 1 2
25 2 12
25 3 8
25 4 13
25 5 7
25 6 12
25 7 1
25 8 7
25 9 5
25 10 2
25 11 4
25 12 12
25 13 13
25 14 13
25 15 8
25 16 3
25 17 12
25 18 1
25 19 3
25 20 5
25 21 4
25 22 8
25 23 11
25 24 5
26 0 4
26 1 1
26 2 9
26 3 10
26 4 1
26 5 1
26 6 1
26 7 2
26 8 10
26 9 1
26 10 12
26 11 11
26 12 4
26 13 10
26 14 13
26 15 12
26 16 2
26 17 1
26 18 5
26 19 8
26 20 9
26 21 3
26 22 10
26 23 2
26 24 8
26 25 9
27 0 2
27 1 2
27 2 10
27 3 8
27 4 8
27 5 8
27 6 10
27 7 5
27 8 1
27 9 8
27 10 10
27 11 6
27 12 3
27 13 13
27 14 6
27 15 1
27 16 1
27 17 8
27 18 8
27 19 3
27 20 3
27 21 6
27 22 1
27 23 1
27 24 2
27 25 6
27 26 3
28 0 13
28 1 13
28 2 8
28 3 6
28 4 12
28 5 11
28 6 12
28 7 3
28 8 12
28 9 10
28 10 12
28 11 5
28 12 11
28 13 5
28 14 11
28 15 2
28 16 6
28 17 13
28 18 2
28 19 13
28 20 2
28 21 13
28 22 3
28 23 2
28 24 7
28 25 1
28 26 11
28 27 6
29 0 12
29 1 6
29 2 3
29 3 6
29 4 5
29 5 12
29 6 12
29 7 4
29 8 12
29 9 4
29 10 6
29 11 8
29 12 1
29 13 7
29 14 3
29 15 5
29 16 9
29 17 13
29 18 10
29 19 4
29 20 5
29 21 8
29 22 10
29 23 6
29 24 13
29 25 13
29 26 3
29 27 5
29 28 5
