70
1 0 6
2 0 10
2 1 5
3 0 4
3 1 2
3 2 4
4 0 12
4 1 3
4 2 2
4 3 13
5 0 7
5 1 9
5 2 4
5 3 14
5 4 2
6 0 11
6 1 2
6 2 8
6 3 12
6 4 10
6 5 13
7 0 9
7 1 12
7 2 1
7 3 7
7 4 5
7 5 5
7 6 2
8 0 4
8 1 6
8 2 7
8 3 3
8 4 14
8 5 1
8 6 5
8 7 14
9 0 14
9 1 1
9 2 1
9 3 8
9 4 11
9 5 5
9 6 8
9 7 10
9 8 8
10 0 12
10 1 10
10 2 7
10 3 13
10 4 9
10 5 14
10 6 12
10 7 8
10 8 7
10 9 4
11 0 1
11 1 5
11 2 6
11 3 5
11 4 6
11 5 12
11 6 3
11 7 3
11 8 9
11 9 1
11 10 14
12 0 2
12 1 1
12 2 4
12 3 13
12 4 9
12 5 13
12 6 14
12 7 8
12 8 2
12 9 5
12 10 6
12 11 8
13 0 13
13 1 7
13 2 14
13 3 5
13 4 4
13 5 5
13 6 8
13 7 4
13 8 12
13 9 14
13 10 2
13 11 6
13 12 1
14 0 5
14 1 5
14 2 11
14 3 14
14 4 10
14 5 6
14 6 10
14 7 10
14 8 7
14 9 4
14 10 13
14 11 6
14 12 14
14 13 4
15 0 2
15 1 1
15 2 7
15 3 7
15 4 5
15 5 10
15 6 7
15 7 4
15 8 7
15 9 14
15 10 13
15 11 3
15 12 11
15 13 14
15 14 14
16 0 9
16 1 8
16 2 7
16 3 3
16 4 14
16 5 4
16 6 7
16 7 3
16 8 14
16 9 13
16 10 2
16 11 10
16 12 8
16 13 9
16 14 3
16 15 8
17 0 13
17 1 2
17 2 1
17 3 7
17 4 12
17 5 4
17 6 3
17 7 10
17 8 13
17 9 8
17 10 5
17 11 5
17 12 14
17 13 7
17 14 8
17 15 12
17 16 8
18 0 8
18 1 2
18 2 9
18 3 3
18 4 3
18 5 14
18 6 6
18 7 14
18 8 5
18 9 10
18 10 13
18 11 4
18 12 7
18 13 8
18 14 12
18 15 14
18 16 13
18 17 8
19 0 3
19 1 13
19 2 3
19 3 8
19 4 11
19 5 1
19 6 2
19 7 12
19 8 2
19 9 12
19 10 12
19 11 8
19 12 5
19 13 4
19 14 11
19 15 13
19 16 1
19 17 10
19 18 10
20 0 2
20 1 6
20 2 11
20 3 4
20 4 10
20 5 7
20 6 7
20 7 4
20 8 13
20 9 8
20 10 14
20 11 2
20 12 13
20 13 10
20 14 2
20 15 11
20 16 13
20 17 11
20 18 3
20 19 6
21 0 10
21 1 7
21 2 11
21 3 2
21 4 6
21 5 10
21 6 6
21 7 14
21 8 9
21 9 5
21 10 5
21 11 1
21 12 4
21 13 11
21 14 8
21 15 7
21 16 3
21 17 6
21 18 7
21 19 7
21 20 3
22 0 12
22 1 13
22 2 6
22 3 14
22 4 4
22 5 4
22 6 1
22 7 3
22 8 13
22 9 6
22 10 10
22 11 4
22 12 13
22 13 12
22 14 2
22 15 8
22 16 1
22 17 6
22 18 2
22 19 7
22 20 13
22 21 14
23 0 1
23 1 12
23 2 7
23 3 9
23 4 3
23 5 3
23 6 9
23 7 11
23 8 11
23 9 1
23 10 1
23 11 4
23 12 11
23 13 4
23 14 4
23 15 12
23 16 10
23 17 4
23 18 8
23 19 14
23 20 9
23 21 4
23 22 11
24 0 1
24 1 6
24 2 5
24 3 11
24 4 10
24 5 12
24 6 5
24 7 4
24 8 8
24 9 6
24 10 8
24 11 1
24 12 14
24 13 2
24 14 6
24 15 8
24 16 6
24 17 4
24 18 6
24 19 13
24 20 11
24 21 12
24 22 7
24 23 2
25 0 6
25 1 8
25 2 6
25 3 4
25 4 10
25 5 9
25 6 8
25 7 6
25 8 7
25 9 12
25 10 1
25 11 12
25 12 3
25 13 6
25 14 5
25 15 3
25 16 11
25 17 3
25 18 6
25 19 1
25 20 5
25 21 1
25 22 2
25 23 6
25 24 9
26 0 2
26 1 10
26 2 4
26 3 4
26 4 4
26 5 1
26 6 4
26 7 7
26 8 14
26 9 12
26 10 7
26 11 4
26 12 4
26 13 3
26 14 10
26 15 12
26 16 12
26 17 13
26 18 5
26 19 12
26 20 9
26 21 2
26 22 10
26 23 2
26 24 4
26 25 3
27 0 5
27 1 3
27 2 1
27 3 2
27 4 10
27 5 5
27 6 9
27 7 7
27 8 10
27 9 13
27 10 7
27 11 5
27 12 10
27 13 14
27 14 6
27 15 1
27 16 7
27 17 11
27 18 14
27 19 1
27 20 7
27 21 7
27 22 14
27 23 11
27 24 14
27 25 12
27 26 12
28 0 2
28 1 11
28 2 10
28 3 8
28 4 13
28 5 12
28 6 5
28 7 4
28 8 11
28 9 6
28 10 13
28 11 2
28 12 9
28 13 1
28 14 9
28 15 8
28 16 1
28 17 7
28 18 10
28 19 6
28 20 14
28 21 6
28 22 14
28 23 14
28 24 14
28 25 13
28 26 8
28 27 1
29 0 2
29 1 2
29 2 14
29 3 10
29 4 7
29 5 4
29 6 5
29 7 8
29 8 3
29 9 7
29 10 5
29 11 11
29 12 9
29 13 11
29 14 8
29 15 13
29 16 1
29 17 12
29 18 7
29 19 1
29 20 12
29 21 13
29 22 13
29 23 8
29 24 12
29 25 1
29 26 12
29 27 1
29 28 9
30 0 14
30 1 8
30 2 2
30 3 1
30 4 8
30 5 5
30 6 3
30 7 11
30 8 14
30 9 4
30 10 11
30 11 9
30 12 1
30 13 11
30 14 7
30 15 9
30 16 3
30 17 9
30 18 12
30 19 9
30 20 7
30 21 4
30 22 4
30 23 8
30 24 5
30 25 4
30 26 5
30 27 2
30 28 13
30 29 11
31 0 11
31 1 5
31 2 10
31 3 8
31 4 2
31 5 14
31 6 10
31 7 8
31 8 7
31 9 1
31 10 5
31 11 2
31 12 2
31 13 5
31 14 2
31 15 9
31 16 5
31 17 11
31 18 3
31 19 3
31 20 12
31 21 2
31 22 11
31 23 8
31 24 8
31 25 10
31 26 1
31 27 12
31 28 1
31 29 7
31 30 10
32 0 5
32 1 13
32 2 1
32 3 9
32 4 11
32 5 13
32 6 10
32 7 2
32 8 14
32 9 13
32 10 10
32 11 9
32 12 11
32 13 1
32 14 2
32 15 1
32 16 2
32 17 9
32 18 3
32 19 6
32 20 5
32 21 3
32 22 3
32 23 5
32 24 6
32 25 14
32 26 9
32 27 1
32 28 14
32 29 11
32 30 6
32 31 13
33 0 4
33 1 14
33 2 4
33 3 6
33 4 10
33 5 3
33 6 6
33 7 13
33 8 9
33 9 9
33 10 4
33 11 5
33 12 5
33 13 8
33 14 2
33 15 10
33 16 7
33 17 9
33 18 13
33 19 2
33 20 7
33 21 12
33 22 2
33 23 2
33 24 9
33 25 7
33 26 7
33 27 7
33 28 14
33 29 1
33 30 9
33 31 14
33 32 4
34 0 8
34 1 12
34 2 13
34 3 2
34 4 7
34 5 4
34 6 1
34 7 12
34 8 12
34 9 9
34 10 14
34 11 3
34 12 12
34 13 14
34 14 7
34 15 12
34 16 10
34 17 13
34 18 11
34 19 14
34 20 1
34 21 11
34 22 7
34 23 5
34 24 3
34 25 13
34 26 10
34 27 7
34 28 4
34 29 6
34 30 13
34 31 13
34 32 9
34 33 1
35 0 13
35 1 10
35 2 11
35 3 8
35 4 13
35 5 8
35 6 9
35 7 7
35 8 11
35 9 7
35 10 6
35 11 8
35 12 5
35 13 4
35 14 2
35 15 12
35 16 3
35 17 5
35 18 9
35 19 10
35 20 14
35 21 1
35 22 4
35 23 2
35 24 13
35 25 14
35 26 13
35 27 13
35 28 9
35 29 11
35 30 1
35 31 4
35 32 4
35 33 1
35 34 11
36 0 9
36 1 6
36 2 13
36 3 9
36 4 10
36 5 11
36 6 6
36 7 1
36 8 2
36 9 6
36 10 10
36 11 1
36 12 4
36 13 2
36 14 14
36 15 6
36 16 8
36 17 7
36 18 10
36 19 14
36 20 10
36 21 11
36 22 11
36 23 1
36 24 14
36 25 2
36 26 1
36 27 14
36 28 2
36 29 5
36 30 10
36 31 8
36 32 9
36 33 11
36 34 6
36 35 3
37 0 13
37 1 13
37 2 2
37 3 3
37 4 10
37 5 2
37 6 9
37 7 3
37 8 1
37 9 10
37 10 13
37 11 9
37 12 11
37 13 12
37 14 2
37 15 1
37 16 9
37 17 4
37 18 2
37 19 14
37 20 14
37 21 5
37 22 9
37 23 4
37 24 5
37 25 11
37 26 13
37 27 9
37 28 8
37 29 9
37 30 6
37 31 5
37 32 8
37 33 5
37 34 3
37 35 11
37 36 10
38 0 1
38 1 4
38 2 2
38 3 11
38 4 8
38 5 2
38 6 4
38 7 9
38 8 14
38 9 6
38 10 6
38 11 13
38 12 10
38 13 11
38 14 1
38 15 10
38 16 1
38 17 13
38 18 12
38 19 7
38 20 4
38 21 10
38 22 8
38 23 14
38 24 12
38 25 9
38 26 2
38 27 10
38 28 2
38 29 3
38 30 3
38 31 1
38 32 11
38 33 3
38 34 9
38 35 5
38 36 8
38 37 14
39 0 8
39 1 11
39 2 9
39 3 8
39 4 2
39 5 14
39 6 10
39 7 3
39 8 12
39 9 5
39 10 12
39 11 11
39 12 2
39 13 13
39 14 9
39 15 8
39 16 6
39 17 3
39 18 3
39 19 5
39 20 8
39 21 1
39 22 5
39 23 1
39 24 11
39 25 14
39 26 14
39 27 9
39 28 6
39 29 14
39 30 14
39 31 9
39 32 7
39 33 11
39 34 6
39 35 8
39 36 4
39 37 2
39 38 10
40 0 5
40 1 11
40 2 5
40 3 13
40 4 7
40 5 6
40 6 14
40 7 8
40 8 6
40 9 1
40 10 13
40 11 9
40 12 2
40 13 4
40 14 12
40 15 11
40 16 1
40 17 7
40 18 14
40 19 13
40 20 12
40 21 2
40 22 3
40 23 3
40 24 7
40 25 13
40 26 5
40 27 9
40 28 1
40 29 14
40 30 9
40 31 7
40 32 8
40 33 3
40 34 7
40 35 14
40 36 8
40 37 6
40 38 8
40 39 9
41 0 9
41 1 7
41 2 5
41 3 14
41 4 12
41 5 8
41 6 9
41 7 14
41 8 2
41 9 1
41 10 7
41 11 13
41 12 7
41 13 13
41 14 8
41 15 10
41 16 4
41 17 2
41 18 12
41 19 4
41 20 7
41 21 3
41 22 9
41 23 7
41 24 7
41 25 4
41 26 6
41 27 5
41 28 10
41 29 6
41 30 2
41 31 5
41 32 14
41 33 7
41 34 13
41 35 12
41 36 5
41 37 6
41 38 5
41 39 2
41 40 3
42 0 4
42 1 6
42 2 12
42 3 5
42 4 13
42 5 8
42 6 11
42 7 1
42 8 5
42 9 7
42 10 10
42 11 12
42 12 10
42 13 13
42 14 3
42 15 2
42 16 12
42 17 12
42 18 8
42 19 10
42 20 12
42 21 10
42 22 9
42 23 5
42 24 11
42 25 5
42 26 10
42 27 13
42 28 1
42 29 14
42 30 13
42 31 8
42 32 12
42 33 14
42 34 2
42 35 4
42 36 8
42 37 13
42 38 12
42 39 1
42 40 1
42 41 3
43 0 12
43 1 11
43 2 10
43 3 3
43 4 10
43 5 6
43 6 5
43 7 8
43 8 9
43 9 5
43 10 12
43 11 8
43 12 4
43 13 8
43 14 9
43 15 6
43 16 5
43 17 4
43 18 7
43 19 13
43 20 6
43 21 7
43 22 6
43 23 1
43 24 10
43 25 12
43 26 1
43 27 13
43 28 12
43 29 7
43 30 5
43 31 8
43 32 13
43 33 2
43 34 6
43 35 6
43 36 10
43 37 6
43 38 11
43 39 13
43 40 7
43 41 4
43 42 3
44 0 5
44 1 4
44 2 11
44 3 1
44 4 2
44 5 7
44 6 8
44 7 8
44 8 4
44 9 4
44 10 4
44 11 2
44 12 6
44 13 14
44 14 12
44 15 9
44 16 11
44 17 11
44 18 8
44 19 5
44 20 6
44 21 6
44 22 4
44 23 1
44 24 5
44 25 8
44 26 2
44 27 6
44 28 3
44 29 6
44 30 1
44 31 5
44 32 1
44 33 3
44 34 11
44 35 6
44 36 3
44 37 14
44 38 4
44 39 9
44 40 4
44 41 14
44 42 2
44 43 12
45 0 5
45 1 6
45 2 7
45 3 3
45 4 4
45 5 12
45 6 4
45 7 10
45 8 3
45 9 11
45 10 9
45 11 10
45 12 13
45 13 14
45 14 6
45 15 14
45 16 1
45 17 8
45 18 11
45 19 2
45 20 7
45 21 12
45 22 4
45 23 12
45 24 5
45 25 6
45 26 13
45 27 13
45 28 14
45 29 9
45 30 13
45 31 12
45 32 13
45 33 1
45 34 12
45 35 8
45 36 10
45 37 1
45 38 9
45 39 13
45 40 8
45 41 14
45 42 14
45 43 5
45 44 5
46 0 1
46 1 11
46 2 7
46 3 13
46 4 2
46 5 5
46 6 12
46 7 11
46 8 6
46 9 12
46 10 4
46 11 13
46 12 1
46 13 4
46 14 12
46 15 2
46 16 13
46 17 7
46 18 2
46 19 6
46 20 11
46 21 7
46 22 11
46 23 14
46 24 9
46 25 2
46 26 12
46 27 6
46 28 6
46 29 14
46 30 7
46 31 3
46 32 4
46 33 9
46 34 11
46 35 8
46 36 12
46 37 1
46 38 2
46 39 11
46 40 12
46 41 7
46 42 5
46 43 14
46 44 14
46 45 14
47 0 8
47 1 1
47 2 1
47 3 14
47 4 9
47 5 12
47 6 7
47 7 7
47 8 11
47 9 6
47 10 3
47 11 11
47 12 12
47 13 10
47 14 10
47 15 5
47 16 7
47 17 14
47 18 14
47 19 10
47 20 2
47 21 1
47 22 7
47 23 9
47 24 11
47 25 4
47 26 7
47 27 13
47 28 9
47 29 4
47 30 12
47 31 10
47 32 4
47 33 12
47 34 8
47 35 6
47 36 13
47 37 2
47 38 2
47 39 4
47 40 11
47 41 4
47 42 8
47 43 5
47 44 7
47 45 8
47 46 1
48 0 7
48 1 14
48 2 5
48 3 14
48 4 4
48 5 6
48 6 11
48 7 3
48 8 3
48 9 11
48 10 9
48 11 5
48 12 2
48 13 10
48 14 12
48 15 8
48 16 11
48 17 9
48 18 13
48 19 2
48 20 12
48 21 6
48 22 11
48 23 7
48 24 7
48 25 4
48 26 6
48 27 11
48 28 11
48 29 14
48 30 12
48 31 8
48 32 11
48 33 4
48 34 10
48 35 11
48 36 1
48 37 10
48 38 3
48 39 13
48 40 1
48 41 1
48 42 2
48 43 7
48 44 9
48 45 3
48 46 3
48 47 11
49 0 5
49 1 2
49 2 14
49 3 13
49 4 13
49 5 10
49 6 14
49 7 13
49 8 3
49 9 14
49 10 9
49 11 11
49 12 6
49 13 2
49 14 5
49 15 8
49 16 2
49 17 10
49 18 6
49 19 13
49 20 14
49 21 7
49 22 13
49 23 10
49 24 11
49 25 9
49 26 4
49 27 6
49 28 1
49 29 8
49 30 2
49 31 1
49 32 3
49 33 10
49 34 2
49 35 13
49 36 6
49 37 5
49 38 7
49 39 8
49 40 5
49 41 14
49 42 9
49 43 9
49 44 11
49 45 5
49 46 8
49 47 5
49 48 2
50 0 2
50 1 8
50 2 9
50 3 3
50 4 2
50 5 6
50 6 5
50 7 12
50 8 14
50 9 5
50 10 8
50 11 5
50 12 1
50 13 9
50 14 7
50 15 10
50 16 11
50 17 10
50 18 4
50 19 5
50 20 12
50 21 4
50 22 1
50 23 14
50 24 13
50 25 1
50 26 14
50 27 9
50 28 9
50 29 10
50 30 2
50 31 10
50 32 6
50 33 11
50 34 13
50 35 14
50 36 6
50 37 2
50 38 6
50 39 10
50 40 13
50 41 10
50 42 11
50 43 6
50 44 8
50 45 11
50 46 14
50 47 6
50 48 14
50 49 14
51 0 13
51 1 11
51 2 3
51 3 13
51 4 8
51 5 1
51 6 14
51 7 8
51 8 7
51 9 8
51 10 1
51 11 6
51 12 13
51 13 5
51 14 7
51 15 4
51 16 5
51 17 7
51 18 13
51 19 4
51 20 2
51 21 12
51 22 5
51 23 3
51 24 7
51 25 3
51 26 7
51 27 9
51 28 11
51 29 7
51 30 7
51 31 4
51 32 9
51 33 7
51 34 7
51 35 13
51 36 7
51 37 5
51 38 10
51 39 4
51 40 6
51 41 3
51 42 4
51 43 14
51 44 6
51 45 10
51 46 4
51 47 12
51 48 2
51 49 14
51 50 1
52 0 10
52 1 6
52 2 5
52 3 2
52 4 10
52 5 4
52 6 6
52 7 13
52 8 3
52 9 9
52 10 4
52 11 4
52 12 12
52 13 14
52 14 7
52 15 14
52 16 4
52 17 10
52 18 4
52 19 11
52 20 14
52 21 7
52 22 1
52 23 14
52 24 12
52 25 13
52 26 11
52 27 8
52 28 6
52 29 10
52 30 6
52 31 3
52 32 12
52 33 5
52 34 14
52 35 4
52 36 3
52 37 3
52 38 11
52 39 1
52 40 5
52 41 9
52 42 3
52 43 10
52 44 10
52 45 2
52 46 3
52 47 12
52 48 9
52 49 12
52 50 1
52 51 3
53 0 3
53 1 13
53 2 5
53 3 1
53 4 13
53 5 5
53 6 7
53 7 12
53 8 3
53 9 14
53 10 7
53 11 4
53 12 10
53 13 11
53 14 3
53 15 8
53 16 10
53 17 5
53 18 7
53 19 9
53 20 7
53 21 14
53 22 12
53 23 13
53 24 10
53 25 10
53 26 1
53 27 3
53 28 13
53 29 3
53 30 4
53 31 12
53 32 10
53 33 7
53 34 13
53 35 3
53 36 1
53 37 14
53 38 13
53 39 5
53 40 12
53 41 13
53 42 6
53 43 11
53 44 9
53 45 6
53 46 12
53 47 7
53 48 1
53 49 1
53 50 8
53 51 7
53 52 12
54 0 2
54 1 9
54 2 14
54 3 1
54 4 12
54 5 12
54 6 11
54 7 11
54 8 8
54 9 1
54 10 13
54 11 10
54 12 14
54 13 3
54 14 4
54 15 6
54 16 7
54 17 13
54 18 12
54 19 9
54 20 13
54 21 3
54 22 13
54 23 3
54 24 9
54 25 5
54 26 5
54 27 1
54 28 7
54 29 4
54 30 9
54 31 3
54 32 8
54 33 14
54 34 10
54 35 11
54 36 13
54 37 13
54 38 7
54 39 8
54 40 14
54 41 12
54 42 1
54 43 7
54 44 11
54 45 1
54 46 10
54 47 14
54 48 9
54 49 6
54 50 9
54 51 4
54 52 2
54 53 1
55 0 2
55 1 7
55 2 7
55 3 2
55 4 1
55 5 14
55 6 11
55 7 8
55 8 12
55 9 8
55 10 8
55 11 2
55 12 11
55 13 3
55 14 11
55 15 13
55 16 4
55 17 5
55 18 12
55 19 6
55 20 1
55 21 10
55 22 11
55 23 11
55 24 13
55 25 12
55 26 9
55 27 12
55 28 5
55 29 1
55 30 12
55 31 9
55 32 4
55 33 5
55 34 4
55 35 2
55 36 11
55 37 12
55 38 12
55 39 8
55 40 4
55 41 7
55 42 8
55 43 11
55 44 3
55 45 13
55 46 1
55 47 14
55 48 2
55 49 12
55 50 12
55 51 9
55 52 3
55 53 1
55 54 7
56 0 11
56 1 8
56 2 10
56 3 5
56 4 5
56 5 1
56 6 2
56 7 1
56 8 12
56 9 5
56 10 12
56 11 14
56 12 2
56 13 7
56 14 2
56 15 6
56 16 9
56 17 7
56 18 11
56 19 6
56 20 6
56 21 11
56 22 12
56 23 13
56 24 5
56 25 1
56 26 4
56 27 10
56 28 5
56 29 8
56 30 1
56 31 12
56 32 13
56 33 3
56 34 13
56 35 14
56 36 10
56 37 12
56 38 5
56 39 11
56 40 11
56 41 7
56 42 13
56 43 12
56 44 4
56 45 14
56 46 12
56 47 9
56 48 5
56 49 1
56 50 4
56 51 13
56 52 1
56 53 6
56 54 1
56 55 1
57 0 5
57 1 9
57 2 14
57 3 2
57 4 8
57 5 7
57 6 3
57 7 14
57 8 13
57 9 10
57 10 10
57 11 5
57 12 13
57 13 2
57 14 4
57 15 4
57 16 7
57 17 14
57 18 7
57 19 3
57 20 4
57 21 10
57 22 2
57 23 6
57 24 2
57 25 13
57 26 13
57 27 4
57 28 14
57 29 9
57 30 10
57 31 4
57 32 4
57 33 9
57 34 13
57 35 12
57 36 2
57 37 1
57 38 12
57 39 7
57 40 9
57 41 3
57 42 9
57 43 4
57 44 9
57 45 1
57 46 11
57 47 13
57 48 2
57 49 14
57 50 1
57 51 8
57 52 12
57 53 13
57 54 9
57 55 11
57 56 9
58 0 13
58 1 11
58 2 3
58 3 11
58 4 13
58 5 11
58 6 1
58 7 8
58 8 1
58 9 1
58 10 5
58 11 7
58 12 5
58 13 13
58 14 11
58 15 10
58 16 3
58 17 10
58 18 14
58 19 8
58 20 1
58 21 5
58 22 1
58 23 9
58 24 7
58 25 12
58 26 10
58 27 8
58 28 3
58 29 14
58 30 6
58 31 3
58 32 13
58 33 9
58 34 12
58 35 6
58 36 2
58 37 5
58 38 11
58 39 3
58 40 10
58 41 8
58 42 14
58 43 1
58 44 12
58 45 12
58 46 8
58 47 9
58 48 4
58 49 4
58 50 9
58 51 10
58 52 1
58 53 10
58 54 12
58 55 11
58 56 4
58 57 9
59 0 13
59 1 6
59 2 10
59 3 11
59 4 14
59 5 13
59 6 10
59 7 1
59 8 9
59 9 13
59 10 12
59 11 14
59 12 1
59 13 3
59 14 8
59 15 8
59 16 6
59 17 10
59 18 2
59 19 12
59 20 5
59 21 11
59 22 1
59 23 14
59 24 6
59 25 14
59 26 14
59 27 10
59 28 5
59 29 1
59 30 10
59 31 10
59 32 10
59 33 2
59 34 11
59 35 9
59 36 8
59 37 9
59 38 9
59 39 6
59 40 1
59 41 3
59 42 1
59 43 3
59 44 6
59 45 13
59 46 7
59 47 2
59 48 5
59 49 11
59 50 14
59 51 4
59 52 8
59 53 11
59 54 5
59 55 8
59 56 7
59 57 7
59 58 2
60 0 7
60 1 3
60 2 6
60 3 13
60 4 8
60 5 1
60 6 10
60 7 4
60 8 3
60 9 14
60 10 9
60 11 13
60 12 8
60 13 14
60 14 4
60 15 1
60 16 13
60 17 5
60 18 8
60 19 14
60 20 3
60 21 6
60 22 2
60 23 10
60 24 14
60 25 5
60 26 2
60 27 6
60 28 11
60 29 10
60 30 2
60 31 10
60 32 3
60 33 11
60 34 7
60 35 4
60 36 2
60 37 13
60 38 11
60 39 12
60 40 9
60 41 5
60 42 11
60 43 5
60 44 14
60 45 1
60 46 14
60 47 5
60 48 9
60 49 14
60 50 7
60 51 4
60 52 4
60 53 1
60 54 12
60 55 1
60 56 13
60 57 8
60 58 9
60 59 11
61 0 6
61 1 10
61 2 7
61 3 1
61 4 12
61 5 13
61 6 2
61 7 11
61 8 8
61 9 6
61 10 14
61 11 7
61 12 13
61 13 3
61 14 6
61 15 14
61 16 7
61 17 13
61 18 12
61 19 10
61 20 3
61 21 8
61 22 10
61 23 5
61 24 10
61 25 11
61 26 5
61 27 13
61 28 2
61 29 7
61 30 5
61 31 3
61 32 2
61 33 12
61 34 2
61 35 2
61 36 5
61 37 12
61 38 11
61 39 6
61 40 13
61 41 8
61 42 4
61 43 14
61 44 8
61 45 6
61 46 13
61 47 9
61 48 3
61 49 1
61 50 1
61 51 13
61 52 13
61 53 7
61 54 5
61 55 5
61 56 4
61 57 3
61 58 1
61 59 6
61 60 13
62 0 2
62 1 11
62 2 7
62 3 4
62 4 10
62 5 13
62 6 12
62 7 6
62 8 2
62 9 11
62 10 10
62 11 7
62 12 6
62 13 10
62 14 3
62 15 9
62 16 1
62 17 2
62 18 14
62 19 7
62 20 9
62 21 6
62 22 11
62 23 14
62 24 14
62 25 9
62 26 1
62 27 3
62 28 2
62 29 7
62 30 13
62 31 5
62 32 9
62 33 5
62 34 7
62 35 13
62 36 10
62 37 6
62 38 9
62 39 6
62 40 9
62 41 12
62 42 13
62 43 4
62 44 8
62 45 4
62 46 7
62 47 6
62 48 1
62 49 11
62 50 4
62 51 12
62 52 6
62 53 3
62 54 12
62 55 2
62 56 9
62 57 2
62 58 8
62 59 2
62 60 6
62 61 3
63 0 5
63 1 4
63 2 8
63 3 11
63 4 13
63 5 10
63 6 2
63 7 9
63 8 10
63 9 3
63 10 3
63 11 9
63 12 10
63 13 1
63 14 7
63 15 12
63 16 2
63 17 11
63 18 10
63 19 12
63 20 9
63 21 12
63 22 13
63 23 14
63 24 9
63 25 11
63 26 6
63 27 1
63 28 1
63 29 13
63 30 8
63 31 6
63 32 13
63 33 6
63 34 10
63 35 7
63 36 6
63 37 12
63 38 1
63 39 10
63 40 9
63 41 4
63 42 14
63 43 10
63 44 4
63 45 9
63 46 2
63 47 3
63 48 13
63 49 6
63 50 11
63 51 13
63 52 6
63 53 13
63 54 11
63 55 9
63 56 3
63 57 6
63 58 5
63 59 11
63 60 13
63 61 9
63 62 2
64 0 4
64 1 5
64 2 2
64 3 12
64 4 14
64 5 1
64 6 11
64 7 3
64 8 4
64 9 6
64 10 4
64 11 11
64 12 7
64 13 14
64 14 1
64 15 2
64 16 9
64 17 2
64 18 8
64 19 2
64 20 10
64 21 9
64 22 6
64 23 5
64 24 5
64 25 5
64 26 5
64 27 13
64 28 6
64 29 8
64 30 6
64 31 3
64 32 7
64 33 6
64 34 5
64 35 10
64 36 7
64 37 13
64 38 6
64 39 10
64 40 12
64 41 5
64 42 4
64 43 7
64 44 3
64 45 8
64 46 3
64 47 3
64 48 5
64 49 5
64 50 1
64 51 4
64 52 6
64 53 6
64 54 6
64 55 12
64 56 3
64 57 2
64 58 9
64 59 5
64 60 10
64 61 3
64 62 4
64 63 10
65 0 5
65 1 2
65 2 6
65 3 3
65 4 13
65 5 4
65 6 12
65 7 6
65 8 3
65 9 13
65 10 9
65 11 9
65 12 10
65 13 11
65 14 2
65 15 12
65 16 12
65 17 11
65 18 14
65 19 5
65 20 2
65 21 4
65 22 10
65 23 1
65 24 5
65 25 6
65 26 14
65 27 3
65 28 1
65 29 1
65 30 4
65 31 11
65 32 10
65 33 3
65 34 2
65 35 12
65 36 9
65 37 2
65 38 2
65 39 4
65 40 14
65 41 10
65 42 10
65 43 8
65 44 7
65 45 8
65 46 5
65 47 3
65 48 1
65 49 5
65 50 1
65 51 12
65 52 3
65 53 11
65 54 7
65 55 8
65 56 13
65 57 13
65 58 9
65 59 7
65 60 6
65 61 14
65 62 2
65 63 4
65 64 10
66 0 9
66 1 7
66 2 13
66 3 10
66 4 8
66 5 7
66 6 10
66 7 9
66 8 6
66 9 12
66 10 12
66 11 5
66 12 8
66 13 11
66 14 2
66 15 5
66 16 9
66 17 12
66 18 14
66 19 9
66 20 10
66 21 9
66 22 14
66 23 12
66 24 14
66 25 4
66 26 6
66 27 1
66 28 9
66 29 6
66 30 1
66 31 11
66 32 1
66 33 10
66 34 4
66 35 8
66 36 1
66 37 1
66 38 4
66 39 7
66 40 8
66 41 4
66 42 1
66 43 9
66 44 8
66 45 3
66 46 1
66 47 4
66 48 12
66 49 7
66 50 14
66 51 11
66 52 6
66 53 5
66 54 12
66 55 10
66 56 12
66 57 2
66 58 7
66 59 11
66 60 13
66 61 3
66 62 8
66 63 8
66 64 12
66 65 2
67 0 7
67 1 10
67 2 4
67 3 10
67 4 8
67 5 6
67 6 8
67 7 3
67 8 10
67 9 12
67 10 12
67 11 10
67 12 9
67 13 8
67 14 5
67 15 10
67 16 9
67 17 1
67 18 10
67 19 13
67 20 8
67 21 10
67 22 12
67 23 6
67 24 2
67 25 7
67 26 9
67 27 14
67 28 2
67 29 12
67 30 1
67 31 2
67 32 5
67 33 3
67 34 12
67 35 4
67 36 2
67 37 13
67 38 7
67 39 7
67 40 12
67 41 11
67 42 9
67 43 2
67 44 3
67 45 14
67 46 3
67 47 9
67 48 8
67 49 4
67 50 7
67 51 2
67 52 14
67 53 9
67 54 3
67 55 11
67 56 1
67 57 2
67 58 6
67 59 13
67 60 4
67 61 5
67 62 4
67 63 13
67 64 4
67 65 14
67 66 6
68 0 13
68 1 9
68 2 1
68 3 4
68 4 7
68 5 9
68 6 4
68 7 5
68 8 6
68 9 14
68 10 3
68 11 5
68 12 12
68 13 10
68 14 3
68 15 12
68 16 10
68 17 14
68 18 10
68 19 2
68 20 11
68 21 7
68 22 12
68 23 10
68 24 4
68 25 6
68 26 12
68 27 6
68 28 7
68 29 8
68 30 3
68 31 8
68 32 9
68 33 3
68 34 3
68 35 1
68 36 4
68 37 6
68 38 3
68 39 4
68 40 1
68 41 10
68 42 13
68 43 4
68 44 1
68 45 12
68 46 9
68 47 3
68 48 6
68 49 6
68 50 7
68 51 7
68 52 1
68 53 12
68 54 12
68 55 11
68 56 10
68 57 12
68 58 10
68 59 1
68 60 8
68 61 14
68 62 10
68 63 7
68 64 11
68 65 2
68 66 14
68 67 10
69 0 6
69 1 5
69 2 4
69 3 11
69 4 5
69 5 12
69 6 7
69 7 2
69 8 4
69 9 9
69 10 3
69 11 9
69 12 11
69 13 1
69 14 10
69 15 12
69 16 3
69 17 14
69 18 12
69 19 2
69 20 12
69 21 9
69 22 3
69 23 10
69 24 10
69 25 4
69 26 5
69 27 3
69 28 13
69 29 13
69 30 6
69 31 5
69 32 8
69 33 12
69 34 1
69 35 11
69 36 4
69 37 2
69 38 12
69 39 5
69 40 9
69 41 5
69 42 5
69 43 5
69 44 6
69 45 8
69 46 5
69 47 3
69 48 6
69 49 8
69 50 10
69 51 2
69 52 6
69 53 8
69 54 3
69 55 4
69 56 10
69 57 3
69 58 10
69 59 5
69 60 3
69 61 11
69 62 5
69 63 7
69 64 12
69 65 12
69 66 13
69 67 2
69 68 1
