70
1 0 4
2 0 2
2 1 1
3 0 3
3 1 2
3 2 3
4 0 4
4 1 1
4 2 4
4 3 4
5 0 4
5 1 4
5 2 2
5 3 2
5 4 2
6 0 3
6 1 1
6 2 3
6 3 3
6 4 4
6 5 2
7 0 2
7 1 2
7 2 3
7 3 2
7 4 3
7 5 3
7 6 2
8 0 4
8 1 4
8 2 2
8 3 1
8 4 2
8 5 4
8 6 4
8 7 1
9 0 4
9 1 2
9 2 1
9 3 4
9 4 1
9 5 4
9 6 2
9 7 2
9 8 4
10 0 4
10 1 3
10 2 2
10 3 4
10 4 4
10 5 3
10 6 4
10 7 4
10 8 2
10 9 2
11 0 2
11 1 1
11 2 1
11 3 2
11 4 2
11 5 1
11 6 2
11 7 2
11 8 3
11 9 1
11 10 1
12 0 2
12 1 4
12 2 4
12 3 1
12 4 1
12 5 1
12 6 2
12 7 4
12 8 2
12 9 2
12 10 2
12 11 3
13 0 2
13 1 4
13 2 1
13 3 4
13 4 1
13 5 1
13 6 1
13 7 2
13 8 3
13 9 1
13 10 1
13 11 3
13 12 2
14 0 1
14 1 2
14 2 1
14 3 3
14 4 3
14 5 3
14 6 1
14 7 2
14 8 3
14 9 4
14 10 1
14 11 4
14 12 2
14 13 3
15 0 3
15 1 1
15 2 4
15 3 3
15 4 3
15 5 3
15 6 4
15 7 1
15 8 4
15 9 3
15 10 1
15 11 2
15 12 4
15 13 4
15 14 4
16 0 4
16 1 4
16 2 2
16 3 4
16 4 1
16 5 3
16 6 2
16 7 2
16 8 4
16 9 4
16 10 2
16 11 1
16 12 2
16 13 1
16 14 2
16 15 1
17 0 3
17 1 1
17 2 3
17 3 2
17 4 1
17 5 4
17 6 3
17 7 1
17 8 4
17 9 2
17 10 3
17 11 1
17 12 3
17 13 2
17 14 4
17 15 1
17 16 1
18 0 2
18 1 2
18 2 2
18 3 2
18 4 3
18 5 3
18 6 3
18 7 3
18 8 1
18 9 1
18 10 2
18 11 1
18 12 4
18 13 4
18 14 3
18 15 1
18 16 4
18 17 3
19 0 4
19 1 3
19 2 2
19 3 3
19 4 1
19 5 1
19 6 4
19 7 4
19 8 1
19 9 3
19 10 3
19 11 3
19 12 3
19 13 3
19 14 1
19 15 1
19 16 3
19 17 1
19 18 1
20 0 1
20 1 2
20 2 4
20 3 3
20 4 2
20 5 1
20 6 2
20 7 3
20 8 4
20 9 4
20 10 1
20 11 4
20 12 2
20 13 3
20 14 4
20 15 4
20 16 4
20 17 3
20 18 3
20 19 1
21 0 3
21 1 4
21 2 3
21 3 4
21 4 1
21 5 2
21 6 3
21 7 3
21 8 1
21 9 4
21 10 1
21 11 2
21 12 3
21 13 2
21 14 1
21 15 1
21 16 1
21 17 2
21 18 4
21 19 2
21 20 1
22 0 4
22 1 1
22 2 1
22 3 4
22 4 1
22 5 4
22 6 2
22 7 4
22 8 2
22 9 2
22 10 2
22 11 3
22 12 2
22 13 1
22 14 3
22 15 4
22 16 2
22 17 1
22 18 1
22 19 3
22 20 4
22 21 3
23 0 3
23 1 4
23 2 3
23 3 1
23 4 1
23 5 2
23 6 2
23 7 3
23 8 3
23 9 4
23 10 1
23 11 4
23 12 3
23 13 4
23 14 4
23 15 4
23 16 2
23 17 3
23 18 1
23 19 4
23 20 2
23 21 4
23 22 4
24 0 2
24 1 1
24 2 1
24 3 2
24 4 2
24 5 3
24 6 1
24 7 1
24 8 2
24 9 3
24 10 2
24 11 1
24 12 1
24 13 2
24 14 1
24 15 3
24 16 4
24 17 4
24 18 2
24 19 4
24 20 1
24 21 4
24 22 3
24 23 3
25 0 3
25 1 2
25 2 4
25 3 1
25 4 3
25 5 2
25 6 4
25 7 4
25 8 2
25 9 2
25 10 4
25 11 1
25 12 3
25 13 2
25 14 2
25 15 2
25 16 3
25 17 1
25 18 4
25 19 1
25 20 4
25 21 4
25 22 4
25 23 4
25 24 2
26 0 4
26 1 4
26 2 2
26 3 1
26 4 2
26 5 1
26 6 3
26 7 3
26 8 1
26 9 4
26 10 3
26 11 1
26 12 1
26 13 2
26 14 4
26 15 3
26 16 4
26 17 2
26 18 1
26 19 1
26 20 1
26 21 2
26 22 3
26 23 2
26 24 1
26 25 3
27 0 4
27 1 3
27 2 1
27 3 1
27 4 3
27 5 2
27 6 2
27 7 2
27 8 2
27 9 4
27 10 3
27 11 1
27 12 1
27 13 3
27 14 1
27 15 2
27 16 2
27 17 4
27 18 2
27 19 4
27 20 2
27 21 2
27 22 2
27 23 1
27 24 4
27 25 1
27 26 1
28 0 2
28 1 1
28 2 1
28 3 4
28 4 3
28 5 3
28 6 3
28 7 4
28 8 2
28 9 2
28 10 1
28 11 3
28 12 4
28 13 3
28 14 2
28 15 3
28 16 2
28 17 2
28 18 3
28 19 2
28 20 3
28 21 3
28 22 4
28 23 2
28 24 4
28 25 1
28 26 2
28 27 3
29 0 2
29 1 1
29 2 2
29 3 3
29 4 1
29 5 4
29 6 1
29 7 3
29 8 2
29 9 4
29 10 3
29 11 2
29 12 2
29 13 4
29 14 1
29 15 2
29 16 3
29 17 4
29 18 1
29 19 3
29 20 4
29 21 2
29 22 1
29 23 3
29 24 2
29 25 1
29 26 3
29 27 3
29 28 4
30 0 1
30 1 2
30 2 2
30 3 4
30 4 1
30 5 4
30 6 1
30 7 4
30 8 1
30 9 3
30 10 4
30 11 3
30 12 3
30 13 1
30 14 1
30 15 2
30 16 2
30 17 1
30 18 1
30 19 1
30 20 4
30 21 1
30 22 4
30 23 2
30 24 4
30 25 1
30 26 1
30 27 1
30 28 3
30 29 3
31 0 3
31 1 4
31 2 4
31 3 3
31 4 1
31 5 2
31 6 1
31 7 2
31 8 2
31 9 1
31 10 2
31 11 3
31 12 1
31 13 2
31 14 2
31 15 2
31 16 1
31 17 2
31 18 1
31 19 4
31 20 4
31 21 3
31 22 1
31 23 2
31 24 2
31 25 2
31 26 3
31 27 1
31 28 2
31 29 3
31 30 4
32 0 3
32 1 2
32 2 1
32 3 1
32 4 1
32 5 2
32 6 1
32 7 2
32 8 1
32 9 2
32 10 4
32 11 1
32 12 3
32 13 2
32 14 3
32 15 1
32 16 2
32 17 1
32 18 2
32 19 3
32 20 1
32 21 4
32 22 3
32 23 3
32 24 2
32 25 2
32 26 4
32 27 2
32 28 1
32 29 4
32 30 2
32 31 3
33 0 4
33 1 3
33 2 3
33 3 1
33 4 3
33 5 3
33 6 4
33 7 2
33 8 4
33 9 4
33 10 2
33 11 1
33 12 4
33 13 1
33 14 4
33 15 3
33 16 2
33 17 4
33 18 4
33 19 1
33 20 1
33 21 1
33 22 4
33 23 4
33 24 2
33 25 4
33 26 3
33 27 2
33 28 2
33 29 1
33 30 4
33 31 2
33 32 1
34 0 1
34 1 3
34 2 3
34 3 1
34 4 2
34 5 3
34 6 3
34 7 4
34 8 2
34 9 3
34 10 3
34 11 4
34 12 3
34 13 2
34 14 3
34 15 4
34 16 2
34 17 2
34 18 3
34 19 4
34 20 3
34 21 1
34 22 2
34 23 2
34 24 2
34 25 3
34 26 2
34 27 3
34 28 3
34 29 2
34 30 2
34 31 4
34 32 2
34 33 3
35 0 4
35 1 4
35 2 3
35 3 1
35 4 3
35 5 3
35 6 2
35 7 3
35 8 2
35 9 2
35 10 4
35 11 3
35 12 2
35 13 2
35 14 4
35 15 1
35 16 3
35 17 4
35 18 2
35 19 2
35 20 3
35 21 3
35 22 4
35 23 4
35 24 2
35 25 2
35 26 2
35 27 1
35 28 4
35 29 3
35 30 4
35 31 3
35 32 2
35 33 1
35 34 2
36 0 3
36 1 1
36 2 2
36 3 1
36 4 4
36 5 2
36 6 3
36 7 4
36 8 2
36 9 2
36 10 3
36 11 2
36 12 1
36 13 1
36 14 4
36 15 2
36 16 2
36 17 3
36 18 1
36 19 3
36 20 2
36 21 1
36 22 4
36 23 3
36 24 4
36 25 4
36 26 3
36 27 4
36 28 3
36 29 2
36 30 4
36 31 3
36 32 3
36 33 4
36 34 3
36 35 2
37 0 3
37 1 1
37 2 1
37 3 1
37 4 2
37 5 4
37 6 3
37 7 1
37 8 1
37 9 2
37 10 4
37 11 4
37 12 4
37 13 1
37 14 1
37 15 1
37 16 1
37 17 3
37 18 3
37 19 1
37 20 2
37 21 3
37 22 3
37 23 1
37 24 2
37 25 3
37 26 2
37 27 3
37 28 4
37 29 2
37 30 3
37 31 2
37 32 4
37 33 3
37 34 2
37 35 3
37 36 4
38 0 2
38 1 1
38 2 2
38 3 1
38 4 2
38 5 2
38 6 1
38 7 1
38 8 3
38 9 2
38 10 4
38 11 1
38 12 2
38 13 4
38 14 2
38 15 4
38 16 2
38 17 1
38 18 1
38 19 4
38 20 2
38 21 4
38 22 4
38 23 3
38 24 4
38 25 3
38 26 4
38 27 1
38 28 3
38 29 4
38 30 4
38 31 2
38 32 4
38 33 1
38 34 2
38 35 3
38 36 2
38 37 2
39 0 1
39 1 4
39 2 2
39 3 1
39 4 3
39 5 3
39 6 2
39 7 2
39 8 3
39 9 2
39 10 2
39 11 3
39 12 2
39 13 3
39 14 2
39 15 4
39 16 2
39 17 4
39 18 4
39 19 3
39 20 3
39 21 3
39 22 4
39 23 2
39 24 2
39 25 1
39 26 3
39 27 4
39 28 2
39 29 4
39 30 3
39 31 3
39 32 2
39 33 1
39 34 3
39 35 1
39 36 4
39 37 2
39 38 1
40 0 3
40 1 4
40 2 1
40 3 1
40 4 2
40 5 4
40 6 4
40 7 1
40 8 1
40 9 1
40 10 3
40 11 2
40 12 4
40 13 2
40 14 2
40 15 2
40 16 2
40 17 2
40 18 1
40 19 2
40 20 4
40 21 1
40 22 2
40 23 2
40 24 1
40 25 2
40 26 3
40 27 1
40 28 1
40 29 1
40 30 4
40 31 3
40 32 1
40 33 1
40 34 2
40 35 4
40 36 4
40 37 4
40 38 1
40 39 4
41 0 4
41 1 1
41 2 4
41 3 1
41 4 1
41 5 4
41 6 4
41 7 4
41 8 4
41 9 3
41 10 4
41 11 1
41 12 3
41 13 4
41 14 3
41 15 2
41 16 1
41 17 1
41 18 2
41 19 4
41 20 3
41 21 1
41 22 3
41 23 4
41 24 3
41 25 1
41 26 4
41 27 3
41 28 3
41 29 1
41 30 1
41 31 1
41 32 4
41 33 2
41 34 4
41 35 1
41 36 3
41 37 3
41 38 1
41 39 4
41 40 1
42 0 2
42 1 1
42 2 4
42 3 2
42 4 2
42 5 3
42 6 4
42 7 2
42 8 1
42 9 1
42 10 3
42 11 3
42 12 3
42 13 1
42 14 4
42 15 4
42 16 3
42 17 1
42 18 4
42 19 2
42 20 2
42 21 1
42 22 2
42 23 3
42 24 3
42 25 4
42 26 1
42 27 4
42 28 1
42 29 1
42 30 2
42 31 2
42 32 4
42 33 3
42 34 4
42 35 4
42 36 3
42 37 2
42 38 3
42 39 3
42 40 3
42 41 4
43 0 4
43 1 1
43 2 3
43 3 3
43 4 4
43 5 4
43 6 2
43 7 2
43 8 3
43 9 4
43 10 3
43 11 4
43 12 3
43 13 3
43 14 1
43 15 3
43 16 4
43 17 3
43 18 4
43 19 3
43 20 4
43 21 4
43 22 1
43 23 1
43 24 2
43 25 3
43 26 1
43 27 1
43 28 4
43 29 2
43 30 2
43 31 4
43 32 2
43 33 3
43 34 2
43 35 3
43 36 4
43 37 2
43 38 1
43 39 3
43 40 3
43 41 2
43 42 2
44 0 1
44 1 1
44 2 3
44 3 4
44 4 1
44 5 1
44 6 4
44 7 1
44 8 1
44 9 2
44 10 3
44 11 1
44 12 3
44 13 1
44 14 2
44 15 2
44 16 1
44 17 4
44 18 2
44 19 1
44 20 2
44 21 4
44 22 2
44 23 1
44 24 1
44 25 3
44 26 4
44 27 1
44 28 3
44 29 2
44 30 1
44 31 2
44 32 4
44 33 4
44 34 1
44 35 4
44 36 4
44 37 3
44 38 4
44 39 4
44 40 2
44 41 4
44 42 1
44 43 3
45 0 4
45 1 4
45 2 3
45 3 3
45 4 1
45 5 1
45 6 1
45 7 1
45 8 3
45 9 4
45 10 1
45 11 2
45 12 3
45 13 4
45 14 2
45 15 2
45 16 2
45 17 2
45 18 2
45 19 1
45 20 4
45 21 4
45 22 2
45 23 2
45 24 4
45 25 1
45 26 4
45 27 1
45 28 4
45 29 3
45 30 2
45 31 4
45 32 2
45 33 3
45 34 1
45 35 1
45 36 4
45 37 3
45 38 2
45 39 2
45 40 1
45 41 1
45 42 4
45 43 4
45 44 3
46 0 2
46 1 4
46 2 1
46 3 3
46 4 2
46 5 2
46 6 4
46 7 4
46 8 2
46 9 1
46 10 3
46 11 2
46 12 2
46 13 3
46 14 4
46 15 4
46 16 1
46 17 2
46 18 2
46 19 3
46 20 2
46 21 1
46 22 2
46 23 1
46 24 3
46 25 2
46 26 3
46 27 1
46 28 4
46 29 2
46 30 2
46 31 1
46 32 2
46 33 1
46 34 2
46 35 3
46 36 1
46 37 1
46 38 1
46 39 2
46 40 4
46 41 1
46 42 4
46 43 1
46 44 3
46 45 2
47 0 3
47 1 2
47 2 2
47 3 1
47 4 4
47 5 3
47 6 2
47 7 4
47 8 4
47 9 4
47 10 1
47 11 4
47 12 2
47 13 2
47 14 1
47 15 1
47 16 3
47 17 4
47 18 4
47 19 3
47 20 3
47 21 1
47 22 2
47 23 1
47 24 1
47 25 3
47 26 2
47 27 3
47 28 1
47 29 1
47 30 3
47 31 1
47 32 4
47 33 3
47 34 2
47 35 1
47 36 2
47 37 3
47 38 3
47 39 4
47 40 2
47 41 4
47 42 1
47 43 1
47 44 1
47 45 3
47 46 2
48 0 2
48 1 3
48 2 2
48 3 1
48 4 3
48 5 4
48 6 1
48 7 4
48 8 2
48 9 2
48 10 4
48 11 1
48 12 4
48 13 4
48 14 1
48 15 2
48 16 1
48 17 1
48 18 2
48 19 1
48 20 3
48 21 2
48 22 1
48 23 3
48 24 1
48 25 4
48 26 2
48 27 3
48 28 3
48 29 2
48 30 1
48 31 3
48 32 4
48 33 1
48 34 1
48 35 4
48 36 2
48 37 4
48 38 4
48 39 2
48 40 4
48 41 2
48 42 1
48 43 3
48 44 4
48 45 1
48 46 2
48 47 1
49 0 1
49 1 2
49 2 3
49 3 1
49 4 4
49 5 2
49 6 1
49 7 2
49 8 2
49 9 3
49 10 4
49 11 3
49 12 2
49 13 2
49 14 3
49 15 1
49 16 1
49 17 2
49 18 3
49 19 2
49 20 2
49 21 1
49 22 3
49 23 4
49 24 4
49 25 3
49 26 3
49 27 2
49 28 3
49 29 1
49 30 3
49 31 2
49 32 1
49 33 3
49 34 3
49 35 1
49 36 1
49 37 1
49 38 2
49 39 4
49 40 4
49 41 4
49 42 2
49 43 2
49 44 3
49 45 1
49 46 4
49 47 2
49 48 2
50 0 3
50 1 3
50 2 2
50 3 1
50 4 2
50 5 4
50 6 4
50 7 3
50 8 3
50 9 1
50 10 3
50 11 4
50 12 2
50 13 1
50 14 4
50 15 4
50 16 3
50 17 2
50 18 1
50 19 3
50 20 3
50 21 2
50 22 1
50 23 3
50 24 4
50 25 2
50 26 1
50 27 2
50 28 4
50 29 2
50 30 1
50 31 1
50 32 1
50 33 4
50 34 4
50 35 1
50 36 3
50 37 2
50 38 3
50 39 2
50 40 4
50 41 4
50 42 4
50 43 1
50 44 2
50 45 4
50 46 2
50 47 3
50 48 4
50 49 3
51 0 3
51 1 1
51 2 1
51 3 4
51 4 3
51 5 4
51 6 3
51 7 3
51 8 4
51 9 2
51 10 1
51 11 3
51 12 1
51 13 2
51 14 4
51 15 3
51 16 1
51 17 1
51 18 1
51 19 2
51 20 3
51 21 3
51 22 3
51 23 1
51 24 2
51 25 2
51 26 3
51 27 4
51 28 3
51 29 2
51 30 2
51 31 1
51 32 1
51 33 4
51 34 4
51 35 1
51 36 2
51 37 3
51 38 1
51 39 4
51 40 2
51 41 3
51 42 2
51 43 1
51 44 1
51 45 2
51 46 3
51 47 3
51 48 3
51 49 2
51 50 4
52 0 2
52 1 3
52 2 4
52 3 3
52 4 2
52 5 1
52 6 4
52 7 1
52 8 1
52 9 2
52 10 2
52 11 3
52 12 1
52 13 4
52 14 1
52 15 3
52 16 4
52 17 1
52 18 1
52 19 3
52 20 4
52 21 3
52 22 3
52 23 2
52 24 1
52 25 3
52 26 3
52 27 3
52 28 3
52 29 1
52 30 1
52 31 3
52 32 3
52 33 2
52 34 3
52 35 3
52 36 4
52 37 3
52 38 4
52 39 1
52 40 3
52 41 3
52 42 3
52 43 4
52 44 3
52 45 1
52 46 4
52 47 1
52 48 4
52 49 3
52 50 1
52 51 2
53 0 3
53 1 4
53 2 1
53 3 1
53 4 2
53 5 2
53 6 2
53 7 3
53 8 3
53 9 2
53 10 2
53 11 4
53 12 2
53 13 3
53 14 3
53 15 3
53 16 4
53 17 4
53 18 2
53 19 3
53 20 1
53 21 4
53 22 1
53 23 4
53 24 2
53 25 3
53 26 2
53 27 3
53 28 4
53 29 1
53 30 4
53 31 3
53 32 4
53 33 3
53 34 1
53 35 3
53 36 4
53 37 4
53 38 4
53 39 2
53 40 2
53 41 4
53 42 2
53 43 1
53 44 2
53 45 4
53 46 2
53 47 2
53 48 4
53 49 3
53 50 4
53 51 3
53 52 3
54 0 1
54 1 1
54 2 1
54 3 4
54 4 1
54 5 4
54 6 4
54 7 1
54 8 1
54 9 3
54 10 4
54 11 2
54 12 2
54 13 3
54 14 1
54 15 1
54 16 2
54 17 3
54 18 1
54 19 2
54 20 3
54 21 2
54 22 1
54 23 4
54 24 3
54 25 1
54 26 2
54 27 2
54 28 2
54 29 3
54 30 4
54 31 4
54 32 4
54 33 4
54 34 4
54 35 1
54 36 1
54 37 2
54 38 2
54 39 1
54 40 3
54 41 2
54 42 1
54 43 2
54 44 1
54 45 1
54 46 3
54 47 2
54 48 3
54 49 2
54 50 2
54 51 4
54 52 3
54 53 3
55 0 3
55 1 4
55 2 2
55 3 3
55 4 2
55 5 1
55 6 3
55 7 3
55 8 4
55 9 3
55 10 4
55 11 4
55 12 2
55 13 2
55 14 4
55 15 4
55 16 2
55 17 2
55 18 4
55 19 4
55 20 3
55 21 4
55 22 1
55 23 4
55 24 3
55 25 2
55 26 1
55 27 2
55 28 2
55 29 4
55 30 4
55 31 4
55 32 1
55 33 1
55 34 2
55 35 3
55 36 4
55 37 1
55 38 4
55 39 1
55 40 1
55 41 3
55 42 3
55 43 4
55 44 3
55 45 1
55 46 1
55 47 1
55 48 3
55 49 4
55 50 1
55 51 4
55 52 4
55 53 1
55 54 4
56 0 4
56 1 3
56 2 3
56 3 2
56 4 4
56 5 2
56 6 4
56 7 1
56 8 1
56 9 1
56 10 4
56 11 1
56 12 1
56 13 1
56 14 4
56 15 4
56 16 3
56 17 4
56 18 2
56 19 1
56 20 2
56 21 3
56 22 1
56 23 1
56 24 2
56 25 2
56 26 3
56 27 1
56 28 3
56 29 4
56 30 4
56 31 2
56 32 1
56 33 4
56 34 1
56 35 1
56 36 4
56 37 2
56 38 4
56 39 3
56 40 1
56 41 3
56 42 4
56 43 2
56 44 2
56 45 2
56 46 1
56 47 2
56 48 2
56 49 1
56 50 1
56 51 1
56 52 2
56 53 2
56 54 1
56 55 3
57 0 4
57 1 1
57 2 4
57 3 4
57 4 4
57 5 3
57 6 2
57 7 4
57 8 4
57 9 2
57 10 1
57 11 2
57 12 3
57 13 4
57 14 3
57 15 4
57 16 1
57 17 2
57 18 4
57 19 1
57 20 2
57 21 1
57 22 1
57 23 4
57 24 4
57 25 4
57 26 2
57 27 3
57 28 2
57 29 1
57 30 3
57 31 1
57 32 4
57 33 4
57 34 3
57 35 2
57 36 1
57 37 4
57 38 3
57 39 2
57 40 4
57 41 1
57 42 1
57 43 4
57 44 2
57 45 1
57 46 1
57 47 1
57 48 2
57 49 4
57 50 1
57 51 3
57 52 3
57 53 4
57 54 1
57 55 1
57 56 1
58 0 1
58 1 2
58 2 3
58 3 2
58 4 3
58 5 1
58 6 4
58 7 4
58 8 3
58 9 2
58 10 4
58 11 3
58 12 1
58 13 2
58 14 4
58 15 2
58 16 2
58 17 1
58 18 3
58 19 3
58 20 4
58 21 4
58 22 1
58 23 2
58 24 4
58 25 2
58 26 1
58 27 1
58 28 3
58 29 3
58 30 1
58 31 1
58 32 4
58 33 1
58 34 2
58 35 3
58 36 3
58 37 3
58 38 4
58 39 4
58 40 2
58 41 2
58 42 1
58 43 1
58 44 2
58 45 4
58 46 1
58 47 4
58 48 2
58 49 4
58 50 3
58 51 4
58 52 2
58 53 3
58 54 4
58 55 1
58 56 2
58 57 4
59 0 2
59 1 1
59 2 2
59 3 3
59 4 1
59 5 4
59 6 3
59 7 2
59 8 3
59 9 4
59 10 3
59 11 2
59 12 4
59 13 2
59 14 3
59 15 4
59 16 2
59 17 4
59 18 1
59 19 4
59 20 1
59 21 1
59 22 1
59 23 3
59 24 2
59 25 1
59 26 2
59 27 4
59 28 3
59 29 1
59 30 3
59 31 4
59 32 1
59 33 2
59 34 1
59 35 3
59 36 1
59 37 1
59 38 3
59 39 1
59 40 4
59 41 3
59 42 2
59 43 4
59 44 4
59 45 4
59 46 4
59 47 4
59 48 4
59 49 2
59 50 3
59 51 4
59 52 2
59 53 3
59 54 1
59 55 3
59 56 1
59 57 1
59 58 2
60 0 2
60 1 3
60 2 1
60 3 4
60 4 1
60 5 3
60 6 4
60 7 3
60 8 2
60 9 2
60 10 2
60 11 2
60 12 4
60 13 2
60 14 1
60 15 1
60 16 4
60 17 4
60 18 1
60 19 4
60 20 3
60 21 4
60 22 2
60 23 4
60 24 4
60 25 2
60 26 1
60 27 3
60 28 2
60 29 2
60 30 2
60 31 3
60 32 3
60 33 1
60 34 1
60 35 1
60 36 2
60 37 4
60 38 3
60 39 1
60 40 1
60 41 4
60 42 3
60 43 2
60 44 1
60 45 4
60 46 1
60 47 2
60 48 4
60 49 4
60 50 1
60 51 1
60 52 3
60 53 1
60 54 4
60 55 2
60 56 2
60 57 3
60 58 4
60 59 3
61 0 2
61 1 4
61 2 1
61 3 3
61 4 2
61 5 3
61 6 3
61 7 1
61 8 3
61 9 1
61 10 2
61 11 1
61 12 2
61 13 1
61 14 1
61 15 1
61 16 4
61 17 1
61 18 3
61 19 3
61 20 1
61 21 4
61 22 2
61 23 4
61 24 4
61 25 1
61 26 1
61 27 3
61 28 3
61 29 3
61 30 1
61 31 2
61 32 3
61 33 1
61 34 3
61 35 2
61 36 1
61 37 2
61 38 3
61 39 3
61 40 1
61 41 1
61 42 3
61 43 3
61 44 3
61 45 2
61 46 4
61 47 2
61 48 3
61 49 2
61 50 3
61 51 1
61 52 1
61 53 4
61 54 2
61 55 1
61 56 2
61 57 2
61 58 2
61 59 2
61 60 1
62 0 1
62 1 4
62 2 2
62 3 2
62 4 2
62 5 2
62 6 2
62 7 2
62 8 1
62 9 2
62 10 1
62 11 3
62 12 1
62 13 1
62 14 2
62 15 4
62 16 1
62 17 4
62 18 1
62 19 2
62 20 1
62 21 2
62 22 3
62 23 2
62 24 2
62 25 3
62 26 3
62 27 2
62 28 2
62 29 2
62 30 1
62 31 1
62 32 2
62 33 3
62 34 1
62 35 3
62 36 2
62 37 1
62 38 3
62 39 4
62 40 2
62 41 4
62 42 2
62 43 4
62 44 3
62 45 2
62 46 1
62 47 4
62 48 3
62 49 4
62 50 3
62 51 4
62 52 2
62 53 3
62 54 4
62 55 2
62 56 3
62 57 2
62 58 1
62 59 2
62 60 1
62 61 1
63 0 3
63 1 3
63 2 4
63 3 4
63 4 2
63 5 3
63 6 2
63 7 3
63 8 3
63 9 4
63 10 4
63 11 3
63 12 1
63 13 1
63 14 1
63 15 1
63 16 2
63 17 1
63 18 1
63 19 3
63 20 4
63 21 2
63 22 4
63 23 1
63 24 2
63 25 1
63 26 2
63 27 2
63 28 2
63 29 3
63 30 1
63 31 4
63 32 2
63 33 2
63 34 2
63 35 2
63 36 3
63 37 1
63 38 2
63 39 1
63 40 3
63 41 3
63 42 4
63 43 3
63 44 3
63 45 2
63 46 3
63 47 2
63 48 4
63 49 3
63 50 3
63 51 2
63 52 1
63 53 2
63 54 4
63 55 3
63 56 4
63 57 4
63 58 1
63 59 1
63 60 1
63 61 1
63 62 3
64 0 1
64 1 2
64 2 3
64 3 2
64 4 1
64 5 2
64 6 4
64 7 1
64 8 1
64 9 3
64 10 3
64 11 1
64 12 1
64 13 2
64 14 1
64 15 2
64 16 3
64 17 4
64 18 3
64 19 2
64 20 3
64 21 2
64 22 1
64 23 1
64 24 3
64 25 2
64 26 4
64 27 3
64 28 1
64 29 2
64 30 1
64 31 4
64 32 1
64 33 3
64 34 3
64 35 4
64 36 4
64 37 4
64 38 4
64 39 1
64 40 3
64 41 2
64 42 1
64 43 3
64 44 2
64 45 4
64 46 1
64 47 2
64 48 3
64 49 1
64 50 4
64 51 1
64 52 2
64 53 1
64 54 4
64 55 4
64 56 2
64 57 2
64 58 1
64 59 4
64 60 4
64 61 2
64 62 1
64 63 1
65 0 4
65 1 2
65 2 3
65 3 4
65 4 3
65 5 2
65 6 1
65 7 3
65 8 3
65 9 3
65 10 1
65 11 3
65 12 3
65 13 2
65 14 1
65 15 3
65 16 1
65 17 1
65 18 4
65 19 2
65 20 1
65 21 4
65 22 4
65 23 4
65 24 4
65 25 4
65 26 1
65 27 2
65 28 4
65 29 4
65 30 4
65 31 4
65 32 2
65 33 4
65 34 1
65 35 1
65 36 1
65 37 1
65 38 2
65 39 2
65 40 3
65 41 2
65 42 2
65 43 3
65 44 1
65 45 4
65 46 1
65 47 4
65 48 4
65 49 4
65 50 2
65 51 4
65 52 4
65 53 2
65 54 3
65 55 1
65 56 4
65 57 2
65 58 3
65 59 2
65 60 3
65 61 2
65 62 2
65 63 4
65 64 2
66 0 4
66 1 1
66 2 2
66 3 4
66 4 2
66 5 4
66 6 3
66 7 4
66 8 2
66 9 1
66 10 2
66 11 4
66 12 3
66 13 3
66 14 4
66 15 3
66 16 2
66 17 4
66 18 1
66 19 3
66 20 1
66 21 2
66 22 1
66 23 3
66 24 4
66 25 1
66 26 4
66 27 1
66 28 1
66 29 2
66 30 1
66 31 1
66 32 2
66 33 2
66 34 3
66 35 1
66 36 4
66 37 2
66 38 3
66 39 4
66 40 4
66 41 4
66 42 2
66 43 4
66 44 1
66 45 1
66 46 4
66 47 4
66 48 2
66 49 4
66 50 1
66 51 3
66 52 2
66 53 4
66 54 3
66 55 1
66 56 4
66 57 2
66 58 3
66 59 4
66 60 4
66 61 2
66 62 2
66 63 2
66 64 1
66 65 1
67 0 4
67 1 3
67 2 1
67 3 2
67 4 1
67 5 1
67 6 2
67 7 2
67 8 1
67 9 2
67 10 1
67 11 4
67 12 2
67 13 2
67 14 4
67 15 3
67 16 1
67 17 4
67 18 2
67 19 2
67 20 1
67 21 1
67 22 2
67 23 3
67 24 4
67 25 1
67 26 4
67 27 2
67 28 1
67 29 4
67 30 2
67 31 2
67 32 1
67 33 1
67 34 3
67 35 4
67 36 2
67 37 4
67 38 2
67 39 4
67 40 1
67 41 2
67 42 1
67 43 4
67 44 4
67 45 3
67 46 4
67 47 3
67 48 4
67 49 3
67 50 4
67 51 3
67 52 4
67 53 1
67 54 3
67 55 4
67 56 3
67 57 1
67 58 4
67 59 3
67 60 1
67 61 1
67 62 1
67 63 2
67 64 2
67 65 2
67 66 1
68 0 4
68 1 2
68 2 3
68 3 4
68 4 4
68 5 2
68 6 3
68 7 3
68 8 3
68 9 4
68 10 1
68 11 4
68 12 4
68 13 1
68 14 1
68 15 1
68 16 3
68 17 1
68 18 2
68 19 4
68 20 4
68 21 4
68 22 3
68 23 1
68 24 1
68 25 2
68 26 3
68 27 1
68 28 4
68 29 3
68 30 4
68 31 1
68 32 3
68 33 4
68 34 2
68 35 1
68 36 1
68 37 2
68 38 4
68 39 3
68 40 4
68 41 2
68 42 4
68 43 1
68 44 4
68 45 2
68 46 4
68 47 4
68 48 2
68 49 1
68 50 1
68 51 3
68 52 3
68 53 3
68 54 4
68 55 3
68 56 2
68 57 2
68 58 4
68 59 3
68 60 4
68 61 3
68 62 1
68 63 4
68 64 1
68 65 4
68 66 1
68 67 4
69 0 1
69 1 1
69 2 1
69 3 2
69 4 2
69 5 1
69 6 4
69 7 3
69 8 3
69 9 4
69 10 4
69 11 4
69 12 1
69 13 2
69 14 1
69 15 2
69 16 3
69 17 1
69 18 1
69 19 4
69 20 3
69 21 4
69 22 1
69 23 3
69 24 4
69 25 4
69 26 2
69 27 3
69 28 2
69 29 2
69 30 4
69 31 4
69 32 4
69 33 4
69 34 2
69 35 1
69 36 3
69 37 2
69 38 3
69 39 3
69 40 1
69 41 2
69 42 1
69 43 1
69 44 2
69 45 1
69 46 1
69 47 4
69 48 4
69 49 2
69 50 4
69 51 4
69 52 2
69 53 1
69 54 2
69 55 3
69 56 3
69 57 1
69 58 4
69 59 3
69 60 3
69 61 2
69 62 1
69 63 3
69 64 2
69 65 2
69 66 4
69 67 1
69 68 2
