40
1 0 1
2 0 1
2 1 1
3 0 1
3 1 1
3 2 1
4 2 1
5 0 1
5 1 1
6 0 1
6 2 1
6 5 1
7 2 1
7 3 1
8 1 1
8 2 1
8 5 1
8 7 1
9 1 1
9 2 1
9 6 1
10 0 1
10 1 1
10 4 1
10 5 1
10 6 1
10 7 1
10 9 1
11 3 1
11 4 1
11 8 1
12 3 1
12 6 1
12 8 1
12 10 1
12 11 1
13 0 1
13 1 1
13 2 1
13 3 1
13 4 1
13 7 1
13 9 1
13 12 1
14 0 1
14 1 1
14 2 1
14 4 1
14 5 1
14 7 1
14 9 1
14 11 1
14 12 1
14 13 1
15 0 1
15 3 1
15 6 1
15 7 1
15 8 1
15 10 1
15 14 1
16 0 1
16 1 1
16 2 1
16 3 1
16 4 1
16 6 1
16 12 1
16 13 1
16 14 1
17 0 1
17 2 1
17 5 1
17 6 1
17 9 1
17 11 1
17 12 1
18 2 1
18 3 1
18 7 1
18 11 1
18 13 1
18 16 1
18 17 1
19 0 1
19 1 1
19 2 1
19 5 1
19 6 1
19 7 1
19 9 1
19 13 1
19 15 1
19 17 1
19 18 1
20 0 1
20 1 1
20 2 1
20 4 1
20 5 1
20 6 1
20 9 1
20 13 1
20 14 1
20 16 1
20 17 1
20 18 1
20 19 1
21 1 1
21 3 1
21 5 1
21 7 1
21 10 1
21 11 1
21 14 1
21 15 1
21 19 1
21 20 1
22 1 1
22 2 1
22 4 1
22 6 1
22 7 1
22 8 1
22 13 1
22 14 1
22 17 1
22 20 1
22 21 1
23 3 1
23 7 1
23 11 1
23 12 1
23 15 1
23 16 1
23 17 1
23 19 1
23 20 1
24 1 1
24 2 1
24 5 1
24 8 1
24 10 1
24 13 1
24 14 1
24 17 1
24 20 1
24 23 1
25 1 1
25 6 1
25 7 1
25 8 1
25 9 1
25 10 1
25 14 1
25 15 1
25 16 1
25 17 1
25 20 1
25 21 1
26 4 1
26 5 1
26 7 1
26 8 1
26 11 1
26 12 1
26 14 1
26 18 1
26 21 1
26 23 1
27 0 1
27 9 1
27 10 1
27 11 1
27 15 1
27 16 1
27 17 1
27 19 1
27 20 1
27 21 1
27 23 1
27 24 1
28 1 1
28 2 1
28 4 1
28 6 1
28 8 1
28 9 1
28 10 1
28 11 1
28 12 1
28 17 1
28 18 1
28 23 1
28 24 1
29 0 1
29 1 1
29 2 1
29 3 1
29 5 1
29 7 1
29 9 1
29 10 1
29 12 1
29 15 1
29 16 1
29 22 1
29 23 1
29 27 1
29 28 1
30 6 1
30 9 1
30 10 1
30 11 1
30 14 1
30 15 1
30 16 1
30 19 1
30 21 1
30 23 1
30 25 1
30 26 1
30 28 1
31 1 1
31 3 1
31 4 1
31 7 1
31 8 1
31 11 1
31 13 1
31 14 1
31 15 1
31 17 1
31 19 1
31 20 1
31 21 1
31 22 1
31 24 1
31 28 1
31 29 1
31 30 1
32 1 1
32 4 1
32 6 1
32 7 1
32 9 1
32 10 1
32 11 1
32 18 1
32 19 1
32 25 1
32 26 1
32 28 1
32 29 1
32 30 1
32 31 1
33 2 1
33 3 1
33 4 1
33 6 1
33 10 1
33 14 1
33 15 1
33 17 1
33 19 1
33 21 1
33 22 1
33 23 1
33 24 1
33 25 1
33 28 1
33 29 1
33 32 1
34 2 1
34 3 1
34 5 1
34 7 1
34 8 1
34 9 1
34 11 1
34 13 1
34 15 1
34 19 1
34 20 1
34 21 1
34 22 1
34 27 1
34 28 1
34 29 1
34 31 1
34 33 1
35 0 1
35 2 1
35 3 1
35 4 1
35 5 1
35 7 1
35 8 1
35 9 1
35 12 1
35 14 1
35 15 1
35 16 1
35 17 1
35 19 1
35 20 1
35 21 1
35 22 1
35 26 1
35 27 1
35 28 1
35 29 1
35 34 1
36 2 1
36 5 1
36 6 1
36 7 1
36 9 1
36 11 1
36 12 1
36 13 1
36 17 1
36 19 1
36 21 1
36 22 1
36 26 1
36 27 1
36 28 1
36 29 1
36 31 1
36 34 1
37 0 1
37 3 1
37 5 1
37 6 1
37 8 1
37 9 1
37 10 1
37 12 1
37 13 1
37 15 1
37 16 1
37 20 1
37 22 1
37 32 1
37 34 1
38 2 1
38 7 1
38 8 1
38 10 1
38 14 1
38 15 1
38 17 1
38 18 1
38 19 1
38 22 1
38 23 1
38 26 1
38 28 1
38 35 1
39 6 1
39 10 1
39 11 1
39 12 1
39 14 1
39 15 1
39 18 1
39 19 1
39 20 1
39 26 1
39 33 1
39 34 1
39 35 1
39 36 1
39 37 1
39 38 1
