30
1 0 3
2 0 5
2 1 5
3 0 2
3 1 4
3 2 2
4 0 1
4 1 2
4 2 1
4 3 2
5 0 5
5 1 4
5 2 3
5 3 1
5 4 1
6 0 4
6 1 4
6 2 4
6 3 5
6 4 2
6 5 5
7 0 1
7 1 2
7 2 3
7 3 4
7 4 1
7 5 5
7 6 5
8 0 5
8 1 4
8 2 5
8 3 3
8 4 4
8 5 2
8 6 4
8 7 3
9 0 3
9 1 3
9 2 5
9 3 3
9 4 2
9 5 3
9 6 1
9 7 2
9 8 5
10 0 4
10 1 2
10 2 4
10 3 3
10 4 5
10 5 5
10 6 1
10 7 3
10 8 5
10 9 3
11 0 3
11 1 5
11 2 5
11 3 1
11 4 1
11 5 5
11 6 2
11 7 2
11 8 2
11 9 2
11 10 2
12 0 1
12 1 1
12 2 5
12 3 3
12 4 5
12 5 3
12 6 1
12 7 2
12 8 1
12 9 4
12 10 2
12 11 1
13 0 5
13 1 5
13 2 4
13 3 4
13 4 2
13 5 4
13 6 3
13 7 3
13 8 2
13 9 3
13 10 1
13 11 2
13 12 5
14 0 1
14 1 2
14 2 2
14 3 2
14 4 5
14 5 5
14 6 5
14 7 2
14 8 2
14 9 4
14 10 1
14 11 3
14 12 3
14 13 1
15 0 3
15 1 1
15 2 3
15 3 1
15 4 5
15 5 2
15 6 5
15 7 3
15 8 3
15 9 3
15 10 4
15 11 2
15 12 3
15 13 5
15 14 1
16 0 2
16 1 2
16 2 3
16 3 1
16 4 3
16 5 4
16 6 5
16 7 2
16 8 3
16 9 2
16 10 5
16 11 1
16 12 4
16 13 5
16 14 4
16 15 5
17 0 1
17 1 2
17 2 1
17 3 5
17 4 4
17 5 2
17 6 4
17 7 4
17 8 2
17 9 4
17 10 4
17 11 4
17 12 5
17 13 3
17 14 4
17 15 1
17 16 5
18 0 5
18 1 2
18 2 3
18 3 5
18 4 5
18 5 4
18 6 5
18 7 5
18 8 5
18 9 5
18 10 4
18 11 3
18 12 4
18 13 5
18 14 4
18 15 4
18 16 2
18 17 2
19 0 5
19 1 1
19 2 3
19 3 1
19 4 5
19 5 2
19 6 2
19 7 2
19 8 2
19 9 4
19 10 3
19 11 4
19 12 1
19 13 5
19 14 4
19 15 2
19 16 4
19 17 2
19 18 3
20 0 1
20 1 1
20 2 3
20 3 4
20 4 3
20 5 4
20 6 4
20 7 2
20 8 5
20 9 5
20 10 4
20 11 1
20 12 4
20 13 2
20 14 2
20 15 2
20 16 4
20 17 3
20 18 3
20 19 5
21 0 2
21 1 1
21 2 3
21 3 3
21 4 5
21 5 2
21 6 4
21 7 2
21 8 4
21 9 5
21 10 3
21 11 5
21 12 3
21 13 5
21 14 3
21 15 4
21 16 5
21 17 1
21 18 3
21 19 4
21 20 1
22 0 2
22 1 1
22 2 3
22 3 1
22 4 2
22 5 1
22 6 2
22 7 4
22 8 5
22 9 2
22 10 1
22 11 1
22 12 3
22 13 3
22 14 4
22 15 4
22 16 1
22 17 4
22 18 2
22 19 5
22 20 3
22 21 4
23 0 3
23 1 2
23 2 4
23 3 3
23 4 4
23 5 4
23 6 4
23 7 5
23 8 4
23 9 1
23 10 2
23 11 1
23 12 5
23 13 5
23 14 4
23 15 1
23 16 4
23 17 4
23 18 1
23 19 2
23 20 1
23 21 4
23 22 3
24 0 4
24 1 1
24 2 4
24 3 2
24 4 5
24 5 2
24 6 1
24 7 1
24 8 3
24 9 4
24 10 4
24 11 3
24 12 4
24 13 1
24 14 1
24 15 2
24 16 3
24 17 2
24 18 1
24 19 1
24 20 1
24 21 2
24 22 2
24 23 2
25 0 2
25 1 5
25 2 1
25 3 5
25 4 4
25 5 5
25 6 2
25 7 1
25 8 4
25 9 3
25 10 3
25 11 3
25 12 1
25 13 4
25 14 1
25 15 1
25 16 4
25 17 3
25 18 3
25 19 3
25 20 2
25 21 5
25 22 1
25 23 3
25 24 4
26 0 2
26 1 2
26 2 5
26 3 1
26 4 5
26 5 2
26 6 3
26 7 4
26 8 4
26 9 3
26 10 3
26 11 2
26 12 3
26 13 3
26 14 5
26 15 4
26 16 4
26 17 2
26 18 5
26 19 3
26 20 2
26 21 1
26 22 5
26 23 1
26 24 3
26 25 1
27 0 1
27 1 4
27 2 4
27 3 3
27 4 3
27 5 2
27 6 5
27 7 5
27 8 3
27 9 3
27 10 5
27 11 3
27 12 4
27 13 4
27 14 3
27 15 3
27 16 1
27 17 5
27 18 1
27 19 4
27 20 2
27 21 1
27 22 5
27 23 3
27 24 4
27 25 3
27 26 2
28 0 1
28 1 4
28 2 2
28 3 1
28 4 4
28 5 5
28 6 2
28 7 1
28 8 1
28 9 5
28 10 3
28 11 1
28 12 4
28 13 1
28 14 5
28 15 5
28 16 3
28 17 2
28 18 3
28 19 3
28 20 3
28 21 3
28 22 4
28 23 2
28 24 3
28 25 5
28 26 3
28 27 1
29 0 2
29 1 2
29 2 1
29 3 4
29 4 1
29 5 2
29 6 4
29 7 4
29 8 3
29 9 5
29 10 2
29 11 1
29 12 4
29 13 2
29 14 2
29 15 3
29 16 5
29 17 2
29 18 1
29 19 1
29 20 1
29 21 5
29 22 2
29 23 1
29 24 5
29 25 4
29 26 5
29 27 5
29 28 2
