15
1 0 13
2 0 7
2 1 6
3 0 3
3 1 3
3 2 7
4 0 4
4 1 13
4 2 9
4 3 7
5 0 12
5 1 12
5 2 3
5 3 7
5 4 9
6 0 4
6 1 8
6 2 8
6 3 6
6 4 5
6 5 6
7 0 8
7 1 10
7 2 12
7 3 2
7 4 5
7 5 12
7 6 1
8 0 12
8 1 12
8 2 11
8 3 6
8 4 7
8 5 1
8 6 8
8 7 4
9 0 1
9 1 13
9 2 7
9 3 8
9 4 4
9 5 3
9 6 9
9 7 2
9 8 4
10 0 10
10 1 6
10 2 7
10 3 2
10 4 9
10 5 6
10 6 1
10 7 7
10 8 3
10 9 13
11 0 3
11 1 3
11 2 7
11 3 3
11 4 5
11 5 10
11 6 3
11 7 13
11 8 4
11 9 7
11 10 10
12 0 5
12 1 9
12 2 10
12 3 10
12 4 12
12 5 4
12 6 7
12 7 8
12 8 5
12 9 4
12 10 1
12 11 12
13 0 6
13 1 10
13 2 7
13 3 13
13 4 2
13 5 5
13 6 12
13 7 4
13 8 5
13 9 2
13 10 7
13 11 2
13 12 3
14 0 1
14 1 3
14 2 12
14 3 5
14 4 3
14 5 1
14 6 9
14 7 8
14 8 6
14 9 3
14 10 8
14 11 2
14 12 10
14 13 5
