70
3 0 10
4 0 10
4 3 1
5 1 6
5 2 1
6 1 6
6 2 2
6 3 2
6 5 9
7 0 7
7 1 9
7 4 6
7 6 7
8 1 1
8 3 5
8 5 9
8 6 8
8 7 1
9 1 6
9 3 8
9 4 3
9 7 9
9 8 8
10 0 9
10 4 5
10 7 9
11 1 3
11 2 2
11 3 2
11 4 6
11 5 6
11 6 1
12 0 6
12 1 2
12 2 5
12 3 3
12 4 1
12 11 8
13 0 5
13 3 2
13 5 7
13 6 10
13 9 3
13 11 1
13 12 6
14 0 7
14 1 4
14 7 4
14 8 9
14 9 2
14 11 9
14 12 2
14 13 5
15 3 9
15 5 3
15 6 3
15 7 9
15 10 1
15 11 9
15 12 4
15 13 2
15 14 2
16 1 7
16 2 5
16 3 1
16 4 4
16 5 10
16 7 9
16 8 1
16 9 6
16 10 3
16 11 9
16 12 9
16 13 7
16 14 9
16 15 2
17 1 5
17 2 9
17 3 8
17 5 7
17 6 8
17 8 8
17 9 4
17 10 1
17 12 4
17 15 1
18 0 4
18 1 9
18 5 10
18 9 9
18 12 5
19 2 7
19 3 10
19 5 8
19 6 1
19 7 7
19 13 9
19 14 4
19 15 7
19 17 10
20 0 2
20 2 1
20 6 10
20 10 8
20 14 10
20 15 10
20 16 9
20 17 6
21 0 7
21 3 5
21 4 3
21 5 5
21 6 4
21 8 8
21 10 10
21 14 5
21 16 9
21 18 9
21 19 1
22 0 10
22 1 9
22 2 10
22 4 7
22 9 7
22 10 3
22 11 5
22 12 2
22 13 1
22 15 7
22 16 2
22 20 4
22 21 4
23 0 5
23 1 4
23 2 2
23 4 6
23 5 3
23 7 1
23 8 5
23 10 5
23 15 9
23 16 5
23 17 7
23 18 9
24 1 7
24 2 8
24 3 4
24 6 6
24 11 4
24 12 6
24 13 4
24 14 8
24 16 4
24 19 3
24 23 3
25 1 3
25 5 9
25 6 2
25 7 6
25 8 8
25 9 10
25 11 5
25 15 6
25 17 7
25 18 8
25 23 6
26 0 10
26 1 9
26 2 2
26 3 3
26 5 5
26 7 3
26 9 7
26 13 7
26 16 7
26 19 3
26 21 2
26 23 8
26 25 2
27 0 1
27 1 7
27 5 2
27 6 1
27 12 9
27 14 6
27 16 4
27 19 4
27 20 9
27 22 5
27 23 4
27 25 5
27 26 10
28 0 1
28 3 6
28 7 6
28 9 3
28 10 8
28 13 7
28 14 6
28 15 5
28 16 10
28 19 1
28 20 2
28 21 3
28 23 9
28 26 8
29 1 4
29 4 6
29 8 3
29 9 4
29 13 7
29 14 7
29 15 9
29 18 10
29 21 5
29 24 1
29 26 7
29 27 9
30 1 3
30 2 4
30 3 6
30 4 2
30 5 4
30 6 10
30 7 4
30 8 9
30 9 5
30 11 6
30 14 3
30 17 8
30 19 2
30 25 1
30 26 3
30 27 9
31 1 7
31 2 7
31 3 5
31 6 1
31 7 5
31 8 9
31 9 3
31 11 3
31 13 9
31 14 1
31 15 1
31 16 2
31 17 4
31 20 6
31 21 6
31 22 1
31 23 2
31 25 2
31 26 6
31 27 10
31 28 9
31 29 2
31 30 6
32 0 2
32 1 4
32 4 3
32 5 8
32 6 5
32 8 3
32 10 3
32 13 6
32 15 9
32 18 7
32 24 2
32 30 7
32 31 9
33 0 1
33 3 7
33 7 6
33 8 1
33 9 5
33 12 1
33 15 10
33 18 9
33 19 8
33 21 5
33 24 1
33 25 2
33 27 5
33 31 6
33 32 10
34 0 5
34 1 9
34 3 8
34 10 2
34 11 6
34 14 2
34 16 10
34 17 6
34 18 3
34 19 8
34 20 9
34 26 7
34 27 1
34 29 2
34 32 7
35 0 7
35 3 3
35 4 6
35 6 4
35 8 5
35 9 8
35 10 5
35 11 1
35 15 10
35 17 10
35 18 1
35 20 4
35 21 2
35 22 9
35 26 2
35 28 2
35 29 2
35 34 7
36 0 9
36 1 3
36 2 3
36 7 4
36 8 7
36 9 8
36 10 6
36 13 10
36 17 5
36 18 6
36 19 6
36 20 8
36 21 6
36 23 10
36 28 3
36 30 10
36 31 6
36 32 10
36 33 2
36 34 10
37 2 5
37 3 8
37 6 4
37 7 2
37 8 6
37 10 9
37 11 1
37 15 5
37 16 6
37 19 6
37 26 1
37 27 1
37 28 3
37 30 4
37 31 6
37 32 3
37 33 2
37 34 4
37 35 4
37 36 10
38 1 8
38 3 7
38 5 9
38 8 9
38 10 2
38 11 5
38 14 5
38 15 7
38 16 8
38 18 10
38 19 9
38 23 10
38 24 1
38 29 9
38 30 1
38 31 7
38 36 3
38 37 4
39 0 10
39 4 1
39 6 7
39 7 10
39 9 1
39 11 6
39 13 2
39 14 5
39 15 1
39 17 3
39 21 8
39 27 5
39 28 10
39 29 10
39 30 7
39 35 7
39 36 3
39 37 6
40 4 7
40 5 2
40 7 3
40 9 6
40 11 10
40 12 7
40 17 10
40 18 7
40 22 7
40 27 8
40 28 8
40 29 5
40 32 1
40 34 6
40 35 7
40 36 9
40 37 1
40 38 8
41 1 7
41 3 8
41 4 8
41 5 10
41 6 9
41 7 4
41 8 5
41 9 8
41 12 5
41 13 9
41 15 1
41 17 4
41 20 6
41 24 9
41 27 3
41 28 3
41 29 3
41 30 8
41 31 9
41 32 2
41 33 2
41 34 9
41 37 10
41 40 3
42 0 5
42 1 10
42 2 3
42 3 6
42 4 6
42 6 4
42 7 10
42 8 1
42 9 10
42 10 2
42 11 7
42 12 2
42 13 7
42 17 1
42 18 8
42 19 5
42 20 10
42 22 5
42 27 2
42 28 4
42 31 3
42 34 2
42 35 4
42 37 10
42 38 8
42 39 9
42 40 3
42 41 4
43 2 9
43 3 6
43 6 6
43 8 2
43 9 7
43 10 8
43 11 5
43 13 2
43 14 2
43 15 10
43 16 8
43 17 2
43 18 9
43 21 2
43 23 8
43 25 3
43 26 4
43 27 10
43 28 1
43 29 3
43 31 4
43 34 8
43 35 10
43 38 2
43 40 2
44 0 3
44 2 2
44 6 8
44 7 6
44 8 6
44 10 9
44 16 4
44 18 5
44 19 3
44 24 10
44 26 5
44 27 6
44 30 1
44 31 5
44 32 8
44 34 3
44 35 5
44 37 10
44 38 5
44 39 6
44 40 6
44 41 5
45 0 9
45 5 9
45 9 6
45 10 5
45 11 9
45 12 6
45 13 8
45 18 6
45 19 9
45 21 7
45 22 9
45 26 6
45 27 1
45 30 8
45 31 7
45 33 1
45 34 3
45 39 9
45 40 5
45 42 3
45 43 1
46 0 4
46 2 8
46 8 5
46 9 7
46 10 1
46 13 10
46 15 10
46 17 1
46 19 5
46 21 3
46 22 6
46 24 8
46 28 8
46 30 6
46 33 7
46 34 10
46 35 3
46 36 2
46 39 4
46 40 5
47 0 1
47 1 8
47 2 2
47 3 8
47 4 10
47 5 5
47 7 8
47 11 1
47 12 9
47 17 9
47 18 3
47 21 9
47 22 7
47 26 7
47 29 3
47 32 8
47 34 2
47 38 8
47 41 9
47 44 5
48 2 10
48 5 4
48 6 3
48 7 9
48 9 10
48 11 3
48 12 4
48 13 9
48 15 10
48 16 9
48 17 5
48 19 5
48 20 2
48 22 3
48 27 5
48 29 2
48 30 5
48 32 6
48 33 8
48 35 2
48 40 4
48 43 7
48 44 9
48 45 3
48 46 8
49 1 2
49 3 5
49 5 5
49 6 9
49 11 9
49 13 6
49 14 3
49 16 10
49 20 9
49 21 1
49 22 10
49 23 3
49 26 1
49 28 5
49 31 3
49 34 9
49 36 8
49 39 4
49 44 7
49 46 10
49 48 7
50 0 8
50 1 1
50 4 3
50 5 8
50 9 10
50 13 8
50 14 6
50 15 5
50 16 6
50 17 9
50 19 4
50 20 3
50 22 10
50 24 8
50 25 5
50 26 5
50 28 1
50 29 8
50 30 9
50 31 6
50 32 1
50 34 3
50 36 1
50 39 5
50 40 4
50 43 10
50 44 3
50 46 9
50 48 1
50 49 3
51 0 9
51 2 7
51 3 5
51 4 6
51 5 7
51 7 4
51 8 2
51 9 3
51 13 9
51 16 2
51 19 6
51 20 7
51 23 1
51 26 7
51 29 1
51 31 10
51 33 9
51 34 3
51 35 8
51 37 6
51 38 10
51 39 8
51 40 7
51 45 5
51 46 2
51 47 7
51 48 4
51 49 1
51 50 3
52 1 8
52 6 1
52 7 9
52 8 9
52 9 4
52 10 9
52 12 2
52 15 10
52 17 8
52 20 3
52 21 2
52 22 3
52 23 2
52 25 3
52 26 2
52 27 8
52 29 9
52 31 10
52 32 9
52 33 5
52 35 1
52 36 5
52 37 8
52 38 7
52 40 1
52 41 1
52 42 3
52 45 3
52 47 9
52 48 3
52 51 9
53 3 2
53 4 8
53 5 2
53 6 9
53 7 4
53 9 6
53 11 7
53 13 5
53 18 8
53 21 8
53 24 5
53 26 4
53 27 7
53 29 8
53 31 10
53 32 5
53 33 1
53 34 8
53 35 8
53 36 2
53 38 10
53 39 3
53 40 7
53 44 9
53 45 8
53 46 1
53 47 8
53 49 9
53 50 9
54 3 7
54 4 9
54 5 10
54 7 5
54 8 8
54 10 7
54 11 8
54 14 4
54 15 7
54 16 10
54 18 10
54 19 7
54 23 8
54 26 7
54 27 2
54 28 3
54 31 4
54 32 6
54 41 9
54 43 2
54 45 6
54 46 6
54 47 8
54 48 7
54 49 3
54 50 1
55 1 4
55 2 6
55 3 5
55 7 3
55 10 3
55 12 2
55 13 2
55 14 5
55 15 9
55 16 2
55 20 5
55 23 7
55 28 6
55 30 3
55 32 1
55 34 8
55 35 4
55 38 7
55 39 7
55 40 4
55 41 6
55 49 8
55 50 10
55 53 6
55 54 6
56 0 2
56 1 10
56 2 1
56 3 8
56 4 3
56 5 6
56 6 7
56 7 6
56 9 6
56 10 3
56 11 1
56 12 10
56 15 4
56 18 3
56 20 5
56 21 9
56 22 5
56 23 5
56 25 3
56 28 6
56 30 8
56 35 9
56 36 5
56 42 7
56 44 9
56 48 5
56 54 10
56 55 3
57 0 6
57 2 3
57 5 9
57 7 7
57 10 2
57 11 7
57 12 7
57 13 4
57 14 5
57 15 8
57 16 5
57 18 1
57 19 8
57 22 5
57 25 1
57 29 7
57 31 7
57 33 6
57 36 7
57 41 4
57 42 1
57 43 1
57 47 7
57 48 1
57 49 4
57 51 4
57 53 2
57 54 10
57 56 4
58 1 10
58 2 4
58 4 4
58 6 1
58 7 8
58 9 7
58 10 9
58 11 8
58 12 10
58 13 10
58 15 1
58 16 9
58 17 10
58 25 4
58 26 5
58 28 8
58 30 10
58 31 3
58 33 6
58 35 7
58 36 10
58 39 5
58 40 9
58 41 1
58 42 8
58 45 7
58 47 4
58 52 7
58 55 9
58 56 10
58 57 6
59 1 4
59 2 7
59 3 9
59 4 9
59 5 10
59 6 3
59 7 3
59 8 2
59 15 2
59 17 3
59 19 4
59 21 10
59 24 2
59 26 3
59 27 4
59 28 2
59 29 9
59 30 7
59 32 10
59 35 3
59 36 1
59 40 6
59 42 6
59 43 8
59 46 5
59 50 2
59 53 1
59 54 7
59 55 7
59 56 9
59 57 1
59 58 10
60 0 6
60 2 3
60 4 4
60 7 2
60 9 8
60 15 10
60 16 8
60 17 2
60 19 7
60 20 9
60 21 6
60 22 8
60 23 1
60 25 3
60 31 5
60 33 4
60 36 10
60 37 3
60 40 4
60 41 3
60 43 3
60 45 3
60 49 9
60 50 2
60 53 9
60 54 7
60 56 3
60 58 8
61 2 6
61 5 4
61 8 9
61 12 1
61 13 8
61 15 1
61 16 5
61 19 5
61 20 9
61 22 9
61 25 6
61 26 9
61 27 2
61 30 3
61 31 2
61 34 8
61 35 3
61 36 1
61 37 8
61 38 6
61 42 2
61 43 1
61 45 8
61 46 3
61 48 1
61 49 5
61 50 3
61 51 4
61 52 5
61 53 3
61 54 3
61 55 9
61 56 5
61 60 6
62 0 9
62 1 9
62 3 3
62 6 3
62 7 2
62 8 10
62 9 7
62 12 7
62 15 1
62 17 7
62 19 3
62 21 9
62 22 8
62 23 6
62 25 9
62 27 5
62 28 8
62 29 9
62 30 2
62 33 2
62 34 8
62 35 9
62 37 2
62 38 8
62 40 5
62 43 7
62 44 1
62 45 1
62 46 10
62 51 6
62 54 9
62 56 6
62 60 5
63 0 4
63 1 9
63 3 5
63 4 7
63 5 8
63 6 2
63 8 10
63 14 3
63 16 5
63 18 10
63 19 1
63 20 5
63 22 7
63 25 2
63 29 10
63 30 9
63 32 10
63 33 4
63 35 2
63 36 8
63 37 5
63 38 8
63 39 9
63 40 10
63 49 2
63 50 1
63 53 6
63 56 7
63 58 5
63 59 3
63 61 3
63 62 1
64 0 4
64 1 4
64 10 7
64 12 1
64 13 2
64 15 9
64 17 5
64 19 8
64 20 4
64 21 3
64 22 10
64 26 1
64 27 3
64 28 3
64 29 2
64 30 5
64 31 2
64 32 4
64 36 10
64 37 6
64 41 1
64 42 8
64 43 7
64 44 3
64 45 5
64 46 3
64 48 2
64 49 9
64 50 7
64 51 8
64 52 9
64 53 9
64 54 6
64 56 8
64 57 9
64 58 3
64 59 1
64 61 7
64 63 4
65 2 3
65 3 5
65 4 9
65 6 7
65 8 3
65 9 1
65 13 5
65 14 3
65 15 6
65 16 10
65 18 10
65 19 5
65 20 9
65 22 3
65 23 7
65 24 3
65 29 4
65 33 4
65 34 8
65 37 5
65 38 3
65 44 1
65 45 7
65 47 3
65 48 2
65 49 10
65 52 7
65 54 6
65 55 7
65 57 1
65 58 9
65 59 10
65 62 3
65 64 10
66 0 4
66 1 8
66 2 1
66 6 6
66 7 3
66 9 2
66 16 4
66 17 6
66 18 8
66 19 9
66 24 6
66 29 5
66 33 4
66 34 5
66 35 3
66 36 4
66 37 3
66 38 1
66 41 5
66 42 5
66 44 1
66 45 6
66 50 4
66 51 9
66 53 9
66 54 5
66 55 3
66 57 6
66 61 9
66 65 2
67 1 5
67 2 2
67 5 3
67 6 7
67 7 7
67 9 2
67 10 6
67 11 3
67 12 4
67 13 10
67 14 7
67 15 7
67 17 8
67 18 1
67 20 2
67 21 7
67 22 8
67 24 1
67 28 6
67 30 8
67 33 2
67 34 2
67 35 6
67 36 8
67 37 1
67 39 4
67 41 6
67 42 2
67 46 6
67 47 9
67 50 1
67 51 6
67 52 6
67 53 8
67 57 7
67 58 6
67 62 8
67 66 3
68 0 5
68 1 1
68 4 2
68 7 6
68 8 1
68 11 6
68 13 8
68 15 9
68 17 6
68 19 1
68 20 10
68 25 10
68 27 9
68 30 2
68 33 5
68 35 9
68 37 3
68 38 3
68 41 9
68 43 9
68 45 10
68 51 10
68 52 9
68 54 10
68 55 10
68 56 4
68 58 2
68 61 8
68 62 7
68 66 7
68 67 10
69 0 2
69 3 10
69 4 4
69 5 2
69 6 5
69 8 10
69 9 4
69 12 9
69 13 1
69 14 8
69 17 3
69 18 8
69 22 2
69 25 1
69 26 9
69 28 2
69 30 10
69 31 8
69 34 10
69 38 7
69 39 7
69 40 1
69 41 6
69 42 7
69 48 2
69 49 1
69 52 4
69 53 5
69 55 3
69 56 6
69 63 4
69 65 9
69 67 8
69 68 8
