40
3 0 5
3 1 3
4 0 10
4 3 6
5 4 5
6 0 3
7 2 2
7 4 7
8 0 7
8 2 3
8 3 4
8 4 7
8 5 6
8 7 6
9 0 8
9 1 4
9 4 2
9 6 6
10 2 1
10 3 5
10 5 11
10 6 3
11 0 4
11 2 8
11 3 6
11 6 1
11 7 6
11 9 10
11 10 8
12 0 9
12 1 6
12 3 5
12 4 9
12 5 11
12 6 3
12 8 9
12 9 2
13 0 8
13 3 2
13 5 7
13 8 11
13 10 4
14 2 1
14 5 7
14 7 10
14 9 2
14 10 11
14 13 6
15 0 4
15 1 3
15 2 7
15 4 11
15 5 9
15 9 5
15 11 11
15 14 2
16 0 8
16 1 10
16 2 8
16 4 1
16 12 9
17 0 1
17 1 11
17 2 2
17 3 2
17 6 5
17 7 9
17 12 2
17 13 8
17 16 8
18 3 8
18 4 10
18 6 11
18 7 6
18 9 9
18 11 5
18 12 10
18 13 8
18 14 1
18 15 8
18 16 9
18 17 7
19 1 11
19 2 4
19 3 4
19 5 9
19 9 4
19 13 9
19 17 4
19 18 10
20 0 8
20 4 4
20 7 5
20 8 10
20 9 1
20 16 5
20 17 11
21 6 7
21 8 2
21 11 8
21 14 7
21 15 11
21 16 2
22 1 5
22 3 5
22 4 5
22 5 9
22 6 4
22 7 9
22 8 1
22 9 7
22 11 2
22 12 1
22 17 10
22 19 9
22 21 3
23 0 11
23 1 6
23 2 7
23 4 11
23 8 10
23 10 10
23 12 7
23 13 7
23 15 5
23 16 7
23 18 5
23 19 10
23 20 9
23 21 10
24 6 2
24 7 4
24 8 7
24 10 5
24 11 1
24 12 2
24 14 10
24 15 10
24 16 6
24 17 6
24 19 9
24 22 6
25 0 7
25 1 8
25 4 9
25 5 5
25 7 11
25 13 5
25 15 2
25 18 9
25 19 1
25 20 11
25 21 10
25 22 6
25 23 10
26 2 4
26 4 1
26 6 4
26 13 11
26 14 4
26 15 4
26 16 10
26 17 1
26 19 6
26 22 11
26 23 5
26 24 9
27 1 5
27 3 9
27 4 6
27 10 1
27 11 9
27 12 1
27 13 4
27 15 6
27 17 8
27 18 1
27 19 2
27 20 5
27 25 3
28 1 3
28 3 1
28 4 5
28 5 7
28 7 1
28 9 5
28 10 5
28 14 8
28 15 1
28 16 2
28 17 5
28 18 3
28 19 9
28 20 4
28 21 2
28 22 11
28 23 3
28 26 6
29 3 1
29 5 2
29 7 3
29 8 9
29 9 8
29 10 6
29 13 3
29 16 6
29 17 4
29 18 10
29 19 11
29 22 7
29 24 11
29 25 3
29 27 10
30 1 4
30 5 3
30 7 8
30 9 5
30 11 4
30 15 3
30 17 9
30 19 8
30 22 11
30 25 6
31 2 6
31 4 2
31 8 3
31 13 9
31 14 7
31 16 3
31 20 9
31 25 11
32 0 2
32 4 2
32 6 5
32 9 6
32 11 6
32 12 8
32 16 7
32 17 6
32 19 4
32 20 3
32 21 6
32 22 11
32 28 9
32 30 11
33 0 3
33 2 1
33 4 1
33 5 11
33 6 7
33 7 10
33 9 1
33 11 1
33 14 1
33 16 5
33 17 6
33 18 4
33 21 9
33 22 4
33 23 1
33 25 4
33 26 5
33 29 2
33 31 4
33 32 2
34 0 10
34 2 10
34 3 7
34 5 5
34 7 7
34 13 11
34 15 4
34 17 5
34 18 4
34 26 6
34 28 7
34 30 11
34 33 3
35 0 4
35 2 9
35 5 11
35 6 3
35 9 1
35 10 7
35 13 7
35 15 1
35 20 3
35 24 6
35 25 2
35 26 4
35 29 7
35 32 9
35 33 3
36 1 1
36 2 8
36 3 3
36 6 10
36 7 6
36 8 3
36 11 4
36 13 5
36 14 2
36 17 6
36 20 5
36 21 5
36 24 3
36 25 6
36 30 8
36 34 7
37 1 8
37 5 2
37 6 8
37 10 10
37 12 9
37 16 8
37 17 5
37 19 5
37 21 10
37 22 2
37 24 2
37 26 11
37 27 5
37 28 8
37 29 4
37 31 5
37 32 2
37 34 5
38 2 5
38 7 7
38 8 4
38 9 11
38 13 9
38 15 6
38 26 8
38 27 6
38 28 1
38 31 11
38 34 6
38 35 10
39 2 8
39 3 8
39 8 8
39 9 9
39 10 5
39 13 2
39 14 7
39 16 5
39 18 1
39 22 8
39 24 1
39 27 5
39 29 4
39 31 5
39 32 7
39 37 8
39 38 7
