20
3 0 7
3 1 2
4 1 14
4 3 11
5 0 8
5 1 7
5 4 11
6 1 3
6 5 10
7 0 8
7 1 5
7 4 5
8 0 10
8 1 8
8 2 11
8 5 6
8 6 9
8 7 4
9 1 6
9 3 7
9 4 9
9 5 7
9 6 3
9 7 13
10 0 3
10 1 7
10 3 14
10 4 12
10 6 8
10 8 10
11 0 11
11 7 8
11 9 6
11 10 10
12 0 2
12 2 5
12 4 3
12 5 12
12 8 13
13 1 3
13 2 2
13 3 14
13 4 3
13 5 5
13 6 8
13 7 10
13 8 7
13 11 6
14 0 6
14 1 9
14 4 13
14 5 6
14 6 7
14 9 7
15 0 7
15 3 9
15 4 8
15 5 9
15 8 4
15 9 11
15 10 6
15 13 10
16 0 1
16 1 9
16 4 6
16 5 5
16 11 13
16 13 12
17 0 11
17 5 3
17 7 9
17 9 9
17 11 10
17 12 10
17 13 8
17 14 14
17 16 5
18 0 10
18 1 10
18 7 8
18 8 7
18 10 10
18 11 14
18 15 5
18 17 4
19 2 6
19 4 5
19 5 13
19 6 4
19 7 3
19 12 6
19 13 14
19 14 14
19 15 4
19 16 13
19 17 13
