30
1 0 3
2 0 2
2 1 2
3 0 3
3 1 3
3 2 3
4 0 3
4 1 2
4 2 1
4 3 2
5 0 2
5 1 3
5 2 1
5 3 1
5 4 3
6 0 2
6 1 1
6 2 2
6 3 2
6 4 2
6 5 3
7 0 3
7 1 2
7 2 3
7 3 3
7 4 1
7 5 1
7 6 3
8 0 1
8 1 2
8 2 2
8 3 3
8 4 3
8 5 1
8 6 2
8 7 2
9 0 2
9 1 1
9 2 2
9 3 2
9 4 1
9 5 3
9 6 3
9 7 1
9 8 3
10 0 3
10 1 1
10 2 2
10 3 2
10 4 1
10 5 1
10 6 2
10 7 1
10 8 3
10 9 2
11 0 3
11 1 1
11 2 3
11 3 1
11 4 3
11 5 3
11 6 2
11 7 3
11 8 1
11 9 3
11 10 3
12 0 2
12 1 1
12 2 1
12 3 3
12 4 3
12 5 3
12 6 1
12 7 1
12 8 3
12 9 2
12 10 1
12 11 3
13 0 1
13 1 1
13 2 3
13 3 3
13 4 3
13 5 2
13 6 1
13 7 2
13 8 1
13 9 1
13 10 2
13 11 1
13 12 2
14 0 2
14 1 1
14 2 2
14 3 1
14 4 1
14 5 2
14 6 1
14 7 3
14 8 2
14 9 1
14 10 3
14 11 3
14 12 2
14 13 2
15 0 1
15 1 1
15 2 2
15 3 2
15 4 3
15 5 3
15 6 1
15 7 2
15 8 3
15 9 2
15 10 3
15 11 2
15 12 2
15 13 2
15 14 3
16 0 3
16 1 3
16 2 1
16 3 2
16 4 2
16 5 1
16 6 3
16 7 2
16 8 2
16 9 3
16 10 2
16 11 2
16 12 2
16 13 3
16 14 2
16 15 1
17 0 1
17 1 1
17 2 2
17 3 1
17 4 1
17 5 2
17 6 2
17 7 1
17 8 1
17 9 1
17 10 2
17 11 1
17 12 2
17 13 2
17 14 1
17 15 1
17 16 1
18 0 2
18 1 1
18 2 1
18 3 2
18 4 2
18 5 1
18 6 1
18 7 2
18 8 2
18 9 1
18 10 1
18 11 2
18 12 1
18 13 1
18 14 2
18 15 2
18 16 2
18 17 1
19 0 3
19 1 2
19 2 2
19 3 2
19 4 2
19 5 3
19 6 2
19 7 1
19 8 1
19 9 2
19 10 2
19 11 2
19 12 1
19 13 2
19 14 3
19 15 1
19 16 2
19 17 3
19 18 1
20 0 1
20 1 2
20 2 1
20 3 3
20 4 1
20 5 2
20 6 1
20 7 3
20 8 1
20 9 2
20 10 1
20 11 1
20 12 2
20 13 3
20 14 3
20 15 2
20 16 2
20 17 3
20 18 1
20 19 1
21 0 2
21 1 1
21 2 3
21 3 2
21 4 3
21 5 3
21 6 3
21 7 2
21 8 2
21 9 1
21 10 3
21 11 1
21 12 1
21 13 2
21 14 3
21 15 2
21 16 1
21 17 3
21 18 1
21 19 2
21 20 1
22 0 2
22 1 1
22 2 3
22 3 3
22 4 1
22 5 3
22 6 3
22 7 1
22 8 3
22 9 1
22 10 1
22 11 2
22 12 3
22 13 2
22 14 1
22 15 3
22 16 1
22 17 1
22 18 1
22 19 3
22 20 2
22 21 1
23 0 2
23 1 1
23 2 2
23 3 3
23 4 2
23 5 1
23 6 1
23 7 2
23 8 1
23 9 2
23 10 1
23 11 3
23 12 2
23 13 2
23 14 3
23 15 1
23 16 1
23 17 2
23 18 3
23 19 2
23 20 3
23 21 3
23 22 1
24 0 3
24 1 1
24 2 1
24 3 2
24 4 3
24 5 2
24 6 1
24 7 2
24 8 1
24 9 3
24 10 1
24 11 1
24 12 2
24 13 3
24 14 3
24 15 3
24 16 2
24 17 1
24 18 2
24 19 3
24 20 3
24 21 2
24 22 1
24 23 2
25 0 3
25 1 1
25 2 2
25 3 2
25 4 2
25 5 2
25 6 1
25 7 1
25 8 1
25 9 2
25 10 1
25 11 2
25 12 2
25 13 2
25 14 2
25 15 1
25 16 1
25 17 1
25 18 1
25 19 1
25 20 3
25 21 2
25 22 2
25 23 1
25 24 2
26 0 2
26 1 1
26 2 2
26 3 2
26 4 2
26 5 2
26 6 2
26 7 3
26 8 3
26 9 3
26 10 1
26 11 2
26 12 1
26 13 3
26 14 3
26 15 1
26 16 1
26 17 2
26 18 1
26 19 2
26 20 2
26 21 1
26 22 3
26 23 3
26 24 2
26 25 3
27 0 2
27 1 2
27 2 3
27 3 3
27 4 3
27 5 3
27 6 1
27 7 3
27 8 1
27 9 3
27 10 1
27 11 2
27 12 3
27 13 2
27 14 3
27 15 1
27 16 1
27 17 1
27 18 3
27 19 3
27 20 2
27 21 2
27 22 2
27 23 2
27 24 3
27 25 2
27 26 3
28 0 1
28 1 2
28 2 2
28 3 3
28 4 1
28 5 3
28 6 3
28 7 2
28 8 2
28 9 3
28 10 3
28 11 3
28 12 2
28 13 3
28 14 3
28 15 3
28 16 2
28 17 1
28 18 2
28 19 1
28 20 1
28 21 1
28 22 1
28 23 3
28 24 3
28 25 1
28 26 2
28 27 3
29 0 1
29 1 2
29 2 2
29 3 1
29 4 3
29 5 2
29 6 1
29 7 2
29 8 2
29 9 1
29 10 2
29 11 1
29 12 2
29 13 1
29 14 1
29 15 2
29 16 1
29 17 3
29 18 2
29 19 2
29 20 3
29 21 3
29 22 1
29 23 2
29 24 2
29 25 1
29 26 2
29 27 3
29 28 3
