20
3 0 1
4 2 4
5 0 5
5 1 4
5 2 1
6 0 3
6 5 1
7 1 2
7 2 4
7 6 2
8 2 2
8 3 2
8 4 2
8 5 3
9 0 4
9 1 4
9 3 3
9 4 3
9 5 1
9 7 1
10 2 5
10 3 4
10 5 5
10 6 1
10 8 2
10 9 5
11 0 3
11 2 3
11 4 4
11 5 1
11 6 1
11 7 3
11 8 3
11 9 1
11 10 4
12 0 2
12 3 2
12 6 2
12 7 3
12 9 2
12 11 3
13 0 4
13 1 3
13 2 3
13 4 3
13 5 3
13 6 5
13 7 2
13 8 2
14 1 5
14 4 4
14 7 5
14 9 4
14 10 3
14 11 2
14 12 2
14 13 1
15 0 3
15 2 4
15 5 3
15 10 3
15 11 4
16 0 4
16 1 1
16 2 4
16 4 1
16 5 5
16 7 4
16 8 4
16 14 4
16 15 4
17 3 4
17 5 5
17 8 4
17 11 5
17 13 4
17 15 5
18 2 1
18 5 1
18 6 5
18 8 3
18 9 4
18 10 2
18 11 3
18 12 2
18 15 1
18 16 3
18 17 4
19 1 4
19 2 3
19 3 2
19 4 3
19 8 2
19 9 2
19 10 4
19 11 3
