60
1 0 6
2 0 6
2 1 8
3 0 2
3 1 3
3 2 4
4 0 4
4 1 5
4 2 6
4 3 2
5 0 8
5 1 5
5 2 6
5 3 2
5 4 5
6 0 4
6 1 6
6 2 4
6 3 4
6 4 5
6 5 1
7 0 1
7 1 4
7 2 7
7 3 8
7 4 5
7 5 9
7 6 5
8 0 5
8 1 1
8 2 5
8 3 2
8 4 5
8 5 1
8 6 10
8 7 6
9 0 9
9 1 9
9 2 8
9 3 7
9 4 4
9 5 1
9 6 8
9 7 8
9 8 3
10 0 1
10 1 9
10 2 7
10 3 5
10 4 6
10 5 10
10 6 2
10 7 3
10 8 8
10 9 5
11 0 10
11 1 1
11 2 2
11 3 3
11 4 1
11 5 8
11 6 6
11 7 6
11 8 8
11 9 6
11 10 2
12 0 4
12 1 8
12 2 5
12 3 7
12 4 6
12 5 5
12 6 1
12 7 1
12 8 7
12 9 2
12 10 8
12 11 5
13 0 9
13 1 10
13 2 2
13 3 10
13 4 8
13 5 1
13 6 6
13 7 7
13 8 3
13 9 8
13 10 2
13 11 7
13 12 1
14 0 3
14 1 2
14 2 7
14 3 8
14 4 10
14 5 1
14 6 8
14 7 7
14 8 5
14 9 1
14 10 1
14 11 5
14 12 3
14 13 9
15 0 3
15 1 10
15 2 7
15 3 3
15 4 3
15 5 9
15 6 6
15 7 10
15 8 2
15 9 8
15 10 4
15 11 10
15 12 6
15 13 4
15 14 2
16 0 8
16 1 10
16 2 8
16 3 3
16 4 10
16 5 2
16 6 10
16 7 7
16 8 7
16 9 4
16 10 8
16 11 4
16 12 9
16 13 4
16 14 10
16 15 9
17 0 3
17 1 7
17 2 8
17 3 8
17 4 1
17 5 5
17 6 2
17 7 5
17 8 2
17 9 2
17 10 2
17 11 2
17 12 4
17 13 3
17 14 4
17 15 5
17 16 4
18 0 8
18 1 9
18 2 9
18 3 1
18 4 8
18 5 4
18 6 5
18 7 5
18 8 2
18 9 4
18 10 2
18 11 8
18 12 1
18 13 5
18 14 2
18 15 10
18 16 2
18 17 3
19 0 7
19 1 4
19 2 10
19 3 1
19 4 8
19 5 1
19 6 3
19 7 8
19 8 10
19 9 1
19 10 10
19 11 7
19 12 4
19 13 2
19 14 4
19 15 9
19 16 9
19 17 8
19 18 9
20 0 6
20 1 4
20 2 2
20 3 5
20 4 4
20 5 3
20 6 10
20 7 9
20 8 4
20 9 1
20 10 10
20 11 6
20 12 8
20 13 10
20 14 1
20 15 8
20 16 2
20 17 7
20 18 9
20 19 8
21 0 7
21 1 1
21 2 5
21 3 2
21 4 2
21 5 10
21 6 1
21 7 6
21 8 10
21 9 5
21 10 7
21 11 5
21 12 2
21 13 8
21 14 8
21 15 5
21 16 2
21 17 1
21 18 7
21 19 1
21 20 4
22 0 3
22 1 1
22 2 4
22 3 1
22 4 6
22 5 2
22 6 3
22 7 2
22 8 3
22 9 5
22 10 5
22 11 4
22 12 1
22 13 10
22 14 6
22 15 5
22 16 10
22 17 2
22 18 7
22 19 2
22 20 7
22 21 5
23 0 8
23 1 1
23 2 10
23 3 3
23 4 2
23 5 10
23 6 4
23 7 3
23 8 3
23 9 8
23 10 7
23 11 2
23 12 8
23 13 7
23 14 7
23 15 2
23 16 1
23 17 9
23 18 1
23 19 7
23 20 7
23 21 2
23 22 2
24 0 8
24 1 8
24 2 9
24 3 10
24 4 2
24 5 4
24 6 1
24 7 8
24 8 3
24 9 10
24 10 8
24 11 9
24 12 3
24 13 3
24 14 5
24 15 7
24 16 6
24 17 4
24 18 6
24 19 5
24 20 1
24 21 5
24 22 6
24 23 7
25 0 2
25 1 10
25 2 10
25 3 9
25 4 5
25 5 10
25 6 8
25 7 4
25 8 1
25 9 5
25 10 8
25 11 7
25 12 3
25 13 5
25 14 7
25 15 7
25 16 1
25 17 9
25 18 1
25 19 2
25 20 9
25 21 2
25 22 1
25 23 10
25 24 8
26 0 2
26 1 10
26 2 9
26 3 3
26 4 6
26 5 5
26 6 1
26 7 10
26 8 5
26 9 10
26 10 6
26 11 8
26 12 5
26 13 5
26 14 4
26 15 7
26 16 1
26 17 1
26 18 2
26 19 6
26 20 1
26 21 6
26 22 2
26 23 9
26 24 1
26 25 4
27 0 6
27 1 5
27 2 5
27 3 5
27 4 6
27 5 2
27 6 10
27 7 4
27 8 5
27 9 9
27 10 8
27 11 4
27 12 3
27 13 5
27 14 3
27 15 2
27 16 6
27 17 6
27 18 4
27 19 9
27 20 7
27 21 2
27 22 9
27 23 8
27 24 10
27 25 4
27 26 4
28 0 6
28 1 7
28 2 5
28 3 10
28 4 9
28 5 6
28 6 3
28 7 7
28 8 5
28 9 2
28 10 3
28 11 8
28 12 6
28 13 4
28 14 7
28 15 7
28 16 5
28 17 6
28 18 1
28 19 9
28 20 7
28 21 10
28 22 4
28 23 1
28 24 10
28 25 10
28 26 5
28 27 8
29 0 3
29 1 8
29 2 2
29 3 4
29 4 10
29 5 5
29 6 7
29 7 1
29 8 2
29 9 6
29 10 2
29 11 1
29 12 6
29 13 7
29 14 3
29 15 4
29 16 2
29 17 10
29 18 9
29 19 5
29 20 2
29 21 3
29 22 5
29 23 6
29 24 8
29 25 2
29 26 8
29 27 9
29 28 6
30 0 5
30 1 2
30 2 5
30 3 8
30 4 2
30 5 3
30 6 1
30 7 9
30 8 8
30 9 6
30 10 9
30 11 6
30 12 6
30 13 7
30 14 7
30 15 10
30 16 8
30 17 6
30 18 6
30 19 10
30 20 1
30 21 3
30 22 1
30 23 2
30 24 10
30 25 4
30 26 9
30 27 5
30 28 1
30 29 5
31 0 2
31 1 1
31 2 6
31 3 10
31 4 7
31 5 5
31 6 8
31 7 9
31 8 3
31 9 7
31 10 9
31 11 2
31 12 6
31 13 8
31 14 2
31 15 10
31 16 3
31 17 1
31 18 7
31 19 3
31 20 9
31 21 7
31 22 7
31 23 6
31 24 7
31 25 9
31 26 4
31 27 5
31 28 3
31 29 3
31 30 9
32 0 3
32 1 1
32 2 4
32 3 3
32 4 2
32 5 10
32 6 3
32 7 2
32 8 8
32 9 5
32 10 7
32 11 8
32 12 8
32 13 2
32 14 8
32 15 5
32 16 7
32 17 9
32 18 3
32 19 1
32 20 3
32 21 10
32 22 6
32 23 7
32 24 1
32 25 2
32 26 10
32 27 3
32 28 6
32 29 6
32 30 7
32 31 10
33 0 9
33 1 5
33 2 7
33 3 3
33 4 10
33 5 9
33 6 2
33 7 8
33 8 7
33 9 6
33 10 1
33 11 3
33 12 2
33 13 5
33 14 8
33 15 9
33 16 8
33 17 5
33 18 8
33 19 8
33 20 9
33 21 7
33 22 1
33 23 1
33 24 10
33 25 4
33 26 7
33 27 1
33 28 1
33 29 1
33 30 6
33 31 8
33 32 9
34 0 9
34 1 8
34 2 4
34 3 7
34 4 6
34 5 7
34 6 5
34 7 7
34 8 3
34 9 7
34 10 7
34 11 6
34 12 6
34 13 3
34 14 3
34 15 7
34 16 9
34 17 4
34 18 1
34 19 3
34 20 7
34 21 7
34 22 10
34 23 6
34 24 6
34 25 10
34 26 5
34 27 5
34 28 9
34 29 8
34 30 8
34 31 6
34 32 6
34 33 1
35 0 5
35 1 6
35 2 8
35 3 7
35 4 1
35 5 4
35 6 6
35 7 3
35 8 9
35 9 1
35 10 3
35 11 5
35 12 6
35 13 8
35 14 6
35 15 8
35 16 1
35 17 7
35 18 4
35 19 9
35 20 9
35 21 1
35 22 2
35 23 6
35 24 6
35 25 7
35 26 8
35 27 4
35 28 2
35 29 8
35 30 10
35 31 9
35 32 2
35 33 1
35 34 7
36 0 7
36 1 7
36 2 8
36 3 7
36 4 10
36 5 4
36 6 2
36 7 6
36 8 10
36 9 8
36 10 7
36 11 8
36 12 2
36 13 4
36 14 9
36 15 10
36 16 3
36 17 4
36 18 4
36 19 5
36 20 9
36 21 3
36 22 3
36 23 4
36 24 10
36 25 4
36 26 2
36 27 1
36 28 7
36 29 9
36 30 10
36 31 2
36 32 8
36 33 8
36 34 3
36 35 2
37 0 5
37 1 7
37 2 4
37 3 9
37 4 9
37 5 3
37 6 1
37 7 3
37 8 1
37 9 10
37 10 10
37 11 2
37 12 10
37 13 5
37 14 4
37 15 8
37 16 3
37 17 9
37 18 3
37 19 3
37 20 3
37 21 1
37 22 5
37 23 3
37 24 6
37 25 6
37 26 2
37 27 1
37 28 10
37 29 5
37 30 1
37 31 7
37 32 10
37 33 9
37 34 8
37 35 5
37 36 3
38 0 9
38 1 4
38 2 5
38 3 5
38 4 1
38 5 2
38 6 6
38 7 2
38 8 8
38 9 4
38 10 3
38 11 10
38 12 3
38 13 10
38 14 1
38 15 7
38 16 1
38 17 3
38 18 8
38 19 2
38 20 8
38 21 9
38 22 9
38 23 8
38 24 7
38 25 10
38 26 9
38 27 9
38 28 9
38 29 8
38 30 4
38 31 7
38 32 6
38 33 1
38 34 9
38 35 9
38 36 7
38 37 5
39 0 8
39 1 6
39 2 3
39 3 3
39 4 7
39 5 3
39 6 6
39 7 2
39 8 10
39 9 1
39 10 2
39 11 9
39 12 3
39 13 9
39 14 7
39 15 1
39 16 8
39 17 6
39 18 8
39 19 4
39 20 5
39 21 8
39 22 10
39 23 2
39 24 8
39 25 5
39 26 9
39 27 2
39 28 6
39 29 6
39 30 3
39 31 2
39 32 10
39 33 5
39 34 4
39 35 7
39 36 6
39 37 5
39 38 5
40 0 7
40 1 10
40 2 1
40 3 1
40 4 3
40 5 2
40 6 7
40 7 6
40 8 8
40 9 4
40 10 10
40 11 10
40 12 8
40 13 9
40 14 5
40 15 3
40 16 7
40 17 5
40 18 4
40 19 2
40 20 3
40 21 7
40 22 2
40 23 9
40 24 4
40 25 5
40 26 4
40 27 7
40 28 1
40 29 1
40 30 3
40 31 4
40 32 5
40 33 8
40 34 6
40 35 5
40 36 4
40 37 10
40 38 3
40 39 3
41 0 8
41 1 1
41 2 3
41 3 7
41 4 6
41 5 5
41 6 7
41 7 8
41 8 2
41 9 7
41 10 5
41 11 2
41 12 8
41 13 5
41 14 4
41 15 3
41 16 9
41 17 10
41 18 6
41 19 9
41 20 8
41 21 7
41 22 1
41 23 1
41 24 7
41 25 4
41 26 8
41 27 7
41 28 8
41 29 9
41 30 6
41 31 4
41 32 8
41 33 1
41 34 9
41 35 10
41 36 6
41 37 10
41 38 1
41 39 2
41 40 5
42 0 4
42 1 2
42 2 3
42 3 4
42 4 3
42 5 6
42 6 3
42 7 2
42 8 9
42 9 3
42 10 9
42 11 8
42 12 2
42 13 4
42 14 3
42 15 10
42 16 4
42 17 3
42 18 8
42 19 5
42 20 8
42 21 2
42 22 2
42 23 8
42 24 4
42 25 5
42 26 7
42 27 6
42 28 10
42 29 4
42 30 2
42 31 4
42 32 2
42 33 2
42 34 9
42 35 10
42 36 3
42 37 1
42 38 3
42 39 4
42 40 10
42 41 2
43 0 6
43 1 4
43 2 10
43 3 3
43 4 7
43 5 3
43 6 7
43 7 8
43 8 3
43 9 10
43 10 3
43 11 6
43 12 4
43 13 8
43 14 9
43 15 8
43 16 3
43 17 7
43 18 4
43 19 8
43 20 6
43 21 2
43 22 4
43 23 1
43 24 2
43 25 1
43 26 5
43 27 9
43 28 6
43 29 2
43 30 6
43 31 7
43 32 4
43 33 9
43 34 1
43 35 7
43 36 5
43 37 8
43 38 3
43 39 10
43 40 4
43 41 6
43 42 6
44 0 8
44 1 9
44 2 7
44 3 8
44 4 10
44 5 1
44 6 4
44 7 6
44 8 2
44 9 2
44 10 2
44 11 5
44 12 8
44 13 1
44 14 10
44 15 7
44 16 8
44 17 10
44 18 5
44 19 1
44 20 7
44 21 9
44 22 5
44 23 2
44 24 1
44 25 9
44 26 8
44 27 5
44 28 6
44 29 3
44 30 1
44 31 1
44 32 6
44 33 3
44 34 4
44 35 9
44 36 6
44 37 6
44 38 8
44 39 10
44 40 2
44 41 7
44 42 9
44 43 5
45 0 8
45 1 8
45 2 4
45 3 3
45 4 9
45 5 8
45 6 6
45 7 3
45 8 3
45 9 1
45 10 1
45 11 5
45 12 4
45 13 6
45 14 8
45 15 5
45 16 3
45 17 1
45 18 10
45 19 7
45 20 1
45 21 1
45 22 3
45 23 3
45 24 5
45 25 8
45 26 10
45 27 7
45 28 8
45 29 6
45 30 8
45 31 5
45 32 7
45 33 4
45 34 7
45 35 3
45 36 8
45 37 8
45 38 2
45 39 7
45 40 3
45 41 10
45 42 4
45 43 5
45 44 2
46 0 9
46 1 9
46 2 5
46 3 4
46 4 3
46 5 1
46 6 7
46 7 10
46 8 2
46 9 8
46 10 6
46 11 9
46 12 9
46 13 4
46 14 4
46 15 2
46 16 4
46 17 2
46 18 10
46 19 7
46 20 10
46 21 4
46 22 1
46 23 6
46 24 10
46 25 8
46 26 4
46 27 2
46 28 4
46 29 6
46 30 2
46 31 2
46 32 2
46 33 4
46 34 6
46 35 9
46 36 3
46 37 7
46 38 1
46 39 9
46 40 1
46 41 6
46 42 3
46 43 2
46 44 6
46 45 4
47 0 2
47 1 1
47 2 6
47 3 3
47 4 2
47 5 7
47 6 4
47 7 6
47 8 4
47 9 4
47 10 7
47 11 1
47 12 9
47 13 1
47 14 2
47 15 5
47 16 5
47 17 3
47 18 7
47 19 10
47 20 6
47 21 5
47 22 8
47 23 1
47 24 5
47 25 2
47 26 6
47 27 10
47 28 5
47 29 7
47 30 2
47 31 3
47 32 8
47 33 3
47 34 10
47 35 9
47 36 6
47 37 10
47 38 3
47 39 2
47 40 2
47 41 7
47 42 4
47 43 8
47 44 8
47 45 7
47 46 2
48 0 4
48 1 8
48 2 6
48 3 5
48 4 5
48 5 10
48 6 4
48 7 10
48 8 9
48 9 10
48 10 9
48 11 1
48 12 8
48 13 7
48 14 8
48 15 6
48 16 5
48 17 8
48 18 7
48 19 1
48 20 6
48 21 3
48 22 6
48 23 6
48 24 8
48 25 8
48 26 10
48 27 4
48 28 4
48 29 2
48 30 1
48 31 6
48 32 8
48 33 10
48 34 4
48 35 10
48 36 8
48 37 9
48 38 1
48 39 5
48 40 8
48 41 10
48 42 2
48 43 1
48 44 8
48 45 9
48 46 9
48 47 10
49 0 10
49 1 7
49 2 2
49 3 4
49 4 3
49 5 4
49 6 6
49 7 2
49 8 4
49 9 5
49 10 5
49 11 3
49 12 10
49 13 1
49 14 8
49 15 6
49 16 4
49 17 5
49 18 6
49 19 5
49 20 8
49 21 8
49 22 5
49 23 8
49 24 4
49 25 3
49 26 3
49 27 3
49 28 3
49 29 4
49 30 9
49 31 1
49 32 5
49 33 5
49 34 5
49 35 10
49 36 5
49 37 5
49 38 6
49 39 2
49 40 3
49 41 4
49 42 8
49 43 2
49 44 5
49 45 8
49 46 2
49 47 5
49 48 2
50 0 2
50 1 2
50 2 5
50 3 1
50 4 5
50 5 6
50 6 10
50 7 1
50 8 6
50 9 2
50 10 3
50 11 6
50 12 7
50 13 6
50 14 6
50 15 3
50 16 6
50 17 3
50 18 9
50 19 9
50 20 10
50 21 2
50 22 10
50 23 3
50 24 7
50 25 8
50 26 2
50 27 4
50 28 1
50 29 4
50 30 5
50 31 1
50 32 8
50 33 10
50 34 10
50 35 3
50 36 5
50 37 7
50 38 8
50 39 2
50 40 1
50 41 5
50 42 8
50 43 9
50 44 6
50 45 3
50 46 5
50 47 2
50 48 1
50 49 9
51 0 4
51 1 5
51 2 5
51 3 1
51 4 2
51 5 4
51 6 5
51 7 4
51 8 9
51 9 4
51 10 2
51 11 1
51 12 7
51 13 10
51 14 6
51 15 4
51 16 2
51 17 6
51 18 9
51 19 1
51 20 2
51 21 7
51 22 7
51 23 7
51 24 3
51 25 4
51 26 8
51 27 10
51 28 9
51 29 6
51 30 3
51 31 2
51 32 4
51 33 6
51 34 3
51 35 1
51 36 8
51 37 7
51 38 2
51 39 9
51 40 6
51 41 10
51 42 6
51 43 3
51 44 8
51 45 8
51 46 6
51 47 2
51 48 5
51 49 8
51 50 5
52 0 8
52 1 7
52 2 9
52 3 4
52 4 5
52 5 3
52 6 3
52 7 1
52 8 8
52 9 7
52 10 10
52 11 9
52 12 6
52 13 2
52 14 2
52 15 7
52 16 8
52 17 5
52 18 4
52 19 2
52 20 2
52 21 10
52 22 6
52 23 7
52 24 4
52 25 5
52 26 10
52 27 1
52 28 10
52 29 3
52 30 3
52 31 6
52 32 9
52 33 9
52 34 10
52 35 6
52 36 3
52 37 6
52 38 2
52 39 8
52 40 5
52 41 6
52 42 10
52 43 4
52 44 1
52 45 3
52 46 5
52 47 6
52 48 6
52 49 3
52 50 4
52 51 2
53 0 6
53 1 3
53 2 9
53 3 4
53 4 2
53 5 5
53 6 8
53 7 9
53 8 5
53 9 3
53 10 7
53 11 8
53 12 2
53 13 7
53 14 3
53 15 1
53 16 10
53 17 8
53 18 6
53 19 5
53 20 7
53 21 3
53 22 7
53 23 9
53 24 8
53 25 5
53 26 6
53 27 6
53 28 5
53 29 7
53 30 8
53 31 5
53 32 8
53 33 8
53 34 9
53 35 1
53 36 6
53 37 5
53 38 10
53 39 10
53 40 9
53 41 5
53 42 1
53 43 3
53 44 1
53 45 10
53 46 6
53 47 7
53 48 3
53 49 1
53 50 4
53 51 1
53 52 5
54 0 10
54 1 9
54 2 10
54 3 3
54 4 4
54 5 2
54 6 8
54 7 4
54 8 5
54 9 3
54 10 4
54 11 5
54 12 1
54 13 2
54 14 3
54 15 4
54 16 2
54 17 8
54 18 6
54 19 5
54 20 4
54 21 8
54 22 1
54 23 6
54 24 7
54 25 7
54 26 2
54 27 6
54 28 8
54 29 10
54 30 2
54 31 8
54 32 5
54 33 6
54 34 5
54 35 2
54 36 1
54 37 9
54 38 6
54 39 4
54 40 5
54 41 3
54 42 9
54 43 8
54 44 10
54 45 6
54 46 4
54 47 8
54 48 9
54 49 1
54 50 8
54 51 7
54 52 5
54 53 2
55 0 8
55 1 1
55 2 5
55 3 7
55 4 3
55 5 1
55 6 8
55 7 3
55 8 8
55 9 6
55 10 2
55 11 4
55 12 7
55 13 2
55 14 2
55 15 6
55 16 9
55 17 2
55 18 6
55 19 6
55 20 6
55 21 5
55 22 1
55 23 7
55 24 3
55 25 6
55 26 7
55 27 6
55 28 2
55 29 9
55 30 6
55 31 6
55 32 6
55 33 6
55 34 10
55 35 7
55 36 6
55 37 9
55 38 10
55 39 1
55 40 4
55 41 6
55 42 5
55 43 7
55 44 10
55 45 9
55 46 3
55 47 10
55 48 9
55 49 8
55 50 10
55 51 7
55 52 7
55 53 8
55 54 10
56 0 6
56 1 6
56 2 5
56 3 3
56 4 7
56 5 6
56 6 4
56 7 4
56 8 6
56 9 2
56 10 10
56 11 4
56 12 7
56 13 6
56 14 2
56 15 6
56 16 8
56 17 8
56 18 4
56 19 7
56 20 8
56 21 10
56 22 8
56 23 5
56 24 9
56 25 7
56 26 3
56 27 3
56 28 4
56 29 9
56 30 3
56 31 3
56 32 3
56 33 3
56 34 7
56 35 8
56 36 6
56 37 2
56 38 5
56 39 4
56 40 2
56 41 4
56 42 6
56 43 6
56 44 5
56 45 1
56 46 10
56 47 7
56 48 5
56 49 1
56 50 2
56 51 8
56 52 3
56 53 10
56 54 2
56 55 8
57 0 6
57 1 8
57 2 2
57 3 4
57 4 9
57 5 10
57 6 5
57 7 9
57 8 2
57 9 9
57 10 4
57 11 6
57 12 6
57 13 6
57 14 10
57 15 3
57 16 6
57 17 6
57 18 10
57 19 9
57 20 7
57 21 9
57 22 7
57 23 3
57 24 6
57 25 10
57 26 8
57 27 2
57 28 4
57 29 7
57 30 1
57 31 6
57 32 6
57 33 1
57 34 9
57 35 4
57 36 3
57 37 5
57 38 8
57 39 9
57 40 10
57 41 3
57 42 1
57 43 9
57 44 9
57 45 1
57 46 5
57 47 2
57 48 3
57 49 1
57 50 4
57 51 1
57 52 5
57 53 8
57 54 8
57 55 3
57 56 1
58 0 10
58 1 3
58 2 10
58 3 5
58 4 1
58 5 1
58 6 8
58 7 4
58 8 1
58 9 6
58 10 6
58 11 10
58 12 5
58 13 7
58 14 4
58 15 10
58 16 3
58 17 7
58 18 4
58 19 6
58 20 4
58 21 1
58 22 10
58 23 5
58 24 4
58 25 2
58 26 1
58 27 6
58 28 3
58 29 10
58 30 4
58 31 10
58 32 9
58 33 5
58 34 6
58 35 5
58 36 3
58 37 3
58 38 6
58 39 6
58 40 6
58 41 7
58 42 3
58 43 6
58 44 8
58 45 7
58 46 3
58 47 5
58 48 2
58 49 5
58 50 7
58 51 6
58 52 9
58 53 2
58 54 10
58 55 10
58 56 10
58 57 4
59 0 4
59 1 5
59 2 2
59 3 4
59 4 8
59 5 10
59 6 7
59 7 3
59 8 10
59 9 5
59 10 8
59 11 10
59 12 4
59 13 7
59 14 1
59 15 1
59 16 5
59 17 3
59 18 7
59 19 2
59 20 7
59 21 2
59 22 1
59 23 10
59 24 6
59 25 2
59 26 10
59 27 8
59 28 1
59 29 8
59 30 1
59 31 9
59 32 3
59 33 5
59 34 2
59 35 5
59 36 4
59 37 2
59 38 7
59 39 8
59 40 9
59 41 4
59 42 9
59 43 1
59 44 7
59 45 1
59 46 8
59 47 4
59 48 3
59 49 2
59 50 7
59 51 3
59 52 1
59 53 7
59 54 1
59 55 9
59 56 6
59 57 4
59 58 7
