70
1 0 9
2 0 9
2 1 3
3 0 10
3 1 10
3 2 4
4 0 2
4 1 1
4 2 8
4 3 6
5 0 1
5 1 2
5 2 4
5 3 4
5 4 6
6 0 1
6 1 5
6 2 2
6 3 6
6 4 6
6 5 10
7 0 4
7 1 4
7 2 1
7 3 2
7 4 8
7 5 6
7 6 3
8 0 4
8 1 9
8 2 8
8 3 5
8 4 5
8 5 4
8 6 6
8 7 4
9 0 6
9 1 7
9 2 3
9 3 3
9 4 3
9 5 4
9 6 2
9 7 7
9 8 1
10 0 3
10 1 5
10 2 7
10 3 10
10 4 8
10 5 9
10 6 9
10 7 8
10 8 1
10 9 4
11 0 8
11 1 4
11 2 9
11 3 6
11 4 10
11 5 10
11 6 7
11 7 5
11 8 2
11 9 6
11 10 1
12 0 2
12 1 8
12 2 5
12 3 8
12 4 6
12 5 9
12 6 4
12 7 9
12 8 6
12 9 6
12 10 6
12 11 8
13 0 6
13 1 4
13 2 1
13 3 3
13 4 2
13 5 9
13 6 3
13 7 10
13 8 5
13 9 5
13 10 7
13 11 10
13 12 8
14 0 1
14 1 3
14 2 5
14 3 10
14 4 6
14 5 4
14 6 9
14 7 9
14 8 2
14 9 7
14 10 5
14 11 8
14 12 2
14 13 4
15 0 9
15 1 1
15 2 3
15 3 10
15 4 1
15 5 6
15 6 5
15 7 6
15 8 1
15 9 9
15 10 4
15 11 5
15 12 4
15 13 5
15 14 4
16 0 5
16 1 7
16 2 4
16 3 9
16 4 1
16 5 1
16 6 6
16 7 5
16 8 2
16 9 9
16 10 1
16 11 8
16 12 10
16 13 6
16 14 2
16 15 8
17 0 9
17 1 5
17 2 2
17 3 2
17 4 9
17 5 7
17 6 5
17 7 3
17 8 2
17 9 6
17 10 10
17 11 5
17 12 10
17 13 10
17 14 10
17 15 1
17 16 1
18 0 6
18 1 8
18 2 1
18 3 3
18 4 9
18 5 8
18 6 8
18 7 6
18 8 9
18 9 1
18 10 4
18 11 8
18 12 9
18 13 6
18 14 1
18 15 4
18 16 3
18 17 4
19 0 7
19 1 2
19 2 9
19 3 5
19 4 9
19 5 4
19 6 1
19 7 5
19 8 7
19 9 3
19 10 3
19 11 6
19 12 6
19 13 4
19 14 2
19 15 2
19 16 3
19 17 10
19 18 5
20 0 9
20 1 10
20 2 5
20 3 5
20 4 4
20 5 7
20 6 7
20 7 10
20 8 5
20 9 4
20 10 5
20 11 2
20 12 6
20 13 4
20 14 8
20 15 8
20 16 9
20 17 1
20 18 8
20 19 5
21 0 1
21 1 4
21 2 4
21 3 5
21 4 3
21 5 4
21 6 10
21 7 8
21 8 7
21 9 10
21 10 8
21 11 4
21 12 10
21 13 4
21 14 3
21 15 1
21 16 4
21 17 7
21 18 6
21 19 4
21 20 8
22 0 1
22 1 3
22 2 10
22 3 5
22 4 5
22 5 2
22 6 5
22 7 9
22 8 9
22 9 3
22 10 5
22 11 5
22 12 3
22 13 8
22 14 9
22 15 2
22 16 3
22 17 1
22 18 10
22 19 4
22 20 3
22 21 6
23 0 5
23 1 10
23 2 6
23 3 9
23 4 6
23 5 5
23 6 5
23 7 7
23 8 4
23 9 5
23 10 2
23 11 2
23 12 10
23 13 2
23 14 8
23 15 5
23 16 8
23 17 8
23 18 6
23 19 8
23 20 5
23 21 6
23 22 8
24 0 4
24 1 2
24 2 4
24 3 3
24 4 5
24 5 4
24 6 10
24 7 3
24 8 9
24 9 8
24 10 4
24 11 6
24 12 4
24 13 6
24 14 9
24 15 8
24 16 4
24 17 10
24 18 2
24 19 3
24 20 9
24 21 3
24 22 5
24 23 2
25 0 3
25 1 9
25 2 8
25 3 8
25 4 3
25 5 1
25 6 2
25 7 6
25 8 6
25 9 9
25 10 9
25 11 5
25 12 10
25 13 6
25 14 8
25 15 5
25 16 9
25 17 6
25 18 1
25 19 1
25 20 2
25 21 10
25 22 5
25 23 4
25 24 9
26 0 4
26 1 2
26 2 7
26 3 6
26 4 9
26 5 10
26 6 7
26 7 4
26 8 8
26 9 6
26 10 5
26 11 6
26 12 4
26 13 2
26 14 6
26 15 6
26 16 10
26 17 7
26 18 9
26 19 10
26 20 10
26 21 5
26 22 10
26 23 2
26 24 7
26 25 8
27 0 6
27 1 10
27 2 1
27 3 8
27 4 7
27 5 4
27 6 6
27 7 3
27 8 1
27 9 3
27 10 6
27 11 10
27 12 1
27 13 10
27 14 6
27 15 7
27 16 9
27 17 7
27 18 9
27 19 10
27 20 1
27 21 3
27 22 6
27 23 3
27 24 7
27 25 9
27 26 8
28 0 5
28 1 1
28 2 3
28 3 3
28 4 2
28 5 10
28 6 1
28 7 2
28 8 8
28 9 10
28 10 2
28 11 9
28 12 10
28 13 7
28 14 2
28 15 10
28 16 7
28 17 3
28 18 6
28 19 1
28 20 2
28 21 2
28 22 7
28 23 10
28 24 1
28 25 2
28 26 2
28 27 5
29 0 2
29 1 7
29 2 4
29 3 10
29 4 3
29 5 10
29 6 5
29 7 10
29 8 4
29 9 3
29 10 1
29 11 2
29 12 10
29 13 7
29 14 8
29 15 7
29 16 6
29 17 8
29 18 7
29 19 2
29 20 3
29 21 7
29 22 5
29 23 1
29 24 6
29 25 9
29 26 1
29 27 6
29 28 3
30 0 3
30 1 9
30 2 5
30 3 10
30 4 6
30 5 8
30 6 9
30 7 7
30 8 2
30 9 1
30 10 3
30 11 6
30 12 3
30 13 3
30 14 7
30 15 3
30 16 10
30 17 10
30 18 6
30 19 4
30 20 10
30 21 7
30 22 9
30 23 1
30 24 8
30 25 3
30 26 5
30 27 6
30 28 8
30 29 3
31 0 2
31 1 4
31 2 5
31 3 8
31 4 5
31 5 2
31 6 6
31 7 9
31 8 5
31 9 7
31 10 4
31 11 8
31 12 2
31 13 3
31 14 8
31 15 9
31 16 4
31 17 7
31 18 4
31 19 5
31 20 4
31 21 2
31 22 10
31 23 8
31 24 4
31 25 1
31 26 10
31 27 3
31 28 5
31 29 5
31 30 4
32 0 5
32 1 6
32 2 1
32 3 8
32 4 3
32 5 5
32 6 5
32 7 5
32 8 7
32 9 2
32 10 4
32 11 3
32 12 2
32 13 4
32 14 5
32 15 4
32 16 5
32 17 7
32 18 4
32 19 6
32 20 10
32 21 9
32 22 4
32 23 4
32 24 9
32 25 10
32 26 2
32 27 1
32 28 8
32 29 1
32 30 6
32 31 1
33 0 1
33 1 1
33 2 8
33 3 8
33 4 10
33 5 4
33 6 9
33 7 7
33 8 4
33 9 4
33 10 6
33 11 5
33 12 3
33 13 6
33 14 7
33 15 2
33 16 5
33 17 1
33 18 6
33 19 5
33 20 3
33 21 6
33 22 9
33 23 9
33 24 8
33 25 5
33 26 8
33 27 3
33 28 6
33 29 10
33 30 2
33 31 6
33 32 10
34 0 9
34 1 1
34 2 10
34 3 4
34 4 1
34 5 4
34 6 7
34 7 3
34 8 2
34 9 3
34 10 6
34 11 5
34 12 3
34 13 7
34 14 10
34 15 7
34 16 5
34 17 8
34 18 1
34 19 4
34 20 8
34 21 10
34 22 9
34 23 10
34 24 8
34 25 9
34 26 1
34 27 2
34 28 9
34 29 8
34 30 6
34 31 10
34 32 7
34 33 8
35 0 2
35 1 5
35 2 9
35 3 5
35 4 5
35 5 8
35 6 3
35 7 10
35 8 7
35 9 5
35 10 7
35 11 2
35 12 3
35 13 2
35 14 4
35 15 8
35 16 3
35 17 7
35 18 8
35 19 3
35 20 4
35 21 7
35 22 9
35 23 2
35 24 4
35 25 7
35 26 3
35 27 7
35 28 7
35 29 2
35 30 10
35 31 6
35 32 7
35 33 5
35 34 10
36 0 3
36 1 2
36 2 2
36 3 8
36 4 10
36 5 10
36 6 2
36 7 7
36 8 5
36 9 6
36 10 5
36 11 9
36 12 7
36 13 1
36 14 6
36 15 1
36 16 6
36 17 4
36 18 10
36 19 6
36 20 5
36 21 8
36 22 7
36 23 8
36 24 9
36 25 4
36 26 5
36 27 5
36 28 5
36 29 1
36 30 10
36 31 3
36 32 1
36 33 9
36 34 7
36 35 4
37 0 1
37 1 6
37 2 9
37 3 7
37 4 3
37 5 1
37 6 2
37 7 5
37 8 10
37 9 10
37 10 4
37 11 10
37 12 8
37 13 1
37 14 2
37 15 7
37 16 9
37 17 3
37 18 8
37 19 10
37 20 3
37 21 10
37 22 8
37 23 3
37 24 9
37 25 4
37 26 7
37 27 7
37 28 8
37 29 8
37 30 1
37 31 10
37 32 9
37 33 9
37 34 6
37 35 6
37 36 9
38 0 9
38 1 9
38 2 10
38 3 9
38 4 4
38 5 3
38 6 2
38 7 8
38 8 2
38 9 4
38 10 9
38 11 9
38 12 7
38 13 3
38 14 6
38 15 3
38 16 5
38 17 8
38 18 7
38 19 6
38 20 5
38 21 5
38 22 9
38 23 2
38 24 9
38 25 10
38 26 9
38 27 8
38 28 10
38 29 5
38 30 5
38 31 7
38 32 4
38 33 7
38 34 3
38 35 9
38 36 4
38 37 5
39 0 5
39 1 6
39 2 8
39 3 6
39 4 4
39 5 9
39 6 7
39 7 3
39 8 6
39 9 8
39 10 3
39 11 9
39 12 4
39 13 6
39 14 6
39 15 4
39 16 8
39 17 5
39 18 2
39 19 5
39 20 2
39 21 2
39 22 6
39 23 5
39 24 9
39 25 5
39 26 1
39 27 8
39 28 4
39 29 3
39 30 3
39 31 7
39 32 1
39 33 6
39 34 4
39 35 6
39 36 1
39 37 4
39 38 5
40 0 2
40 1 4
40 2 2
40 3 5
40 4 10
40 5 9
40 6 7
40 7 8
40 8 9
40 9 2
40 10 7
40 11 2
40 12 1
40 13 5
40 14 10
40 15 6
40 16 4
40 17 3
40 18 2
40 19 1
40 20 10
40 21 6
40 22 4
40 23 2
40 24 3
40 25 4
40 26 4
40 27 3
40 28 9
40 29 2
40 30 8
40 31 3
40 32 1
40 33 4
40 34 3
40 35 4
40 36 8
40 37 9
40 38 2
40 39 1
41 0 9
41 1 3
41 2 9
41 3 1
41 4 8
41 5 9
41 6 9
41 7 9
41 8 5
41 9 5
41 10 7
41 11 8
41 12 2
41 13 9
41 14 7
41 15 2
41 16 3
41 17 6
41 18 10
41 19 2
41 20 4
41 21 6
41 22 2
41 23 6
41 24 4
41 25 9
41 26 10
41 27 8
41 28 1
41 29 7
41 30 10
41 31 2
41 32 5
41 33 2
41 34 1
41 35 5
41 36 8
41 37 8
41 38 1
41 39 4
41 40 9
42 0 10
42 1 9
42 2 10
42 3 5
42 4 10
42 5 9
42 6 8
42 7 8
42 8 2
42 9 1
42 10 7
42 11 7
42 12 3
42 13 7
42 14 7
42 15 7
42 16 3
42 17 4
42 18 4
42 19 2
42 20 7
42 21 9
42 22 5
42 23 9
42 24 9
42 25 8
42 26 7
42 27 4
42 28 9
42 29 9
42 30 2
42 31 10
42 32 4
42 33 3
42 34 3
42 35 10
42 36 8
42 37 9
42 38 7
42 39 8
42 40 2
42 41 5
43 0 1
43 1 6
43 2 6
43 3 7
43 4 6
43 5 9
43 6 7
43 7 7
43 8 3
43 9 5
43 10 8
43 11 3
43 12 1
43 13 3
43 14 1
43 15 3
43 16 10
43 17 1
43 18 10
43 19 5
43 20 6
43 21 6
43 22 10
43 23 6
43 24 8
43 25 6
43 26 3
43 27 2
43 28 5
43 29 9
43 30 6
43 31 8
43 32 7
43 33 3
43 34 9
43 35 5
43 36 3
43 37 10
43 38 1
43 39 10
43 40 4
43 41 9
43 42 5
44 0 6
44 1 5
44 2 8
44 3 4
44 4 7
44 5 2
44 6 4
44 7 2
44 8 9
44 9 5
44 10 9
44 11 7
44 12 9
44 13 1
44 14 3
44 15 5
44 16 4
44 17 8
44 18 4
44 19 9
44 20 6
44 21 5
44 22 2
44 23 7
44 24 4
44 25 6
44 26 8
44 27 1
44 28 2
44 29 8
44 30 9
44 31 10
44 32 2
44 33 6
44 34 7
44 35 10
44 36 10
44 37 2
44 38 6
44 39 2
44 40 5
44 41 6
44 42 3
44 43 2
45 0 8
45 1 2
45 2 6
45 3 6
45 4 7
45 5 1
45 6 3
45 7 4
45 8 8
45 9 9
45 10 7
45 11 4
45 12 4
45 13 5
45 14 3
45 15 6
45 16 2
45 17 10
45 18 2
45 19 7
45 20 6
45 21 7
45 22 5
45 23 4
45 24 1
45 25 8
45 26 10
45 27 10
45 28 4
45 29 7
45 30 1
45 31 6
45 32 5
45 33 3
45 34 10
45 35 2
45 36 1
45 37 7
45 38 7
45 39 6
45 40 3
45 41 9
45 42 3
45 43 1
45 44 5
46 0 8
46 1 10
46 2 4
46 3 4
46 4 7
46 5 3
46 6 3
46 7 1
46 8 3
46 9 9
46 10 8
46 11 10
46 12 9
46 13 4
46 14 2
46 15 10
46 16 7
46 17 9
46 18 3
46 19 7
46 20 9
46 21 1
46 22 3
46 23 9
46 24 5
46 25 5
46 26 6
46 27 1
46 28 10
46 29 5
46 30 9
46 31 3
46 32 6
46 33 4
46 34 2
46 35 9
46 36 9
46 37 6
46 38 10
46 39 5
46 40 9
46 41 7
46 42 7
46 43 9
46 44 3
46 45 3
47 0 10
47 1 5
47 2 1
47 3 10
47 4 1
47 5 10
47 6 4
47 7 4
47 8 10
47 9 3
47 10 10
47 11 6
47 12 7
47 13 7
47 14 9
47 15 3
47 16 4
47 17 8
47 18 3
47 19 5
47 20 3
47 21 10
47 22 3
47 23 9
47 24 9
47 25 7
47 26 2
47 27 7
47 28 6
47 29 9
47 30 3
47 31 8
47 32 4
47 33 9
47 34 4
47 35 7
47 36 1
47 37 8
47 38 4
47 39 5
47 40 5
47 41 3
47 42 2
47 43 1
47 44 4
47 45 1
47 46 6
48 0 9
48 1 7
48 2 6
48 3 6
48 4 8
48 5 10
48 6 9
48 7 10
48 8 8
48 9 10
48 10 9
48 11 8
48 12 4
48 13 4
48 14 4
48 15 3
48 16 3
48 17 8
48 18 6
48 19 8
48 20 9
48 21 6
48 22 9
48 23 3
48 24 4
48 25 9
48 26 7
48 27 4
48 28 2
48 29 3
48 30 3
48 31 2
48 32 6
48 33 5
48 34 8
48 35 2
48 36 2
48 37 9
48 38 7
48 39 4
48 40 3
48 41 7
48 42 9
48 43 1
48 44 3
48 45 10
48 46 6
48 47 9
49 0 6
49 1 1
49 2 9
49 3 7
49 4 2
49 5 5
49 6 7
49 7 4
49 8 3
49 9 3
49 10 1
49 11 4
49 12 2
49 13 1
49 14 4
49 15 9
49 16 9
49 17 9
49 18 5
49 19 8
49 20 1
49 21 2
49 22 9
49 23 2
49 24 9
49 25 9
49 26 7
49 27 3
49 28 6
49 29 3
49 30 5
49 31 4
49 32 9
49 33 4
49 34 4
49 35 3
49 36 6
49 37 2
49 38 1
49 39 6
49 40 5
49 41 6
49 42 6
49 43 10
49 44 1
49 45 4
49 46 7
49 47 6
49 48 10
50 0 2
50 1 2
50 2 2
50 3 10
50 4 4
50 5 9
50 6 5
50 7 3
50 8 3
50 9 9
50 10 1
50 11 8
50 12 9
50 13 7
50 14 5
50 15 1
50 16 2
50 17 3
50 18 2
50 19 9
50 20 5
50 21 1
50 22 4
50 23 1
50 24 4
50 25 7
50 26 3
50 27 10
50 28 3
50 29 1
50 30 4
50 31 1
50 32 8
50 33 4
50 34 8
50 35 6
50 36 6
50 37 4
50 38 1
50 39 3
50 40 3
50 41 10
50 42 10
50 43 3
50 44 4
50 45 7
50 46 1
50 47 8
50 48 1
50 49 9
51 0 2
51 1 9
51 2 3
51 3 3
51 4 10
51 5 5
51 6 8
51 7 5
51 8 1
51 9 3
51 10 2
51 11 8
51 12 10
51 13 2
51 14 4
51 15 7
51 16 1
51 17 7
51 18 6
51 19 9
51 20 9
51 21 10
51 22 9
51 23 9
51 24 8
51 25 6
51 26 10
51 27 2
51 28 3
51 29 9
51 30 5
51 31 7
51 32 1
51 33 9
51 34 10
51 35 9
51 36 9
51 37 5
51 38 6
51 39 4
51 40 5
51 41 4
51 42 7
51 43 2
51 44 6
51 45 8
51 46 5
51 47 4
51 48 8
51 49 1
51 50 8
52 0 8
52 1 10
52 2 6
52 3 5
52 4 1
52 5 7
52 6 8
52 7 4
52 8 7
52 9 4
52 10 8
52 11 2
52 12 4
52 13 2
52 14 2
52 15 4
52 16 8
52 17 10
52 18 10
52 19 10
52 20 7
52 21 3
52 22 9
52 23 1
52 24 8
52 25 2
52 26 1
52 27 7
52 28 1
52 29 6
52 30 3
52 31 2
52 32 1
52 33 7
52 34 8
52 35 1
52 36 4
52 37 4
52 38 9
52 39 9
52 40 6
52 41 7
52 42 10
52 43 5
52 44 8
52 45 5
52 46 3
52 47 10
52 48 2
52 49 3
52 50 1
52 51 4
53 0 2
53 1 9
53 2 2
53 3 2
53 4 3
53 5 2
53 6 8
53 7 2
53 8 4
53 9 2
53 10 8
53 11 3
53 12 6
53 13 6
53 14 6
53 15 7
53 16 3
53 17 4
53 18 4
53 19 2
53 20 1
53 21 4
53 22 4
53 23 5
53 24 5
53 25 1
53 26 5
53 27 7
53 28 6
53 29 2
53 30 9
53 31 7
53 32 6
53 33 4
53 34 7
53 35 9
53 36 1
53 37 4
53 38 10
53 39 1
53 40 3
53 41 2
53 42 5
53 43 6
53 44 5
53 45 6
53 46 5
53 47 5
53 48 10
53 49 6
53 50 5
53 51 2
53 52 10
54 0 6
54 1 9
54 2 2
54 3 9
54 4 7
54 5 3
54 6 6
54 7 10
54 8 1
54 9 6
54 10 5
54 11 4
54 12 6
54 13 2
54 14 8
54 15 8
54 16 8
54 17 9
54 18 1
54 19 7
54 20 10
54 21 3
54 22 3
54 23 7
54 24 10
54 25 7
54 26 2
54 27 3
54 28 8
54 29 5
54 30 1
54 31 5
54 32 10
54 33 3
54 34 10
54 35 3
54 36 10
54 37 6
54 38 9
54 39 2
54 40 1
54 41 9
54 42 10
54 43 2
54 44 5
54 45 6
54 46 2
54 47 4
54 48 6
54 49 1
54 50 3
54 51 3
54 52 4
54 53 2
55 0 3
55 1 1
55 2 8
55 3 9
55 4 10
55 5 7
55 6 6
55 7 6
55 8 3
55 9 7
55 10 2
55 11 4
55 12 7
55 13 5
55 14 2
55 15 5
55 16 10
55 17 5
55 18 5
55 19 7
55 20 9
55 21 1
55 22 8
55 23 8
55 24 7
55 25 9
55 26 2
55 27 1
55 28 3
55 29 9
55 30 3
55 31 9
55 32 8
55 33 4
55 34 2
55 35 3
55 36 3
55 37 10
55 38 7
55 39 6
55 40 10
55 41 7
55 42 10
55 43 8
55 44 8
55 45 8
55 46 10
55 47 2
55 48 3
55 49 8
55 50 3
55 51 10
55 52 1
55 53 9
55 54 1
56 0 8
56 1 10
56 2 7
56 3 10
56 4 8
56 5 1
56 6 10
56 7 5
56 8 1
56 9 10
56 10 9
56 11 7
56 12 4
56 13 3
56 14 4
56 15 3
56 16 2
56 17 6
56 18 10
56 19 9
56 20 8
56 21 7
56 22 3
56 23 5
56 24 8
56 25 2
56 26 2
56 27 10
56 28 1
56 29 1
56 30 1
56 31 5
56 32 4
56 33 4
56 34 6
56 35 2
56 36 5
56 37 9
56 38 6
56 39 9
56 40 1
56 41 8
56 42 5
56 43 7
56 44 2
56 45 9
56 46 3
56 47 2
56 48 4
56 49 1
56 50 3
56 51 7
56 52 3
56 53 3
56 54 10
56 55 4
57 0 5
57 1 7
57 2 3
57 3 10
57 4 9
57 5 10
57 6 5
57 7 9
57 8 1
57 9 3
57 10 10
57 11 9
57 12 8
57 13 2
57 14 5
57 15 9
57 16 9
57 17 10
57 18 6
57 19 9
57 20 4
57 21 5
57 22 5
57 23 8
57 24 7
57 25 5
57 26 3
57 27 5
57 28 9
57 29 5
57 30 5
57 31 5
57 32 2
57 33 7
57 34 6
57 35 8
57 36 5
57 37 8
57 38 5
57 39 3
57 40 2
57 41 5
57 42 6
57 43 9
57 44 6
57 45 2
57 46 8
57 47 8
57 48 10
57 49 9
57 50 9
57 51 8
57 52 4
57 53 3
57 54 6
57 55 10
57 56 4
58 0 2
58 1 9
58 2 6
58 3 1
58 4 2
58 5 4
58 6 7
58 7 6
58 8 7
58 9 1
58 10 8
58 11 8
58 12 6
58 13 4
58 14 7
58 15 5
58 16 7
58 17 10
58 18 6
58 19 8
58 20 4
58 21 10
58 22 5
58 23 4
58 24 6
58 25 8
58 26 10
58 27 10
58 28 6
58 29 3
58 30 10
58 31 5
58 32 2
58 33 7
58 34 3
58 35 6
58 36 3
58 37 5
58 38 10
58 39 9
58 40 5
58 41 4
58 42 2
58 43 9
58 44 2
58 45 2
58 46 7
58 47 3
58 48 8
58 49 3
58 50 1
58 51 6
58 52 1
58 53 10
58 54 4
58 55 3
58 56 5
58 57 3
59 0 5
59 1 3
59 2 5
59 3 2
59 4 1
59 5 5
59 6 2
59 7 2
59 8 10
59 9 4
59 10 4
59 11 5
59 12 4
59 13 1
59 14 8
59 15 2
59 16 8
59 17 2
59 18 5
59 19 4
59 20 8
59 21 2
59 22 3
59 23 2
59 24 6
59 25 8
59 26 4
59 27 7
59 28 5
59 29 3
59 30 6
59 31 10
59 32 2
59 33 10
59 34 9
59 35 7
59 36 1
59 37 1
59 38 9
59 39 7
59 40 8
59 41 4
59 42 9
59 43 1
59 44 10
59 45 3
59 46 3
59 47 2
59 48 3
59 49 1
59 50 8
59 51 10
59 52 9
59 53 5
59 54 1
59 55 9
59 56 1
59 57 4
59 58 9
60 0 4
60 1 7
60 2 10
60 3 9
60 4 4
60 5 6
60 6 6
60 7 2
60 8 7
60 9 5
60 10 7
60 11 6
60 12 9
60 13 7
60 14 2
60 15 10
60 16 7
60 17 3
60 18 4
60 19 9
60 20 5
60 21 6
60 22 6
60 23 4
60 24 5
60 25 6
60 26 1
60 27 2
60 28 7
60 29 5
60 30 8
60 31 10
60 32 9
60 33 7
60 34 2
60 35 9
60 36 8
60 37 6
60 38 1
60 39 7
60 40 1
60 41 10
60 42 8
60 43 7
60 44 3
60 45 6
60 46 4
60 47 1
60 48 4
60 49 7
60 50 2
60 51 10
60 52 10
60 53 3
60 54 8
60 55 6
60 56 6
60 57 9
60 58 6
60 59 7
61 0 3
61 1 9
61 2 5
61 3 5
61 4 5
61 5 9
61 6 5
61 7 1
61 8 4
61 9 4
61 10 1
61 11 7
61 12 10
61 13 1
61 14 9
61 15 6
61 16 6
61 17 8
61 18 5
61 19 4
61 20 10
61 21 3
61 22 9
61 23 8
61 24 2
61 25 1
61 26 5
61 27 7
61 28 5
61 29 10
61 30 2
61 31 8
61 32 6
61 33 7
61 34 2
61 35 8
61 36 9
61 37 1
61 38 7
61 39 10
61 40 2
61 41 7
61 42 6
61 43 4
61 44 10
61 45 10
61 46 7
61 47 7
61 48 1
61 49 1
61 50 9
61 51 2
61 52 7
61 53 6
61 54 4
61 55 6
61 56 9
61 57 3
61 58 2
61 59 7
61 60 9
62 0 4
62 1 2
62 2 7
62 3 4
62 4 10
62 5 3
62 6 2
62 7 7
62 8 7
62 9 10
62 10 1
62 11 9
62 12 2
62 13 1
62 14 9
62 15 10
62 16 8
62 17 1
62 18 4
62 19 1
62 20 8
62 21 3
62 22 2
62 23 3
62 24 3
62 25 3
62 26 3
62 27 3
62 28 9
62 29 5
62 30 6
62 31 3
62 32 9
62 33 8
62 34 5
62 35 5
62 36 10
62 37 4
62 38 6
62 39 1
62 40 2
62 41 5
62 42 5
62 43 6
62 44 9
62 45 10
62 46 7
62 47 2
62 48 1
62 49 2
62 50 8
62 51 3
62 52 6
62 53 5
62 54 3
62 55 8
62 56 9
62 57 2
62 58 1
62 59 9
62 60 5
62 61 10
63 0 8
63 1 5
63 2 10
63 3 8
63 4 8
63 5 5
63 6 6
63 7 5
63 8 9
63 9 8
63 10 10
63 11 8
63 12 4
63 13 9
63 14 6
63 15 10
63 16 1
63 17 8
63 18 8
63 19 7
63 20 8
63 21 1
63 22 4
63 23 3
63 24 3
63 25 5
63 26 7
63 27 2
63 28 3
63 29 4
63 30 9
63 31 3
63 32 4
63 33 5
63 34 6
63 35 7
63 36 1
63 37 9
63 38 3
63 39 8
63 40 10
63 41 10
63 42 8
63 43 1
63 44 4
63 45 9
63 46 3
63 47 10
63 48 10
63 49 4
63 50 5
63 51 4
63 52 8
63 53 3
63 54 1
63 55 4
63 56 2
63 57 7
63 58 4
63 59 8
63 60 4
63 61 5
63 62 7
64 0 4
64 1 9
64 2 9
64 3 10
64 4 7
64 5 5
64 6 8
64 7 2
64 8 7
64 9 8
64 10 2
64 11 3
64 12 9
64 13 6
64 14 8
64 15 5
64 16 8
64 17 6
64 18 10
64 19 10
64 20 8
64 21 10
64 22 2
64 23 8
64 24 4
64 25 7
64 26 10
64 27 6
64 28 2
64 29 8
64 30 8
64 31 5
64 32 2
64 33 1
64 34 1
64 35 7
64 36 1
64 37 4
64 38 10
64 39 2
64 40 3
64 41 9
64 42 2
64 43 4
64 44 2
64 45 7
64 46 1
64 47 7
64 48 7
64 49 4
64 50 9
64 51 3
64 52 1
64 53 7
64 54 2
64 55 6
64 56 3
64 57 5
64 58 8
64 59 8
64 60 8
64 61 8
64 62 9
64 63 10
65 0 2
65 1 3
65 2 8
65 3 5
65 4 10
65 5 7
65 6 5
65 7 3
65 8 1
65 9 8
65 10 9
65 11 5
65 12 8
65 13 8
65 14 2
65 15 8
65 16 3
65 17 10
65 18 9
65 19 5
65 20 10
65 21 8
65 22 1
65 23 4
65 24 1
65 25 9
65 26 3
65 27 6
65 28 1
65 29 7
65 30 3
65 31 4
65 32 3
65 33 6
65 34 5
65 35 10
65 36 3
65 37 5
65 38 9
65 39 8
65 40 8
65 41 7
65 42 2
65 43 3
65 44 1
65 45 2
65 46 9
65 47 5
65 48 5
65 49 5
65 50 8
65 51 8
65 52 6
65 53 2
65 54 6
65 55 7
65 56 10
65 57 7
65 58 7
65 59 1
65 60 1
65 61 2
65 62 9
65 63 4
65 64 7
66 0 7
66 1 7
66 2 2
66 3 7
66 4 3
66 5 1
66 6 5
66 7 5
66 8 1
66 9 3
66 10 7
66 11 3
66 12 3
66 13 4
66 14 8
66 15 10
66 16 7
66 17 5
66 18 3
66 19 6
66 20 1
66 21 5
66 22 10
66 23 9
66 24 3
66 25 5
66 26 2
66 27 8
66 28 1
66 29 4
66 30 10
66 31 10
66 32 7
66 33 4
66 34 6
66 35 3
66 36 5
66 37 2
66 38 1
66 39 3
66 40 3
66 41 8
66 42 8
66 43 6
66 44 6
66 45 1
66 46 10
66 47 7
66 48 5
66 49 8
66 50 10
66 51 8
66 52 9
66 53 6
66 54 2
66 55 9
66 56 6
66 57 3
66 58 2
66 59 7
66 60 1
66 61 9
66 62 8
66 63 9
66 64 1
66 65 9
67 0 9
67 1 6
67 2 6
67 3 2
67 4 4
67 5 5
67 6 7
67 7 6
67 8 6
67 9 8
67 10 7
67 11 8
67 12 8
67 13 5
67 14 7
67 15 6
67 16 6
67 17 3
67 18 6
67 19 2
67 20 7
67 21 5
67 22 8
67 23 7
67 24 2
67 25 8
67 26 10
67 27 2
67 28 1
67 29 2
67 30 10
67 31 3
67 32 9
67 33 10
67 34 10
67 35 5
67 36 2
67 37 1
67 38 1
67 39 8
67 40 2
67 41 9
67 42 1
67 43 2
67 44 10
67 45 7
67 46 6
67 47 4
67 48 4
67 49 2
67 50 4
67 51 7
67 52 2
67 53 9
67 54 2
67 55 1
67 56 5
67 57 8
67 58 5
67 59 10
67 60 10
67 61 8
67 62 1
67 63 8
67 64 8
67 65 5
67 66 9
68 0 1
68 1 10
68 2 2
68 3 5
68 4 4
68 5 3
68 6 1
68 7 9
68 8 3
68 9 5
68 10 7
68 11 4
68 12 5
68 13 4
68 14 7
68 15 1
68 16 9
68 17 10
68 18 10
68 19 4
68 20 7
68 21 5
68 22 4
68 23 8
68 24 5
68 25 9
68 26 6
68 27 10
68 28 7
68 29 6
68 30 10
68 31 4
68 32 9
68 33 3
68 34 5
68 35 10
68 36 8
68 37 5
68 38 6
68 39 1
68 40 7
68 41 2
68 42 3
68 43 8
68 44 6
68 45 9
68 46 9
68 47 3
68 48 1
68 49 3
68 50 2
68 51 9
68 52 5
68 53 2
68 54 9
68 55 9
68 56 9
68 57 8
68 58 8
68 59 5
68 60 8
68 61 2
68 62 10
68 63 8
68 64 6
68 65 9
68 66 5
68 67 6
69 0 10
69 1 1
69 2 6
69 3 3
69 4 1
69 5 8
69 6 9
69 7 10
69 8 3
69 9 8
69 10 7
69 11 10
69 12 2
69 13 5
69 14 9
69 15 4
69 16 2
69 17 3
69 18 5
69 19 4
69 20 7
69 21 10
69 22 1
69 23 10
69 24 9
69 25 5
69 26 2
69 27 5
69 28 6
69 29 6
69 30 1
69 31 4
69 32 9
69 33 8
69 34 1
69 35 5
69 36 8
69 37 8
69 38 3
69 39 6
69 40 3
69 41 1
69 42 7
69 43 9
69 44 3
69 45 2
69 46 3
69 47 1
69 48 6
69 49 8
69 50 7
69 51 4
69 52 9
69 53 10
69 54 10
69 55 3
69 56 1
69 57 10
69 58 3
69 59 10
69 60 6
69 61 3
69 62 8
69 63 10
69 64 10
69 65 8
69 66 1
69 67 1
69 68 9
