30
1 0 3
2 0 7
2 1 10
3 0 11
3 1 2
3 2 3
4 0 2
4 1 7
4 2 10
4 3 1
5 0 3
5 1 5
5 2 4
5 3 11
5 4 2
6 0 6
6 1 3
6 2 4
6 3 3
6 4 5
6 5 6
7 0 1
7 1 7
7 2 3
7 3 1
7 4 4
7 5 6
7 6 10
8 0 7
8 1 8
8 2 6
8 3 1
8 4 5
8 5 5
8 6 6
8 7 4
9 0 8
9 1 2
9 2 8
9 3 11
9 4 7
9 5 11
9 6 5
9 7 11
9 8 6
10 0 1
10 1 10
10 2 6
10 3 3
10 4 4
10 5 9
10 6 10
10 7 4
10 8 11
10 9 1
11 0 11
11 1 8
11 2 9
11 3 6
11 4 2
11 5 7
11 6 9
11 7 5
11 8 11
11 9 9
11 10 9
12 0 3
12 1 7
12 2 11
12 3 6
12 4 1
12 5 8
12 6 7
12 7 10
12 8 9
12 9 5
12 10 6
12 11 5
13 0 5
13 1 7
13 2 10
13 3 4
13 4 9
13 5 6
13 6 4
13 7 11
13 8 6
13 9 3
13 10 11
13 11 3
13 12 11
14 0 2
14 1 9
14 2 2
14 3 6
14 4 1
14 5 6
14 6 9
14 7 11
14 8 2
14 9 10
14 10 2
14 11 10
14 12 4
14 13 10
15 0 5
15 1 2
15 2 6
15 3 8
15 4 8
15 5 7
15 6 7
15 7 6
15 8 11
15 9 11
15 10 3
15 11 8
15 12 3
15 13 9
15 14 8
16 0 10
16 1 4
16 2 3
16 3 1
16 4 8
16 5 6
16 6 8
16 7 2
16 8 10
16 9 10
16 10 11
16 11 9
16 12 9
16 13 5
16 14 9
16 15 4
17 0 6
17 1 7
17 2 3
17 3 2
17 4 3
17 5 5
17 6 8
17 7 10
17 8 3
17 9 9
17 10 1
17 11 2
17 12 10
17 13 2
17 14 8
17 15 10
17 16 4
18 0 8
18 1 2
18 2 3
18 3 2
18 4 2
18 5 4
18 6 3
18 7 2
18 8 11
18 9 6
18 10 6
18 11 9
18 12 6
18 13 9
18 14 6
18 15 10
18 16 9
18 17 1
19 0 10
19 1 8
19 2 4
19 3 7
19 4 6
19 5 2
19 6 5
19 7 8
19 8 9
19 9 8
19 10 7
19 11 3
19 12 9
19 13 8
19 14 7
19 15 11
19 16 5
19 17 8
19 18 11
20 0 3
20 1 7
20 2 3
20 3 10
20 4 6
20 5 11
20 6 5
20 7 8
20 8 4
20 9 1
20 10 9
20 11 9
20 12 8
20 13 4
20 14 11
20 15 5
20 16 6
20 17 6
20 18 4
20 19 1
21 0 10
21 1 2
21 2 9
21 3 1
21 4 4
21 5 9
21 6 3
21 7 9
21 8 6
21 9 1
21 10 8
21 11 9
21 12 2
21 13 10
21 14 11
21 15 3
21 16 1
21 17 1
21 18 6
21 19 6
21 20 7
22 0 6
22 1 7
22 2 2
22 3 11
22 4 2
22 5 9
22 6 2
22 7 11
22 8 11
22 9 5
22 10 2
22 11 9
22 12 11
22 13 3
22 14 8
22 15 10
22 16 10
22 17 1
22 18 11
22 19 5
22 20 4
22 21 5
23 0 5
23 1 3
23 2 8
23 3 4
23 4 10
23 5 2
23 6 10
23 7 7
23 8 6
23 9 4
23 10 5
23 11 10
23 12 4
23 13 1
23 14 6
23 15 2
23 16 7
23 17 5
23 18 2
23 19 3
23 20 11
23 21 5
23 22 9
24 0 3
24 1 7
24 2 11
24 3 8
24 4 7
24 5 6
24 6 4
24 7 2
24 8 11
24 9 2
24 10 3
24 11 11
24 12 8
24 13 6
24 14 7
24 15 3
24 16 10
24 17 2
24 18 5
24 19 8
24 20 7
24 21 9
24 22 2
24 23 9
25 0 6
25 1 6
25 2 1
25 3 7
25 4 6
25 5 5
25 6 1
25 7 5
25 8 11
25 9 11
25 10 8
25 11 11
25 12 2
25 13 2
25 14 9
25 15 9
25 16 1
25 17 2
25 18 6
25 19 2
25 20 9
25 21 7
25 22 3
25 23 1
25 24 5
26 0 1
26 1 6
26 2 8
26 3 3
26 4 10
26 5 10
26 6 5
26 7 11
26 8 9
26 9 2
26 10 8
26 11 3
26 12 4
26 13 2
26 14 7
26 15 10
26 16 2
26 17 9
26 18 5
26 19 11
26 20 6
26 21 8
26 22 4
26 23 4
26 24 5
26 25 4
27 0 2
27 1 9
27 2 9
27 3 1
27 4 6
27 5 5
27 6 1
27 7 11
27 8 7
27 9 2
27 10 8
27 11 6
27 12 1
27 13 11
27 14 3
27 15 11
27 16 1
27 17 11
27 18 9
27 19 9
27 20 4
27 21 8
27 22 9
27 23 5
27 24 10
27 25 3
27 26 11
28 0 5
28 1 8
28 2 5
28 3 7
28 4 9
28 5 9
28 6 10
28 7 8
28 8 4
28 9 3
28 10 2
28 11 8
28 12 2
28 13 11
28 14 5
28 15 5
28 16 3
28 17 10
28 18 4
28 19 10
28 20 3
28 21 7
28 22 8
28 23 11
28 24 8
28 25 5
28 26 8
28 27 2
29 0 7
29 1 8
29 2 7
29 3 2
29 4 10
29 5 9
29 6 3
29 7 11
29 8 3
29 9 8
29 10 10
29 11 6
29 12 8
29 13 4
29 14 4
29 15 7
29 16 3
29 17 11
29 18 6
29 19 1
29 20 8
29 21 8
29 22 5
29 23 3
29 24 2
29 25 10
29 26 2
29 27 7
29 28 5
