30
1 0 9
2 0 9
2 1 2
3 0 9
3 1 2
3 2 1
4 0 10
4 1 7
4 2 8
4 3 2
5 0 5
5 1 4
5 2 3
5 3 2
5 4 4
6 0 4
6 1 5
6 2 1
6 3 6
6 4 6
6 5 9
7 0 2
7 1 6
7 2 10
7 3 10
7 4 1
7 5 10
7 6 5
8 0 3
8 1 9
8 2 9
8 3 2
8 4 2
8 5 2
8 6 8
8 7 4
9 0 3
9 1 2
9 2 4
9 3 3
9 4 2
9 5 3
9 6 5
9 7 2
9 8 7
10 0 3
10 1 2
10 2 6
10 3 4
10 4 8
10 5 7
10 6 4
10 7 2
10 8 9
10 9 5
11 0 3
11 1 1
11 2 5
11 3 9
11 4 1
11 5 9
11 6 5
11 7 3
11 8 3
11 9 1
11 10 2
12 0 9
12 1 8
12 2 9
12 3 8
12 4 6
12 5 6
12 6 3
12 7 5
12 8 7
12 9 5
12 10 8
12 11 8
13 0 10
13 1 8
13 2 5
13 3 5
13 4 7
13 5 10
13 6 10
13 7 2
13 8 5
13 9 8
13 10 8
13 11 1
13 12 10
14 0 7
14 1 8
14 2 9
14 3 1
14 4 3
14 5 10
14 6 10
14 7 9
14 8 2
14 9 6
14 10 1
14 11 7
14 12 2
14 13 5
15 0 5
15 1 2
15 2 5
15 3 7
15 4 10
15 5 7
15 6 1
15 7 5
15 8 7
15 9 10
15 10 6
15 11 6
15 12 3
15 13 2
15 14 4
16 0 1
16 1 4
16 2 4
16 3 3
16 4 8
16 5 4
16 6 9
16 7 6
16 8 7
16 9 3
16 10 7
16 11 8
16 12 5
16 13 1
16 14 3
16 15 9
17 0 2
17 1 6
17 2 1
17 3 5
17 4 4
17 5 2
17 6 6
17 7 3
17 8 2
17 9 2
17 10 1
17 11 8
17 12 4
17 13 8
17 14 4
17 15 7
17 16 9
18 0 3
18 1 6
18 2 2
18 3 5
18 4 3
18 5 3
18 6 6
18 7 4
18 8 4
18 9 3
18 10 2
18 11 5
18 12 9
18 13 4
18 14 2
18 15 10
18 16 7
18 17 6
19 0 1
19 1 7
19 2 9
19 3 2
19 4 2
19 5 6
19 6 10
19 7 1
19 8 8
19 9 6
19 10 10
19 11 9
19 12 10
19 13 4
19 14 3
19 15 9
19 16 4
19 17 3
19 18 7
20 0 8
20 1 10
20 2 5
20 3 2
20 4 5
20 5 6
20 6 7
20 7 8
20 8 2
20 9 1
20 10 9
20 11 6
20 12 5
20 13 3
20 14 2
20 15 9
20 16 6
20 17 3
20 18 4
20 19 8
21 0 4
21 1 9
21 2 4
21 3 5
21 4 2
21 5 6
21 6 6
21 7 4
21 8 6
21 9 7
21 10 10
21 11 1
21 12 8
21 13 7
21 14 4
21 15 3
21 16 5
21 17 7
21 18 2
21 19 3
21 20 4
22 0 2
22 1 5
22 2 1
22 3 7
22 4 9
22 5 2
22 6 6
22 7 8
22 8 8
22 9 4
22 10 10
22 11 6
22 12 2
22 13 5
22 14 8
22 15 8
22 16 9
22 17 6
22 18 7
22 19 8
22 20 7
22 21 3
23 0 9
23 1 5
23 2 1
23 3 3
23 4 8
23 5 6
23 6 3
23 7 3
23 8 5
23 9 2
23 10 3
23 11 10
23 12 3
23 13 8
23 14 10
23 15 8
23 16 7
23 17 5
23 18 6
23 19 8
23 20 6
23 21 6
23 22 10
24 0 6
24 1 8
24 2 5
24 3 5
24 4 8
24 5 10
24 6 8
24 7 2
24 8 7
24 9 5
24 10 1
24 11 4
24 12 1
24 13 4
24 14 8
24 15 1
24 16 10
24 17 10
24 18 6
24 19 10
24 20 5
24 21 5
24 22 4
24 23 2
25 0 9
25 1 2
25 2 6
25 3 6
25 4 9
25 5 9
25 6 1
25 7 1
25 8 2
25 9 8
25 10 4
25 11 5
25 12 2
25 13 7
25 14 6
25 15 2
25 16 10
25 17 5
25 18 8
25 19 6
25 20 1
25 21 5
25 22 3
25 23 8
25 24 8
26 0 2
26 1 7
26 2 5
26 3 2
26 4 7
26 5 8
26 6 6
26 7 10
26 8 6
26 9 10
26 10 10
26 11 9
26 12 1
26 13 3
26 14 4
26 15 3
26 16 8
26 17 10
26 18 4
26 19 10
26 20 10
26 21 2
26 22 1
26 23 8
26 24 5
26 25 2
27 0 6
27 1 9
27 2 8
27 3 9
27 4 5
27 5 9
27 6 5
27 7 2
27 8 1
27 9 3
27 10 2
27 11 4
27 12 10
27 13 4
27 14 8
27 15 1
27 16 2
27 17 4
27 18 1
27 19 3
27 20 9
27 21 1
27 22 6
27 23 5
27 24 6
27 25 6
27 26 1
28 0 7
28 1 8
28 2 7
28 3 8
28 4 1
28 5 5
28 6 4
28 7 9
28 8 4
28 9 9
28 10 5
28 11 5
28 12 5
28 13 6
28 14 4
28 15 4
28 16 8
28 17 1
28 18 4
28 19 8
28 20 8
28 21 1
28 22 10
28 23 7
28 24 4
28 25 10
28 26 4
28 27 6
29 0 8
29 1 1
29 2 8
29 3 4
29 4 7
29 5 10
29 6 2
29 7 2
29 8 3
29 9 6
29 10 1
29 11 8
29 12 5
29 13 1
29 14 10
29 15 8
29 16 10
29 17 7
29 18 7
29 19 6
29 20 3
29 21 7
29 22 3
29 23 10
29 24 6
29 25 2
29 26 5
29 27 8
29 28 8
