60
2 0 1
3 0 1
4 2 1
5 0 1
5 1 1
5 3 1
5 4 1
6 0 1
6 2 1
6 3 1
6 5 1
7 2 1
8 0 1
8 1 1
8 2 1
8 3 1
8 4 1
9 2 1
9 3 1
9 5 1
9 7 1
10 0 1
10 4 1
10 5 1
10 7 1
10 8 1
11 0 1
11 1 1
11 2 1
11 4 1
11 6 1
11 8 1
11 9 1
12 1 1
12 5 1
12 6 1
12 7 1
12 9 1
12 11 1
13 4 1
13 12 1
14 0 1
14 4 1
14 6 1
14 9 1
14 11 1
15 0 1
15 1 1
15 3 1
15 4 1
15 7 1
15 9 1
16 2 1
16 4 1
16 6 1
16 7 1
16 8 1
16 9 1
16 10 1
16 11 1
16 12 1
16 15 1
17 3 1
17 4 1
17 8 1
17 9 1
17 11 1
17 13 1
17 14 1
18 4 1
18 5 1
18 6 1
18 7 1
18 8 1
19 1 1
19 4 1
19 5 1
19 6 1
19 7 1
19 8 1
19 10 1
19 12 1
19 14 1
19 15 1
19 16 1
19 17 1
20 2 1
20 3 1
20 12 1
20 13 1
20 15 1
21 2 1
21 5 1
21 7 1
21 9 1
21 11 1
21 12 1
21 13 1
21 18 1
22 1 1
22 4 1
22 5 1
22 8 1
22 9 1
22 12 1
22 13 1
22 14 1
22 18 1
22 19 1
23 1 1
23 2 1
23 8 1
23 9 1
23 14 1
23 15 1
23 16 1
23 17 1
23 20 1
23 21 1
23 22 1
24 4 1
24 5 1
24 10 1
24 12 1
24 13 1
24 14 1
24 15 1
24 16 1
24 19 1
24 21 1
25 0 1
25 1 1
25 3 1
25 6 1
25 7 1
25 8 1
25 10 1
25 12 1
25 13 1
25 16 1
25 17 1
25 18 1
25 19 1
25 20 1
25 21 1
25 22 1
25 23 1
25 24 1
26 1 1
26 2 1
26 3 1
26 9 1
26 10 1
26 12 1
26 15 1
26 17 1
26 19 1
27 0 1
27 1 1
27 5 1
27 7 1
27 8 1
27 9 1
27 11 1
27 14 1
27 15 1
27 18 1
27 20 1
27 21 1
27 25 1
28 0 1
28 1 1
28 2 1
28 6 1
28 7 1
28 8 1
28 9 1
28 11 1
28 12 1
28 13 1
28 16 1
28 18 1
28 20 1
28 21 1
28 24 1
28 26 1
28 27 1
29 3 1
29 5 1
29 8 1
29 9 1
29 10 1
29 11 1
29 13 1
29 14 1
29 16 1
29 19 1
29 22 1
29 26 1
29 28 1
30 0 1
30 1 1
30 4 1
30 5 1
30 8 1
30 9 1
30 10 1
30 12 1
30 13 1
30 15 1
30 17 1
30 19 1
30 20 1
30 22 1
30 23 1
30 24 1
30 25 1
30 26 1
30 27 1
30 28 1
30 29 1
31 1 1
31 3 1
31 5 1
31 7 1
31 8 1
31 9 1
31 12 1
31 13 1
31 14 1
31 17 1
31 21 1
31 24 1
31 25 1
31 27 1
31 28 1
31 30 1
32 0 1
32 1 1
32 3 1
32 4 1
32 5 1
32 6 1
32 9 1
32 13 1
32 14 1
32 15 1
32 16 1
32 17 1
32 19 1
32 22 1
32 24 1
32 25 1
32 26 1
32 27 1
32 28 1
32 30 1
33 1 1
33 2 1
33 3 1
33 5 1
33 6 1
33 8 1
33 9 1
33 14 1
33 16 1
33 17 1
33 18 1
33 19 1
33 20 1
33 21 1
33 23 1
33 26 1
33 27 1
33 28 1
33 29 1
33 30 1
34 0 1
34 4 1
34 5 1
34 6 1
34 9 1
34 10 1
34 13 1
34 14 1
34 16 1
34 20 1
34 21 1
34 23 1
34 25 1
34 26 1
34 27 1
34 28 1
34 31 1
34 32 1
35 5 1
35 6 1
35 7 1
35 8 1
35 10 1
35 11 1
35 12 1
35 14 1
35 15 1
35 16 1
35 18 1
35 19 1
35 20 1
35 21 1
35 22 1
35 23 1
35 24 1
35 25 1
35 27 1
35 28 1
35 29 1
35 31 1
35 32 1
35 33 1
35 34 1
36 0 1
36 1 1
36 2 1
36 3 1
36 4 1
36 7 1
36 8 1
36 9 1
36 11 1
36 12 1
36 13 1
36 14 1
36 15 1
36 17 1
36 21 1
36 23 1
36 27 1
36 29 1
36 30 1
36 31 1
36 32 1
36 34 1
37 1 1
37 6 1
37 7 1
37 8 1
37 9 1
37 10 1
37 13 1
37 15 1
37 16 1
37 19 1
37 22 1
37 23 1
37 26 1
37 28 1
37 29 1
37 32 1
37 35 1
38 0 1
38 1 1
38 2 1
38 3 1
38 4 1
38 5 1
38 7 1
38 10 1
38 12 1
38 13 1
38 14 1
38 19 1
38 22 1
38 23 1
38 24 1
38 25 1
38 27 1
38 29 1
38 34 1
38 35 1
38 36 1
38 37 1
39 1 1
39 2 1
39 3 1
39 5 1
39 7 1
39 8 1
39 10 1
39 12 1
39 14 1
39 15 1
39 17 1
39 18 1
39 19 1
39 20 1
39 22 1
39 24 1
39 25 1
39 27 1
39 31 1
39 33 1
39 35 1
40 2 1
40 4 1
40 11 1
40 17 1
40 18 1
40 20 1
40 22 1
40 23 1
40 24 1
40 25 1
40 27 1
40 31 1
40 32 1
40 34 1
40 35 1
40 36 1
40 37 1
40 38 1
40 39 1
41 1 1
41 3 1
41 4 1
41 6 1
41 9 1
41 12 1
41 15 1
41 17 1
41 19 1
41 23 1
41 24 1
41 25 1
41 26 1
41 29 1
41 32 1
41 34 1
41 36 1
41 38 1
42 0 1
42 4 1
42 8 1
42 10 1
42 11 1
42 12 1
42 14 1
42 15 1
42 17 1
42 18 1
42 19 1
42 20 1
42 24 1
42 25 1
42 26 1
42 30 1
42 31 1
42 39 1
42 40 1
43 2 1
43 4 1
43 8 1
43 9 1
43 10 1
43 11 1
43 12 1
43 13 1
43 16 1
43 17 1
43 18 1
43 20 1
43 22 1
43 25 1
43 30 1
43 34 1
43 36 1
43 38 1
43 39 1
43 40 1
43 41 1
44 1 1
44 6 1
44 7 1
44 13 1
44 14 1
44 20 1
44 21 1
44 23 1
44 24 1
44 25 1
44 26 1
44 28 1
44 30 1
44 39 1
44 42 1
44 43 1
45 2 1
45 3 1
45 8 1
45 9 1
45 12 1
45 16 1
45 19 1
45 21 1
45 22 1
45 23 1
45 25 1
45 28 1
45 32 1
45 33 1
45 35 1
45 36 1
45 38 1
45 39 1
45 40 1
45 41 1
45 42 1
46 2 1
46 3 1
46 4 1
46 7 1
46 10 1
46 16 1
46 18 1
46 19 1
46 20 1
46 21 1
46 25 1
46 26 1
46 28 1
46 29 1
46 31 1
46 34 1
46 37 1
46 38 1
46 41 1
46 42 1
47 1 1
47 2 1
47 5 1
47 8 1
47 16 1
47 22 1
47 25 1
47 27 1
47 29 1
47 30 1
47 31 1
47 33 1
47 35 1
47 36 1
47 38 1
47 39 1
47 40 1
47 41 1
47 42 1
47 43 1
48 0 1
48 5 1
48 9 1
48 11 1
48 13 1
48 15 1
48 17 1
48 18 1
48 20 1
48 21 1
48 22 1
48 23 1
48 26 1
48 27 1
48 29 1
48 31 1
48 35 1
48 38 1
48 39 1
48 42 1
48 43 1
48 44 1
48 45 1
48 46 1
49 0 1
49 1 1
49 3 1
49 6 1
49 7 1
49 8 1
49 9 1
49 11 1
49 13 1
49 14 1
49 15 1
49 19 1
49 22 1
49 24 1
49 25 1
49 26 1
49 28 1
49 29 1
49 31 1
49 32 1
49 34 1
49 40 1
49 43 1
49 46 1
50 1 1
50 6 1
50 8 1
50 9 1
50 11 1
50 14 1
50 17 1
50 19 1
50 21 1
50 22 1
50 24 1
50 29 1
50 31 1
50 32 1
50 34 1
50 35 1
50 36 1
50 37 1
50 38 1
50 40 1
50 43 1
50 44 1
50 45 1
50 48 1
50 49 1
51 1 1
51 4 1
51 6 1
51 9 1
51 11 1
51 12 1
51 16 1
51 18 1
51 19 1
51 20 1
51 22 1
51 27 1
51 30 1
51 31 1
51 32 1
51 33 1
51 36 1
51 39 1
51 41 1
51 43 1
51 44 1
51 46 1
51 47 1
51 48 1
51 50 1
52 0 1
52 5 1
52 6 1
52 7 1
52 10 1
52 14 1
52 21 1
52 24 1
52 26 1
52 27 1
52 29 1
52 30 1
52 31 1
52 34 1
52 37 1
52 41 1
52 42 1
52 45 1
52 47 1
52 48 1
52 49 1
53 0 1
53 3 1
53 5 1
53 6 1
53 7 1
53 9 1
53 11 1
53 12 1
53 13 1
53 14 1
53 16 1
53 17 1
53 18 1
53 20 1
53 21 1
53 24 1
53 25 1
53 26 1
53 27 1
53 29 1
53 30 1
53 31 1
53 33 1
53 37 1
53 38 1
53 39 1
53 41 1
53 43 1
53 44 1
53 46 1
53 47 1
53 48 1
53 50 1
53 51 1
53 52 1
54 0 1
54 2 1
54 3 1
54 5 1
54 6 1
54 7 1
54 9 1
54 12 1
54 13 1
54 14 1
54 16 1
54 17 1
54 18 1
54 23 1
54 25 1
54 27 1
54 29 1
54 30 1
54 31 1
54 34 1
54 37 1
54 38 1
54 39 1
54 42 1
54 44 1
54 45 1
54 47 1
54 48 1
54 49 1
54 50 1
54 51 1
54 52 1
55 7 1
55 8 1
55 10 1
55 11 1
55 12 1
55 14 1
55 16 1
55 17 1
55 19 1
55 21 1
55 23 1
55 26 1
55 27 1
55 28 1
55 29 1
55 30 1
55 32 1
55 34 1
55 35 1
55 36 1
55 41 1
55 43 1
55 49 1
55 52 1
55 54 1
56 0 1
56 3 1
56 6 1
56 12 1
56 16 1
56 19 1
56 20 1
56 21 1
56 22 1
56 23 1
56 25 1
56 27 1
56 29 1
56 30 1
56 32 1
56 33 1
56 35 1
56 36 1
56 37 1
56 38 1
56 40 1
56 41 1
56 43 1
56 44 1
56 48 1
56 49 1
56 50 1
56 51 1
57 0 1
57 1 1
57 3 1
57 5 1
57 6 1
57 7 1
57 8 1
57 16 1
57 18 1
57 22 1
57 24 1
57 26 1
57 27 1
57 28 1
57 30 1
57 31 1
57 33 1
57 34 1
57 36 1
57 37 1
57 40 1
57 41 1
57 43 1
57 44 1
57 46 1
57 51 1
57 53 1
57 54 1
57 55 1
57 56 1
58 1 1
58 6 1
58 7 1
58 8 1
58 9 1
58 10 1
58 11 1
58 17 1
58 20 1
58 22 1
58 23 1
58 27 1
58 29 1
58 36 1
58 41 1
58 42 1
58 50 1
58 51 1
58 53 1
58 55 1
59 0 1
59 3 1
59 4 1
59 5 1
59 7 1
59 9 1
59 11 1
59 12 1
59 13 1
59 15 1
59 19 1
59 20 1
59 24 1
59 26 1
59 27 1
59 29 1
59 30 1
59 31 1
59 34 1
59 35 1
59 36 1
59 38 1
59 42 1
59 45 1
59 46 1
59 50 1
59 51 1
59 53 1
59 54 1
59 55 1
59 57 1
