70
1 0 9
2 0 10
2 1 9
3 0 1
3 1 3
3 2 12
4 0 1
4 1 7
4 2 9
4 3 9
5 0 11
5 1 4
5 2 10
5 3 9
5 4 2
6 0 8
6 1 4
6 2 1
6 3 5
6 4 2
6 5 1
7 0 1
7 1 13
7 2 8
7 3 3
7 4 6
7 5 7
7 6 13
8 0 9
8 1 3
8 2 2
8 3 7
8 4 7
8 5 7
8 6 11
8 7 7
9 0 4
9 1 5
9 2 3
9 3 12
9 4 13
9 5 11
9 6 12
9 7 7
9 8 7
10 0 6
10 1 1
10 2 8
10 3 5
10 4 1
10 5 2
10 6 3
10 7 8
10 8 13
10 9 10
11 0 1
11 1 9
11 2 8
11 3 13
11 4 11
11 5 12
11 6 1
11 7 12
11 8 4
11 9 10
11 10 11
12 0 12
12 1 13
12 2 11
12 3 13
12 4 10
12 5 9
12 6 6
12 7 11
12 8 1
12 9 5
12 10 11
12 11 4
13 0 8
13 1 5
13 2 13
13 3 6
13 4 5
13 5 9
13 6 7
13 7 5
13 8 12
13 9 8
13 10 9
13 11 2
13 12 6
14 0 2
14 1 7
14 2 12
14 3 4
14 4 2
14 5 12
14 6 1
14 7 2
14 8 12
14 9 4
14 10 4
14 11 3
14 12 4
14 13 12
15 0 10
15 1 9
15 2 2
15 3 9
15 4 8
15 5 3
15 6 11
15 7 1
15 8 9
15 9 5
15 10 13
15 11 3
15 12 4
15 13 1
15 14 5
16 0 8
16 1 3
16 2 3
16 3 3
16 4 13
16 5 10
16 6 10
16 7 6
16 8 11
16 9 6
16 10 1
16 11 11
16 12 10
16 13 8
16 14 13
16 15 9
17 0 13
17 1 9
17 2 13
17 3 7
17 4 6
17 5 4
17 6 2
17 7 13
17 8 5
17 9 7
17 10 13
17 11 4
17 12 6
17 13 9
17 14 13
17 15 5
17 16 5
18 0 7
18 1 12
18 2 11
18 3 11
18 4 9
18 5 7
18 6 7
18 7 9
18 8 11
18 9 3
18 10 3
18 11 3
18 12 10
18 13 3
18 14 7
18 15 1
18 16 2
18 17 1
19 0 8
19 1 7
19 2 5
19 3 13
19 4 10
19 5 2
19 6 5
19 7 8
19 8 8
19 9 4
19 10 3
19 11 12
19 12 6
19 13 8
19 14 4
19 15 3
19 16 7
19 17 1
19 18 8
20 0 12
20 1 12
20 2 5
20 3 10
20 4 1
20 5 5
20 6 2
20 7 4
20 8 10
20 9 11
20 10 13
20 11 10
20 12 10
20 13 11
20 14 9
20 15 2
20 16 13
20 17 11
20 18 4
20 19 9
21 0 1
21 1 4
21 2 12
21 3 6
21 4 1
21 5 1
21 6 6
21 7 13
21 8 2
21 9 2
21 10 8
21 11 4
21 12 13
21 13 1
21 14 2
21 15 1
21 16 13
21 17 11
21 18 13
21 19 1
21 20 1
22 0 3
22 1 1
22 2 6
22 3 5
22 4 10
22 5 10
22 6 9
22 7 6
22 8 9
22 9 1
22 10 4
22 11 8
22 12 8
22 13 8
22 14 6
22 15 12
22 16 2
22 17 4
22 18 9
22 19 9
22 20 12
22 21 7
23 0 5
23 1 13
23 2 8
23 3 11
23 4 5
23 5 3
23 6 3
23 7 2
23 8 4
23 9 2
23 10 2
23 11 12
23 12 12
23 13 10
23 14 12
23 15 5
23 16 4
23 17 4
23 18 5
23 19 2
23 20 1
23 21 8
23 22 11
24 0 5
24 1 12
24 2 11
24 3 5
24 4 13
24 5 4
24 6 11
24 7 7
24 8 10
24 9 12
24 10 3
24 11 8
24 12 4
24 13 4
24 14 7
24 15 6
24 16 13
24 17 5
24 18 5
24 19 10
24 20 6
24 21 2
24 22 4
24 23 12
25 0 3
25 1 13
25 2 2
25 3 5
25 4 2
25 5 13
25 6 7
25 7 13
25 8 5
25 9 13
25 10 12
25 11 5
25 12 7
25 13 3
25 14 6
25 15 7
25 16 1
25 17 10
25 18 5
25 19 4
25 20 11
25 21 13
25 22 6
25 23 5
25 24 9
26 0 1
26 1 9
26 2 11
26 3 10
26 4 7
26 5 7
26 6 4
26 7 10
26 8 7
26 9 2
26 10 13
26 11 5
26 12 12
26 13 13
26 14 12
26 15 3
26 16 2
26 17 4
26 18 9
26 19 1
26 20 9
26 21 1
26 22 13
26 23 13
26 24 13
26 25 11
27 0 2
27 1 7
27 2 4
27 3 11
27 4 10
27 5 1
27 6 13
27 7 12
27 8 7
27 9 1
27 10 8
27 11 4
27 12 4
27 13 13
27 14 5
27 15 13
27 16 5
27 17 8
27 18 8
27 19 8
27 20 13
27 21 7
27 22 2
27 23 8
27 24 4
27 25 11
27 26 1
28 0 1
28 1 7
28 2 9
28 3 5
28 4 2
28 5 7
28 6 12
28 7 8
28 8 3
28 9 6
28 10 9
28 11 11
28 12 3
28 13 8
28 14 7
28 15 2
28 16 9
28 17 12
28 18 8
28 19 8
28 20 8
28 21 4
28 22 2
28 23 5
28 24 9
28 25 5
28 26 3
28 27 12
29 0 3
29 1 1
29 2 11
29 3 3
29 4 4
29 5 1
29 6 11
29 7 7
29 8 8
29 9 13
29 10 1
29 11 12
29 12 1
29 13 9
29 14 6
29 15 13
29 16 12
29 17 11
29 18 2
29 19 11
29 20 8
29 21 10
29 22 11
29 23 9
29 24 5
29 25 6
29 26 8
29 27 7
29 28 6
30 0 4
30 1 11
30 2 4
30 3 12
30 4 3
30 5 2
30 6 3
30 7 2
30 8 13
30 9 7
30 10 8
30 11 2
30 12 8
30 13 1
30 14 4
30 15 5
30 16 9
30 17 13
30 18 1
30 19 13
30 20 7
30 21 11
30 22 7
30 23 13
30 24 12
30 25 5
30 26 7
30 27 10
30 28 11
30 29 11
31 0 8
31 1 9
31 2 10
31 3 3
31 4 8
31 5 12
31 6 4
31 7 5
31 8 4
31 9 6
31 10 9
31 11 6
31 12 8
31 13 7
31 14 9
31 15 8
31 16 4
31 17 3
31 18 1
31 19 12
31 20 10
31 21 9
31 22 10
31 23 13
31 24 10
31 25 10
31 26 12
31 27 13
31 28 4
31 29 3
31 30 2
32 0 12
32 1 10
32 2 12
32 3 11
32 4 7
32 5 5
32 6 11
32 7 6
32 8 13
32 9 11
32 10 2
32 11 12
32 12 4
32 13 11
32 14 12
32 15 10
32 16 2
32 17 6
32 18 7
32 19 13
32 20 5
32 21 12
32 22 7
32 23 1
32 24 12
32 25 13
32 26 7
32 27 8
32 28 12
32 29 5
32 30 6
32 31 3
33 0 1
33 1 7
33 2 12
33 3 10
33 4 3
33 5 7
33 6 4
33 7 10
33 8 10
33 9 1
33 10 9
33 11 3
33 12 2
33 13 1
33 14 13
33 15 3
33 16 7
33 17 9
33 18 5
33 19 12
33 20 7
33 21 6
33 22 3
33 23 6
33 24 3
33 25 3
33 26 5
33 27 1
33 28 5
33 29 3
33 30 11
33 31 5
33 32 6
34 0 9
34 1 2
34 2 12
34 3 9
34 4 4
34 5 5
34 6 9
34 7 3
34 8 2
34 9 5
34 10 5
34 11 11
34 12 3
34 13 9
34 14 10
34 15 3
34 16 6
34 17 7
34 18 10
34 19 8
34 20 13
34 21 9
34 22 2
34 23 13
34 24 1
34 25 3
34 26 7
34 27 10
34 28 5
34 29 9
34 30 13
34 31 1
34 32 2
34 33 1
35 0 9
35 1 6
35 2 10
35 3 11
35 4 6
35 5 1
35 6 1
35 7 10
35 8 9
35 9 8
35 10 10
35 11 4
35 12 9
35 13 10
35 14 8
35 15 9
35 16 5
35 17 11
35 18 4
35 19 6
35 20 12
35 21 9
35 22 8
35 23 4
35 24 4
35 25 3
35 26 2
35 27 13
35 28 10
35 29 11
35 30 1
35 31 7
35 32 4
35 33 12
35 34 4
36 0 9
36 1 8
36 2 4
36 3 5
36 4 1
36 5 5
36 6 4
36 7 13
36 8 4
36 9 4
36 10 6
36 11 3
36 12 12
36 13 1
36 14 4
36 15 6
36 16 8
36 17 3
36 18 12
36 19 6
36 20 5
36 21 7
36 22 12
36 23 11
36 24 5
36 25 12
36 26 4
36 27 4
36 28 6
36 29 10
36 30 4
36 31 1
36 32 7
36 33 2
36 34 4
36 35 6
37 0 8
37 1 4
37 2 9
37 3 4
37 4 3
37 5 7
37 6 13
37 7 9
37 8 3
37 9 10
37 10 10
37 11 7
37 12 3
37 13 13
37 14 6
37 15 4
37 16 4
37 17 5
37 18 9
37 19 4
37 20 12
37 21 3
37 22 8
37 23 2
37 24 11
37 25 12
37 26 8
37 27 13
37 28 13
37 29 2
37 30 3
37 31 12
37 32 5
37 33 12
37 34 2
37 35 12
37 36 7
38 0 12
38 1 1
38 2 6
38 3 11
38 4 7
38 5 12
38 6 12
38 7 10
38 8 11
38 9 2
38 10 5
38 11 5
38 12 7
38 13 13
38 14 3
38 15 4
38 16 9
38 17 7
38 18 13
38 19 5
38 20 1
38 21 5
38 22 12
38 23 1
38 24 2
38 25 7
38 26 1
38 27 11
38 28 1
38 29 11
38 30 4
38 31 8
38 32 7
38 33 6
38 34 11
38 35 4
38 36 3
38 37 10
39 0 6
39 1 12
39 2 7
39 3 10
39 4 8
39 5 9
39 6 9
39 7 13
39 8 9
39 9 5
39 10 6
39 11 2
39 12 8
39 13 12
39 14 2
39 15 10
39 16 2
39 17 7
39 18 6
39 19 5
39 20 3
39 21 3
39 22 13
39 23 3
39 24 1
39 25 8
39 26 12
39 27 6
39 28 5
39 29 8
39 30 6
39 31 13
39 32 6
39 33 2
39 34 4
39 35 1
39 36 4
39 37 9
39 38 11
40 0 2
40 1 3
40 2 5
40 3 1
40 4 12
40 5 12
40 6 9
40 7 7
40 8 5
40 9 8
40 10 8
40 11 7
40 12 10
40 13 3
40 14 2
40 15 2
40 16 5
40 17 12
40 18 7
40 19 10
40 20 10
40 21 1
40 22 13
40 23 4
40 24 8
40 25 4
40 26 13
40 27 4
40 28 4
40 29 5
40 30 6
40 31 8
40 32 6
40 33 9
40 34 7
40 35 8
40 36 9
40 37 9
40 38 12
40 39 11
41 0 1
41 1 10
41 2 11
41 3 9
41 4 7
41 5 10
41 6 8
41 7 6
41 8 7
41 9 13
41 10 9
41 11 3
41 12 3
41 13 1
41 14 7
41 15 8
41 16 12
41 17 9
41 18 11
41 19 1
41 20 9
41 21 13
41 22 1
41 23 11
41 24 13
41 25 6
41 26 4
41 27 9
41 28 2
41 29 11
41 30 3
41 31 13
41 32 3
41 33 3
41 34 13
41 35 1
41 36 1
41 37 11
41 38 11
41 39 6
41 40 5
42 0 11
42 1 3
42 2 6
42 3 7
42 4 9
42 5 6
42 6 6
42 7 7
42 8 5
42 9 9
42 10 12
42 11 11
42 12 8
42 13 3
42 14 13
42 15 5
42 16 9
42 17 13
42 18 4
42 19 4
42 20 11
42 21 7
42 22 12
42 23 13
42 24 2
42 25 3
42 26 4
42 27 3
42 28 1
42 29 4
42 30 3
42 31 7
42 32 5
42 33 7
42 34 10
42 35 11
42 36 3
42 37 13
42 38 6
42 39 1
42 40 11
42 41 5
43 0 2
43 1 12
43 2 8
43 3 4
43 4 4
43 5 12
43 6 11
43 7 10
43 8 7
43 9 1
43 10 5
43 11 5
43 12 12
43 13 13
43 14 8
43 15 8
43 16 12
43 17 6
43 18 4
43 19 6
43 20 3
43 21 10
43 22 12
43 23 4
43 24 4
43 25 10
43 26 2
43 27 13
43 28 4
43 29 4
43 30 11
43 31 1
43 32 11
43 33 5
43 34 10
43 35 3
43 36 6
43 37 2
43 38 4
43 39 10
43 40 10
43 41 1
43 42 3
44 0 5
44 1 11
44 2 8
44 3 11
44 4 4
44 5 10
44 6 4
44 7 10
44 8 13
44 9 2
44 10 11
44 11 10
44 12 7
44 13 2
44 14 1
44 15 5
44 16 3
44 17 13
44 18 10
44 19 7
44 20 8
44 21 12
44 22 2
44 23 6
44 24 5
44 25 13
44 26 7
44 27 6
44 28 8
44 29 5
44 30 13
44 31 3
44 32 6
44 33 11
44 34 1
44 35 2
44 36 5
44 37 4
44 38 11
44 39 9
44 40 3
44 41 2
44 42 4
44 43 6
45 0 5
45 1 1
45 2 2
45 3 1
45 4 11
45 5 7
45 6 12
45 7 13
45 8 1
45 9 9
45 10 3
45 11 4
45 12 5
45 13 7
45 14 3
45 15 1
45 16 6
45 17 10
45 18 11
45 19 3
45 20 6
45 21 6
45 22 7
45 23 9
45 24 10
45 25 12
45 26 2
45 27 7
45 28 4
45 29 2
45 30 6
45 31 6
45 32 12
45 33 10
45 34 12
45 35 7
45 36 10
45 37 13
45 38 13
45 39 11
45 40 10
45 41 3
45 42 10
45 43 5
45 44 4
46 0 3
46 1 3
46 2 3
46 3 3
46 4 1
46 5 7
46 6 12
46 7 6
46 8 2
46 9 10
46 10 4
46 11 12
46 12 10
46 13 4
46 14 7
46 15 5
46 16 6
46 17 6
46 18 3
46 19 4
46 20 1
46 21 11
46 22 3
46 23 4
46 24 13
46 25 12
46 26 3
46 27 4
46 28 10
46 29 12
46 30 8
46 31 3
46 32 3
46 33 1
46 34 1
46 35 1
46 36 6
46 37 4
46 38 10
46 39 3
46 40 10
46 41 3
46 42 9
46 43 3
46 44 8
46 45 7
47 0 1
47 1 11
47 2 1
47 3 10
47 4 10
47 5 8
47 6 10
47 7 1
47 8 7
47 9 12
47 10 7
47 11 1
47 12 6
47 13 5
47 14 3
47 15 9
47 16 5
47 17 5
47 18 2
47 19 13
47 20 8
47 21 6
47 22 8
47 23 10
47 24 12
47 25 4
47 26 13
47 27 11
47 28 13
47 29 4
47 30 9
47 31 10
47 32 1
47 33 10
47 34 12
47 35 7
47 36 2
47 37 5
47 38 9
47 39 12
47 40 9
47 41 7
47 42 9
47 43 5
47 44 8
47 45 6
47 46 5
48 0 1
48 1 9
48 2 13
48 3 5
48 4 5
48 5 12
48 6 1
48 7 10
48 8 12
48 9 3
48 10 1
48 11 5
48 12 11
48 13 2
48 14 7
48 15 11
48 16 11
48 17 4
48 18 11
48 19 8
48 20 3
48 21 10
48 22 2
48 23 2
48 24 11
48 25 11
48 26 2
48 27 7
48 28 13
48 29 8
48 30 2
48 31 7
48 32 10
48 33 10
48 34 1
48 35 7
48 36 2
48 37 11
48 38 9
48 39 11
48 40 13
48 41 10
48 42 6
48 43 4
48 44 13
48 45 2
48 46 4
48 47 1
49 0 3
49 1 13
49 2 9
49 3 8
49 4 8
49 5 9
49 6 10
49 7 8
49 8 9
49 9 9
49 10 12
49 11 6
49 12 7
49 13 8
49 14 11
49 15 9
49 16 12
49 17 6
49 18 6
49 19 8
49 20 7
49 21 13
49 22 3
49 23 1
49 24 4
49 25 4
49 26 12
49 27 12
49 28 2
49 29 9
49 30 7
49 31 11
49 32 13
49 33 1
49 34 8
49 35 8
49 36 10
49 37 6
49 38 11
49 39 10
49 40 4
49 41 9
49 42 10
49 43 5
49 44 8
49 45 11
49 46 6
49 47 2
49 48 5
50 0 5
50 1 11
50 2 13
50 3 11
50 4 7
50 5 7
50 6 11
50 7 1
50 8 10
50 9 4
50 10 13
50 11 3
50 12 4
50 13 2
50 14 7
50 15 9
50 16 8
50 17 10
50 18 2
50 19 10
50 20 11
50 21 2
50 22 13
50 23 6
50 24 8
50 25 10
50 26 6
50 27 3
50 28 6
50 29 9
50 30 10
50 31 6
50 32 8
50 33 3
50 34 2
50 35 4
50 36 3
50 37 2
50 38 2
50 39 9
50 40 5
50 41 12
50 42 9
50 43 6
50 44 1
50 45 3
50 46 13
50 47 3
50 48 4
50 49 5
51 0 11
51 1 8
51 2 10
51 3 10
51 4 1
51 5 10
51 6 12
51 7 7
51 8 2
51 9 13
51 10 5
51 11 9
51 12 7
51 13 11
51 14 1
51 15 5
51 16 9
51 17 6
51 18 3
51 19 5
51 20 9
51 21 1
51 22 4
51 23 13
51 24 10
51 25 10
51 26 10
51 27 10
51 28 7
51 29 13
51 30 11
51 31 11
51 32 9
51 33 7
51 34 8
51 35 2
51 36 1
51 37 10
51 38 1
51 39 6
51 40 12
51 41 9
51 42 5
51 43 1
51 44 10
51 45 4
51 46 10
51 47 5
51 48 1
51 49 6
51 50 3
52 0 6
52 1 6
52 2 2
52 3 1
52 4 4
52 5 3
52 6 1
52 7 6
52 8 9
52 9 10
52 10 5
52 11 2
52 12 3
52 13 12
52 14 4
52 15 6
52 16 8
52 17 5
52 18 8
52 19 1
52 20 7
52 21 6
52 22 11
52 23 11
52 24 10
52 25 8
52 26 1
52 27 4
52 28 8
52 29 10
52 30 3
52 31 10
52 32 10
52 33 4
52 34 6
52 35 9
52 36 6
52 37 2
52 38 12
52 39 8
52 40 8
52 41 12
52 42 2
52 43 13
52 44 6
52 45 11
52 46 7
52 47 9
52 48 9
52 49 7
52 50 2
52 51 11
53 0 4
53 1 3
53 2 8
53 3 11
53 4 12
53 5 6
53 6 2
53 7 3
53 8 9
53 9 13
53 10 8
53 11 2
53 12 7
53 13 13
53 14 12
53 15 6
53 16 12
53 17 3
53 18 9
53 19 1
53 20 13
53 21 12
53 22 10
53 23 7
53 24 2
53 25 8
53 26 7
53 27 3
53 28 10
53 29 12
53 30 6
53 31 7
53 32 8
53 33 7
53 34 12
53 35 7
53 36 11
53 37 7
53 38 10
53 39 7
53 40 5
53 41 9
53 42 10
53 43 1
53 44 13
53 45 12
53 46 13
53 47 1
53 48 3
53 49 9
53 50 2
53 51 10
53 52 10
54 0 4
54 1 13
54 2 3
54 3 6
54 4 8
54 5 1
54 6 1
54 7 1
54 8 2
54 9 5
54 10 12
54 11 9
54 12 8
54 13 2
54 14 12
54 15 12
54 16 11
54 17 12
54 18 2
54 19 7
54 20 6
54 21 8
54 22 11
54 23 1
54 24 3
54 25 9
54 26 2
54 27 8
54 28 1
54 29 10
54 30 7
54 31 5
54 32 4
54 33 2
54 34 9
54 35 13
54 36 8
54 37 6
54 38 8
54 39 6
54 40 7
54 41 12
54 42 1
54 43 13
54 44 3
54 45 13
54 46 13
54 47 5
54 48 13
54 49 6
54 50 12
54 51 12
54 52 3
54 53 3
55 0 2
55 1 6
55 2 8
55 3 13
55 4 8
55 5 11
55 6 7
55 7 2
55 8 8
55 9 11
55 10 2
55 11 7
55 12 12
55 13 11
55 14 6
55 15 3
55 16 13
55 17 8
55 18 3
55 19 3
55 20 6
55 21 1
55 22 9
55 23 9
55 24 1
55 25 8
55 26 7
55 27 11
55 28 7
55 29 1
55 30 8
55 31 4
55 32 11
55 33 4
55 34 3
55 35 4
55 36 1
55 37 6
55 38 3
55 39 6
55 40 10
55 41 3
55 42 11
55 43 12
55 44 11
55 45 6
55 46 6
55 47 6
55 48 12
55 49 6
55 50 12
55 51 9
55 52 7
55 53 6
55 54 12
56 0 7
56 1 6
56 2 5
56 3 1
56 4 4
56 5 7
56 6 6
56 7 4
56 8 6
56 9 2
56 10 6
56 11 7
56 12 13
56 13 5
56 14 6
56 15 10
56 16 11
56 17 9
56 18 13
56 19 4
56 20 8
56 21 5
56 22 5
56 23 7
56 24 1
56 25 4
56 26 10
56 27 2
56 28 10
56 29 12
56 30 11
56 31 13
56 32 3
56 33 8
56 34 5
56 35 3
56 36 4
56 37 2
56 38 13
56 39 5
56 40 9
56 41 3
56 42 12
56 43 6
56 44 6
56 45 11
56 46 1
56 47 8
56 48 9
56 49 10
56 50 10
56 51 11
56 52 9
56 53 3
56 54 4
56 55 11
57 0 3
57 1 6
57 2 5
57 3 7
57 4 9
57 5 1
57 6 6
57 7 8
57 8 2
57 9 9
57 10 11
57 11 5
57 12 2
57 13 2
57 14 5
57 15 13
57 16 10
57 17 6
57 18 3
57 19 12
57 20 12
57 21 7
57 22 1
57 23 5
57 24 4
57 25 13
57 26 1
57 27 6
57 28 3
57 29 2
57 30 12
57 31 3
57 32 2
57 33 1
57 34 7
57 35 8
57 36 10
57 37 9
57 38 6
57 39 4
57 40 1
57 41 10
57 42 6
57 43 7
57 44 1
57 45 9
57 46 9
57 47 5
57 48 8
57 49 10
57 50 13
57 51 2
57 52 7
57 53 2
57 54 2
57 55 6
57 56 12
58 0 12
58 1 6
58 2 6
58 3 10
58 4 4
58 5 13
58 6 5
58 7 11
58 8 7
58 9 6
58 10 10
58 11 12
58 12 12
58 13 8
58 14 1
58 15 4
58 16 10
58 17 5
58 18 8
58 19 9
58 20 8
58 21 4
58 22 9
58 23 12
58 24 4
58 25 1
58 26 1
58 27 1
58 28 13
58 29 5
58 30 3
58 31 8
58 32 6
58 33 6
58 34 11
58 35 1
58 36 9
58 37 13
58 38 7
58 39 1
58 40 9
58 41 9
58 42 10
58 43 10
58 44 9
58 45 5
58 46 6
58 47 2
58 48 13
58 49 13
58 50 12
58 51 12
58 52 8
58 53 1
58 54 12
58 55 2
58 56 9
58 57 1
59 0 11
59 1 12
59 2 7
59 3 9
59 4 6
59 5 3
59 6 10
59 7 13
59 8 5
59 9 13
59 10 6
59 11 1
59 12 8
59 13 7
59 14 1
59 15 8
59 16 7
59 17 6
59 18 8
59 19 6
59 20 4
59 21 5
59 22 5
59 23 11
59 24 4
59 25 5
59 26 1
59 27 12
59 28 12
59 29 5
59 30 5
59 31 13
59 32 2
59 33 1
59 34 9
59 35 13
59 36 12
59 37 4
59 38 7
59 39 1
59 40 6
59 41 3
59 42 8
59 43 3
59 44 10
59 45 3
59 46 2
59 47 7
59 48 12
59 49 9
59 50 11
59 51 1
59 52 2
59 53 7
59 54 6
59 55 10
59 56 10
59 57 13
59 58 2
60 0 12
60 1 2
60 2 4
60 3 2
60 4 3
60 5 9
60 6 12
60 7 8
60 8 12
60 9 6
60 10 8
60 11 4
60 12 12
60 13 2
60 14 6
60 15 2
60 16 11
60 17 13
60 18 12
60 19 13
60 20 8
60 21 9
60 22 7
60 23 9
60 24 10
60 25 4
60 26 8
60 27 11
60 28 5
60 29 13
60 30 5
60 31 2
60 32 1
60 33 7
60 34 2
60 35 5
60 36 4
60 37 8
60 38 13
60 39 7
60 40 1
60 41 12
60 42 11
60 43 10
60 44 7
60 45 11
60 46 5
60 47 7
60 48 11
60 49 13
60 50 9
60 51 8
60 52 7
60 53 8
60 54 4
60 55 2
60 56 1
60 57 7
60 58 13
60 59 8
61 0 7
61 1 6
61 2 11
61 3 4
61 4 5
61 5 10
61 6 4
61 7 8
61 8 13
61 9 7
61 10 6
61 11 8
61 12 6
61 13 11
61 14 8
61 15 7
61 16 13
61 17 8
61 18 1
61 19 13
61 20 7
61 21 1
61 22 12
61 23 3
61 24 10
61 25 12
61 26 6
61 27 2
61 28 12
61 29 6
61 30 5
61 31 11
61 32 7
61 33 13
61 34 6
61 35 9
61 36 10
61 37 8
61 38 9
61 39 13
61 40 13
61 41 9
61 42 3
61 43 3
61 44 10
61 45 8
61 46 13
61 47 3
61 48 12
61 49 5
61 50 6
61 51 4
61 52 6
61 53 6
61 54 5
61 55 10
61 56 3
61 57 10
61 58 10
61 59 1
61 60 12
62 0 9
62 1 8
62 2 10
62 3 11
62 4 2
62 5 13
62 6 1
62 7 8
62 8 5
62 9 3
62 10 7
62 11 3
62 12 7
62 13 7
62 14 4
62 15 1
62 16 3
62 17 4
62 18 12
62 19 12
62 20 9
62 21 12
62 22 8
62 23 4
62 24 5
62 25 11
62 26 4
62 27 3
62 28 8
62 29 9
62 30 13
62 31 12
62 32 9
62 33 9
62 34 7
62 35 2
62 36 9
62 37 5
62 38 12
62 39 1
62 40 5
62 41 1
62 42 4
62 43 3
62 44 10
62 45 7
62 46 8
62 47 11
62 48 3
62 49 10
62 50 9
62 51 12
62 52 12
62 53 4
62 54 6
62 55 13
62 56 13
62 57 1
62 58 7
62 59 6
62 60 8
62 61 12
63 0 2
63 1 3
63 2 10
63 3 10
63 4 4
63 5 1
63 6 12
63 7 3
63 8 2
63 9 13
63 10 3
63 11 4
63 12 7
63 13 5
63 14 6
63 15 1
63 16 9
63 17 11
63 18 8
63 19 9
63 20 13
63 21 9
63 22 8
63 23 10
63 24 9
63 25 3
63 26 5
63 27 13
63 28 12
63 29 10
63 30 13
63 31 11
63 32 6
63 33 1
63 34 9
63 35 9
63 36 9
63 37 6
63 38 2
63 39 5
63 40 3
63 41 6
63 42 4
63 43 12
63 44 5
63 45 12
63 46 5
63 47 12
63 48 6
63 49 13
63 50 10
63 51 3
63 52 11
63 53 12
63 54 1
63 55 9
63 56 2
63 57 10
63 58 13
63 59 4
63 60 5
63 61 3
63 62 7
64 0 5
64 1 13
64 2 5
64 3 1
64 4 6
64 5 6
64 6 7
64 7 12
64 8 11
64 9 13
64 10 12
64 11 3
64 12 11
64 13 5
64 14 5
64 15 9
64 16 8
64 17 4
64 18 2
64 19 4
64 20 4
64 21 8
64 22 2
64 23 8
64 24 10
64 25 13
64 26 2
64 27 5
64 28 5
64 29 7
64 30 12
64 31 13
64 32 6
64 33 12
64 34 6
64 35 10
64 36 6
64 37 7
64 38 11
64 39 9
64 40 8
64 41 7
64 42 2
64 43 1
64 44 6
64 45 4
64 46 13
64 47 13
64 48 1
64 49 3
64 50 6
64 51 2
64 52 8
64 53 2
64 54 9
64 55 2
64 56 7
64 57 1
64 58 7
64 59 3
64 60 5
64 61 1
64 62 11
64 63 4
65 0 2
65 1 7
65 2 2
65 3 1
65 4 13
65 5 8
65 6 2
65 7 13
65 8 13
65 9 13
65 10 2
65 11 1
65 12 1
65 13 1
65 14 6
65 15 13
65 16 10
65 17 3
65 18 9
65 19 1
65 20 5
65 21 1
65 22 5
65 23 3
65 24 8
65 25 4
65 26 12
65 27 12
65 28 13
65 29 5
65 30 11
65 31 5
65 32 5
65 33 3
65 34 7
65 35 7
65 36 12
65 37 10
65 38 3
65 39 2
65 40 13
65 41 11
65 42 12
65 43 9
65 44 5
65 45 6
65 46 7
65 47 13
65 48 8
65 49 9
65 50 6
65 51 1
65 52 6
65 53 8
65 54 10
65 55 12
65 56 7
65 57 5
65 58 7
65 59 13
65 60 6
65 61 9
65 62 9
65 63 1
65 64 1
66 0 13
66 1 1
66 2 1
66 3 4
66 4 3
66 5 11
66 6 2
66 7 5
66 8 4
66 9 4
66 10 3
66 11 7
66 12 5
66 13 5
66 14 11
66 15 11
66 16 11
66 17 2
66 18 12
66 19 12
66 20 8
66 21 8
66 22 13
66 23 7
66 24 8
66 25 4
66 26 4
66 27 5
66 28 9
66 29 7
66 30 10
66 31 7
66 32 12
66 33 3
66 34 7
66 35 11
66 36 8
66 37 10
66 38 8
66 39 12
66 40 10
66 41 4
66 42 2
66 43 13
66 44 4
66 45 4
66 46 12
66 47 12
66 48 3
66 49 11
66 50 2
66 51 4
66 52 2
66 53 2
66 54 2
66 55 7
66 56 12
66 57 3
66 58 12
66 59 7
66 60 11
66 61 6
66 62 13
66 63 4
66 64 7
66 65 10
67 0 11
67 1 6
67 2 8
67 3 6
67 4 13
67 5 11
67 6 13
67 7 7
67 8 10
67 9 6
67 10 10
67 11 6
67 12 2
67 13 3
67 14 13
67 15 12
67 16 3
67 17 5
67 18 12
67 19 12
67 20 10
67 21 2
67 22 11
67 23 11
67 24 12
67 25 1
67 26 8
67 27 8
67 28 6
67 29 12
67 30 3
67 31 2
67 32 10
67 33 2
67 34 10
67 35 13
67 36 11
67 37 12
67 38 12
67 39 4
67 40 13
67 41 13
67 42 6
67 43 2
67 44 6
67 45 6
67 46 5
67 47 5
67 48 12
67 49 13
67 50 6
67 51 6
67 52 13
67 53 4
67 54 2
67 55 8
67 56 4
67 57 4
67 58 4
67 59 12
67 60 10
67 61 12
67 62 9
67 63 11
67 64 13
67 65 1
67 66 13
68 0 5
68 1 4
68 2 5
68 3 9
68 4 8
68 5 7
68 6 7
68 7 2
68 8 5
68 9 4
68 10 13
68 11 1
68 12 5
68 13 10
68 14 1
68 15 12
68 16 8
68 17 5
68 18 8
68 19 13
68 20 2
68 21 1
68 22 4
68 23 1
68 24 6
68 25 8
68 26 9
68 27 2
68 28 3
68 29 10
68 30 6
68 31 8
68 32 10
68 33 10
68 34 11
68 35 6
68 36 12
68 37 10
68 38 12
68 39 9
68 40 12
68 41 2
68 42 3
68 43 8
68 44 5
68 45 7
68 46 7
68 47 13
68 48 13
68 49 4
68 50 9
68 51 11
68 52 13
68 53 11
68 54 4
68 55 7
68 56 4
68 57 4
68 58 6
68 59 1
68 60 2
68 61 3
68 62 4
68 63 13
68 64 1
68 65 9
68 66 4
68 67 3
69 0 1
69 1 3
69 2 1
69 3 5
69 4 4
69 5 6
69 6 2
69 7 10
69 8 2
69 9 8
69 10 1
69 11 9
69 12 2
69 13 1
69 14 7
69 15 3
69 16 7
69 17 1
69 18 3
69 19 13
69 20 13
69 21 1
69 22 1
69 23 5
69 24 1
69 25 11
69 26 7
69 27 11
69 28 4
69 29 10
69 30 9
69 31 10
69 32 4
69 33 4
69 34 8
69 35 9
69 36 5
69 37 8
69 38 7
69 39 2
69 40 3
69 41 3
69 42 1
69 43 10
69 44 6
69 45 9
69 46 5
69 47 9
69 48 1
69 49 8
69 50 12
69 51 1
69 52 11
69 53 10
69 54 13
69 55 9
69 56 2
69 57 8
69 58 8
69 59 10
69 60 10
69 61 8
69 62 2
69 63 11
69 64 13
69 65 2
69 66 11
69 67 8
69 68 10
