30
1 0 4
2 0 2
2 1 3
3 0 2
3 1 5
3 2 1
4 0 5
4 1 6
4 2 4
4 3 1
5 0 2
5 1 4
5 2 3
5 3 3
5 4 1
6 0 5
6 1 3
6 2 6
6 3 6
6 4 6
6 5 1
7 0 5
7 1 4
7 2 5
7 3 4
7 4 3
7 5 6
7 6 5
8 0 1
8 1 2
8 2 1
8 3 2
8 4 5
8 5 4
8 6 5
8 7 2
9 0 1
9 1 1
9 2 1
9 3 6
9 4 2
9 5 5
9 6 1
9 7 4
9 8 4
10 0 6
10 1 1
10 2 3
10 3 2
10 4 1
10 5 1
10 6 4
10 7 4
10 8 2
10 9 6
11 0 4
11 1 1
11 2 5
11 3 3
11 4 3
11 5 1
11 6 2
11 7 1
11 8 5
11 9 3
11 10 5
12 0 4
12 1 3
12 2 6
12 3 4
12 4 2
12 5 1
12 6 4
12 7 1
12 8 6
12 9 2
12 10 3
12 11 2
13 0 2
13 1 2
13 2 5
13 3 3
13 4 3
13 5 2
13 6 5
13 7 6
13 8 4
13 9 5
13 10 5
13 11 2
13 12 1
14 0 4
14 1 1
14 2 6
14 3 1
14 4 4
14 5 3
14 6 6
14 7 6
14 8 3
14 9 4
14 10 3
14 11 3
14 12 4
14 13 6
15 0 1
15 1 6
15 2 5
15 3 1
15 4 3
15 5 5
15 6 6
15 7 3
15 8 5
15 9 4
15 10 3
15 11 2
15 12 2
15 13 2
15 14 6
16 0 1
16 1 2
16 2 5
16 3 2
16 4 2
16 5 4
16 6 3
16 7 3
16 8 1
16 9 5
16 10 1
16 11 4
16 12 6
16 13 4
16 14 1
16 15 6
17 0 2
17 1 6
17 2 5
17 3 2
17 4 4
17 5 6
17 6 4
17 7 1
17 8 6
17 9 6
17 10 4
17 11 6
17 12 1
17 13 3
17 14 3
17 15 1
17 16 4
18 0 5
18 1 2
18 2 1
18 3 2
18 4 6
18 5 1
18 6 4
18 7 2
18 8 3
18 9 2
18 10 5
18 11 2
18 12 5
18 13 4
18 14 5
18 15 6
18 16 5
18 17 3
19 0 4
19 1 3
19 2 5
19 3 6
19 4 3
19 5 6
19 6 3
19 7 5
19 8 5
19 9 1
19 10 1
19 11 6
19 12 1
19 13 4
19 14 4
19 15 6
19 16 1
19 17 3
19 18 5
20 0 4
20 1 2
20 2 2
20 3 3
20 4 3
20 5 5
20 6 2
20 7 4
20 8 3
20 9 2
20 10 4
20 11 5
20 12 2
20 13 3
20 14 6
20 15 1
20 16 3
20 17 5
20 18 4
20 19 5
21 0 6
21 1 1
21 2 6
21 3 2
21 4 5
21 5 1
21 6 3
21 7 4
21 8 5
21 9 1
21 10 4
21 11 2
21 12 3
21 13 1
21 14 6
21 15 5
21 16 5
21 17 3
21 18 5
21 19 3
21 20 6
22 0 4
22 1 2
22 2 6
22 3 3
22 4 3
22 5 1
22 6 5
22 7 3
22 8 4
22 9 1
22 10 3
22 11 5
22 12 1
22 13 6
22 14 3
22 15 1
22 16 6
22 17 2
22 18 3
22 19 1
22 20 2
22 21 5
23 0 6
23 1 3
23 2 2
23 3 5
23 4 1
23 5 1
23 6 2
23 7 4
23 8 5
23 9 3
23 10 3
23 11 4
23 12 3
23 13 1
23 14 1
23 15 2
23 16 5
23 17 5
23 18 3
23 19 2
23 20 2
23 21 4
23 22 1
24 0 5
24 1 4
24 2 2
24 3 4
24 4 6
24 5 4
24 6 3
24 7 5
24 8 4
24 9 4
24 10 6
24 11 5
24 12 6
24 13 6
24 14 2
24 15 6
24 16 3
24 17 3
24 18 4
24 19 3
24 20 2
24 21 1
24 22 6
24 23 4
25 0 6
25 1 3
25 2 3
25 3 2
25 4 5
25 5 4
25 6 6
25 7 4
25 8 3
25 9 4
25 10 4
25 11 1
25 12 4
25 13 5
25 14 1
25 15 1
25 16 3
25 17 1
25 18 2
25 19 1
25 20 2
25 21 4
25 22 3
25 23 4
25 24 1
26 0 1
26 1 1
26 2 4
26 3 3
26 4 1
26 5 3
26 6 3
26 7 3
26 8 4
26 9 1
26 10 4
26 11 6
26 12 1
26 13 2
26 14 4
26 15 2
26 16 3
26 17 2
26 18 2
26 19 5
26 20 1
26 21 4
26 22 1
26 23 2
26 24 5
26 25 2
27 0 3
27 1 1
27 2 1
27 3 5
27 4 5
27 5 4
27 6 1
27 7 3
27 8 1
27 9 5
27 10 3
27 11 6
27 12 6
27 13 3
27 14 3
27 15 2
27 16 1
27 17 2
27 18 3
27 19 3
27 20 2
27 21 3
27 22 6
27 23 4
27 24 5
27 25 2
27 26 4
28 0 5
28 1 5
28 2 3
28 3 1
28 4 1
28 5 2
28 6 3
28 7 1
28 8 1
28 9 3
28 10 3
28 11 1
28 12 1
28 13 2
28 14 1
28 15 5
28 16 2
28 17 1
28 18 5
28 19 6
28 20 5
28 21 4
28 22 2
28 23 6
28 24 6
28 25 5
28 26 1
28 27 3
29 0 3
29 1 6
29 2 2
29 3 3
29 4 6
29 5 5
29 6 3
29 7 6
29 8 6
29 9 6
29 10 3
29 11 1
29 12 1
29 13 2
29 14 5
29 15 6
29 16 4
29 17 5
29 18 3
29 19 5
29 20 1
29 21 4
29 22 6
29 23 2
29 24 6
29 25 5
29 26 6
29 27 1
29 28 5
