40
2 0 1
2 1 3
3 0 1
3 1 1
4 0 3
4 1 3
4 3 3
5 0 2
5 4 1
6 0 3
6 1 1
6 2 2
6 5 1
7 0 1
7 1 2
7 4 1
7 6 3
8 0 1
8 2 3
8 3 3
8 5 1
8 7 3
9 0 3
9 2 1
9 4 1
9 5 1
9 8 3
10 0 3
10 1 1
10 2 1
10 4 3
10 6 2
10 7 2
10 9 1
11 1 1
11 6 2
11 8 2
11 9 3
12 0 3
12 3 1
12 5 2
12 6 1
12 7 1
12 8 1
12 9 2
12 10 1
12 11 3
13 6 2
13 12 1
14 4 2
14 5 2
14 6 1
14 7 3
14 8 2
14 9 3
14 11 2
14 13 2
15 0 1
15 2 1
15 3 3
15 5 1
15 7 3
15 8 2
15 14 3
16 1 3
16 2 2
16 5 1
16 7 1
16 8 1
16 9 2
16 11 2
16 12 1
16 13 2
17 0 3
17 1 2
17 2 2
17 4 3
17 5 2
17 8 3
17 11 1
17 12 2
17 14 1
17 15 1
17 16 3
18 0 3
18 2 3
18 3 2
18 4 3
18 6 1
18 9 2
18 13 3
18 14 3
18 16 3
19 0 3
19 2 1
19 4 2
19 5 2
19 8 3
19 11 1
19 14 3
19 17 2
20 0 3
20 2 2
20 3 2
20 4 1
20 5 1
20 6 3
20 7 3
20 10 2
20 11 3
20 12 3
20 13 2
20 15 3
20 16 3
20 19 1
21 2 3
21 4 3
21 6 1
21 9 2
21 11 3
21 13 3
21 18 1
21 19 3
22 0 2
22 1 1
22 3 3
22 5 2
22 7 2
22 12 3
22 17 3
22 21 2
23 0 3
23 2 1
23 3 3
23 4 1
23 5 3
23 6 2
23 7 1
23 8 3
23 10 3
23 13 3
23 14 2
23 16 2
23 19 3
23 21 1
23 22 1
24 4 2
24 6 3
24 11 3
24 12 3
24 17 2
24 18 3
24 19 2
24 20 2
24 22 2
24 23 2
25 1 3
25 2 3
25 4 3
25 8 2
25 10 3
25 16 1
25 17 3
25 18 2
25 22 1
25 24 1
26 0 1
26 5 1
26 6 3
26 7 3
26 9 2
26 11 2
26 12 1
26 13 1
26 14 3
26 16 1
26 17 1
26 19 1
26 20 2
27 0 3
27 2 1
27 4 2
27 6 2
27 10 2
27 11 2
27 12 2
27 13 3
27 14 2
27 15 3
27 18 1
27 21 1
27 22 2
27 26 2
28 0 1
28 3 1
28 5 1
28 6 3
28 8 1
28 10 1
28 11 2
28 13 1
28 14 2
28 15 1
28 17 2
28 20 2
29 0 3
29 2 2
29 3 3
29 5 3
29 6 1
29 7 2
29 8 2
29 9 2
29 10 3
29 11 1
29 13 3
29 14 1
29 15 1
29 18 2
29 22 3
29 23 2
29 24 1
29 25 1
29 26 1
29 27 3
29 28 2
30 0 2
30 1 1
30 4 2
30 5 2
30 6 3
30 9 3
30 14 2
30 19 3
30 21 2
30 22 3
30 23 1
30 26 1
30 28 2
31 0 2
31 2 3
31 4 1
31 6 2
31 7 3
31 8 3
31 9 2
31 12 2
31 13 2
31 18 3
31 19 1
31 20 2
31 21 3
31 24 2
31 25 1
32 2 1
32 6 2
32 7 2
32 9 2
32 23 1
32 25 2
32 26 2
32 28 1
32 29 3
32 30 2
32 31 2
33 0 1
33 4 2
33 5 2
33 9 2
33 11 3
33 14 3
33 15 2
33 16 2
33 19 1
33 21 1
33 23 3
33 25 3
33 30 3
34 1 1
34 2 2
34 5 2
34 7 1
34 8 1
34 9 2
34 10 3
34 15 1
34 19 1
34 20 2
34 24 2
34 25 2
34 26 1
34 27 2
34 29 2
34 30 2
35 0 2
35 1 2
35 6 3
35 7 1
35 8 1
35 10 3
35 12 1
35 13 2
35 14 3
35 17 3
35 20 3
35 21 3
35 22 2
35 25 2
35 26 3
35 27 2
36 0 1
36 3 3
36 5 1
36 6 2
36 7 3
36 9 3
36 14 2
36 18 1
36 19 1
36 22 2
36 26 2
36 27 3
36 28 3
36 29 2
36 32 3
37 2 1
37 3 3
37 4 1
37 5 2
37 6 1
37 7 1
37 12 3
37 15 2
37 16 3
37 19 1
37 20 1
37 21 2
37 22 1
37 23 2
37 28 1
37 29 3
37 30 3
37 36 3
38 0 3
38 1 2
38 3 3
38 5 1
38 6 2
38 10 2
38 12 1
38 14 1
38 15 2
38 23 2
38 26 1
38 27 2
38 30 3
38 31 2
38 32 2
38 33 2
38 36 2
39 0 1
39 1 2
39 5 2
39 6 1
39 7 1
39 10 1
39 15 1
39 18 2
39 20 3
39 21 2
39 24 1
39 31 1
39 33 1
39 34 2
39 35 2
39 37 1
