20
1 0 4
2 0 4
2 1 1
3 0 2
3 1 3
3 2 3
4 0 2
4 1 5
4 2 3
4 3 1
5 0 1
5 1 2
5 2 4
5 3 5
5 4 3
6 0 1
6 1 2
6 2 4
6 3 5
6 4 2
6 5 3
7 0 5
7 1 4
7 2 2
7 3 5
7 4 4
7 5 4
7 6 5
8 0 1
8 1 2
8 2 1
8 3 5
8 4 5
8 5 2
8 6 2
8 7 4
9 0 2
9 1 3
9 2 3
9 3 1
9 4 5
9 5 1
9 6 3
9 7 5
9 8 3
10 0 3
10 1 4
10 2 3
10 3 3
10 4 1
10 5 3
10 6 4
10 7 4
10 8 5
10 9 4
11 0 4
11 1 1
11 2 3
11 3 5
11 4 3
11 5 4
11 6 2
11 7 2
11 8 3
11 9 2
11 10 4
12 0 1
12 1 2
12 2 2
12 3 2
12 4 4
12 5 4
12 6 3
12 7 4
12 8 1
12 9 1
12 10 3
12 11 5
13 0 5
13 1 3
13 2 2
13 3 4
13 4 1
13 5 5
13 6 3
13 7 1
13 8 1
13 9 3
13 10 1
13 11 5
13 12 5
14 0 3
14 1 1
14 2 5
14 3 4
14 4 5
14 5 1
14 6 3
14 7 5
14 8 3
14 9 5
14 10 1
14 11 5
14 12 3
14 13 2
15 0 1
15 1 3
15 2 4
15 3 5
15 4 4
15 5 5
15 6 2
15 7 2
15 8 2
15 9 1
15 10 1
15 11 5
15 12 4
15 13 2
15 14 1
16 0 1
16 1 2
16 2 5
16 3 2
16 4 4
16 5 2
16 6 2
16 7 3
16 8 4
16 9 5
16 10 2
16 11 1
16 12 1
16 13 3
16 14 2
16 15 2
17 0 3
17 1 2
17 2 3
17 3 4
17 4 3
17 5 1
17 6 3
17 7 5
17 8 3
17 9 2
17 10 4
17 11 1
17 12 5
17 13 3
17 14 1
17 15 5
17 16 4
18 0 4
18 1 5
18 2 5
18 3 1
18 4 3
18 5 4
18 6 3
18 7 3
18 8 5
18 9 1
18 10 4
18 11 2
18 12 2
18 13 1
18 14 5
18 15 5
18 16 5
18 17 3
19 0 4
19 1 2
19 2 1
19 3 1
19 4 1
19 5 1
19 6 2
19 7 4
19 8 1
19 9 4
19 10 2
19 11 5
19 12 1
19 13 2
19 14 3
19 15 2
19 16 1
19 17 1
19 18 4
