20
2 0 6
3 0 1
3 1 10
4 1 4
4 3 11
6 0 10
7 2 5
7 3 8
8 0 11
8 3 7
8 4 2
8 5 10
8 6 10
8 7 13
9 2 5
9 4 1
9 5 5
9 7 3
9 8 3
10 1 5
10 6 13
10 7 4
10 9 1
11 1 13
11 4 3
11 7 12
11 8 1
11 9 7
12 1 6
12 2 1
12 4 13
12 6 9
12 7 7
12 9 1
13 0 13
13 5 10
13 6 8
13 8 7
13 9 12
14 0 13
14 3 11
14 4 10
14 8 7
14 10 1
14 11 5
14 12 12
15 1 4
15 4 12
15 6 10
15 7 1
15 8 13
15 11 11
15 14 7
16 0 13
16 1 3
16 2 7
16 3 1
16 4 3
16 5 3
16 7 9
16 8 1
16 9 2
16 11 6
16 12 9
17 6 5
17 8 11
17 9 11
18 3 12
18 4 12
18 8 11
18 9 7
18 11 2
18 13 3
19 0 8
19 3 3
19 4 2
19 7 1
19 10 2
19 11 5
19 16 2
19 18 2
