60
1 0 9
2 0 1
3 2 6
4 0 10
4 3 4
5 0 6
5 2 7
5 3 10
6 2 2
6 3 7
7 2 1
7 3 8
7 4 6
7 6 5
8 0 5
9 0 3
9 1 4
9 6 5
9 7 7
9 8 10
10 1 5
10 2 6
10 3 7
10 7 5
10 9 1
11 1 4
11 5 4
11 6 4
11 10 10
12 3 8
12 4 6
12 9 1
12 10 10
12 11 9
13 1 7
13 4 2
13 5 5
13 6 5
13 8 2
13 11 10
13 12 5
14 3 2
14 4 9
14 5 5
14 11 5
14 13 6
15 1 9
15 6 3
15 7 7
15 8 1
15 9 6
15 10 7
15 11 6
15 13 8
15 14 6
16 0 4
16 3 2
16 8 8
16 10 4
16 11 2
16 12 5
16 15 8
17 0 1
17 5 1
17 8 4
17 9 8
17 10 9
17 11 10
17 13 4
17 14 5
17 16 9
18 0 6
18 5 8
18 6 7
18 7 3
18 11 8
18 14 7
19 1 2
19 5 7
19 6 6
19 7 3
19 11 2
19 12 1
19 17 10
19 18 10
20 1 7
20 2 5
20 3 1
20 4 9
20 5 9
20 8 4
20 9 9
20 10 6
20 12 4
20 13 2
20 14 6
20 19 10
21 2 2
21 3 3
21 4 1
21 7 10
21 8 5
21 9 10
21 12 5
21 14 9
21 15 2
21 17 1
22 1 2
22 2 1
22 3 1
22 5 4
22 8 3
22 9 10
22 12 8
22 14 4
22 15 4
22 16 6
22 18 1
23 1 2
23 2 6
23 4 4
23 8 6
23 12 6
23 14 3
23 18 9
23 22 10
24 0 2
24 3 5
24 4 5
24 5 5
24 8 1
24 10 2
24 13 2
24 15 8
24 18 7
24 19 10
24 22 3
24 23 8
25 0 3
25 1 10
25 3 6
25 4 1
25 6 1
25 7 1
25 11 6
25 12 6
25 13 9
25 16 3
25 20 4
25 21 10
25 24 8
26 0 1
26 1 5
26 2 3
26 3 6
26 5 10
26 6 8
26 10 3
26 12 7
26 14 1
26 17 3
26 23 1
26 25 9
27 5 2
27 7 3
27 8 2
27 9 9
27 16 10
27 17 9
27 18 7
27 20 5
27 23 9
27 24 6
27 26 8
28 0 4
28 1 1
28 5 3
28 6 9
28 7 8
28 10 10
28 12 8
28 14 3
28 16 3
28 17 7
28 18 5
28 19 3
28 20 4
28 22 3
28 25 9
28 26 8
28 27 4
29 1 3
29 5 5
29 6 3
29 7 3
29 12 1
29 13 8
29 14 8
29 15 1
29 16 4
29 20 2
29 23 4
29 27 8
29 28 6
30 0 2
30 1 9
30 2 10
30 4 4
30 6 1
30 9 1
30 10 7
30 11 6
30 13 8
30 18 4
30 19 8
30 20 10
30 26 10
30 27 9
30 28 9
31 0 3
31 1 9
31 8 9
31 11 3
31 12 4
31 14 10
31 17 9
31 18 10
31 19 2
31 20 4
31 22 10
31 23 9
31 25 5
31 26 6
31 27 8
31 28 10
32 0 1
32 2 5
32 4 9
32 6 5
32 8 8
32 10 10
32 18 9
32 19 2
32 22 9
32 23 3
32 24 9
32 25 1
32 27 1
33 0 9
33 2 3
33 3 3
33 6 2
33 7 6
33 8 3
33 10 6
33 12 7
33 13 1
33 17 5
33 18 5
33 20 3
33 22 8
33 23 1
33 26 3
33 28 6
33 30 3
33 31 9
33 32 5
34 1 1
34 3 2
34 6 7
34 7 10
34 8 4
34 9 4
34 11 4
34 12 2
34 13 6
34 15 8
34 16 1
34 17 5
34 18 8
34 23 8
34 25 8
34 29 6
34 31 2
34 32 2
34 33 4
35 0 5
35 2 4
35 3 10
35 4 7
35 5 6
35 6 10
35 7 6
35 12 1
35 13 3
35 15 1
35 16 9
35 17 3
35 19 5
35 22 2
35 23 5
35 25 3
35 29 4
35 32 10
36 0 7
36 6 2
36 8 6
36 9 7
36 11 5
36 12 6
36 22 5
36 23 7
36 24 9
36 27 5
36 28 8
36 31 4
36 32 8
36 33 5
36 34 6
37 3 8
37 4 3
37 5 8
37 6 1
37 10 10
37 12 1
37 13 6
37 14 7
37 15 7
37 18 9
37 20 8
37 21 7
37 22 3
37 24 3
37 25 10
37 27 2
37 29 5
37 31 3
37 32 10
37 33 5
37 34 1
38 1 5
38 2 4
38 4 2
38 8 7
38 11 8
38 12 4
38 14 10
38 15 6
38 16 9
38 18 8
38 20 8
38 22 3
38 24 7
38 27 2
38 28 8
38 29 7
38 31 8
38 33 6
39 0 2
39 1 4
39 2 5
39 3 1
39 4 3
39 5 3
39 7 5
39 9 7
39 10 7
39 11 4
39 12 2
39 15 5
39 16 5
39 21 3
39 23 4
39 24 8
39 26 5
39 27 3
39 33 6
39 35 2
39 36 7
39 37 10
39 38 10
40 1 3
40 2 7
40 4 3
40 5 7
40 7 5
40 9 5
40 10 5
40 11 9
40 13 6
40 14 6
40 15 7
40 16 5
40 17 4
40 20 2
40 21 3
40 22 8
40 23 10
40 25 10
40 27 9
40 28 2
40 29 6
40 30 4
40 33 1
40 34 5
40 37 2
40 38 9
40 39 5
41 0 5
41 1 8
41 2 7
41 5 1
41 6 10
41 7 3
41 8 4
41 10 3
41 12 3
41 14 6
41 17 10
41 18 6
41 19 5
41 21 5
41 23 6
41 24 2
41 25 5
41 26 8
41 29 2
41 30 6
41 34 6
41 35 1
41 36 4
41 38 8
42 2 10
42 6 3
42 8 2
42 9 7
42 10 3
42 12 6
42 13 8
42 14 4
42 15 4
42 19 8
42 20 4
42 23 9
42 26 5
42 28 6
42 30 1
42 31 6
42 35 3
42 38 5
43 0 10
43 1 6
43 5 5
43 6 3
43 7 6
43 9 7
43 13 1
43 16 2
43 17 6
43 19 2
43 20 2
43 21 3
43 22 2
43 23 1
43 27 2
43 29 3
43 31 8
43 34 3
43 36 1
43 39 10
43 40 1
44 0 10
44 3 1
44 4 5
44 5 5
44 6 1
44 7 7
44 8 10
44 12 4
44 14 6
44 16 3
44 17 6
44 18 2
44 19 5
44 20 3
44 23 8
44 24 8
44 25 3
44 28 7
44 30 1
44 31 10
44 33 4
44 35 1
44 36 1
44 39 9
44 43 10
45 1 9
45 3 7
45 5 1
45 6 10
45 7 1
45 8 2
45 9 9
45 10 9
45 11 7
45 13 8
45 14 3
45 17 4
45 19 10
45 20 1
45 21 9
45 23 1
45 29 1
45 31 1
45 33 8
45 37 1
45 41 10
45 42 5
45 43 2
45 44 3
46 2 1
46 3 7
46 9 4
46 11 3
46 12 3
46 13 2
46 14 3
46 15 5
46 16 8
46 19 7
46 22 3
46 23 7
46 28 10
46 30 9
46 31 10
46 33 6
46 34 8
46 35 6
46 36 10
46 38 2
46 39 2
46 40 3
46 41 6
46 42 10
47 3 1
47 4 6
47 6 8
47 9 5
47 18 4
47 20 3
47 21 3
47 28 1
47 29 1
47 32 1
47 36 4
47 37 9
47 40 8
47 41 8
47 42 4
47 43 3
47 45 6
47 46 4
48 0 10
48 3 6
48 5 10
48 6 3
48 7 6
48 12 2
48 14 3
48 15 1
48 17 5
48 18 3
48 19 10
48 20 7
48 22 5
48 23 4
48 24 10
48 25 7
48 30 8
48 34 6
48 36 8
48 40 7
48 41 3
48 42 3
48 43 5
48 44 4
48 47 4
49 0 6
49 3 4
49 5 5
49 11 8
49 12 6
49 13 1
49 14 3
49 16 2
49 18 3
49 21 1
49 33 8
49 36 2
49 37 6
49 38 2
49 39 6
49 40 8
49 42 9
49 43 2
49 46 2
49 47 10
49 48 10
50 0 6
50 2 4
50 5 1
50 6 7
50 10 7
50 13 1
50 16 7
50 18 1
50 22 8
50 24 2
50 27 10
50 44 10
50 46 4
50 47 2
50 48 6
51 0 8
51 4 10
51 5 6
51 6 7
51 9 5
51 10 3
51 14 9
51 16 9
51 17 1
51 19 2
51 20 8
51 23 4
51 26 6
51 27 7
51 28 5
51 30 4
51 31 2
51 33 8
51 35 2
51 36 7
51 38 10
51 39 6
51 41 4
51 43 8
51 45 7
51 46 7
51 47 4
51 49 2
51 50 4
52 0 1
52 4 6
52 7 3
52 10 5
52 11 1
52 13 4
52 15 6
52 16 9
52 17 4
52 19 8
52 20 7
52 21 9
52 23 10
52 25 3
52 26 10
52 30 3
52 31 7
52 32 2
52 33 9
52 35 4
52 36 9
52 37 6
52 40 1
52 42 10
52 43 4
52 45 9
52 46 2
52 47 3
52 48 2
52 51 7
53 0 9
53 1 1
53 2 5
53 3 4
53 5 10
53 8 8
53 12 3
53 14 9
53 15 9
53 16 9
53 17 9
53 18 5
53 27 7
53 28 5
53 29 8
53 30 10
53 31 10
53 34 10
53 38 1
53 40 5
53 41 7
53 42 5
53 44 9
53 46 8
53 47 10
53 48 6
53 49 8
54 0 6
54 1 2
54 6 6
54 8 10
54 9 3
54 10 1
54 14 9
54 15 4
54 17 4
54 18 9
54 19 4
54 20 4
54 21 4
54 22 6
54 24 2
54 25 4
54 30 6
54 34 6
54 37 8
54 38 8
54 39 4
54 42 3
54 45 4
54 48 5
54 49 2
54 50 2
54 51 10
54 52 1
55 0 3
55 1 8
55 4 9
55 5 9
55 6 10
55 7 1
55 10 4
55 11 5
55 13 2
55 14 6
55 16 4
55 20 7
55 22 5
55 23 9
55 24 9
55 26 7
55 29 7
55 30 9
55 31 5
55 36 4
55 39 4
55 41 7
55 42 10
55 44 1
55 45 10
55 46 5
55 47 9
55 48 8
55 51 3
55 52 2
55 53 7
55 54 4
56 1 5
56 2 9
56 3 1
56 5 3
56 7 5
56 11 4
56 12 3
56 13 1
56 16 7
56 19 6
56 20 8
56 21 8
56 24 1
56 26 7
56 30 1
56 31 1
56 32 2
56 33 6
56 35 8
56 40 3
56 41 3
56 43 10
56 45 7
56 46 8
56 48 5
56 49 1
56 50 9
56 53 1
56 54 6
56 55 2
57 0 6
57 3 8
57 6 1
57 8 4
57 9 1
57 10 6
57 12 7
57 14 7
57 15 2
57 16 5
57 17 9
57 18 10
57 19 4
57 22 3
57 24 8
57 26 5
57 27 9
57 28 9
57 29 6
57 33 8
57 35 4
57 40 10
57 42 2
57 43 3
57 44 5
57 45 10
57 46 7
57 52 10
57 56 7
58 3 1
58 5 9
58 7 10
58 8 8
58 9 6
58 11 7
58 12 10
58 14 3
58 16 10
58 17 4
58 24 7
58 28 10
58 30 7
58 32 6
58 34 10
58 36 10
58 37 6
58 38 10
58 39 1
58 40 9
58 41 7
58 42 5
58 44 4
58 46 9
58 47 6
58 49 3
58 50 7
58 51 3
58 52 8
58 53 6
58 54 6
58 57 5
59 0 2
59 2 7
59 3 7
59 6 9
59 7 6
59 9 6
59 11 8
59 12 9
59 13 9
59 14 2
59 15 7
59 19 7
59 20 9
59 21 3
59 24 7
59 28 3
59 34 8
59 35 1
59 36 3
59 37 4
59 40 6
59 42 10
59 45 8
59 46 3
59 48 2
59 49 4
59 50 8
59 51 5
59 53 8
