20
1 0 1
2 0 1
2 1 4
5 3 3
5 4 6
6 0 5
6 1 2
6 4 4
7 0 3
7 3 1
7 5 5
8 6 1
9 0 6
9 1 5
9 3 2
9 4 6
9 5 4
9 7 1
10 1 1
10 2 4
10 4 1
10 8 1
11 0 5
11 2 4
11 3 4
11 6 3
11 8 3
11 9 6
11 10 4
12 0 1
12 2 3
12 6 2
12 7 3
12 9 3
12 11 3
13 0 3
13 4 3
13 6 2
13 7 3
13 8 6
14 3 1
14 5 4
14 6 3
14 7 6
14 8 1
14 9 2
14 10 1
14 12 2
15 0 6
15 3 2
15 7 3
15 8 6
15 9 5
15 11 4
15 12 1
15 13 2
15 14 2
16 0 6
16 1 6
16 2 1
16 3 6
16 4 5
16 6 6
16 8 6
16 14 4
17 0 2
17 2 5
17 3 2
17 4 1
17 6 1
17 8 2
17 10 2
17 11 4
17 12 4
17 13 3
17 16 3
18 1 5
18 4 3
18 5 2
18 6 6
18 7 3
18 8 3
18 13 1
18 15 2
18 16 4
19 0 6
19 3 2
19 4 1
19 6 3
19 7 3
19 10 4
19 11 1
19 16 2
19 18 4
