60
1 0 2
2 0 3
2 1 3
3 0 4
3 2 1
4 1 1
4 3 1
5 0 1
5 2 1
5 4 1
6 0 1
6 2 2
6 4 1
6 5 1
7 0 1
7 4 3
8 2 2
8 5 4
8 6 3
9 0 1
9 2 3
9 7 1
9 8 1
10 0 3
10 3 1
10 5 2
10 6 1
10 8 2
11 4 2
11 6 4
11 7 1
11 8 2
11 9 4
12 2 3
12 3 2
12 5 2
12 6 2
12 7 3
12 9 4
12 10 3
13 1 4
13 2 3
13 3 4
13 6 3
13 8 1
13 9 3
13 10 4
13 11 2
13 12 2
14 3 4
14 4 1
14 7 2
14 8 2
14 9 2
14 11 2
14 12 2
14 13 1
15 2 3
15 3 3
15 5 3
15 6 3
15 8 2
15 10 1
15 11 1
15 13 2
15 14 4
16 0 4
16 3 3
16 5 2
16 10 1
16 12 2
16 13 1
17 0 2
17 1 3
17 3 4
17 5 3
17 7 4
17 9 4
17 11 1
17 13 4
17 14 1
17 15 3
17 16 3
18 0 4
18 1 2
18 4 1
18 5 1
18 7 2
18 10 3
18 11 3
18 12 1
18 13 1
18 14 4
18 16 2
18 17 1
19 3 4
19 4 4
19 5 2
19 6 3
19 15 2
19 17 1
19 18 4
20 1 1
20 3 2
20 5 2
20 6 4
20 7 3
20 8 3
20 10 1
20 15 4
20 17 4
20 18 3
21 4 2
21 5 4
21 6 1
21 12 4
21 14 2
21 16 2
21 19 4
21 20 3
22 0 3
22 2 1
22 3 3
22 8 2
22 11 1
22 13 2
22 15 1
22 16 1
22 17 2
22 20 2
23 5 1
23 6 2
23 14 2
23 17 2
23 19 1
23 20 3
23 22 4
24 1 1
24 2 4
24 4 1
24 7 2
24 9 1
24 10 3
24 12 2
24 14 3
24 16 3
24 18 1
24 19 1
24 20 3
24 23 2
25 0 2
25 1 4
25 2 4
25 3 2
25 4 3
25 6 2
25 10 1
25 12 3
25 14 1
25 15 3
25 17 3
25 19 1
25 20 3
25 21 2
25 22 3
25 23 1
25 24 2
26 1 3
26 4 4
26 6 2
26 8 1
26 9 4
26 10 4
26 11 3
26 13 1
26 18 3
26 21 2
27 0 3
27 1 2
27 2 1
27 3 1
27 5 4
27 6 4
27 7 1
27 10 2
27 11 2
27 16 4
27 17 4
27 25 1
28 0 3
28 1 4
28 2 1
28 3 4
28 4 3
28 5 1
28 6 3
28 7 3
28 8 3
28 9 4
28 12 4
28 13 4
28 15 3
28 16 1
28 17 1
28 18 4
28 24 1
28 25 1
28 26 4
28 27 2
29 4 3
29 5 2
29 7 3
29 8 4
29 11 4
29 12 3
29 14 1
29 15 4
29 16 3
29 20 2
29 21 1
29 22 1
29 23 2
29 24 3
29 26 1
30 0 1
30 1 3
30 2 4
30 4 1
30 8 1
30 9 3
30 10 3
30 12 3
30 13 1
30 14 3
30 17 1
30 23 4
30 26 1
30 28 4
31 2 2
31 3 3
31 6 2
31 9 1
31 10 2
31 13 1
31 16 3
31 18 1
31 20 4
31 21 4
31 23 3
31 26 1
31 28 1
32 1 2
32 3 1
32 8 1
32 13 3
32 17 1
32 21 2
32 23 4
32 25 1
32 27 1
32 28 2
32 29 2
33 3 2
33 4 2
33 5 1
33 6 4
33 8 3
33 9 1
33 12 2
33 15 3
33 16 2
33 17 2
33 20 2
33 21 3
33 22 2
33 23 3
33 25 3
33 31 2
34 1 4
34 8 3
34 12 1
34 19 4
34 24 1
34 25 2
34 28 1
34 29 2
34 30 2
34 31 4
34 33 3
35 3 2
35 5 1
35 6 4
35 8 3
35 9 2
35 16 1
35 18 1
35 23 3
35 24 1
35 27 2
35 28 3
35 29 2
35 33 1
35 34 2
36 4 2
36 5 2
36 6 2
36 7 2
36 8 4
36 9 4
36 16 1
36 17 2
36 20 4
36 22 4
36 23 2
36 26 1
36 28 1
36 29 2
36 31 2
36 32 3
36 34 3
37 3 3
37 4 2
37 5 1
37 6 3
37 7 3
37 8 1
37 11 3
37 12 4
37 17 1
37 18 3
37 19 3
37 21 3
37 28 2
37 30 1
37 32 4
37 33 4
37 36 4
38 6 2
38 8 3
38 9 3
38 11 2
38 14 2
38 15 4
38 17 1
38 18 4
38 19 3
38 20 3
38 21 4
38 23 4
38 25 3
38 27 1
38 28 4
38 32 1
38 33 2
38 37 3
39 0 1
39 1 2
39 3 1
39 5 3
39 6 3
39 10 3
39 13 1
39 16 2
39 17 1
39 18 3
39 19 2
39 20 2
39 21 4
39 26 3
39 30 3
39 31 3
39 33 3
39 34 3
39 35 1
39 37 4
39 38 4
40 0 1
40 1 3
40 4 4
40 6 3
40 10 1
40 11 3
40 13 2
40 15 2
40 16 3
40 19 3
40 20 1
40 21 2
40 24 2
40 26 1
40 30 3
40 31 3
40 34 3
40 35 1
40 37 1
40 38 4
41 0 1
41 1 1
41 5 1
41 6 1
41 7 2
41 10 4
41 13 4
41 17 4
41 21 3
41 22 3
41 23 3
41 25 1
41 26 1
41 28 3
41 29 3
41 30 1
41 31 4
41 32 4
41 33 1
41 34 3
41 35 2
41 36 4
42 0 2
42 1 1
42 5 1
42 6 3
42 7 4
42 8 2
42 13 1
42 18 3
42 24 1
42 26 4
42 27 1
42 28 4
42 29 4
42 30 3
42 31 1
42 33 3
42 34 3
42 36 1
42 37 3
42 39 3
42 40 2
42 41 3
43 2 2
43 3 1
43 5 4
43 6 2
43 7 2
43 8 3
43 10 4
43 12 4
43 14 1
43 17 1
43 19 1
43 20 1
43 21 2
43 23 1
43 25 2
43 26 3
43 27 1
43 28 4
43 31 2
43 34 1
43 36 3
43 37 3
43 39 3
43 40 3
43 42 4
44 3 2
44 4 4
44 5 4
44 6 1
44 7 1
44 9 2
44 12 1
44 15 3
44 16 4
44 20 3
44 21 1
44 22 2
44 24 3
44 25 4
44 27 4
44 30 3
44 31 3
44 35 2
44 36 4
44 37 1
44 38 4
45 1 4
45 2 1
45 3 1
45 4 3
45 7 2
45 8 1
45 14 1
45 18 4
45 23 4
45 25 3
45 26 2
45 27 4
45 29 4
45 31 2
45 33 3
45 35 3
45 37 3
45 39 2
45 40 1
45 41 1
45 43 2
45 44 4
46 0 1
46 1 3
46 4 3
46 5 3
46 6 1
46 7 4
46 10 3
46 14 4
46 17 1
46 19 1
46 21 3
46 22 2
46 23 1
46 24 3
46 25 3
46 26 2
46 27 2
46 32 3
46 34 1
46 35 3
46 37 3
46 40 1
46 42 2
47 1 4
47 2 2
47 4 2
47 6 4
47 7 4
47 9 1
47 11 4
47 17 3
47 19 1
47 20 2
47 21 1
47 22 3
47 23 3
47 25 3
47 26 1
47 30 2
47 35 4
47 36 4
47 38 1
47 42 2
47 45 4
48 2 2
48 4 4
48 8 4
48 9 1
48 11 2
48 12 4
48 13 3
48 14 1
48 15 3
48 19 3
48 20 3
48 24 3
48 25 4
48 27 4
48 29 2
48 30 2
48 33 3
48 35 3
48 38 1
48 39 1
48 41 1
48 42 4
48 44 1
48 45 1
48 47 3
49 0 4
49 2 2
49 3 4
49 7 2
49 9 3
49 15 4
49 16 3
49 17 3
49 23 4
49 25 2
49 27 3
49 28 1
49 29 2
49 32 1
49 35 3
49 40 2
49 41 1
49 42 3
49 44 4
49 46 3
50 0 2
50 2 2
50 4 4
50 5 1
50 6 2
50 7 3
50 9 4
50 10 2
50 11 4
50 12 1
50 13 2
50 15 4
50 17 4
50 20 2
50 22 3
50 24 1
50 27 2
50 28 4
50 30 1
50 33 1
50 34 2
50 35 3
50 41 2
50 42 2
50 44 2
50 45 4
50 46 2
51 0 2
51 2 4
51 3 2
51 8 3
51 9 2
51 10 1
51 11 2
51 12 4
51 13 2
51 14 3
51 15 2
51 16 3
51 17 4
51 20 1
51 21 4
51 25 1
51 26 2
51 27 2
51 28 3
51 29 4
51 30 1
51 32 1
51 33 1
51 36 1
51 37 1
51 38 4
51 39 3
51 41 4
51 42 2
51 47 1
51 49 3
51 50 2
52 0 4
52 2 4
52 4 1
52 5 1
52 6 2
52 7 4
52 11 4
52 12 1
52 13 1
52 14 3
52 15 2
52 17 4
52 18 2
52 19 2
52 20 3
52 23 1
52 25 1
52 26 2
52 27 1
52 31 2
52 35 1
52 36 2
52 37 2
52 38 4
52 40 4
52 47 3
52 48 1
52 50 2
52 51 4
53 1 2
53 2 4
53 3 4
53 4 3
53 6 4
53 7 3
53 13 1
53 15 4
53 16 3
53 20 1
53 23 1
53 25 3
53 27 4
53 32 2
53 34 1
53 35 4
53 37 4
53 40 2
53 41 2
53 46 4
53 47 2
53 49 4
54 0 3
54 1 4
54 2 2
54 3 2
54 4 4
54 5 2
54 7 4
54 8 1
54 9 3
54 13 1
54 15 4
54 21 2
54 23 3
54 25 1
54 26 2
54 28 2
54 31 1
54 32 1
54 34 4
54 36 4
54 37 3
54 40 2
54 41 3
54 42 2
54 44 1
54 50 4
54 51 3
54 52 1
55 0 2
55 1 1
55 2 1
55 4 2
55 6 2
55 8 3
55 9 1
55 13 1
55 14 4
55 18 2
55 22 3
55 23 4
55 25 4
55 27 4
55 30 1
55 32 4
55 37 4
55 38 2
55 39 1
55 46 2
55 49 4
56 1 3
56 2 3
56 3 3
56 6 4
56 11 2
56 13 4
56 16 4
56 19 2
56 25 4
56 27 2
56 30 2
56 32 3
56 33 4
56 34 1
56 35 1
56 37 2
56 38 3
56 39 2
56 40 1
56 41 4
56 44 3
56 45 1
56 49 1
56 50 1
56 52 4
56 55 2
57 0 2
57 1 1
57 2 3
57 4 4
57 7 4
57 10 3
57 11 3
57 12 3
57 14 4
57 15 2
57 16 4
57 17 2
57 20 4
57 23 2
57 24 2
57 25 4
57 29 1
57 30 1
57 32 3
57 34 4
57 36 2
57 37 1
57 38 4
57 41 4
57 44 2
57 47 3
57 52 3
57 55 3
57 56 2
58 6 4
58 7 2
58 8 4
58 13 3
58 16 4
58 18 3
58 21 3
58 22 1
58 24 1
58 27 2
58 29 3
58 30 1
58 31 3
58 32 3
58 33 2
58 36 3
58 39 2
58 40 2
58 41 2
58 42 2
58 43 3
58 45 4
58 46 1
58 47 1
58 49 3
58 50 3
58 52 4
58 56 3
59 0 4
59 2 2
59 8 1
59 10 2
59 13 1
59 14 3
59 19 4
59 21 1
59 22 4
59 24 3
59 27 2
59 28 4
59 29 4
59 30 1
59 31 2
59 33 4
59 34 2
59 35 4
59 36 2
59 37 2
59 38 3
59 39 1
59 40 3
59 43 4
59 44 2
59 45 4
59 46 1
59 47 4
59 49 1
59 52 2
59 54 1
59 56 3
59 58 3
