30
1 0 5
2 0 9
2 1 4
3 0 6
3 1 1
3 2 4
4 0 8
4 1 1
4 2 13
4 3 10
5 0 9
5 1 11
5 2 10
5 3 2
5 4 3
6 0 11
6 1 3
6 2 2
6 3 11
6 4 7
6 5 5
7 0 8
7 1 10
7 2 10
7 3 10
7 4 8
7 5 10
7 6 7
8 0 8
8 1 11
8 2 8
8 3 13
8 4 8
8 5 1
8 6 2
8 7 2
9 0 2
9 1 8
9 2 6
9 3 6
9 4 8
9 5 8
9 6 9
9 7 10
9 8 2
10 0 2
10 1 11
10 2 2
10 3 9
10 4 4
10 5 5
10 6 12
10 7 9
10 8 12
10 9 1
11 0 1
11 1 13
11 2 11
11 3 2
11 4 4
11 5 1
11 6 10
11 7 5
11 8 4
11 9 8
11 10 6
12 0 1
12 1 9
12 2 12
12 3 1
12 4 6
12 5 9
12 6 9
12 7 6
12 8 6
12 9 10
12 10 9
12 11 4
13 0 10
13 1 7
13 2 7
13 3 13
13 4 8
13 5 9
13 6 7
13 7 13
13 8 10
13 9 10
13 10 6
13 11 10
13 12 5
14 0 5
14 1 11
14 2 5
14 3 5
14 4 12
14 5 12
14 6 11
14 7 12
14 8 2
14 9 13
14 10 11
14 11 6
14 12 5
14 13 6
15 0 10
15 1 5
15 2 8
15 3 7
15 4 4
15 5 5
15 6 4
15 7 9
15 8 10
15 9 3
15 10 12
15 11 3
15 12 9
15 13 3
15 14 12
16 0 1
16 1 1
16 2 2
16 3 1
16 4 3
16 5 3
16 6 13
16 7 6
16 8 7
16 9 6
16 10 2
16 11 11
16 12 5
16 13 1
16 14 7
16 15 11
17 0 12
17 1 11
17 2 5
17 3 9
17 4 1
17 5 2
17 6 7
17 7 13
17 8 11
17 9 10
17 10 1
17 11 11
17 12 10
17 13 3
17 14 4
17 15 13
17 16 6
18 0 13
18 1 7
18 2 1
18 3 8
18 4 3
18 5 4
18 6 8
18 7 7
18 8 11
18 9 10
18 10 8
18 11 2
18 12 11
18 13 12
18 14 12
18 15 1
18 16 10
18 17 6
19 0 7
19 1 12
19 2 11
19 3 7
19 4 6
19 5 2
19 6 11
19 7 5
19 8 2
19 9 4
19 10 13
19 11 1
19 12 5
19 13 8
19 14 11
19 15 6
19 16 6
19 17 4
19 18 3
20 0 13
20 1 1
20 2 5
20 3 2
20 4 3
20 5 3
20 6 9
20 7 9
20 8 7
20 9 4
20 10 7
20 11 7
20 12 4
20 13 13
20 14 13
20 15 5
20 16 2
20 17 5
20 18 12
20 19 1
21 0 5
21 1 6
21 2 6
21 3 11
21 4 11
21 5 11
21 6 3
21 7 3
21 8 1
21 9 3
21 10 7
21 11 3
21 12 4
21 13 10
21 14 4
21 15 9
21 16 3
21 17 11
21 18 13
21 19 2
21 20 10
22 0 12
22 1 9
22 2 8
22 3 7
22 4 12
22 5 2
22 6 8
22 7 3
22 8 8
22 9 11
22 10 2
22 11 6
22 12 8
22 13 11
22 14 4
22 15 12
22 16 9
22 17 2
22 18 10
22 19 5
22 20 7
22 21 4
23 0 6
23 1 13
23 2 3
23 3 9
23 4 9
23 5 11
23 6 7
23 7 3
23 8 13
23 9 2
23 10 4
23 11 4
23 12 13
23 13 1
23 14 3
23 15 5
23 16 2
23 17 13
23 18 9
23 19 11
23 20 10
23 21 12
23 22 7
24 0 4
24 1 5
24 2 12
24 3 5
24 4 8
24 5 2
24 6 1
24 7 7
24 8 3
24 9 10
24 10 1
24 11 2
24 12 8
24 13 10
24 14 5
24 15 3
24 16 1
24 17 10
24 18 7
24 19 13
24 20 11
24 21 3
24 22 8
24 23 9
25 0 5
25 1 5
25 2 6
25 3 1
25 4 8
25 5 13
25 6 13
25 7 11
25 8 6
25 9 8
25 10 13
25 11 10
25 12 10
25 13 12
25 14 8
25 15 1
25 16 7
25 17 9
25 18 13
25 19 9
25 20 2
25 21 5
25 22 12
25 23 12
25 24 4
26 0 13
26 1 11
26 2 1
26 3 10
26 4 2
26 5 2
26 6 12
26 7 9
26 8 1
26 9 11
26 10 12
26 11 1
26 12 12
26 13 8
26 14 13
26 15 1
26 16 8
26 17 6
26 18 11
26 19 3
26 20 7
26 21 4
26 22 13
26 23 1
26 24 2
26 25 2
27 0 9
27 1 9
27 2 7
27 3 11
27 4 1
27 5 10
27 6 11
27 7 1
27 8 6
27 9 2
27 10 11
27 11 13
27 12 2
27 13 9
27 14 9
27 15 13
27 16 9
27 17 11
27 18 7
27 19 6
27 20 3
27 21 6
27 22 7
27 23 13
27 24 9
27 25 2
27 26 12
28 0 8
28 1 8
28 2 11
28 3 11
28 4 2
28 5 9
28 6 8
28 7 8
28 8 3
28 9 12
28 10 3
28 11 5
28 12 1
28 13 3
28 14 2
28 15 7
28 16 8
28 17 6
28 18 2
28 19 2
28 20 13
28 21 10
28 22 8
28 23 11
28 24 8
28 25 4
28 26 12
28 27 4
29 0 3
29 1 4
29 2 13
29 3 12
29 4 10
29 5 12
29 6 6
29 7 5
29 8 8
29 9 6
29 10 5
29 11 4
29 12 13
29 13 5
29 14 8
29 15 13
29 16 7
29 17 5
29 18 12
29 19 9
29 20 12
29 21 4
29 22 6
29 23 5
29 24 13
29 25 6
29 26 4
29 27 7
29 28 12
