30
1 0 3
2 0 1
2 1 6
3 0 2
3 1 2
3 2 3
4 0 1
4 1 6
4 2 4
4 3 1
5 0 1
5 1 7
5 2 7
5 3 3
5 4 3
6 0 6
6 1 4
6 2 5
6 3 6
6 4 5
6 5 7
7 0 4
7 1 5
7 2 5
7 3 5
7 4 7
7 5 7
7 6 3
8 0 1
8 1 4
8 2 6
8 3 1
8 4 5
8 5 6
8 6 1
8 7 2
9 0 4
9 1 3
9 2 3
9 3 4
9 4 3
9 5 2
9 6 4
9 7 2
9 8 7
10 0 2
10 1 2
10 2 7
10 3 7
10 4 6
10 5 7
10 6 1
10 7 6
10 8 2
10 9 6
11 0 3
11 1 3
11 2 4
11 3 7
11 4 2
11 5 3
11 6 5
11 7 3
11 8 5
11 9 6
11 10 7
12 0 2
12 1 3
12 2 4
12 3 3
12 4 7
12 5 7
12 6 4
12 7 3
12 8 4
12 9 7
12 10 3
12 11 6
13 0 6
13 1 2
13 2 3
13 3 3
13 4 1
13 5 4
13 6 1
13 7 7
13 8 2
13 9 7
13 10 6
13 11 3
13 12 3
14 0 2
14 1 2
14 2 1
14 3 4
14 4 3
14 5 3
14 6 7
14 7 7
14 8 5
14 9 7
14 10 3
14 11 1
14 12 6
14 13 3
15 0 4
15 1 3
15 2 7
15 3 2
15 4 3
15 5 6
15 6 5
15 7 2
15 8 3
15 9 5
15 10 3
15 11 7
15 12 6
15 13 3
15 14 6
16 0 4
16 1 3
16 2 7
16 3 5
16 4 1
16 5 5
16 6 6
16 7 3
16 8 5
16 9 1
16 10 4
16 11 5
16 12 5
16 13 5
16 14 1
16 15 3
17 0 5
17 1 4
17 2 2
17 3 3
17 4 1
17 5 6
17 6 3
17 7 2
17 8 5
17 9 2
17 10 2
17 11 4
17 12 7
17 13 6
17 14 4
17 15 7
17 16 2
18 0 5
18 1 2
18 2 1
18 3 6
18 4 6
18 5 3
18 6 1
18 7 6
18 8 6
18 9 2
18 10 3
18 11 5
18 12 4
18 13 7
18 14 6
18 15 6
18 16 1
18 17 1
19 0 2
19 1 5
19 2 7
19 3 2
19 4 2
19 5 6
19 6 1
19 7 4
19 8 6
19 9 6
19 10 7
19 11 3
19 12 6
19 13 7
19 14 5
19 15 1
19 16 7
19 17 2
19 18 3
20 0 3
20 1 6
20 2 6
20 3 5
20 4 3
20 5 3
20 6 2
20 7 2
20 8 1
20 9 2
20 10 1
20 11 3
20 12 5
20 13 2
20 14 3
20 15 7
20 16 2
20 17 1
20 18 3
20 19 6
21 0 2
21 1 4
21 2 3
21 3 4
21 4 3
21 5 5
21 6 2
21 7 6
21 8 6
21 9 7
21 10 6
21 11 4
21 12 5
21 13 5
21 14 3
21 15 3
21 16 3
21 17 4
21 18 6
21 19 4
21 20 2
22 0 1
22 1 3
22 2 3
22 3 6
22 4 7
22 5 5
22 6 5
22 7 2
22 8 1
22 9 2
22 10 6
22 11 1
22 12 5
22 13 3
22 14 5
22 15 1
22 16 4
22 17 3
22 18 4
22 19 1
22 20 5
22 21 1
23 0 2
23 1 5
23 2 3
23 3 5
23 4 1
23 5 2
23 6 7
23 7 5
23 8 3
23 9 7
23 10 5
23 11 2
23 12 4
23 13 1
23 14 4
23 15 5
23 16 7
23 17 4
23 18 5
23 19 7
23 20 6
23 21 3
23 22 5
24 0 4
24 1 4
24 2 6
24 3 2
24 4 6
24 5 2
24 6 4
24 7 1
24 8 2
24 9 6
24 10 3
24 11 2
24 12 5
24 13 5
24 14 7
24 15 6
24 16 6
24 17 2
24 18 4
24 19 4
24 20 3
24 21 5
24 22 5
24 23 2
25 0 3
25 1 2
25 2 1
25 3 5
25 4 4
25 5 6
25 6 4
25 7 1
25 8 4
25 9 7
25 10 4
25 11 3
25 12 1
25 13 6
25 14 1
25 15 4
25 16 1
25 17 3
25 18 2
25 19 2
25 20 3
25 21 5
25 22 3
25 23 3
25 24 2
26 0 1
26 1 6
26 2 4
26 3 4
26 4 6
26 5 1
26 6 4
26 7 7
26 8 6
26 9 1
26 10 7
26 11 2
26 12 5
26 13 1
26 14 1
26 15 3
26 16 1
26 17 6
26 18 7
26 19 2
26 20 1
26 21 2
26 22 3
26 23 7
26 24 2
26 25 1
27 0 5
27 1 3
27 2 6
27 3 4
27 4 2
27 5 5
27 6 2
27 7 4
27 8 2
27 9 7
27 10 6
27 11 1
27 12 3
27 13 4
27 14 1
27 15 2
27 16 2
27 17 6
27 18 5
27 19 5
27 20 6
27 21 2
27 22 2
27 23 6
27 24 3
27 25 4
27 26 3
28 0 3
28 1 7
28 2 7
28 3 6
28 4 1
28 5 1
28 6 3
28 7 3
28 8 2
28 9 3
28 10 1
28 11 5
28 12 3
28 13 6
28 14 5
28 15 3
28 16 1
28 17 4
28 18 4
28 19 6
28 20 1
28 21 7
28 22 7
28 23 1
28 24 7
28 25 5
28 26 4
28 27 4
29 0 2
29 1 7
29 2 3
29 3 6
29 4 3
29 5 4
29 6 4
29 7 6
29 8 3
29 9 4
29 10 3
29 11 1
29 12 5
29 13 7
29 14 2
29 15 3
29 16 2
29 17 7
29 18 3
29 19 6
29 20 6
29 21 5
29 22 2
29 23 2
29 24 6
29 25 7
29 26 4
29 27 2
29 28 2
