30
1 0 3
2 0 11
4 0 6
4 1 2
4 2 6
4 3 2
5 0 3
5 1 5
5 2 10
6 0 10
6 1 9
6 2 2
6 4 7
7 1 2
7 3 8
7 6 8
8 0 10
8 1 1
8 2 10
8 4 1
8 5 5
9 0 1
9 1 3
9 2 10
9 4 5
9 7 10
9 8 8
10 1 7
10 2 2
10 7 2
10 9 9
11 2 9
11 3 4
11 4 3
11 6 7
11 7 7
12 1 9
12 3 9
12 4 4
12 5 7
12 6 2
12 7 11
12 8 6
13 3 6
13 6 7
13 7 9
13 8 9
13 10 9
13 12 4
14 2 11
14 3 10
14 4 11
14 5 7
14 6 7
14 7 2
14 10 2
14 11 1
14 12 4
14 13 8
15 0 2
15 3 5
15 10 9
15 11 2
15 14 6
16 2 1
16 3 8
16 4 9
16 7 4
16 8 8
16 10 2
16 11 4
16 12 6
16 13 10
16 15 11
17 1 2
17 6 7
17 7 9
17 9 1
17 10 10
17 11 7
17 13 1
17 16 6
18 0 1
18 1 1
18 2 8
18 3 4
18 5 4
18 6 10
18 8 4
18 9 6
18 11 2
18 12 8
18 13 7
19 2 3
19 5 11
19 9 6
19 10 3
19 12 4
19 13 1
19 14 7
19 17 2
20 3 6
20 5 2
20 6 8
20 10 7
20 12 11
20 13 2
20 14 7
20 16 5
20 17 9
20 18 2
21 2 2
21 4 2
21 5 5
21 10 10
21 12 10
21 17 6
21 18 10
21 20 5
22 2 4
22 4 10
22 6 4
22 7 5
22 8 5
22 9 3
22 10 8
22 12 8
22 14 2
22 16 11
22 17 1
22 21 3
23 1 9
23 5 8
23 6 1
23 7 3
23 8 6
23 9 9
23 11 10
23 13 9
23 14 11
23 15 2
23 16 10
23 17 9
23 20 10
23 21 5
24 0 6
24 1 10
24 3 9
24 7 5
24 8 9
24 9 5
24 11 10
24 17 11
24 19 8
24 20 5
24 21 10
25 0 9
25 1 7
25 2 9
25 3 9
25 4 10
25 5 2
25 7 2
25 8 5
25 12 11
25 14 8
25 15 3
25 17 9
25 18 6
25 19 8
25 20 7
25 22 6
25 23 7
26 8 8
26 11 1
26 12 1
26 15 10
26 20 2
26 21 4
26 23 3
26 25 3
27 3 3
27 7 1
27 8 3
27 10 2
27 15 7
27 16 3
27 18 7
27 20 8
27 21 8
27 24 6
27 25 11
27 26 3
28 0 9
28 1 2
28 3 11
28 4 6
28 8 7
28 11 3
28 12 2
28 13 4
28 25 10
28 27 11
29 0 3
29 1 2
29 2 3
29 3 7
29 4 4
29 6 2
29 7 8
29 9 7
29 10 9
29 11 1
29 12 8
29 13 4
29 16 8
29 25 3
29 26 5
29 27 2
29 28 11
