30
1 0 13
2 0 13
2 1 2
3 2 5
4 0 5
4 3 7
5 0 4
5 1 14
5 3 5
6 0 8
6 2 13
7 0 9
7 4 1
8 1 8
8 4 10
8 5 7
9 0 10
9 3 11
9 4 6
9 5 10
9 6 2
9 7 1
10 0 3
10 7 3
10 9 4
11 1 6
11 3 8
11 5 2
11 6 12
11 9 13
12 0 14
12 6 5
12 8 12
12 9 1
12 10 3
13 0 11
13 2 5
13 3 10
13 6 7
13 8 5
13 10 9
14 3 12
14 4 12
14 5 13
14 6 1
14 7 11
14 9 13
14 10 8
14 11 12
14 12 6
15 1 2
15 7 9
15 11 8
15 12 13
15 14 4
16 1 9
16 2 5
16 3 4
16 4 8
16 5 8
16 7 4
16 10 1
17 1 11
17 3 4
17 4 3
17 6 3
17 7 2
17 8 11
17 9 6
17 11 1
17 13 3
17 14 1
17 16 8
18 2 5
18 3 1
18 5 8
18 6 14
18 7 5
18 8 10
18 9 6
18 10 2
18 13 14
18 14 8
18 16 14
18 17 2
19 1 11
19 3 1
19 8 3
19 10 2
19 12 3
19 13 13
19 14 11
19 16 5
20 1 4
20 2 14
20 4 6
20 9 7
20 10 4
20 15 3
20 16 7
20 18 8
21 0 6
21 1 4
21 5 9
21 7 9
21 10 14
21 13 2
21 14 14
21 15 9
21 17 2
22 0 8
22 2 7
22 3 7
22 4 14
22 7 14
22 10 9
22 15 1
22 16 7
22 17 1
22 18 3
22 20 4
23 2 1
23 3 13
23 4 2
23 5 1
23 10 4
23 13 3
23 16 14
23 19 1
23 21 1
23 22 9
24 4 4
24 5 2
24 9 10
24 12 7
24 13 9
24 14 8
24 15 12
24 16 6
24 19 9
24 21 6
24 23 1
25 4 6
25 5 7
25 8 12
25 9 11
25 10 8
25 11 3
25 12 9
25 14 12
25 17 6
25 18 10
25 19 14
25 22 10
26 0 10
26 1 10
26 2 12
26 3 6
26 4 2
26 5 12
26 8 9
26 9 4
26 10 14
26 11 8
26 12 9
26 13 10
26 15 10
26 19 3
26 25 4
27 0 6
27 5 4
27 7 9
27 10 4
27 11 2
27 12 8
27 13 2
27 15 10
27 17 2
27 18 4
27 19 14
27 20 6
27 22 11
27 23 6
27 24 14
28 0 3
28 2 10
28 9 1
28 11 4
28 12 3
28 13 5
28 17 14
28 19 3
28 21 8
28 23 12
28 24 2
28 25 1
28 27 3
29 2 3
29 6 5
29 7 8
29 8 5
29 9 2
29 10 5
29 11 7
29 17 13
29 20 1
29 21 6
29 23 8
29 24 14
29 25 12
