20
1 0 8
2 0 6
2 1 7
3 0 4
3 1 2
3 2 8
4 0 6
4 1 11
4 2 8
4 3 1
5 0 5
5 1 10
5 2 3
5 3 9
5 4 8
6 0 11
6 1 1
6 2 5
6 3 2
6 4 3
6 5 10
7 0 6
7 1 5
7 2 5
7 3 12
7 4 2
7 5 2
7 6 4
8 0 2
8 1 4
8 2 10
8 3 10
8 4 11
8 5 9
8 6 11
8 7 2
9 0 11
9 1 4
9 2 4
9 3 3
9 4 7
9 5 12
9 6 12
9 7 12
9 8 1
10 0 2
10 1 1
10 2 6
10 3 8
10 4 9
10 5 1
10 6 5
10 7 2
10 8 10
10 9 2
11 0 1
11 1 3
11 2 6
11 3 11
11 4 3
11 5 2
11 6 4
11 7 9
11 8 5
11 9 4
11 10 5
12 0 2
12 1 4
12 2 2
12 3 11
12 4 7
12 5 1
12 6 11
12 7 1
12 8 10
12 9 12
12 10 12
12 11 7
13 0 10
13 1 3
13 2 9
13 3 4
13 4 5
13 5 1
13 6 1
13 7 12
13 8 11
13 9 1
13 10 1
13 11 10
13 12 11
14 0 12
14 1 4
14 2 7
14 3 12
14 4 12
14 5 6
14 6 11
14 7 9
14 8 3
14 9 1
14 10 4
14 11 1
14 12 11
14 13 6
15 0 1
15 1 11
15 2 8
15 3 6
15 4 7
15 5 3
15 6 9
15 7 4
15 8 3
15 9 4
15 10 8
15 11 3
15 12 3
15 13 1
15 14 5
16 0 3
16 1 10
16 2 12
16 3 2
16 4 12
16 5 8
16 6 11
16 7 12
16 8 7
16 9 5
16 10 5
16 11 9
16 12 6
16 13 9
16 14 5
16 15 4
17 0 10
17 1 5
17 2 2
17 3 1
17 4 9
17 5 6
17 6 12
17 7 10
17 8 5
17 9 5
17 10 5
17 11 1
17 12 3
17 13 9
17 14 12
17 15 8
17 16 10
18 0 2
18 1 3
18 2 5
18 3 8
18 4 9
18 5 5
18 6 5
18 7 5
18 8 11
18 9 11
18 10 11
18 11 7
18 12 5
18 13 1
18 14 3
18 15 4
18 16 2
18 17 1
19 0 12
19 1 3
19 2 2
19 3 12
19 4 11
19 5 4
19 6 2
19 7 4
19 8 3
19 9 3
19 10 9
19 11 12
19 12 4
19 13 5
19 14 2
19 15 6
19 16 3
19 17 8
19 18 3
