70
4 0 1
4 1 11
5 4 9
6 1 5
6 4 11
6 5 5
7 1 11
7 3 5
7 4 5
8 0 9
8 2 3
8 6 13
9 3 2
9 4 6
9 8 7
10 3 9
10 4 1
10 6 8
10 8 13
10 9 5
11 1 11
11 2 9
11 5 8
11 6 7
11 7 11
11 8 12
11 10 11
12 0 7
12 1 8
12 3 3
12 4 4
12 5 4
12 7 9
12 8 12
12 10 12
13 1 8
13 3 4
13 4 3
13 6 9
13 9 10
13 11 4
13 12 2
14 1 5
14 2 3
14 4 9
14 5 11
14 7 2
14 10 11
14 11 6
14 13 4
15 2 11
15 4 11
15 8 7
15 9 2
15 10 2
15 13 6
16 0 8
16 1 11
16 2 3
16 3 4
16 5 6
16 6 1
16 7 3
16 11 8
16 13 9
17 1 12
17 3 7
17 4 11
17 6 5
17 9 13
17 12 7
17 13 7
18 0 7
18 2 2
18 3 9
18 5 2
18 6 5
18 8 13
18 9 4
18 12 13
18 13 1
18 15 7
18 16 5
18 17 10
19 0 13
19 4 6
19 6 10
19 9 10
19 11 13
19 15 3
19 17 6
19 18 13
20 0 5
20 1 11
20 2 8
20 3 10
20 4 11
20 5 5
20 6 13
20 7 1
20 8 8
20 13 4
20 15 7
20 16 6
20 17 9
20 19 13
21 1 2
21 2 9
21 5 2
21 8 3
21 9 1
21 11 3
21 12 8
21 16 9
21 18 10
22 1 3
22 2 5
22 4 4
22 5 4
22 6 3
22 8 11
22 12 4
22 16 4
22 18 5
23 0 9
23 1 3
23 3 11
23 5 7
23 6 6
23 7 5
23 8 3
23 9 3
23 12 11
23 15 9
23 16 8
23 19 10
24 2 4
24 4 2
24 5 6
24 6 6
24 7 13
24 10 3
24 11 8
24 13 4
24 15 13
24 18 3
24 21 8
24 22 9
24 23 13
25 0 6
25 5 3
25 7 3
25 9 12
25 10 7
25 11 6
25 16 4
25 17 10
25 19 8
25 21 1
25 24 6
26 4 4
26 5 4
26 9 8
26 10 10
26 11 5
26 13 7
26 17 9
26 19 10
26 20 2
26 21 7
26 23 7
27 4 4
27 5 8
27 9 7
27 13 11
27 14 3
27 16 3
27 17 12
27 20 10
27 22 12
27 24 1
27 25 1
28 0 12
28 2 9
28 3 3
28 4 11
28 5 11
28 6 6
28 8 13
28 9 3
28 13 8
28 14 11
28 15 10
28 19 13
28 22 6
28 24 13
28 25 1
29 0 7
29 1 13
29 2 2
29 4 10
29 5 4
29 8 10
29 12 7
29 18 12
29 19 13
29 27 13
30 4 1
30 7 10
30 10 6
30 12 6
30 13 2
30 15 12
30 17 2
30 18 6
30 19 11
30 20 11
30 22 2
30 26 4
30 28 6
30 29 9
31 2 1
31 4 10
31 6 9
31 8 5
31 9 11
31 10 9
31 15 9
31 16 9
31 17 8
31 19 13
31 20 13
31 21 9
31 22 2
31 23 4
31 27 4
31 28 12
32 2 13
32 4 7
32 5 6
32 9 2
32 11 3
32 13 4
32 16 9
32 19 4
32 21 4
32 22 13
32 25 12
32 30 3
32 31 2
33 0 8
33 2 3
33 3 9
33 5 4
33 6 5
33 7 8
33 8 12
33 9 12
33 10 12
33 13 5
33 16 12
33 17 8
33 22 11
33 23 8
33 24 7
33 29 9
33 32 13
34 0 9
34 1 6
34 2 8
34 3 6
34 5 6
34 7 4
34 8 3
34 10 6
34 15 6
34 18 7
34 19 7
34 20 3
34 22 4
34 24 6
34 25 3
34 27 9
34 30 6
34 31 4
34 32 9
34 33 6
35 1 2
35 5 11
35 7 3
35 8 6
35 11 5
35 15 4
35 17 10
35 18 5
35 20 8
35 21 1
35 23 2
35 26 9
35 29 6
35 30 11
35 31 10
35 32 9
36 0 11
36 6 9
36 7 12
36 8 11
36 12 4
36 13 2
36 14 2
36 15 12
36 16 5
36 19 4
36 22 6
36 23 11
36 24 5
36 25 11
36 27 11
36 28 12
36 32 12
36 33 13
36 34 8
36 35 12
37 1 3
37 3 5
37 8 11
37 10 1
37 11 1
37 12 1
37 13 12
37 15 11
37 18 11
37 19 10
37 20 5
37 24 1
37 25 9
37 29 7
37 32 9
37 34 6
38 1 2
38 3 3
38 5 6
38 7 9
38 11 11
38 12 3
38 14 1
38 16 8
38 18 4
38 22 11
38 26 6
38 28 9
38 29 2
38 30 6
38 31 4
38 34 3
38 35 3
38 37 9
39 2 10
39 3 7
39 4 4
39 5 9
39 7 5
39 9 4
39 10 12
39 14 3
39 16 10
39 17 1
39 19 7
39 20 7
39 24 11
39 26 13
39 28 12
39 30 8
39 36 12
39 37 9
39 38 11
40 1 4
40 5 6
40 6 4
40 7 7
40 9 12
40 10 8
40 12 9
40 15 1
40 20 3
40 22 11
40 23 2
40 24 9
40 25 12
40 26 12
40 27 11
40 28 10
40 32 1
40 34 3
40 36 12
40 37 11
40 38 2
40 39 9
41 1 3
41 3 2
41 6 13
41 7 1
41 11 6
41 17 4
41 19 12
41 20 12
41 21 5
41 22 12
41 25 9
41 26 6
41 27 8
41 30 1
41 31 11
41 32 8
41 33 7
41 34 3
41 36 8
41 37 8
41 39 4
42 0 9
42 2 2
42 5 12
42 7 8
42 10 6
42 11 11
42 12 6
42 13 2
42 17 3
42 18 7
42 19 8
42 20 2
42 21 13
42 22 11
42 25 6
42 29 4
42 30 10
42 32 5
42 34 5
42 35 3
42 36 8
42 37 11
42 38 5
42 39 12
42 40 1
42 41 9
43 4 9
43 7 1
43 10 6
43 11 2
43 16 4
43 17 13
43 22 6
43 24 11
43 31 10
43 32 11
43 33 13
43 36 8
43 38 4
43 40 11
43 41 12
43 42 1
44 3 8
44 4 5
44 5 9
44 6 12
44 7 4
44 8 1
44 11 3
44 18 9
44 19 1
44 21 4
44 30 4
44 32 8
44 33 10
44 34 1
44 36 7
44 40 8
44 41 6
44 42 8
44 43 12
45 0 10
45 3 9
45 7 4
45 11 5
45 13 5
45 16 6
45 22 1
45 23 5
45 24 11
45 26 6
45 29 13
45 31 6
45 32 1
45 34 1
45 36 2
45 37 7
45 40 6
45 44 2
46 2 13
46 5 10
46 7 12
46 9 9
46 10 10
46 11 12
46 14 13
46 15 12
46 17 1
46 19 1
46 20 6
46 23 12
46 24 7
46 28 8
46 29 3
46 30 13
46 32 13
46 34 2
46 35 3
46 36 9
46 37 1
46 38 4
46 39 8
46 40 2
46 44 4
46 45 9
47 2 8
47 4 2
47 6 12
47 7 7
47 8 11
47 9 5
47 10 6
47 11 2
47 12 12
47 13 4
47 15 4
47 17 11
47 19 9
47 21 7
47 22 13
47 23 9
47 25 5
47 26 7
47 27 8
47 28 6
47 29 11
47 30 13
47 33 9
47 34 6
47 39 13
47 42 10
47 44 3
47 45 3
47 46 9
48 0 2
48 3 4
48 4 12
48 5 11
48 6 8
48 10 11
48 11 8
48 14 6
48 18 4
48 19 11
48 21 7
48 22 9
48 24 2
48 26 11
48 27 12
48 28 6
48 32 6
48 33 13
48 34 8
48 35 9
48 36 11
48 37 6
48 39 2
48 41 13
48 43 9
48 44 11
48 45 7
48 46 7
49 1 5
49 2 13
49 5 12
49 8 13
49 12 11
49 14 5
49 15 3
49 17 7
49 18 8
49 19 9
49 22 10
49 24 5
49 25 13
49 28 4
49 29 11
49 35 13
49 37 2
49 39 2
49 40 7
49 42 7
49 44 6
49 46 3
50 1 10
50 5 12
50 8 13
50 9 8
50 11 9
50 17 8
50 18 13
50 20 5
50 21 8
50 22 8
50 26 1
50 27 12
50 28 4
50 29 5
50 31 13
50 36 10
50 41 2
50 45 5
50 46 2
50 48 7
50 49 6
51 0 5
51 1 13
51 5 10
51 8 9
51 9 13
51 11 7
51 12 2
51 13 13
51 14 10
51 15 8
51 16 5
51 19 9
51 22 1
51 23 13
51 27 11
51 28 3
51 34 13
51 36 2
51 38 11
51 39 1
51 40 8
51 41 11
51 46 10
51 47 8
51 49 13
52 0 9
52 3 4
52 7 6
52 8 4
52 13 6
52 14 7
52 15 12
52 18 9
52 19 1
52 22 2
52 23 5
52 24 1
52 28 7
52 29 7
52 30 7
52 32 7
52 33 10
52 34 8
52 35 11
52 38 2
52 39 10
52 42 3
52 44 2
52 45 2
52 46 9
52 48 10
52 49 11
52 50 3
53 1 5
53 2 11
53 3 5
53 4 13
53 5 12
53 6 3
53 7 4
53 9 7
53 13 10
53 15 8
53 16 9
53 17 13
53 19 3
53 20 2
53 21 6
53 29 6
53 30 4
53 31 13
53 32 13
53 33 3
53 37 6
53 39 8
53 41 5
53 44 3
53 46 11
53 47 5
53 50 7
53 52 13
54 0 6
54 1 7
54 2 9
54 4 8
54 5 2
54 6 9
54 9 3
54 10 5
54 11 2
54 12 8
54 14 1
54 15 9
54 16 13
54 17 1
54 18 3
54 19 5
54 21 4
54 22 2
54 23 6
54 25 1
54 26 8
54 27 9
54 28 13
54 29 10
54 31 13
54 35 5
54 42 6
54 43 8
54 44 3
54 47 8
54 52 4
55 1 6
55 2 8
55 4 5
55 5 3
55 8 8
55 9 4
55 10 4
55 13 9
55 14 7
55 15 10
55 18 4
55 19 8
55 21 9
55 22 11
55 29 8
55 31 13
55 32 7
55 38 13
55 40 7
55 43 9
55 44 3
55 45 13
55 46 7
55 48 11
55 54 2
56 1 9
56 3 1
56 5 5
56 6 11
56 7 12
56 8 8
56 10 6
56 11 8
56 13 9
56 14 12
56 17 5
56 18 9
56 19 11
56 20 6
56 22 1
56 23 1
56 26 1
56 28 6
56 29 11
56 30 10
56 31 2
56 33 8
56 38 4
56 41 8
56 42 10
56 43 13
56 45 7
56 49 12
56 55 2
57 0 8
57 1 5
57 2 12
57 3 2
57 5 11
57 7 12
57 8 2
57 11 13
57 12 12
57 15 3
57 18 6
57 19 9
57 20 4
57 23 11
57 24 13
57 27 12
57 28 3
57 34 10
57 35 13
57 36 1
57 38 1
57 41 6
57 42 12
57 43 12
57 44 11
57 46 4
57 47 9
57 48 2
57 49 3
57 50 7
57 52 4
57 53 10
58 2 3
58 3 1
58 5 5
58 6 2
58 7 9
58 8 7
58 10 2
58 11 4
58 15 8
58 18 12
58 19 7
58 21 2
58 23 6
58 25 10
58 26 2
58 28 7
58 29 7
58 32 8
58 33 5
58 36 1
58 37 8
58 38 6
58 42 9
58 43 6
58 45 3
58 47 11
58 49 2
58 50 13
58 51 10
58 52 10
58 53 12
58 56 4
59 1 10
59 4 4
59 6 11
59 7 2
59 8 8
59 12 12
59 13 8
59 14 13
59 15 12
59 16 4
59 19 10
59 21 4
59 22 9
59 23 11
59 24 6
59 25 5
59 26 12
59 28 3
59 30 7
59 33 6
59 35 6
59 36 2
59 40 7
59 41 11
59 42 8
59 43 6
59 44 2
59 47 3
59 48 9
59 51 10
59 55 11
60 2 1
60 4 1
60 5 7
60 9 9
60 12 5
60 13 13
60 15 5
60 19 4
60 21 6
60 22 10
60 23 2
60 24 1
60 28 2
60 32 5
60 34 10
60 36 1
60 40 12
60 41 10
60 43 7
60 44 12
60 45 4
60 46 4
60 47 4
60 48 2
60 49 12
60 51 9
60 52 11
60 56 5
60 57 6
60 58 1
60 59 9
61 0 5
61 1 12
61 3 11
61 8 12
61 12 8
61 13 12
61 16 6
61 17 12
61 19 13
61 21 4
61 22 13
61 25 4
61 26 6
61 27 4
61 28 1
61 32 12
61 33 5
61 34 8
61 37 2
61 38 5
61 41 11
61 42 9
61 43 1
61 44 13
61 46 10
61 52 4
61 53 4
61 54 3
61 56 3
62 4 4
62 6 9
62 8 4
62 12 4
62 13 11
62 14 4
62 15 13
62 18 11
62 22 11
62 24 11
62 25 13
62 26 8
62 29 3
62 32 4
62 34 7
62 38 3
62 40 9
62 41 3
62 42 5
62 44 5
62 46 5
62 52 6
62 56 4
62 57 8
62 59 7
62 61 5
63 1 9
63 3 8
63 4 6
63 5 4
63 6 9
63 8 10
63 10 4
63 11 1
63 16 3
63 18 2
63 19 9
63 21 7
63 22 2
63 30 3
63 31 6
63 32 1
63 34 7
63 38 4
63 40 10
63 41 3
63 43 2
63 47 12
63 50 8
63 53 3
63 54 9
63 55 8
63 56 9
63 60 3
63 62 1
64 2 9
64 3 7
64 6 12
64 7 4
64 8 9
64 9 13
64 10 11
64 11 9
64 12 7
64 13 11
64 14 3
64 16 4
64 17 2
64 18 13
64 20 8
64 21 12
64 29 1
64 30 6
64 31 6
64 32 2
64 33 6
64 35 5
64 36 4
64 40 3
64 41 6
64 42 12
64 45 2
64 49 8
64 52 2
64 53 9
64 54 4
64 55 9
64 56 6
64 57 7
64 58 9
64 59 8
64 60 12
64 61 3
64 62 5
65 0 13
65 2 11
65 3 6
65 4 8
65 5 7
65 6 4
65 7 1
65 9 5
65 11 4
65 12 6
65 13 6
65 14 1
65 17 5
65 18 11
65 20 6
65 22 1
65 23 1
65 26 9
65 27 9
65 30 2
65 34 9
65 35 1
65 38 13
65 40 5
65 41 10
65 44 8
65 46 4
65 47 11
65 48 4
65 49 9
65 50 11
65 51 8
65 52 2
65 53 2
65 54 13
65 55 8
65 56 4
65 60 5
65 61 9
66 1 13
66 3 9
66 5 2
66 6 4
66 11 10
66 12 10
66 14 12
66 16 5
66 17 13
66 20 8
66 21 3
66 26 4
66 27 13
66 28 10
66 29 2
66 30 5
66 31 13
66 32 6
66 33 5
66 35 1
66 37 1
66 39 10
66 40 8
66 43 9
66 44 12
66 46 11
66 47 13
66 49 6
66 51 10
66 52 7
66 53 10
66 59 3
66 60 2
66 61 9
66 63 11
67 2 12
67 4 6
67 7 13
67 8 9
67 9 9
67 13 13
67 14 11
67 17 3
67 19 12
67 21 7
67 23 2
67 24 10
67 28 6
67 29 1
67 31 1
67 33 4
67 35 2
67 40 11
67 44 9
67 45 13
67 46 13
67 47 6
67 48 6
67 52 12
67 55 9
67 57 2
67 59 4
67 61 11
67 62 5
67 63 9
67 66 13
68 0 13
68 3 9
68 4 5
68 5 7
68 6 6
68 7 10
68 11 13
68 13 11
68 14 11
68 15 8
68 17 4
68 18 2
68 29 6
68 30 9
68 31 13
68 32 7
68 33 2
68 35 13
68 37 8
68 38 8
68 40 12
68 41 4
68 45 2
68 50 6
68 51 10
68 53 8
68 57 5
68 58 7
68 60 1
68 62 11
68 63 3
68 64 3
68 67 1
69 0 8
69 1 2
69 5 8
69 8 5
69 9 5
69 10 2
69 13 12
69 18 3
69 20 11
69 22 13
69 23 9
69 24 11
69 26 13
69 28 9
69 32 11
69 35 12
69 36 5
69 37 4
69 38 5
69 41 1
69 46 4
69 48 9
69 50 6
69 52 10
69 57 1
69 59 11
69 60 7
69 62 5
69 63 5
69 67 4
69 68 2
