15
1 0 9
2 0 6
2 1 2
3 0 4
3 1 5
3 2 2
4 0 6
4 1 6
4 2 1
4 3 9
5 0 5
5 1 5
5 2 11
5 3 4
5 4 3
6 0 1
6 1 2
6 2 3
6 3 4
6 4 7
6 5 4
7 0 11
7 1 6
7 2 4
7 3 5
7 4 11
7 5 1
7 6 4
8 0 7
8 1 9
8 2 11
8 3 8
8 4 7
8 5 5
8 6 5
8 7 2
9 0 8
9 1 11
9 2 8
9 3 5
9 4 7
9 5 10
9 6 2
9 7 1
9 8 4
10 0 10
10 1 11
10 2 8
10 3 1
10 4 9
10 5 8
10 6 7
10 7 2
10 8 6
10 9 5
11 0 4
11 1 3
11 2 8
11 3 8
11 4 8
11 5 9
11 6 1
11 7 2
11 8 5
11 9 3
11 10 8
12 0 3
12 1 1
12 2 7
12 3 11
12 4 6
12 5 10
12 6 4
12 7 5
12 8 4
12 9 10
12 10 7
12 11 6
13 0 6
13 1 7
13 2 9
13 3 7
13 4 5
13 5 11
13 6 10
13 7 1
13 8 9
13 9 9
13 10 2
13 11 4
13 12 6
14 0 1
14 1 10
14 2 2
14 3 9
14 4 11
14 5 11
14 6 6
14 7 7
14 8 7
14 9 4
14 10 11
14 11 7
14 12 11
14 13 2
