15
1 0 9
2 0 3
2 1 7
3 0 8
3 1 8
3 2 5
4 0 3
4 1 8
4 2 5
4 3 9
5 0 2
5 1 8
5 2 11
5 3 1
5 4 8
6 0 10
6 1 8
6 2 5
6 3 3
6 4 3
6 5 3
7 0 1
7 1 5
7 2 2
7 3 4
7 4 8
7 5 7
7 6 3
8 0 5
8 1 1
8 2 1
8 3 7
8 4 10
8 5 1
8 6 9
8 7 2
9 0 1
9 1 1
9 2 2
9 3 5
9 4 5
9 5 5
9 6 8
9 7 7
9 8 10
10 0 11
10 1 6
10 2 11
10 3 6
10 4 2
10 5 3
10 6 4
10 7 9
10 8 8
10 9 10
11 0 4
11 1 3
11 2 5
11 3 4
11 4 10
11 5 5
11 6 6
11 7 7
11 8 1
11 9 8
11 10 3
12 0 10
12 1 2
12 2 3
12 3 10
12 4 3
12 5 9
12 6 11
12 7 7
12 8 5
12 9 8
12 10 10
12 11 2
13 0 4
13 1 10
13 2 5
13 3 6
13 4 8
13 5 2
13 6 6
13 7 5
13 8 8
13 9 8
13 10 7
13 11 4
13 12 2
14 0 3
14 1 4
14 2 9
14 3 5
14 4 3
14 5 6
14 6 11
14 7 3
14 8 9
14 9 4
14 10 8
14 11 2
14 12 8
14 13 9
