30
1 0 1
2 0 2
2 1 2
3 0 1
3 1 3
3 2 3
4 0 3
4 1 2
4 2 2
4 3 2
5 0 3
5 1 3
5 2 1
5 3 2
5 4 2
6 0 2
6 1 3
6 2 3
6 3 3
6 4 2
6 5 3
7 0 1
7 1 2
7 2 2
7 3 1
7 4 3
7 5 2
7 6 1
8 0 1
8 1 3
8 2 1
8 3 3
8 4 3
8 5 3
8 6 1
8 7 3
9 0 3
9 1 1
9 2 3
9 3 3
9 4 3
9 5 3
9 6 3
9 7 3
9 8 1
10 0 3
10 1 3
10 2 2
10 3 1
10 4 2
10 5 1
10 6 1
10 7 2
10 8 1
10 9 3
11 0 3
11 1 1
11 2 1
11 3 1
11 4 1
11 5 1
11 6 1
11 7 3
11 8 3
11 9 1
11 10 3
12 0 3
12 1 3
12 2 3
12 3 2
12 4 2
12 5 1
12 6 1
12 7 2
12 8 3
12 9 1
12 10 2
12 11 2
13 0 3
13 1 1
13 2 1
13 3 1
13 4 2
13 5 1
13 6 2
13 7 3
13 8 2
13 9 3
13 10 2
13 11 3
13 12 2
14 0 1
14 1 1
14 2 2
14 3 1
14 4 2
14 5 1
14 6 3
14 7 1
14 8 3
14 9 2
14 10 3
14 11 1
14 12 1
14 13 1
15 0 3
15 1 1
15 2 3
15 3 2
15 4 3
15 5 3
15 6 2
15 7 3
15 8 1
15 9 1
15 10 2
15 11 3
15 12 3
15 13 2
15 14 1
16 0 1
16 1 3
16 2 1
16 3 1
16 4 2
16 5 2
16 6 1
16 7 2
16 8 2
16 9 2
16 10 1
16 11 1
16 12 2
16 13 3
16 14 3
16 15 1
17 0 1
17 1 2
17 2 2
17 3 3
17 4 3
17 5 3
17 6 2
17 7 1
17 8 2
17 9 3
17 10 3
17 11 1
17 12 2
17 13 1
17 14 2
17 15 2
17 16 3
18 0 3
18 1 2
18 2 3
18 3 1
18 4 3
18 5 3
18 6 1
18 7 1
18 8 3
18 9 1
18 10 2
18 11 2
18 12 1
18 13 1
18 14 1
18 15 3
18 16 3
18 17 3
19 0 1
19 1 1
19 2 2
19 3 2
19 4 2
19 5 2
19 6 3
19 7 2
19 8 1
19 9 1
19 10 2
19 11 3
19 12 1
19 13 1
19 14 1
19 15 2
19 16 3
19 17 3
19 18 2
20 0 3
20 1 3
20 2 3
20 3 3
20 4 3
20 5 2
20 6 2
20 7 1
20 8 1
20 9 1
20 10 1
20 11 1
20 12 3
20 13 2
20 14 3
20 15 2
20 16 3
20 17 1
20 18 1
20 19 2
21 0 2
21 1 2
21 2 2
21 3 3
21 4 2
21 5 1
21 6 3
21 7 2
21 8 2
21 9 2
21 10 3
21 11 1
21 12 2
21 13 3
21 14 3
21 15 3
21 16 3
21 17 2
21 18 1
21 19 3
21 20 3
22 0 2
22 1 1
22 2 2
22 3 3
22 4 1
22 5 3
22 6 3
22 7 1
22 8 3
22 9 3
22 10 3
22 11 3
22 12 3
22 13 2
22 14 3
22 15 3
22 16 1
22 17 3
22 18 2
22 19 1
22 20 1
22 21 1
23 0 2
23 1 1
23 2 2
23 3 1
23 4 1
23 5 2
23 6 1
23 7 3
23 8 2
23 9 1
23 10 2
23 11 3
23 12 2
23 13 3
23 14 2
23 15 2
23 16 3
23 17 2
23 18 2
23 19 2
23 20 3
23 21 2
23 22 1
24 0 1
24 1 2
24 2 3
24 3 3
24 4 3
24 5 3
24 6 1
24 7 1
24 8 3
24 9 2
24 10 3
24 11 1
24 12 1
24 13 3
24 14 3
24 15 1
24 16 2
24 17 1
24 18 1
24 19 3
24 20 1
24 21 1
24 22 1
24 23 1
25 0 3
25 1 3
25 2 3
25 3 1
25 4 1
25 5 2
25 6 3
25 7 3
25 8 3
25 9 3
25 10 2
25 11 1
25 12 3
25 13 2
25 14 1
25 15 2
25 16 2
25 17 3
25 18 3
25 19 3
25 20 2
25 21 1
25 22 3
25 23 3
25 24 1
26 0 1
26 1 1
26 2 1
26 3 1
26 4 1
26 5 3
26 6 2
26 7 2
26 8 1
26 9 1
26 10 1
26 11 1
26 12 3
26 13 2
26 14 3
26 15 1
26 16 2
26 17 3
26 18 1
26 19 1
26 20 1
26 21 2
26 22 1
26 23 1
26 24 1
26 25 2
27 0 3
27 1 2
27 2 1
27 3 3
27 4 3
27 5 3
27 6 2
27 7 3
27 8 1
27 9 3
27 10 2
27 11 2
27 12 3
27 13 1
27 14 1
27 15 2
27 16 3
27 17 1
27 18 2
27 19 1
27 20 2
27 21 1
27 22 3
27 23 3
27 24 3
27 25 3
27 26 1
28 0 3
28 1 1
28 2 3
28 3 1
28 4 1
28 5 1
28 6 2
28 7 3
28 8 3
28 9 3
28 10 2
28 11 1
28 12 2
28 13 1
28 14 3
28 15 1
28 16 3
28 17 3
28 18 1
28 19 2
28 20 2
28 21 2
28 22 1
28 23 3
28 24 1
28 25 1
28 26 1
28 27 3
29 0 3
29 1 3
29 2 2
29 3 1
29 4 2
29 5 2
29 6 1
29 7 2
29 8 2
29 9 1
29 10 2
29 11 1
29 12 1
29 13 2
29 14 3
29 15 3
29 16 1
29 17 2
29 18 1
29 19 3
29 20 2
29 21 2
29 22 1
29 23 3
29 24 2
29 25 1
29 26 3
29 27 3
29 28 2
