70
2 0 9
2 1 2
3 0 4
4 0 4
4 1 9
4 2 1
4 3 4
5 0 1
5 2 9
5 3 5
5 4 7
6 0 8
6 4 6
7 0 4
7 1 6
7 3 3
7 4 4
7 5 6
7 6 6
8 0 7
8 2 8
8 4 8
8 5 4
9 0 3
9 1 7
9 2 9
9 3 2
9 4 3
9 5 9
9 7 9
9 8 9
10 1 4
10 5 4
10 7 8
10 8 7
10 9 6
11 1 9
11 3 9
11 4 3
11 5 2
11 6 1
11 10 3
12 0 1
12 3 9
12 4 6
12 5 9
12 8 2
12 10 8
13 0 4
13 1 3
13 2 7
13 3 7
13 4 9
13 5 4
13 6 8
13 8 6
13 10 5
13 11 6
13 12 6
14 0 5
14 1 2
14 2 3
14 3 4
14 4 2
14 6 4
14 10 7
14 11 9
14 13 9
15 0 8
15 3 6
15 6 3
15 7 1
15 9 1
15 10 1
15 11 5
15 13 9
15 14 5
16 4 5
16 12 9
17 2 7
17 6 9
17 8 9
17 11 7
17 12 1
17 13 2
17 14 4
17 16 8
18 0 6
18 2 6
18 3 3
18 5 9
18 9 8
18 11 2
18 12 6
18 13 4
18 14 4
18 17 2
19 5 3
19 7 6
19 8 4
19 9 6
19 10 7
19 13 1
19 17 5
19 18 3
20 0 2
20 2 9
20 3 7
20 4 6
20 5 9
20 6 6
20 9 4
20 12 7
20 13 1
20 15 6
20 16 5
20 18 7
21 1 8
21 3 2
21 4 1
21 5 7
21 7 3
21 8 7
21 10 6
21 15 5
21 17 2
21 18 8
21 19 9
22 0 2
22 1 4
22 2 1
22 3 6
22 4 2
22 7 2
22 8 3
22 10 5
22 11 2
22 12 9
22 13 7
22 15 1
22 18 2
22 20 6
22 21 2
23 0 5
23 5 9
23 6 7
23 7 3
23 8 1
23 9 8
23 14 6
23 15 4
23 16 2
23 18 1
23 19 8
23 21 7
23 22 4
24 0 9
24 1 1
24 4 3
24 5 4
24 7 5
24 8 1
24 10 9
24 12 9
24 15 2
24 16 4
24 17 1
24 21 1
24 23 6
25 3 7
25 4 5
25 10 2
25 12 4
25 14 2
25 16 6
25 19 4
25 22 4
25 23 9
25 24 1
26 1 7
26 3 7
26 5 3
26 7 8
26 9 1
26 12 2
26 14 9
26 15 2
26 18 5
26 20 9
26 21 7
26 22 5
26 25 7
27 0 4
27 1 8
27 6 4
27 8 8
27 9 1
27 10 1
27 12 5
27 13 7
27 16 5
27 18 5
27 19 4
27 22 2
27 23 5
27 25 2
28 0 2
28 1 6
28 5 2
28 8 9
28 9 1
28 10 2
28 12 1
28 16 2
28 17 6
28 20 6
28 21 6
28 22 7
28 23 6
29 3 3
29 4 8
29 8 9
29 13 2
29 16 8
29 17 1
29 18 9
29 22 9
29 24 7
29 25 6
29 26 3
29 27 4
29 28 9
30 0 4
30 1 9
30 5 8
30 6 4
30 8 6
30 11 1
30 12 4
30 13 8
30 15 1
30 17 5
30 19 2
30 22 9
30 23 6
30 24 2
30 25 3
30 26 5
30 28 3
31 2 8
31 3 6
31 4 5
31 6 8
31 12 4
31 14 7
31 18 4
31 19 9
31 21 9
31 22 4
31 26 2
31 27 8
31 28 6
31 29 6
31 30 9
32 3 6
32 5 3
32 6 6
32 8 2
32 9 7
32 10 5
32 12 7
32 14 4
32 19 9
32 21 6
32 23 8
32 24 2
32 30 2
33 0 4
33 1 9
33 2 7
33 4 4
33 5 8
33 6 1
33 8 8
33 9 8
33 10 4
33 12 5
33 15 8
33 20 9
33 22 3
33 23 9
33 24 9
33 25 7
33 28 6
33 29 9
33 31 8
33 32 1
34 0 3
34 1 6
34 2 7
34 5 8
34 6 7
34 8 1
34 11 4
34 12 1
34 13 6
34 17 1
34 18 9
34 20 6
34 22 4
34 29 6
34 31 7
34 33 8
35 0 2
35 1 1
35 2 8
35 6 1
35 10 8
35 11 1
35 12 3
35 14 2
35 16 5
35 17 4
35 18 8
35 20 8
35 26 3
35 27 4
35 34 8
36 1 3
36 4 4
36 7 8
36 8 6
36 10 9
36 13 8
36 15 6
36 16 4
36 18 2
36 19 7
36 23 1
36 26 2
36 28 1
36 29 5
36 31 1
36 33 8
37 0 5
37 1 6
37 3 8
37 6 1
37 7 1
37 8 1
37 10 3
37 11 1
37 12 6
37 20 6
37 21 4
37 26 9
37 29 8
37 31 5
37 33 5
37 34 6
37 36 9
38 1 3
38 9 5
38 11 6
38 14 4
38 16 2
38 17 4
38 20 2
38 25 2
38 26 4
38 31 2
38 35 2
38 37 5
39 1 7
39 3 8
39 4 8
39 5 8
39 6 4
39 7 7
39 8 3
39 10 5
39 11 9
39 12 5
39 13 8
39 14 7
39 15 6
39 19 3
39 20 2
39 23 6
39 27 8
39 29 3
39 32 4
39 35 1
39 36 9
39 37 1
39 38 8
40 0 5
40 2 4
40 3 7
40 5 5
40 6 1
40 7 3
40 8 5
40 10 6
40 13 7
40 18 7
40 21 2
40 23 5
40 24 7
40 27 2
40 28 4
40 29 3
40 30 5
40 34 4
40 37 2
40 39 3
41 0 8
41 1 7
41 2 8
41 3 8
41 9 8
41 12 9
41 13 8
41 14 6
41 16 1
41 20 8
41 21 4
41 22 6
41 23 7
41 24 6
41 25 4
41 30 8
41 31 8
41 36 6
41 40 7
42 3 4
42 5 7
42 6 3
42 7 3
42 9 1
42 12 2
42 13 2
42 14 8
42 20 4
42 25 1
42 26 1
42 27 3
42 28 4
42 29 2
42 30 2
42 32 4
42 33 4
42 34 9
42 36 5
42 40 1
42 41 8
43 3 3
43 4 8
43 5 4
43 6 1
43 10 2
43 11 7
43 14 2
43 15 5
43 17 7
43 19 8
43 20 5
43 21 2
43 23 2
43 26 8
43 27 2
43 30 4
43 32 3
43 34 3
43 40 8
44 0 2
44 1 9
44 2 6
44 3 1
44 5 4
44 6 5
44 7 1
44 10 2
44 11 8
44 16 1
44 19 1
44 20 2
44 21 4
44 22 8
44 24 7
44 25 4
44 26 6
44 29 4
44 32 2
44 33 8
44 34 5
44 35 9
44 37 1
44 38 9
44 40 1
45 0 6
45 2 3
45 3 6
45 5 1
45 7 3
45 8 4
45 10 5
45 12 2
45 14 8
45 15 5
45 16 7
45 17 8
45 18 8
45 20 4
45 23 5
45 25 8
45 28 9
45 30 6
45 32 3
45 33 4
45 34 9
45 36 9
45 38 3
45 39 4
45 43 9
45 44 9
46 1 4
46 2 5
46 4 8
46 6 1
46 7 9
46 8 2
46 10 4
46 11 5
46 13 4
46 19 3
46 21 3
46 22 1
46 23 2
46 25 1
46 26 5
46 28 9
46 29 4
46 31 5
46 33 2
46 36 5
46 41 3
46 44 4
47 0 2
47 2 3
47 3 8
47 5 4
47 6 5
47 8 2
47 10 4
47 12 1
47 14 3
47 16 8
47 18 9
47 20 1
47 21 2
47 23 1
47 25 4
47 31 1
47 35 8
47 36 8
47 37 9
47 42 9
47 44 8
47 45 8
47 46 2
48 1 9
48 2 9
48 3 5
48 5 8
48 6 7
48 7 4
48 9 5
48 10 8
48 13 1
48 15 1
48 16 3
48 17 4
48 18 1
48 19 1
48 20 1
48 23 4
48 28 1
48 30 6
48 31 2
48 32 1
48 33 6
48 35 6
48 37 2
48 38 7
48 41 5
48 45 6
48 46 8
49 0 3
49 1 4
49 2 4
49 4 8
49 5 5
49 6 7
49 7 2
49 9 5
49 10 1
49 11 3
49 12 8
49 14 2
49 18 1
49 21 3
49 22 4
49 27 7
49 29 8
49 30 7
49 31 7
49 33 3
49 34 3
49 35 6
49 41 3
49 44 4
49 47 2
50 0 2
50 6 3
50 10 7
50 13 9
50 15 5
50 16 7
50 17 4
50 21 8
50 22 2
50 24 8
50 25 2
50 28 7
50 29 1
50 32 3
50 33 9
50 34 2
50 35 8
50 36 7
50 37 4
50 40 7
50 41 6
50 42 3
50 44 4
50 46 3
50 47 7
50 48 8
51 0 2
51 2 8
51 3 9
51 5 6
51 6 9
51 7 5
51 11 7
51 12 4
51 13 6
51 17 8
51 21 1
51 25 2
51 26 1
51 27 8
51 31 6
51 34 5
51 35 2
51 36 7
51 40 9
51 41 2
51 43 2
51 44 4
51 46 7
51 47 6
51 48 6
51 49 7
51 50 8
52 0 2
52 1 6
52 3 5
52 4 8
52 14 7
52 15 7
52 18 9
52 20 4
52 21 7
52 27 9
52 28 1
52 31 1
52 32 4
52 34 4
52 37 1
52 40 4
52 41 6
52 42 6
52 45 8
52 46 1
52 47 2
52 50 8
52 51 2
53 0 2
53 1 1
53 9 5
53 11 5
53 15 1
53 16 1
53 19 5
53 25 9
53 26 2
53 27 4
53 28 5
53 29 4
53 30 8
53 31 8
53 32 4
53 33 1
53 34 5
53 35 2
53 37 4
53 39 6
53 40 6
53 41 8
53 42 8
53 43 9
53 44 1
53 45 9
53 47 4
54 0 2
54 4 2
54 7 5
54 10 3
54 11 1
54 12 4
54 19 7
54 25 8
54 27 8
54 30 9
54 31 6
54 32 5
54 34 1
54 35 9
54 36 3
54 37 1
54 38 9
54 39 5
54 40 7
54 42 3
54 43 7
54 47 2
54 50 3
54 51 9
54 52 7
55 0 2
55 2 4
55 3 8
55 6 9
55 8 9
55 10 7
55 11 4
55 12 9
55 16 1
55 17 8
55 19 6
55 20 7
55 23 3
55 26 7
55 27 1
55 30 3
55 32 6
55 33 2
55 35 9
55 37 5
55 40 2
55 42 7
55 43 4
55 48 4
55 49 4
55 50 7
55 51 9
55 54 8
56 0 4
56 1 2
56 3 7
56 8 6
56 9 7
56 12 8
56 15 9
56 17 1
56 18 3
56 22 1
56 23 1
56 24 4
56 26 1
56 28 8
56 32 8
56 34 7
56 35 5
56 37 2
56 44 8
56 45 6
56 49 6
56 50 4
56 51 4
56 52 8
56 54 6
57 0 8
57 1 8
57 2 8
57 3 6
57 6 6
57 7 3
57 10 8
57 11 7
57 12 4
57 16 6
57 17 2
57 23 3
57 24 5
57 27 6
57 28 7
57 29 5
57 30 4
57 32 9
57 33 8
57 34 5
57 35 4
57 39 5
57 40 2
57 41 5
57 42 2
57 47 5
57 48 4
57 51 4
57 52 3
57 54 5
57 55 9
57 56 4
58 2 1
58 3 3
58 4 8
58 6 4
58 7 5
58 8 6
58 12 1
58 13 4
58 16 5
58 19 9
58 23 9
58 25 2
58 29 1
58 33 9
58 35 9
58 36 1
58 37 3
58 40 7
58 43 2
58 45 4
58 50 9
58 54 8
59 2 3
59 6 6
59 7 4
59 10 3
59 11 3
59 15 5
59 17 1
59 18 6
59 19 9
59 22 6
59 24 8
59 26 3
59 27 3
59 28 3
59 32 1
59 35 2
59 39 1
59 41 2
59 44 8
59 45 8
59 48 5
59 49 6
59 50 2
59 53 1
59 54 6
59 57 3
59 58 3
60 2 4
60 3 1
60 4 9
60 5 8
60 7 5
60 11 3
60 15 1
60 17 3
60 19 5
60 22 5
60 23 5
60 24 4
60 28 4
60 31 3
60 32 3
60 34 9
60 35 8
60 36 9
60 38 1
60 39 2
60 40 7
60 43 4
60 46 8
60 47 7
60 52 4
60 54 8
60 57 5
60 58 4
61 1 8
61 5 2
61 6 6
61 8 9
61 16 8
61 19 5
61 21 5
61 23 6
61 24 2
61 25 8
61 26 1
61 29 3
61 30 7
61 31 3
61 35 7
61 36 6
61 38 8
61 39 2
61 40 8
61 41 7
61 43 1
61 44 8
61 47 1
61 48 9
61 51 6
61 52 6
61 53 1
61 55 1
61 58 9
61 59 2
62 0 7
62 2 2
62 4 4
62 6 9
62 9 3
62 10 7
62 12 1
62 13 2
62 16 5
62 17 5
62 20 6
62 22 7
62 23 4
62 24 7
62 28 9
62 31 5
62 32 9
62 33 5
62 35 7
62 36 8
62 37 2
62 39 1
62 42 8
62 44 4
62 46 7
62 48 7
62 51 3
62 52 5
62 53 5
62 55 6
62 58 3
62 59 4
63 0 7
63 1 1
63 2 4
63 3 8
63 4 3
63 6 5
63 7 2
63 11 4
63 12 1
63 14 6
63 18 9
63 20 4
63 21 6
63 22 4
63 23 4
63 25 4
63 26 6
63 30 8
63 33 3
63 35 4
63 37 1
63 39 3
63 41 7
63 43 7
63 44 7
63 45 2
63 47 8
63 49 9
63 50 3
63 53 9
63 56 3
63 57 6
63 59 5
63 61 8
63 62 2
64 0 8
64 2 2
64 4 7
64 7 6
64 8 5
64 9 2
64 11 9
64 14 6
64 17 6
64 18 5
64 22 7
64 24 7
64 25 6
64 26 4
64 29 6
64 30 9
64 31 4
64 32 3
64 33 5
64 34 5
64 35 8
64 38 8
64 48 8
64 49 7
64 50 2
64 52 2
64 53 1
64 54 1
64 57 1
64 63 8
65 0 1
65 1 7
65 9 2
65 12 9
65 14 9
65 18 3
65 20 7
65 21 3
65 25 2
65 26 8
65 27 1
65 32 6
65 40 9
65 41 4
65 42 4
65 43 8
65 44 1
65 45 8
65 48 1
65 53 1
65 54 6
65 57 4
65 61 4
66 0 2
66 3 6
66 4 6
66 5 9
66 6 7
66 8 6
66 9 7
66 11 8
66 12 6
66 13 4
66 21 6
66 22 9
66 25 3
66 27 9
66 28 9
66 29 4
66 32 5
66 38 4
66 42 3
66 44 4
66 46 3
66 47 9
66 49 5
66 52 2
66 54 1
66 60 9
66 62 4
66 65 9
67 4 1
67 5 5
67 8 5
67 11 5
67 12 9
67 13 5
67 17 3
67 18 4
67 21 5
67 23 2
67 24 7
67 27 3
67 28 8
67 31 4
67 35 9
67 37 6
67 38 9
67 40 9
67 43 7
67 44 3
67 53 9
67 54 2
67 56 6
67 57 6
67 62 9
67 65 9
67 66 7
68 7 2
68 8 3
68 9 7
68 10 5
68 11 3
68 13 6
68 14 4
68 15 7
68 22 5
68 23 6
68 25 4
68 26 3
68 29 1
68 31 6
68 33 3
68 34 5
68 35 4
68 36 6
68 37 3
68 38 8
68 39 9
68 40 1
68 41 6
68 42 8
68 43 5
68 44 1
68 45 8
68 46 7
68 47 6
68 48 7
68 49 5
68 52 6
68 53 8
68 57 2
68 60 4
68 62 3
68 64 4
68 65 5
68 66 6
69 0 4
69 4 5
69 6 4
69 7 2
69 8 5
69 10 2
69 11 4
69 14 6
69 16 2
69 18 1
69 19 3
69 21 5
69 24 9
69 26 1
69 30 1
69 31 8
69 34 4
69 37 2
69 41 7
69 42 3
69 45 9
69 46 2
69 47 2
69 50 5
69 52 4
69 53 4
69 56 7
69 57 2
69 58 2
69 59 8
69 61 8
69 64 9
69 66 2
69 68 4
