20
1 0 4
3 2 1
4 0 2
4 1 7
4 2 7
4 3 3
5 1 7
5 2 2
5 3 3
5 4 1
6 1 1
7 0 2
7 1 4
7 2 5
7 3 4
8 3 6
8 4 5
8 7 4
9 1 1
9 2 2
9 5 4
9 6 3
9 7 5
10 2 2
10 4 6
10 5 7
10 8 5
11 1 6
11 2 4
11 3 6
11 7 7
12 2 1
12 3 3
12 4 5
12 5 5
12 6 7
13 0 6
13 1 1
13 6 4
13 10 2
14 0 2
14 4 4
14 5 2
14 6 3
14 7 7
14 10 7
14 12 6
15 2 1
15 5 7
15 9 7
15 10 6
15 13 5
16 0 5
16 1 4
16 2 4
16 3 2
16 7 3
16 9 2
16 13 5
16 15 4
17 2 7
17 3 7
17 5 6
17 7 2
17 8 4
17 9 2
17 13 7
17 14 4
17 15 4
17 16 1
18 2 7
18 3 7
18 4 5
18 6 6
18 8 5
18 9 5
18 10 2
18 12 6
19 0 2
19 3 7
19 7 1
19 10 1
19 11 1
19 12 7
19 14 1
19 16 2
19 17 6
19 18 2
