30
1 0 1
2 1 1
3 0 1
3 1 1
3 2 1
4 1 1
4 2 1
5 1 1
5 3 1
6 2 1
6 4 1
6 5 1
7 1 1
7 2 1
7 5 1
8 0 1
8 5 1
8 7 1
9 1 1
9 2 1
9 4 1
9 8 1
10 0 1
10 1 1
10 2 1
10 6 1
10 9 1
11 1 1
11 2 1
11 4 1
11 6 1
11 7 1
11 8 1
11 9 1
12 1 1
12 2 1
12 4 1
12 5 1
12 7 1
12 8 1
12 10 1
12 11 1
13 4 1
13 5 1
13 8 1
13 11 1
14 3 1
14 4 1
14 5 1
14 6 1
14 7 1
14 8 1
14 11 1
14 12 1
15 0 1
15 2 1
15 3 1
15 7 1
15 8 1
15 10 1
15 11 1
15 13 1
16 1 1
16 3 1
16 6 1
16 9 1
16 11 1
16 14 1
16 15 1
17 0 1
17 1 1
17 2 1
17 7 1
17 9 1
17 15 1
17 16 1
18 0 1
18 2 1
18 3 1
18 10 1
18 12 1
18 13 1
18 17 1
19 0 1
19 3 1
19 5 1
19 7 1
19 9 1
19 11 1
19 12 1
19 13 1
19 17 1
19 18 1
20 0 1
20 1 1
20 2 1
20 3 1
20 5 1
20 7 1
20 9 1
20 12 1
20 14 1
20 18 1
21 1 1
21 3 1
21 5 1
21 6 1
21 7 1
21 9 1
21 11 1
21 13 1
21 14 1
21 15 1
21 16 1
21 18 1
21 19 1
22 0 1
22 3 1
22 5 1
22 7 1
22 9 1
22 12 1
22 13 1
22 14 1
22 15 1
22 17 1
22 18 1
22 19 1
23 0 1
23 3 1
23 4 1
23 5 1
23 7 1
23 11 1
23 12 1
23 14 1
23 16 1
23 19 1
23 22 1
24 0 1
24 1 1
24 5 1
24 6 1
24 7 1
24 9 1
24 10 1
24 11 1
24 12 1
24 19 1
24 20 1
24 21 1
24 22 1
25 1 1
25 11 1
25 14 1
25 20 1
25 24 1
26 2 1
26 4 1
26 5 1
26 8 1
26 9 1
26 12 1
26 13 1
26 16 1
26 19 1
26 21 1
26 22 1
26 23 1
26 25 1
27 0 1
27 4 1
27 6 1
27 7 1
27 9 1
27 13 1
27 14 1
27 17 1
27 18 1
27 19 1
27 20 1
27 21 1
27 25 1
28 1 1
28 3 1
28 6 1
28 7 1
28 9 1
28 10 1
28 14 1
28 16 1
28 18 1
28 19 1
28 21 1
28 22 1
28 23 1
28 24 1
28 25 1
28 26 1
28 27 1
29 1 1
29 4 1
29 8 1
29 9 1
29 13 1
29 16 1
29 17 1
29 19 1
29 22 1
29 23 1
29 27 1
