20
3 0 5
3 1 2
4 3 9
5 0 3
5 2 10
5 4 6
6 1 1
6 3 10
6 5 6
7 0 6
8 1 2
8 4 9
8 6 7
8 7 6
9 0 9
9 1 11
9 3 11
9 4 2
9 5 2
9 6 11
9 7 4
9 8 10
10 1 10
10 2 1
10 4 10
10 5 8
10 6 4
10 9 10
11 1 7
11 3 6
11 5 3
11 7 1
11 8 1
11 9 3
12 2 2
12 3 11
12 6 9
12 8 3
12 9 2
12 10 1
12 11 11
13 0 8
13 1 11
13 3 1
13 4 7
13 7 10
13 8 5
13 9 8
13 11 8
14 1 9
14 6 2
14 9 7
14 12 3
14 13 10
15 1 9
15 2 10
15 3 7
15 4 7
15 5 3
15 8 11
15 9 2
15 11 3
15 12 8
16 0 7
16 2 8
16 3 9
16 4 10
16 5 2
16 7 2
16 10 1
16 11 11
16 14 8
16 15 11
17 0 6
17 2 6
17 6 2
17 7 5
17 9 4
17 10 2
17 13 9
17 15 4
18 5 6
18 7 8
18 10 10
18 13 4
18 14 4
19 0 9
19 3 1
19 4 1
19 5 8
19 9 7
19 10 4
19 11 6
19 12 2
19 16 11
19 17 8
