15
1 0 3
2 0 4
2 1 2
3 0 2
3 1 2
3 2 1
4 0 2
4 1 4
4 2 1
4 3 3
5 0 1
5 1 1
5 2 1
5 3 2
5 4 4
6 0 1
6 1 2
6 2 3
6 3 2
6 4 2
6 5 2
7 0 3
7 1 1
7 2 1
7 3 2
7 4 1
7 5 1
7 6 3
8 0 4
8 1 1
8 2 3
8 3 3
8 4 2
8 5 1
8 6 3
8 7 1
9 0 4
9 1 4
9 2 1
9 3 3
9 4 4
9 5 3
9 6 3
9 7 3
9 8 4
10 0 3
10 1 4
10 2 1
10 3 2
10 4 4
10 5 1
10 6 2
10 7 4
10 8 1
10 9 2
11 0 1
11 1 2
11 2 4
11 3 1
11 4 2
11 5 3
11 6 3
11 7 4
11 8 4
11 9 1
11 10 4
12 0 3
12 1 3
12 2 1
12 3 4
12 4 4
12 5 4
12 6 2
12 7 3
12 8 2
12 9 3
12 10 2
12 11 2
13 0 3
13 1 3
13 2 2
13 3 3
13 4 4
13 5 4
13 6 1
13 7 4
13 8 2
13 9 1
13 10 1
13 11 2
13 12 3
14 0 4
14 1 3
14 2 3
14 3 1
14 4 2
14 5 3
14 6 1
14 7 3
14 8 4
14 9 3
14 10 3
14 11 4
14 12 2
14 13 2
