60
1 0 6
2 0 6
2 1 4
3 0 1
3 1 8
3 2 1
4 0 4
4 1 1
4 2 3
4 3 6
5 0 4
5 1 6
5 2 6
5 3 8
5 4 3
6 0 7
6 1 8
6 2 8
6 3 5
6 4 4
6 5 2
7 0 8
7 1 1
7 2 1
7 3 4
7 4 4
7 5 2
7 6 5
8 0 8
8 1 3
8 2 2
8 3 7
8 4 7
8 5 4
8 6 4
8 7 5
9 0 5
9 1 5
9 2 8
9 3 2
9 4 5
9 5 6
9 6 2
9 7 2
9 8 3
10 0 7
10 1 5
10 2 1
10 3 7
10 4 3
10 5 1
10 6 8
10 7 8
10 8 8
10 9 7
11 0 1
11 1 2
11 2 7
11 3 5
11 4 4
11 5 6
11 6 6
11 7 8
11 8 2
11 9 6
11 10 1
12 0 4
12 1 1
12 2 2
12 3 8
12 4 4
12 5 8
12 6 5
12 7 8
12 8 7
12 9 5
12 10 1
12 11 5
13 0 7
13 1 3
13 2 8
13 3 8
13 4 4
13 5 8
13 6 2
13 7 7
13 8 8
13 9 6
13 10 3
13 11 4
13 12 1
14 0 7
14 1 3
14 2 6
14 3 3
14 4 8
14 5 1
14 6 7
14 7 6
14 8 6
14 9 6
14 10 6
14 11 2
14 12 6
14 13 7
15 0 3
15 1 8
15 2 8
15 3 2
15 4 5
15 5 2
15 6 6
15 7 3
15 8 6
15 9 8
15 10 3
15 11 5
15 12 2
15 13 8
15 14 2
16 0 7
16 1 7
16 2 1
16 3 1
16 4 4
16 5 7
16 6 6
16 7 1
16 8 5
16 9 4
16 10 8
16 11 5
16 12 7
16 13 3
16 14 2
16 15 3
17 0 5
17 1 4
17 2 8
17 3 7
17 4 5
17 5 5
17 6 8
17 7 7
17 8 4
17 9 1
17 10 6
17 11 1
17 12 4
17 13 8
17 14 4
17 15 7
17 16 1
18 0 3
18 1 4
18 2 7
18 3 1
18 4 1
18 5 4
18 6 6
18 7 5
18 8 6
18 9 6
18 10 2
18 11 4
18 12 3
18 13 1
18 14 7
18 15 8
18 16 6
18 17 4
19 0 7
19 1 1
19 2 1
19 3 3
19 4 5
19 5 3
19 6 3
19 7 3
19 8 5
19 9 6
19 10 4
19 11 8
19 12 5
19 13 3
19 14 3
19 15 5
19 16 4
19 17 1
19 18 3
20 0 5
20 1 3
20 2 8
20 3 8
20 4 3
20 5 7
20 6 8
20 7 2
20 8 3
20 9 3
20 10 8
20 11 4
20 12 8
20 13 3
20 14 7
20 15 6
20 16 1
20 17 5
20 18 3
20 19 4
21 0 7
21 1 5
21 2 7
21 3 4
21 4 6
21 5 5
21 6 2
21 7 5
21 8 1
21 9 4
21 10 5
21 11 6
21 12 8
21 13 8
21 14 3
21 15 6
21 16 7
21 17 8
21 18 7
21 19 3
21 20 5
22 0 8
22 1 8
22 2 2
22 3 4
22 4 6
22 5 5
22 6 2
22 7 8
22 8 7
22 9 8
22 10 4
22 11 8
22 12 3
22 13 6
22 14 8
22 15 7
22 16 8
22 17 3
22 18 2
22 19 8
22 20 1
22 21 8
23 0 4
23 1 5
23 2 4
23 3 5
23 4 1
23 5 1
23 6 5
23 7 6
23 8 6
23 9 4
23 10 8
23 11 1
23 12 2
23 13 5
23 14 3
23 15 5
23 16 4
23 17 2
23 18 1
23 19 7
23 20 8
23 21 5
23 22 5
24 0 6
24 1 2
24 2 7
24 3 8
24 4 8
24 5 3
24 6 2
24 7 4
24 8 2
24 9 4
24 10 4
24 11 4
24 12 1
24 13 8
24 14 7
24 15 6
24 16 1
24 17 8
24 18 2
24 19 2
24 20 8
24 21 1
24 22 8
24 23 8
25 0 2
25 1 7
25 2 4
25 3 1
25 4 8
25 5 1
25 6 6
25 7 6
25 8 8
25 9 6
25 10 1
25 11 3
25 12 2
25 13 5
25 14 2
25 15 4
25 16 2
25 17 7
25 18 6
25 19 4
25 20 4
25 21 6
25 22 4
25 23 6
25 24 7
26 0 3
26 1 8
26 2 5
26 3 3
26 4 4
26 5 1
26 6 2
26 7 7
26 8 1
26 9 8
26 10 7
26 11 6
26 12 6
26 13 6
26 14 7
26 15 3
26 16 6
26 17 8
26 18 7
26 19 7
26 20 7
26 21 2
26 22 3
26 23 6
26 24 8
26 25 6
27 0 7
27 1 2
27 2 8
27 3 2
27 4 7
27 5 1
27 6 5
27 7 5
27 8 3
27 9 4
27 10 5
27 11 8
27 12 2
27 13 6
27 14 7
27 15 4
27 16 8
27 17 1
27 18 8
27 19 1
27 20 6
27 21 2
27 22 3
27 23 6
27 24 3
27 25 6
27 26 8
28 0 2
28 1 8
28 2 8
28 3 2
28 4 3
28 5 2
28 6 4
28 7 3
28 8 8
28 9 4
28 10 1
28 11 5
28 12 3
28 13 7
28 14 5
28 15 5
28 16 4
28 17 5
28 18 2
28 19 1
28 20 2
28 21 3
28 22 2
28 23 3
28 24 7
28 25 1
28 26 4
28 27 7
29 0 4
29 1 1
29 2 2
29 3 8
29 4 2
29 5 4
29 6 8
29 7 3
29 8 1
29 9 8
29 10 6
29 11 7
29 12 6
29 13 7
29 14 7
29 15 6
29 16 8
29 17 1
29 18 2
29 19 4
29 20 6
29 21 8
29 22 1
29 23 5
29 24 5
29 25 5
29 26 2
29 27 4
29 28 2
30 0 4
30 1 2
30 2 7
30 3 5
30 4 7
30 5 3
30 6 1
30 7 7
30 8 3
30 9 8
30 10 5
30 11 8
30 12 6
30 13 7
30 14 4
30 15 2
30 16 7
30 17 5
30 18 5
30 19 4
30 20 2
30 21 5
30 22 3
30 23 4
30 24 6
30 25 8
30 26 3
30 27 3
30 28 6
30 29 5
31 0 2
31 1 2
31 2 2
31 3 7
31 4 7
31 5 5
31 6 3
31 7 5
31 8 7
31 9 4
31 10 3
31 11 5
31 12 4
31 13 5
31 14 6
31 15 1
31 16 7
31 17 6
31 18 8
31 19 1
31 20 5
31 21 4
31 22 3
31 23 2
31 24 8
31 25 5
31 26 8
31 27 7
31 28 7
31 29 2
31 30 5
32 0 6
32 1 5
32 2 4
32 3 2
32 4 1
32 5 6
32 6 8
32 7 2
32 8 4
32 9 8
32 10 6
32 11 4
32 12 8
32 13 7
32 14 5
32 15 8
32 16 7
32 17 8
32 18 7
32 19 5
32 20 6
32 21 2
32 22 4
32 23 7
32 24 7
32 25 2
32 26 4
32 27 1
32 28 6
32 29 4
32 30 2
32 31 6
33 0 8
33 1 3
33 2 8
33 3 8
33 4 4
33 5 7
33 6 7
33 7 5
33 8 4
33 9 6
33 10 8
33 11 2
33 12 1
33 13 6
33 14 1
33 15 8
33 16 6
33 17 1
33 18 3
33 19 3
33 20 7
33 21 1
33 22 2
33 23 8
33 24 5
33 25 8
33 26 2
33 27 3
33 28 2
33 29 8
33 30 7
33 31 4
33 32 1
34 0 2
34 1 4
34 2 3
34 3 7
34 4 8
34 5 6
34 6 2
34 7 8
34 8 2
34 9 6
34 10 5
34 11 3
34 12 2
34 13 8
34 14 1
34 15 8
34 16 1
34 17 2
34 18 4
34 19 3
34 20 4
34 21 2
34 22 5
34 23 5
34 24 2
34 25 4
34 26 1
34 27 8
34 28 8
34 29 1
34 30 2
34 31 2
34 32 6
34 33 8
35 0 5
35 1 4
35 2 1
35 3 8
35 4 2
35 5 3
35 6 3
35 7 5
35 8 1
35 9 6
35 10 3
35 11 8
35 12 6
35 13 3
35 14 7
35 15 7
35 16 1
35 17 7
35 18 1
35 19 2
35 20 5
35 21 7
35 22 1
35 23 3
35 24 1
35 25 1
35 26 2
35 27 2
35 28 2
35 29 5
35 30 7
35 31 7
35 32 3
35 33 1
35 34 3
36 0 3
36 1 1
36 2 1
36 3 3
36 4 8
36 5 8
36 6 4
36 7 8
36 8 6
36 9 8
36 10 6
36 11 4
36 12 2
36 13 8
36 14 1
36 15 5
36 16 3
36 17 6
36 18 6
36 19 2
36 20 1
36 21 1
36 22 4
36 23 1
36 24 1
36 25 6
36 26 3
36 27 5
36 28 6
36 29 2
36 30 4
36 31 7
36 32 4
36 33 7
36 34 4
36 35 8
37 0 4
37 1 3
37 2 4
37 3 8
37 4 4
37 5 8
37 6 4
37 7 8
37 8 3
37 9 7
37 10 7
37 11 8
37 12 8
37 13 4
37 14 6
37 15 2
37 16 6
37 17 2
37 18 4
37 19 7
37 20 3
37 21 3
37 22 4
37 23 7
37 24 2
37 25 7
37 26 3
37 27 7
37 28 8
37 29 4
37 30 7
37 31 6
37 32 2
37 33 5
37 34 3
37 35 5
37 36 8
38 0 1
38 1 7
38 2 4
38 3 3
38 4 4
38 5 4
38 6 7
38 7 4
38 8 6
38 9 8
38 10 2
38 11 6
38 12 4
38 13 7
38 14 2
38 15 3
38 16 5
38 17 1
38 18 3
38 19 8
38 20 2
38 21 7
38 22 3
38 23 2
38 24 8
38 25 3
38 26 6
38 27 1
38 28 6
38 29 2
38 30 1
38 31 6
38 32 7
38 33 2
38 34 7
38 35 4
38 36 4
38 37 2
39 0 1
39 1 2
39 2 2
39 3 3
39 4 1
39 5 3
39 6 6
39 7 5
39 8 8
39 9 1
39 10 3
39 11 7
39 12 8
39 13 6
39 14 5
39 15 5
39 16 1
39 17 2
39 18 4
39 19 4
39 20 6
39 21 5
39 22 1
39 23 1
39 24 7
39 25 4
39 26 4
39 27 1
39 28 5
39 29 2
39 30 4
39 31 8
39 32 4
39 33 7
39 34 8
39 35 8
39 36 8
39 37 3
39 38 5
40 0 8
40 1 4
40 2 5
40 3 8
40 4 8
40 5 7
40 6 6
40 7 6
40 8 3
40 9 7
40 10 8
40 11 1
40 12 5
40 13 5
40 14 2
40 15 2
40 16 7
40 17 6
40 18 1
40 19 3
40 20 4
40 21 8
40 22 2
40 23 5
40 24 8
40 25 4
40 26 2
40 27 5
40 28 7
40 29 6
40 30 5
40 31 6
40 32 4
40 33 4
40 34 4
40 35 1
40 36 4
40 37 8
40 38 3
40 39 4
41 0 4
41 1 3
41 2 5
41 3 4
41 4 6
41 5 8
41 6 6
41 7 6
41 8 2
41 9 2
41 10 2
41 11 5
41 12 4
41 13 8
41 14 7
41 15 7
41 16 1
41 17 2
41 18 6
41 19 4
41 20 7
41 21 1
41 22 5
41 23 7
41 24 5
41 25 1
41 26 1
41 27 6
41 28 5
41 29 6
41 30 2
41 31 5
41 32 1
41 33 5
41 34 7
41 35 2
41 36 5
41 37 4
41 38 5
41 39 6
41 40 6
42 0 6
42 1 3
42 2 7
42 3 4
42 4 7
42 5 3
42 6 5
42 7 3
42 8 7
42 9 5
42 10 6
42 11 5
42 12 3
42 13 6
42 14 8
42 15 5
42 16 3
42 17 1
42 18 7
42 19 2
42 20 2
42 21 8
42 22 2
42 23 5
42 24 2
42 25 7
42 26 5
42 27 1
42 28 6
42 29 4
42 30 7
42 31 4
42 32 7
42 33 3
42 34 4
42 35 8
42 36 1
42 37 6
42 38 6
42 39 2
42 40 5
42 41 2
43 0 1
43 1 5
43 2 3
43 3 7
43 4 5
43 5 6
43 6 7
43 7 5
43 8 6
43 9 3
43 10 2
43 11 1
43 12 1
43 13 1
43 14 7
43 15 8
43 16 1
43 17 7
43 18 7
43 19 5
43 20 6
43 21 2
43 22 2
43 23 3
43 24 3
43 25 3
43 26 7
43 27 7
43 28 6
43 29 1
43 30 1
43 31 1
43 32 5
43 33 5
43 34 7
43 35 3
43 36 5
43 37 2
43 38 4
43 39 2
43 40 2
43 41 8
43 42 5
44 0 1
44 1 1
44 2 8
44 3 8
44 4 4
44 5 7
44 6 3
44 7 4
44 8 1
44 9 1
44 10 8
44 11 5
44 12 3
44 13 7
44 14 7
44 15 2
44 16 7
44 17 8
44 18 6
44 19 8
44 20 3
44 21 7
44 22 1
44 23 4
44 24 8
44 25 2
44 26 3
44 27 6
44 28 4
44 29 4
44 30 4
44 31 5
44 32 1
44 33 3
44 34 7
44 35 1
44 36 2
44 37 3
44 38 6
44 39 2
44 40 5
44 41 8
44 42 4
44 43 3
45 0 1
45 1 3
45 2 6
45 3 3
45 4 5
45 5 3
45 6 3
45 7 2
45 8 8
45 9 5
45 10 7
45 11 5
45 12 8
45 13 3
45 14 5
45 15 3
45 16 1
45 17 8
45 18 1
45 19 1
45 20 8
45 21 2
45 22 3
45 23 1
45 24 6
45 25 3
45 26 7
45 27 6
45 28 4
45 29 1
45 30 3
45 31 7
45 32 4
45 33 6
45 34 4
45 35 4
45 36 8
45 37 4
45 38 6
45 39 4
45 40 6
45 41 8
45 42 7
45 43 4
45 44 6
46 0 7
46 1 5
46 2 2
46 3 1
46 4 2
46 5 8
46 6 3
46 7 3
46 8 8
46 9 6
46 10 5
46 11 2
46 12 5
46 13 7
46 14 1
46 15 1
46 16 1
46 17 5
46 18 6
46 19 8
46 20 8
46 21 6
46 22 7
46 23 6
46 24 3
46 25 6
46 26 6
46 27 7
46 28 1
46 29 4
46 30 7
46 31 5
46 32 4
46 33 3
46 34 5
46 35 2
46 36 1
46 37 2
46 38 1
46 39 8
46 40 8
46 41 4
46 42 1
46 43 8
46 44 1
46 45 4
47 0 7
47 1 6
47 2 3
47 3 2
47 4 6
47 5 7
47 6 1
47 7 2
47 8 2
47 9 1
47 10 5
47 11 4
47 12 1
47 13 1
47 14 2
47 15 8
47 16 1
47 17 3
47 18 7
47 19 2
47 20 4
47 21 7
47 22 2
47 23 2
47 24 2
47 25 3
47 26 2
47 27 5
47 28 6
47 29 1
47 30 5
47 31 5
47 32 3
47 33 2
47 34 2
47 35 2
47 36 5
47 37 4
47 38 6
47 39 3
47 40 3
47 41 8
47 42 6
47 43 3
47 44 1
47 45 6
47 46 1
48 0 8
48 1 8
48 2 2
48 3 6
48 4 8
48 5 7
48 6 5
48 7 2
48 8 5
48 9 6
48 10 8
48 11 5
48 12 3
48 13 4
48 14 7
48 15 8
48 16 5
48 17 2
48 18 3
48 19 8
48 20 5
48 21 7
48 22 3
48 23 8
48 24 6
48 25 3
48 26 8
48 27 8
48 28 3
48 29 4
48 30 8
48 31 8
48 32 5
48 33 5
48 34 6
48 35 6
48 36 8
48 37 5
48 38 2
48 39 4
48 40 7
48 41 8
48 42 7
48 43 6
48 44 2
48 45 7
48 46 4
48 47 4
49 0 4
49 1 2
49 2 2
49 3 7
49 4 1
49 5 8
49 6 5
49 7 1
49 8 2
49 9 3
49 10 6
49 11 2
49 12 6
49 13 4
49 14 6
49 15 1
49 16 2
49 17 3
49 18 8
49 19 1
49 20 1
49 21 3
49 22 4
49 23 8
49 24 3
49 25 8
49 26 5
49 27 6
49 28 8
49 29 6
49 30 1
49 31 5
49 32 8
49 33 4
49 34 4
49 35 4
49 36 1
49 37 7
49 38 2
49 39 3
49 40 6
49 41 2
49 42 5
49 43 6
49 44 2
49 45 7
49 46 4
49 47 1
49 48 5
50 0 8
50 1 5
50 2 5
50 3 5
50 4 3
50 5 3
50 6 5
50 7 6
50 8 7
50 9 5
50 10 1
50 11 8
50 12 4
50 13 7
50 14 8
50 15 1
50 16 2
50 17 1
50 18 4
50 19 5
50 20 3
50 21 8
50 22 4
50 23 4
50 24 6
50 25 7
50 26 4
50 27 5
50 28 7
50 29 4
50 30 4
50 31 2
50 32 7
50 33 1
50 34 2
50 35 2
50 36 4
50 37 2
50 38 4
50 39 7
50 40 4
50 41 5
50 42 8
50 43 7
50 44 5
50 45 2
50 46 7
50 47 2
50 48 7
50 49 4
51 0 7
51 1 2
51 2 4
51 3 8
51 4 5
51 5 1
51 6 6
51 7 8
51 8 3
51 9 1
51 10 5
51 11 1
51 12 5
51 13 3
51 14 5
51 15 2
51 16 6
51 17 7
51 18 7
51 19 7
51 20 2
51 21 4
51 22 2
51 23 2
51 24 4
51 25 8
51 26 7
51 27 7
51 28 8
51 29 8
51 30 3
51 31 7
51 32 6
51 33 8
51 34 8
51 35 1
51 36 3
51 37 6
51 38 1
51 39 5
51 40 8
51 41 5
51 42 7
51 43 8
51 44 1
51 45 3
51 46 6
51 47 2
51 48 4
51 49 3
51 50 2
52 0 8
52 1 8
52 2 7
52 3 3
52 4 8
52 5 8
52 6 3
52 7 2
52 8 3
52 9 4
52 10 1
52 11 6
52 12 8
52 13 1
52 14 8
52 15 5
52 16 3
52 17 5
52 18 7
52 19 8
52 20 2
52 21 6
52 22 2
52 23 6
52 24 4
52 25 6
52 26 1
52 27 5
52 28 4
52 29 4
52 30 7
52 31 4
52 32 6
52 33 6
52 34 6
52 35 4
52 36 8
52 37 3
52 38 6
52 39 5
52 40 2
52 41 2
52 42 4
52 43 7
52 44 3
52 45 8
52 46 2
52 47 6
52 48 3
52 49 3
52 50 5
52 51 2
53 0 1
53 1 1
53 2 5
53 3 1
53 4 6
53 5 5
53 6 8
53 7 8
53 8 7
53 9 3
53 10 1
53 11 6
53 12 7
53 13 8
53 14 2
53 15 7
53 16 8
53 17 7
53 18 3
53 19 6
53 20 1
53 21 7
53 22 7
53 23 8
53 24 4
53 25 2
53 26 8
53 27 3
53 28 3
53 29 7
53 30 8
53 31 7
53 32 3
53 33 7
53 34 3
53 35 8
53 36 7
53 37 6
53 38 1
53 39 4
53 40 1
53 41 1
53 42 1
53 43 1
53 44 4
53 45 2
53 46 7
53 47 5
53 48 8
53 49 1
53 50 8
53 51 2
53 52 8
54 0 4
54 1 1
54 2 1
54 3 4
54 4 2
54 5 2
54 6 1
54 7 3
54 8 2
54 9 1
54 10 4
54 11 5
54 12 2
54 13 5
54 14 6
54 15 1
54 16 3
54 17 1
54 18 2
54 19 8
54 20 8
54 21 3
54 22 8
54 23 8
54 24 6
54 25 7
54 26 4
54 27 3
54 28 3
54 29 6
54 30 2
54 31 7
54 32 5
54 33 5
54 34 5
54 35 3
54 36 3
54 37 6
54 38 7
54 39 8
54 40 4
54 41 6
54 42 3
54 43 3
54 44 3
54 45 3
54 46 6
54 47 6
54 48 2
54 49 1
54 50 5
54 51 2
54 52 6
54 53 1
55 0 2
55 1 8
55 2 6
55 3 2
55 4 2
55 5 1
55 6 6
55 7 5
55 8 8
55 9 8
55 10 2
55 11 5
55 12 2
55 13 6
55 14 1
55 15 7
55 16 2
55 17 8
55 18 4
55 19 7
55 20 4
55 21 2
55 22 2
55 23 5
55 24 7
55 25 3
55 26 2
55 27 5
55 28 3
55 29 3
55 30 1
55 31 1
55 32 7
55 33 4
55 34 2
55 35 3
55 36 6
55 37 8
55 38 6
55 39 4
55 40 6
55 41 4
55 42 1
55 43 5
55 44 8
55 45 7
55 46 5
55 47 1
55 48 5
55 49 6
55 50 8
55 51 5
55 52 3
55 53 4
55 54 1
56 0 1
56 1 4
56 2 5
56 3 7
56 4 4
56 5 6
56 6 6
56 7 7
56 8 6
56 9 3
56 10 8
56 11 7
56 12 7
56 13 6
56 14 8
56 15 6
56 16 6
56 17 5
56 18 2
56 19 8
56 20 2
56 21 1
56 22 8
56 23 4
56 24 5
56 25 8
56 26 4
56 27 8
56 28 2
56 29 6
56 30 3
56 31 1
56 32 5
56 33 1
56 34 6
56 35 1
56 36 6
56 37 4
56 38 3
56 39 5
56 40 3
56 41 8
56 42 4
56 43 8
56 44 1
56 45 7
56 46 1
56 47 1
56 48 8
56 49 5
56 50 3
56 51 7
56 52 7
56 53 8
56 54 3
56 55 4
57 0 5
57 1 1
57 2 8
57 3 4
57 4 1
57 5 6
57 6 7
57 7 4
57 8 2
57 9 1
57 10 1
57 11 4
57 12 6
57 13 2
57 14 4
57 15 3
57 16 2
57 17 4
57 18 2
57 19 3
57 20 1
57 21 4
57 22 2
57 23 1
57 24 5
57 25 4
57 26 8
57 27 2
57 28 5
57 29 6
57 30 6
57 31 2
57 32 5
57 33 6
57 34 7
57 35 5
57 36 2
57 37 6
57 38 2
57 39 7
57 40 2
57 41 3
57 42 8
57 43 1
57 44 3
57 45 5
57 46 1
57 47 3
57 48 1
57 49 1
57 50 7
57 51 1
57 52 4
57 53 5
57 54 8
57 55 7
57 56 7
58 0 6
58 1 5
58 2 1
58 3 6
58 4 6
58 5 5
58 6 8
58 7 6
58 8 6
58 9 7
58 10 7
58 11 6
58 12 1
58 13 5
58 14 8
58 15 5
58 16 4
58 17 4
58 18 1
58 19 7
58 20 8
58 21 4
58 22 6
58 23 5
58 24 2
58 25 1
58 26 4
58 27 5
58 28 8
58 29 7
58 30 6
58 31 6
58 32 2
58 33 5
58 34 4
58 35 3
58 36 6
58 37 2
58 38 6
58 39 1
58 40 5
58 41 2
58 42 1
58 43 2
58 44 5
58 45 3
58 46 8
58 47 4
58 48 5
58 49 1
58 50 3
58 51 8
58 52 6
58 53 1
58 54 2
58 55 5
58 56 6
58 57 7
59 0 4
59 1 7
59 2 5
59 3 6
59 4 3
59 5 5
59 6 5
59 7 8
59 8 8
59 9 8
59 10 4
59 11 1
59 12 6
59 13 4
59 14 5
59 15 2
59 16 2
59 17 2
59 18 5
59 19 1
59 20 5
59 21 6
59 22 2
59 23 5
59 24 2
59 25 5
59 26 5
59 27 5
59 28 8
59 29 4
59 30 3
59 31 5
59 32 4
59 33 4
59 34 1
59 35 2
59 36 8
59 37 5
59 38 4
59 39 1
59 40 7
59 41 8
59 42 4
59 43 1
59 44 2
59 45 2
59 46 4
59 47 6
59 48 2
59 49 5
59 50 2
59 51 8
59 52 1
59 53 8
59 54 2
59 55 5
59 56 4
59 57 7
59 58 2
