15
1 0 8
2 0 1
2 1 9
3 0 5
3 1 13
3 2 11
4 0 9
4 1 12
4 2 6
4 3 13
5 0 7
5 1 2
5 2 5
5 3 8
5 4 8
6 0 5
6 1 1
6 2 10
6 3 3
6 4 6
6 5 2
7 0 9
7 1 12
7 2 12
7 3 9
7 4 11
7 5 11
7 6 1
8 0 13
8 1 2
8 2 12
8 3 12
8 4 2
8 5 12
8 6 4
8 7 5
9 0 4
9 1 1
9 2 2
9 3 4
9 4 11
9 5 6
9 6 1
9 7 5
9 8 11
10 0 8
10 1 10
10 2 8
10 3 3
10 4 9
10 5 6
10 6 5
10 7 13
10 8 1
10 9 2
11 0 8
11 1 6
11 2 12
11 3 4
11 4 9
11 5 8
11 6 5
11 7 1
11 8 5
11 9 11
11 10 12
12 0 6
12 1 2
12 2 11
12 3 12
12 4 3
12 5 8
12 6 1
12 7 1
12 8 6
12 9 1
12 10 3
12 11 4
13 0 4
13 1 2
13 2 1
13 3 2
13 4 7
13 5 3
13 6 13
13 7 8
13 8 5
13 9 4
13 10 5
13 11 5
13 12 7
14 0 11
14 1 3
14 2 1
14 3 10
14 4 3
14 5 8
14 6 12
14 7 3
14 8 9
14 9 12
14 10 2
14 11 1
14 12 8
14 13 11
