40
1 0 10
2 0 11
2 1 4
3 0 5
3 1 4
3 2 12
4 0 8
4 1 6
4 2 10
4 3 9
5 0 2
5 1 11
5 2 6
5 3 6
5 4 1
6 0 2
6 1 2
6 2 8
6 3 2
6 4 13
6 5 1
7 0 13
7 1 8
7 2 6
7 3 4
7 4 5
7 5 10
7 6 6
8 0 9
8 1 7
8 2 12
8 3 11
8 4 2
8 5 9
8 6 1
8 7 11
9 0 5
9 1 7
9 2 13
9 3 4
9 4 11
9 5 7
9 6 4
9 7 12
9 8 13
10 0 1
10 1 2
10 2 2
10 3 11
10 4 7
10 5 10
10 6 10
10 7 1
10 8 4
10 9 7
11 0 12
11 1 6
11 2 3
11 3 7
11 4 9
11 5 12
11 6 8
11 7 9
11 8 6
11 9 8
11 10 12
12 0 7
12 1 6
12 2 5
12 3 13
12 4 6
12 5 11
12 6 7
12 7 2
12 8 6
12 9 8
12 10 9
12 11 6
13 0 8
13 1 1
13 2 7
13 3 5
13 4 8
13 5 8
13 6 12
13 7 7
13 8 4
13 9 2
13 10 3
13 11 13
13 12 7
14 0 2
14 1 9
14 2 4
14 3 2
14 4 12
14 5 7
14 6 5
14 7 11
14 8 13
14 9 12
14 10 1
14 11 8
14 12 11
14 13 12
15 0 8
15 1 9
15 2 8
15 3 11
15 4 12
15 5 7
15 6 7
15 7 10
15 8 1
15 9 4
15 10 6
15 11 9
15 12 10
15 13 6
15 14 6
16 0 13
16 1 7
16 2 3
16 3 6
16 4 4
16 5 4
16 6 6
16 7 5
16 8 8
16 9 5
16 10 13
16 11 2
16 12 8
16 13 2
16 14 6
16 15 2
17 0 6
17 1 4
17 2 12
17 3 12
17 4 2
17 5 6
17 6 9
17 7 2
17 8 13
17 9 13
17 10 8
17 11 9
17 12 3
17 13 7
17 14 4
17 15 10
17 16 6
18 0 5
18 1 12
18 2 6
18 3 12
18 4 3
18 5 10
18 6 2
18 7 12
18 8 11
18 9 10
18 10 7
18 11 1
18 12 11
18 13 6
18 14 2
18 15 9
18 16 3
18 17 2
19 0 6
19 1 9
19 2 1
19 3 3
19 4 7
19 5 1
19 6 13
19 7 2
19 8 8
19 9 12
19 10 7
19 11 9
19 12 12
19 13 10
19 14 6
19 15 4
19 16 11
19 17 12
19 18 6
20 0 11
20 1 3
20 2 11
20 3 3
20 4 7
20 5 5
20 6 11
20 7 13
20 8 6
20 9 3
20 10 7
20 11 9
20 12 8
20 13 13
20 14 6
20 15 8
20 16 13
20 17 2
20 18 6
20 19 6
21 0 6
21 1 1
21 2 11
21 3 12
21 4 4
21 5 3
21 6 5
21 7 1
21 8 10
21 9 6
21 10 5
21 11 1
21 12 13
21 13 13
21 14 12
21 15 1
21 16 4
21 17 7
21 18 11
21 19 12
21 20 4
22 0 13
22 1 10
22 2 5
22 3 12
22 4 4
22 5 11
22 6 6
22 7 11
22 8 5
22 9 13
22 10 10
22 11 10
22 12 9
22 13 4
22 14 11
22 15 11
22 16 9
22 17 2
22 18 9
22 19 9
22 20 7
22 21 5
23 0 10
23 1 4
23 2 13
23 3 11
23 4 4
23 5 7
23 6 3
23 7 1
23 8 9
23 9 5
23 10 1
23 11 3
23 12 4
23 13 7
23 14 10
23 15 13
23 16 8
23 17 1
23 18 4
23 19 10
23 20 11
23 21 1
23 22 3
24 0 3
24 1 7
24 2 10
24 3 10
24 4 12
24 5 1
24 6 1
24 7 5
24 8 4
24 9 11
24 10 2
24 11 2
24 12 3
24 13 1
24 14 12
24 15 4
24 16 9
24 17 10
24 18 9
24 19 11
24 20 5
24 21 4
24 22 12
24 23 6
25 0 1
25 1 7
25 2 1
25 3 9
25 4 13
25 5 5
25 6 10
25 7 2
25 8 6
25 9 4
25 10 5
25 11 3
25 12 8
25 13 1
25 14 11
25 15 7
25 16 8
25 17 12
25 18 2
25 19 2
25 20 8
25 21 5
25 22 8
25 23 11
25 24 8
26 0 1
26 1 6
26 2 8
26 3 9
26 4 7
26 5 8
26 6 1
26 7 13
26 8 2
26 9 4
26 10 10
26 11 3
26 12 4
26 13 13
26 14 12
26 15 4
26 16 3
26 17 5
26 18 13
26 19 2
26 20 4
26 21 2
26 22 7
26 23 12
26 24 3
26 25 7
27 0 13
27 1 6
27 2 5
27 3 9
27 4 2
27 5 12
27 6 11
27 7 9
27 8 6
27 9 3
27 10 13
27 11 9
27 12 8
27 13 6
27 14 8
27 15 2
27 16 3
27 17 9
27 18 5
27 19 12
27 20 6
27 21 11
27 22 1
27 23 7
27 24 4
27 25 4
27 26 8
28 0 13
28 1 9
28 2 6
28 3 11
28 4 3
28 5 5
28 6 9
28 7 11
28 8 10
28 9 10
28 10 2
28 11 7
28 12 1
28 13 12
28 14 8
28 15 5
28 16 13
28 17 7
28 18 9
28 19 4
28 20 12
28 21 2
28 22 12
28 23 1
28 24 5
28 25 5
28 26 7
28 27 6
29 0 6
29 1 7
29 2 8
29 3 4
29 4 7
29 5 4
29 6 9
29 7 4
29 8 8
29 9 12
29 10 2
29 11 8
29 12 12
29 13 1
29 14 11
29 15 9
29 16 2
29 17 3
29 18 10
29 19 4
29 20 12
29 21 7
29 22 7
29 23 9
29 24 8
29 25 11
29 26 13
29 27 11
29 28 1
30 0 12
30 1 4
30 2 7
30 3 9
30 4 12
30 5 5
30 6 7
30 7 5
30 8 3
30 9 5
30 10 2
30 11 10
30 12 12
30 13 13
30 14 13
30 15 7
30 16 7
30 17 9
30 18 2
30 19 11
30 20 12
30 21 5
30 22 12
30 23 7
30 24 8
30 25 3
30 26 4
30 27 13
30 28 10
30 29 11
31 0 5
31 1 1
31 2 7
31 3 1
31 4 11
31 5 8
31 6 8
31 7 3
31 8 1
31 9 1
31 10 1
31 11 3
31 12 10
31 13 12
31 14 3
31 15 12
31 16 12
31 17 7
31 18 8
31 19 3
31 20 2
31 21 9
31 22 13
31 23 13
31 24 2
31 25 2
31 26 9
31 27 5
31 28 7
31 29 3
31 30 6
32 0 13
32 1 5
32 2 3
32 3 13
32 4 4
32 5 6
32 6 2
32 7 7
32 8 8
32 9 3
32 10 8
32 11 13
32 12 5
32 13 7
32 14 10
32 15 4
32 16 12
32 17 11
32 18 9
32 19 2
32 20 4
32 21 5
32 22 7
32 23 9
32 24 10
32 25 13
32 26 6
32 27 9
32 28 8
32 29 9
32 30 3
32 31 7
33 0 7
33 1 7
33 2 7
33 3 6
33 4 4
33 5 8
33 6 12
33 7 5
33 8 2
33 9 8
33 10 10
33 11 7
33 12 6
33 13 8
33 14 12
33 15 13
33 16 5
33 17 7
33 18 5
33 19 1
33 20 13
33 21 12
33 22 6
33 23 4
33 24 6
33 25 4
33 26 3
33 27 7
33 28 2
33 29 9
33 30 1
33 31 4
33 32 13
34 0 3
34 1 7
34 2 12
34 3 9
34 4 11
34 5 13
34 6 6
34 7 12
34 8 3
34 9 5
34 10 7
34 11 4
34 12 11
34 13 8
34 14 6
34 15 7
34 16 3
34 17 6
34 18 9
34 19 7
34 20 9
34 21 1
34 22 3
34 23 5
34 24 10
34 25 8
34 26 11
34 27 11
34 28 2
34 29 4
34 30 1
34 31 4
34 32 11
34 33 10
35 0 10
35 1 7
35 2 12
35 3 13
35 4 7
35 5 13
35 6 4
35 7 13
35 8 3
35 9 3
35 10 7
35 11 6
35 12 3
35 13 13
35 14 3
35 15 3
35 16 9
35 17 7
35 18 13
35 19 7
35 20 12
35 21 5
35 22 6
35 23 7
35 24 13
35 25 10
35 26 4
35 27 8
35 28 9
35 29 7
35 30 1
35 31 3
35 32 1
35 33 1
35 34 5
36 0 7
36 1 10
36 2 11
36 3 3
36 4 13
36 5 11
36 6 6
36 7 9
36 8 5
36 9 11
36 10 1
36 11 12
36 12 5
36 13 4
36 14 3
36 15 11
36 16 8
36 17 9
36 18 3
36 19 8
36 20 2
36 21 13
36 22 10
36 23 10
36 24 10
36 25 8
36 26 2
36 27 9
36 28 8
36 29 9
36 30 2
36 31 12
36 32 10
36 33 11
36 34 8
36 35 6
37 0 4
37 1 11
37 2 8
37 3 7
37 4 13
37 5 12
37 6 3
37 7 11
37 8 10
37 9 1
37 10 2
37 11 5
37 12 6
37 13 7
37 14 6
37 15 5
37 16 1
37 17 6
37 18 6
37 19 6
37 20 8
37 21 12
37 22 5
37 23 5
37 24 10
37 25 6
37 26 5
37 27 11
37 28 9
37 29 6
37 30 11
37 31 3
37 32 6
37 33 8
37 34 13
37 35 10
37 36 10
38 0 2
38 1 5
38 2 4
38 3 6
38 4 8
38 5 5
38 6 5
38 7 7
38 8 2
38 9 3
38 10 9
38 11 1
38 12 2
38 13 1
38 14 8
38 15 12
38 16 13
38 17 11
38 18 8
38 19 3
38 20 10
38 21 7
38 22 5
38 23 8
38 24 7
38 25 5
38 26 11
38 27 6
38 28 4
38 29 13
38 30 2
38 31 7
38 32 11
38 33 7
38 34 8
38 35 6
38 36 10
38 37 12
39 0 4
39 1 8
39 2 12
39 3 2
39 4 6
39 5 3
39 6 5
39 7 9
39 8 10
39 9 2
39 10 9
39 11 8
39 12 11
39 13 7
39 14 6
39 15 4
39 16 6
39 17 7
39 18 1
39 19 3
39 20 3
39 21 9
39 22 12
39 23 8
39 24 10
39 25 12
39 26 6
39 27 12
39 28 10
39 29 13
39 30 4
39 31 5
39 32 4
39 33 5
39 34 9
39 35 6
39 36 4
39 37 6
39 38 10
