60
1 0 2
2 0 1
2 1 3
3 0 2
3 1 1
3 2 3
4 0 1
4 1 2
4 2 1
4 3 2
5 0 1
5 1 1
5 2 2
5 3 1
5 4 3
6 0 3
6 1 1
6 2 3
6 3 1
6 4 1
6 5 3
7 0 2
7 1 3
7 2 3
7 3 2
7 4 3
7 5 2
7 6 1
8 0 1
8 1 1
8 2 1
8 3 1
8 4 3
8 5 3
8 6 1
8 7 1
9 0 1
9 1 1
9 2 3
9 3 1
9 4 3
9 5 1
9 6 3
9 7 3
9 8 1
10 0 2
10 1 2
10 2 3
10 3 3
10 4 1
10 5 2
10 6 3
10 7 2
10 8 2
10 9 2
11 0 3
11 1 3
11 2 2
11 3 3
11 4 2
11 5 2
11 6 3
11 7 1
11 8 1
11 9 2
11 10 2
12 0 2
12 1 1
12 2 3
12 3 3
12 4 1
12 5 2
12 6 1
12 7 3
12 8 2
12 9 2
12 10 2
12 11 1
13 0 1
13 1 2
13 2 1
13 3 3
13 4 2
13 5 1
13 6 1
13 7 2
13 8 2
13 9 3
13 10 3
13 11 1
13 12 2
14 0 3
14 1 1
14 2 1
14 3 1
14 4 1
14 5 3
14 6 3
14 7 3
14 8 3
14 9 2
14 10 3
14 11 3
14 12 1
14 13 2
15 0 1
15 1 1
15 2 3
15 3 2
15 4 1
15 5 2
15 6 1
15 7 1
15 8 2
15 9 2
15 10 2
15 11 3
15 12 1
15 13 2
15 14 1
16 0 1
16 1 3
16 2 2
16 3 3
16 4 3
16 5 3
16 6 2
16 7 3
16 8 2
16 9 1
16 10 2
16 11 1
16 12 3
16 13 2
16 14 2
16 15 1
17 0 1
17 1 2
17 2 2
17 3 1
17 4 3
17 5 1
17 6 3
17 7 2
17 8 3
17 9 3
17 10 1
17 11 1
17 12 3
17 13 2
17 14 3
17 15 2
17 16 1
18 0 1
18 1 3
18 2 3
18 3 1
18 4 2
18 5 3
18 6 1
18 7 1
18 8 1
18 9 3
18 10 2
18 11 2
18 12 2
18 13 1
18 14 2
18 15 2
18 16 2
18 17 2
19 0 3
19 1 3
19 2 2
19 3 3
19 4 1
19 5 3
19 6 2
19 7 1
19 8 1
19 9 3
19 10 3
19 11 3
19 12 1
19 13 3
19 14 3
19 15 2
19 16 2
19 17 1
19 18 2
20 0 1
20 1 3
20 2 3
20 3 3
20 4 1
20 5 2
20 6 1
20 7 3
20 8 3
20 9 2
20 10 3
20 11 2
20 12 3
20 13 1
20 14 1
20 15 1
20 16 1
20 17 3
20 18 1
20 19 2
21 0 2
21 1 2
21 2 1
21 3 2
21 4 3
21 5 2
21 6 1
21 7 1
21 8 1
21 9 3
21 10 3
21 11 1
21 12 3
21 13 3
21 14 2
21 15 2
21 16 1
21 17 1
21 18 1
21 19 1
21 20 1
22 0 2
22 1 2
22 2 2
22 3 2
22 4 3
22 5 1
22 6 2
22 7 3
22 8 1
22 9 1
22 10 3
22 11 1
22 12 3
22 13 1
22 14 3
22 15 3
22 16 3
22 17 3
22 18 3
22 19 1
22 20 3
22 21 1
23 0 1
23 1 3
23 2 1
23 3 2
23 4 3
23 5 2
23 6 1
23 7 1
23 8 2
23 9 3
23 10 2
23 11 1
23 12 3
23 13 3
23 14 2
23 15 3
23 16 3
23 17 3
23 18 3
23 19 2
23 20 1
23 21 3
23 22 3
24 0 3
24 1 2
24 2 1
24 3 1
24 4 1
24 5 1
24 6 2
24 7 3
24 8 1
24 9 3
24 10 1
24 11 1
24 12 3
24 13 3
24 14 2
24 15 1
24 16 1
24 17 3
24 18 1
24 19 2
24 20 2
24 21 3
24 22 3
24 23 1
25 0 1
25 1 2
25 2 3
25 3 2
25 4 2
25 5 2
25 6 2
25 7 3
25 8 3
25 9 3
25 10 3
25 11 2
25 12 3
25 13 2
25 14 3
25 15 2
25 16 3
25 17 1
25 18 2
25 19 1
25 20 3
25 21 2
25 22 2
25 23 3
25 24 2
26 0 3
26 1 3
26 2 2
26 3 1
26 4 2
26 5 1
26 6 3
26 7 2
26 8 2
26 9 1
26 10 2
26 11 1
26 12 1
26 13 3
26 14 2
26 15 2
26 16 2
26 17 2
26 18 1
26 19 2
26 20 3
26 21 1
26 22 3
26 23 3
26 24 2
26 25 2
27 0 3
27 1 2
27 2 3
27 3 2
27 4 1
27 5 1
27 6 1
27 7 2
27 8 2
27 9 1
27 10 2
27 11 3
27 12 1
27 13 2
27 14 1
27 15 3
27 16 1
27 17 1
27 18 3
27 19 2
27 20 1
27 21 1
27 22 3
27 23 3
27 24 1
27 25 1
27 26 1
28 0 1
28 1 3
28 2 3
28 3 3
28 4 3
28 5 3
28 6 1
28 7 2
28 8 1
28 9 2
28 10 3
28 11 2
28 12 3
28 13 3
28 14 1
28 15 3
28 16 1
28 17 3
28 18 1
28 19 1
28 20 1
28 21 3
28 22 1
28 23 3
28 24 1
28 25 1
28 26 3
28 27 3
29 0 2
29 1 2
29 2 3
29 3 1
29 4 3
29 5 1
29 6 2
29 7 2
29 8 2
29 9 3
29 10 2
29 11 3
29 12 3
29 13 3
29 14 2
29 15 1
29 16 1
29 17 3
29 18 2
29 19 2
29 20 1
29 21 1
29 22 2
29 23 2
29 24 2
29 25 1
29 26 2
29 27 3
29 28 3
30 0 2
30 1 2
30 2 3
30 3 1
30 4 2
30 5 2
30 6 3
30 7 3
30 8 1
30 9 3
30 10 1
30 11 3
30 12 3
30 13 2
30 14 1
30 15 1
30 16 2
30 17 3
30 18 2
30 19 3
30 20 1
30 21 3
30 22 2
30 23 1
30 24 1
30 25 1
30 26 3
30 27 2
30 28 3
30 29 3
31 0 2
31 1 3
31 2 3
31 3 2
31 4 3
31 5 1
31 6 2
31 7 3
31 8 2
31 9 2
31 10 3
31 11 1
31 12 1
31 13 3
31 14 3
31 15 2
31 16 1
31 17 1
31 18 1
31 19 1
31 20 3
31 21 3
31 22 2
31 23 3
31 24 3
31 25 2
31 26 1
31 27 1
31 28 3
31 29 2
31 30 3
32 0 2
32 1 2
32 2 2
32 3 3
32 4 1
32 5 1
32 6 3
32 7 2
32 8 1
32 9 1
32 10 2
32 11 1
32 12 1
32 13 3
32 14 1
32 15 3
32 16 1
32 17 3
32 18 1
32 19 3
32 20 1
32 21 2
32 22 2
32 23 2
32 24 3
32 25 1
32 26 2
32 27 2
32 28 2
32 29 3
32 30 1
32 31 1
33 0 2
33 1 2
33 2 1
33 3 1
33 4 2
33 5 3
33 6 1
33 7 3
33 8 1
33 9 1
33 10 1
33 11 2
33 12 2
33 13 1
33 14 3
33 15 3
33 16 2
33 17 3
33 18 3
33 19 3
33 20 3
33 21 1
33 22 3
33 23 3
33 24 3
33 25 2
33 26 3
33 27 2
33 28 3
33 29 1
33 30 3
33 31 2
33 32 2
34 0 3
34 1 3
34 2 3
34 3 3
34 4 3
34 5 2
34 6 1
34 7 1
34 8 2
34 9 3
34 10 2
34 11 2
34 12 1
34 13 2
34 14 3
34 15 2
34 16 1
34 17 3
34 18 3
34 19 2
34 20 1
34 21 2
34 22 1
34 23 2
34 24 3
34 25 2
34 26 1
34 27 3
34 28 2
34 29 2
34 30 3
34 31 3
34 32 3
34 33 2
35 0 3
35 1 3
35 2 1
35 3 1
35 4 2
35 5 3
35 6 3
35 7 2
35 8 1
35 9 2
35 10 2
35 11 3
35 12 3
35 13 2
35 14 2
35 15 3
35 16 1
35 17 3
35 18 3
35 19 2
35 20 3
35 21 3
35 22 3
35 23 3
35 24 3
35 25 2
35 26 1
35 27 2
35 28 3
35 29 1
35 30 3
35 31 2
35 32 2
35 33 3
35 34 2
36 0 3
36 1 3
36 2 2
36 3 1
36 4 1
36 5 3
36 6 2
36 7 3
36 8 3
36 9 1
36 10 1
36 11 3
36 12 2
36 13 3
36 14 1
36 15 1
36 16 2
36 17 3
36 18 1
36 19 2
36 20 2
36 21 1
36 22 1
36 23 1
36 24 1
36 25 1
36 26 1
36 27 2
36 28 2
36 29 3
36 30 3
36 31 3
36 32 2
36 33 1
36 34 3
36 35 1
37 0 3
37 1 3
37 2 1
37 3 1
37 4 2
37 5 3
37 6 1
37 7 2
37 8 2
37 9 1
37 10 1
37 11 3
37 12 1
37 13 3
37 14 2
37 15 3
37 16 2
37 17 3
37 18 3
37 19 1
37 20 3
37 21 2
37 22 2
37 23 2
37 24 2
37 25 2
37 26 1
37 27 3
37 28 1
37 29 2
37 30 1
37 31 1
37 32 2
37 33 1
37 34 2
37 35 2
37 36 1
38 0 3
38 1 2
38 2 1
38 3 1
38 4 1
38 5 2
38 6 3
38 7 1
38 8 3
38 9 1
38 10 2
38 11 1
38 12 2
38 13 2
38 14 3
38 15 3
38 16 2
38 17 2
38 18 2
38 19 3
38 20 1
38 21 2
38 22 2
38 23 2
38 24 1
38 25 3
38 26 1
38 27 3
38 28 2
38 29 1
38 30 1
38 31 2
38 32 1
38 33 3
38 34 3
38 35 2
38 36 2
38 37 1
39 0 2
39 1 3
39 2 2
39 3 3
39 4 3
39 5 3
39 6 3
39 7 1
39 8 1
39 9 2
39 10 2
39 11 3
39 12 2
39 13 1
39 14 2
39 15 2
39 16 1
39 17 2
39 18 2
39 19 2
39 20 1
39 21 3
39 22 2
39 23 1
39 24 1
39 25 1
39 26 1
39 27 2
39 28 3
39 29 1
39 30 2
39 31 3
39 32 1
39 33 2
39 34 3
39 35 1
39 36 1
39 37 3
39 38 3
40 0 3
40 1 1
40 2 3
40 3 1
40 4 1
40 5 1
40 6 3
40 7 2
40 8 1
40 9 2
40 10 3
40 11 3
40 12 3
40 13 3
40 14 3
40 15 1
40 16 2
40 17 3
40 18 1
40 19 2
40 20 1
40 21 1
40 22 2
40 23 2
40 24 1
40 25 2
40 26 1
40 27 2
40 28 3
40 29 1
40 30 2
40 31 1
40 32 2
40 33 2
40 34 1
40 35 2
40 36 1
40 37 1
40 38 3
40 39 3
41 0 1
41 1 3
41 2 1
41 3 2
41 4 1
41 5 2
41 6 1
41 7 3
41 8 3
41 9 1
41 10 3
41 11 3
41 12 3
41 13 2
41 14 3
41 15 2
41 16 3
41 17 1
41 18 1
41 19 3
41 20 3
41 21 2
41 22 3
41 23 2
41 24 2
41 25 3
41 26 3
41 27 1
41 28 2
41 29 1
41 30 1
41 31 2
41 32 1
41 33 1
41 34 1
41 35 1
41 36 2
41 37 3
41 38 3
41 39 3
41 40 2
42 0 2
42 1 2
42 2 1
42 3 2
42 4 1
42 5 3
42 6 1
42 7 3
42 8 1
42 9 1
42 10 1
42 11 1
42 12 1
42 13 3
42 14 3
42 15 2
42 16 3
42 17 2
42 18 2
42 19 3
42 20 3
42 21 1
42 22 1
42 23 2
42 24 1
42 25 3
42 26 3
42 27 1
42 28 3
42 29 2
42 30 1
42 31 2
42 32 2
42 33 2
42 34 1
42 35 3
42 36 1
42 37 2
42 38 1
42 39 3
42 40 1
42 41 1
43 0 2
43 1 3
43 2 2
43 3 1
43 4 2
43 5 1
43 6 1
43 7 3
43 8 3
43 9 2
43 10 1
43 11 1
43 12 1
43 13 2
43 14 1
43 15 2
43 16 3
43 17 3
43 18 2
43 19 1
43 20 1
43 21 1
43 22 1
43 23 1
43 24 3
43 25 1
43 26 2
43 27 2
43 28 1
43 29 1
43 30 1
43 31 2
43 32 3
43 33 1
43 34 3
43 35 3
43 36 1
43 37 1
43 38 1
43 39 2
43 40 1
43 41 3
43 42 3
44 0 1
44 1 3
44 2 1
44 3 3
44 4 1
44 5 2
44 6 2
44 7 2
44 8 2
44 9 1
44 10 1
44 11 3
44 12 2
44 13 2
44 14 2
44 15 2
44 16 3
44 17 3
44 18 3
44 19 3
44 20 3
44 21 1
44 22 3
44 23 2
44 24 3
44 25 2
44 26 3
44 27 1
44 28 2
44 29 3
44 30 2
44 31 1
44 32 1
44 33 1
44 34 3
44 35 2
44 36 1
44 37 1
44 38 1
44 39 3
44 40 3
44 41 1
44 42 1
44 43 3
45 0 1
45 1 2
45 2 3
45 3 3
45 4 1
45 5 2
45 6 3
45 7 3
45 8 1
45 9 2
45 10 3
45 11 1
45 12 2
45 13 2
45 14 1
45 15 2
45 16 2
45 17 1
45 18 2
45 19 3
45 20 3
45 21 3
45 22 1
45 23 2
45 24 2
45 25 3
45 26 1
45 27 2
45 28 1
45 29 3
45 30 3
45 31 1
45 32 3
45 33 3
45 34 3
45 35 1
45 36 3
45 37 1
45 38 2
45 39 3
45 40 2
45 41 3
45 42 2
45 43 3
45 44 1
46 0 1
46 1 3
46 2 3
46 3 2
46 4 3
46 5 2
46 6 3
46 7 3
46 8 1
46 9 2
46 10 2
46 11 1
46 12 1
46 13 1
46 14 2
46 15 3
46 16 1
46 17 2
46 18 3
46 19 2
46 20 2
46 21 3
46 22 2
46 23 2
46 24 2
46 25 2
46 26 1
46 27 2
46 28 1
46 29 2
46 30 1
46 31 3
46 32 2
46 33 1
46 34 1
46 35 1
46 36 3
46 37 3
46 38 1
46 39 1
46 40 2
46 41 3
46 42 2
46 43 1
46 44 1
46 45 2
47 0 2
47 1 2
47 2 3
47 3 3
47 4 2
47 5 1
47 6 2
47 7 3
47 8 3
47 9 3
47 10 2
47 11 2
47 12 3
47 13 2
47 14 1
47 15 2
47 16 2
47 17 2
47 18 3
47 19 1
47 20 1
47 21 1
47 22 3
47 23 1
47 24 3
47 25 1
47 26 1
47 27 2
47 28 2
47 29 3
47 30 3
47 31 2
47 32 2
47 33 1
47 34 1
47 35 3
47 36 1
47 37 2
47 38 1
47 39 2
47 40 1
47 41 1
47 42 3
47 43 3
47 44 1
47 45 3
47 46 1
48 0 2
48 1 2
48 2 2
48 3 2
48 4 2
48 5 1
48 6 3
48 7 1
48 8 1
48 9 1
48 10 1
48 11 3
48 12 2
48 13 3
48 14 3
48 15 2
48 16 1
48 17 2
48 18 3
48 19 1
48 20 2
48 21 3
48 22 1
48 23 3
48 24 2
48 25 1
48 26 1
48 27 2
48 28 1
48 29 3
48 30 3
48 31 2
48 32 3
48 33 1
48 34 3
48 35 3
48 36 1
48 37 2
48 38 2
48 39 2
48 40 1
48 41 3
48 42 3
48 43 1
48 44 1
48 45 1
48 46 3
48 47 2
49 0 1
49 1 3
49 2 2
49 3 1
49 4 1
49 5 3
49 6 3
49 7 2
49 8 1
49 9 2
49 10 3
49 11 2
49 12 3
49 13 1
49 14 2
49 15 1
49 16 1
49 17 1
49 18 3
49 19 2
49 20 3
49 21 2
49 22 1
49 23 1
49 24 1
49 25 1
49 26 3
49 27 3
49 28 2
49 29 3
49 30 1
49 31 1
49 32 2
49 33 2
49 34 1
49 35 3
49 36 2
49 37 2
49 38 2
49 39 3
49 40 3
49 41 2
49 42 3
49 43 1
49 44 3
49 45 3
49 46 2
49 47 3
49 48 1
50 0 3
50 1 2
50 2 3
50 3 1
50 4 3
50 5 1
50 6 2
50 7 3
50 8 1
50 9 3
50 10 2
50 11 2
50 12 1
50 13 2
50 14 2
50 15 3
50 16 2
50 17 2
50 18 1
50 19 3
50 20 1
50 21 1
50 22 3
50 23 2
50 24 2
50 25 1
50 26 2
50 27 2
50 28 3
50 29 1
50 30 2
50 31 2
50 32 1
50 33 3
50 34 1
50 35 3
50 36 3
50 37 2
50 38 2
50 39 1
50 40 1
50 41 1
50 42 2
50 43 1
50 44 1
50 45 2
50 46 3
50 47 1
50 48 3
50 49 3
51 0 2
51 1 3
51 2 1
51 3 2
51 4 2
51 5 2
51 6 1
51 7 2
51 8 3
51 9 1
51 10 2
51 11 2
51 12 2
51 13 2
51 14 2
51 15 3
51 16 1
51 17 1
51 18 3
51 19 2
51 20 1
51 21 3
51 22 2
51 23 3
51 24 3
51 25 2
51 26 1
51 27 1
51 28 1
51 29 2
51 30 2
51 31 2
51 32 3
51 33 1
51 34 3
51 35 1
51 36 1
51 37 2
51 38 2
51 39 1
51 40 2
51 41 2
51 42 1
51 43 1
51 44 2
51 45 2
51 46 1
51 47 3
51 48 3
51 49 3
51 50 1
52 0 3
52 1 2
52 2 3
52 3 3
52 4 1
52 5 2
52 6 2
52 7 1
52 8 1
52 9 1
52 10 3
52 11 1
52 12 3
52 13 2
52 14 1
52 15 3
52 16 1
52 17 1
52 18 2
52 19 2
52 20 2
52 21 1
52 22 3
52 23 3
52 24 1
52 25 3
52 26 3
52 27 2
52 28 3
52 29 3
52 30 3
52 31 1
52 32 2
52 33 1
52 34 1
52 35 3
52 36 1
52 37 2
52 38 1
52 39 1
52 40 1
52 41 2
52 42 3
52 43 2
52 44 3
52 45 1
52 46 1
52 47 3
52 48 1
52 49 1
52 50 1
52 51 1
53 0 3
53 1 1
53 2 2
53 3 3
53 4 1
53 5 1
53 6 3
53 7 1
53 8 3
53 9 1
53 10 1
53 11 2
53 12 1
53 13 3
53 14 2
53 15 2
53 16 3
53 17 2
53 18 2
53 19 3
53 20 2
53 21 1
53 22 1
53 23 1
53 24 3
53 25 3
53 26 1
53 27 2
53 28 3
53 29 1
53 30 1
53 31 1
53 32 1
53 33 2
53 34 3
53 35 1
53 36 2
53 37 2
53 38 3
53 39 3
53 40 2
53 41 3
53 42 2
53 43 2
53 44 3
53 45 2
53 46 2
53 47 1
53 48 3
53 49 3
53 50 3
53 51 3
53 52 1
54 0 3
54 1 1
54 2 2
54 3 1
54 4 1
54 5 3
54 6 3
54 7 3
54 8 1
54 9 3
54 10 2
54 11 1
54 12 3
54 13 2
54 14 2
54 15 3
54 16 1
54 17 3
54 18 3
54 19 1
54 20 2
54 21 2
54 22 1
54 23 3
54 24 1
54 25 2
54 26 3
54 27 3
54 28 2
54 29 1
54 30 1
54 31 1
54 32 3
54 33 2
54 34 1
54 35 1
54 36 2
54 37 3
54 38 2
54 39 3
54 40 3
54 41 2
54 42 2
54 43 3
54 44 1
54 45 3
54 46 2
54 47 2
54 48 2
54 49 1
54 50 1
54 51 1
54 52 3
54 53 1
55 0 2
55 1 2
55 2 1
55 3 3
55 4 1
55 5 3
55 6 3
55 7 3
55 8 3
55 9 3
55 10 2
55 11 2
55 12 2
55 13 3
55 14 2
55 15 3
55 16 1
55 17 1
55 18 3
55 19 2
55 20 3
55 21 2
55 22 3
55 23 2
55 24 3
55 25 3
55 26 3
55 27 1
55 28 2
55 29 2
55 30 2
55 31 1
55 32 1
55 33 3
55 34 3
55 35 3
55 36 2
55 37 3
55 38 2
55 39 1
55 40 3
55 41 1
55 42 2
55 43 1
55 44 1
55 45 1
55 46 1
55 47 3
55 48 1
55 49 3
55 50 1
55 51 2
55 52 2
55 53 2
55 54 3
56 0 1
56 1 1
56 2 3
56 3 3
56 4 2
56 5 1
56 6 3
56 7 1
56 8 2
56 9 3
56 10 3
56 11 1
56 12 2
56 13 2
56 14 3
56 15 1
56 16 3
56 17 3
56 18 1
56 19 1
56 20 2
56 21 3
56 22 1
56 23 2
56 24 2
56 25 3
56 26 2
56 27 2
56 28 1
56 29 2
56 30 3
56 31 2
56 32 1
56 33 2
56 34 1
56 35 3
56 36 1
56 37 3
56 38 1
56 39 1
56 40 1
56 41 3
56 42 2
56 43 1
56 44 3
56 45 1
56 46 1
56 47 2
56 48 2
56 49 2
56 50 1
56 51 2
56 52 3
56 53 3
56 54 2
56 55 1
57 0 1
57 1 3
57 2 2
57 3 1
57 4 1
57 5 2
57 6 1
57 7 1
57 8 2
57 9 3
57 10 1
57 11 2
57 12 3
57 13 2
57 14 2
57 15 3
57 16 3
57 17 1
57 18 3
57 19 3
57 20 1
57 21 2
57 22 2
57 23 1
57 24 2
57 25 2
57 26 2
57 27 3
57 28 3
57 29 2
57 30 3
57 31 2
57 32 1
57 33 1
57 34 1
57 35 3
57 36 3
57 37 1
57 38 2
57 39 1
57 40 2
57 41 1
57 42 2
57 43 3
57 44 2
57 45 1
57 46 2
57 47 2
57 48 1
57 49 1
57 50 3
57 51 3
57 52 3
57 53 1
57 54 1
57 55 2
57 56 3
58 0 2
58 1 3
58 2 1
58 3 3
58 4 2
58 5 3
58 6 1
58 7 1
58 8 3
58 9 2
58 10 2
58 11 1
58 12 3
58 13 1
58 14 3
58 15 1
58 16 1
58 17 1
58 18 1
58 19 3
58 20 1
58 21 2
58 22 2
58 23 3
58 24 2
58 25 2
58 26 2
58 27 1
58 28 1
58 29 2
58 30 1
58 31 2
58 32 2
58 33 1
58 34 1
58 35 2
58 36 1
58 37 2
58 38 2
58 39 1
58 40 2
58 41 2
58 42 3
58 43 2
58 44 2
58 45 1
58 46 1
58 47 2
58 48 1
58 49 3
58 50 3
58 51 3
58 52 2
58 53 2
58 54 3
58 55 1
58 56 2
58 57 1
59 0 1
59 1 2
59 2 3
59 3 2
59 4 3
59 5 2
59 6 3
59 7 1
59 8 3
59 9 1
59 10 2
59 11 3
59 12 2
59 13 1
59 14 1
59 15 1
59 16 3
59 17 1
59 18 3
59 19 3
59 20 1
59 21 1
59 22 3
59 23 1
59 24 1
59 25 3
59 26 1
59 27 3
59 28 2
59 29 3
59 30 1
59 31 2
59 32 3
59 33 3
59 34 2
59 35 3
59 36 3
59 37 3
59 38 2
59 39 2
59 40 3
59 41 3
59 42 2
59 43 3
59 44 2
59 45 2
59 46 2
59 47 3
59 48 1
59 49 1
59 50 1
59 51 3
59 52 3
59 53 3
59 54 3
59 55 1
59 56 1
59 57 1
59 58 1
