70
1 0 1
2 0 5
2 1 5
3 0 4
3 1 1
3 2 6
4 0 7
4 1 5
4 2 1
4 3 1
5 0 1
5 1 1
5 2 4
5 3 5
5 4 4
6 0 3
6 1 4
6 2 8
6 3 8
6 4 8
6 5 6
7 0 4
7 1 5
7 2 4
7 3 6
7 4 2
7 5 4
7 6 3
8 0 6
8 1 2
8 2 7
8 3 1
8 4 6
8 5 3
8 6 4
8 7 1
9 0 8
9 1 1
9 2 8
9 3 4
9 4 2
9 5 7
9 6 4
9 7 5
9 8 6
10 0 2
10 1 2
10 2 8
10 3 4
10 4 4
10 5 6
10 6 6
10 7 7
10 8 5
10 9 3
11 0 4
11 1 6
11 2 3
11 3 8
11 4 8
11 5 4
11 6 7
11 7 2
11 8 8
11 9 7
11 10 1
12 0 7
12 1 7
12 2 4
12 3 8
12 4 3
12 5 7
12 6 5
12 7 3
12 8 8
12 9 5
12 10 5
12 11 4
13 0 6
13 1 5
13 2 4
13 3 7
13 4 8
13 5 1
13 6 3
13 7 7
13 8 3
13 9 2
13 10 3
13 11 1
13 12 7
14 0 6
14 1 6
14 2 8
14 3 8
14 4 8
14 5 6
14 6 3
14 7 7
14 8 4
14 9 8
14 10 4
14 11 3
14 12 3
14 13 3
15 0 3
15 1 2
15 2 3
15 3 1
15 4 2
15 5 5
15 6 6
15 7 2
15 8 4
15 9 3
15 10 8
15 11 4
15 12 2
15 13 2
15 14 3
16 0 6
16 1 4
16 2 2
16 3 3
16 4 4
16 5 2
16 6 7
16 7 8
16 8 4
16 9 5
16 10 6
16 11 5
16 12 4
16 13 7
16 14 6
16 15 4
17 0 7
17 1 6
17 2 1
17 3 5
17 4 2
17 5 8
17 6 8
17 7 8
17 8 6
17 9 1
17 10 3
17 11 4
17 12 1
17 13 1
17 14 8
17 15 2
17 16 6
18 0 7
18 1 2
18 2 4
18 3 6
18 4 7
18 5 3
18 6 5
18 7 2
18 8 3
18 9 4
18 10 2
18 11 1
18 12 2
18 13 4
18 14 4
18 15 2
18 16 4
18 17 5
19 0 5
19 1 2
19 2 5
19 3 2
19 4 2
19 5 5
19 6 6
19 7 2
19 8 4
19 9 1
19 10 8
19 11 1
19 12 6
19 13 4
19 14 1
19 15 7
19 16 5
19 17 1
19 18 4
20 0 8
20 1 6
20 2 6
20 3 8
20 4 3
20 5 3
20 6 4
20 7 5
20 8 4
20 9 7
20 10 7
20 11 4
20 12 2
20 13 8
20 14 7
20 15 1
20 16 7
20 17 1
20 18 5
20 19 7
21 0 7
21 1 8
21 2 2
21 3 4
21 4 6
21 5 3
21 6 8
21 7 5
21 8 5
21 9 3
21 10 6
21 11 6
21 12 7
21 13 6
21 14 4
21 15 8
21 16 6
21 17 4
21 18 3
21 19 5
21 20 7
22 0 3
22 1 1
22 2 5
22 3 7
22 4 6
22 5 6
22 6 2
22 7 2
22 8 5
22 9 1
22 10 1
22 11 8
22 12 1
22 13 5
22 14 5
22 15 8
22 16 6
22 17 6
22 18 4
22 19 5
22 20 1
22 21 3
23 0 7
23 1 3
23 2 2
23 3 8
23 4 7
23 5 2
23 6 7
23 7 2
23 8 2
23 9 3
23 10 1
23 11 8
23 12 5
23 13 1
23 14 4
23 15 8
23 16 6
23 17 1
23 18 1
23 19 4
23 20 3
23 21 3
23 22 7
24 0 4
24 1 5
24 2 8
24 3 5
24 4 4
24 5 5
24 6 8
24 7 1
24 8 6
24 9 5
24 10 4
24 11 8
24 12 2
24 13 7
24 14 3
24 15 4
24 16 3
24 17 6
24 18 3
24 19 8
24 20 7
24 21 5
24 22 4
24 23 3
25 0 6
25 1 8
25 2 4
25 3 3
25 4 1
25 5 1
25 6 5
25 7 3
25 8 6
25 9 5
25 10 5
25 11 5
25 12 6
25 13 3
25 14 2
25 15 7
25 16 4
25 17 7
25 18 1
25 19 8
25 20 1
25 21 6
25 22 2
25 23 1
25 24 7
26 0 5
26 1 4
26 2 5
26 3 7
26 4 2
26 5 4
26 6 3
26 7 3
26 8 5
26 9 1
26 10 7
26 11 6
26 12 1
26 13 8
26 14 6
26 15 6
26 16 2
26 17 7
26 18 2
26 19 1
26 20 7
26 21 5
26 22 4
26 23 5
26 24 6
26 25 2
27 0 7
27 1 2
27 2 4
27 3 5
27 4 6
27 5 7
27 6 2
27 7 7
27 8 1
27 9 8
27 10 3
27 11 6
27 12 4
27 13 4
27 14 3
27 15 7
27 16 7
27 17 2
27 18 7
27 19 8
27 20 7
27 21 7
27 22 8
27 23 1
27 24 4
27 25 5
27 26 6
28 0 8
28 1 7
28 2 3
28 3 8
28 4 1
28 5 6
28 6 2
28 7 3
28 8 5
28 9 3
28 10 7
28 11 3
28 12 1
28 13 2
28 14 4
28 15 5
28 16 2
28 17 7
28 18 8
28 19 5
28 20 2
28 21 5
28 22 5
28 23 7
28 24 6
28 25 7
28 26 3
28 27 5
29 0 4
29 1 5
29 2 6
29 3 1
29 4 2
29 5 1
29 6 4
29 7 3
29 8 3
29 9 5
29 10 6
29 11 8
29 12 2
29 13 5
29 14 6
29 15 8
29 16 5
29 17 4
29 18 3
29 19 5
29 20 4
29 21 7
29 22 3
29 23 8
29 24 8
29 25 5
29 26 6
29 27 5
29 28 1
30 0 6
30 1 3
30 2 1
30 3 8
30 4 3
30 5 8
30 6 8
30 7 1
30 8 2
30 9 2
30 10 1
30 11 4
30 12 4
30 13 7
30 14 1
30 15 1
30 16 4
30 17 2
30 18 7
30 19 4
30 20 2
30 21 3
30 22 1
30 23 3
30 24 5
30 25 7
30 26 8
30 27 4
30 28 3
30 29 3
31 0 5
31 1 1
31 2 1
31 3 5
31 4 5
31 5 2
31 6 2
31 7 4
31 8 7
31 9 5
31 10 6
31 11 8
31 12 7
31 13 1
31 14 2
31 15 1
31 16 8
31 17 1
31 18 6
31 19 8
31 20 2
31 21 8
31 22 6
31 23 3
31 24 4
31 25 6
31 26 3
31 27 7
31 28 1
31 29 1
31 30 1
32 0 3
32 1 6
32 2 5
32 3 2
32 4 2
32 5 8
32 6 2
32 7 5
32 8 7
32 9 4
32 10 2
32 11 1
32 12 6
32 13 2
32 14 3
32 15 4
32 16 3
32 17 6
32 18 7
32 19 8
32 20 4
32 21 3
32 22 4
32 23 3
32 24 2
32 25 8
32 26 4
32 27 4
32 28 3
32 29 5
32 30 1
32 31 3
33 0 4
33 1 3
33 2 4
33 3 6
33 4 5
33 5 6
33 6 1
33 7 6
33 8 4
33 9 5
33 10 8
33 11 1
33 12 7
33 13 1
33 14 7
33 15 6
33 16 6
33 17 6
33 18 6
33 19 7
33 20 3
33 21 2
33 22 6
33 23 3
33 24 3
33 25 8
33 26 3
33 27 1
33 28 7
33 29 8
33 30 6
33 31 7
33 32 2
34 0 5
34 1 4
34 2 2
34 3 3
34 4 2
34 5 4
34 6 4
34 7 4
34 8 4
34 9 3
34 10 4
34 11 7
34 12 1
34 13 8
34 14 3
34 15 7
34 16 2
34 17 2
34 18 1
34 19 7
34 20 5
34 21 8
34 22 6
34 23 3
34 24 6
34 25 5
34 26 5
34 27 1
34 28 3
34 29 5
34 30 6
34 31 2
34 32 3
34 33 5
35 0 3
35 1 4
35 2 5
35 3 2
35 4 2
35 5 2
35 6 5
35 7 6
35 8 5
35 9 7
35 10 4
35 11 7
35 12 4
35 13 6
35 14 5
35 15 7
35 16 6
35 17 2
35 18 6
35 19 7
35 20 5
35 21 5
35 22 8
35 23 6
35 24 2
35 25 3
35 26 7
35 27 6
35 28 5
35 29 1
35 30 3
35 31 6
35 32 6
35 33 4
35 34 5
36 0 4
36 1 6
36 2 8
36 3 1
36 4 6
36 5 3
36 6 3
36 7 1
36 8 6
36 9 1
36 10 2
36 11 2
36 12 3
36 13 4
36 14 7
36 15 2
36 16 8
36 17 7
36 18 2
36 19 7
36 20 6
36 21 1
36 22 5
36 23 7
36 24 7
36 25 7
36 26 7
36 27 3
36 28 2
36 29 5
36 30 6
36 31 7
36 32 5
36 33 5
36 34 6
36 35 8
37 0 6
37 1 1
37 2 6
37 3 1
37 4 8
37 5 1
37 6 8
37 7 5
37 8 8
37 9 3
37 10 3
37 11 5
37 12 1
37 13 2
37 14 2
37 15 1
37 16 4
37 17 3
37 18 4
37 19 7
37 20 2
37 21 7
37 22 1
37 23 6
37 24 6
37 25 3
37 26 1
37 27 6
37 28 6
37 29 7
37 30 6
37 31 2
37 32 6
37 33 5
37 34 1
37 35 3
37 36 2
38 0 6
38 1 8
38 2 8
38 3 3
38 4 4
38 5 8
38 6 6
38 7 7
38 8 5
38 9 6
38 10 1
38 11 6
38 12 4
38 13 7
38 14 7
38 15 2
38 16 8
38 17 6
38 18 7
38 19 2
38 20 2
38 21 8
38 22 1
38 23 3
38 24 1
38 25 8
38 26 4
38 27 7
38 28 1
38 29 7
38 30 5
38 31 5
38 32 5
38 33 8
38 34 1
38 35 2
38 36 5
38 37 2
39 0 1
39 1 1
39 2 2
39 3 2
39 4 2
39 5 1
39 6 2
39 7 4
39 8 6
39 9 1
39 10 4
39 11 7
39 12 8
39 13 6
39 14 7
39 15 5
39 16 6
39 17 1
39 18 2
39 19 3
39 20 3
39 21 2
39 22 3
39 23 3
39 24 5
39 25 7
39 26 8
39 27 5
39 28 7
39 29 1
39 30 1
39 31 6
39 32 3
39 33 2
39 34 5
39 35 2
39 36 8
39 37 6
39 38 6
40 0 5
40 1 6
40 2 3
40 3 4
40 4 2
40 5 7
40 6 6
40 7 3
40 8 5
40 9 8
40 10 4
40 11 1
40 12 3
40 13 1
40 14 3
40 15 3
40 16 6
40 17 5
40 18 5
40 19 2
40 20 3
40 21 1
40 22 2
40 23 7
40 24 6
40 25 4
40 26 1
40 27 1
40 28 3
40 29 8
40 30 5
40 31 8
40 32 7
40 33 3
40 34 7
40 35 1
40 36 7
40 37 4
40 38 4
40 39 4
41 0 1
41 1 8
41 2 8
41 3 4
41 4 2
41 5 2
41 6 1
41 7 5
41 8 2
41 9 1
41 10 2
41 11 3
41 12 8
41 13 7
41 14 5
41 15 7
41 16 6
41 17 8
41 18 5
41 19 3
41 20 4
41 21 3
41 22 5
41 23 5
41 24 4
41 25 1
41 26 8
41 27 4
41 28 5
41 29 4
41 30 1
41 31 4
41 32 7
41 33 3
41 34 7
41 35 2
41 36 7
41 37 2
41 38 8
41 39 2
41 40 8
42 0 1
42 1 4
42 2 6
42 3 6
42 4 6
42 5 8
42 6 1
42 7 3
42 8 5
42 9 1
42 10 5
42 11 4
42 12 5
42 13 1
42 14 5
42 15 3
42 16 5
42 17 8
42 18 4
42 19 3
42 20 7
42 21 3
42 22 6
42 23 4
42 24 5
42 25 2
42 26 2
42 27 1
42 28 8
42 29 8
42 30 2
42 31 6
42 32 6
42 33 1
42 34 1
42 35 1
42 36 4
42 37 3
42 38 7
42 39 6
42 40 2
42 41 2
43 0 3
43 1 2
43 2 8
43 3 3
43 4 4
43 5 4
43 6 8
43 7 5
43 8 7
43 9 2
43 10 8
43 11 4
43 12 4
43 13 5
43 14 5
43 15 3
43 16 1
43 17 1
43 18 2
43 19 3
43 20 4
43 21 6
43 22 4
43 23 4
43 24 4
43 25 4
43 26 8
43 27 6
43 28 6
43 29 3
43 30 3
43 31 6
43 32 8
43 33 1
43 34 6
43 35 6
43 36 6
43 37 7
43 38 7
43 39 7
43 40 3
43 41 8
43 42 7
44 0 6
44 1 4
44 2 5
44 3 2
44 4 1
44 5 5
44 6 8
44 7 8
44 8 1
44 9 1
44 10 7
44 11 2
44 12 4
44 13 4
44 14 5
44 15 5
44 16 3
44 17 8
44 18 4
44 19 6
44 20 8
44 21 8
44 22 2
44 23 7
44 24 3
44 25 6
44 26 5
44 27 6
44 28 6
44 29 5
44 30 3
44 31 8
44 32 7
44 33 4
44 34 5
44 35 6
44 36 1
44 37 5
44 38 4
44 39 2
44 40 6
44 41 3
44 42 3
44 43 3
45 0 4
45 1 1
45 2 6
45 3 7
45 4 3
45 5 3
45 6 2
45 7 1
45 8 4
45 9 2
45 10 6
45 11 6
45 12 7
45 13 8
45 14 3
45 15 7
45 16 5
45 17 7
45 18 1
45 19 5
45 20 8
45 21 8
45 22 7
45 23 6
45 24 2
45 25 4
45 26 6
45 27 1
45 28 5
45 29 1
45 30 3
45 31 6
45 32 8
45 33 3
45 34 6
45 35 3
45 36 8
45 37 5
45 38 6
45 39 5
45 40 5
45 41 4
45 42 8
45 43 7
45 44 4
46 0 1
46 1 3
46 2 2
46 3 3
46 4 5
46 5 2
46 6 1
46 7 3
46 8 1
46 9 4
46 10 1
46 11 6
46 12 7
46 13 7
46 14 5
46 15 3
46 16 6
46 17 2
46 18 4
46 19 4
46 20 6
46 21 1
46 22 2
46 23 6
46 24 3
46 25 2
46 26 1
46 27 4
46 28 2
46 29 5
46 30 3
46 31 5
46 32 2
46 33 2
46 34 5
46 35 3
46 36 6
46 37 8
46 38 1
46 39 7
46 40 8
46 41 7
46 42 8
46 43 8
46 44 3
46 45 4
47 0 1
47 1 5
47 2 2
47 3 2
47 4 3
47 5 6
47 6 4
47 7 4
47 8 6
47 9 6
47 10 5
47 11 2
47 12 8
47 13 3
47 14 1
47 15 6
47 16 8
47 17 7
47 18 3
47 19 7
47 20 6
47 21 6
47 22 2
47 23 2
47 24 2
47 25 4
47 26 2
47 27 6
47 28 6
47 29 1
47 30 1
47 31 6
47 32 6
47 33 1
47 34 6
47 35 3
47 36 4
47 37 6
47 38 3
47 39 4
47 40 8
47 41 6
47 42 4
47 43 1
47 44 2
47 45 4
47 46 5
48 0 1
48 1 3
48 2 3
48 3 6
48 4 7
48 5 6
48 6 6
48 7 8
48 8 2
48 9 7
48 10 2
48 11 2
48 12 5
48 13 7
48 14 8
48 15 4
48 16 4
48 17 6
48 18 4
48 19 3
48 20 2
48 21 2
48 22 7
48 23 1
48 24 8
48 25 7
48 26 1
48 27 5
48 28 1
48 29 4
48 30 3
48 31 8
48 32 1
48 33 5
48 34 6
48 35 6
48 36 2
48 37 5
48 38 5
48 39 3
48 40 5
48 41 6
48 42 6
48 43 2
48 44 3
48 45 2
48 46 1
48 47 6
49 0 2
49 1 6
49 2 7
49 3 2
49 4 8
49 5 5
49 6 4
49 7 6
49 8 7
49 9 8
49 10 1
49 11 4
49 12 1
49 13 5
49 14 2
49 15 4
49 16 2
49 17 4
49 18 3
49 19 7
49 20 7
49 21 2
49 22 5
49 23 5
49 24 2
49 25 4
49 26 8
49 27 2
49 28 1
49 29 1
49 30 3
49 31 6
49 32 7
49 33 4
49 34 8
49 35 2
49 36 6
49 37 7
49 38 4
49 39 8
49 40 4
49 41 3
49 42 3
49 43 8
49 44 2
49 45 5
49 46 4
49 47 1
49 48 7
50 0 6
50 1 2
50 2 6
50 3 6
50 4 1
50 5 7
50 6 1
50 7 5
50 8 5
50 9 5
50 10 5
50 11 6
50 12 3
50 13 3
50 14 3
50 15 2
50 16 6
50 17 6
50 18 3
50 19 8
50 20 5
50 21 8
50 22 3
50 23 6
50 24 8
50 25 4
50 26 2
50 27 2
50 28 3
50 29 6
50 30 8
50 31 7
50 32 5
50 33 8
50 34 1
50 35 8
50 36 1
50 37 4
50 38 5
50 39 4
50 40 6
50 41 2
50 42 5
50 43 2
50 44 6
50 45 5
50 46 4
50 47 3
50 48 5
50 49 1
51 0 6
51 1 7
51 2 7
51 3 8
51 4 5
51 5 4
51 6 4
51 7 5
51 8 3
51 9 6
51 10 7
51 11 1
51 12 5
51 13 3
51 14 6
51 15 5
51 16 6
51 17 7
51 18 3
51 19 7
51 20 6
51 21 6
51 22 4
51 23 2
51 24 4
51 25 2
51 26 8
51 27 6
51 28 5
51 29 8
51 30 3
51 31 3
51 32 7
51 33 4
51 34 8
51 35 7
51 36 5
51 37 5
51 38 6
51 39 2
51 40 6
51 41 7
51 42 1
51 43 2
51 44 1
51 45 8
51 46 6
51 47 3
51 48 4
51 49 3
51 50 3
52 0 6
52 1 1
52 2 1
52 3 4
52 4 2
52 5 3
52 6 5
52 7 4
52 8 1
52 9 1
52 10 3
52 11 2
52 12 8
52 13 6
52 14 7
52 15 6
52 16 5
52 17 4
52 18 8
52 19 6
52 20 8
52 21 1
52 22 4
52 23 8
52 24 5
52 25 3
52 26 1
52 27 7
52 28 2
52 29 5
52 30 5
52 31 2
52 32 2
52 33 5
52 34 1
52 35 1
52 36 2
52 37 8
52 38 8
52 39 5
52 40 7
52 41 4
52 42 5
52 43 4
52 44 4
52 45 7
52 46 2
52 47 8
52 48 4
52 49 6
52 50 1
52 51 7
53 0 8
53 1 8
53 2 1
53 3 6
53 4 2
53 5 8
53 6 2
53 7 6
53 8 2
53 9 7
53 10 8
53 11 7
53 12 4
53 13 2
53 14 7
53 15 1
53 16 5
53 17 8
53 18 5
53 19 4
53 20 1
53 21 3
53 22 5
53 23 2
53 24 4
53 25 7
53 26 3
53 27 3
53 28 6
53 29 7
53 30 6
53 31 1
53 32 4
53 33 3
53 34 7
53 35 1
53 36 6
53 37 1
53 38 3
53 39 5
53 40 1
53 41 5
53 42 3
53 43 7
53 44 8
53 45 6
53 46 8
53 47 4
53 48 1
53 49 8
53 50 8
53 51 2
53 52 2
54 0 8
54 1 5
54 2 4
54 3 1
54 4 1
54 5 2
54 6 3
54 7 5
54 8 5
54 9 5
54 10 8
54 11 8
54 12 2
54 13 3
54 14 1
54 15 3
54 16 3
54 17 1
54 18 7
54 19 6
54 20 7
54 21 2
54 22 1
54 23 7
54 24 1
54 25 8
54 26 7
54 27 5
54 28 2
54 29 4
54 30 3
54 31 7
54 32 7
54 33 8
54 34 3
54 35 1
54 36 8
54 37 5
54 38 7
54 39 1
54 40 3
54 41 4
54 42 1
54 43 1
54 44 5
54 45 8
54 46 4
54 47 2
54 48 4
54 49 2
54 50 5
54 51 7
54 52 7
54 53 6
55 0 5
55 1 5
55 2 6
55 3 6
55 4 4
55 5 7
55 6 4
55 7 7
55 8 5
55 9 6
55 10 3
55 11 4
55 12 6
55 13 6
55 14 5
55 15 1
55 16 2
55 17 6
55 18 8
55 19 1
55 20 6
55 21 3
55 22 7
55 23 6
55 24 5
55 25 5
55 26 2
55 27 1
55 28 1
55 29 5
55 30 6
55 31 7
55 32 7
55 33 6
55 34 1
55 35 8
55 36 4
55 37 3
55 38 1
55 39 2
55 40 3
55 41 5
55 42 6
55 43 3
55 44 3
55 45 2
55 46 7
55 47 3
55 48 1
55 49 2
55 50 1
55 51 4
55 52 5
55 53 4
55 54 3
56 0 1
56 1 6
56 2 5
56 3 3
56 4 6
56 5 2
56 6 4
56 7 8
56 8 5
56 9 5
56 10 5
56 11 5
56 12 5
56 13 6
56 14 1
56 15 1
56 16 3
56 17 4
56 18 6
56 19 1
56 20 7
56 21 2
56 22 7
56 23 8
56 24 6
56 25 8
56 26 8
56 27 4
56 28 4
56 29 5
56 30 3
56 31 2
56 32 1
56 33 8
56 34 8
56 35 1
56 36 5
56 37 8
56 38 8
56 39 4
56 40 3
56 41 5
56 42 7
56 43 3
56 44 8
56 45 5
56 46 3
56 47 1
56 48 6
56 49 1
56 50 3
56 51 7
56 52 7
56 53 5
56 54 1
56 55 3
57 0 3
57 1 3
57 2 8
57 3 4
57 4 6
57 5 8
57 6 4
57 7 1
57 8 5
57 9 7
57 10 6
57 11 1
57 12 6
57 13 2
57 14 5
57 15 5
57 16 5
57 17 8
57 18 1
57 19 2
57 20 8
57 21 4
57 22 2
57 23 1
57 24 6
57 25 6
57 26 7
57 27 6
57 28 4
57 29 1
57 30 3
57 31 4
57 32 5
57 33 1
57 34 8
57 35 2
57 36 2
57 37 8
57 38 8
57 39 6
57 40 5
57 41 8
57 42 6
57 43 7
57 44 6
57 45 4
57 46 5
57 47 6
57 48 5
57 49 4
57 50 6
57 51 2
57 52 6
57 53 2
57 54 8
57 55 1
57 56 5
58 0 6
58 1 6
58 2 7
58 3 6
58 4 2
58 5 3
58 6 8
58 7 4
58 8 1
58 9 8
58 10 8
58 11 1
58 12 2
58 13 5
58 14 4
58 15 7
58 16 5
58 17 4
58 18 3
58 19 7
58 20 3
58 21 5
58 22 7
58 23 2
58 24 5
58 25 4
58 26 5
58 27 8
58 28 5
58 29 2
58 30 2
58 31 2
58 32 2
58 33 6
58 34 8
58 35 2
58 36 8
58 37 5
58 38 5
58 39 4
58 40 8
58 41 7
58 42 5
58 43 6
58 44 4
58 45 1
58 46 1
58 47 8
58 48 5
58 49 5
58 50 7
58 51 5
58 52 3
58 53 7
58 54 2
58 55 8
58 56 1
58 57 8
59 0 1
59 1 4
59 2 6
59 3 2
59 4 2
59 5 4
59 6 1
59 7 2
59 8 7
59 9 1
59 10 4
59 11 8
59 12 4
59 13 3
59 14 6
59 15 1
59 16 4
59 17 1
59 18 4
59 19 4
59 20 4
59 21 3
59 22 6
59 23 4
59 24 4
59 25 1
59 26 4
59 27 6
59 28 8
59 29 4
59 30 2
59 31 4
59 32 5
59 33 7
59 34 8
59 35 6
59 36 4
59 37 7
59 38 6
59 39 5
59 40 7
59 41 8
59 42 6
59 43 7
59 44 3
59 45 5
59 46 5
59 47 5
59 48 3
59 49 8
59 50 3
59 51 6
59 52 1
59 53 5
59 54 4
59 55 1
59 56 7
59 57 1
59 58 6
60 0 3
60 1 1
60 2 4
60 3 3
60 4 5
60 5 2
60 6 5
60 7 3
60 8 5
60 9 8
60 10 4
60 11 3
60 12 4
60 13 6
60 14 4
60 15 1
60 16 2
60 17 5
60 18 3
60 19 8
60 20 5
60 21 2
60 22 8
60 23 4
60 24 3
60 25 7
60 26 5
60 27 5
60 28 7
60 29 7
60 30 4
60 31 3
60 32 4
60 33 3
60 34 1
60 35 6
60 36 8
60 37 4
60 38 8
60 39 6
60 40 1
60 41 8
60 42 3
60 43 1
60 44 1
60 45 3
60 46 1
60 47 3
60 48 7
60 49 3
60 50 6
60 51 3
60 52 4
60 53 1
60 54 6
60 55 7
60 56 4
60 57 5
60 58 4
60 59 1
61 0 4
61 1 8
61 2 1
61 3 4
61 4 6
61 5 1
61 6 6
61 7 2
61 8 6
61 9 2
61 10 4
61 11 6
61 12 4
61 13 3
61 14 6
61 15 3
61 16 2
61 17 1
61 18 4
61 19 7
61 20 4
61 21 8
61 22 4
61 23 5
61 24 4
61 25 6
61 26 8
61 27 3
61 28 7
61 29 6
61 30 1
61 31 3
61 32 5
61 33 5
61 34 7
61 35 7
61 36 3
61 37 6
61 38 4
61 39 5
61 40 5
61 41 1
61 42 5
61 43 1
61 44 2
61 45 5
61 46 4
61 47 3
61 48 4
61 49 6
61 50 5
61 51 4
61 52 6
61 53 6
61 54 8
61 55 6
61 56 5
61 57 5
61 58 6
61 59 4
61 60 8
62 0 3
62 1 8
62 2 3
62 3 6
62 4 7
62 5 1
62 6 7
62 7 5
62 8 2
62 9 3
62 10 7
62 11 4
62 12 4
62 13 5
62 14 6
62 15 4
62 16 4
62 17 1
62 18 2
62 19 6
62 20 1
62 21 7
62 22 2
62 23 6
62 24 2
62 25 6
62 26 4
62 27 6
62 28 6
62 29 5
62 30 6
62 31 7
62 32 1
62 33 5
62 34 8
62 35 3
62 36 8
62 37 8
62 38 3
62 39 8
62 40 8
62 41 7
62 42 2
62 43 7
62 44 6
62 45 8
62 46 6
62 47 7
62 48 3
62 49 4
62 50 2
62 51 3
62 52 4
62 53 1
62 54 8
62 55 6
62 56 6
62 57 7
62 58 3
62 59 5
62 60 8
62 61 8
63 0 2
63 1 7
63 2 4
63 3 2
63 4 4
63 5 2
63 6 4
63 7 7
63 8 8
63 9 3
63 10 5
63 11 1
63 12 7
63 13 5
63 14 4
63 15 2
63 16 1
63 17 4
63 18 1
63 19 3
63 20 6
63 21 5
63 22 5
63 23 1
63 24 6
63 25 6
63 26 8
63 27 7
63 28 6
63 29 7
63 30 2
63 31 5
63 32 7
63 33 6
63 34 2
63 35 6
63 36 8
63 37 4
63 38 8
63 39 3
63 40 5
63 41 6
63 42 3
63 43 8
63 44 2
63 45 8
63 46 4
63 47 3
63 48 2
63 49 1
63 50 6
63 51 6
63 52 5
63 53 7
63 54 2
63 55 6
63 56 8
63 57 3
63 58 5
63 59 4
63 60 7
63 61 5
63 62 4
64 0 6
64 1 3
64 2 5
64 3 2
64 4 6
64 5 8
64 6 6
64 7 1
64 8 6
64 9 2
64 10 1
64 11 4
64 12 8
64 13 8
64 14 5
64 15 8
64 16 7
64 17 3
64 18 4
64 19 1
64 20 8
64 21 2
64 22 2
64 23 3
64 24 4
64 25 4
64 26 1
64 27 7
64 28 8
64 29 4
64 30 8
64 31 6
64 32 2
64 33 8
64 34 2
64 35 4
64 36 1
64 37 7
64 38 1
64 39 6
64 40 5
64 41 8
64 42 2
64 43 1
64 44 2
64 45 5
64 46 3
64 47 6
64 48 8
64 49 5
64 50 7
64 51 3
64 52 2
64 53 5
64 54 3
64 55 5
64 56 4
64 57 7
64 58 4
64 59 5
64 60 1
64 61 3
64 62 3
64 63 7
65 0 5
65 1 8
65 2 4
65 3 6
65 4 6
65 5 3
65 6 8
65 7 7
65 8 8
65 9 6
65 10 2
65 11 7
65 12 3
65 13 7
65 14 7
65 15 3
65 16 6
65 17 5
65 18 5
65 19 7
65 20 2
65 21 4
65 22 2
65 23 3
65 24 7
65 25 5
65 26 2
65 27 4
65 28 5
65 29 1
65 30 7
65 31 7
65 32 4
65 33 3
65 34 6
65 35 3
65 36 7
65 37 7
65 38 1
65 39 1
65 40 8
65 41 5
65 42 8
65 43 7
65 44 8
65 45 6
65 46 6
65 47 4
65 48 2
65 49 7
65 50 6
65 51 4
65 52 7
65 53 7
65 54 2
65 55 5
65 56 6
65 57 5
65 58 3
65 59 7
65 60 8
65 61 5
65 62 2
65 63 6
65 64 3
66 0 3
66 1 7
66 2 4
66 3 8
66 4 6
66 5 8
66 6 6
66 7 6
66 8 1
66 9 5
66 10 2
66 11 5
66 12 8
66 13 8
66 14 4
66 15 3
66 16 6
66 17 1
66 18 7
66 19 4
66 20 6
66 21 5
66 22 5
66 23 4
66 24 6
66 25 2
66 26 3
66 27 6
66 28 8
66 29 6
66 30 4
66 31 2
66 32 2
66 33 5
66 34 2
66 35 4
66 36 8
66 37 8
66 38 8
66 39 8
66 40 8
66 41 6
66 42 4
66 43 7
66 44 4
66 45 1
66 46 3
66 47 1
66 48 5
66 49 8
66 50 3
66 51 2
66 52 4
66 53 5
66 54 3
66 55 5
66 56 2
66 57 2
66 58 6
66 59 7
66 60 1
66 61 2
66 62 6
66 63 1
66 64 2
66 65 6
67 0 7
67 1 5
67 2 1
67 3 1
67 4 5
67 5 1
67 6 6
67 7 6
67 8 7
67 9 1
67 10 5
67 11 7
67 12 8
67 13 1
67 14 2
67 15 3
67 16 3
67 17 3
67 18 7
67 19 1
67 20 5
67 21 4
67 22 5
67 23 1
67 24 1
67 25 6
67 26 8
67 27 4
67 28 7
67 29 7
67 30 4
67 31 8
67 32 7
67 33 2
67 34 7
67 35 8
67 36 8
67 37 2
67 38 4
67 39 1
67 40 1
67 41 5
67 42 8
67 43 1
67 44 2
67 45 1
67 46 7
67 47 4
67 48 2
67 49 7
67 50 3
67 51 5
67 52 2
67 53 7
67 54 2
67 55 7
67 56 2
67 57 8
67 58 6
67 59 8
67 60 1
67 61 8
67 62 5
67 63 3
67 64 3
67 65 4
67 66 2
68 0 6
68 1 3
68 2 1
68 3 2
68 4 7
68 5 7
68 6 6
68 7 8
68 8 4
68 9 4
68 10 2
68 11 2
68 12 7
68 13 5
68 14 7
68 15 2
68 16 6
68 17 6
68 18 4
68 19 7
68 20 4
68 21 2
68 22 3
68 23 4
68 24 5
68 25 5
68 26 7
68 27 5
68 28 2
68 29 8
68 30 7
68 31 1
68 32 8
68 33 7
68 34 1
68 35 4
68 36 6
68 37 8
68 38 3
68 39 6
68 40 3
68 41 1
68 42 2
68 43 7
68 44 7
68 45 6
68 46 1
68 47 4
68 48 5
68 49 4
68 50 6
68 51 4
68 52 2
68 53 5
68 54 2
68 55 3
68 56 4
68 57 7
68 58 5
68 59 5
68 60 5
68 61 7
68 62 1
68 63 6
68 64 6
68 65 6
68 66 2
68 67 2
69 0 3
69 1 2
69 2 4
69 3 2
69 4 6
69 5 8
69 6 1
69 7 8
69 8 5
69 9 3
69 10 4
69 11 5
69 12 1
69 13 6
69 14 7
69 15 5
69 16 6
69 17 2
69 18 1
69 19 5
69 20 1
69 21 4
69 22 8
69 23 1
69 24 2
69 25 5
69 26 5
69 27 7
69 28 6
69 29 3
69 30 2
69 31 5
69 32 2
69 33 5
69 34 8
69 35 6
69 36 8
69 37 7
69 38 8
69 39 2
69 40 8
69 41 8
69 42 7
69 43 7
69 44 6
69 45 6
69 46 4
69 47 7
69 48 4
69 49 6
69 50 4
69 51 2
69 52 5
69 53 7
69 54 5
69 55 8
69 56 4
69 57 1
69 58 3
69 59 5
69 60 7
69 61 4
69 62 3
69 63 5
69 64 2
69 65 2
69 66 3
69 67 3
69 68 3
