40
3 0 1
3 1 5
4 0 1
4 1 2
4 2 13
5 0 13
5 2 1
5 3 1
5 4 7
6 4 6
7 0 11
7 3 5
7 4 13
7 5 9
7 6 9
8 0 4
8 1 2
8 5 3
9 1 11
9 7 12
9 8 6
10 4 7
10 6 3
10 7 6
10 8 7
10 9 10
11 4 12
11 7 10
11 8 11
11 9 7
11 10 2
12 2 10
12 10 9
13 1 1
13 2 1
13 3 13
13 4 11
13 7 4
13 8 6
13 9 5
13 10 12
13 12 8
14 0 12
14 1 10
14 3 3
14 5 9
14 8 6
14 9 7
14 11 3
14 12 7
15 3 7
15 7 8
15 9 10
15 14 5
16 1 2
16 2 5
16 5 7
16 6 1
16 8 5
16 11 4
16 13 13
16 14 8
16 15 1
17 2 10
17 4 2
17 6 4
17 8 11
17 9 13
17 11 10
17 14 1
17 15 6
18 4 8
18 5 7
18 7 10
18 8 9
18 10 3
18 13 6
18 15 3
18 16 9
19 0 7
19 1 11
19 2 11
19 3 11
19 5 3
19 8 11
19 9 10
19 14 3
19 15 10
19 17 11
19 18 11
20 0 11
20 2 1
20 5 3
20 7 3
20 9 1
20 11 3
20 12 13
20 14 4
20 17 10
20 18 5
21 2 3
21 3 8
21 8 1
21 10 3
21 12 9
21 14 11
21 15 7
21 19 13
22 1 2
22 2 3
22 5 7
22 8 1
22 11 11
22 16 8
22 17 6
22 18 12
23 0 10
23 1 1
23 5 10
23 6 3
23 11 6
23 12 6
23 15 13
23 16 13
23 18 12
23 19 5
23 20 10
23 21 4
23 22 7
24 3 8
24 4 4
24 5 3
24 6 8
24 9 4
24 11 4
24 14 10
24 20 1
24 21 2
25 0 13
25 1 12
25 5 3
25 6 4
25 7 8
25 8 7
25 12 7
25 14 1
25 20 5
25 24 12
26 0 10
26 2 7
26 3 12
26 4 11
26 5 4
26 7 3
26 9 6
26 13 11
26 14 10
26 16 7
26 24 1
26 25 7
27 0 3
27 1 12
27 4 10
27 5 8
27 6 11
27 7 1
27 8 12
27 9 4
27 10 13
27 11 12
27 13 6
27 14 4
27 16 7
27 19 12
27 21 10
27 22 9
27 24 12
28 1 6
28 3 11
28 6 3
28 7 6
28 8 13
28 9 6
28 10 5
28 13 3
28 16 8
28 18 8
28 20 8
28 21 2
28 25 11
28 26 4
28 27 10
29 1 9
29 3 5
29 4 1
29 7 1
29 9 4
29 10 5
29 13 9
29 14 8
29 16 1
29 17 13
29 18 11
29 20 5
29 21 2
29 22 2
29 23 10
29 25 13
29 26 12
29 28 1
30 0 4
30 2 2
30 3 10
30 7 8
30 9 1
30 10 2
30 15 9
30 16 10
30 18 3
30 20 5
30 23 13
30 25 2
30 26 6
30 27 12
30 28 12
30 29 6
31 0 12
31 2 4
31 3 5
31 6 5
31 10 5
31 11 9
31 13 12
31 14 13
31 18 12
31 21 1
31 22 3
31 25 7
31 28 4
31 30 10
32 1 13
32 2 8
32 3 12
32 5 2
32 6 12
32 9 7
32 10 10
32 13 6
32 17 7
32 18 9
32 19 10
32 20 1
32 22 10
32 23 5
32 27 5
32 28 1
32 29 4
33 0 11
33 2 10
33 3 10
33 4 8
33 6 11
33 9 11
33 12 10
33 13 2
33 15 13
33 16 4
33 19 9
33 20 2
33 21 12
33 25 2
33 28 5
33 29 3
34 0 12
34 1 12
34 2 1
34 4 11
34 7 5
34 11 3
34 14 13
34 16 9
34 19 3
34 20 8
34 27 5
34 28 7
35 0 11
35 4 6
35 6 7
35 10 5
35 12 12
35 14 12
35 17 13
35 19 13
35 24 2
35 26 8
35 27 5
35 28 8
36 2 13
36 3 10
36 4 11
36 5 12
36 6 3
36 7 1
36 10 1
36 11 1
36 13 8
36 14 3
36 16 3
36 17 12
36 19 2
36 20 4
36 25 7
36 28 6
36 32 13
37 0 10
37 1 8
37 4 2
37 5 3
37 6 11
37 7 8
37 11 12
37 16 10
37 18 7
37 20 4
37 23 13
37 24 9
37 28 6
37 31 13
37 32 4
37 35 13
37 36 10
38 0 13
38 2 7
38 3 11
38 4 1
38 7 10
38 11 7
38 13 10
38 14 10
38 21 9
38 23 2
38 24 3
38 26 9
38 30 13
38 33 4
38 37 13
39 3 6
39 4 3
39 6 4
39 13 11
39 14 13
39 16 12
39 17 5
39 19 6
39 20 11
39 22 8
39 24 10
39 29 12
39 30 13
39 31 12
39 36 10
39 37 11
