70
1 0 8
4 0 1
4 1 1
4 2 11
4 3 1
5 0 4
6 1 2
6 3 7
7 1 8
7 5 9
7 6 5
8 3 2
8 5 3
8 7 6
9 2 8
9 3 8
9 4 9
9 5 2
9 6 4
9 7 8
9 8 3
10 1 10
10 2 11
10 4 1
10 6 10
10 7 7
11 1 9
11 4 9
11 6 8
11 7 6
11 8 6
11 9 3
12 2 3
12 3 8
12 7 4
12 9 5
12 11 3
13 0 4
13 4 11
13 6 7
13 7 1
14 1 3
14 3 7
14 6 7
14 10 10
15 0 2
15 5 7
15 8 4
15 11 8
15 13 6
15 14 1
16 3 1
16 5 7
16 7 1
16 10 1
16 15 9
17 0 5
17 2 4
17 3 1
17 4 5
17 6 9
17 8 2
17 10 9
17 11 6
17 12 5
17 14 9
17 15 10
18 0 4
18 3 1
18 8 1
18 11 2
18 12 8
18 13 2
18 14 9
18 15 6
18 16 1
19 0 5
19 1 2
19 2 5
19 5 6
19 6 7
19 8 11
19 11 2
19 13 8
19 15 2
19 16 3
19 17 3
19 18 9
20 0 6
20 2 6
20 5 7
20 9 11
20 11 8
20 13 5
20 14 7
20 17 10
20 19 10
21 0 5
21 2 7
21 3 7
21 4 5
21 5 1
21 7 7
21 10 8
21 13 9
21 14 10
21 15 6
21 17 7
21 18 6
21 20 8
22 2 2
22 7 9
22 8 3
22 9 6
22 11 3
22 12 2
22 18 4
22 19 1
23 0 6
23 1 2
23 3 7
23 5 9
23 6 8
23 7 3
23 10 10
23 11 1
23 12 3
23 13 7
23 14 10
23 15 6
23 16 1
23 19 9
24 1 1
24 2 7
24 4 5
24 7 9
24 9 5
24 11 5
24 12 5
24 13 5
24 15 10
24 16 2
24 20 4
24 23 1
25 0 2
25 2 9
25 5 8
25 6 5
25 7 11
25 8 7
25 9 2
25 11 5
25 12 6
25 13 2
25 14 3
25 16 1
25 18 9
25 19 10
25 20 8
25 21 4
25 22 5
25 23 2
25 24 6
26 1 6
26 2 3
26 3 3
26 5 2
26 6 5
26 8 5
26 9 8
26 12 4
26 13 6
26 14 8
26 15 10
26 18 9
26 21 5
26 22 8
27 0 5
27 3 1
27 4 2
27 6 10
27 7 6
27 8 4
27 9 1
27 10 3
27 13 9
27 14 3
27 15 3
27 16 10
27 21 7
27 24 1
28 1 3
28 4 6
28 6 8
28 10 10
28 12 9
28 13 1
28 14 3
28 15 5
28 20 11
28 21 3
28 24 5
28 27 8
29 0 7
29 1 5
29 3 5
29 4 1
29 8 9
29 10 3
29 11 1
29 12 3
29 14 5
29 18 9
29 19 2
29 23 4
29 26 3
30 0 1
30 1 2
30 2 10
30 7 7
30 8 4
30 9 2
30 10 6
30 11 2
30 17 5
30 22 6
30 23 5
30 24 1
30 25 6
30 28 11
30 29 2
31 0 1
31 3 6
31 7 11
31 8 6
31 13 3
31 15 6
31 16 1
31 18 6
31 19 2
31 20 10
31 22 11
31 23 4
31 27 7
31 28 10
31 29 1
32 4 5
32 5 9
32 7 9
32 8 5
32 9 4
32 11 6
32 13 4
32 17 10
32 18 4
32 19 6
32 22 9
32 24 2
32 26 7
32 27 5
32 29 6
33 0 1
33 1 6
33 2 8
33 7 2
33 8 11
33 11 1
33 12 3
33 15 2
33 17 5
33 18 7
33 19 4
33 22 10
33 23 7
33 24 1
33 25 11
33 28 1
33 29 9
34 1 4
34 2 8
34 3 4
34 5 6
34 6 4
34 7 7
34 8 6
34 9 11
34 10 2
34 15 1
34 17 4
34 18 4
34 19 8
34 20 3
34 21 3
34 22 4
34 24 11
34 26 5
34 32 11
34 33 5
35 1 8
35 5 4
35 6 1
35 7 1
35 9 1
35 11 11
35 12 6
35 15 8
35 17 1
35 19 10
35 20 11
35 25 6
35 26 10
35 27 2
35 30 11
35 31 1
35 32 3
35 33 1
35 34 1
36 3 11
36 4 1
36 6 2
36 7 1
36 8 7
36 9 3
36 11 9
36 14 11
36 15 9
36 16 5
36 19 9
36 22 1
36 24 2
36 25 2
36 26 4
36 28 4
36 29 7
36 31 3
36 33 3
36 34 8
37 0 1
37 1 11
37 3 2
37 5 6
37 6 7
37 8 6
37 9 4
37 11 5
37 12 7
37 13 1
37 16 9
37 17 3
37 20 4
37 21 8
37 23 11
37 24 2
37 25 1
37 26 7
38 0 8
38 2 7
38 3 6
38 5 1
38 9 5
38 11 10
38 14 6
38 15 8
38 19 3
38 24 8
38 26 1
38 30 7
38 31 11
38 34 2
38 35 9
38 36 5
39 1 6
39 2 1
39 7 10
39 8 5
39 12 9
39 13 9
39 15 7
39 16 5
39 17 3
39 18 2
39 19 3
39 20 4
39 22 6
39 23 2
39 27 10
39 30 7
39 31 11
39 32 8
39 34 1
39 36 5
40 0 10
40 4 11
40 5 7
40 8 10
40 10 5
40 11 5
40 12 8
40 15 8
40 16 4
40 17 5
40 18 11
40 21 4
40 22 2
40 23 6
40 24 7
40 29 10
40 31 9
40 33 2
40 36 8
40 37 1
40 39 2
41 0 2
41 1 7
41 4 6
41 5 4
41 6 7
41 7 3
41 8 9
41 10 2
41 11 8
41 13 6
41 14 6
41 16 8
41 18 2
41 20 9
41 23 10
41 24 9
41 25 3
41 28 2
41 29 6
41 34 2
41 35 9
41 37 8
41 40 7
42 0 4
42 2 1
42 3 7
42 8 7
42 10 7
42 12 5
42 15 6
42 16 4
42 17 5
42 18 2
42 20 4
42 21 2
42 23 2
42 24 3
42 25 3
42 27 10
42 28 8
42 29 6
42 31 1
42 33 8
42 34 3
42 37 1
42 40 9
42 41 2
43 0 6
43 1 11
43 3 3
43 4 11
43 5 2
43 9 5
43 11 10
43 12 5
43 14 6
43 15 6
43 18 11
43 19 4
43 21 6
43 23 4
43 24 8
43 35 9
43 37 9
43 38 8
43 40 2
43 41 7
44 0 9
44 1 9
44 6 2
44 7 2
44 8 9
44 9 3
44 11 8
44 12 10
44 13 6
44 14 5
44 15 7
44 18 9
44 20 10
44 21 9
44 22 6
44 23 8
44 24 4
44 25 6
44 27 2
44 28 11
44 35 11
44 37 8
44 38 6
45 0 10
45 5 10
45 7 6
45 9 6
45 13 1
45 18 4
45 19 4
45 20 5
45 21 6
45 24 9
45 28 10
45 31 6
45 33 4
45 34 8
45 35 9
45 36 1
45 39 1
45 40 8
45 42 11
45 43 11
46 0 4
46 1 11
46 2 3
46 3 4
46 7 6
46 9 5
46 12 9
46 14 10
46 15 9
46 16 11
46 18 6
46 24 8
46 26 10
46 27 7
46 29 6
46 30 8
46 31 10
46 37 7
46 40 1
46 42 7
46 43 10
46 44 9
46 45 5
47 1 8
47 3 2
47 4 3
47 5 7
47 6 4
47 7 11
47 9 9
47 12 7
47 14 3
47 17 6
47 20 11
47 21 2
47 23 7
47 24 1
47 28 1
47 29 4
47 31 4
47 34 10
47 37 10
47 39 9
47 40 1
47 43 1
47 46 8
48 1 9
48 4 8
48 9 5
48 11 11
48 13 11
48 14 7
48 15 10
48 16 9
48 17 2
48 18 5
48 20 9
48 23 7
48 24 8
48 30 7
48 31 8
48 37 9
49 1 8
49 3 6
49 4 8
49 5 8
49 9 6
49 11 2
49 12 9
49 14 9
49 15 7
49 16 2
49 18 9
49 19 6
49 20 5
49 24 8
49 25 8
49 29 1
49 30 4
49 31 10
49 32 9
49 35 8
49 37 4
49 38 8
49 39 10
49 42 6
49 43 7
49 44 10
49 45 4
49 46 1
49 47 10
49 48 6
50 0 10
50 1 4
50 2 8
50 5 3
50 8 3
50 9 8
50 10 11
50 13 7
50 20 11
50 23 2
50 24 2
50 25 10
50 26 1
50 27 9
50 28 5
50 29 4
50 30 3
50 31 6
50 32 8
50 33 3
50 37 9
50 38 10
50 42 4
50 43 1
50 46 2
50 49 11
51 4 7
51 5 4
51 6 4
51 7 9
51 9 9
51 10 6
51 13 3
51 16 6
51 18 8
51 19 3
51 20 10
51 21 1
51 22 6
51 23 10
51 30 2
51 31 6
51 32 6
51 34 9
51 35 5
51 37 6
51 38 5
51 41 9
51 42 4
51 44 9
51 45 4
51 48 2
51 49 8
51 50 2
52 0 6
52 5 4
52 7 9
52 9 10
52 10 5
52 11 7
52 12 6
52 13 6
52 16 11
52 18 8
52 19 9
52 20 11
52 25 7
52 29 3
52 30 5
52 35 5
52 38 11
52 41 3
52 45 8
52 48 11
52 49 8
52 50 6
53 3 5
53 5 6
53 7 8
53 8 9
53 10 3
53 11 3
53 12 5
53 13 5
53 16 4
53 17 2
53 18 4
53 20 6
53 21 2
53 23 7
53 24 8
53 27 10
53 29 11
53 30 9
53 31 2
53 33 3
53 36 10
53 37 3
53 38 5
53 39 9
53 40 4
53 41 4
53 42 5
53 43 11
53 44 10
53 46 5
53 48 11
53 49 1
53 51 7
53 52 8
54 1 2
54 3 2
54 5 10
54 6 2
54 7 7
54 11 6
54 13 1
54 16 6
54 17 1
54 18 9
54 20 7
54 21 11
54 24 2
54 29 5
54 30 8
54 31 7
54 33 5
54 35 9
54 39 4
54 40 7
54 41 5
54 44 11
54 45 7
54 48 5
54 49 9
54 50 5
54 51 3
54 52 2
55 4 3
55 5 4
55 7 6
55 9 3
55 11 9
55 13 4
55 14 4
55 16 8
55 18 6
55 21 3
55 23 2
55 24 1
55 25 1
55 31 1
55 33 3
55 35 11
55 39 5
55 41 5
55 42 5
55 46 8
55 47 7
55 51 7
55 54 4
56 1 4
56 2 4
56 3 6
56 4 4
56 5 7
56 6 8
56 7 10
56 8 11
56 9 8
56 12 6
56 13 2
56 14 8
56 19 6
56 21 4
56 23 4
56 24 1
56 29 4
56 30 9
56 31 6
56 32 8
56 33 10
56 40 10
56 42 4
56 44 10
56 45 6
56 46 10
56 48 8
56 49 11
56 51 3
56 52 1
56 55 8
57 3 1
57 5 9
57 6 2
57 13 2
57 16 3
57 17 6
57 19 8
57 24 1
57 26 8
57 28 1
57 29 10
57 30 7
57 31 10
57 32 6
57 33 9
57 35 3
57 40 8
57 41 8
57 42 1
57 44 5
57 45 2
57 47 4
57 49 6
57 51 8
57 55 3
57 56 11
58 1 2
58 2 4
58 3 3
58 4 3
58 8 1
58 9 1
58 10 4
58 20 8
58 22 10
58 27 10
58 28 5
58 30 7
58 31 3
58 32 2
58 33 4
58 35 9
58 40 5
58 41 1
58 46 6
58 47 5
58 50 7
58 51 6
58 53 3
58 54 8
58 55 6
58 56 6
59 0 11
59 1 10
59 3 1
59 4 1
59 5 4
59 7 9
59 8 10
59 9 7
59 13 4
59 17 4
59 19 2
59 20 4
59 21 7
59 22 9
59 23 1
59 25 7
59 27 8
59 28 1
59 30 1
59 31 4
59 34 5
59 35 11
59 37 2
59 38 2
59 39 11
59 40 1
59 41 4
59 42 5
59 44 10
59 46 9
59 48 2
59 49 10
59 52 1
59 53 7
59 58 11
60 0 5
60 4 4
60 5 4
60 6 10
60 7 3
60 8 10
60 10 6
60 12 10
60 13 7
60 14 8
60 15 3
60 17 6
60 18 11
60 20 9
60 21 4
60 23 9
60 28 6
60 32 10
60 34 9
60 35 8
60 37 4
60 38 3
60 39 2
60 41 5
60 42 1
60 43 6
60 45 5
60 48 9
60 50 9
60 53 5
60 54 9
60 56 1
61 0 11
61 1 10
61 3 4
61 6 5
61 8 6
61 11 1
61 13 5
61 14 7
61 16 11
61 23 2
61 26 8
61 28 7
61 30 3
61 35 5
61 36 4
61 38 11
61 40 7
61 41 11
61 47 9
61 48 2
61 50 2
61 51 1
61 52 4
61 54 9
61 58 4
62 1 2
62 3 8
62 8 4
62 9 6
62 10 2
62 11 8
62 13 4
62 20 10
62 21 11
62 23 8
62 25 3
62 29 5
62 30 11
62 31 4
62 37 10
62 39 8
62 40 1
62 41 3
62 42 11
62 43 1
62 47 1
62 48 1
62 49 4
62 50 7
62 52 9
62 53 7
62 54 11
62 55 1
62 56 2
62 58 2
63 0 4
63 2 7
63 5 7
63 6 10
63 7 7
63 8 3
63 10 11
63 11 6
63 17 8
63 18 6
63 19 8
63 24 5
63 25 5
63 26 5
63 27 6
63 28 11
63 29 1
63 30 9
63 31 8
63 32 9
63 33 6
63 35 1
63 36 9
63 37 2
63 40 7
63 41 1
63 44 2
63 46 4
63 51 6
63 53 6
63 54 10
63 56 9
63 57 2
63 58 11
63 60 9
64 0 8
64 3 6
64 4 4
64 5 3
64 7 9
64 10 5
64 12 6
64 15 2
64 16 9
64 18 3
64 19 9
64 23 6
64 28 3
64 31 7
64 32 3
64 33 11
64 34 8
64 35 3
64 37 2
64 41 5
64 45 8
64 50 2
64 53 8
64 54 9
64 56 1
64 57 7
64 61 3
64 63 5
65 0 5
65 2 7
65 3 3
65 4 9
65 7 10
65 8 11
65 12 3
65 14 11
65 15 10
65 18 4
65 23 8
65 24 8
65 25 8
65 26 1
65 27 9
65 30 5
65 37 7
65 38 1
65 39 2
65 41 8
65 42 1
65 44 9
65 46 1
65 49 8
65 50 11
65 55 11
65 57 11
65 60 5
65 61 6
65 63 7
65 64 2
66 0 9
66 1 2
66 3 10
66 4 9
66 5 8
66 7 3
66 10 5
66 11 5
66 17 10
66 20 5
66 22 8
66 23 7
66 24 11
66 27 7
66 32 6
66 33 4
66 38 8
66 39 5
66 40 4
66 42 1
66 45 10
66 46 10
66 48 8
66 50 10
66 54 4
66 55 5
66 58 3
66 59 3
66 60 5
66 62 4
66 64 5
66 65 5
67 0 10
67 1 9
67 2 7
67 6 7
67 8 8
67 10 8
67 11 1
67 12 9
67 15 10
67 17 9
67 19 4
67 20 8
67 21 5
67 23 1
67 24 6
67 25 9
67 30 2
67 32 5
67 35 7
67 36 5
67 37 10
67 38 4
67 42 9
67 43 11
67 48 8
67 49 10
67 51 8
67 52 6
67 56 5
67 57 2
67 58 11
67 59 4
67 65 1
68 5 6
68 6 2
68 10 1
68 11 1
68 15 2
68 16 8
68 17 11
68 20 8
68 21 6
68 23 4
68 25 8
68 26 4
68 32 8
68 34 3
68 35 1
68 36 11
68 38 4
68 40 9
68 43 5
68 46 8
68 52 8
68 53 11
68 54 3
68 55 7
68 57 11
68 59 3
68 60 11
68 62 9
68 63 5
68 66 9
69 7 5
69 9 6
69 10 2
69 11 6
69 13 11
69 14 3
69 15 5
69 16 5
69 17 10
69 18 3
69 19 3
69 21 10
69 23 7
69 24 11
69 27 4
69 28 1
69 29 7
69 30 1
69 31 4
69 33 5
69 37 11
69 38 3
69 41 11
69 42 6
69 43 10
69 44 4
69 49 11
69 52 9
69 57 5
69 60 6
69 61 2
69 65 10
69 66 1
69 67 1
