60
1 0 1
2 0 2
2 1 2
3 0 4
3 1 2
3 2 3
4 0 3
4 1 5
4 2 3
4 3 3
5 0 6
5 1 5
5 2 4
5 3 1
5 4 5
6 0 4
6 1 6
6 2 1
6 3 4
6 4 4
6 5 5
7 0 3
7 1 2
7 2 2
7 3 6
7 4 3
7 5 6
7 6 5
8 0 1
8 1 2
8 2 1
8 3 1
8 4 6
8 5 2
8 6 3
8 7 2
9 0 4
9 1 4
9 2 2
9 3 2
9 4 4
9 5 5
9 6 4
9 7 2
9 8 6
10 0 3
10 1 1
10 2 4
10 3 3
10 4 6
10 5 4
10 6 2
10 7 3
10 8 2
10 9 5
11 0 3
11 1 2
11 2 3
11 3 3
11 4 1
11 5 2
11 6 2
11 7 1
11 8 5
11 9 6
11 10 1
12 0 4
12 1 5
12 2 4
12 3 1
12 4 3
12 5 6
12 6 6
12 7 2
12 8 2
12 9 2
12 10 3
12 11 5
13 0 1
13 1 2
13 2 5
13 3 5
13 4 4
13 5 4
13 6 6
13 7 3
13 8 4
13 9 5
13 10 4
13 11 5
13 12 6
14 0 1
14 1 4
14 2 5
14 3 3
14 4 5
14 5 1
14 6 2
14 7 4
14 8 4
14 9 1
14 10 1
14 11 1
14 12 6
14 13 4
15 0 2
15 1 5
15 2 4
15 3 6
15 4 2
15 5 3
15 6 5
15 7 1
15 8 3
15 9 5
15 10 4
15 11 6
15 12 2
15 13 2
15 14 3
16 0 6
16 1 3
16 2 5
16 3 1
16 4 4
16 5 2
16 6 5
16 7 2
16 8 5
16 9 2
16 10 1
16 11 5
16 12 6
16 13 3
16 14 3
16 15 6
17 0 5
17 1 4
17 2 3
17 3 3
17 4 4
17 5 3
17 6 3
17 7 5
17 8 4
17 9 3
17 10 1
17 11 2
17 12 5
17 13 6
17 14 5
17 15 2
17 16 3
18 0 3
18 1 5
18 2 5
18 3 5
18 4 6
18 5 1
18 6 3
18 7 3
18 8 1
18 9 1
18 10 5
18 11 3
18 12 1
18 13 1
18 14 1
18 15 2
18 16 6
18 17 1
19 0 1
19 1 5
19 2 4
19 3 2
19 4 4
19 5 5
19 6 6
19 7 3
19 8 4
19 9 1
19 10 1
19 11 3
19 12 5
19 13 4
19 14 5
19 15 1
19 16 1
19 17 2
19 18 4
20 0 5
20 1 5
20 2 6
20 3 4
20 4 4
20 5 2
20 6 4
20 7 4
20 8 6
20 9 5
20 10 4
20 11 5
20 12 1
20 13 1
20 14 2
20 15 6
20 16 1
20 17 1
20 18 5
20 19 2
21 0 1
21 1 3
21 2 4
21 3 4
21 4 6
21 5 4
21 6 2
21 7 3
21 8 2
21 9 1
21 10 1
21 11 5
21 12 1
21 13 3
21 14 4
21 15 4
21 16 1
21 17 1
21 18 3
21 19 3
21 20 6
22 0 3
22 1 2
22 2 4
22 3 5
22 4 6
22 5 2
22 6 2
22 7 3
22 8 2
22 9 1
22 10 6
22 11 3
22 12 4
22 13 4
22 14 6
22 15 1
22 16 2
22 17 4
22 18 3
22 19 3
22 20 5
22 21 5
23 0 1
23 1 3
23 2 5
23 3 5
23 4 3
23 5 1
23 6 5
23 7 1
23 8 5
23 9 3
23 10 3
23 11 2
23 12 3
23 13 6
23 14 4
23 15 1
23 16 2
23 17 5
23 18 6
23 19 6
23 20 4
23 21 3
23 22 1
24 0 2
24 1 2
24 2 2
24 3 4
24 4 2
24 5 5
24 6 1
24 7 3
24 8 6
24 9 2
24 10 5
24 11 2
24 12 5
24 13 5
24 14 1
24 15 4
24 16 1
24 17 2
24 18 6
24 19 6
24 20 2
24 21 2
24 22 2
24 23 2
25 0 4
25 1 2
25 2 4
25 3 3
25 4 4
25 5 2
25 6 6
25 7 4
25 8 4
25 9 5
25 10 1
25 11 5
25 12 4
25 13 2
25 14 6
25 15 3
25 16 3
25 17 3
25 18 6
25 19 1
25 20 1
25 21 5
25 22 4
25 23 3
25 24 1
26 0 6
26 1 1
26 2 4
26 3 4
26 4 1
26 5 5
26 6 2
26 7 6
26 8 6
26 9 5
26 10 1
26 11 3
26 12 1
26 13 5
26 14 4
26 15 1
26 16 4
26 17 1
26 18 6
26 19 6
26 20 5
26 21 6
26 22 2
26 23 2
26 24 5
26 25 5
27 0 2
27 1 2
27 2 5
27 3 1
27 4 3
27 5 5
27 6 2
27 7 5
27 8 2
27 9 5
27 10 2
27 11 5
27 12 3
27 13 1
27 14 2
27 15 5
27 16 3
27 17 5
27 18 4
27 19 6
27 20 5
27 21 2
27 22 6
27 23 2
27 24 1
27 25 3
27 26 2
28 0 2
28 1 2
28 2 5
28 3 5
28 4 5
28 5 3
28 6 6
28 7 6
28 8 6
28 9 6
28 10 6
28 11 1
28 12 1
28 13 3
28 14 2
28 15 1
28 16 4
28 17 6
28 18 5
28 19 5
28 20 4
28 21 6
28 22 6
28 23 6
28 24 3
28 25 6
28 26 2
28 27 5
29 0 3
29 1 5
29 2 5
29 3 3
29 4 2
29 5 3
29 6 4
29 7 6
29 8 1
29 9 3
29 10 4
29 11 2
29 12 4
29 13 6
29 14 6
29 15 1
29 16 1
29 17 1
29 18 4
29 19 6
29 20 3
29 21 4
29 22 2
29 23 2
29 24 4
29 25 4
29 26 6
29 27 3
29 28 2
30 0 1
30 1 6
30 2 1
30 3 3
30 4 3
30 5 3
30 6 6
30 7 5
30 8 4
30 9 1
30 10 2
30 11 6
30 12 1
30 13 6
30 14 1
30 15 1
30 16 6
30 17 1
30 18 5
30 19 1
30 20 4
30 21 1
30 22 3
30 23 3
30 24 6
30 25 1
30 26 4
30 27 2
30 28 4
30 29 2
31 0 3
31 1 3
31 2 4
31 3 1
31 4 4
31 5 4
31 6 3
31 7 5
31 8 2
31 9 4
31 10 2
31 11 2
31 12 2
31 13 2
31 14 6
31 15 6
31 16 3
31 17 4
31 18 4
31 19 1
31 20 3
31 21 6
31 22 4
31 23 2
31 24 6
31 25 4
31 26 6
31 27 6
31 28 3
31 29 5
31 30 2
32 0 4
32 1 1
32 2 4
32 3 4
32 4 4
32 5 3
32 6 6
32 7 5
32 8 5
32 9 1
32 10 4
32 11 4
32 12 1
32 13 4
32 14 1
32 15 4
32 16 6
32 17 5
32 18 4
32 19 5
32 20 1
32 21 5
32 22 6
32 23 3
32 24 3
32 25 2
32 26 3
32 27 5
32 28 4
32 29 1
32 30 2
32 31 3
33 0 1
33 1 6
33 2 3
33 3 2
33 4 4
33 5 5
33 6 2
33 7 4
33 8 6
33 9 4
33 10 1
33 11 4
33 12 4
33 13 1
33 14 4
33 15 4
33 16 5
33 17 6
33 18 5
33 19 2
33 20 2
33 21 3
33 22 6
33 23 3
33 24 1
33 25 1
33 26 3
33 27 5
33 28 4
33 29 6
33 30 5
33 31 6
33 32 6
34 0 6
34 1 1
34 2 1
34 3 6
34 4 4
34 5 2
34 6 1
34 7 6
34 8 1
34 9 5
34 10 5
34 11 2
34 12 1
34 13 3
34 14 2
34 15 1
34 16 6
34 17 6
34 18 2
34 19 3
34 20 1
34 21 6
34 22 3
34 23 2
34 24 1
34 25 6
34 26 1
34 27 6
34 28 6
34 29 4
34 30 6
34 31 3
34 32 4
34 33 1
35 0 1
35 1 6
35 2 1
35 3 5
35 4 1
35 5 4
35 6 6
35 7 5
35 8 2
35 9 2
35 10 2
35 11 3
35 12 4
35 13 3
35 14 1
35 15 1
35 16 3
35 17 1
35 18 4
35 19 5
35 20 2
35 21 4
35 22 1
35 23 4
35 24 1
35 25 2
35 26 2
35 27 1
35 28 4
35 29 5
35 30 4
35 31 1
35 32 5
35 33 2
35 34 4
36 0 1
36 1 1
36 2 5
36 3 5
36 4 1
36 5 3
36 6 1
36 7 2
36 8 2
36 9 6
36 10 4
36 11 3
36 12 4
36 13 6
36 14 2
36 15 4
36 16 4
36 17 1
36 18 6
36 19 5
36 20 2
36 21 1
36 22 5
36 23 6
36 24 5
36 25 4
36 26 2
36 27 3
36 28 5
36 29 1
36 30 6
36 31 2
36 32 4
36 33 1
36 34 6
36 35 4
37 0 5
37 1 2
37 2 3
37 3 3
37 4 2
37 5 1
37 6 3
37 7 4
37 8 6
37 9 5
37 10 4
37 11 5
37 12 3
37 13 2
37 14 3
37 15 1
37 16 4
37 17 1
37 18 1
37 19 4
37 20 1
37 21 4
37 22 4
37 23 6
37 24 6
37 25 5
37 26 6
37 27 1
37 28 2
37 29 1
37 30 2
37 31 1
37 32 4
37 33 2
37 34 1
37 35 6
37 36 1
38 0 6
38 1 6
38 2 3
38 3 4
38 4 4
38 5 2
38 6 6
38 7 5
38 8 6
38 9 2
38 10 4
38 11 2
38 12 3
38 13 2
38 14 4
38 15 2
38 16 3
38 17 5
38 18 6
38 19 3
38 20 3
38 21 2
38 22 4
38 23 2
38 24 5
38 25 1
38 26 5
38 27 6
38 28 2
38 29 4
38 30 3
38 31 5
38 32 1
38 33 5
38 34 6
38 35 3
38 36 1
38 37 1
39 0 6
39 1 3
39 2 1
39 3 5
39 4 3
39 5 2
39 6 2
39 7 6
39 8 2
39 9 4
39 10 3
39 11 2
39 12 3
39 13 4
39 14 5
39 15 4
39 16 6
39 17 1
39 18 1
39 19 3
39 20 6
39 21 6
39 22 5
39 23 1
39 24 5
39 25 2
39 26 6
39 27 4
39 28 3
39 29 5
39 30 4
39 31 1
39 32 3
39 33 2
39 34 3
39 35 2
39 36 2
39 37 3
39 38 4
40 0 3
40 1 3
40 2 3
40 3 3
40 4 6
40 5 1
40 6 1
40 7 3
40 8 6
40 9 6
40 10 3
40 11 2
40 12 5
40 13 5
40 14 6
40 15 4
40 16 3
40 17 5
40 18 5
40 19 5
40 20 3
40 21 4
40 22 1
40 23 3
40 24 1
40 25 6
40 26 3
40 27 4
40 28 1
40 29 4
40 30 3
40 31 3
40 32 1
40 33 4
40 34 3
40 35 5
40 36 4
40 37 2
40 38 1
40 39 4
41 0 1
41 1 2
41 2 5
41 3 3
41 4 5
41 5 1
41 6 4
41 7 6
41 8 4
41 9 1
41 10 1
41 11 6
41 12 4
41 13 1
41 14 1
41 15 3
41 16 3
41 17 4
41 18 2
41 19 1
41 20 6
41 21 2
41 22 3
41 23 6
41 24 1
41 25 3
41 26 1
41 27 3
41 28 1
41 29 5
41 30 6
41 31 3
41 32 3
41 33 5
41 34 6
41 35 6
41 36 1
41 37 4
41 38 3
41 39 2
41 40 3
42 0 1
42 1 2
42 2 6
42 3 3
42 4 4
42 5 6
42 6 1
42 7 5
42 8 3
42 9 2
42 10 6
42 11 6
42 12 6
42 13 1
42 14 5
42 15 1
42 16 5
42 17 1
42 18 2
42 19 5
42 20 5
42 21 4
42 22 5
42 23 4
42 24 2
42 25 5
42 26 3
42 27 1
42 28 1
42 29 1
42 30 6
42 31 2
42 32 2
42 33 1
42 34 4
42 35 4
42 36 5
42 37 2
42 38 6
42 39 2
42 40 4
42 41 5
43 0 2
43 1 3
43 2 1
43 3 3
43 4 5
43 5 5
43 6 6
43 7 1
43 8 4
43 9 5
43 10 3
43 11 3
43 12 6
43 13 3
43 14 1
43 15 2
43 16 3
43 17 2
43 18 2
43 19 1
43 20 3
43 21 6
43 22 3
43 23 5
43 24 2
43 25 2
43 26 3
43 27 3
43 28 1
43 29 6
43 30 1
43 31 2
43 32 5
43 33 2
43 34 3
43 35 3
43 36 5
43 37 5
43 38 6
43 39 5
43 40 1
43 41 3
43 42 5
44 0 5
44 1 1
44 2 5
44 3 1
44 4 3
44 5 5
44 6 6
44 7 4
44 8 4
44 9 2
44 10 5
44 11 6
44 12 6
44 13 2
44 14 6
44 15 2
44 16 3
44 17 4
44 18 5
44 19 3
44 20 3
44 21 6
44 22 3
44 23 3
44 24 3
44 25 1
44 26 6
44 27 4
44 28 1
44 29 3
44 30 1
44 31 5
44 32 4
44 33 5
44 34 1
44 35 5
44 36 3
44 37 6
44 38 1
44 39 5
44 40 6
44 41 2
44 42 6
44 43 4
45 0 2
45 1 4
45 2 3
45 3 1
45 4 4
45 5 5
45 6 3
45 7 6
45 8 1
45 9 1
45 10 3
45 11 1
45 12 3
45 13 1
45 14 2
45 15 3
45 16 3
45 17 5
45 18 6
45 19 5
45 20 3
45 21 6
45 22 4
45 23 2
45 24 2
45 25 2
45 26 3
45 27 6
45 28 2
45 29 4
45 30 1
45 31 5
45 32 5
45 33 5
45 34 6
45 35 2
45 36 2
45 37 6
45 38 1
45 39 1
45 40 2
45 41 1
45 42 6
45 43 5
45 44 3
46 0 4
46 1 4
46 2 1
46 3 6
46 4 2
46 5 6
46 6 3
46 7 2
46 8 3
46 9 1
46 10 6
46 11 2
46 12 2
46 13 2
46 14 5
46 15 3
46 16 2
46 17 4
46 18 2
46 19 6
46 20 2
46 21 2
46 22 6
46 23 6
46 24 1
46 25 3
46 26 4
46 27 5
46 28 6
46 29 6
46 30 5
46 31 4
46 32 1
46 33 1
46 34 3
46 35 3
46 36 6
46 37 2
46 38 2
46 39 3
46 40 1
46 41 2
46 42 1
46 43 4
46 44 2
46 45 6
47 0 6
47 1 1
47 2 5
47 3 4
47 4 2
47 5 1
47 6 2
47 7 5
47 8 3
47 9 5
47 10 6
47 11 6
47 12 4
47 13 1
47 14 6
47 15 4
47 16 5
47 17 5
47 18 1
47 19 5
47 20 5
47 21 2
47 22 6
47 23 5
47 24 1
47 25 6
47 26 5
47 27 2
47 28 4
47 29 4
47 30 2
47 31 6
47 32 1
47 33 3
47 34 5
47 35 6
47 36 4
47 37 6
47 38 5
47 39 6
47 40 2
47 41 4
47 42 5
47 43 4
47 44 5
47 45 3
47 46 1
48 0 4
48 1 5
48 2 4
48 3 2
48 4 5
48 5 6
48 6 3
48 7 4
48 8 2
48 9 5
48 10 1
48 11 5
48 12 1
48 13 2
48 14 3
48 15 3
48 16 6
48 17 4
48 18 2
48 19 1
48 20 3
48 21 2
48 22 5
48 23 1
48 24 3
48 25 2
48 26 4
48 27 4
48 28 4
48 29 1
48 30 6
48 31 3
48 32 4
48 33 4
48 34 1
48 35 1
48 36 1
48 37 3
48 38 4
48 39 6
48 40 3
48 41 1
48 42 6
48 43 2
48 44 1
48 45 1
48 46 4
48 47 4
49 0 1
49 1 4
49 2 2
49 3 2
49 4 3
49 5 6
49 6 4
49 7 3
49 8 4
49 9 5
49 10 4
49 11 5
49 12 4
49 13 5
49 14 4
49 15 4
49 16 6
49 17 5
49 18 4
49 19 1
49 20 3
49 21 3
49 22 3
49 23 2
49 24 4
49 25 1
49 26 2
49 27 5
49 28 5
49 29 3
49 30 1
49 31 2
49 32 6
49 33 3
49 34 2
49 35 4
49 36 2
49 37 5
49 38 4
49 39 2
49 40 5
49 41 6
49 42 6
49 43 5
49 44 6
49 45 3
49 46 2
49 47 4
49 48 3
50 0 3
50 1 4
50 2 5
50 3 2
50 4 2
50 5 4
50 6 1
50 7 4
50 8 2
50 9 1
50 10 4
50 11 4
50 12 5
50 13 2
50 14 1
50 15 2
50 16 4
50 17 3
50 18 2
50 19 5
50 20 5
50 21 6
50 22 3
50 23 1
50 24 3
50 25 4
50 26 3
50 27 4
50 28 1
50 29 6
50 30 3
50 31 6
50 32 1
50 33 5
50 34 6
50 35 1
50 36 4
50 37 3
50 38 4
50 39 3
50 40 2
50 41 2
50 42 5
50 43 2
50 44 3
50 45 3
50 46 5
50 47 6
50 48 2
50 49 6
51 0 3
51 1 5
51 2 1
51 3 1
51 4 5
51 5 3
51 6 1
51 7 3
51 8 2
51 9 6
51 10 5
51 11 3
51 12 5
51 13 1
51 14 4
51 15 1
51 16 4
51 17 2
51 18 6
51 19 4
51 20 5
51 21 1
51 22 5
51 23 3
51 24 6
51 25 4
51 26 2
51 27 4
51 28 1
51 29 6
51 30 5
51 31 5
51 32 3
51 33 5
51 34 6
51 35 4
51 36 6
51 37 1
51 38 2
51 39 3
51 40 3
51 41 4
51 42 3
51 43 6
51 44 4
51 45 4
51 46 5
51 47 4
51 48 1
51 49 3
51 50 6
52 0 2
52 1 2
52 2 5
52 3 5
52 4 2
52 5 6
52 6 3
52 7 1
52 8 6
52 9 3
52 10 2
52 11 4
52 12 5
52 13 1
52 14 1
52 15 4
52 16 1
52 17 4
52 18 5
52 19 4
52 20 1
52 21 3
52 22 2
52 23 4
52 24 3
52 25 6
52 26 6
52 27 2
52 28 3
52 29 1
52 30 1
52 31 1
52 32 5
52 33 6
52 34 2
52 35 6
52 36 2
52 37 6
52 38 6
52 39 5
52 40 5
52 41 3
52 42 2
52 43 4
52 44 6
52 45 3
52 46 1
52 47 3
52 48 5
52 49 5
52 50 2
52 51 2
53 0 5
53 1 5
53 2 5
53 3 3
53 4 6
53 5 1
53 6 2
53 7 3
53 8 2
53 9 3
53 10 2
53 11 1
53 12 3
53 13 6
53 14 5
53 15 2
53 16 5
53 17 6
53 18 5
53 19 3
53 20 6
53 21 4
53 22 6
53 23 1
53 24 1
53 25 5
53 26 6
53 27 3
53 28 3
53 29 4
53 30 2
53 31 4
53 32 4
53 33 2
53 34 3
53 35 4
53 36 4
53 37 2
53 38 6
53 39 4
53 40 3
53 41 3
53 42 5
53 43 6
53 44 6
53 45 5
53 46 5
53 47 4
53 48 6
53 49 6
53 50 4
53 51 2
53 52 2
54 0 2
54 1 6
54 2 3
54 3 3
54 4 2
54 5 4
54 6 3
54 7 2
54 8 1
54 9 4
54 10 3
54 11 3
54 12 1
54 13 3
54 14 2
54 15 4
54 16 6
54 17 5
54 18 4
54 19 5
54 20 1
54 21 4
54 22 5
54 23 5
54 24 1
54 25 5
54 26 5
54 27 6
54 28 3
54 29 1
54 30 4
54 31 5
54 32 6
54 33 5
54 34 1
54 35 2
54 36 6
54 37 2
54 38 1
54 39 4
54 40 2
54 41 2
54 42 5
54 43 6
54 44 3
54 45 5
54 46 6
54 47 4
54 48 4
54 49 4
54 50 6
54 51 1
54 52 6
54 53 5
55 0 6
55 1 6
55 2 6
55 3 1
55 4 5
55 5 3
55 6 2
55 7 5
55 8 3
55 9 6
55 10 2
55 11 5
55 12 2
55 13 3
55 14 4
55 15 2
55 16 2
55 17 6
55 18 1
55 19 6
55 20 6
55 21 5
55 22 6
55 23 3
55 24 3
55 25 1
55 26 6
55 27 1
55 28 2
55 29 3
55 30 2
55 31 6
55 32 3
55 33 5
55 34 2
55 35 6
55 36 3
55 37 5
55 38 1
55 39 6
55 40 5
55 41 4
55 42 6
55 43 3
55 44 1
55 45 2
55 46 1
55 47 2
55 48 2
55 49 3
55 50 3
55 51 3
55 52 1
55 53 5
55 54 3
56 0 5
56 1 2
56 2 6
56 3 4
56 4 4
56 5 5
56 6 4
56 7 3
56 8 4
56 9 3
56 10 2
56 11 5
56 12 3
56 13 4
56 14 4
56 15 1
56 16 5
56 17 3
56 18 3
56 19 3
56 20 5
56 21 5
56 22 2
56 23 2
56 24 4
56 25 6
56 26 1
56 27 1
56 28 5
56 29 6
56 30 1
56 31 4
56 32 1
56 33 5
56 34 6
56 35 4
56 36 2
56 37 6
56 38 2
56 39 5
56 40 4
56 41 4
56 42 6
56 43 1
56 44 6
56 45 1
56 46 1
56 47 4
56 48 2
56 49 1
56 50 4
56 51 4
56 52 6
56 53 1
56 54 2
56 55 1
57 0 3
57 1 6
57 2 2
57 3 3
57 4 6
57 5 6
57 6 2
57 7 4
57 8 6
57 9 2
57 10 2
57 11 1
57 12 3
57 13 5
57 14 2
57 15 5
57 16 2
57 17 2
57 18 5
57 19 1
57 20 2
57 21 5
57 22 6
57 23 5
57 24 2
57 25 5
57 26 2
57 27 3
57 28 6
57 29 4
57 30 6
57 31 4
57 32 4
57 33 2
57 34 4
57 35 1
57 36 3
57 37 5
57 38 4
57 39 5
57 40 4
57 41 3
57 42 4
57 43 3
57 44 2
57 45 2
57 46 1
57 47 5
57 48 5
57 49 5
57 50 6
57 51 6
57 52 1
57 53 3
57 54 2
57 55 3
57 56 6
58 0 3
58 1 4
58 2 3
58 3 4
58 4 4
58 5 1
58 6 3
58 7 2
58 8 6
58 9 6
58 10 3
58 11 3
58 12 2
58 13 1
58 14 3
58 15 1
58 16 3
58 17 3
58 18 4
58 19 5
58 20 4
58 21 2
58 22 2
58 23 4
58 24 2
58 25 5
58 26 5
58 27 5
58 28 3
58 29 5
58 30 3
58 31 2
58 32 6
58 33 4
58 34 6
58 35 1
58 36 1
58 37 3
58 38 2
58 39 2
58 40 2
58 41 2
58 42 5
58 43 3
58 44 3
58 45 4
58 46 1
58 47 4
58 48 6
58 49 2
58 50 6
58 51 1
58 52 1
58 53 2
58 54 4
58 55 4
58 56 3
58 57 1
59 0 2
59 1 2
59 2 4
59 3 6
59 4 2
59 5 4
59 6 6
59 7 5
59 8 4
59 9 4
59 10 3
59 11 4
59 12 5
59 13 3
59 14 2
59 15 1
59 16 6
59 17 2
59 18 1
59 19 1
59 20 5
59 21 2
59 22 2
59 23 6
59 24 5
59 25 6
59 26 3
59 27 3
59 28 6
59 29 3
59 30 1
59 31 6
59 32 6
59 33 4
59 34 2
59 35 5
59 36 2
59 37 4
59 38 6
59 39 1
59 40 2
59 41 4
59 42 1
59 43 3
59 44 6
59 45 4
59 46 4
59 47 4
59 48 1
59 49 4
59 50 3
59 51 1
59 52 6
59 53 5
59 54 1
59 55 1
59 56 6
59 57 2
59 58 3
