40
1 0 1
2 0 2
2 1 3
3 0 12
3 1 8
3 2 7
4 0 10
4 1 3
4 2 4
4 3 10
5 0 3
5 1 10
5 2 8
5 3 5
5 4 7
6 0 12
6 1 7
6 2 3
6 3 11
6 4 10
6 5 1
7 0 7
7 1 7
7 2 12
7 3 8
7 4 5
7 5 12
7 6 4
8 0 10
8 1 2
8 2 3
8 3 5
8 4 5
8 5 4
8 6 2
8 7 12
9 0 7
9 1 5
9 2 6
9 3 12
9 4 11
9 5 12
9 6 10
9 7 5
9 8 3
10 0 1
10 1 12
10 2 9
10 3 3
10 4 2
10 5 6
10 6 3
10 7 7
10 8 9
10 9 6
11 0 10
11 1 2
11 2 8
11 3 4
11 4 10
11 5 11
11 6 6
11 7 3
11 8 7
11 9 3
11 10 8
12 0 9
12 1 1
12 2 12
12 3 4
12 4 12
12 5 1
12 6 10
12 7 12
12 8 10
12 9 11
12 10 10
12 11 6
13 0 10
13 1 5
13 2 7
13 3 2
13 4 6
13 5 8
13 6 9
13 7 1
13 8 8
13 9 5
13 10 12
13 11 12
13 12 5
14 0 12
14 1 7
14 2 10
14 3 6
14 4 3
14 5 6
14 6 8
14 7 5
14 8 11
14 9 1
14 10 9
14 11 5
14 12 8
14 13 7
15 0 10
15 1 4
15 2 6
15 3 10
15 4 1
15 5 5
15 6 1
15 7 12
15 8 5
15 9 4
15 10 5
15 11 6
15 12 2
15 13 7
15 14 1
16 0 6
16 1 6
16 2 7
16 3 12
16 4 7
16 5 6
16 6 10
16 7 1
16 8 5
16 9 9
16 10 11
16 11 8
16 12 12
16 13 9
16 14 5
16 15 8
17 0 7
17 1 9
17 2 4
17 3 6
17 4 12
17 5 6
17 6 10
17 7 7
17 8 6
17 9 6
17 10 1
17 11 5
17 12 2
17 13 9
17 14 12
17 15 6
17 16 11
18 0 4
18 1 6
18 2 1
18 3 5
18 4 11
18 5 11
18 6 6
18 7 9
18 8 9
18 9 9
18 10 9
18 11 12
18 12 1
18 13 12
18 14 5
18 15 3
18 16 6
18 17 9
19 0 1
19 1 3
19 2 12
19 3 2
19 4 3
19 5 11
19 6 12
19 7 11
19 8 12
19 9 6
19 10 11
19 11 12
19 12 5
19 13 5
19 14 8
19 15 1
19 16 7
19 17 12
19 18 5
20 0 10
20 1 7
20 2 9
20 3 8
20 4 5
20 5 8
20 6 12
20 7 4
20 8 11
20 9 2
20 10 4
20 11 6
20 12 9
20 13 9
20 14 3
20 15 5
20 16 8
20 17 7
20 18 12
20 19 4
21 0 11
21 1 5
21 2 2
21 3 1
21 4 12
21 5 3
21 6 3
21 7 12
21 8 1
21 9 3
21 10 3
21 11 7
21 12 10
21 13 6
21 14 7
21 15 1
21 16 12
21 17 6
21 18 11
21 19 1
21 20 6
22 0 5
22 1 1
22 2 12
22 3 12
22 4 5
22 5 10
22 6 6
22 7 4
22 8 12
22 9 6
22 10 1
22 11 8
22 12 11
22 13 1
22 14 5
22 15 1
22 16 9
22 17 12
22 18 12
22 19 7
22 20 4
22 21 11
23 0 8
23 1 11
23 2 5
23 3 2
23 4 4
23 5 12
23 6 6
23 7 8
23 8 3
23 9 3
23 10 7
23 11 2
23 12 1
23 13 7
23 14 8
23 15 1
23 16 11
23 17 1
23 18 11
23 19 7
23 20 12
23 21 12
23 22 9
24 0 9
24 1 8
24 2 2
24 3 9
24 4 6
24 5 1
24 6 11
24 7 5
24 8 11
24 9 1
24 10 7
24 11 11
24 12 7
24 13 5
24 14 12
24 15 1
24 16 8
24 17 11
24 18 8
24 19 4
24 20 3
24 21 1
24 22 5
24 23 8
25 0 10
25 1 6
25 2 11
25 3 6
25 4 8
25 5 2
25 6 8
25 7 4
25 8 3
25 9 7
25 10 1
25 11 6
25 12 3
25 13 3
25 14 12
25 15 4
25 16 6
25 17 2
25 18 4
25 19 11
25 20 2
25 21 5
25 22 2
25 23 10
25 24 6
26 0 9
26 1 6
26 2 2
26 3 6
26 4 6
26 5 11
26 6 5
26 7 11
26 8 3
26 9 10
26 10 2
26 11 10
26 12 5
26 13 9
26 14 9
26 15 4
26 16 2
26 17 9
26 18 10
26 19 7
26 20 3
26 21 3
26 22 7
26 23 3
26 24 2
26 25 7
27 0 11
27 1 8
27 2 6
27 3 1
27 4 12
27 5 8
27 6 2
27 7 11
27 8 10
27 9 7
27 10 5
27 11 11
27 12 12
27 13 8
27 14 9
27 15 4
27 16 12
27 17 10
27 18 2
27 19 8
27 20 4
27 21 10
27 22 5
27 23 3
27 24 3
27 25 5
27 26 2
28 0 4
28 1 10
28 2 3
28 3 2
28 4 11
28 5 4
28 6 1
28 7 3
28 8 4
28 9 6
28 10 1
28 11 2
28 12 10
28 13 12
28 14 12
28 15 2
28 16 1
28 17 10
28 18 8
28 19 2
28 20 3
28 21 1
28 22 2
28 23 8
28 24 6
28 25 6
28 26 6
28 27 9
29 0 3
29 1 2
29 2 12
29 3 9
29 4 5
29 5 11
29 6 9
29 7 7
29 8 2
29 9 4
29 10 7
29 11 5
29 12 12
29 13 10
29 14 11
29 15 11
29 16 7
29 17 6
29 18 11
29 19 3
29 20 9
29 21 5
29 22 12
29 23 5
29 24 4
29 25 4
29 26 9
29 27 4
29 28 11
30 0 2
30 1 6
30 2 2
30 3 9
30 4 1
30 5 8
30 6 7
30 7 1
30 8 4
30 9 3
30 10 2
30 11 10
30 12 1
30 13 10
30 14 8
30 15 8
30 16 9
30 17 1
30 18 8
30 19 8
30 20 11
30 21 8
30 22 8
30 23 2
30 24 10
30 25 9
30 26 2
30 27 9
30 28 10
30 29 1
31 0 7
31 1 8
31 2 8
31 3 2
31 4 6
31 5 7
31 6 7
31 7 1
31 8 3
31 9 1
31 10 11
31 11 11
31 12 1
31 13 10
31 14 2
31 15 9
31 16 2
31 17 10
31 18 10
31 19 11
31 20 9
31 21 5
31 22 3
31 23 9
31 24 9
31 25 10
31 26 11
31 27 8
31 28 5
31 29 12
31 30 1
32 0 8
32 1 4
32 2 4
32 3 1
32 4 7
32 5 3
32 6 5
32 7 6
32 8 3
32 9 4
32 10 9
32 11 4
32 12 8
32 13 2
32 14 1
32 15 6
32 16 2
32 17 3
32 18 5
32 19 2
32 20 11
32 21 4
32 22 7
32 23 12
32 24 11
32 25 10
32 26 7
32 27 3
32 28 7
32 29 3
32 30 4
32 31 10
33 0 11
33 1 11
33 2 11
33 3 4
33 4 4
33 5 11
33 6 2
33 7 4
33 8 4
33 9 12
33 10 11
33 11 1
33 12 1
33 13 12
33 14 2
33 15 4
33 16 5
33 17 2
33 18 11
33 19 1
33 20 6
33 21 9
33 22 11
33 23 2
33 24 5
33 25 9
33 26 4
33 27 4
33 28 5
33 29 1
33 30 7
33 31 8
33 32 4
34 0 5
34 1 7
34 2 5
34 3 2
34 4 5
34 5 5
34 6 3
34 7 9
34 8 5
34 9 3
34 10 9
34 11 2
34 12 3
34 13 1
34 14 10
34 15 4
34 16 4
34 17 5
34 18 8
34 19 4
34 20 4
34 21 2
34 22 5
34 23 4
34 24 11
34 25 2
34 26 10
34 27 9
34 28 12
34 29 9
34 30 9
34 31 11
34 32 5
34 33 12
35 0 3
35 1 6
35 2 8
35 3 8
35 4 12
35 5 2
35 6 10
35 7 3
35 8 2
35 9 9
35 10 8
35 11 9
35 12 11
35 13 3
35 14 9
35 15 12
35 16 7
35 17 4
35 18 4
35 19 3
35 20 3
35 21 3
35 22 1
35 23 3
35 24 9
35 25 4
35 26 8
35 27 8
35 28 2
35 29 11
35 30 11
35 31 7
35 32 6
35 33 3
35 34 4
36 0 6
36 1 5
36 2 5
36 3 8
36 4 7
36 5 5
36 6 12
36 7 2
36 8 9
36 9 6
36 10 5
36 11 9
36 12 7
36 13 5
36 14 11
36 15 10
36 16 5
36 17 6
36 18 12
36 19 3
36 20 4
36 21 4
36 22 11
36 23 7
36 24 7
36 25 3
36 26 6
36 27 8
36 28 8
36 29 10
36 30 4
36 31 7
36 32 5
36 33 8
36 34 6
36 35 10
37 0 1
37 1 3
37 2 10
37 3 2
37 4 1
37 5 8
37 6 12
37 7 6
37 8 3
37 9 10
37 10 3
37 11 5
37 12 4
37 13 10
37 14 3
37 15 2
37 16 8
37 17 7
37 18 8
37 19 5
37 20 2
37 21 5
37 22 2
37 23 10
37 24 3
37 25 10
37 26 5
37 27 5
37 28 5
37 29 9
37 30 10
37 31 12
37 32 1
37 33 10
37 34 7
37 35 8
37 36 7
38 0 9
38 1 3
38 2 12
38 3 6
38 4 10
38 5 4
38 6 10
38 7 3
38 8 7
38 9 3
38 10 8
38 11 1
38 12 3
38 13 1
38 14 11
38 15 5
38 16 6
38 17 9
38 18 12
38 19 10
38 20 9
38 21 8
38 22 9
38 23 11
38 24 6
38 25 7
38 26 1
38 27 3
38 28 4
38 29 6
38 30 5
38 31 11
38 32 9
38 33 8
38 34 3
38 35 1
38 36 6
38 37 11
39 0 6
39 1 6
39 2 3
39 3 3
39 4 1
39 5 5
39 6 11
39 7 7
39 8 11
39 9 3
39 10 12
39 11 11
39 12 5
39 13 11
39 14 11
39 15 1
39 16 8
39 17 12
39 18 12
39 19 7
39 20 4
39 21 3
39 22 11
39 23 9
39 24 1
39 25 8
39 26 12
39 27 3
39 28 4
39 29 9
39 30 9
39 31 1
39 32 5
39 33 12
39 34 4
39 35 8
39 36 2
39 37 7
39 38 3
