30
1 0 5
3 1 8
4 3 5
5 0 3
5 1 9
6 0 8
6 2 6
6 4 2
6 5 9
7 0 4
7 2 6
7 3 1
7 4 4
7 6 1
8 1 3
8 2 3
8 3 3
8 4 5
8 7 2
9 0 7
9 1 8
9 2 8
9 5 7
10 3 6
10 4 5
10 5 9
10 7 6
11 2 8
11 3 2
11 4 1
12 2 4
12 5 6
12 8 9
12 9 6
12 10 2
12 11 6
13 1 5
13 3 5
13 7 6
13 10 5
13 11 5
14 0 8
14 2 6
14 4 8
14 5 1
14 7 3
14 13 9
15 1 7
15 3 6
15 4 7
15 5 1
15 6 7
15 9 8
15 10 2
15 11 6
15 12 8
15 13 2
16 1 3
16 3 5
16 5 2
16 7 1
16 9 4
16 11 7
17 2 1
17 3 2
17 5 3
17 7 5
17 9 1
17 10 3
17 11 3
17 13 6
17 14 6
18 0 4
18 2 8
18 4 7
18 5 9
18 6 6
18 10 8
18 13 4
18 14 2
18 16 7
19 0 9
19 4 5
19 6 9
19 12 3
19 15 8
19 16 4
19 17 2
19 18 5
20 5 1
20 6 8
20 9 6
20 13 7
20 14 7
20 15 8
20 16 3
20 17 3
21 0 9
21 2 7
21 5 1
21 6 8
21 9 2
21 10 1
21 12 1
21 15 2
21 20 7
22 0 1
22 1 7
22 2 3
22 3 1
22 4 1
22 8 2
23 1 8
23 2 4
23 3 8
23 4 8
23 10 1
23 13 7
23 16 2
23 17 9
23 19 8
23 21 2
24 1 1
24 3 4
24 5 1
24 6 8
24 9 1
24 10 6
24 11 4
24 12 1
24 13 9
24 14 7
24 15 7
24 18 2
24 19 9
24 20 3
24 21 6
24 23 9
25 1 4
25 7 4
25 10 1
25 11 7
25 12 1
25 14 2
25 15 4
25 17 8
25 18 2
25 23 7
26 1 1
26 3 4
26 4 4
26 7 4
26 13 7
26 14 6
26 15 2
26 18 1
26 21 9
26 24 4
27 0 3
27 1 2
27 2 4
27 7 8
27 8 6
27 10 9
27 12 9
27 13 4
27 15 3
27 17 1
27 19 8
27 22 5
27 26 5
28 0 8
28 1 7
28 5 2
28 7 6
28 8 1
28 11 8
28 12 8
28 13 5
28 19 5
28 21 6
28 22 8
28 23 3
28 24 5
28 27 6
29 2 3
29 3 1
29 5 2
29 6 5
29 7 1
29 8 2
29 10 2
29 11 1
29 12 9
29 13 2
29 14 2
29 15 9
29 17 5
29 18 7
29 22 8
29 23 3
29 24 3
29 26 5
29 27 5
