70
1 0 1
2 0 7
2 1 2
3 0 5
3 1 4
3 2 8
4 0 3
4 1 6
4 2 1
4 3 9
5 0 2
5 1 7
5 2 9
5 3 6
5 4 1
6 0 3
6 1 4
6 2 7
6 3 4
6 4 4
6 5 2
7 0 1
7 1 1
7 2 9
7 3 4
7 4 1
7 5 3
7 6 6
8 0 7
8 1 7
8 2 4
8 3 7
8 4 9
8 5 2
8 6 2
8 7 3
9 0 4
9 1 6
9 2 7
9 3 2
9 4 9
9 5 4
9 6 1
9 7 5
9 8 2
10 0 7
10 1 3
10 2 5
10 3 2
10 4 4
10 5 4
10 6 6
10 7 1
10 8 6
10 9 9
11 0 4
11 1 7
11 2 5
11 3 8
11 4 2
11 5 6
11 6 3
11 7 5
11 8 1
11 9 9
11 10 9
12 0 3
12 1 8
12 2 7
12 3 9
12 4 2
12 5 8
12 6 5
12 7 1
12 8 2
12 9 7
12 10 4
12 11 6
13 0 7
13 1 8
13 2 3
13 3 3
13 4 4
13 5 4
13 6 7
13 7 4
13 8 1
13 9 7
13 10 8
13 11 4
13 12 7
14 0 6
14 1 6
14 2 3
14 3 4
14 4 9
14 5 8
14 6 1
14 7 5
14 8 4
14 9 6
14 10 5
14 11 9
14 12 4
14 13 4
15 0 2
15 1 5
15 2 4
15 3 9
15 4 7
15 5 8
15 6 4
15 7 4
15 8 3
15 9 2
15 10 3
15 11 4
15 12 9
15 13 9
15 14 4
16 0 7
16 1 8
16 2 7
16 3 9
16 4 5
16 5 3
16 6 8
16 7 2
16 8 7
16 9 3
16 10 8
16 11 8
16 12 5
16 13 9
16 14 2
16 15 1
17 0 3
17 1 9
17 2 6
17 3 4
17 4 8
17 5 3
17 6 3
17 7 7
17 8 7
17 9 6
17 10 2
17 11 7
17 12 2
17 13 5
17 14 1
17 15 7
17 16 5
18 0 8
18 1 2
18 2 9
18 3 1
18 4 2
18 5 8
18 6 7
18 7 3
18 8 7
18 9 1
18 10 1
18 11 9
18 12 2
18 13 2
18 14 9
18 15 2
18 16 6
18 17 1
19 0 4
19 1 8
19 2 4
19 3 3
19 4 3
19 5 5
19 6 8
19 7 3
19 8 8
19 9 9
19 10 7
19 11 4
19 12 3
19 13 7
19 14 6
19 15 8
19 16 8
19 17 5
19 18 7
20 0 1
20 1 6
20 2 3
20 3 4
20 4 8
20 5 2
20 6 4
20 7 6
20 8 6
20 9 3
20 10 1
20 11 1
20 12 6
20 13 2
20 14 7
20 15 2
20 16 6
20 17 1
20 18 1
20 19 1
21 0 6
21 1 8
21 2 6
21 3 1
21 4 3
21 5 9
21 6 8
21 7 4
21 8 9
21 9 3
21 10 6
21 11 4
21 12 7
21 13 8
21 14 6
21 15 8
21 16 8
21 17 4
21 18 2
21 19 3
21 20 7
22 0 1
22 1 3
22 2 4
22 3 2
22 4 7
22 5 3
22 6 1
22 7 1
22 8 6
22 9 1
22 10 2
22 11 1
22 12 6
22 13 2
22 14 7
22 15 4
22 16 1
22 17 9
22 18 7
22 19 9
22 20 1
22 21 8
23 0 8
23 1 3
23 2 1
23 3 5
23 4 1
23 5 6
23 6 6
23 7 9
23 8 6
23 9 2
23 10 1
23 11 1
23 12 5
23 13 3
23 14 4
23 15 6
23 16 8
23 17 9
23 18 2
23 19 4
23 20 6
23 21 1
23 22 1
24 0 9
24 1 1
24 2 5
24 3 3
24 4 1
24 5 8
24 6 2
24 7 3
24 8 6
24 9 9
24 10 5
24 11 4
24 12 8
24 13 6
24 14 4
24 15 3
24 16 7
24 17 1
24 18 9
24 19 9
24 20 7
24 21 4
24 22 6
24 23 2
25 0 4
25 1 7
25 2 1
25 3 8
25 4 6
25 5 2
25 6 9
25 7 8
25 8 7
25 9 7
25 10 9
25 11 5
25 12 4
25 13 4
25 14 8
25 15 4
25 16 2
25 17 9
25 18 2
25 19 3
25 20 9
25 21 1
25 22 5
25 23 4
25 24 3
26 0 3
26 1 2
26 2 6
26 3 9
26 4 4
26 5 1
26 6 4
26 7 6
26 8 8
26 9 3
26 10 5
26 11 1
26 12 5
26 13 9
26 14 8
26 15 1
26 16 4
26 17 3
26 18 2
26 19 4
26 20 1
26 21 8
26 22 2
26 23 9
26 24 4
26 25 6
27 0 7
27 1 9
27 2 8
27 3 1
27 4 1
27 5 7
27 6 9
27 7 9
27 8 1
27 9 6
27 10 5
27 11 2
27 12 6
27 13 3
27 14 8
27 15 8
27 16 6
27 17 9
27 18 5
27 19 8
27 20 9
27 21 9
27 22 7
27 23 2
27 24 1
27 25 8
27 26 3
28 0 3
28 1 2
28 2 8
28 3 8
28 4 4
28 5 9
28 6 3
28 7 5
28 8 7
28 9 6
28 10 3
28 11 9
28 12 9
28 13 7
28 14 9
28 15 9
28 16 4
28 17 1
28 18 1
28 19 8
28 20 5
28 21 7
28 22 3
28 23 1
28 24 2
28 25 7
28 26 7
28 27 6
29 0 7
29 1 1
29 2 2
29 3 7
29 4 9
29 5 7
29 6 1
29 7 3
29 8 9
29 9 9
29 10 8
29 11 8
29 12 3
29 13 3
29 14 2
29 15 8
29 16 8
29 17 6
29 18 1
29 19 3
29 20 6
29 21 5
29 22 7
29 23 5
29 24 9
29 25 7
29 26 8
29 27 8
29 28 5
30 0 1
30 1 4
30 2 1
30 3 4
30 4 5
30 5 6
30 6 4
30 7 4
30 8 4
30 9 5
30 10 2
30 11 1
30 12 5
30 13 6
30 14 3
30 15 5
30 16 8
30 17 6
30 18 9
30 19 3
30 20 5
30 21 7
30 22 7
30 23 1
30 24 5
30 25 4
30 26 4
30 27 5
30 28 4
30 29 9
31 0 1
31 1 8
31 2 8
31 3 7
31 4 8
31 5 4
31 6 2
31 7 2
31 8 6
31 9 3
31 10 3
31 11 8
31 12 6
31 13 2
31 14 3
31 15 3
31 16 6
31 17 3
31 18 8
31 19 3
31 20 1
31 21 3
31 22 1
31 23 9
31 24 2
31 25 3
31 26 5
31 27 4
31 28 2
31 29 7
31 30 3
32 0 2
32 1 4
32 2 8
32 3 5
32 4 3
32 5 9
32 6 8
32 7 6
32 8 9
32 9 4
32 10 1
32 11 6
32 12 7
32 13 3
32 14 2
32 15 4
32 16 7
32 17 6
32 18 2
32 19 1
32 20 3
32 21 2
32 22 3
32 23 8
32 24 5
32 25 4
32 26 7
32 27 4
32 28 6
32 29 3
32 30 3
32 31 7
33 0 4
33 1 9
33 2 3
33 3 7
33 4 7
33 5 6
33 6 6
33 7 3
33 8 4
33 9 5
33 10 7
33 11 2
33 12 8
33 13 4
33 14 7
33 15 6
33 16 8
33 17 7
33 18 9
33 19 5
33 20 4
33 21 4
33 22 1
33 23 7
33 24 6
33 25 7
33 26 4
33 27 7
33 28 7
33 29 8
33 30 1
33 31 3
33 32 3
34 0 5
34 1 9
34 2 4
34 3 1
34 4 7
34 5 9
34 6 7
34 7 9
34 8 3
34 9 4
34 10 9
34 11 2
34 12 5
34 13 4
34 14 9
34 15 3
34 16 6
34 17 3
34 18 9
34 19 3
34 20 9
34 21 4
34 22 9
34 23 9
34 24 9
34 25 5
34 26 3
34 27 9
34 28 1
34 29 6
34 30 7
34 31 6
34 32 8
34 33 1
35 0 6
35 1 3
35 2 5
35 3 2
35 4 3
35 5 1
35 6 7
35 7 8
35 8 6
35 9 1
35 10 1
35 11 8
35 12 3
35 13 9
35 14 1
35 15 4
35 16 7
35 17 4
35 18 6
35 19 6
35 20 3
35 21 8
35 22 8
35 23 3
35 24 6
35 25 8
35 26 1
35 27 1
35 28 3
35 29 3
35 30 9
35 31 2
35 32 9
35 33 6
35 34 1
36 0 2
36 1 2
36 2 3
36 3 6
36 4 7
36 5 4
36 6 6
36 7 6
36 8 1
36 9 5
36 10 6
36 11 4
36 12 9
36 13 1
36 14 3
36 15 8
36 16 4
36 17 8
36 18 2
36 19 4
36 20 3
36 21 7
36 22 8
36 23 4
36 24 4
36 25 7
36 26 3
36 27 8
36 28 3
36 29 9
36 30 2
36 31 4
36 32 5
36 33 7
36 34 5
36 35 2
37 0 3
37 1 1
37 2 3
37 3 5
37 4 2
37 5 6
37 6 9
37 7 4
37 8 5
37 9 8
37 10 9
37 11 5
37 12 4
37 13 1
37 14 8
37 15 6
37 16 5
37 17 9
37 18 1
37 19 9
37 20 4
37 21 6
37 22 5
37 23 8
37 24 3
37 25 5
37 26 4
37 27 7
37 28 2
37 29 1
37 30 3
37 31 1
37 32 9
37 33 3
37 34 8
37 35 5
37 36 2
38 0 4
38 1 5
38 2 5
38 3 8
38 4 5
38 5 5
38 6 8
38 7 6
38 8 9
38 9 9
38 10 1
38 11 6
38 12 1
38 13 3
38 14 1
38 15 3
38 16 3
38 17 7
38 18 8
38 19 1
38 20 8
38 21 6
38 22 1
38 23 5
38 24 8
38 25 6
38 26 1
38 27 4
38 28 2
38 29 6
38 30 5
38 31 5
38 32 8
38 33 1
38 34 9
38 35 4
38 36 6
38 37 1
39 0 7
39 1 6
39 2 8
39 3 6
39 4 4
39 5 8
39 6 8
39 7 9
39 8 8
39 9 4
39 10 1
39 11 4
39 12 6
39 13 2
39 14 9
39 15 3
39 16 4
39 17 6
39 18 2
39 19 4
39 20 2
39 21 5
39 22 6
39 23 6
39 24 4
39 25 6
39 26 5
39 27 8
39 28 3
39 29 2
39 30 3
39 31 9
39 32 4
39 33 4
39 34 1
39 35 4
39 36 5
39 37 6
39 38 5
40 0 4
40 1 5
40 2 3
40 3 8
40 4 8
40 5 4
40 6 8
40 7 7
40 8 1
40 9 7
40 10 9
40 11 8
40 12 2
40 13 1
40 14 6
40 15 7
40 16 8
40 17 4
40 18 8
40 19 4
40 20 5
40 21 6
40 22 1
40 23 9
40 24 8
40 25 6
40 26 1
40 27 9
40 28 3
40 29 6
40 30 2
40 31 7
40 32 4
40 33 9
40 34 4
40 35 3
40 36 5
40 37 8
40 38 3
40 39 7
41 0 5
41 1 1
41 2 3
41 3 2
41 4 3
41 5 8
41 6 9
41 7 9
41 8 1
41 9 7
41 10 8
41 11 1
41 12 2
41 13 1
41 14 6
41 15 2
41 16 3
41 17 4
41 18 6
41 19 8
41 20 2
41 21 4
41 22 2
41 23 1
41 24 5
41 25 6
41 26 8
41 27 3
41 28 2
41 29 3
41 30 4
41 31 7
41 32 1
41 33 3
41 34 1
41 35 7
41 36 5
41 37 4
41 38 3
41 39 4
41 40 4
42 0 6
42 1 5
42 2 1
42 3 9
42 4 6
42 5 8
42 6 1
42 7 8
42 8 6
42 9 9
42 10 3
42 11 7
42 12 1
42 13 6
42 14 6
42 15 9
42 16 9
42 17 6
42 18 6
42 19 6
42 20 8
42 21 8
42 22 8
42 23 6
42 24 1
42 25 1
42 26 7
42 27 8
42 28 1
42 29 5
42 30 6
42 31 9
42 32 4
42 33 3
42 34 9
42 35 1
42 36 5
42 37 6
42 38 3
42 39 7
42 40 8
42 41 4
43 0 4
43 1 5
43 2 7
43 3 8
43 4 7
43 5 6
43 6 1
43 7 8
43 8 6
43 9 7
43 10 6
43 11 8
43 12 3
43 13 6
43 14 3
43 15 4
43 16 1
43 17 1
43 18 7
43 19 5
43 20 2
43 21 8
43 22 8
43 23 9
43 24 2
43 25 5
43 26 1
43 27 6
43 28 3
43 29 5
43 30 9
43 31 7
43 32 5
43 33 2
43 34 4
43 35 2
43 36 6
43 37 7
43 38 7
43 39 7
43 40 9
43 41 5
43 42 6
44 0 8
44 1 3
44 2 9
44 3 4
44 4 9
44 5 7
44 6 4
44 7 7
44 8 5
44 9 4
44 10 4
44 11 2
44 12 6
44 13 9
44 14 8
44 15 2
44 16 7
44 17 1
44 18 4
44 19 5
44 20 3
44 21 1
44 22 1
44 23 3
44 24 6
44 25 2
44 26 5
44 27 6
44 28 8
44 29 9
44 30 4
44 31 7
44 32 5
44 33 4
44 34 2
44 35 1
44 36 6
44 37 4
44 38 4
44 39 1
44 40 3
44 41 9
44 42 9
44 43 2
45 0 8
45 1 6
45 2 7
45 3 4
45 4 7
45 5 3
45 6 5
45 7 7
45 8 1
45 9 3
45 10 5
45 11 9
45 12 3
45 13 4
45 14 8
45 15 1
45 16 5
45 17 8
45 18 3
45 19 4
45 20 4
45 21 3
45 22 9
45 23 7
45 24 8
45 25 5
45 26 3
45 27 1
45 28 1
45 29 6
45 30 5
45 31 6
45 32 6
45 33 1
45 34 8
45 35 8
45 36 4
45 37 2
45 38 9
45 39 2
45 40 1
45 41 3
45 42 8
45 43 9
45 44 4
46 0 1
46 1 8
46 2 9
46 3 5
46 4 6
46 5 6
46 6 4
46 7 8
46 8 5
46 9 8
46 10 4
46 11 4
46 12 2
46 13 6
46 14 8
46 15 7
46 16 9
46 17 6
46 18 8
46 19 1
46 20 3
46 21 3
46 22 8
46 23 2
46 24 8
46 25 8
46 26 1
46 27 4
46 28 4
46 29 9
46 30 8
46 31 4
46 32 7
46 33 4
46 34 9
46 35 6
46 36 6
46 37 7
46 38 7
46 39 7
46 40 8
46 41 7
46 42 3
46 43 9
46 44 6
46 45 3
47 0 5
47 1 3
47 2 6
47 3 5
47 4 8
47 5 6
47 6 9
47 7 2
47 8 3
47 9 2
47 10 4
47 11 7
47 12 3
47 13 1
47 14 5
47 15 7
47 16 6
47 17 5
47 18 8
47 19 2
47 20 7
47 21 4
47 22 1
47 23 2
47 24 7
47 25 8
47 26 5
47 27 7
47 28 6
47 29 5
47 30 3
47 31 8
47 32 2
47 33 7
47 34 4
47 35 3
47 36 4
47 37 6
47 38 8
47 39 5
47 40 8
47 41 5
47 42 2
47 43 6
47 44 9
47 45 8
47 46 7
48 0 3
48 1 6
48 2 3
48 3 9
48 4 9
48 5 2
48 6 8
48 7 2
48 8 3
48 9 4
48 10 6
48 11 2
48 12 5
48 13 9
48 14 5
48 15 9
48 16 2
48 17 3
48 18 1
48 19 7
48 20 4
48 21 1
48 22 8
48 23 2
48 24 8
48 25 3
48 26 9
48 27 8
48 28 9
48 29 6
48 30 7
48 31 2
48 32 7
48 33 5
48 34 2
48 35 9
48 36 5
48 37 9
48 38 2
48 39 1
48 40 9
48 41 2
48 42 6
48 43 9
48 44 7
48 45 1
48 46 1
48 47 8
49 0 5
49 1 4
49 2 9
49 3 5
49 4 2
49 5 6
49 6 9
49 7 3
49 8 8
49 9 9
49 10 7
49 11 5
49 12 1
49 13 9
49 14 5
49 15 2
49 16 8
49 17 8
49 18 5
49 19 8
49 20 1
49 21 7
49 22 8
49 23 1
49 24 3
49 25 6
49 26 9
49 27 1
49 28 4
49 29 5
49 30 8
49 31 7
49 32 5
49 33 8
49 34 4
49 35 4
49 36 6
49 37 1
49 38 9
49 39 3
49 40 7
49 41 8
49 42 2
49 43 8
49 44 3
49 45 3
49 46 9
49 47 8
49 48 6
50 0 2
50 1 9
50 2 4
50 3 3
50 4 2
50 5 2
50 6 2
50 7 1
50 8 3
50 9 6
50 10 6
50 11 8
50 12 4
50 13 8
50 14 4
50 15 3
50 16 4
50 17 2
50 18 8
50 19 1
50 20 6
50 21 7
50 22 9
50 23 4
50 24 8
50 25 3
50 26 4
50 27 8
50 28 9
50 29 5
50 30 6
50 31 3
50 32 6
50 33 3
50 34 2
50 35 3
50 36 3
50 37 2
50 38 6
50 39 9
50 40 9
50 41 7
50 42 7
50 43 5
50 44 9
50 45 4
50 46 3
50 47 2
50 48 1
50 49 8
51 0 4
51 1 5
51 2 3
51 3 5
51 4 8
51 5 6
51 6 8
51 7 5
51 8 8
51 9 2
51 10 7
51 11 9
51 12 9
51 13 4
51 14 9
51 15 5
51 16 4
51 17 9
51 18 3
51 19 9
51 20 6
51 21 4
51 22 3
51 23 6
51 24 8
51 25 1
51 26 9
51 27 9
51 28 4
51 29 2
51 30 5
51 31 1
51 32 8
51 33 9
51 34 7
51 35 4
51 36 6
51 37 2
51 38 9
51 39 3
51 40 6
51 41 3
51 42 5
51 43 3
51 44 1
51 45 9
51 46 8
51 47 5
51 48 4
51 49 5
51 50 1
52 0 4
52 1 9
52 2 9
52 3 2
52 4 7
52 5 1
52 6 7
52 7 2
52 8 6
52 9 5
52 10 4
52 11 5
52 12 4
52 13 3
52 14 4
52 15 2
52 16 8
52 17 2
52 18 1
52 19 4
52 20 6
52 21 7
52 22 7
52 23 8
52 24 2
52 25 3
52 26 9
52 27 9
52 28 7
52 29 8
52 30 6
52 31 1
52 32 9
52 33 5
52 34 5
52 35 5
52 36 5
52 37 6
52 38 2
52 39 9
52 40 6
52 41 3
52 42 3
52 43 4
52 44 9
52 45 3
52 46 8
52 47 4
52 48 2
52 49 6
52 50 3
52 51 3
53 0 3
53 1 3
53 2 5
53 3 9
53 4 7
53 5 5
53 6 6
53 7 9
53 8 5
53 9 3
53 10 7
53 11 7
53 12 3
53 13 4
53 14 1
53 15 4
53 16 5
53 17 1
53 18 1
53 19 5
53 20 2
53 21 4
53 22 7
53 23 9
53 24 3
53 25 2
53 26 7
53 27 8
53 28 8
53 29 7
53 30 6
53 31 7
53 32 4
53 33 4
53 34 7
53 35 1
53 36 7
53 37 4
53 38 1
53 39 9
53 40 4
53 41 4
53 42 5
53 43 4
53 44 7
53 45 1
53 46 4
53 47 6
53 48 6
53 49 3
53 50 9
53 51 7
53 52 2
54 0 9
54 1 1
54 2 4
54 3 4
54 4 8
54 5 9
54 6 6
54 7 2
54 8 5
54 9 4
54 10 3
54 11 4
54 12 5
54 13 5
54 14 8
54 15 1
54 16 9
54 17 6
54 18 4
54 19 7
54 20 8
54 21 9
54 22 5
54 23 1
54 24 4
54 25 9
54 26 3
54 27 2
54 28 6
54 29 3
54 30 4
54 31 6
54 32 3
54 33 5
54 34 8
54 35 2
54 36 6
54 37 1
54 38 1
54 39 1
54 40 5
54 41 6
54 42 1
54 43 5
54 44 3
54 45 8
54 46 8
54 47 7
54 48 2
54 49 7
54 50 3
54 51 7
54 52 7
54 53 1
55 0 9
55 1 4
55 2 9
55 3 9
55 4 6
55 5 4
55 6 5
55 7 9
55 8 9
55 9 7
55 10 4
55 11 1
55 12 2
55 13 6
55 14 4
55 15 3
55 16 4
55 17 7
55 18 5
55 19 3
55 20 3
55 21 3
55 22 9
55 23 4
55 24 4
55 25 7
55 26 5
55 27 6
55 28 7
55 29 7
55 30 5
55 31 5
55 32 1
55 33 6
55 34 8
55 35 7
55 36 4
55 37 9
55 38 8
55 39 3
55 40 3
55 41 9
55 42 8
55 43 9
55 44 7
55 45 4
55 46 9
55 47 8
55 48 4
55 49 1
55 50 8
55 51 4
55 52 5
55 53 7
55 54 6
56 0 1
56 1 4
56 2 7
56 3 9
56 4 7
56 5 3
56 6 9
56 7 3
56 8 2
56 9 7
56 10 6
56 11 6
56 12 5
56 13 9
56 14 7
56 15 8
56 16 1
56 17 3
56 18 9
56 19 2
56 20 5
56 21 7
56 22 8
56 23 9
56 24 3
56 25 2
56 26 6
56 27 8
56 28 4
56 29 9
56 30 2
56 31 1
56 32 5
56 33 5
56 34 7
56 35 3
56 36 8
56 37 9
56 38 3
56 39 1
56 40 9
56 41 6
56 42 8
56 43 4
56 44 2
56 45 2
56 46 6
56 47 5
56 48 7
56 49 7
56 50 7
56 51 9
56 52 2
56 53 9
56 54 4
56 55 1
57 0 9
57 1 4
57 2 9
57 3 7
57 4 8
57 5 7
57 6 8
57 7 2
57 8 3
57 9 2
57 10 7
57 11 9
57 12 2
57 13 6
57 14 6
57 15 4
57 16 1
57 17 5
57 18 4
57 19 1
57 20 9
57 21 2
57 22 8
57 23 8
57 24 6
57 25 4
57 26 3
57 27 8
57 28 2
57 29 8
57 30 2
57 31 5
57 32 9
57 33 6
57 34 6
57 35 6
57 36 2
57 37 4
57 38 7
57 39 1
57 40 6
57 41 5
57 42 2
57 43 5
57 44 2
57 45 1
57 46 1
57 47 5
57 48 4
57 49 9
57 50 7
57 51 4
57 52 7
57 53 8
57 54 8
57 55 6
57 56 3
58 0 5
58 1 2
58 2 9
58 3 5
58 4 3
58 5 1
58 6 5
58 7 8
58 8 2
58 9 4
58 10 2
58 11 3
58 12 9
58 13 7
58 14 9
58 15 2
58 16 1
58 17 8
58 18 7
58 19 6
58 20 1
58 21 1
58 22 4
58 23 3
58 24 1
58 25 3
58 26 2
58 27 1
58 28 3
58 29 9
58 30 9
58 31 3
58 32 6
58 33 5
58 34 6
58 35 8
58 36 2
58 37 7
58 38 3
58 39 9
58 40 5
58 41 6
58 42 2
58 43 9
58 44 7
58 45 1
58 46 8
58 47 4
58 48 2
58 49 7
58 50 5
58 51 8
58 52 5
58 53 3
58 54 5
58 55 9
58 56 3
58 57 3
59 0 7
59 1 5
59 2 3
59 3 9
59 4 1
59 5 5
59 6 7
59 7 2
59 8 2
59 9 6
59 10 6
59 11 7
59 12 3
59 13 4
59 14 5
59 15 1
59 16 1
59 17 2
59 18 8
59 19 3
59 20 1
59 21 7
59 22 1
59 23 8
59 24 4
59 25 3
59 26 7
59 27 2
59 28 1
59 29 5
59 30 5
59 31 3
59 32 3
59 33 8
59 34 8
59 35 7
59 36 7
59 37 4
59 38 6
59 39 1
59 40 5
59 41 8
59 42 6
59 43 3
59 44 5
59 45 4
59 46 1
59 47 1
59 48 1
59 49 9
59 50 2
59 51 2
59 52 1
59 53 8
59 54 3
59 55 1
59 56 4
59 57 6
59 58 6
60 0 1
60 1 8
60 2 4
60 3 3
60 4 1
60 5 9
60 6 1
60 7 6
60 8 1
60 9 6
60 10 9
60 11 2
60 12 9
60 13 6
60 14 6
60 15 6
60 16 3
60 17 3
60 18 3
60 19 2
60 20 2
60 21 2
60 22 6
60 23 8
60 24 4
60 25 9
60 26 2
60 27 1
60 28 6
60 29 5
60 30 8
60 31 7
60 32 7
60 33 5
60 34 9
60 35 5
60 36 7
60 37 5
60 38 4
60 39 2
60 40 1
60 41 6
60 42 3
60 43 1
60 44 1
60 45 4
60 46 4
60 47 7
60 48 7
60 49 7
60 50 9
60 51 8
60 52 5
60 53 6
60 54 1
60 55 8
60 56 2
60 57 2
60 58 1
60 59 5
61 0 7
61 1 5
61 2 6
61 3 2
61 4 6
61 5 7
61 6 3
61 7 4
61 8 2
61 9 5
61 10 7
61 11 3
61 12 3
61 13 2
61 14 1
61 15 2
61 16 7
61 17 3
61 18 3
61 19 4
61 20 7
61 21 7
61 22 6
61 23 5
61 24 6
61 25 4
61 26 9
61 27 8
61 28 9
61 29 2
61 30 8
61 31 8
61 32 5
61 33 4
61 34 2
61 35 5
61 36 1
61 37 4
61 38 9
61 39 1
61 40 8
61 41 5
61 42 9
61 43 4
61 44 4
61 45 3
61 46 4
61 47 9
61 48 1
61 49 8
61 50 4
61 51 1
61 52 7
61 53 3
61 54 1
61 55 3
61 56 4
61 57 4
61 58 4
61 59 4
61 60 1
62 0 2
62 1 3
62 2 4
62 3 1
62 4 3
62 5 7
62 6 1
62 7 6
62 8 7
62 9 2
62 10 3
62 11 3
62 12 3
62 13 4
62 14 8
62 15 2
62 16 5
62 17 4
62 18 1
62 19 7
62 20 5
62 21 4
62 22 3
62 23 7
62 24 5
62 25 1
62 26 7
62 27 2
62 28 4
62 29 8
62 30 4
62 31 9
62 32 6
62 33 2
62 34 9
62 35 9
62 36 8
62 37 2
62 38 6
62 39 8
62 40 4
62 41 2
62 42 1
62 43 7
62 44 9
62 45 8
62 46 8
62 47 1
62 48 8
62 49 8
62 50 2
62 51 4
62 52 3
62 53 4
62 54 4
62 55 1
62 56 8
62 57 4
62 58 5
62 59 8
62 60 3
62 61 6
63 0 8
63 1 9
63 2 9
63 3 2
63 4 5
63 5 1
63 6 1
63 7 1
63 8 3
63 9 6
63 10 7
63 11 3
63 12 3
63 13 2
63 14 9
63 15 8
63 16 7
63 17 4
63 18 6
63 19 1
63 20 3
63 21 5
63 22 2
63 23 4
63 24 3
63 25 2
63 26 3
63 27 7
63 28 9
63 29 2
63 30 6
63 31 4
63 32 4
63 33 4
63 34 3
63 35 2
63 36 1
63 37 1
63 38 1
63 39 8
63 40 9
63 41 8
63 42 9
63 43 8
63 44 4
63 45 5
63 46 6
63 47 5
63 48 2
63 49 8
63 50 9
63 51 8
63 52 9
63 53 8
63 54 1
63 55 9
63 56 1
63 57 2
63 58 2
63 59 3
63 60 7
63 61 9
63 62 8
64 0 3
64 1 1
64 2 7
64 3 2
64 4 3
64 5 2
64 6 9
64 7 4
64 8 5
64 9 2
64 10 4
64 11 1
64 12 6
64 13 2
64 14 4
64 15 8
64 16 7
64 17 1
64 18 2
64 19 1
64 20 4
64 21 5
64 22 5
64 23 2
64 24 3
64 25 7
64 26 4
64 27 1
64 28 7
64 29 6
64 30 8
64 31 6
64 32 1
64 33 7
64 34 2
64 35 7
64 36 4
64 37 4
64 38 1
64 39 9
64 40 8
64 41 4
64 42 3
64 43 3
64 44 1
64 45 1
64 46 2
64 47 5
64 48 6
64 49 3
64 50 7
64 51 8
64 52 6
64 53 5
64 54 8
64 55 9
64 56 1
64 57 7
64 58 4
64 59 1
64 60 9
64 61 3
64 62 9
64 63 8
65 0 1
65 1 3
65 2 9
65 3 1
65 4 5
65 5 5
65 6 5
65 7 6
65 8 2
65 9 2
65 10 9
65 11 3
65 12 2
65 13 4
65 14 9
65 15 8
65 16 3
65 17 8
65 18 5
65 19 7
65 20 6
65 21 3
65 22 3
65 23 7
65 24 9
65 25 5
65 26 3
65 27 7
65 28 9
65 29 5
65 30 8
65 31 8
65 32 7
65 33 5
65 34 5
65 35 3
65 36 2
65 37 5
65 38 6
65 39 8
65 40 1
65 41 4
65 42 2
65 43 7
65 44 7
65 45 1
65 46 8
65 47 9
65 48 9
65 49 4
65 50 2
65 51 2
65 52 1
65 53 5
65 54 5
65 55 1
65 56 7
65 57 5
65 58 3
65 59 4
65 60 6
65 61 1
65 62 5
65 63 5
65 64 4
66 0 4
66 1 5
66 2 6
66 3 9
66 4 7
66 5 4
66 6 3
66 7 9
66 8 1
66 9 3
66 10 4
66 11 6
66 12 6
66 13 1
66 14 6
66 15 6
66 16 8
66 17 3
66 18 4
66 19 9
66 20 6
66 21 5
66 22 5
66 23 3
66 24 7
66 25 8
66 26 5
66 27 8
66 28 6
66 29 8
66 30 6
66 31 6
66 32 5
66 33 4
66 34 8
66 35 5
66 36 4
66 37 8
66 38 7
66 39 5
66 40 1
66 41 8
66 42 3
66 43 6
66 44 3
66 45 4
66 46 1
66 47 1
66 48 1
66 49 7
66 50 1
66 51 2
66 52 2
66 53 3
66 54 7
66 55 5
66 56 1
66 57 9
66 58 3
66 59 6
66 60 9
66 61 4
66 62 6
66 63 4
66 64 9
66 65 8
67 0 7
67 1 9
67 2 9
67 3 1
67 4 2
67 5 9
67 6 7
67 7 7
67 8 7
67 9 3
67 10 2
67 11 8
67 12 5
67 13 1
67 14 7
67 15 3
67 16 8
67 17 3
67 18 5
67 19 9
67 20 4
67 21 4
67 22 3
67 23 7
67 24 4
67 25 4
67 26 1
67 27 1
67 28 2
67 29 3
67 30 2
67 31 8
67 32 3
67 33 3
67 34 2
67 35 9
67 36 1
67 37 9
67 38 3
67 39 5
67 40 8
67 41 2
67 42 7
67 43 1
67 44 6
67 45 2
67 46 4
67 47 3
67 48 1
67 49 8
67 50 5
67 51 4
67 52 4
67 53 9
67 54 5
67 55 5
67 56 7
67 57 4
67 58 4
67 59 6
67 60 2
67 61 4
67 62 8
67 63 9
67 64 8
67 65 7
67 66 8
68 0 1
68 1 6
68 2 9
68 3 2
68 4 7
68 5 1
68 6 6
68 7 1
68 8 4
68 9 5
68 10 8
68 11 1
68 12 6
68 13 6
68 14 7
68 15 1
68 16 6
68 17 4
68 18 5
68 19 2
68 20 9
68 21 9
68 22 1
68 23 6
68 24 5
68 25 7
68 26 6
68 27 5
68 28 1
68 29 1
68 30 7
68 31 8
68 32 5
68 33 8
68 34 2
68 35 7
68 36 3
68 37 1
68 38 7
68 39 4
68 40 5
68 41 2
68 42 2
68 43 6
68 44 9
68 45 3
68 46 1
68 47 1
68 48 6
68 49 4
68 50 9
68 51 3
68 52 1
68 53 2
68 54 2
68 55 6
68 56 4
68 57 7
68 58 2
68 59 8
68 60 3
68 61 2
68 62 9
68 63 3
68 64 5
68 65 5
68 66 1
68 67 7
69 0 7
69 1 4
69 2 6
69 3 6
69 4 7
69 5 2
69 6 6
69 7 9
69 8 6
69 9 6
69 10 2
69 11 6
69 12 3
69 13 2
69 14 5
69 15 2
69 16 8
69 17 4
69 18 1
69 19 8
69 20 8
69 21 4
69 22 1
69 23 8
69 24 2
69 25 4
69 26 9
69 27 3
69 28 7
69 29 6
69 30 2
69 31 5
69 32 4
69 33 7
69 34 4
69 35 2
69 36 8
69 37 5
69 38 5
69 39 2
69 40 3
69 41 3
69 42 4
69 43 2
69 44 4
69 45 5
69 46 6
69 47 4
69 48 6
69 49 8
69 50 6
69 51 7
69 52 1
69 53 2
69 54 8
69 55 1
69 56 9
69 57 8
69 58 6
69 59 1
69 60 5
69 61 5
69 62 2
69 63 8
69 64 4
69 65 1
69 66 4
69 67 7
69 68 9
