70
1 0 7
2 1 9
3 1 10
4 0 2
4 1 1
4 2 1
5 2 7
5 3 6
6 0 4
6 1 8
6 3 5
6 4 6
7 4 12
7 5 10
8 2 3
8 4 6
8 5 9
9 1 11
9 2 11
9 4 9
9 5 9
9 6 10
9 8 12
10 1 10
10 2 1
10 4 8
10 5 1
10 7 3
10 9 10
11 1 7
11 4 3
11 6 12
11 7 6
11 8 7
12 0 11
12 4 9
12 5 1
12 8 11
12 9 5
13 1 7
13 3 11
13 4 10
13 5 7
13 7 8
13 9 5
13 10 2
13 12 11
14 4 6
14 5 3
14 6 7
14 12 12
14 13 10
15 1 11
15 2 7
15 5 4
15 6 8
15 8 6
15 11 8
15 14 7
16 1 10
16 3 2
16 6 8
16 8 5
16 9 8
16 12 11
16 13 12
16 14 10
16 15 7
17 2 6
17 3 2
17 4 5
17 6 6
17 13 2
17 15 11
17 16 9
18 1 12
18 5 11
18 9 3
18 11 3
18 16 9
19 0 11
19 4 9
19 5 11
19 8 9
19 9 2
19 12 9
19 13 7
19 14 12
19 16 6
19 17 4
20 1 8
20 2 2
20 3 4
20 4 11
20 7 10
20 8 8
20 10 9
20 11 1
20 12 9
20 13 11
20 15 8
20 18 12
21 0 12
21 1 3
21 4 12
21 6 3
21 10 11
21 11 8
21 12 5
21 13 6
21 15 4
21 16 4
21 19 2
21 20 9
22 0 6
22 1 9
22 10 2
22 11 12
22 12 5
22 13 7
22 15 11
22 16 3
22 17 3
22 18 9
22 19 10
22 20 6
22 21 4
23 0 2
23 2 8
23 3 11
23 4 11
23 8 2
23 9 8
23 11 6
23 13 5
23 14 11
23 16 4
23 17 1
23 18 1
23 22 7
24 0 6
24 3 1
24 4 1
24 6 7
24 7 1
24 10 3
24 12 12
24 17 12
24 19 7
24 22 12
24 23 6
25 4 5
25 6 5
25 7 10
25 8 9
25 9 11
25 11 4
25 13 12
25 14 12
25 15 10
25 19 8
25 21 2
25 22 8
26 1 4
26 3 2
26 4 5
26 5 7
26 6 3
26 9 8
26 10 2
26 12 10
26 14 5
26 16 9
26 17 8
26 18 11
26 19 6
26 21 1
26 22 3
26 24 4
26 25 12
27 2 11
27 3 10
27 8 4
27 10 3
27 12 2
27 15 3
27 16 1
27 17 11
27 21 3
27 22 12
27 23 3
27 24 6
27 25 11
27 26 5
28 0 7
28 13 7
28 14 1
28 16 8
28 17 2
28 19 10
28 24 4
28 25 5
28 27 2
29 0 9
29 1 4
29 3 4
29 6 8
29 7 2
29 9 1
29 12 5
29 14 3
29 15 5
29 17 5
29 20 7
29 22 7
29 24 9
29 25 12
29 26 5
30 1 7
30 2 9
30 3 11
30 4 3
30 7 9
30 9 5
30 12 8
30 13 11
30 14 8
30 16 7
30 17 9
30 18 8
30 21 8
30 22 3
30 29 6
31 2 5
31 5 2
31 6 4
31 7 6
31 9 11
31 10 7
31 12 5
31 15 12
31 17 1
31 18 9
31 23 10
31 24 10
31 26 11
31 29 11
32 0 1
32 1 12
32 4 10
32 6 10
32 13 5
32 14 6
32 15 6
32 17 4
32 20 7
32 23 2
32 24 4
32 25 3
32 27 5
32 28 1
33 6 9
33 7 12
33 10 10
33 11 9
33 13 8
33 14 3
33 15 1
33 16 12
33 18 4
33 20 6
33 22 3
33 24 5
33 27 8
33 31 3
33 32 12
34 0 2
34 4 6
34 5 8
34 6 9
34 7 7
34 9 7
34 16 8
34 17 10
34 18 8
34 20 2
34 21 8
34 26 7
34 27 12
34 29 9
34 31 11
34 33 3
35 2 7
35 3 12
35 4 12
35 5 8
35 6 4
35 11 12
35 13 2
35 14 1
35 15 4
35 16 11
35 19 9
35 20 3
35 21 7
35 23 5
35 24 12
35 29 11
35 30 3
35 31 8
35 32 7
35 34 4
36 1 10
36 2 6
36 3 4
36 5 10
36 6 1
36 7 3
36 8 8
36 9 7
36 11 7
36 12 2
36 15 10
36 18 2
36 19 11
36 21 4
36 22 11
36 25 8
36 27 10
36 29 12
36 30 12
36 32 6
36 33 12
36 34 12
37 4 3
37 5 11
37 7 11
37 8 12
37 10 6
37 12 10
37 19 4
37 22 8
37 23 6
37 24 10
37 25 3
37 30 4
37 32 6
37 34 4
37 36 1
38 8 4
38 9 6
38 12 6
38 13 9
38 14 3
38 15 12
38 16 3
38 17 12
38 23 6
38 25 10
38 29 6
38 30 1
38 31 11
38 32 2
38 34 4
38 35 5
38 36 11
39 1 1
39 5 10
39 6 2
39 8 12
39 12 12
39 13 6
39 17 9
39 24 4
39 25 3
39 28 7
39 29 1
39 30 7
39 31 2
39 32 10
39 36 4
39 37 11
40 1 9
40 4 5
40 5 2
40 8 3
40 9 3
40 10 12
40 11 6
40 13 12
40 17 4
40 18 12
40 19 3
40 21 5
40 23 12
40 24 11
40 25 6
40 27 7
40 29 1
40 31 8
40 33 5
40 35 9
40 38 5
40 39 3
41 1 11
41 7 6
41 9 8
41 11 9
41 15 2
41 16 9
41 17 6
41 18 6
41 25 6
41 27 12
41 28 11
41 32 7
41 33 1
41 36 7
41 37 5
41 38 8
42 0 6
42 2 8
42 3 1
42 6 6
42 8 8
42 9 12
42 13 8
42 15 3
42 17 7
42 20 3
42 26 3
42 27 2
42 29 3
42 31 5
42 34 11
42 35 5
42 36 9
42 37 5
42 40 3
43 0 5
43 2 10
43 8 9
43 9 7
43 11 7
43 12 6
43 13 4
43 14 7
43 17 9
43 22 11
43 24 5
43 25 3
43 29 3
43 31 8
43 33 8
43 34 9
43 36 10
43 37 2
43 39 7
43 40 10
44 1 6
44 2 8
44 4 10
44 5 3
44 8 6
44 9 9
44 10 1
44 12 12
44 13 8
44 16 9
44 17 12
44 19 2
44 23 6
44 24 5
44 25 10
44 26 3
44 30 8
44 31 12
44 32 4
44 34 12
44 35 1
44 37 4
44 38 1
44 39 6
44 41 7
44 43 2
45 1 2
45 3 2
45 6 7
45 9 4
45 11 9
45 13 12
45 15 1
45 16 12
45 21 6
45 27 2
45 28 12
45 35 9
45 36 5
45 39 10
45 40 4
46 2 10
46 4 3
46 5 5
46 6 7
46 10 12
46 12 7
46 13 12
46 14 5
46 15 10
46 18 2
46 24 7
46 26 7
46 30 11
46 31 7
46 33 9
46 34 3
46 35 4
46 39 10
46 40 7
46 41 11
46 42 4
46 43 9
46 44 7
46 45 12
47 0 10
47 1 8
47 2 10
47 3 5
47 4 11
47 5 9
47 9 4
47 12 10
47 14 10
47 16 6
47 17 1
47 18 6
47 25 9
47 26 7
47 28 2
47 29 11
47 30 12
47 32 4
47 34 3
47 36 9
47 37 12
47 41 11
47 44 12
47 46 6
48 2 6
48 3 10
48 4 12
48 6 6
48 9 2
48 11 8
48 14 5
48 16 3
48 17 6
48 18 4
48 19 4
48 20 4
48 21 2
48 25 7
48 26 10
48 27 4
48 29 4
48 31 8
48 32 8
48 36 4
48 37 10
48 39 3
48 40 9
48 41 7
48 44 1
49 0 3
49 1 1
49 3 10
49 4 11
49 6 9
49 7 3
49 8 8
49 10 5
49 11 6
49 14 9
49 15 1
49 16 1
49 17 12
49 18 7
49 20 5
49 21 9
49 22 7
49 24 7
49 25 10
49 26 7
49 27 1
49 30 2
49 37 5
49 38 2
49 42 1
49 43 2
49 44 9
49 45 5
49 48 2
50 0 10
50 1 9
50 3 9
50 4 8
50 5 7
50 7 10
50 9 11
50 10 12
50 13 1
50 15 10
50 18 8
50 20 5
50 21 6
50 22 2
50 24 10
50 27 11
50 30 10
50 31 1
50 38 5
50 39 6
50 40 12
50 41 9
50 42 4
50 48 5
50 49 1
51 1 7
51 2 7
51 3 4
51 4 9
51 5 2
51 10 2
51 12 2
51 13 5
51 14 6
51 17 12
51 19 4
51 20 11
51 23 6
51 24 2
51 26 5
51 27 8
51 30 12
51 31 5
51 32 11
51 33 11
51 34 5
51 35 11
51 36 7
51 37 6
51 38 6
51 39 2
51 40 10
51 41 6
51 43 1
51 44 11
51 45 11
51 49 1
51 50 7
52 0 12
52 2 11
52 3 12
52 4 11
52 5 10
52 9 2
52 10 3
52 11 9
52 12 5
52 13 8
52 14 12
52 15 4
52 17 12
52 18 7
52 21 1
52 23 7
52 24 6
52 25 3
52 27 4
52 29 9
52 30 4
52 31 10
52 32 8
52 33 9
52 34 11
52 37 6
52 39 2
52 40 12
52 41 7
52 42 8
52 45 10
52 49 9
52 50 9
53 2 7
53 6 12
53 7 4
53 8 6
53 9 4
53 13 5
53 16 7
53 19 4
53 20 11
53 21 11
53 22 6
53 28 11
53 31 3
53 32 11
53 33 1
53 36 5
53 38 9
53 39 12
53 47 11
53 49 5
53 50 11
54 3 6
54 4 1
54 6 9
54 7 11
54 9 12
54 13 12
54 14 10
54 16 6
54 17 3
54 20 10
54 21 7
54 22 4
54 23 11
54 26 7
54 28 8
54 29 1
54 30 10
54 32 3
54 34 9
54 35 8
54 41 10
54 45 8
54 49 3
54 50 3
54 51 10
55 1 4
55 4 4
55 5 7
55 10 3
55 11 7
55 14 4
55 15 9
55 16 10
55 17 10
55 20 10
55 23 11
55 27 5
55 30 3
55 32 11
55 33 8
55 34 8
55 35 5
55 36 8
55 37 5
55 38 12
55 43 9
55 45 10
55 48 6
56 0 4
56 3 5
56 5 3
56 6 5
56 8 5
56 11 8
56 12 7
56 13 1
56 14 2
56 15 3
56 17 12
56 18 4
56 19 12
56 20 9
56 21 4
56 22 9
56 23 8
56 24 2
56 26 6
56 28 3
56 29 5
56 30 4
56 31 2
56 32 5
56 33 8
56 34 2
56 35 9
56 39 11
56 40 11
56 41 3
56 44 12
56 47 6
57 2 11
57 6 2
57 9 10
57 11 10
57 14 5
57 16 7
57 17 7
57 18 10
57 20 11
57 21 1
57 24 3
57 26 11
57 28 1
57 31 12
57 32 9
57 33 3
57 37 6
57 45 6
57 47 1
57 48 11
57 51 8
57 52 2
57 53 10
57 55 6
58 0 7
58 2 11
58 3 5
58 5 8
58 7 1
58 9 1
58 10 5
58 11 12
58 17 1
58 22 9
58 23 10
58 27 2
58 29 10
58 30 9
58 32 10
58 33 12
58 34 11
58 36 4
58 39 8
58 40 3
58 43 10
58 44 5
58 46 5
58 47 9
58 48 2
58 50 2
58 51 1
58 53 6
58 56 9
59 0 9
59 3 11
59 4 9
59 6 5
59 7 7
59 8 4
59 9 10
59 10 8
59 13 7
59 17 10
59 22 3
59 23 2
59 25 12
59 26 5
59 30 11
59 32 11
59 34 3
59 35 6
59 37 7
59 38 6
59 40 5
59 41 5
59 45 8
59 48 9
59 51 2
59 52 9
59 57 11
59 58 5
60 0 6
60 6 11
60 7 5
60 9 3
60 10 11
60 11 11
60 13 1
60 16 3
60 19 4
60 20 8
60 21 9
60 25 7
60 27 9
60 29 6
60 31 1
60 33 6
60 34 10
60 36 1
60 38 2
60 41 7
60 44 4
60 45 10
60 46 2
60 47 9
60 48 7
60 51 8
60 55 5
60 58 6
60 59 8
61 0 12
61 3 10
61 10 7
61 12 8
61 16 8
61 17 10
61 18 2
61 20 12
61 22 7
61 23 2
61 24 4
61 26 1
61 29 8
61 31 3
61 33 3
61 37 8
61 40 2
61 41 3
61 42 5
61 43 4
61 46 9
61 49 4
61 52 1
61 53 3
61 54 2
61 55 2
61 57 1
61 58 2
61 59 9
61 60 6
62 1 1
62 3 8
62 6 11
62 8 10
62 9 9
62 10 6
62 12 9
62 13 1
62 16 7
62 20 2
62 21 2
62 22 4
62 23 6
62 28 2
62 29 3
62 31 8
62 32 10
62 33 2
62 34 8
62 35 10
62 40 4
62 41 5
62 42 1
62 45 12
62 46 5
62 47 5
62 51 5
62 52 3
62 53 8
62 54 11
62 57 9
62 60 4
63 0 2
63 1 11
63 2 1
63 3 11
63 4 6
63 7 6
63 8 5
63 10 6
63 11 8
63 13 8
63 14 11
63 15 8
63 16 7
63 17 9
63 18 8
63 19 7
63 20 11
63 26 5
63 30 9
63 31 12
63 34 8
63 35 11
63 36 12
63 37 12
63 38 3
63 41 8
63 44 9
63 46 6
63 49 7
63 50 2
63 52 5
63 59 10
63 61 6
64 1 9
64 2 8
64 3 5
64 4 1
64 5 5
64 6 11
64 7 11
64 9 9
64 14 12
64 16 6
64 17 3
64 18 8
64 20 11
64 21 7
64 22 5
64 23 4
64 27 5
64 29 4
64 35 6
64 37 6
64 39 11
64 40 6
64 43 11
64 44 10
64 45 2
64 46 8
64 48 4
64 49 1
64 50 12
64 52 1
64 53 2
64 55 10
64 56 3
64 58 5
64 59 6
64 62 3
64 63 3
65 0 4
65 1 1
65 3 8
65 4 6
65 5 5
65 8 8
65 14 12
65 15 4
65 17 2
65 18 4
65 20 8
65 22 7
65 24 9
65 27 1
65 28 4
65 29 12
65 31 10
65 33 3
65 37 7
65 40 3
65 41 6
65 44 10
65 45 3
65 47 5
65 50 4
65 52 12
65 53 11
65 55 2
65 57 9
65 58 1
65 63 11
65 64 10
66 3 8
66 4 11
66 8 2
66 9 8
66 11 12
66 14 12
66 15 11
66 17 11
66 18 12
66 20 1
66 22 3
66 23 6
66 26 9
66 30 2
66 33 4
66 34 2
66 35 3
66 36 10
66 41 5
66 44 9
66 45 3
66 47 5
66 48 4
66 51 12
66 53 8
66 55 8
66 56 11
66 57 3
66 59 12
66 61 1
66 63 3
66 64 10
66 65 6
67 0 10
67 1 11
67 4 6
67 7 10
67 8 8
67 9 10
67 10 10
67 11 9
67 12 12
67 13 9
67 14 10
67 16 11
67 18 12
67 19 9
67 20 1
67 21 7
67 26 4
67 27 4
67 28 5
67 29 9
67 30 9
67 31 1
67 33 9
67 34 5
67 36 6
67 39 11
67 46 1
67 48 6
67 53 7
67 57 9
67 58 3
67 60 4
67 61 5
67 62 3
67 65 4
67 66 3
68 6 10
68 9 8
68 10 9
68 13 2
68 15 7
68 16 5
68 17 2
68 19 5
68 20 8
68 21 4
68 23 2
68 27 3
68 28 9
68 29 12
68 30 11
68 33 9
68 34 12
68 35 10
68 36 8
68 38 2
68 40 8
68 42 6
68 44 5
68 46 12
68 47 12
68 50 3
68 52 7
68 60 3
68 62 2
68 64 10
68 66 12
68 67 7
69 2 12
69 4 8
69 7 9
69 8 4
69 10 12
69 16 9
69 17 9
69 20 6
69 22 11
69 23 3
69 24 10
69 25 2
69 28 8
69 31 3
69 32 5
69 33 11
69 34 12
69 39 1
69 43 1
69 45 1
69 46 4
69 50 6
69 55 2
69 56 5
69 60 1
69 62 3
69 63 9
69 64 5
69 65 1
69 66 9
69 67 12
69 68 6
