30
3 0 5
3 1 4
4 3 1
6 2 1
6 5 3
7 3 8
8 0 3
8 5 9
9 0 4
9 1 2
9 2 8
9 3 7
9 4 2
9 5 6
9 7 4
9 8 2
10 0 6
10 2 1
10 3 5
10 5 4
10 6 7
10 7 3
10 8 7
10 9 3
11 1 7
11 2 3
11 4 5
11 8 6
11 9 8
11 10 4
12 1 3
12 2 5
12 3 6
12 4 3
12 7 1
12 8 8
12 10 8
13 0 7
13 1 1
13 5 6
13 7 4
14 2 3
14 3 9
14 5 7
14 9 6
14 11 5
15 1 6
15 4 3
15 7 2
15 8 2
15 10 6
15 12 4
15 13 8
15 14 8
16 0 3
16 1 4
16 2 6
16 3 9
16 4 5
16 6 3
16 8 4
16 9 7
16 10 1
16 11 3
16 13 6
16 15 2
17 0 2
17 1 4
17 3 2
17 4 4
17 6 4
17 7 8
17 9 1
17 11 1
17 13 1
17 15 9
17 16 5
18 1 2
18 4 1
18 6 4
18 7 4
18 8 2
18 9 4
18 13 7
18 14 1
19 2 8
19 4 8
19 5 9
19 7 5
19 8 8
19 9 3
19 13 8
19 18 7
20 3 1
20 5 1
20 6 7
20 8 5
20 10 5
20 11 6
20 12 3
20 17 9
20 18 8
21 0 4
21 1 8
21 4 5
21 5 8
21 6 5
21 7 4
21 8 8
21 9 9
21 10 9
21 11 5
21 12 6
21 14 3
21 16 4
21 20 3
22 0 1
22 1 8
22 4 6
22 5 4
22 7 2
22 9 4
22 10 1
22 11 3
22 13 3
22 16 3
22 18 3
23 4 7
23 5 7
23 8 3
23 11 9
23 13 4
23 14 6
23 16 5
23 18 4
23 19 1
23 22 6
24 3 1
24 4 6
24 8 3
24 10 1
24 11 6
24 14 2
24 16 5
24 19 4
24 20 8
25 0 7
25 3 5
25 4 6
25 9 7
25 11 4
25 14 4
25 18 4
25 20 7
25 22 9
25 23 4
25 24 5
26 1 3
26 5 2
26 6 1
26 7 2
26 9 2
26 11 8
26 12 2
26 13 3
26 14 6
26 15 9
26 17 6
26 18 1
26 19 7
26 20 1
26 21 9
26 23 2
26 24 5
26 25 5
27 0 9
27 3 3
27 8 9
27 12 7
27 13 2
27 14 1
27 16 2
27 18 6
27 21 2
27 22 5
27 25 9
27 26 1
28 7 4
28 8 1
28 10 9
28 12 2
28 15 9
28 20 9
28 22 1
28 23 9
28 24 7
28 25 5
29 0 3
29 1 7
29 2 9
29 3 4
29 4 8
29 7 7
29 8 1
29 12 8
29 15 6
29 17 8
29 22 4
29 24 7
29 25 1
29 26 8
29 27 3
