70
1 0 5
2 0 5
2 1 4
3 0 5
3 1 1
3 2 2
4 0 3
4 1 1
4 2 5
4 3 3
5 0 2
5 1 1
5 2 1
5 3 2
5 4 2
6 0 3
6 1 4
6 2 3
6 3 5
6 4 3
6 5 4
7 0 1
7 1 4
7 2 1
7 3 4
7 4 1
7 5 3
7 6 3
8 0 5
8 1 4
8 2 4
8 3 5
8 4 1
8 5 5
8 6 5
8 7 2
9 0 5
9 1 5
9 2 1
9 3 5
9 4 5
9 5 3
9 6 1
9 7 5
9 8 4
10 0 1
10 1 1
10 2 5
10 3 2
10 4 3
10 5 1
10 6 3
10 7 5
10 8 5
10 9 5
11 0 1
11 1 3
11 2 2
11 3 5
11 4 3
11 5 5
11 6 2
11 7 1
11 8 3
11 9 2
11 10 3
12 0 4
12 1 2
12 2 2
12 3 2
12 4 2
12 5 3
12 6 2
12 7 2
12 8 1
12 9 5
12 10 3
12 11 3
13 0 2
13 1 5
13 2 5
13 3 3
13 4 1
13 5 2
13 6 4
13 7 2
13 8 3
13 9 2
13 10 1
13 11 5
13 12 5
14 0 2
14 1 3
14 2 1
14 3 3
14 4 2
14 5 3
14 6 5
14 7 5
14 8 5
14 9 5
14 10 3
14 11 2
14 12 3
14 13 5
15 0 5
15 1 1
15 2 5
15 3 4
15 4 4
15 5 5
15 6 3
15 7 5
15 8 3
15 9 2
15 10 2
15 11 2
15 12 5
15 13 2
15 14 5
16 0 1
16 1 5
16 2 4
16 3 3
16 4 4
16 5 4
16 6 4
16 7 1
16 8 2
16 9 5
16 10 4
16 11 1
16 12 4
16 13 2
16 14 1
16 15 5
17 0 1
17 1 5
17 2 4
17 3 3
17 4 4
17 5 3
17 6 1
17 7 4
17 8 1
17 9 4
17 10 1
17 11 3
17 12 4
17 13 1
17 14 2
17 15 2
17 16 2
18 0 5
18 1 3
18 2 2
18 3 2
18 4 3
18 5 3
18 6 4
18 7 4
18 8 3
18 9 2
18 10 3
18 11 1
18 12 4
18 13 2
18 14 2
18 15 1
18 16 3
18 17 4
19 0 1
19 1 2
19 2 1
19 3 1
19 4 5
19 5 5
19 6 3
19 7 4
19 8 1
19 9 4
19 10 5
19 11 1
19 12 1
19 13 1
19 14 4
19 15 3
19 16 4
19 17 5
19 18 2
20 0 1
20 1 2
20 2 5
20 3 5
20 4 4
20 5 3
20 6 2
20 7 2
20 8 2
20 9 5
20 10 2
20 11 2
20 12 2
20 13 3
20 14 4
20 15 3
20 16 4
20 17 4
20 18 3
20 19 5
21 0 3
21 1 5
21 2 4
21 3 4
21 4 4
21 5 5
21 6 3
21 7 2
21 8 3
21 9 4
21 10 3
21 11 2
21 12 5
21 13 3
21 14 1
21 15 4
21 16 1
21 17 5
21 18 5
21 19 3
21 20 2
22 0 2
22 1 4
22 2 2
22 3 2
22 4 1
22 5 5
22 6 5
22 7 1
22 8 5
22 9 5
22 10 1
22 11 2
22 12 3
22 13 1
22 14 3
22 15 4
22 16 5
22 17 2
22 18 2
22 19 2
22 20 4
22 21 1
23 0 5
23 1 2
23 2 4
23 3 4
23 4 5
23 5 4
23 6 4
23 7 5
23 8 2
23 9 5
23 10 2
23 11 5
23 12 3
23 13 1
23 14 5
23 15 2
23 16 1
23 17 3
23 18 4
23 19 3
23 20 4
23 21 2
23 22 5
24 0 4
24 1 5
24 2 4
24 3 1
24 4 3
24 5 3
24 6 4
24 7 3
24 8 5
24 9 1
24 10 1
24 11 3
24 12 2
24 13 3
24 14 2
24 15 1
24 16 4
24 17 3
24 18 2
24 19 1
24 20 5
24 21 3
24 22 1
24 23 5
25 0 5
25 1 4
25 2 2
25 3 5
25 4 5
25 5 1
25 6 3
25 7 1
25 8 3
25 9 5
25 10 1
25 11 3
25 12 5
25 13 5
25 14 1
25 15 1
25 16 1
25 17 4
25 18 3
25 19 5
25 20 2
25 21 2
25 22 1
25 23 2
25 24 4
26 0 2
26 1 4
26 2 4
26 3 1
26 4 2
26 5 2
26 6 4
26 7 1
26 8 5
26 9 4
26 10 5
26 11 5
26 12 5
26 13 1
26 14 3
26 15 5
26 16 5
26 17 3
26 18 5
26 19 4
26 20 5
26 21 3
26 22 1
26 23 4
26 24 3
26 25 3
27 0 1
27 1 1
27 2 2
27 3 3
27 4 5
27 5 3
27 6 4
27 7 4
27 8 3
27 9 2
27 10 3
27 11 3
27 12 5
27 13 5
27 14 2
27 15 5
27 16 3
27 17 4
27 18 2
27 19 2
27 20 2
27 21 1
27 22 1
27 23 5
27 24 4
27 25 5
27 26 1
28 0 4
28 1 2
28 2 4
28 3 1
28 4 3
28 5 2
28 6 1
28 7 1
28 8 4
28 9 3
28 10 4
28 11 3
28 12 4
28 13 3
28 14 5
28 15 5
28 16 1
28 17 2
28 18 4
28 19 5
28 20 4
28 21 1
28 22 2
28 23 4
28 24 2
28 25 2
28 26 1
28 27 1
29 0 5
29 1 3
29 2 3
29 3 3
29 4 1
29 5 2
29 6 2
29 7 5
29 8 5
29 9 2
29 10 2
29 11 3
29 12 1
29 13 2
29 14 1
29 15 2
29 16 2
29 17 1
29 18 3
29 19 1
29 20 3
29 21 4
29 22 4
29 23 1
29 24 3
29 25 4
29 26 2
29 27 4
29 28 3
30 0 1
30 1 2
30 2 4
30 3 5
30 4 4
30 5 3
30 6 1
30 7 3
30 8 3
30 9 1
30 10 5
30 11 3
30 12 1
30 13 5
30 14 1
30 15 3
30 16 5
30 17 2
30 18 2
30 19 2
30 20 2
30 21 4
30 22 4
30 23 4
30 24 5
30 25 2
30 26 5
30 27 4
30 28 1
30 29 5
31 0 4
31 1 5
31 2 1
31 3 1
31 4 2
31 5 2
31 6 4
31 7 1
31 8 3
31 9 4
31 10 2
31 11 4
31 12 2
31 13 5
31 14 2
31 15 4
31 16 3
31 17 1
31 18 5
31 19 5
31 20 5
31 21 4
31 22 1
31 23 4
31 24 2
31 25 1
31 26 4
31 27 2
31 28 1
31 29 3
31 30 2
32 0 3
32 1 3
32 2 4
32 3 4
32 4 3
32 5 1
32 6 5
32 7 3
32 8 2
32 9 3
32 10 5
32 11 5
32 12 5
32 13 5
32 14 1
32 15 2
32 16 3
32 17 2
32 18 5
32 19 2
32 20 3
32 21 5
32 22 2
32 23 2
32 24 2
32 25 5
32 26 3
32 27 2
32 28 1
32 29 1
32 30 2
32 31 3
33 0 5
33 1 5
33 2 3
33 3 4
33 4 2
33 5 5
33 6 4
33 7 4
33 8 2
33 9 4
33 10 5
33 11 2
33 12 2
33 13 5
33 14 1
33 15 3
33 16 5
33 17 3
33 18 4
33 19 3
33 20 2
33 21 1
33 22 2
33 23 3
33 24 2
33 25 1
33 26 2
33 27 2
33 28 5
33 29 3
33 30 2
33 31 2
33 32 1
34 0 3
34 1 5
34 2 5
34 3 3
34 4 1
34 5 2
34 6 3
34 7 4
34 8 2
34 9 1
34 10 1
34 11 5
34 12 5
34 13 2
34 14 3
34 15 3
34 16 3
34 17 5
34 18 3
34 19 4
34 20 5
34 21 3
34 22 5
34 23 3
34 24 5
34 25 4
34 26 4
34 27 3
34 28 5
34 29 2
34 30 5
34 31 2
34 32 3
34 33 2
35 0 5
35 1 2
35 2 3
35 3 1
35 4 4
35 5 5
35 6 5
35 7 4
35 8 2
35 9 5
35 10 3
35 11 3
35 12 4
35 13 4
35 14 3
35 15 4
35 16 3
35 17 5
35 18 3
35 19 1
35 20 1
35 21 2
35 22 2
35 23 4
35 24 2
35 25 5
35 26 4
35 27 2
35 28 4
35 29 1
35 30 2
35 31 5
35 32 4
35 33 5
35 34 3
36 0 4
36 1 1
36 2 3
36 3 3
36 4 5
36 5 2
36 6 4
36 7 1
36 8 2
36 9 2
36 10 1
36 11 2
36 12 5
36 13 2
36 14 1
36 15 5
36 16 3
36 17 2
36 18 1
36 19 1
36 20 4
36 21 1
36 22 1
36 23 2
36 24 2
36 25 5
36 26 5
36 27 1
36 28 3
36 29 2
36 30 5
36 31 2
36 32 2
36 33 2
36 34 3
36 35 1
37 0 5
37 1 1
37 2 5
37 3 4
37 4 1
37 5 1
37 6 2
37 7 4
37 8 2
37 9 5
37 10 5
37 11 4
37 12 4
37 13 3
37 14 1
37 15 1
37 16 5
37 17 3
37 18 4
37 19 3
37 20 2
37 21 4
37 22 1
37 23 4
37 24 5
37 25 3
37 26 5
37 27 3
37 28 1
37 29 1
37 30 2
37 31 4
37 32 4
37 33 1
37 34 1
37 35 3
37 36 3
38 0 1
38 1 3
38 2 3
38 3 4
38 4 4
38 5 3
38 6 2
38 7 5
38 8 2
38 9 3
38 10 5
38 11 5
38 12 5
38 13 4
38 14 3
38 15 4
38 16 2
38 17 2
38 18 1
38 19 3
38 20 2
38 21 2
38 22 2
38 23 3
38 24 4
38 25 1
38 26 1
38 27 2
38 28 1
38 29 1
38 30 4
38 31 4
38 32 5
38 33 2
38 34 2
38 35 5
38 36 4
38 37 2
39 0 5
39 1 4
39 2 5
39 3 1
39 4 4
39 5 1
39 6 2
39 7 2
39 8 3
39 9 1
39 10 1
39 11 1
39 12 5
39 13 2
39 14 5
39 15 1
39 16 2
39 17 3
39 18 2
39 19 5
39 20 4
39 21 2
39 22 3
39 23 4
39 24 5
39 25 4
39 26 2
39 27 1
39 28 5
39 29 1
39 30 5
39 31 4
39 32 2
39 33 5
39 34 3
39 35 3
39 36 1
39 37 3
39 38 5
40 0 1
40 1 1
40 2 4
40 3 4
40 4 1
40 5 3
40 6 3
40 7 2
40 8 1
40 9 4
40 10 1
40 11 2
40 12 4
40 13 5
40 14 2
40 15 1
40 16 2
40 17 5
40 18 4
40 19 5
40 20 1
40 21 1
40 22 4
40 23 4
40 24 1
40 25 3
40 26 1
40 27 3
40 28 3
40 29 3
40 30 1
40 31 5
40 32 2
40 33 4
40 34 5
40 35 3
40 36 5
40 37 1
40 38 3
40 39 1
41 0 1
41 1 2
41 2 4
41 3 3
41 4 4
41 5 5
41 6 4
41 7 4
41 8 5
41 9 2
41 10 4
41 11 2
41 12 4
41 13 2
41 14 4
41 15 1
41 16 5
41 17 2
41 18 3
41 19 1
41 20 1
41 21 1
41 22 2
41 23 5
41 24 3
41 25 2
41 26 4
41 27 2
41 28 2
41 29 1
41 30 4
41 31 1
41 32 1
41 33 2
41 34 4
41 35 3
41 36 5
41 37 3
41 38 1
41 39 1
41 40 4
42 0 2
42 1 1
42 2 5
42 3 5
42 4 2
42 5 4
42 6 2
42 7 3
42 8 1
42 9 1
42 10 5
42 11 3
42 12 3
42 13 3
42 14 1
42 15 1
42 16 4
42 17 3
42 18 3
42 19 3
42 20 5
42 21 1
42 22 4
42 23 2
42 24 2
42 25 1
42 26 2
42 27 2
42 28 3
42 29 5
42 30 5
42 31 1
42 32 3
42 33 5
42 34 2
42 35 3
42 36 4
42 37 4
42 38 3
42 39 1
42 40 3
42 41 1
43 0 5
43 1 4
43 2 4
43 3 3
43 4 1
43 5 2
43 6 2
43 7 2
43 8 2
43 9 3
43 10 2
43 11 2
43 12 1
43 13 2
43 14 4
43 15 3
43 16 5
43 17 3
43 18 3
43 19 4
43 20 5
43 21 3
43 22 3
43 23 2
43 24 2
43 25 5
43 26 4
43 27 5
43 28 4
43 29 1
43 30 3
43 31 5
43 32 3
43 33 1
43 34 2
43 35 3
43 36 3
43 37 4
43 38 5
43 39 5
43 40 5
43 41 3
43 42 5
44 0 5
44 1 2
44 2 4
44 3 5
44 4 2
44 5 3
44 6 2
44 7 3
44 8 4
44 9 3
44 10 3
44 11 2
44 12 2
44 13 3
44 14 3
44 15 2
44 16 1
44 17 4
44 18 3
44 19 4
44 20 2
44 21 4
44 22 1
44 23 5
44 24 4
44 25 4
44 26 5
44 27 2
44 28 2
44 29 5
44 30 2
44 31 2
44 32 5
44 33 1
44 34 3
44 35 2
44 36 5
44 37 3
44 38 2
44 39 4
44 40 4
44 41 4
44 42 5
44 43 4
45 0 3
45 1 3
45 2 5
45 3 2
45 4 4
45 5 1
45 6 4
45 7 4
45 8 2
45 9 5
45 10 1
45 11 2
45 12 2
45 13 3
45 14 5
45 15 5
45 16 2
45 17 4
45 18 5
45 19 5
45 20 4
45 21 1
45 22 3
45 23 1
45 24 3
45 25 1
45 26 1
45 27 5
45 28 4
45 29 1
45 30 5
45 31 4
45 32 3
45 33 2
45 34 1
45 35 5
45 36 5
45 37 1
45 38 2
45 39 3
45 40 5
45 41 1
45 42 3
45 43 3
45 44 2
46 0 3
46 1 1
46 2 1
46 3 3
46 4 1
46 5 2
46 6 2
46 7 5
46 8 3
46 9 1
46 10 5
46 11 5
46 12 5
46 13 3
46 14 2
46 15 5
46 16 2
46 17 2
46 18 3
46 19 4
46 20 3
46 21 1
46 22 4
46 23 5
46 24 1
46 25 5
46 26 3
46 27 5
46 28 1
46 29 2
46 30 1
46 31 1
46 32 1
46 33 1
46 34 4
46 35 3
46 36 2
46 37 3
46 38 2
46 39 4
46 40 4
46 41 2
46 42 2
46 43 1
46 44 3
46 45 1
47 0 2
47 1 5
47 2 2
47 3 5
47 4 3
47 5 4
47 6 5
47 7 2
47 8 3
47 9 1
47 10 3
47 11 5
47 12 4
47 13 5
47 14 5
47 15 3
47 16 3
47 17 5
47 18 1
47 19 4
47 20 4
47 21 2
47 22 5
47 23 4
47 24 2
47 25 2
47 26 2
47 27 1
47 28 5
47 29 5
47 30 3
47 31 2
47 32 5
47 33 3
47 34 4
47 35 2
47 36 4
47 37 4
47 38 3
47 39 4
47 40 5
47 41 2
47 42 1
47 43 1
47 44 1
47 45 4
47 46 4
48 0 2
48 1 2
48 2 4
48 3 2
48 4 1
48 5 3
48 6 3
48 7 4
48 8 1
48 9 1
48 10 1
48 11 5
48 12 4
48 13 4
48 14 3
48 15 4
48 16 5
48 17 3
48 18 4
48 19 2
48 20 1
48 21 5
48 22 3
48 23 2
48 24 1
48 25 2
48 26 2
48 27 2
48 28 2
48 29 5
48 30 3
48 31 3
48 32 1
48 33 4
48 34 5
48 35 4
48 36 5
48 37 3
48 38 5
48 39 1
48 40 4
48 41 1
48 42 5
48 43 4
48 44 2
48 45 2
48 46 1
48 47 3
49 0 5
49 1 2
49 2 4
49 3 4
49 4 3
49 5 2
49 6 5
49 7 4
49 8 1
49 9 4
49 10 4
49 11 5
49 12 5
49 13 5
49 14 5
49 15 2
49 16 4
49 17 4
49 18 5
49 19 3
49 20 2
49 21 4
49 22 2
49 23 1
49 24 3
49 25 1
49 26 1
49 27 5
49 28 2
49 29 3
49 30 5
49 31 3
49 32 1
49 33 3
49 34 1
49 35 3
49 36 3
49 37 3
49 38 2
49 39 1
49 40 2
49 41 3
49 42 3
49 43 5
49 44 1
49 45 3
49 46 1
49 47 3
49 48 3
50 0 3
50 1 2
50 2 4
50 3 3
50 4 4
50 5 4
50 6 5
50 7 2
50 8 2
50 9 4
50 10 5
50 11 5
50 12 2
50 13 4
50 14 3
50 15 4
50 16 4
50 17 2
50 18 2
50 19 2
50 20 5
50 21 3
50 22 5
50 23 5
50 24 3
50 25 2
50 26 3
50 27 3
50 28 3
50 29 1
50 30 3
50 31 3
50 32 4
50 33 3
50 34 5
50 35 3
50 36 5
50 37 1
50 38 1
50 39 4
50 40 4
50 41 3
50 42 2
50 43 1
50 44 1
50 45 4
50 46 2
50 47 5
50 48 5
50 49 2
51 0 4
51 1 2
51 2 2
51 3 5
51 4 4
51 5 5
51 6 3
51 7 5
51 8 4
51 9 4
51 10 4
51 11 4
51 12 1
51 13 2
51 14 5
51 15 3
51 16 2
51 17 3
51 18 2
51 19 1
51 20 1
51 21 1
51 22 4
51 23 2
51 24 2
51 25 2
51 26 1
51 27 4
51 28 1
51 29 3
51 30 3
51 31 1
51 32 1
51 33 5
51 34 2
51 35 5
51 36 1
51 37 2
51 38 5
51 39 5
51 40 2
51 41 5
51 42 5
51 43 5
51 44 5
51 45 3
51 46 4
51 47 5
51 48 3
51 49 1
51 50 5
52 0 4
52 1 4
52 2 1
52 3 5
52 4 5
52 5 1
52 6 1
52 7 4
52 8 1
52 9 1
52 10 1
52 11 3
52 12 1
52 13 4
52 14 5
52 15 2
52 16 2
52 17 2
52 18 2
52 19 3
52 20 2
52 21 1
52 22 4
52 23 3
52 24 4
52 25 5
52 26 4
52 27 2
52 28 5
52 29 2
52 30 1
52 31 5
52 32 4
52 33 3
52 34 5
52 35 4
52 36 4
52 37 4
52 38 2
52 39 5
52 40 1
52 41 1
52 42 4
52 43 3
52 44 2
52 45 1
52 46 5
52 47 5
52 48 3
52 49 4
52 50 3
52 51 5
53 0 3
53 1 4
53 2 3
53 3 3
53 4 5
53 5 3
53 6 2
53 7 2
53 8 3
53 9 2
53 10 1
53 11 4
53 12 3
53 13 2
53 14 1
53 15 5
53 16 1
53 17 4
53 18 2
53 19 3
53 20 2
53 21 5
53 22 4
53 23 2
53 24 3
53 25 2
53 26 5
53 27 1
53 28 5
53 29 3
53 30 5
53 31 3
53 32 5
53 33 2
53 34 3
53 35 4
53 36 4
53 37 4
53 38 1
53 39 5
53 40 4
53 41 5
53 42 2
53 43 5
53 44 3
53 45 3
53 46 1
53 47 2
53 48 3
53 49 5
53 50 1
53 51 4
53 52 2
54 0 2
54 1 2
54 2 5
54 3 3
54 4 1
54 5 3
54 6 1
54 7 4
54 8 2
54 9 5
54 10 4
54 11 3
54 12 4
54 13 1
54 14 3
54 15 3
54 16 1
54 17 2
54 18 3
54 19 3
54 20 3
54 21 4
54 22 4
54 23 5
54 24 3
54 25 1
54 26 5
54 27 1
54 28 4
54 29 1
54 30 2
54 31 3
54 32 1
54 33 1
54 34 4
54 35 4
54 36 5
54 37 4
54 38 2
54 39 1
54 40 3
54 41 2
54 42 1
54 43 2
54 44 2
54 45 4
54 46 3
54 47 3
54 48 1
54 49 1
54 50 2
54 51 1
54 52 2
54 53 5
55 0 2
55 1 3
55 2 1
55 3 4
55 4 3
55 5 3
55 6 5
55 7 2
55 8 5
55 9 1
55 10 1
55 11 5
55 12 2
55 13 1
55 14 5
55 15 4
55 16 3
55 17 3
55 18 4
55 19 2
55 20 5
55 21 4
55 22 3
55 23 2
55 24 5
55 25 5
55 26 2
55 27 1
55 28 2
55 29 1
55 30 2
55 31 2
55 32 3
55 33 3
55 34 5
55 35 1
55 36 3
55 37 5
55 38 5
55 39 2
55 40 4
55 41 3
55 42 5
55 43 3
55 44 3
55 45 1
55 46 2
55 47 3
55 48 2
55 49 4
55 50 2
55 51 3
55 52 5
55 53 2
55 54 4
56 0 2
56 1 3
56 2 5
56 3 4
56 4 1
56 5 4
56 6 2
56 7 4
56 8 3
56 9 2
56 10 4
56 11 5
56 12 2
56 13 3
56 14 3
56 15 5
56 16 5
56 17 3
56 18 3
56 19 4
56 20 1
56 21 1
56 22 3
56 23 2
56 24 5
56 25 3
56 26 1
56 27 1
56 28 3
56 29 4
56 30 5
56 31 2
56 32 2
56 33 1
56 34 4
56 35 5
56 36 2
56 37 2
56 38 1
56 39 5
56 40 5
56 41 3
56 42 2
56 43 2
56 44 4
56 45 2
56 46 1
56 47 5
56 48 4
56 49 4
56 50 5
56 51 4
56 52 4
56 53 4
56 54 4
56 55 1
57 0 2
57 1 5
57 2 4
57 3 3
57 4 4
57 5 1
57 6 3
57 7 1
57 8 3
57 9 2
57 10 4
57 11 1
57 12 3
57 13 5
57 14 4
57 15 5
57 16 5
57 17 4
57 18 3
57 19 4
57 20 2
57 21 4
57 22 3
57 23 4
57 24 5
57 25 1
57 26 3
57 27 4
57 28 3
57 29 5
57 30 5
57 31 1
57 32 4
57 33 4
57 34 4
57 35 1
57 36 5
57 37 5
57 38 1
57 39 4
57 40 4
57 41 2
57 42 2
57 43 4
57 44 4
57 45 1
57 46 2
57 47 3
57 48 4
57 49 5
57 50 2
57 51 1
57 52 1
57 53 1
57 54 4
57 55 2
57 56 5
58 0 2
58 1 3
58 2 2
58 3 5
58 4 5
58 5 3
58 6 1
58 7 3
58 8 4
58 9 4
58 10 1
58 11 3
58 12 4
58 13 2
58 14 4
58 15 4
58 16 1
58 17 5
58 18 2
58 19 2
58 20 3
58 21 2
58 22 4
58 23 5
58 24 3
58 25 4
58 26 3
58 27 5
58 28 4
58 29 4
58 30 2
58 31 5
58 32 3
58 33 1
58 34 3
58 35 3
58 36 4
58 37 5
58 38 4
58 39 4
58 40 1
58 41 5
58 42 3
58 43 4
58 44 2
58 45 5
58 46 1
58 47 4
58 48 2
58 49 1
58 50 3
58 51 5
58 52 3
58 53 5
58 54 1
58 55 2
58 56 5
58 57 1
59 0 3
59 1 3
59 2 1
59 3 5
59 4 2
59 5 2
59 6 1
59 7 2
59 8 4
59 9 5
59 10 3
59 11 4
59 12 4
59 13 1
59 14 4
59 15 4
59 16 2
59 17 3
59 18 5
59 19 2
59 20 4
59 21 2
59 22 2
59 23 2
59 24 5
59 25 4
59 26 1
59 27 5
59 28 2
59 29 1
59 30 2
59 31 2
59 32 1
59 33 2
59 34 2
59 35 2
59 36 5
59 37 1
59 38 2
59 39 5
59 40 2
59 41 4
59 42 3
59 43 2
59 44 3
59 45 2
59 46 3
59 47 5
59 48 1
59 49 5
59 50 4
59 51 4
59 52 1
59 53 5
59 54 2
59 55 5
59 56 3
59 57 5
59 58 4
60 0 4
60 1 2
60 2 3
60 3 3
60 4 4
60 5 5
60 6 2
60 7 4
60 8 5
60 9 2
60 10 4
60 11 2
60 12 2
60 13 4
60 14 4
60 15 5
60 16 2
60 17 4
60 18 1
60 19 5
60 20 1
60 21 5
60 22 3
60 23 5
60 24 5
60 25 3
60 26 3
60 27 5
60 28 4
60 29 2
60 30 3
60 31 4
60 32 2
60 33 2
60 34 4
60 35 4
60 36 1
60 37 3
60 38 3
60 39 4
60 40 5
60 41 4
60 42 1
60 43 3
60 44 1
60 45 4
60 46 4
60 47 2
60 48 1
60 49 2
60 50 3
60 51 3
60 52 4
60 53 3
60 54 3
60 55 1
60 56 2
60 57 3
60 58 5
60 59 5
61 0 2
61 1 2
61 2 2
61 3 1
61 4 3
61 5 1
61 6 5
61 7 3
61 8 3
61 9 3
61 10 1
61 11 2
61 12 1
61 13 1
61 14 5
61 15 2
61 16 4
61 17 4
61 18 2
61 19 2
61 20 4
61 21 2
61 22 3
61 23 4
61 24 4
61 25 3
61 26 1
61 27 2
61 28 1
61 29 1
61 30 1
61 31 2
61 32 3
61 33 2
61 34 3
61 35 1
61 36 2
61 37 5
61 38 2
61 39 3
61 40 3
61 41 3
61 42 1
61 43 5
61 44 5
61 45 2
61 46 2
61 47 4
61 48 2
61 49 2
61 50 4
61 51 4
61 52 1
61 53 4
61 54 1
61 55 3
61 56 3
61 57 2
61 58 2
61 59 4
61 60 5
62 0 2
62 1 2
62 2 5
62 3 4
62 4 4
62 5 4
62 6 1
62 7 4
62 8 1
62 9 4
62 10 1
62 11 4
62 12 4
62 13 3
62 14 4
62 15 1
62 16 5
62 17 5
62 18 3
62 19 1
62 20 4
62 21 3
62 22 2
62 23 2
62 24 3
62 25 1
62 26 5
62 27 4
62 28 4
62 29 3
62 30 2
62 31 1
62 32 4
62 33 1
62 34 2
62 35 4
62 36 1
62 37 2
62 38 5
62 39 1
62 40 1
62 41 4
62 42 4
62 43 5
62 44 3
62 45 4
62 46 3
62 47 2
62 48 3
62 49 1
62 50 5
62 51 2
62 52 5
62 53 5
62 54 2
62 55 4
62 56 4
62 57 1
62 58 5
62 59 3
62 60 3
62 61 2
63 0 3
63 1 3
63 2 1
63 3 4
63 4 3
63 5 5
63 6 3
63 7 3
63 8 4
63 9 1
63 10 4
63 11 1
63 12 4
63 13 4
63 14 1
63 15 3
63 16 4
63 17 3
63 18 1
63 19 4
63 20 3
63 21 4
63 22 5
63 23 4
63 24 2
63 25 4
63 26 3
63 27 5
63 28 4
63 29 1
63 30 3
63 31 3
63 32 5
63 33 5
63 34 3
63 35 5
63 36 2
63 37 1
63 38 4
63 39 2
63 40 4
63 41 2
63 42 1
63 43 1
63 44 5
63 45 5
63 46 2
63 47 5
63 48 5
63 49 4
63 50 5
63 51 5
63 52 3
63 53 5
63 54 3
63 55 5
63 56 5
63 57 5
63 58 2
63 59 4
63 60 1
63 61 1
63 62 2
64 0 4
64 1 4
64 2 1
64 3 2
64 4 1
64 5 5
64 6 1
64 7 5
64 8 2
64 9 1
64 10 5
64 11 5
64 12 3
64 13 5
64 14 2
64 15 1
64 16 5
64 17 2
64 18 2
64 19 4
64 20 4
64 21 4
64 22 5
64 23 3
64 24 2
64 25 2
64 26 3
64 27 5
64 28 2
64 29 1
64 30 3
64 31 1
64 32 4
64 33 4
64 34 4
64 35 2
64 36 2
64 37 4
64 38 1
64 39 1
64 40 2
64 41 1
64 42 1
64 43 5
64 44 1
64 45 5
64 46 5
64 47 2
64 48 3
64 49 2
64 50 3
64 51 4
64 52 2
64 53 4
64 54 5
64 55 3
64 56 5
64 57 3
64 58 1
64 59 5
64 60 4
64 61 3
64 62 3
64 63 2
65 0 4
65 1 3
65 2 1
65 3 5
65 4 1
65 5 4
65 6 3
65 7 5
65 8 5
65 9 3
65 10 1
65 11 3
65 12 4
65 13 3
65 14 3
65 15 1
65 16 2
65 17 5
65 18 2
65 19 4
65 20 1
65 21 2
65 22 1
65 23 3
65 24 3
65 25 1
65 26 5
65 27 2
65 28 2
65 29 2
65 30 4
65 31 1
65 32 5
65 33 3
65 34 1
65 35 5
65 36 4
65 37 3
65 38 1
65 39 1
65 40 1
65 41 3
65 42 2
65 43 2
65 44 3
65 45 1
65 46 2
65 47 2
65 48 1
65 49 2
65 50 5
65 51 3
65 52 1
65 53 2
65 54 4
65 55 5
65 56 1
65 57 2
65 58 4
65 59 2
65 60 4
65 61 3
65 62 4
65 63 2
65 64 2
66 0 4
66 1 3
66 2 2
66 3 5
66 4 5
66 5 3
66 6 2
66 7 5
66 8 2
66 9 5
66 10 5
66 11 3
66 12 3
66 13 5
66 14 5
66 15 4
66 16 1
66 17 2
66 18 5
66 19 4
66 20 5
66 21 3
66 22 1
66 23 1
66 24 3
66 25 5
66 26 1
66 27 2
66 28 3
66 29 5
66 30 2
66 31 5
66 32 4
66 33 4
66 34 3
66 35 3
66 36 5
66 37 5
66 38 2
66 39 1
66 40 1
66 41 1
66 42 5
66 43 3
66 44 1
66 45 4
66 46 4
66 47 2
66 48 3
66 49 1
66 50 2
66 51 1
66 52 5
66 53 2
66 54 3
66 55 3
66 56 3
66 57 3
66 58 1
66 59 1
66 60 2
66 61 5
66 62 3
66 63 1
66 64 1
66 65 4
67 0 4
67 1 5
67 2 3
67 3 5
67 4 1
67 5 3
67 6 5
67 7 2
67 8 3
67 9 3
67 10 2
67 11 2
67 12 5
67 13 4
67 14 3
67 15 4
67 16 1
67 17 1
67 18 2
67 19 3
67 20 2
67 21 4
67 22 2
67 23 2
67 24 5
67 25 1
67 26 3
67 27 5
67 28 1
67 29 5
67 30 5
67 31 3
67 32 4
67 33 5
67 34 2
67 35 2
67 36 3
67 37 2
67 38 1
67 39 3
67 40 3
67 41 1
67 42 1
67 43 5
67 44 5
67 45 5
67 46 1
67 47 4
67 48 1
67 49 3
67 50 3
67 51 1
67 52 4
67 53 4
67 54 3
67 55 4
67 56 4
67 57 3
67 58 2
67 59 2
67 60 1
67 61 5
67 62 4
67 63 2
67 64 4
67 65 3
67 66 1
68 0 2
68 1 1
68 2 2
68 3 4
68 4 5
68 5 2
68 6 1
68 7 1
68 8 5
68 9 4
68 10 1
68 11 1
68 12 4
68 13 4
68 14 5
68 15 2
68 16 2
68 17 3
68 18 2
68 19 3
68 20 5
68 21 4
68 22 1
68 23 5
68 24 5
68 25 4
68 26 3
68 27 2
68 28 5
68 29 1
68 30 1
68 31 1
68 32 4
68 33 2
68 34 2
68 35 1
68 36 4
68 37 5
68 38 5
68 39 4
68 40 5
68 41 5
68 42 3
68 43 5
68 44 3
68 45 3
68 46 4
68 47 5
68 48 4
68 49 3
68 50 1
68 51 5
68 52 4
68 53 4
68 54 4
68 55 4
68 56 5
68 57 5
68 58 2
68 59 3
68 60 3
68 61 4
68 62 3
68 63 5
68 64 1
68 65 4
68 66 2
68 67 2
69 0 3
69 1 4
69 2 4
69 3 5
69 4 5
69 5 2
69 6 5
69 7 5
69 8 3
69 9 2
69 10 3
69 11 1
69 12 5
69 13 3
69 14 3
69 15 4
69 16 4
69 17 3
69 18 3
69 19 2
69 20 1
69 21 5
69 22 1
69 23 5
69 24 2
69 25 5
69 26 5
69 27 3
69 28 5
69 29 1
69 30 2
69 31 2
69 32 3
69 33 5
69 34 1
69 35 2
69 36 2
69 37 2
69 38 4
69 39 2
69 40 1
69 41 4
69 42 3
69 43 2
69 44 4
69 45 5
69 46 2
69 47 4
69 48 5
69 49 4
69 50 3
69 51 5
69 52 3
69 53 1
69 54 5
69 55 1
69 56 5
69 57 4
69 58 2
69 59 2
69 60 3
69 61 5
69 62 5
69 63 3
69 64 3
69 65 3
69 66 5
69 67 3
69 68 3
