60
1 0 4
2 0 8
2 1 2
3 0 9
4 1 3
4 3 5
5 1 3
5 4 6
6 3 4
6 5 4
7 2 7
7 6 6
8 0 6
8 3 5
8 4 5
8 5 7
9 0 3
9 1 2
9 2 2
9 4 8
9 5 7
9 6 4
9 7 8
9 8 7
10 4 1
10 5 6
10 6 9
10 7 9
10 9 5
11 1 4
11 2 1
11 4 9
11 5 6
11 6 8
11 7 4
11 9 7
12 1 5
12 3 1
12 5 4
12 6 2
12 10 7
12 11 5
13 3 3
13 8 6
13 12 1
14 0 9
14 2 6
14 3 8
14 4 5
14 5 3
14 8 7
14 9 5
14 10 3
14 11 4
14 12 4
15 1 6
15 4 2
15 6 7
15 7 9
15 8 8
15 9 3
15 10 7
15 11 7
15 12 1
15 13 9
16 2 9
16 4 5
16 5 1
16 7 4
16 11 1
16 12 9
17 1 2
17 2 4
17 6 8
17 7 9
17 8 3
17 12 2
17 14 4
17 15 3
17 16 4
18 3 7
18 5 8
18 6 6
18 7 3
18 8 4
18 10 3
18 13 4
18 15 7
18 17 6
19 0 3
19 3 5
19 7 1
19 8 5
19 9 4
19 11 1
19 12 4
19 16 5
19 17 3
20 3 5
20 6 9
20 9 5
20 10 9
20 11 2
20 12 4
20 13 1
20 15 7
20 16 3
20 18 2
20 19 8
21 0 5
21 1 4
21 2 9
21 6 9
21 8 2
21 9 5
21 11 4
21 12 1
21 13 3
21 15 9
21 16 6
21 18 6
21 20 4
22 0 7
22 1 9
22 2 2
22 3 3
22 4 1
22 5 8
22 9 2
22 11 7
22 13 5
22 17 5
22 21 6
23 3 1
23 4 9
23 5 5
23 8 5
23 9 8
23 11 6
23 12 1
23 13 8
23 15 6
23 21 3
24 1 7
24 2 5
24 3 4
24 5 6
24 6 9
24 7 4
24 9 1
24 10 6
24 12 8
24 14 2
24 19 4
25 2 7
25 3 9
25 4 8
25 10 5
25 11 4
25 12 9
25 13 6
26 0 9
26 3 8
26 4 6
26 6 2
26 8 1
26 9 7
26 10 2
26 11 8
26 12 7
26 13 3
26 15 6
26 16 4
26 17 7
26 18 9
26 19 2
26 20 1
26 21 9
26 24 6
27 7 8
27 8 6
27 10 8
27 12 7
27 13 4
27 14 6
27 15 1
27 17 6
27 18 8
27 20 7
27 22 5
27 23 5
27 26 2
28 0 1
28 2 4
28 5 7
28 6 9
28 8 7
28 13 4
28 14 3
28 17 5
28 18 4
28 19 9
28 20 5
28 21 5
28 23 4
28 24 1
28 25 4
29 1 5
29 2 1
29 3 3
29 5 5
29 7 8
29 8 9
29 12 1
29 14 3
29 17 1
29 18 9
29 19 7
29 21 4
29 22 5
29 23 7
29 26 8
29 28 4
30 0 4
30 4 5
30 8 3
30 9 6
30 13 7
30 19 5
30 20 3
30 22 7
30 23 3
30 27 6
30 29 4
31 0 6
31 5 9
31 7 8
31 9 2
31 10 4
31 12 9
31 14 5
31 16 1
31 17 3
31 19 5
31 20 6
31 22 3
31 24 1
31 26 6
32 1 6
32 2 4
32 4 7
32 7 2
32 9 7
32 10 9
32 13 3
32 14 1
32 15 5
32 16 6
32 17 1
32 18 4
32 22 3
32 25 9
32 28 7
32 30 6
33 1 2
33 4 4
33 6 3
33 7 2
33 12 5
33 13 1
33 14 5
33 17 1
33 19 5
33 23 9
33 24 6
33 25 6
33 27 7
33 29 9
33 31 8
34 1 5
34 3 7
34 4 8
34 6 8
34 8 9
34 9 8
34 11 8
34 15 9
34 19 8
34 21 6
34 23 8
34 25 2
34 30 4
34 31 5
34 32 3
35 3 3
35 7 1
35 8 4
35 9 5
35 14 1
35 15 6
35 16 4
35 19 8
35 23 7
35 26 6
35 27 9
35 28 3
35 30 6
35 34 2
36 1 7
36 2 4
36 4 8
36 5 9
36 7 2
36 8 1
36 9 1
36 11 8
36 12 9
36 13 8
36 14 6
36 15 4
36 16 2
36 19 7
36 22 5
36 24 8
36 27 9
36 30 8
36 33 7
36 34 5
37 0 1
37 2 5
37 4 4
37 5 3
37 7 6
37 8 5
37 9 7
37 10 6
37 13 9
37 16 9
37 18 5
37 19 4
37 20 2
37 23 1
37 24 6
37 28 8
37 31 5
37 34 5
37 35 9
37 36 5
38 1 3
38 2 9
38 4 2
38 9 3
38 11 1
38 13 7
38 15 2
38 17 6
38 18 1
38 19 1
38 20 3
38 23 6
38 24 9
38 27 9
38 29 3
38 30 2
38 32 2
38 34 5
38 36 6
38 37 1
39 1 9
39 3 6
39 6 5
39 7 6
39 8 6
39 10 3
39 13 9
39 14 8
39 15 8
39 20 8
39 23 9
39 24 4
39 25 9
39 26 4
39 29 1
39 31 2
39 33 3
39 37 8
39 38 6
40 0 6
40 3 7
40 5 1
40 7 6
40 10 1
40 11 7
40 12 6
40 13 1
40 15 7
40 16 3
40 19 3
40 20 4
40 25 9
40 26 5
40 27 2
40 29 3
40 32 7
40 34 2
40 35 6
40 36 5
41 2 3
41 3 5
41 4 6
41 5 4
41 6 4
41 7 3
41 10 2
41 11 9
41 14 7
41 15 1
41 17 5
41 18 1
41 20 4
41 23 2
41 26 7
41 27 9
41 29 2
41 32 7
41 33 3
41 35 2
41 38 9
41 39 1
42 0 2
42 1 6
42 2 1
42 3 3
42 4 4
42 9 1
42 12 9
42 16 8
42 17 7
42 19 6
42 20 2
42 23 3
42 25 2
42 26 9
42 31 1
42 34 5
42 35 3
42 36 5
42 38 9
42 40 1
42 41 3
43 0 2
43 1 3
43 2 5
43 3 6
43 5 7
43 8 1
43 9 3
43 10 1
43 14 7
43 19 5
43 23 1
43 24 7
43 26 6
43 27 4
43 28 5
43 29 1
43 31 6
43 33 2
43 34 6
43 35 6
43 36 1
43 39 1
43 40 4
43 42 8
44 0 3
44 1 3
44 9 8
44 14 9
44 15 7
44 16 8
44 19 5
44 20 5
44 22 6
44 24 1
44 26 1
44 27 4
44 28 4
44 29 7
44 30 9
44 31 8
44 32 3
44 34 9
44 35 8
45 2 7
45 4 5
45 6 5
45 7 4
45 8 3
45 9 3
45 12 8
45 13 7
45 15 5
45 17 4
45 18 4
45 19 4
45 20 4
45 22 2
45 23 5
45 27 4
45 28 1
45 29 3
45 34 6
45 39 9
45 41 9
46 0 2
46 2 6
46 4 8
46 5 9
46 6 9
46 7 7
46 8 5
46 9 2
46 10 7
46 11 2
46 12 5
46 13 2
46 18 6
46 21 7
46 22 1
46 24 4
46 27 3
46 30 1
46 32 5
46 33 5
46 34 5
46 35 2
46 37 8
46 39 6
46 40 4
46 41 1
46 43 8
46 44 3
46 45 8
47 0 5
47 3 8
47 4 2
47 5 5
47 6 1
47 8 5
47 11 8
47 14 5
47 16 6
47 22 6
47 26 4
47 32 6
47 33 2
47 34 4
47 38 8
47 39 8
47 40 5
47 43 4
47 45 6
48 0 1
48 2 2
48 3 3
48 5 6
48 6 8
48 8 2
48 10 2
48 11 5
48 12 5
48 13 9
48 16 8
48 20 8
48 21 5
48 24 1
48 26 1
48 29 5
48 30 5
48 32 2
48 33 7
48 34 1
48 39 7
48 42 3
48 44 5
48 47 8
49 0 8
49 2 1
49 4 1
49 6 7
49 7 7
49 8 6
49 9 1
49 11 1
49 13 1
49 14 3
49 15 8
49 18 3
49 19 1
49 20 2
49 23 5
49 24 4
49 26 8
49 28 5
49 30 3
49 32 3
49 34 1
49 46 5
50 0 3
50 2 2
50 4 6
50 5 5
50 8 8
50 9 2
50 12 5
50 13 8
50 15 2
50 17 1
50 20 2
50 22 5
50 24 5
50 25 7
50 26 2
50 28 2
50 29 1
50 31 7
50 34 3
50 37 5
50 39 3
50 41 2
50 43 1
50 48 5
50 49 4
51 1 4
51 2 8
51 3 3
51 4 8
51 5 5
51 6 4
51 7 8
51 8 8
51 10 2
51 11 3
51 15 1
51 17 8
51 19 7
51 23 7
51 24 3
51 26 1
51 29 4
51 30 2
51 35 6
51 36 8
51 39 4
51 41 2
51 44 4
51 47 9
51 48 4
52 2 7
52 4 1
52 5 1
52 6 1
52 7 8
52 8 2
52 10 1
52 11 8
52 14 9
52 16 2
52 25 6
52 27 8
52 28 3
52 29 8
52 32 9
52 33 9
52 34 4
52 36 9
52 37 9
52 38 9
52 39 6
52 40 3
52 41 7
52 42 4
52 46 1
52 47 2
52 48 7
52 49 9
52 50 9
52 51 8
53 0 4
53 1 4
53 2 2
53 3 9
53 4 6
53 6 3
53 7 9
53 12 9
53 13 4
53 14 8
53 17 2
53 18 4
53 19 9
53 21 9
53 22 6
53 24 6
53 25 1
53 26 6
53 28 6
53 29 4
53 31 9
53 32 9
53 34 7
53 36 1
53 38 9
53 42 2
53 43 7
53 44 5
53 46 6
53 47 8
53 48 8
53 49 8
53 50 1
53 52 1
54 0 3
54 3 4
54 4 4
54 6 2
54 7 4
54 10 6
54 11 9
54 13 7
54 16 6
54 17 4
54 22 1
54 26 1
54 27 4
54 28 4
54 30 8
54 31 8
54 33 8
54 35 4
54 36 9
54 39 1
54 41 6
54 45 1
54 47 8
54 48 3
54 49 7
54 50 2
54 51 2
54 52 4
54 53 2
55 0 4
55 1 8
55 9 2
55 16 3
55 18 8
55 19 3
55 22 3
55 24 9
55 26 6
55 27 1
55 28 2
55 30 1
55 31 9
55 32 2
55 35 4
55 36 3
55 45 2
55 47 1
55 48 2
55 54 2
56 0 6
56 2 9
56 3 3
56 5 1
56 6 3
56 9 5
56 15 1
56 16 2
56 17 3
56 20 8
56 22 2
56 23 2
56 25 8
56 29 4
56 30 6
56 33 4
56 35 3
56 38 9
56 39 9
56 40 9
56 42 3
56 43 5
56 46 6
56 47 1
56 49 4
56 50 2
56 51 5
56 54 8
57 0 3
57 1 9
57 3 1
57 5 5
57 6 2
57 12 8
57 13 7
57 16 8
57 17 1
57 19 2
57 21 2
57 23 1
57 24 1
57 25 4
57 26 9
57 27 5
57 28 1
57 29 7
57 30 2
57 31 3
57 34 7
57 35 8
57 39 9
57 42 2
57 43 1
57 46 5
57 49 4
57 50 1
57 52 7
57 55 6
57 56 8
58 0 3
58 3 1
58 4 5
58 7 9
58 8 3
58 9 1
58 10 7
58 13 3
58 14 2
58 16 9
58 17 4
58 18 9
58 22 6
58 24 9
58 26 4
58 27 3
58 30 6
58 31 5
58 35 7
58 36 1
58 38 7
58 39 6
58 40 4
58 42 5
58 45 9
58 50 2
58 52 8
58 55 9
58 56 1
58 57 1
59 0 2
59 1 2
59 2 9
59 3 3
59 4 1
59 6 1
59 10 4
59 13 1
59 15 6
59 16 1
59 19 8
59 25 6
59 27 5
59 29 3
59 34 9
59 42 9
59 43 3
59 44 5
59 47 7
59 50 4
59 51 3
59 55 3
59 56 4
