40
1 0 1
2 0 6
2 1 1
3 0 2
3 1 5
3 2 11
4 0 7
4 1 2
4 2 3
4 3 1
5 0 1
5 1 5
5 2 9
5 3 3
5 4 6
6 0 10
6 1 3
6 2 2
6 3 11
6 4 9
6 5 4
7 0 3
7 1 7
7 2 8
7 3 6
7 4 4
7 5 7
7 6 4
8 0 1
8 1 7
8 2 2
8 3 4
8 4 5
8 5 7
8 6 9
8 7 11
9 0 5
9 1 8
9 2 11
9 3 9
9 4 8
9 5 6
9 6 2
9 7 3
9 8 2
10 0 9
10 1 2
10 2 8
10 3 6
10 4 9
10 5 11
10 6 11
10 7 3
10 8 1
10 9 10
11 0 3
11 1 2
11 2 5
11 3 11
11 4 6
11 5 4
11 6 2
11 7 2
11 8 1
11 9 7
11 10 5
12 0 10
12 1 3
12 2 3
12 3 6
12 4 2
12 5 10
12 6 4
12 7 4
12 8 9
12 9 1
12 10 6
12 11 6
13 0 11
13 1 11
13 2 7
13 3 11
13 4 1
13 5 4
13 6 2
13 7 11
13 8 10
13 9 5
13 10 5
13 11 4
13 12 5
14 0 10
14 1 3
14 2 5
14 3 7
14 4 11
14 5 10
14 6 7
14 7 11
14 8 1
14 9 9
14 10 5
14 11 4
14 12 3
14 13 6
15 0 8
15 1 11
15 2 8
15 3 4
15 4 4
15 5 11
15 6 6
15 7 1
15 8 3
15 9 8
15 10 9
15 11 9
15 12 2
15 13 3
15 14 7
16 0 3
16 1 1
16 2 5
16 3 9
16 4 3
16 5 5
16 6 9
16 7 9
16 8 10
16 9 11
16 10 3
16 11 9
16 12 5
16 13 7
16 14 2
16 15 10
17 0 9
17 1 10
17 2 6
17 3 6
17 4 5
17 5 5
17 6 5
17 7 8
17 8 8
17 9 11
17 10 10
17 11 8
17 12 9
17 13 5
17 14 11
17 15 4
17 16 3
18 0 6
18 1 6
18 2 5
18 3 1
18 4 8
18 5 6
18 6 8
18 7 7
18 8 2
18 9 8
18 10 11
18 11 10
18 12 10
18 13 6
18 14 3
18 15 7
18 16 11
18 17 11
19 0 4
19 1 9
19 2 6
19 3 3
19 4 1
19 5 3
19 6 8
19 7 9
19 8 7
19 9 1
19 10 9
19 11 9
19 12 4
19 13 2
19 14 5
19 15 4
19 16 11
19 17 1
19 18 9
20 0 6
20 1 2
20 2 1
20 3 10
20 4 10
20 5 5
20 6 2
20 7 10
20 8 6
20 9 5
20 10 8
20 11 10
20 12 9
20 13 5
20 14 6
20 15 2
20 16 7
20 17 9
20 18 4
20 19 6
21 0 3
21 1 3
21 2 4
21 3 5
21 4 9
21 5 6
21 6 2
21 7 6
21 8 4
21 9 4
21 10 8
21 11 8
21 12 10
21 13 1
21 14 8
21 15 4
21 16 10
21 17 9
21 18 5
21 19 9
21 20 10
22 0 2
22 1 10
22 2 3
22 3 8
22 4 3
22 5 8
22 6 5
22 7 2
22 8 3
22 9 7
22 10 5
22 11 9
22 12 1
22 13 4
22 14 6
22 15 7
22 16 6
22 17 6
22 18 10
22 19 6
22 20 5
22 21 9
23 0 3
23 1 4
23 2 6
23 3 9
23 4 6
23 5 11
23 6 11
23 7 1
23 8 6
23 9 8
23 10 6
23 11 5
23 12 7
23 13 3
23 14 5
23 15 5
23 16 2
23 17 3
23 18 10
23 19 2
23 20 11
23 21 7
23 22 10
24 0 7
24 1 6
24 2 9
24 3 1
24 4 8
24 5 7
24 6 1
24 7 5
24 8 4
24 9 3
24 10 10
24 11 5
24 12 6
24 13 2
24 14 11
24 15 4
24 16 2
24 17 1
24 18 8
24 19 1
24 20 11
24 21 8
24 22 3
24 23 9
25 0 7
25 1 2
25 2 11
25 3 3
25 4 10
25 5 3
25 6 4
25 7 9
25 8 1
25 9 4
25 10 5
25 11 7
25 12 11
25 13 11
25 14 5
25 15 4
25 16 3
25 17 6
25 18 11
25 19 5
25 20 1
25 21 2
25 22 9
25 23 5
25 24 11
26 0 3
26 1 11
26 2 6
26 3 3
26 4 11
26 5 9
26 6 1
26 7 1
26 8 1
26 9 9
26 10 10
26 11 3
26 12 9
26 13 1
26 14 11
26 15 7
26 16 2
26 17 6
26 18 5
26 19 9
26 20 10
26 21 7
26 22 4
26 23 5
26 24 6
26 25 10
27 0 3
27 1 2
27 2 2
27 3 7
27 4 1
27 5 5
27 6 8
27 7 10
27 8 7
27 9 1
27 10 2
27 11 1
27 12 10
27 13 8
27 14 3
27 15 7
27 16 4
27 17 1
27 18 6
27 19 3
27 20 1
27 21 5
27 22 5
27 23 3
27 24 3
27 25 11
27 26 5
28 0 2
28 1 2
28 2 9
28 3 6
28 4 4
28 5 2
28 6 6
28 7 10
28 8 5
28 9 11
28 10 2
28 11 6
28 12 1
28 13 6
28 14 6
28 15 4
28 16 10
28 17 7
28 18 9
28 19 9
28 20 7
28 21 8
28 22 8
28 23 6
28 24 5
28 25 4
28 26 3
28 27 8
29 0 4
29 1 5
29 2 6
29 3 11
29 4 10
29 5 9
29 6 8
29 7 3
29 8 11
29 9 6
29 10 10
29 11 3
29 12 3
29 13 2
29 14 4
29 15 8
29 16 1
29 17 10
29 18 2
29 19 7
29 20 5
29 21 5
29 22 4
29 23 2
29 24 2
29 25 11
29 26 5
29 27 1
29 28 5
30 0 4
30 1 11
30 2 7
30 3 9
30 4 8
30 5 8
30 6 1
30 7 9
30 8 3
30 9 6
30 10 2
30 11 4
30 12 1
30 13 2
30 14 4
30 15 11
30 16 2
30 17 10
30 18 4
30 19 8
30 20 9
30 21 9
30 22 3
30 23 3
30 24 2
30 25 3
30 26 5
30 27 9
30 28 8
30 29 1
31 0 7
31 1 10
31 2 3
31 3 9
31 4 5
31 5 10
31 6 2
31 7 7
31 8 3
31 9 2
31 10 9
31 11 9
31 12 9
31 13 8
31 14 6
31 15 10
31 16 4
31 17 2
31 18 7
31 19 10
31 20 4
31 21 6
31 22 6
31 23 7
31 24 8
31 25 8
31 26 1
31 27 4
31 28 11
31 29 11
31 30 10
32 0 4
32 1 5
32 2 10
32 3 1
32 4 1
32 5 8
32 6 9
32 7 11
32 8 4
32 9 1
32 10 1
32 11 4
32 12 1
32 13 3
32 14 2
32 15 4
32 16 5
32 17 3
32 18 1
32 19 7
32 20 11
32 21 5
32 22 11
32 23 6
32 24 7
32 25 1
32 26 8
32 27 8
32 28 10
32 29 5
32 30 3
32 31 10
33 0 11
33 1 9
33 2 7
33 3 5
33 4 1
33 5 4
33 6 2
33 7 8
33 8 9
33 9 8
33 10 10
33 11 1
33 12 9
33 13 9
33 14 4
33 15 1
33 16 2
33 17 11
33 18 6
33 19 1
33 20 9
33 21 11
33 22 2
33 23 7
33 24 4
33 25 4
33 26 1
33 27 4
33 28 11
33 29 7
33 30 10
33 31 7
33 32 5
34 0 7
34 1 9
34 2 6
34 3 2
34 4 2
34 5 11
34 6 9
34 7 9
34 8 6
34 9 5
34 10 9
34 11 11
34 12 8
34 13 7
34 14 11
34 15 6
34 16 2
34 17 8
34 18 2
34 19 5
34 20 11
34 21 11
34 22 2
34 23 9
34 24 2
34 25 10
34 26 1
34 27 11
34 28 5
34 29 9
34 30 11
34 31 4
34 32 8
34 33 2
35 0 1
35 1 5
35 2 5
35 3 8
35 4 9
35 5 6
35 6 1
35 7 8
35 8 10
35 9 7
35 10 5
35 11 5
35 12 1
35 13 10
35 14 10
35 15 4
35 16 9
35 17 7
35 18 11
35 19 8
35 20 10
35 21 3
35 22 11
35 23 1
35 24 5
35 25 10
35 26 7
35 27 9
35 28 2
35 29 7
35 30 2
35 31 6
35 32 1
35 33 8
35 34 9
36 0 11
36 1 10
36 2 11
36 3 10
36 4 1
36 5 6
36 6 2
36 7 4
36 8 1
36 9 10
36 10 8
36 11 1
36 12 3
36 13 10
36 14 6
36 15 9
36 16 2
36 17 9
36 18 2
36 19 8
36 20 6
36 21 9
36 22 9
36 23 2
36 24 1
36 25 3
36 26 1
36 27 11
36 28 9
36 29 10
36 30 9
36 31 5
36 32 6
36 33 2
36 34 4
36 35 9
37 0 9
37 1 4
37 2 7
37 3 5
37 4 7
37 5 5
37 6 1
37 7 11
37 8 6
37 9 10
37 10 8
37 11 10
37 12 6
37 13 4
37 14 3
37 15 5
37 16 9
37 17 8
37 18 2
37 19 5
37 20 2
37 21 5
37 22 10
37 23 3
37 24 6
37 25 10
37 26 5
37 27 8
37 28 4
37 29 5
37 30 6
37 31 10
37 32 2
37 33 2
37 34 4
37 35 10
37 36 7
38 0 2
38 1 1
38 2 2
38 3 5
38 4 11
38 5 10
38 6 6
38 7 2
38 8 10
38 9 6
38 10 10
38 11 4
38 12 5
38 13 5
38 14 9
38 15 3
38 16 8
38 17 10
38 18 5
38 19 3
38 20 10
38 21 6
38 22 1
38 23 1
38 24 11
38 25 3
38 26 9
38 27 3
38 28 5
38 29 3
38 30 1
38 31 5
38 32 8
38 33 10
38 34 6
38 35 1
38 36 1
38 37 1
39 0 4
39 1 7
39 2 10
39 3 5
39 4 1
39 5 9
39 6 1
39 7 3
39 8 1
39 9 7
39 10 9
39 11 9
39 12 4
39 13 3
39 14 3
39 15 9
39 16 3
39 17 6
39 18 7
39 19 10
39 20 2
39 21 3
39 22 8
39 23 1
39 24 2
39 25 8
39 26 2
39 27 10
39 28 3
39 29 5
39 30 1
39 31 4
39 32 1
39 33 7
39 34 8
39 35 10
39 36 9
39 37 11
39 38 3
