70
1 0 9
2 0 12
3 0 5
3 1 14
3 2 14
4 0 11
5 0 8
5 1 7
5 2 6
5 3 3
5 4 8
6 1 9
6 4 13
6 5 2
7 0 2
7 1 6
7 4 1
7 6 3
8 0 14
8 1 1
8 2 3
8 4 6
8 6 12
9 6 2
10 1 6
10 2 4
10 3 9
10 5 2
10 8 3
10 9 7
11 3 8
11 5 11
11 7 12
11 9 1
12 2 8
12 3 8
12 4 2
12 5 8
12 6 9
12 7 1
12 11 9
13 3 8
13 8 7
13 12 1
14 1 6
14 2 10
14 3 6
14 7 5
14 10 10
14 13 8
15 2 13
15 4 5
15 8 7
15 10 2
15 13 2
16 2 13
16 4 1
16 5 5
16 6 12
16 7 6
16 9 14
16 10 11
16 12 10
16 15 11
17 0 3
17 1 14
17 3 14
17 4 2
17 5 9
17 7 5
17 11 11
17 12 14
17 14 9
17 15 11
18 2 5
18 4 1
18 5 8
18 6 7
18 8 10
18 10 13
18 11 2
18 12 14
18 13 7
18 16 13
19 1 2
19 2 6
19 4 3
19 5 12
19 7 9
19 8 13
19 10 10
19 12 7
19 15 8
19 17 8
19 18 13
20 1 6
20 2 3
20 3 12
20 5 11
20 7 9
20 8 11
20 9 6
20 10 11
20 11 2
20 14 5
20 15 9
20 16 5
20 17 14
21 1 14
21 2 8
21 3 1
21 4 1
21 6 2
21 10 10
21 11 5
21 12 8
21 13 9
21 14 4
21 15 10
21 16 9
21 17 6
21 18 10
21 20 3
22 0 3
22 2 13
22 9 14
22 10 5
22 13 13
22 15 12
22 16 8
22 20 3
23 0 14
23 2 10
23 3 5
23 4 4
23 6 1
23 8 10
23 12 14
23 14 5
23 15 10
23 16 3
23 17 6
23 18 8
23 21 9
24 1 2
24 2 6
24 5 12
24 6 6
24 7 10
24 8 1
24 9 8
24 10 7
24 11 14
24 12 14
24 15 3
24 23 2
25 0 10
25 2 13
25 9 6
25 11 5
25 14 5
25 17 2
25 19 6
25 22 14
26 1 9
26 3 2
26 4 2
26 6 14
26 8 5
26 10 11
26 11 3
26 15 14
26 16 13
26 20 4
26 22 2
26 23 3
26 25 11
27 0 7
27 1 9
27 3 3
27 5 13
27 6 10
27 7 1
27 8 4
27 10 10
27 11 1
27 14 9
27 16 1
27 17 12
27 18 7
27 20 10
27 22 13
27 26 3
28 10 3
28 14 5
28 16 14
28 17 9
28 18 1
28 19 7
28 20 12
28 22 6
28 23 9
28 25 13
28 26 10
28 27 14
29 0 13
29 1 3
29 4 6
29 6 11
29 8 3
29 9 8
29 12 5
29 19 6
29 20 1
29 21 11
29 25 7
30 0 9
30 6 12
30 7 2
30 8 12
30 10 10
30 13 2
30 14 11
30 15 3
30 16 3
30 18 11
30 19 4
30 21 12
30 24 2
30 25 14
30 26 11
30 27 1
30 28 11
30 29 12
31 1 8
31 4 14
31 6 7
31 8 2
31 9 5
31 10 3
31 11 2
31 12 5
31 16 5
31 20 10
31 21 4
31 22 5
31 24 13
31 25 5
31 26 1
31 27 4
31 29 3
31 30 1
32 2 12
32 3 1
32 4 12
32 5 9
32 6 4
32 7 9
32 10 4
32 11 14
32 12 7
32 15 5
32 16 11
32 17 11
32 22 6
32 24 14
32 30 6
32 31 4
33 0 9
33 1 12
33 5 3
33 9 13
33 10 9
33 12 4
33 13 10
33 14 5
33 15 1
33 17 9
33 18 8
33 19 11
33 20 13
33 24 14
33 26 9
33 28 13
33 29 9
33 30 13
33 32 2
34 1 1
34 7 9
34 10 9
34 14 9
34 18 7
34 19 5
34 21 3
34 23 13
34 24 7
34 25 9
34 27 3
34 28 6
34 29 8
34 32 12
35 1 14
35 2 1
35 4 9
35 6 3
35 9 6
35 10 12
35 11 7
35 13 6
35 14 12
35 16 3
35 17 14
35 18 13
35 22 3
35 23 7
35 26 3
35 27 3
35 29 11
35 30 7
35 31 1
35 32 4
35 33 13
35 34 10
36 0 7
36 2 4
36 3 11
36 4 11
36 7 14
36 10 8
36 12 11
36 13 6
36 15 9
36 16 5
36 18 5
36 19 2
36 22 8
36 23 11
36 24 6
36 25 2
36 26 6
36 27 2
36 30 3
36 31 6
36 32 12
36 33 10
37 0 9
37 2 11
37 4 12
37 7 12
37 9 12
37 11 4
37 14 1
37 18 8
37 21 14
37 22 5
37 23 14
37 25 4
37 28 13
37 31 14
37 32 9
37 33 14
37 34 3
37 35 13
38 1 11
38 2 13
38 3 5
38 7 9
38 8 13
38 9 11
38 10 13
38 13 2
38 15 11
38 16 1
38 17 4
38 18 11
38 20 4
38 23 13
38 24 5
38 27 7
38 29 4
38 30 12
38 31 14
39 3 12
39 5 2
39 12 7
39 14 3
39 15 14
39 19 8
39 21 9
39 22 9
39 23 3
39 25 14
39 26 14
39 27 11
39 32 1
39 33 7
39 34 9
39 35 5
39 36 14
40 2 10
40 5 13
40 6 4
40 11 10
40 13 5
40 14 2
40 19 4
40 20 2
40 21 13
40 22 7
40 23 3
40 24 4
40 26 3
40 27 5
40 28 4
40 30 5
40 32 3
40 33 9
40 34 3
40 37 7
40 38 10
41 0 4
41 6 14
41 7 1
41 8 11
41 9 12
41 11 7
41 13 13
41 14 2
41 15 11
41 17 5
41 18 7
41 21 10
41 24 1
41 26 13
41 30 3
41 31 8
41 33 8
41 35 2
41 38 8
41 40 10
42 0 10
42 1 9
42 3 9
42 8 10
42 9 9
42 10 10
42 11 3
42 16 12
42 17 10
42 19 10
42 20 8
42 21 10
42 22 4
42 24 3
42 27 14
42 28 4
42 29 4
42 34 9
42 36 5
42 38 11
42 40 3
43 0 12
43 2 7
43 3 8
43 9 14
43 10 10
43 14 12
43 16 11
43 18 5
43 20 13
43 22 9
43 23 12
43 24 11
43 27 14
43 29 5
43 33 10
43 34 6
43 36 2
43 37 1
43 39 7
43 42 8
44 1 10
44 3 11
44 5 12
44 8 1
44 10 14
44 13 8
44 15 3
44 16 4
44 18 5
44 21 1
44 23 13
44 24 2
44 25 4
44 26 9
44 28 13
44 31 11
44 34 11
44 35 8
44 37 9
44 38 10
44 39 2
44 41 11
44 43 10
45 3 6
45 5 10
45 6 1
45 7 6
45 8 12
45 9 4
45 12 4
45 13 10
45 15 3
45 17 7
45 19 3
45 22 1
45 26 8
45 27 12
45 32 14
45 33 11
45 35 3
45 37 2
45 39 8
45 40 1
45 41 11
45 43 12
46 0 14
46 1 13
46 2 9
46 3 11
46 4 6
46 5 4
46 8 6
46 9 9
46 10 11
46 12 13
46 14 10
46 16 13
46 17 8
46 19 1
46 21 7
46 22 13
46 23 12
46 27 3
46 30 6
46 31 1
46 32 4
46 33 10
46 34 6
46 36 10
46 41 7
46 44 11
46 45 1
47 4 10
47 6 10
47 7 12
47 8 2
47 9 7
47 11 6
47 12 6
47 13 10
47 14 11
47 15 12
47 19 9
47 20 11
47 23 13
47 25 13
47 27 8
47 28 10
47 29 8
47 32 1
47 34 10
47 35 13
47 38 12
47 42 9
48 1 3
48 5 1
48 7 1
48 9 7
48 11 3
48 12 4
48 14 7
48 15 10
48 18 11
48 20 9
48 23 9
48 24 2
48 30 13
48 31 10
48 32 1
48 33 8
48 34 5
48 35 1
48 41 3
48 44 6
49 2 4
49 4 7
49 5 13
49 6 9
49 11 11
49 12 6
49 14 10
49 15 8
49 17 2
49 18 4
49 19 14
49 21 2
49 24 3
49 27 9
49 28 12
49 29 7
49 30 6
49 31 5
49 32 5
49 33 7
49 34 10
49 35 12
49 36 9
49 37 9
49 39 12
49 41 3
49 42 1
49 45 4
49 46 14
50 1 2
50 5 3
50 6 8
50 7 1
50 9 4
50 11 1
50 14 8
50 15 2
50 18 8
50 19 4
50 20 11
50 22 2
50 24 6
50 25 13
50 27 8
50 29 6
50 30 2
50 31 3
50 33 13
50 34 8
50 36 9
50 37 7
50 38 1
50 40 14
50 41 9
50 42 1
51 4 14
51 5 11
51 6 8
51 10 7
51 12 9
51 13 10
51 14 2
51 17 9
51 23 8
51 26 12
51 27 8
51 30 1
51 32 4
51 34 9
51 35 9
51 36 6
51 38 11
51 39 5
51 43 2
51 46 9
51 50 7
52 0 5
52 3 1
52 5 10
52 6 3
52 12 10
52 14 14
52 16 10
52 17 14
52 19 10
52 21 7
52 25 9
52 26 11
52 27 12
52 28 9
52 33 10
52 35 7
52 36 12
52 40 9
52 43 7
52 45 1
52 47 7
53 2 11
53 4 8
53 5 7
53 6 2
53 7 10
53 9 3
53 11 14
53 12 2
53 17 9
53 23 14
53 25 3
53 26 11
53 29 13
53 30 2
53 31 4
53 37 13
53 38 14
53 43 7
53 45 4
53 47 8
53 48 8
53 50 9
53 51 3
54 0 8
54 4 13
54 5 13
54 7 10
54 9 12
54 12 14
54 13 5
54 15 9
54 17 4
54 19 8
54 20 4
54 22 7
54 23 6
54 24 13
54 25 9
54 28 5
54 29 14
54 31 14
54 33 7
54 34 8
54 36 11
54 37 6
54 40 11
54 41 11
54 42 5
54 45 6
54 48 3
54 49 6
54 50 12
54 53 8
55 1 10
55 3 3
55 5 3
55 6 1
55 8 11
55 11 6
55 14 1
55 15 3
55 20 1
55 21 1
55 22 8
55 24 1
55 29 3
55 30 2
55 31 2
55 34 2
55 40 4
55 42 8
55 43 11
55 44 12
55 47 9
55 49 9
55 50 10
55 51 14
55 52 10
56 5 6
56 7 9
56 8 2
56 12 1
56 13 10
56 14 14
56 16 12
56 17 10
56 18 1
56 22 11
56 23 7
56 24 9
56 25 5
56 26 12
56 27 1
56 28 6
56 29 11
56 31 13
56 33 2
56 40 10
56 41 13
56 42 14
56 43 14
56 46 9
56 47 4
56 51 8
56 52 1
56 53 8
56 54 11
56 55 10
57 0 11
57 1 14
57 4 3
57 5 8
57 9 14
57 11 9
57 14 5
57 16 13
57 20 7
57 22 11
57 24 4
57 25 10
57 28 3
57 29 2
57 31 11
57 32 13
57 33 9
57 34 2
57 37 9
57 38 12
57 39 7
57 40 13
57 41 4
57 44 11
57 45 14
57 47 11
57 49 3
57 51 5
57 52 3
57 54 6
57 55 4
58 0 10
58 1 8
58 2 13
58 3 11
58 4 6
58 7 2
58 9 2
58 11 13
58 12 14
58 15 2
58 19 4
58 23 1
58 24 14
58 25 4
58 27 10
58 29 8
58 30 14
58 31 1
58 32 3
58 34 1
58 35 14
58 37 2
58 38 6
58 39 4
58 40 5
58 41 14
58 42 12
58 43 10
58 44 9
58 48 11
58 54 11
58 55 9
59 0 5
59 1 14
59 2 1
59 3 1
59 5 11
59 7 6
59 8 8
59 9 8
59 10 13
59 11 3
59 13 14
59 16 9
59 18 6
59 20 14
59 21 5
59 23 14
59 24 7
59 27 13
59 28 1
59 29 13
59 33 9
59 34 8
59 35 10
59 36 2
59 38 5
59 39 10
59 41 9
59 43 8
59 46 8
59 47 3
59 48 5
59 50 8
59 51 8
59 54 3
59 56 14
60 1 7
60 4 9
60 7 7
60 8 4
60 11 1
60 12 2
60 13 14
60 15 10
60 16 7
60 17 2
60 19 1
60 20 11
60 21 7
60 23 14
60 24 14
60 25 4
60 26 1
60 28 5
60 29 6
60 30 5
60 34 11
60 36 8
60 37 4
60 39 9
60 40 5
60 42 10
60 47 11
60 49 14
60 51 1
60 53 14
60 54 14
60 55 7
60 56 4
60 58 13
60 59 1
61 0 8
61 7 2
61 8 10
61 13 7
61 14 14
61 16 5
61 18 12
61 19 3
61 21 2
61 25 5
61 26 6
61 30 7
61 31 12
61 32 3
61 35 5
61 37 5
61 39 3
61 40 7
61 41 13
61 47 14
61 49 14
61 50 4
61 52 9
61 54 2
61 55 9
61 57 13
61 58 5
61 60 6
62 3 2
62 6 3
62 9 8
62 11 12
62 12 14
62 14 13
62 15 7
62 18 2
62 25 11
62 28 11
62 29 6
62 30 14
62 32 14
62 34 11
62 38 12
62 39 13
62 44 1
62 47 2
62 48 8
62 49 12
62 50 14
62 54 2
62 55 8
62 56 14
62 57 1
62 58 1
62 59 3
62 60 7
62 61 11
63 3 8
63 4 3
63 5 12
63 6 2
63 8 10
63 9 2
63 10 12
63 11 8
63 14 11
63 15 7
63 16 6
63 18 14
63 20 7
63 24 1
63 26 14
63 27 9
63 28 4
63 30 10
63 32 11
63 33 5
63 35 9
63 37 3
63 38 6
63 39 6
63 41 7
63 43 1
63 45 2
63 46 14
63 47 7
63 51 11
63 52 1
63 54 4
63 57 7
63 58 1
63 62 8
64 0 9
64 1 1
64 2 8
64 4 3
64 5 7
64 7 12
64 8 12
64 9 2
64 10 6
64 12 1
64 13 11
64 16 7
64 17 13
64 18 8
64 21 3
64 22 14
64 29 14
64 32 12
64 34 5
64 37 8
64 38 14
64 41 3
64 46 7
64 47 3
64 48 7
64 49 2
64 50 9
64 51 6
64 53 5
64 55 2
65 0 5
65 1 3
65 5 4
65 7 12
65 9 1
65 11 10
65 12 12
65 15 14
65 16 3
65 17 13
65 18 12
65 20 10
65 30 13
65 31 13
65 32 4
65 33 1
65 35 12
65 37 5
65 39 11
65 40 5
65 41 5
65 42 8
65 46 12
65 47 11
65 48 13
65 49 13
65 51 13
65 52 6
65 53 3
65 54 14
65 56 13
65 57 13
65 61 14
65 62 14
65 63 6
65 64 1
66 4 6
66 8 7
66 9 9
66 13 12
66 14 4
66 16 13
66 18 11
66 19 12
66 20 3
66 21 4
66 22 3
66 23 5
66 24 2
66 29 8
66 32 4
66 34 5
66 35 13
66 36 13
66 37 5
66 39 9
66 42 10
66 43 10
66 44 3
66 45 3
66 46 14
66 48 12
66 52 5
66 53 3
66 58 1
66 59 3
66 60 11
66 62 4
66 65 13
67 3 9
67 6 8
67 7 3
67 9 2
67 15 3
67 16 6
67 17 2
67 25 7
67 30 12
67 33 12
67 34 1
67 35 3
67 37 6
67 40 7
67 42 8
67 43 8
67 48 4
67 52 11
67 54 11
67 55 4
67 56 11
67 59 5
67 62 4
67 65 13
68 4 10
68 5 14
68 15 14
68 16 6
68 19 4
68 20 12
68 27 6
68 29 6
68 30 14
68 31 1
68 34 14
68 35 11
68 38 5
68 41 4
68 47 4
68 50 1
68 54 2
68 55 5
68 56 13
68 60 13
68 61 13
68 62 13
68 67 2
69 0 12
69 2 5
69 4 5
69 5 12
69 6 13
69 7 3
69 10 13
69 11 9
69 13 6
69 14 12
69 19 3
69 21 10
69 23 13
69 27 13
69 28 4
69 31 2
69 32 11
69 36 1
69 37 12
69 38 12
69 39 6
69 40 12
69 41 10
69 44 9
69 45 11
69 49 1
69 52 9
69 53 7
69 61 8
69 63 8
69 65 7
69 67 12
69 68 3
