40
1 0 1
2 0 2
2 1 1
3 0 4
3 1 2
4 2 4
5 0 1
6 1 3
6 2 3
7 0 3
7 2 2
7 4 3
7 5 2
7 6 3
8 0 4
8 1 3
8 2 4
8 5 1
8 7 3
9 2 2
9 8 4
10 0 3
10 1 3
10 2 1
10 5 4
11 2 3
11 4 3
11 5 3
11 6 4
11 7 2
12 3 2
12 7 2
12 9 3
12 10 4
13 1 1
13 5 2
13 6 2
13 7 1
13 10 1
14 2 3
14 4 1
14 5 2
14 6 1
14 7 1
14 9 4
14 11 3
14 13 1
15 1 1
15 4 2
15 9 4
15 10 3
15 11 1
15 12 2
15 14 4
16 0 4
16 2 2
16 3 1
16 6 2
16 7 4
16 11 4
16 12 3
16 13 4
17 2 2
17 3 4
17 4 4
17 5 4
17 6 3
17 9 3
17 11 1
17 12 1
17 15 4
18 1 4
18 4 1
18 6 3
18 7 2
18 11 3
19 0 1
19 3 3
19 4 1
19 6 2
19 7 2
19 9 1
19 10 3
19 13 3
19 14 3
19 16 2
19 18 1
20 0 4
20 2 2
20 3 1
20 5 3
20 6 1
20 7 3
20 8 4
20 9 3
20 10 2
20 12 1
20 14 1
20 17 3
20 18 3
20 19 2
21 2 2
21 5 2
21 7 1
21 9 2
21 13 3
21 14 2
21 16 2
21 18 2
21 19 4
22 0 2
22 2 3
22 3 4
22 5 2
22 6 4
22 9 3
22 10 3
22 13 4
22 14 4
22 15 3
22 16 2
22 19 2
22 20 4
22 21 2
23 0 4
23 1 2
23 4 3
23 8 3
23 9 2
23 11 1
23 15 3
23 16 1
23 17 3
23 22 1
24 1 3
24 3 3
24 4 4
24 5 3
24 6 4
24 7 1
24 12 1
24 13 3
24 18 4
24 19 3
24 22 4
25 1 4
25 2 4
25 5 1
25 6 2
25 8 3
25 10 3
25 11 4
25 12 2
25 14 3
25 18 3
25 23 4
25 24 2
26 0 3
26 2 4
26 3 3
26 4 3
26 5 4
26 8 1
26 11 4
26 13 4
26 14 4
26 16 2
26 17 1
26 18 2
26 23 1
26 25 3
27 1 2
27 2 2
27 3 4
27 4 3
27 6 4
27 7 4
27 8 2
27 9 4
27 10 3
27 11 4
27 12 4
27 15 3
27 16 1
27 17 3
27 18 4
27 19 2
27 21 2
27 22 1
27 25 3
28 1 3
28 2 2
28 3 1
28 4 1
28 5 1
28 6 4
28 7 2
28 8 3
28 9 4
28 10 3
28 12 1
28 13 2
28 14 4
28 17 4
28 18 4
28 23 4
28 25 2
28 26 4
28 27 4
29 0 1
29 1 4
29 3 3
29 5 3
29 6 3
29 8 3
29 9 3
29 11 1
29 12 2
29 13 4
29 14 1
29 16 2
29 17 1
29 18 4
29 21 1
29 22 4
29 23 3
29 25 2
30 3 1
30 8 4
30 9 2
30 13 3
30 15 2
30 16 2
30 17 1
30 18 3
30 20 1
30 21 4
30 23 1
30 26 4
31 0 4
31 2 4
31 3 4
31 5 1
31 12 4
31 13 2
31 17 1
31 19 4
31 20 2
31 21 2
31 24 3
31 25 2
31 27 1
31 30 3
32 2 2
32 8 2
32 10 2
32 13 2
32 14 2
32 18 3
32 19 3
32 21 2
32 23 3
32 24 4
32 25 4
32 26 2
32 29 2
32 30 4
33 2 4
33 4 4
33 5 2
33 7 1
33 8 3
33 9 2
33 12 2
33 15 3
33 16 4
33 17 1
33 18 3
33 19 3
33 20 2
33 21 1
33 23 1
33 24 2
33 30 3
34 0 4
34 2 4
34 3 2
34 5 1
34 6 4
34 8 4
34 10 2
34 11 1
34 12 1
34 14 3
34 17 2
34 19 4
34 20 2
34 22 4
34 24 4
34 26 1
34 28 4
34 29 2
34 30 2
34 32 2
35 2 2
35 3 2
35 4 3
35 6 4
35 9 1
35 10 3
35 15 1
35 21 4
35 23 1
35 26 2
35 32 1
35 34 2
36 0 4
36 2 1
36 5 4
36 8 4
36 9 1
36 13 1
36 16 4
36 17 1
36 19 3
36 20 1
36 21 3
36 24 1
36 25 1
36 28 4
36 29 2
36 30 3
36 31 2
36 33 4
36 34 4
36 35 2
37 2 3
37 7 2
37 12 1
37 13 1
37 14 1
37 15 1
37 20 4
37 21 1
37 22 3
37 25 2
37 26 3
37 30 4
38 1 3
38 5 2
38 6 1
38 8 2
38 9 2
38 10 2
38 12 3
38 13 4
38 19 2
38 20 3
38 22 4
38 23 4
38 25 2
38 28 4
38 29 4
38 31 4
38 32 2
38 33 4
38 36 4
39 0 4
39 1 2
39 3 3
39 8 3
39 9 2
39 11 3
39 15 4
39 18 3
39 20 3
39 22 1
39 25 2
39 27 3
39 28 1
39 29 3
39 35 1
39 36 3
39 37 3
