70
1 0 3
2 0 3
2 1 3
3 0 4
3 1 3
3 2 5
4 0 5
4 1 5
4 2 6
4 3 4
5 0 5
5 1 1
5 2 6
5 3 2
5 4 1
6 0 6
6 1 4
6 2 3
6 3 2
6 4 1
6 5 6
7 0 5
7 1 2
7 2 6
7 3 6
7 4 3
7 5 6
7 6 4
8 0 6
8 1 2
8 2 2
8 3 3
8 4 1
8 5 4
8 6 2
8 7 2
9 0 4
9 1 1
9 2 4
9 3 5
9 4 6
9 5 6
9 6 2
9 7 6
9 8 3
10 0 4
10 1 5
10 2 5
10 3 3
10 4 6
10 5 1
10 6 3
10 7 4
10 8 4
10 9 4
11 0 6
11 1 6
11 2 5
11 3 6
11 4 1
11 5 4
11 6 3
11 7 5
11 8 5
11 9 2
11 10 6
12 0 6
12 1 5
12 2 5
12 3 3
12 4 6
12 5 6
12 6 2
12 7 1
12 8 6
12 9 5
12 10 6
12 11 2
13 0 2
13 1 4
13 2 6
13 3 1
13 4 4
13 5 6
13 6 4
13 7 3
13 8 6
13 9 5
13 10 6
13 11 4
13 12 3
14 0 4
14 1 3
14 2 1
14 3 1
14 4 3
14 5 6
14 6 1
14 7 2
14 8 2
14 9 1
14 10 3
14 11 4
14 12 3
14 13 1
15 0 4
15 1 6
15 2 2
15 3 4
15 4 2
15 5 5
15 6 5
15 7 3
15 8 1
15 9 1
15 10 6
15 11 6
15 12 4
15 13 4
15 14 1
16 0 3
16 1 2
16 2 6
16 3 4
16 4 5
16 5 5
16 6 4
16 7 3
16 8 5
16 9 6
16 10 4
16 11 2
16 12 5
16 13 6
16 14 5
16 15 5
17 0 6
17 1 2
17 2 5
17 3 4
17 4 5
17 5 5
17 6 5
17 7 4
17 8 1
17 9 3
17 10 5
17 11 1
17 12 1
17 13 2
17 14 3
17 15 1
17 16 1
18 0 2
18 1 5
18 2 1
18 3 5
18 4 1
18 5 4
18 6 3
18 7 4
18 8 5
18 9 5
18 10 2
18 11 5
18 12 4
18 13 2
18 14 1
18 15 6
18 16 3
18 17 6
19 0 5
19 1 4
19 2 3
19 3 5
19 4 1
19 5 5
19 6 3
19 7 4
19 8 3
19 9 1
19 10 6
19 11 5
19 12 2
19 13 1
19 14 3
19 15 1
19 16 2
19 17 6
19 18 1
20 0 4
20 1 2
20 2 3
20 3 6
20 4 5
20 5 6
20 6 1
20 7 1
20 8 4
20 9 6
20 10 2
20 11 1
20 12 1
20 13 2
20 14 2
20 15 6
20 16 5
20 17 1
20 18 3
20 19 5
21 0 5
21 1 3
21 2 5
21 3 1
21 4 2
21 5 6
21 6 1
21 7 2
21 8 5
21 9 3
21 10 5
21 11 4
21 12 4
21 13 1
21 14 4
21 15 1
21 16 3
21 17 5
21 18 5
21 19 6
21 20 2
22 0 6
22 1 5
22 2 6
22 3 3
22 4 3
22 5 6
22 6 2
22 7 3
22 8 1
22 9 6
22 10 2
22 11 1
22 12 4
22 13 3
22 14 6
22 15 5
22 16 2
22 17 6
22 18 6
22 19 4
22 20 1
22 21 4
23 0 4
23 1 1
23 2 3
23 3 4
23 4 3
23 5 4
23 6 2
23 7 5
23 8 4
23 9 4
23 10 3
23 11 4
23 12 2
23 13 5
23 14 5
23 15 1
23 16 3
23 17 1
23 18 3
23 19 5
23 20 4
23 21 3
23 22 6
24 0 1
24 1 6
24 2 3
24 3 3
24 4 5
24 5 1
24 6 3
24 7 2
24 8 3
24 9 4
24 10 3
24 11 1
24 12 6
24 13 5
24 14 4
24 15 2
24 16 4
24 17 2
24 18 6
24 19 1
24 20 1
24 21 3
24 22 4
24 23 5
25 0 2
25 1 1
25 2 6
25 3 6
25 4 4
25 5 6
25 6 4
25 7 1
25 8 1
25 9 4
25 10 4
25 11 1
25 12 5
25 13 5
25 14 2
25 15 3
25 16 6
25 17 3
25 18 6
25 19 2
25 20 4
25 21 3
25 22 3
25 23 2
25 24 3
26 0 2
26 1 1
26 2 4
26 3 2
26 4 4
26 5 1
26 6 1
26 7 6
26 8 1
26 9 3
26 10 4
26 11 6
26 12 4
26 13 6
26 14 1
26 15 5
26 16 5
26 17 4
26 18 6
26 19 3
26 20 1
26 21 6
26 22 6
26 23 6
26 24 5
26 25 4
27 0 3
27 1 4
27 2 6
27 3 3
27 4 1
27 5 2
27 6 4
27 7 3
27 8 3
27 9 4
27 10 3
27 11 5
27 12 5
27 13 4
27 14 2
27 15 6
27 16 6
27 17 5
27 18 2
27 19 3
27 20 2
27 21 2
27 22 1
27 23 3
27 24 1
27 25 4
27 26 3
28 0 1
28 1 1
28 2 2
28 3 6
28 4 1
28 5 4
28 6 2
28 7 6
28 8 5
28 9 5
28 10 6
28 11 2
28 12 6
28 13 3
28 14 6
28 15 6
28 16 2
28 17 3
28 18 2
28 19 5
28 20 2
28 21 6
28 22 1
28 23 4
28 24 1
28 25 4
28 26 1
28 27 4
29 0 1
29 1 6
29 2 4
29 3 3
29 4 2
29 5 2
29 6 6
29 7 4
29 8 1
29 9 2
29 10 6
29 11 1
29 12 4
29 13 5
29 14 4
29 15 6
29 16 6
29 17 1
29 18 5
29 19 3
29 20 4
29 21 5
29 22 6
29 23 6
29 24 1
29 25 4
29 26 1
29 27 6
29 28 2
30 0 2
30 1 5
30 2 1
30 3 3
30 4 5
30 5 4
30 6 4
30 7 4
30 8 4
30 9 5
30 10 5
30 11 1
30 12 2
30 13 2
30 14 3
30 15 2
30 16 5
30 17 5
30 18 3
30 19 3
30 20 1
30 21 1
30 22 1
30 23 1
30 24 2
30 25 1
30 26 6
30 27 3
30 28 4
30 29 3
31 0 3
31 1 6
31 2 2
31 3 5
31 4 1
31 5 6
31 6 5
31 7 6
31 8 1
31 9 1
31 10 2
31 11 5
31 12 4
31 13 5
31 14 2
31 15 4
31 16 1
31 17 2
31 18 1
31 19 1
31 20 6
31 21 5
31 22 4
31 23 2
31 24 6
31 25 1
31 26 2
31 27 6
31 28 2
31 29 5
31 30 6
32 0 2
32 1 5
32 2 2
32 3 2
32 4 2
32 5 1
32 6 2
32 7 3
32 8 4
32 9 6
32 10 5
32 11 3
32 12 5
32 13 1
32 14 3
32 15 4
32 16 1
32 17 1
32 18 4
32 19 1
32 20 4
32 21 5
32 22 6
32 23 6
32 24 2
32 25 1
32 26 3
32 27 1
32 28 3
32 29 5
32 30 5
32 31 5
33 0 3
33 1 3
33 2 4
33 3 3
33 4 1
33 5 1
33 6 5
33 7 2
33 8 6
33 9 3
33 10 6
33 11 2
33 12 1
33 13 2
33 14 3
33 15 5
33 16 5
33 17 2
33 18 3
33 19 3
33 20 1
33 21 6
33 22 3
33 23 5
33 24 2
33 25 3
33 26 2
33 27 4
33 28 1
33 29 5
33 30 6
33 31 5
33 32 4
34 0 6
34 1 5
34 2 6
34 3 4
34 4 5
34 5 3
34 6 5
34 7 4
34 8 6
34 9 4
34 10 5
34 11 2
34 12 5
34 13 1
34 14 2
34 15 3
34 16 3
34 17 3
34 18 1
34 19 1
34 20 4
34 21 1
34 22 6
34 23 1
34 24 4
34 25 3
34 26 5
34 27 4
34 28 6
34 29 5
34 30 5
34 31 5
34 32 4
34 33 1
35 0 5
35 1 6
35 2 4
35 3 1
35 4 1
35 5 5
35 6 2
35 7 1
35 8 4
35 9 4
35 10 6
35 11 3
35 12 1
35 13 2
35 14 3
35 15 3
35 16 5
35 17 4
35 18 6
35 19 3
35 20 5
35 21 1
35 22 4
35 23 3
35 24 4
35 25 5
35 26 5
35 27 1
35 28 5
35 29 5
35 30 4
35 31 4
35 32 1
35 33 6
35 34 6
36 0 6
36 1 2
36 2 3
36 3 6
36 4 4
36 5 2
36 6 3
36 7 2
36 8 2
36 9 4
36 10 5
36 11 6
36 12 4
36 13 3
36 14 3
36 15 5
36 16 6
36 17 3
36 18 4
36 19 6
36 20 1
36 21 2
36 22 3
36 23 3
36 24 4
36 25 3
36 26 4
36 27 6
36 28 2
36 29 1
36 30 5
36 31 1
36 32 5
36 33 2
36 34 4
36 35 5
37 0 6
37 1 4
37 2 2
37 3 5
37 4 6
37 5 3
37 6 6
37 7 4
37 8 3
37 9 3
37 10 5
37 11 6
37 12 1
37 13 6
37 14 1
37 15 5
37 16 1
37 17 2
37 18 4
37 19 6
37 20 1
37 21 4
37 22 4
37 23 2
37 24 6
37 25 6
37 26 4
37 27 4
37 28 2
37 29 1
37 30 3
37 31 5
37 32 5
37 33 5
37 34 4
37 35 3
37 36 4
38 0 5
38 1 3
38 2 6
38 3 3
38 4 6
38 5 5
38 6 4
38 7 4
38 8 6
38 9 4
38 10 5
38 11 2
38 12 6
38 13 2
38 14 5
38 15 6
38 16 2
38 17 5
38 18 2
38 19 5
38 20 5
38 21 1
38 22 4
38 23 4
38 24 5
38 25 2
38 26 6
38 27 6
38 28 1
38 29 2
38 30 2
38 31 2
38 32 6
38 33 4
38 34 3
38 35 6
38 36 5
38 37 5
39 0 2
39 1 4
39 2 5
39 3 1
39 4 6
39 5 1
39 6 5
39 7 4
39 8 4
39 9 4
39 10 4
39 11 2
39 12 3
39 13 1
39 14 6
39 15 6
39 16 4
39 17 2
39 18 1
39 19 6
39 20 2
39 21 5
39 22 6
39 23 4
39 24 3
39 25 6
39 26 6
39 27 6
39 28 2
39 29 4
39 30 6
39 31 1
39 32 3
39 33 3
39 34 5
39 35 5
39 36 2
39 37 5
39 38 4
40 0 2
40 1 1
40 2 6
40 3 2
40 4 4
40 5 1
40 6 1
40 7 1
40 8 3
40 9 5
40 10 5
40 11 6
40 12 2
40 13 3
40 14 3
40 15 2
40 16 5
40 17 2
40 18 1
40 19 5
40 20 1
40 21 4
40 22 3
40 23 3
40 24 3
40 25 1
40 26 2
40 27 2
40 28 2
40 29 3
40 30 3
40 31 2
40 32 1
40 33 1
40 34 3
40 35 6
40 36 5
40 37 5
40 38 1
40 39 6
41 0 5
41 1 3
41 2 4
41 3 2
41 4 4
41 5 1
41 6 3
41 7 4
41 8 4
41 9 5
41 10 3
41 11 4
41 12 4
41 13 4
41 14 6
41 15 5
41 16 6
41 17 2
41 18 1
41 19 1
41 20 3
41 21 3
41 22 2
41 23 3
41 24 5
41 25 2
41 26 3
41 27 5
41 28 3
41 29 4
41 30 5
41 31 1
41 32 4
41 33 1
41 34 3
41 35 4
41 36 5
41 37 1
41 38 1
41 39 2
41 40 6
42 0 6
42 1 1
42 2 3
42 3 5
42 4 5
42 5 4
42 6 3
42 7 4
42 8 3
42 9 6
42 10 2
42 11 4
42 12 2
42 13 4
42 14 2
42 15 6
42 16 2
42 17 4
42 18 5
42 19 6
42 20 1
42 21 1
42 22 6
42 23 5
42 24 3
42 25 2
42 26 5
42 27 5
42 28 4
42 29 2
42 30 1
42 31 6
42 32 6
42 33 2
42 34 2
42 35 4
42 36 3
42 37 1
42 38 5
42 39 5
42 40 5
42 41 5
43 0 4
43 1 3
43 2 2
43 3 3
43 4 4
43 5 6
43 6 5
43 7 4
43 8 5
43 9 2
43 10 3
43 11 6
43 12 6
43 13 1
43 14 2
43 15 1
43 16 4
43 17 4
43 18 6
43 19 4
43 20 4
43 21 4
43 22 2
43 23 5
43 24 3
43 25 5
43 26 4
43 27 2
43 28 3
43 29 2
43 30 1
43 31 6
43 32 5
43 33 5
43 34 4
43 35 5
43 36 4
43 37 2
43 38 3
43 39 1
43 40 6
43 41 1
43 42 3
44 0 5
44 1 3
44 2 6
44 3 6
44 4 3
44 5 2
44 6 3
44 7 4
44 8 2
44 9 1
44 10 5
44 11 4
44 12 3
44 13 2
44 14 3
44 15 5
44 16 5
44 17 2
44 18 5
44 19 2
44 20 2
44 21 5
44 22 1
44 23 6
44 24 4
44 25 2
44 26 4
44 27 6
44 28 1
44 29 3
44 30 5
44 31 2
44 32 5
44 33 6
44 34 4
44 35 5
44 36 4
44 37 2
44 38 2
44 39 3
44 40 6
44 41 3
44 42 6
44 43 6
45 0 2
45 1 6
45 2 2
45 3 1
45 4 2
45 5 1
45 6 1
45 7 1
45 8 1
45 9 3
45 10 4
45 11 5
45 12 6
45 13 6
45 14 4
45 15 5
45 16 4
45 17 6
45 18 3
45 19 6
45 20 5
45 21 2
45 22 4
45 23 5
45 24 3
45 25 6
45 26 6
45 27 3
45 28 6
45 29 5
45 30 6
45 31 3
45 32 5
45 33 3
45 34 1
45 35 4
45 36 4
45 37 6
45 38 5
45 39 5
45 40 3
45 41 6
45 42 3
45 43 4
45 44 2
46 0 3
46 1 5
46 2 3
46 3 4
46 4 1
46 5 2
46 6 6
46 7 1
46 8 6
46 9 4
46 10 3
46 11 3
46 12 2
46 13 3
46 14 2
46 15 1
46 16 3
46 17 6
46 18 1
46 19 5
46 20 6
46 21 1
46 22 6
46 23 4
46 24 1
46 25 4
46 26 6
46 27 2
46 28 4
46 29 6
46 30 2
46 31 5
46 32 3
46 33 5
46 34 3
46 35 2
46 36 5
46 37 5
46 38 1
46 39 3
46 40 3
46 41 6
46 42 4
46 43 5
46 44 2
46 45 5
47 0 3
47 1 6
47 2 5
47 3 1
47 4 4
47 5 4
47 6 3
47 7 5
47 8 5
47 9 2
47 10 6
47 11 3
47 12 3
47 13 5
47 14 5
47 15 1
47 16 3
47 17 4
47 18 4
47 19 1
47 20 6
47 21 5
47 22 5
47 23 5
47 24 4
47 25 1
47 26 1
47 27 1
47 28 5
47 29 4
47 30 1
47 31 3
47 32 2
47 33 3
47 34 2
47 35 3
47 36 4
47 37 5
47 38 2
47 39 4
47 40 1
47 41 1
47 42 5
47 43 5
47 44 6
47 45 6
47 46 6
48 0 5
48 1 5
48 2 4
48 3 2
48 4 3
48 5 2
48 6 2
48 7 3
48 8 3
48 9 6
48 10 3
48 11 2
48 12 3
48 13 1
48 14 6
48 15 2
48 16 4
48 17 1
48 18 6
48 19 3
48 20 6
48 21 4
48 22 4
48 23 5
48 24 4
48 25 1
48 26 2
48 27 2
48 28 2
48 29 3
48 30 6
48 31 6
48 32 1
48 33 3
48 34 5
48 35 5
48 36 2
48 37 5
48 38 2
48 39 4
48 40 1
48 41 2
48 42 6
48 43 4
48 44 3
48 45 6
48 46 2
48 47 2
49 0 4
49 1 5
49 2 6
49 3 5
49 4 3
49 5 3
49 6 2
49 7 1
49 8 1
49 9 4
49 10 2
49 11 2
49 12 5
49 13 1
49 14 3
49 15 6
49 16 1
49 17 2
49 18 5
49 19 6
49 20 6
49 21 2
49 22 4
49 23 1
49 24 1
49 25 3
49 26 6
49 27 3
49 28 2
49 29 4
49 30 1
49 31 3
49 32 1
49 33 6
49 34 4
49 35 5
49 36 3
49 37 4
49 38 4
49 39 3
49 40 3
49 41 1
49 42 4
49 43 2
49 44 3
49 45 1
49 46 3
49 47 5
49 48 1
50 0 6
50 1 2
50 2 6
50 3 6
50 4 3
50 5 5
50 6 6
50 7 3
50 8 2
50 9 4
50 10 3
50 11 3
50 12 5
50 13 5
50 14 1
50 15 5
50 16 1
50 17 2
50 18 2
50 19 2
50 20 6
50 21 4
50 22 5
50 23 3
50 24 5
50 25 1
50 26 2
50 27 1
50 28 2
50 29 4
50 30 3
50 31 1
50 32 4
50 33 2
50 34 1
50 35 5
50 36 5
50 37 2
50 38 1
50 39 1
50 40 2
50 41 1
50 42 6
50 43 5
50 44 1
50 45 1
50 46 1
50 47 4
50 48 4
50 49 4
51 0 1
51 1 5
51 2 4
51 3 5
51 4 5
51 5 5
51 6 5
51 7 2
51 8 1
51 9 1
51 10 3
51 11 6
51 12 3
51 13 5
51 14 2
51 15 3
51 16 5
51 17 2
51 18 1
51 19 1
51 20 5
51 21 2
51 22 6
51 23 2
51 24 2
51 25 5
51 26 3
51 27 4
51 28 2
51 29 6
51 30 2
51 31 3
51 32 3
51 33 6
51 34 2
51 35 4
51 36 1
51 37 3
51 38 2
51 39 1
51 40 4
51 41 4
51 42 5
51 43 5
51 44 4
51 45 6
51 46 4
51 47 3
51 48 2
51 49 6
51 50 2
52 0 5
52 1 6
52 2 3
52 3 2
52 4 4
52 5 6
52 6 2
52 7 5
52 8 6
52 9 6
52 10 6
52 11 1
52 12 3
52 13 4
52 14 2
52 15 2
52 16 4
52 17 1
52 18 6
52 19 1
52 20 2
52 21 5
52 22 5
52 23 1
52 24 3
52 25 1
52 26 2
52 27 4
52 28 3
52 29 3
52 30 6
52 31 4
52 32 3
52 33 2
52 34 2
52 35 2
52 36 2
52 37 4
52 38 1
52 39 3
52 40 1
52 41 4
52 42 3
52 43 2
52 44 5
52 45 6
52 46 1
52 47 6
52 48 5
52 49 1
52 50 5
52 51 6
53 0 5
53 1 6
53 2 1
53 3 5
53 4 4
53 5 3
53 6 6
53 7 1
53 8 5
53 9 5
53 10 5
53 11 2
53 12 6
53 13 4
53 14 2
53 15 4
53 16 3
53 17 1
53 18 1
53 19 3
53 20 1
53 21 2
53 22 2
53 23 6
53 24 4
53 25 1
53 26 1
53 27 1
53 28 6
53 29 1
53 30 3
53 31 5
53 32 5
53 33 6
53 34 1
53 35 4
53 36 4
53 37 5
53 38 5
53 39 1
53 40 1
53 41 5
53 42 5
53 43 6
53 44 6
53 45 4
53 46 6
53 47 4
53 48 4
53 49 1
53 50 2
53 51 1
53 52 3
54 0 5
54 1 1
54 2 2
54 3 2
54 4 5
54 5 3
54 6 2
54 7 4
54 8 5
54 9 4
54 10 4
54 11 5
54 12 5
54 13 6
54 14 1
54 15 1
54 16 6
54 17 3
54 18 1
54 19 3
54 20 3
54 21 2
54 22 4
54 23 3
54 24 4
54 25 5
54 26 3
54 27 2
54 28 4
54 29 4
54 30 1
54 31 1
54 32 4
54 33 1
54 34 4
54 35 6
54 36 5
54 37 1
54 38 2
54 39 4
54 40 4
54 41 4
54 42 6
54 43 1
54 44 5
54 45 2
54 46 6
54 47 3
54 48 3
54 49 4
54 50 2
54 51 1
54 52 4
54 53 6
55 0 4
55 1 2
55 2 5
55 3 3
55 4 2
55 5 3
55 6 4
55 7 6
55 8 5
55 9 2
55 10 1
55 11 6
55 12 1
55 13 2
55 14 3
55 15 2
55 16 5
55 17 5
55 18 3
55 19 1
55 20 6
55 21 5
55 22 5
55 23 4
55 24 4
55 25 2
55 26 3
55 27 5
55 28 5
55 29 2
55 30 5
55 31 2
55 32 3
55 33 2
55 34 5
55 35 3
55 36 2
55 37 4
55 38 1
55 39 2
55 40 4
55 41 4
55 42 1
55 43 3
55 44 6
55 45 4
55 46 3
55 47 4
55 48 3
55 49 2
55 50 6
55 51 4
55 52 6
55 53 4
55 54 6
56 0 2
56 1 6
56 2 6
56 3 4
56 4 6
56 5 3
56 6 4
56 7 1
56 8 4
56 9 2
56 10 5
56 11 2
56 12 1
56 13 6
56 14 3
56 15 2
56 16 5
56 17 5
56 18 6
56 19 2
56 20 3
56 21 3
56 22 5
56 23 1
56 24 5
56 25 2
56 26 5
56 27 1
56 28 3
56 29 1
56 30 4
56 31 2
56 32 6
56 33 1
56 34 2
56 35 4
56 36 3
56 37 4
56 38 4
56 39 2
56 40 4
56 41 4
56 42 1
56 43 6
56 44 6
56 45 3
56 46 4
56 47 4
56 48 2
56 49 2
56 50 3
56 51 2
56 52 3
56 53 6
56 54 3
56 55 1
57 0 3
57 1 6
57 2 3
57 3 3
57 4 5
57 5 5
57 6 5
57 7 4
57 8 6
57 9 2
57 10 3
57 11 1
57 12 4
57 13 5
57 14 5
57 15 1
57 16 3
57 17 2
57 18 6
57 19 5
57 20 2
57 21 2
57 22 1
57 23 6
57 24 5
57 25 1
57 26 5
57 27 1
57 28 1
57 29 4
57 30 1
57 31 2
57 32 5
57 33 1
57 34 3
57 35 3
57 36 4
57 37 6
57 38 1
57 39 1
57 40 5
57 41 2
57 42 2
57 43 6
57 44 1
57 45 2
57 46 6
57 47 4
57 48 6
57 49 5
57 50 6
57 51 1
57 52 2
57 53 5
57 54 6
57 55 5
57 56 2
58 0 2
58 1 4
58 2 1
58 3 3
58 4 3
58 5 5
58 6 2
58 7 5
58 8 5
58 9 6
58 10 5
58 11 3
58 12 4
58 13 2
58 14 5
58 15 6
58 16 6
58 17 5
58 18 2
58 19 3
58 20 1
58 21 3
58 22 4
58 23 1
58 24 5
58 25 3
58 26 5
58 27 2
58 28 2
58 29 3
58 30 2
58 31 3
58 32 3
58 33 6
58 34 2
58 35 2
58 36 6
58 37 2
58 38 4
58 39 3
58 40 4
58 41 1
58 42 4
58 43 5
58 44 4
58 45 2
58 46 6
58 47 5
58 48 2
58 49 3
58 50 4
58 51 3
58 52 1
58 53 1
58 54 5
58 55 5
58 56 2
58 57 4
59 0 3
59 1 2
59 2 1
59 3 2
59 4 5
59 5 2
59 6 1
59 7 2
59 8 2
59 9 3
59 10 5
59 11 1
59 12 6
59 13 3
59 14 2
59 15 2
59 16 6
59 17 4
59 18 1
59 19 5
59 20 4
59 21 3
59 22 1
59 23 4
59 24 4
59 25 5
59 26 3
59 27 6
59 28 6
59 29 4
59 30 5
59 31 5
59 32 2
59 33 1
59 34 5
59 35 2
59 36 3
59 37 5
59 38 4
59 39 3
59 40 5
59 41 6
59 42 1
59 43 3
59 44 4
59 45 1
59 46 3
59 47 3
59 48 2
59 49 5
59 50 2
59 51 3
59 52 4
59 53 1
59 54 6
59 55 4
59 56 6
59 57 6
59 58 5
60 0 1
60 1 5
60 2 4
60 3 3
60 4 3
60 5 2
60 6 2
60 7 3
60 8 6
60 9 5
60 10 1
60 11 1
60 12 5
60 13 3
60 14 2
60 15 2
60 16 6
60 17 3
60 18 5
60 19 5
60 20 5
60 21 6
60 22 2
60 23 2
60 24 6
60 25 1
60 26 3
60 27 3
60 28 1
60 29 1
60 30 2
60 31 3
60 32 4
60 33 6
60 34 1
60 35 1
60 36 4
60 37 3
60 38 5
60 39 2
60 40 2
60 41 6
60 42 2
60 43 5
60 44 5
60 45 6
60 46 1
60 47 3
60 48 3
60 49 1
60 50 2
60 51 3
60 52 5
60 53 5
60 54 6
60 55 2
60 56 4
60 57 6
60 58 6
60 59 2
61 0 5
61 1 6
61 2 4
61 3 6
61 4 1
61 5 6
61 6 5
61 7 4
61 8 6
61 9 6
61 10 5
61 11 5
61 12 2
61 13 1
61 14 6
61 15 2
61 16 5
61 17 6
61 18 5
61 19 5
61 20 5
61 21 5
61 22 1
61 23 3
61 24 3
61 25 3
61 26 5
61 27 4
61 28 6
61 29 6
61 30 6
61 31 3
61 32 5
61 33 2
61 34 4
61 35 4
61 36 2
61 37 3
61 38 2
61 39 5
61 40 4
61 41 3
61 42 4
61 43 5
61 44 3
61 45 4
61 46 1
61 47 2
61 48 1
61 49 5
61 50 4
61 51 6
61 52 5
61 53 5
61 54 1
61 55 6
61 56 5
61 57 1
61 58 5
61 59 3
61 60 3
62 0 5
62 1 2
62 2 2
62 3 3
62 4 4
62 5 3
62 6 1
62 7 4
62 8 4
62 9 4
62 10 5
62 11 5
62 12 3
62 13 4
62 14 3
62 15 3
62 16 2
62 17 3
62 18 1
62 19 5
62 20 6
62 21 4
62 22 1
62 23 6
62 24 2
62 25 6
62 26 1
62 27 1
62 28 5
62 29 5
62 30 6
62 31 4
62 32 6
62 33 4
62 34 6
62 35 2
62 36 4
62 37 6
62 38 3
62 39 1
62 40 5
62 41 1
62 42 1
62 43 4
62 44 1
62 45 4
62 46 6
62 47 5
62 48 3
62 49 6
62 50 6
62 51 4
62 52 5
62 53 5
62 54 1
62 55 1
62 56 6
62 57 4
62 58 1
62 59 2
62 60 4
62 61 2
63 0 5
63 1 6
63 2 6
63 3 3
63 4 2
63 5 5
63 6 3
63 7 6
63 8 1
63 9 3
63 10 3
63 11 1
63 12 5
63 13 3
63 14 3
63 15 2
63 16 1
63 17 3
63 18 1
63 19 5
63 20 4
63 21 5
63 22 3
63 23 5
63 24 1
63 25 6
63 26 3
63 27 5
63 28 1
63 29 3
63 30 1
63 31 4
63 32 5
63 33 2
63 34 6
63 35 4
63 36 1
63 37 2
63 38 2
63 39 3
63 40 3
63 41 5
63 42 2
63 43 2
63 44 4
63 45 1
63 46 6
63 47 5
63 48 3
63 49 6
63 50 6
63 51 4
63 52 6
63 53 3
63 54 2
63 55 3
63 56 6
63 57 4
63 58 1
63 59 2
63 60 6
63 61 4
63 62 3
64 0 1
64 1 2
64 2 1
64 3 5
64 4 6
64 5 6
64 6 1
64 7 2
64 8 4
64 9 3
64 10 2
64 11 2
64 12 2
64 13 2
64 14 5
64 15 5
64 16 2
64 17 1
64 18 6
64 19 1
64 20 4
64 21 2
64 22 4
64 23 2
64 24 6
64 25 5
64 26 6
64 27 3
64 28 3
64 29 3
64 30 1
64 31 3
64 32 6
64 33 3
64 34 6
64 35 6
64 36 1
64 37 2
64 38 6
64 39 6
64 40 5
64 41 2
64 42 2
64 43 3
64 44 2
64 45 2
64 46 2
64 47 6
64 48 5
64 49 1
64 50 4
64 51 6
64 52 6
64 53 3
64 54 2
64 55 1
64 56 3
64 57 4
64 58 2
64 59 6
64 60 4
64 61 1
64 62 1
64 63 3
65 0 3
65 1 3
65 2 3
65 3 2
65 4 6
65 5 1
65 6 1
65 7 4
65 8 1
65 9 1
65 10 4
65 11 1
65 12 1
65 13 5
65 14 2
65 15 1
65 16 3
65 17 3
65 18 1
65 19 1
65 20 2
65 21 4
65 22 4
65 23 4
65 24 5
65 25 4
65 26 4
65 27 5
65 28 5
65 29 3
65 30 1
65 31 1
65 32 4
65 33 2
65 34 2
65 35 5
65 36 1
65 37 5
65 38 6
65 39 1
65 40 3
65 41 3
65 42 5
65 43 5
65 44 3
65 45 4
65 46 4
65 47 1
65 48 3
65 49 6
65 50 3
65 51 2
65 52 5
65 53 1
65 54 4
65 55 4
65 56 6
65 57 2
65 58 1
65 59 3
65 60 1
65 61 6
65 62 3
65 63 2
65 64 3
66 0 1
66 1 4
66 2 3
66 3 2
66 4 5
66 5 1
66 6 6
66 7 1
66 8 3
66 9 3
66 10 1
66 11 2
66 12 4
66 13 6
66 14 1
66 15 4
66 16 5
66 17 1
66 18 5
66 19 3
66 20 2
66 21 1
66 22 1
66 23 1
66 24 1
66 25 6
66 26 5
66 27 1
66 28 3
66 29 4
66 30 6
66 31 3
66 32 4
66 33 2
66 34 3
66 35 1
66 36 4
66 37 4
66 38 2
66 39 5
66 40 4
66 41 3
66 42 5
66 43 3
66 44 1
66 45 3
66 46 4
66 47 1
66 48 6
66 49 4
66 50 2
66 51 1
66 52 1
66 53 2
66 54 6
66 55 6
66 56 5
66 57 6
66 58 6
66 59 3
66 60 6
66 61 1
66 62 3
66 63 1
66 64 5
66 65 4
67 0 3
67 1 3
67 2 6
67 3 5
67 4 3
67 5 2
67 6 4
67 7 4
67 8 4
67 9 3
67 10 2
67 11 3
67 12 3
67 13 2
67 14 2
67 15 5
67 16 3
67 17 3
67 18 6
67 19 5
67 20 5
67 21 6
67 22 2
67 23 4
67 24 4
67 25 1
67 26 2
67 27 3
67 28 5
67 29 2
67 30 3
67 31 6
67 32 2
67 33 4
67 34 3
67 35 6
67 36 5
67 37 5
67 38 4
67 39 2
67 40 5
67 41 1
67 42 6
67 43 2
67 44 4
67 45 2
67 46 2
67 47 5
67 48 5
67 49 5
67 50 2
67 51 3
67 52 5
67 53 1
67 54 1
67 55 6
67 56 1
67 57 4
67 58 5
67 59 6
67 60 6
67 61 1
67 62 6
67 63 3
67 64 5
67 65 2
67 66 1
68 0 1
68 1 2
68 2 3
68 3 1
68 4 5
68 5 2
68 6 2
68 7 4
68 8 4
68 9 2
68 10 3
68 11 2
68 12 6
68 13 6
68 14 1
68 15 1
68 16 6
68 17 3
68 18 3
68 19 3
68 20 6
68 21 2
68 22 4
68 23 5
68 24 2
68 25 4
68 26 5
68 27 6
68 28 4
68 29 2
68 30 5
68 31 5
68 32 2
68 33 6
68 34 5
68 35 5
68 36 5
68 37 5
68 38 1
68 39 3
68 40 2
68 41 1
68 42 2
68 43 4
68 44 4
68 45 4
68 46 4
68 47 3
68 48 1
68 49 3
68 50 5
68 51 2
68 52 5
68 53 2
68 54 3
68 55 2
68 56 6
68 57 4
68 58 4
68 59 6
68 60 1
68 61 3
68 62 4
68 63 2
68 64 4
68 65 4
68 66 4
68 67 6
69 0 3
69 1 6
69 2 1
69 3 3
69 4 2
69 5 5
69 6 6
69 7 1
69 8 1
69 9 6
69 10 4
69 11 1
69 12 6
69 13 6
69 14 2
69 15 5
69 16 6
69 17 1
69 18 4
69 19 2
69 20 3
69 21 1
69 22 4
69 23 6
69 24 2
69 25 5
69 26 5
69 27 4
69 28 5
69 29 4
69 30 6
69 31 1
69 32 2
69 33 4
69 34 6
69 35 1
69 36 4
69 37 2
69 38 1
69 39 2
69 40 2
69 41 6
69 42 3
69 43 4
69 44 4
69 45 1
69 46 4
69 47 6
69 48 5
69 49 6
69 50 2
69 51 6
69 52 6
69 53 3
69 54 3
69 55 1
69 56 5
69 57 1
69 58 4
69 59 5
69 60 2
69 61 6
69 62 5
69 63 6
69 64 3
69 65 2
69 66 3
69 67 5
69 68 4
