60
1 0 6
2 0 4
2 1 3
3 0 3
3 1 6
3 2 7
4 0 8
4 1 3
4 2 3
4 3 6
5 0 3
5 1 4
5 2 8
5 3 1
5 4 2
6 0 1
6 1 4
6 2 3
6 3 6
6 4 3
6 5 2
7 0 4
7 1 3
7 2 5
7 3 4
7 4 1
7 5 3
7 6 5
8 0 4
8 1 2
8 2 4
8 3 6
8 4 4
8 5 2
8 6 4
8 7 7
9 0 3
9 1 1
9 2 2
9 3 1
9 4 3
9 5 8
9 6 4
9 7 1
9 8 4
10 0 4
10 1 8
10 2 3
10 3 4
10 4 7
10 5 2
10 6 4
10 7 2
10 8 7
10 9 7
11 0 4
11 1 1
11 2 1
11 3 8
11 4 4
11 5 1
11 6 3
11 7 4
11 8 7
11 9 7
11 10 1
12 0 3
12 1 7
12 2 6
12 3 6
12 4 8
12 5 6
12 6 2
12 7 6
12 8 5
12 9 2
12 10 7
12 11 6
13 0 7
13 1 3
13 2 4
13 3 3
13 4 6
13 5 7
13 6 6
13 7 4
13 8 4
13 9 7
13 10 3
13 11 5
13 12 2
14 0 3
14 1 5
14 2 8
14 3 7
14 4 4
14 5 3
14 6 7
14 7 2
14 8 2
14 9 2
14 10 8
14 11 2
14 12 5
14 13 7
15 0 8
15 1 8
15 2 1
15 3 2
15 4 8
15 5 5
15 6 4
15 7 7
15 8 2
15 9 8
15 10 4
15 11 2
15 12 2
15 13 3
15 14 1
16 0 4
16 1 8
16 2 2
16 3 6
16 4 8
16 5 8
16 6 1
16 7 2
16 8 7
16 9 2
16 10 8
16 11 5
16 12 2
16 13 7
16 14 1
16 15 3
17 0 8
17 1 6
17 2 4
17 3 7
17 4 8
17 5 5
17 6 8
17 7 1
17 8 6
17 9 7
17 10 1
17 11 7
17 12 8
17 13 1
17 14 7
17 15 8
17 16 1
18 0 6
18 1 2
18 2 8
18 3 1
18 4 4
18 5 4
18 6 3
18 7 7
18 8 3
18 9 6
18 10 1
18 11 6
18 12 7
18 13 2
18 14 7
18 15 3
18 16 4
18 17 4
19 0 7
19 1 4
19 2 6
19 3 8
19 4 3
19 5 6
19 6 4
19 7 1
19 8 4
19 9 1
19 10 7
19 11 7
19 12 5
19 13 1
19 14 5
19 15 1
19 16 4
19 17 1
19 18 8
20 0 1
20 1 5
20 2 8
20 3 1
20 4 3
20 5 3
20 6 6
20 7 1
20 8 4
20 9 1
20 10 2
20 11 6
20 12 6
20 13 4
20 14 1
20 15 5
20 16 7
20 17 6
20 18 7
20 19 2
21 0 1
21 1 2
21 2 2
21 3 2
21 4 3
21 5 4
21 6 2
21 7 4
21 8 8
21 9 6
21 10 6
21 11 8
21 12 6
21 13 2
21 14 8
21 15 5
21 16 7
21 17 7
21 18 2
21 19 3
21 20 1
22 0 6
22 1 3
22 2 6
22 3 3
22 4 8
22 5 7
22 6 2
22 7 6
22 8 6
22 9 2
22 10 2
22 11 4
22 12 5
22 13 7
22 14 1
22 15 3
22 16 2
22 17 5
22 18 1
22 19 3
22 20 3
22 21 5
23 0 1
23 1 6
23 2 2
23 3 7
23 4 3
23 5 4
23 6 7
23 7 4
23 8 4
23 9 1
23 10 5
23 11 1
23 12 4
23 13 4
23 14 2
23 15 6
23 16 3
23 17 3
23 18 8
23 19 3
23 20 7
23 21 6
23 22 5
24 0 4
24 1 6
24 2 1
24 3 5
24 4 2
24 5 3
24 6 5
24 7 3
24 8 8
24 9 7
24 10 2
24 11 3
24 12 5
24 13 8
24 14 6
24 15 1
24 16 4
24 17 7
24 18 5
24 19 2
24 20 3
24 21 3
24 22 5
24 23 1
25 0 7
25 1 4
25 2 6
25 3 5
25 4 8
25 5 4
25 6 6
25 7 8
25 8 2
25 9 2
25 10 7
25 11 2
25 12 7
25 13 3
25 14 4
25 15 8
25 16 6
25 17 6
25 18 2
25 19 8
25 20 7
25 21 6
25 22 7
25 23 8
25 24 1
26 0 6
26 1 6
26 2 6
26 3 8
26 4 5
26 5 8
26 6 7
26 7 4
26 8 3
26 9 5
26 10 1
26 11 5
26 12 1
26 13 8
26 14 3
26 15 4
26 16 2
26 17 2
26 18 5
26 19 7
26 20 4
26 21 5
26 22 7
26 23 2
26 24 4
26 25 6
27 0 1
27 1 3
27 2 8
27 3 3
27 4 3
27 5 7
27 6 7
27 7 4
27 8 8
27 9 2
27 10 2
27 11 7
27 12 2
27 13 8
27 14 3
27 15 4
27 16 8
27 17 6
27 18 5
27 19 8
27 20 2
27 21 5
27 22 7
27 23 3
27 24 1
27 25 4
27 26 3
28 0 2
28 1 8
28 2 2
28 3 1
28 4 3
28 5 6
28 6 6
28 7 2
28 8 4
28 9 8
28 10 8
28 11 5
28 12 1
28 13 1
28 14 5
28 15 4
28 16 3
28 17 6
28 18 2
28 19 2
28 20 5
28 21 1
28 22 7
28 23 4
28 24 3
28 25 8
28 26 3
28 27 3
29 0 3
29 1 6
29 2 4
29 3 3
29 4 7
29 5 2
29 6 7
29 7 6
29 8 3
29 9 4
29 10 3
29 11 5
29 12 1
29 13 4
29 14 8
29 15 6
29 16 1
29 17 6
29 18 2
29 19 6
29 20 4
29 21 7
29 22 1
29 23 8
29 24 7
29 25 1
29 26 1
29 27 7
29 28 8
30 0 1
30 1 2
30 2 8
30 3 2
30 4 2
30 5 2
30 6 8
30 7 1
30 8 7
30 9 1
30 10 3
30 11 6
30 12 2
30 13 3
30 14 8
30 15 8
30 16 8
30 17 2
30 18 3
30 19 8
30 20 1
30 21 5
30 22 3
30 23 4
30 24 3
30 25 8
30 26 6
30 27 3
30 28 4
30 29 3
31 0 1
31 1 4
31 2 7
31 3 5
31 4 1
31 5 3
31 6 6
31 7 1
31 8 4
31 9 6
31 10 4
31 11 5
31 12 7
31 13 4
31 14 5
31 15 4
31 16 3
31 17 1
31 18 2
31 19 1
31 20 4
31 21 7
31 22 2
31 23 7
31 24 2
31 25 4
31 26 1
31 27 7
31 28 6
31 29 1
31 30 7
32 0 6
32 1 2
32 2 1
32 3 1
32 4 7
32 5 7
32 6 6
32 7 6
32 8 8
32 9 8
32 10 5
32 11 3
32 12 6
32 13 7
32 14 4
32 15 6
32 16 6
32 17 6
32 18 3
32 19 3
32 20 3
32 21 6
32 22 3
32 23 4
32 24 5
32 25 5
32 26 7
32 27 4
32 28 3
32 29 2
32 30 8
32 31 3
33 0 1
33 1 4
33 2 5
33 3 7
33 4 6
33 5 5
33 6 3
33 7 2
33 8 1
33 9 6
33 10 2
33 11 5
33 12 5
33 13 7
33 14 4
33 15 1
33 16 8
33 17 8
33 18 5
33 19 7
33 20 8
33 21 3
33 22 1
33 23 2
33 24 5
33 25 7
33 26 4
33 27 1
33 28 2
33 29 1
33 30 3
33 31 5
33 32 6
34 0 1
34 1 6
34 2 8
34 3 8
34 4 8
34 5 5
34 6 3
34 7 3
34 8 1
34 9 1
34 10 7
34 11 5
34 12 4
34 13 6
34 14 5
34 15 1
34 16 8
34 17 2
34 18 4
34 19 5
34 20 6
34 21 8
34 22 6
34 23 6
34 24 1
34 25 4
34 26 8
34 27 6
34 28 4
34 29 4
34 30 1
34 31 1
34 32 5
34 33 7
35 0 2
35 1 5
35 2 5
35 3 6
35 4 4
35 5 2
35 6 6
35 7 3
35 8 5
35 9 5
35 10 3
35 11 2
35 12 4
35 13 2
35 14 3
35 15 8
35 16 2
35 17 4
35 18 1
35 19 8
35 20 8
35 21 5
35 22 8
35 23 8
35 24 5
35 25 2
35 26 6
35 27 7
35 28 6
35 29 6
35 30 4
35 31 1
35 32 6
35 33 8
35 34 3
36 0 1
36 1 5
36 2 4
36 3 3
36 4 7
36 5 3
36 6 8
36 7 2
36 8 3
36 9 7
36 10 5
36 11 6
36 12 1
36 13 1
36 14 1
36 15 5
36 16 6
36 17 8
36 18 8
36 19 5
36 20 4
36 21 4
36 22 8
36 23 2
36 24 6
36 25 2
36 26 3
36 27 1
36 28 1
36 29 7
36 30 8
36 31 7
36 32 3
36 33 3
36 34 2
36 35 2
37 0 7
37 1 4
37 2 7
37 3 3
37 4 7
37 5 1
37 6 7
37 7 5
37 8 4
37 9 8
37 10 2
37 11 4
37 12 2
37 13 2
37 14 8
37 15 1
37 16 8
37 17 1
37 18 5
37 19 4
37 20 4
37 21 3
37 22 5
37 23 5
37 24 8
37 25 7
37 26 5
37 27 6
37 28 2
37 29 5
37 30 8
37 31 6
37 32 2
37 33 1
37 34 7
37 35 8
37 36 6
38 0 4
38 1 7
38 2 8
38 3 4
38 4 6
38 5 1
38 6 2
38 7 7
38 8 7
38 9 8
38 10 1
38 11 8
38 12 1
38 13 4
38 14 5
38 15 6
38 16 3
38 17 2
38 18 6
38 19 8
38 20 4
38 21 2
38 22 3
38 23 8
38 24 4
38 25 7
38 26 2
38 27 7
38 28 2
38 29 8
38 30 4
38 31 4
38 32 2
38 33 1
38 34 3
38 35 5
38 36 1
38 37 3
39 0 2
39 1 7
39 2 3
39 3 3
39 4 2
39 5 2
39 6 1
39 7 7
39 8 1
39 9 4
39 10 1
39 11 5
39 12 3
39 13 2
39 14 2
39 15 6
39 16 7
39 17 6
39 18 2
39 19 6
39 20 2
39 21 3
39 22 1
39 23 2
39 24 4
39 25 2
39 26 1
39 27 3
39 28 2
39 29 7
39 30 4
39 31 5
39 32 6
39 33 8
39 34 5
39 35 4
39 36 7
39 37 4
39 38 1
40 0 3
40 1 5
40 2 5
40 3 7
40 4 8
40 5 2
40 6 1
40 7 6
40 8 5
40 9 6
40 10 6
40 11 2
40 12 6
40 13 7
40 14 7
40 15 6
40 16 1
40 17 4
40 18 5
40 19 7
40 20 2
40 21 7
40 22 8
40 23 5
40 24 3
40 25 8
40 26 4
40 27 7
40 28 4
40 29 6
40 30 8
40 31 2
40 32 7
40 33 6
40 34 7
40 35 3
40 36 6
40 37 8
40 38 1
40 39 1
41 0 6
41 1 2
41 2 4
41 3 8
41 4 5
41 5 3
41 6 2
41 7 5
41 8 8
41 9 3
41 10 6
41 11 4
41 12 7
41 13 8
41 14 1
41 15 2
41 16 6
41 17 3
41 18 8
41 19 3
41 20 5
41 21 3
41 22 5
41 23 8
41 24 2
41 25 5
41 26 1
41 27 5
41 28 4
41 29 3
41 30 6
41 31 3
41 32 7
41 33 5
41 34 6
41 35 4
41 36 7
41 37 2
41 38 7
41 39 2
41 40 3
42 0 5
42 1 8
42 2 6
42 3 7
42 4 1
42 5 7
42 6 7
42 7 8
42 8 5
42 9 5
42 10 6
42 11 3
42 12 4
42 13 4
42 14 6
42 15 8
42 16 7
42 17 7
42 18 5
42 19 7
42 20 4
42 21 2
42 22 1
42 23 4
42 24 7
42 25 5
42 26 8
42 27 5
42 28 8
42 29 1
42 30 4
42 31 4
42 32 4
42 33 1
42 34 5
42 35 1
42 36 8
42 37 4
42 38 8
42 39 5
42 40 3
42 41 4
43 0 4
43 1 3
43 2 8
43 3 1
43 4 5
43 5 1
43 6 1
43 7 3
43 8 8
43 9 7
43 10 4
43 11 8
43 12 5
43 13 6
43 14 8
43 15 3
43 16 2
43 17 6
43 18 4
43 19 8
43 20 5
43 21 4
43 22 4
43 23 5
43 24 5
43 25 2
43 26 1
43 27 1
43 28 7
43 29 7
43 30 7
43 31 7
43 32 6
43 33 3
43 34 2
43 35 3
43 36 6
43 37 6
43 38 6
43 39 3
43 40 5
43 41 6
43 42 6
44 0 5
44 1 1
44 2 8
44 3 8
44 4 2
44 5 3
44 6 3
44 7 1
44 8 6
44 9 3
44 10 2
44 11 8
44 12 6
44 13 1
44 14 3
44 15 4
44 16 1
44 17 1
44 18 1
44 19 6
44 20 1
44 21 7
44 22 6
44 23 6
44 24 1
44 25 8
44 26 8
44 27 8
44 28 2
44 29 1
44 30 7
44 31 4
44 32 6
44 33 7
44 34 2
44 35 8
44 36 5
44 37 3
44 38 3
44 39 1
44 40 2
44 41 7
44 42 2
44 43 3
45 0 7
45 1 7
45 2 4
45 3 1
45 4 1
45 5 2
45 6 5
45 7 7
45 8 3
45 9 6
45 10 1
45 11 5
45 12 1
45 13 7
45 14 3
45 15 1
45 16 5
45 17 1
45 18 8
45 19 7
45 20 1
45 21 6
45 22 5
45 23 1
45 24 5
45 25 5
45 26 3
45 27 5
45 28 8
45 29 7
45 30 3
45 31 5
45 32 7
45 33 4
45 34 6
45 35 5
45 36 5
45 37 8
45 38 3
45 39 8
45 40 7
45 41 6
45 42 3
45 43 4
45 44 4
46 0 3
46 1 2
46 2 4
46 3 6
46 4 4
46 5 2
46 6 6
46 7 5
46 8 2
46 9 5
46 10 2
46 11 3
46 12 4
46 13 5
46 14 4
46 15 7
46 16 1
46 17 2
46 18 5
46 19 7
46 20 6
46 21 1
46 22 5
46 23 6
46 24 4
46 25 6
46 26 2
46 27 2
46 28 1
46 29 4
46 30 3
46 31 7
46 32 8
46 33 5
46 34 5
46 35 4
46 36 6
46 37 1
46 38 7
46 39 4
46 40 4
46 41 6
46 42 1
46 43 2
46 44 1
46 45 8
47 0 6
47 1 6
47 2 4
47 3 3
47 4 4
47 5 3
47 6 7
47 7 4
47 8 6
47 9 7
47 10 1
47 11 1
47 12 3
47 13 2
47 14 1
47 15 4
47 16 1
47 17 7
47 18 4
47 19 5
47 20 2
47 21 5
47 22 4
47 23 6
47 24 1
47 25 2
47 26 8
47 27 3
47 28 5
47 29 6
47 30 1
47 31 1
47 32 1
47 33 3
47 34 2
47 35 6
47 36 2
47 37 5
47 38 3
47 39 3
47 40 4
47 41 6
47 42 4
47 43 7
47 44 1
47 45 6
47 46 6
48 0 4
48 1 3
48 2 3
48 3 1
48 4 8
48 5 2
48 6 2
48 7 2
48 8 6
48 9 4
48 10 4
48 11 6
48 12 8
48 13 1
48 14 5
48 15 5
48 16 6
48 17 5
48 18 7
48 19 2
48 20 5
48 21 8
48 22 8
48 23 6
48 24 1
48 25 6
48 26 5
48 27 1
48 28 2
48 29 8
48 30 1
48 31 7
48 32 2
48 33 2
48 34 4
48 35 8
48 36 7
48 37 7
48 38 7
48 39 6
48 40 5
48 41 7
48 42 7
48 43 6
48 44 8
48 45 3
48 46 8
48 47 6
49 0 7
49 1 5
49 2 7
49 3 4
49 4 8
49 5 3
49 6 7
49 7 5
49 8 2
49 9 3
49 10 5
49 11 6
49 12 3
49 13 2
49 14 4
49 15 7
49 16 5
49 17 2
49 18 1
49 19 4
49 20 1
49 21 8
49 22 5
49 23 6
49 24 1
49 25 6
49 26 1
49 27 5
49 28 2
49 29 2
49 30 3
49 31 1
49 32 1
49 33 4
49 34 6
49 35 4
49 36 2
49 37 2
49 38 2
49 39 5
49 40 1
49 41 4
49 42 1
49 43 6
49 44 6
49 45 4
49 46 6
49 47 8
49 48 6
50 0 3
50 1 1
50 2 1
50 3 8
50 4 7
50 5 3
50 6 3
50 7 5
50 8 5
50 9 5
50 10 6
50 11 4
50 12 5
50 13 3
50 14 4
50 15 7
50 16 7
50 17 7
50 18 6
50 19 1
50 20 1
50 21 7
50 22 2
50 23 2
50 24 6
50 25 5
50 26 4
50 27 7
50 28 8
50 29 2
50 30 3
50 31 4
50 32 7
50 33 2
50 34 7
50 35 7
50 36 2
50 37 7
50 38 8
50 39 5
50 40 4
50 41 6
50 42 4
50 43 6
50 44 5
50 45 1
50 46 7
50 47 5
50 48 8
50 49 1
51 0 1
51 1 5
51 2 2
51 3 2
51 4 5
51 5 4
51 6 1
51 7 8
51 8 7
51 9 2
51 10 1
51 11 4
51 12 2
51 13 3
51 14 7
51 15 5
51 16 8
51 17 5
51 18 6
51 19 1
51 20 5
51 21 7
51 22 6
51 23 3
51 24 3
51 25 7
51 26 2
51 27 2
51 28 3
51 29 7
51 30 5
51 31 3
51 32 1
51 33 8
51 34 2
51 35 1
51 36 6
51 37 5
51 38 6
51 39 2
51 40 5
51 41 3
51 42 8
51 43 7
51 44 3
51 45 1
51 46 1
51 47 4
51 48 8
51 49 1
51 50 3
52 0 7
52 1 1
52 2 2
52 3 4
52 4 1
52 5 3
52 6 5
52 7 7
52 8 7
52 9 8
52 10 7
52 11 4
52 12 5
52 13 5
52 14 3
52 15 8
52 16 7
52 17 1
52 18 7
52 19 8
52 20 5
52 21 5
52 22 5
52 23 4
52 24 4
52 25 3
52 26 7
52 27 8
52 28 8
52 29 3
52 30 2
52 31 8
52 32 7
52 33 4
52 34 5
52 35 8
52 36 7
52 37 3
52 38 2
52 39 2
52 40 3
52 41 5
52 42 6
52 43 5
52 44 5
52 45 5
52 46 2
52 47 5
52 48 1
52 49 5
52 50 1
52 51 2
53 0 6
53 1 4
53 2 6
53 3 6
53 4 4
53 5 3
53 6 6
53 7 5
53 8 3
53 9 7
53 10 6
53 11 6
53 12 6
53 13 2
53 14 8
53 15 6
53 16 2
53 17 8
53 18 3
53 19 4
53 20 4
53 21 2
53 22 2
53 23 5
53 24 3
53 25 6
53 26 4
53 27 3
53 28 6
53 29 5
53 30 4
53 31 5
53 32 6
53 33 8
53 34 3
53 35 7
53 36 7
53 37 1
53 38 3
53 39 4
53 40 4
53 41 8
53 42 4
53 43 3
53 44 5
53 45 3
53 46 8
53 47 4
53 48 5
53 49 8
53 50 3
53 51 7
53 52 1
54 0 7
54 1 5
54 2 2
54 3 4
54 4 3
54 5 3
54 6 7
54 7 6
54 8 7
54 9 3
54 10 6
54 11 8
54 12 3
54 13 7
54 14 8
54 15 6
54 16 5
54 17 7
54 18 3
54 19 8
54 20 8
54 21 7
54 22 3
54 23 2
54 24 3
54 25 8
54 26 7
54 27 3
54 28 2
54 29 5
54 30 6
54 31 1
54 32 8
54 33 6
54 34 7
54 35 1
54 36 1
54 37 3
54 38 2
54 39 3
54 40 2
54 41 3
54 42 8
54 43 7
54 44 4
54 45 4
54 46 7
54 47 2
54 48 2
54 49 6
54 50 5
54 51 3
54 52 8
54 53 8
55 0 8
55 1 8
55 2 4
55 3 1
55 4 7
55 5 8
55 6 8
55 7 6
55 8 5
55 9 4
55 10 6
55 11 4
55 12 3
55 13 1
55 14 4
55 15 7
55 16 6
55 17 3
55 18 5
55 19 3
55 20 4
55 21 1
55 22 6
55 23 2
55 24 2
55 25 5
55 26 5
55 27 1
55 28 2
55 29 3
55 30 7
55 31 4
55 32 8
55 33 5
55 34 8
55 35 8
55 36 6
55 37 8
55 38 6
55 39 5
55 40 6
55 41 8
55 42 4
55 43 3
55 44 4
55 45 7
55 46 5
55 47 4
55 48 3
55 49 6
55 50 1
55 51 8
55 52 1
55 53 7
55 54 3
56 0 2
56 1 1
56 2 6
56 3 3
56 4 7
56 5 7
56 6 3
56 7 5
56 8 5
56 9 5
56 10 1
56 11 3
56 12 5
56 13 2
56 14 1
56 15 2
56 16 2
56 17 3
56 18 2
56 19 1
56 20 1
56 21 3
56 22 1
56 23 7
56 24 7
56 25 6
56 26 1
56 27 5
56 28 8
56 29 6
56 30 8
56 31 2
56 32 7
56 33 3
56 34 3
56 35 1
56 36 5
56 37 8
56 38 8
56 39 2
56 40 8
56 41 6
56 42 4
56 43 1
56 44 5
56 45 1
56 46 2
56 47 1
56 48 1
56 49 3
56 50 3
56 51 4
56 52 3
56 53 8
56 54 7
56 55 6
57 0 1
57 1 1
57 2 6
57 3 8
57 4 7
57 5 2
57 6 3
57 7 2
57 8 4
57 9 1
57 10 5
57 11 6
57 12 3
57 13 7
57 14 1
57 15 6
57 16 2
57 17 8
57 18 5
57 19 3
57 20 5
57 21 2
57 22 6
57 23 1
57 24 1
57 25 2
57 26 3
57 27 8
57 28 6
57 29 4
57 30 5
57 31 5
57 32 4
57 33 3
57 34 6
57 35 4
57 36 6
57 37 1
57 38 1
57 39 6
57 40 2
57 41 8
57 42 6
57 43 6
57 44 6
57 45 4
57 46 7
57 47 3
57 48 3
57 49 6
57 50 2
57 51 3
57 52 5
57 53 5
57 54 1
57 55 6
57 56 6
58 0 1
58 1 5
58 2 5
58 3 8
58 4 5
58 5 4
58 6 3
58 7 4
58 8 3
58 9 1
58 10 5
58 11 4
58 12 6
58 13 3
58 14 6
58 15 4
58 16 4
58 17 6
58 18 2
58 19 4
58 20 1
58 21 4
58 22 6
58 23 6
58 24 1
58 25 3
58 26 7
58 27 4
58 28 8
58 29 6
58 30 3
58 31 5
58 32 6
58 33 8
58 34 6
58 35 3
58 36 2
58 37 8
58 38 7
58 39 4
58 40 7
58 41 8
58 42 6
58 43 4
58 44 8
58 45 3
58 46 6
58 47 2
58 48 7
58 49 5
58 50 1
58 51 7
58 52 7
58 53 1
58 54 5
58 55 2
58 56 3
58 57 4
59 0 8
59 1 4
59 2 1
59 3 1
59 4 7
59 5 6
59 6 5
59 7 3
59 8 1
59 9 8
59 10 3
59 11 5
59 12 7
59 13 1
59 14 2
59 15 1
59 16 2
59 17 6
59 18 4
59 19 3
59 20 5
59 21 8
59 22 7
59 23 1
59 24 1
59 25 2
59 26 7
59 27 6
59 28 3
59 29 1
59 30 6
59 31 1
59 32 7
59 33 2
59 34 8
59 35 5
59 36 1
59 37 1
59 38 3
59 39 3
59 40 6
59 41 7
59 42 8
59 43 3
59 44 6
59 45 5
59 46 4
59 47 8
59 48 4
59 49 1
59 50 7
59 51 1
59 52 5
59 53 2
59 54 6
59 55 6
59 56 6
59 57 8
59 58 6
