70
2 0 13
4 1 5
4 2 6
4 3 3
5 1 7
5 2 1
5 4 2
6 0 3
6 1 1
6 2 8
6 4 2
7 1 4
7 2 13
7 4 4
7 6 11
8 0 13
8 4 8
8 6 7
9 0 5
9 1 9
9 2 6
9 7 9
10 0 11
10 2 11
10 3 2
10 4 9
10 5 13
10 7 3
10 9 5
11 0 8
11 1 5
11 4 13
11 5 2
11 8 11
11 9 11
12 3 12
12 8 3
12 9 12
12 10 9
12 11 11
13 0 3
13 1 7
13 2 7
13 4 10
13 6 4
13 7 1
13 8 5
13 11 9
14 0 3
14 2 7
14 8 11
14 9 8
14 10 5
14 11 1
15 0 9
15 1 13
15 2 8
15 4 3
15 6 4
15 7 2
15 9 10
15 10 3
15 12 11
15 13 4
15 14 8
16 2 3
16 4 13
16 5 6
16 9 11
16 10 5
16 12 6
16 13 5
16 14 4
17 0 1
17 2 4
17 6 6
17 7 6
17 8 12
17 9 3
17 12 5
17 13 8
18 4 10
18 6 3
18 9 3
18 11 2
18 13 6
18 16 6
19 1 3
19 2 10
19 3 12
19 11 10
19 12 5
19 14 7
19 15 6
19 16 5
20 0 10
20 3 8
20 4 10
20 6 7
20 8 11
20 10 6
20 11 3
20 13 6
20 15 12
21 1 13
21 2 9
21 3 1
21 4 6
21 7 1
21 8 11
21 10 13
21 11 1
21 13 13
21 17 9
21 19 1
21 20 12
22 1 7
22 2 11
22 4 3
22 5 3
22 6 11
22 7 2
22 9 13
22 10 8
22 11 5
22 13 3
22 14 9
22 18 11
22 19 4
22 20 4
22 21 9
23 4 6
23 6 2
23 9 11
23 11 9
23 12 9
23 13 9
23 14 4
23 15 2
23 16 12
23 17 12
23 19 13
23 21 8
23 22 10
24 0 6
24 1 11
24 3 3
24 4 11
24 5 6
24 7 7
24 9 11
24 11 3
24 12 8
24 13 2
24 14 6
24 15 4
24 18 12
24 20 6
24 23 3
25 1 12
25 4 2
25 6 9
25 9 5
25 10 1
25 13 12
25 14 7
25 15 13
25 18 6
25 19 8
25 21 3
26 3 11
26 5 10
26 9 1
26 10 10
26 11 13
26 14 4
26 19 7
26 20 2
26 24 11
27 0 9
27 1 7
27 3 13
27 4 11
27 5 12
27 6 13
27 8 13
27 9 7
27 10 4
27 11 6
27 13 5
27 14 13
27 15 5
27 16 7
27 17 3
27 18 13
27 19 13
27 21 3
27 22 5
27 23 8
27 26 1
28 1 4
28 2 12
28 3 10
28 5 11
28 6 9
28 9 7
28 10 12
28 11 8
28 12 11
28 13 1
28 14 2
28 17 4
28 18 13
28 21 11
28 22 4
28 26 7
28 27 2
29 0 1
29 1 13
29 3 4
29 4 7
29 7 3
29 10 9
29 14 8
29 15 5
29 17 4
29 18 9
29 19 11
29 20 8
29 24 3
29 25 8
29 27 7
30 1 6
30 4 11
30 10 4
30 12 2
30 16 5
30 17 2
30 19 7
30 20 13
30 21 8
30 22 8
30 23 7
30 25 9
30 27 8
30 28 13
31 3 2
31 4 8
31 5 11
31 7 6
31 10 6
31 12 10
31 13 8
31 14 8
31 15 12
31 16 8
31 17 3
31 18 4
31 21 5
31 24 5
31 27 1
31 28 5
32 0 4
32 1 1
32 2 8
32 3 13
32 6 9
32 7 2
32 8 11
32 12 11
32 13 9
32 15 13
32 16 3
32 17 1
32 18 5
32 22 5
32 26 1
32 28 5
32 29 10
32 31 1
33 0 13
33 1 7
33 3 4
33 6 10
33 7 4
33 9 12
33 11 6
33 12 8
33 17 12
33 18 9
33 19 6
33 22 5
33 23 10
33 25 13
33 28 13
33 30 7
34 0 6
34 1 13
34 3 4
34 7 1
34 9 11
34 10 6
34 13 1
34 14 10
34 15 7
34 16 13
34 17 3
34 18 1
34 21 13
34 22 5
34 23 13
34 24 8
34 25 6
34 28 12
34 29 8
34 31 6
34 33 6
35 1 1
35 5 7
35 7 5
35 9 3
35 10 10
35 11 3
35 15 5
35 16 2
35 20 10
35 23 2
35 24 9
35 26 2
35 27 11
35 28 5
35 30 2
35 31 1
35 33 1
35 34 7
36 0 1
36 5 1
36 6 12
36 7 11
36 8 9
36 9 7
36 11 8
36 14 7
36 15 4
36 16 4
36 20 9
36 24 7
36 25 6
36 27 5
36 28 3
36 31 10
36 33 13
36 35 1
37 0 9
37 2 3
37 3 5
37 4 1
37 5 11
37 7 3
37 8 2
37 9 9
37 11 11
37 14 5
37 15 10
37 17 10
37 21 10
37 22 13
37 23 6
37 25 2
37 26 12
37 27 2
37 28 4
37 29 2
37 30 13
37 34 9
37 36 5
38 0 9
38 2 1
38 3 12
38 4 1
38 5 11
38 6 7
38 8 12
38 9 7
38 10 6
38 14 8
38 16 6
38 17 6
38 18 9
38 20 2
38 22 1
38 24 11
38 25 5
38 26 9
38 30 2
38 32 10
38 33 2
38 36 8
38 37 12
39 1 2
39 2 8
39 3 11
39 4 13
39 5 1
39 7 4
39 8 1
39 9 8
39 10 8
39 12 11
39 14 10
39 15 13
39 17 9
39 23 10
39 24 13
39 28 2
39 29 13
39 31 5
39 33 11
39 34 13
39 36 5
39 37 13
39 38 13
40 1 1
40 2 6
40 3 1
40 5 1
40 8 10
40 9 7
40 11 7
40 12 7
40 13 4
40 15 12
40 19 10
40 23 7
40 25 9
40 26 3
40 27 2
40 28 10
40 34 5
40 36 8
40 38 4
40 39 8
41 0 5
41 2 4
41 4 9
41 5 5
41 6 2
41 8 12
41 10 3
41 12 6
41 13 9
41 15 1
41 17 3
41 18 10
41 19 13
41 21 13
41 25 12
41 29 11
41 35 8
41 37 11
41 39 4
42 1 5
42 4 13
42 5 13
42 6 12
42 8 6
42 12 1
42 15 11
42 16 6
42 20 3
42 23 10
42 25 3
42 29 4
42 30 8
42 31 8
42 34 9
42 35 9
42 36 5
42 37 2
42 38 8
42 39 10
42 40 8
42 41 8
43 4 4
43 7 7
43 11 3
43 12 7
43 17 1
43 21 8
43 26 13
43 28 6
43 30 5
43 31 5
43 32 4
43 35 6
43 36 13
43 38 4
43 39 5
43 40 6
43 41 8
43 42 12
44 0 13
44 5 8
44 6 10
44 7 13
44 11 7
44 16 6
44 17 2
44 19 12
44 28 11
44 30 3
44 32 4
44 33 1
44 34 11
44 35 6
44 37 12
44 38 6
44 40 1
44 41 13
45 1 1
45 4 6
45 5 12
45 8 9
45 9 7
45 10 12
45 13 9
45 14 11
45 17 1
45 18 9
45 19 3
45 20 3
45 21 2
45 22 3
45 23 5
45 24 8
45 25 12
45 32 8
45 33 4
45 34 10
45 38 3
45 39 5
45 40 10
45 42 1
45 44 13
46 1 1
46 2 13
46 3 10
46 4 4
46 5 9
46 6 13
46 8 5
46 9 10
46 10 2
46 11 9
46 12 6
46 14 4
46 15 11
46 17 10
46 19 8
46 21 9
46 22 1
46 23 4
46 24 7
46 26 1
46 28 5
46 29 3
46 30 8
46 31 1
46 35 5
46 37 3
46 38 1
46 41 10
46 42 8
46 45 13
47 1 3
47 3 9
47 6 12
47 7 11
47 9 8
47 10 5
47 12 3
47 14 9
47 15 5
47 16 10
47 17 9
47 18 6
47 21 1
47 25 1
47 26 12
47 28 4
47 30 9
47 33 7
47 35 13
47 37 10
47 38 9
47 41 13
47 43 9
48 0 7
48 1 8
48 5 3
48 8 2
48 9 8
48 10 6
48 12 8
48 13 11
48 14 3
48 16 8
48 19 9
48 21 4
48 26 12
48 28 4
48 30 4
48 31 9
48 32 1
48 37 1
48 39 11
48 41 10
48 43 1
48 47 6
49 1 12
49 2 12
49 3 7
49 7 11
49 9 8
49 12 13
49 13 8
49 14 10
49 16 5
49 18 12
49 20 12
49 21 1
49 30 2
49 31 6
49 32 9
49 34 5
49 35 11
49 36 10
49 37 7
49 38 1
49 39 10
49 40 7
49 41 3
49 42 10
49 45 8
49 47 9
49 48 4
50 4 2
50 8 6
50 9 5
50 10 11
50 13 7
50 15 3
50 18 3
50 20 11
50 21 6
50 24 9
50 25 6
50 29 9
50 30 4
50 31 8
50 34 9
50 35 4
50 37 10
50 38 6
50 39 12
50 40 10
50 42 10
50 43 10
50 45 9
50 46 2
50 48 4
50 49 8
51 0 10
51 1 1
51 2 9
51 4 6
51 6 4
51 8 4
51 11 10
51 12 5
51 13 10
51 14 13
51 15 9
51 16 8
51 17 6
51 18 13
51 22 9
51 23 8
51 24 9
51 26 13
51 30 4
51 35 7
51 36 13
51 38 3
51 41 1
51 42 6
51 45 2
51 46 9
51 47 4
51 48 3
51 49 9
52 2 5
52 3 8
52 4 13
52 11 3
52 12 2
52 13 8
52 16 8
52 17 4
52 18 11
52 19 9
52 20 3
52 21 9
52 22 11
52 25 7
52 27 6
52 29 1
52 34 11
52 36 10
52 38 4
52 39 10
52 41 8
52 44 1
52 46 3
52 48 8
52 49 12
53 0 10
53 1 11
53 3 7
53 4 5
53 5 1
53 7 12
53 8 3
53 10 8
53 11 5
53 15 6
53 16 11
53 18 4
53 19 13
53 20 2
53 22 12
53 24 10
53 27 4
53 31 6
53 32 4
53 34 8
53 39 1
53 42 6
53 43 5
53 44 5
53 45 13
53 48 4
53 49 5
53 51 1
53 52 11
54 0 2
54 1 1
54 12 6
54 13 12
54 14 2
54 17 9
54 18 3
54 22 2
54 23 6
54 24 12
54 26 4
54 27 10
54 28 3
54 30 5
54 31 13
54 33 5
54 34 10
54 37 1
54 38 11
54 41 10
54 42 13
54 43 3
54 44 6
54 46 3
54 47 8
54 48 10
54 49 9
54 51 1
55 1 1
55 2 13
55 3 12
55 5 9
55 8 10
55 11 2
55 13 5
55 17 7
55 20 11
55 23 8
55 24 8
55 28 4
55 30 11
55 31 7
55 33 2
55 35 6
55 38 8
55 39 8
55 44 10
55 46 9
55 47 10
55 50 10
55 51 1
55 53 8
55 54 13
56 0 9
56 1 2
56 2 7
56 3 5
56 4 4
56 6 11
56 7 7
56 8 1
56 12 4
56 14 1
56 15 2
56 17 12
56 18 2
56 22 2
56 24 4
56 25 13
56 26 10
56 28 5
56 35 3
56 37 6
56 38 1
56 41 7
56 42 4
56 43 6
56 47 12
56 49 4
56 50 4
56 51 2
56 52 6
56 54 1
56 55 3
57 2 6
57 4 6
57 6 13
57 7 4
57 8 8
57 10 12
57 11 12
57 12 13
57 15 1
57 17 6
57 18 1
57 21 11
57 23 2
57 25 4
57 26 4
57 27 6
57 31 1
57 32 3
57 33 4
57 34 10
57 36 4
57 37 6
57 38 6
57 39 4
57 40 9
57 41 9
57 42 9
57 49 8
57 51 10
58 0 7
58 1 5
58 2 3
58 3 12
58 7 13
58 11 2
58 13 1
58 14 7
58 18 1
58 20 2
58 21 8
58 24 9
58 25 6
58 27 3
58 29 6
58 31 13
58 33 1
58 35 10
58 37 5
58 38 8
58 40 10
58 41 4
58 42 5
58 43 13
58 45 4
58 46 3
58 47 5
58 48 8
58 51 5
58 52 4
58 55 13
59 2 8
59 3 1
59 4 7
59 5 5
59 6 4
59 7 11
59 8 10
59 9 2
59 10 9
59 11 2
59 12 4
59 15 11
59 18 7
59 19 13
59 26 7
59 28 10
59 33 13
59 34 4
59 41 1
59 42 6
59 49 3
59 50 7
59 51 13
59 52 4
59 55 6
59 56 6
59 57 8
60 1 3
60 2 7
60 6 1
60 8 3
60 10 13
60 12 12
60 13 11
60 16 8
60 19 9
60 21 7
60 23 10
60 26 1
60 27 11
60 28 9
60 30 9
60 31 8
60 32 1
60 34 10
60 40 9
60 44 13
60 47 13
60 49 5
60 50 10
60 52 6
60 53 2
60 54 9
60 55 4
60 58 13
61 0 8
61 1 1
61 3 11
61 7 2
61 9 7
61 10 7
61 11 9
61 12 1
61 13 13
61 14 10
61 17 10
61 19 2
61 20 6
61 22 12
61 23 3
61 26 5
61 27 1
61 28 2
61 30 1
61 31 10
61 33 13
61 34 8
61 37 3
61 38 7
61 39 8
61 41 3
61 42 7
61 43 1
61 46 12
61 47 3
61 49 12
61 50 4
61 51 8
61 53 5
61 54 13
61 55 8
61 56 5
61 58 4
61 59 6
61 60 1
62 0 1
62 1 13
62 3 13
62 4 11
62 5 1
62 8 5
62 9 10
62 11 4
62 13 4
62 14 4
62 15 9
62 16 6
62 17 7
62 18 13
62 19 6
62 20 1
62 21 1
62 23 7
62 26 3
62 27 7
62 29 8
62 30 1
62 31 1
62 32 4
62 37 12
62 39 4
62 40 9
62 41 13
62 43 4
62 45 8
62 48 3
62 49 5
62 53 11
62 54 7
62 58 10
62 61 5
63 2 6
63 4 10
63 5 1
63 6 2
63 8 5
63 9 6
63 10 10
63 13 8
63 14 5
63 16 8
63 17 5
63 18 11
63 19 7
63 21 1
63 22 5
63 24 6
63 29 1
63 30 9
63 32 10
63 34 13
63 36 3
63 37 2
63 38 8
63 39 13
63 41 2
63 46 2
63 47 11
63 49 13
63 52 10
63 53 6
63 54 11
63 55 8
63 56 10
63 57 10
63 59 12
63 60 6
63 61 13
64 0 13
64 5 12
64 8 9
64 11 2
64 14 12
64 15 1
64 17 7
64 18 2
64 19 11
64 20 9
64 21 6
64 22 13
64 23 12
64 26 8
64 29 3
64 31 9
64 37 9
64 40 4
64 41 6
64 43 2
64 44 4
64 45 2
64 48 2
64 49 6
64 50 10
64 51 5
64 52 1
64 53 10
64 54 9
64 56 7
65 1 3
65 2 11
65 4 8
65 7 8
65 8 3
65 9 10
65 15 7
65 16 8
65 18 1
65 19 13
65 20 10
65 21 11
65 24 5
65 26 8
65 27 12
65 29 4
65 30 2
65 31 6
65 34 8
65 35 13
65 36 5
65 37 13
65 39 11
65 40 4
65 43 12
65 44 1
65 46 4
65 47 6
65 48 8
65 49 8
65 50 7
65 56 10
65 58 9
65 59 7
65 60 12
65 64 10
66 2 8
66 4 4
66 8 9
66 13 12
66 15 5
66 17 11
66 21 1
66 23 4
66 26 4
66 28 9
66 29 7
66 30 4
66 31 5
66 32 3
66 33 11
66 36 9
66 38 9
66 39 7
66 41 11
66 43 6
66 44 11
66 46 9
66 48 5
66 49 3
66 50 6
66 52 2
66 53 10
66 55 3
66 56 5
66 58 2
66 59 13
66 60 10
66 63 7
66 64 12
66 65 4
67 0 8
67 2 10
67 3 13
67 4 1
67 7 12
67 12 8
67 14 3
67 15 7
67 16 4
67 17 5
67 20 11
67 21 8
67 22 2
67 24 7
67 25 5
67 27 10
67 29 3
67 30 4
67 31 5
67 32 7
67 34 5
67 36 11
67 37 11
67 40 12
67 43 11
67 46 6
67 51 6
67 52 13
67 54 5
67 56 9
67 60 4
67 61 10
67 65 10
68 0 6
68 1 11
68 2 3
68 3 7
68 4 9
68 6 11
68 8 3
68 10 11
68 11 3
68 12 3
68 13 7
68 14 3
68 15 1
68 16 3
68 18 2
68 21 13
68 22 10
68 30 5
68 31 9
68 33 1
68 35 4
68 36 5
68 37 12
68 38 7
68 39 4
68 41 4
68 46 8
68 52 13
68 55 9
68 56 9
68 58 7
68 59 13
68 61 6
68 66 8
68 67 11
69 0 8
69 1 3
69 3 4
69 5 3
69 7 1
69 9 9
69 11 6
69 15 9
69 22 2
69 24 8
69 30 1
69 31 6
69 32 4
69 34 4
69 35 1
69 36 6
69 41 7
69 43 7
69 46 13
69 48 7
69 49 6
69 51 4
69 52 11
69 53 8
69 57 4
69 59 3
69 64 10
69 68 8
