20
1 0 9
2 0 3
2 1 3
3 0 8
3 1 7
3 2 8
4 0 5
4 1 3
4 2 2
4 3 8
5 0 1
5 1 1
5 2 9
5 3 4
5 4 5
6 0 3
6 1 2
6 2 1
6 3 8
6 4 2
6 5 9
7 0 7
7 1 5
7 2 7
7 3 7
7 4 6
7 5 1
7 6 1
8 0 8
8 1 3
8 2 7
8 3 6
8 4 2
8 5 9
8 6 4
8 7 7
9 0 4
9 1 1
9 2 5
9 3 6
9 4 2
9 5 8
9 6 6
9 7 8
9 8 2
10 0 3
10 1 4
10 2 6
10 3 6
10 4 6
10 5 3
10 6 4
10 7 9
10 8 5
10 9 4
11 0 4
11 1 9
11 2 9
11 3 4
11 4 5
11 5 4
11 6 7
11 7 2
11 8 7
11 9 5
11 10 3
12 0 3
12 1 5
12 2 3
12 3 1
12 4 4
12 5 8
12 6 3
12 7 2
12 8 9
12 9 8
12 10 9
12 11 4
13 0 8
13 1 7
13 2 8
13 3 2
13 4 1
13 5 10
13 6 10
13 7 6
13 8 6
13 9 8
13 10 8
13 11 1
13 12 2
14 0 10
14 1 2
14 2 9
14 3 7
14 4 1
14 5 6
14 6 6
14 7 3
14 8 9
14 9 7
14 10 4
14 11 4
14 12 9
14 13 8
15 0 5
15 1 6
15 2 3
15 3 4
15 4 9
15 5 7
15 6 6
15 7 7
15 8 5
15 9 8
15 10 1
15 11 5
15 12 6
15 13 6
15 14 10
16 0 6
16 1 8
16 2 4
16 3 7
16 4 6
16 5 4
16 6 6
16 7 2
16 8 8
16 9 6
16 10 4
16 11 7
16 12 10
16 13 7
16 14 5
16 15 4
17 0 10
17 1 4
17 2 8
17 3 3
17 4 9
17 5 6
17 6 8
17 7 6
17 8 7
17 9 4
17 10 9
17 11 4
17 12 7
17 13 1
17 14 3
17 15 5
17 16 6
18 0 4
18 1 9
18 2 4
18 3 7
18 4 1
18 5 10
18 6 2
18 7 4
18 8 4
18 9 5
18 10 3
18 11 5
18 12 7
18 13 5
18 14 6
18 15 2
18 16 9
18 17 9
19 0 7
19 1 8
19 2 3
19 3 6
19 4 1
19 5 9
19 6 8
19 7 6
19 8 8
19 9 4
19 10 9
19 11 5
19 12 5
19 13 4
19 14 4
19 15 9
19 16 1
19 17 8
19 18 4
