30
2 0 3
2 1 3
3 0 4
3 1 4
3 2 6
4 3 2
5 3 6
5 4 7
6 0 2
6 4 6
7 3 8
7 4 6
7 5 5
7 6 2
8 0 4
8 1 8
8 2 6
8 3 8
8 4 8
8 5 8
9 4 7
9 7 6
10 0 2
10 1 3
10 5 8
10 6 7
10 7 5
10 8 8
11 1 1
11 2 3
11 4 6
11 6 2
11 7 2
11 8 5
11 10 7
12 1 4
12 6 4
12 9 8
12 10 5
13 2 5
13 4 7
13 5 5
13 6 3
13 9 8
13 11 4
13 12 1
14 0 8
14 3 5
14 5 7
14 8 6
14 9 8
14 12 3
14 13 7
15 2 3
15 4 2
15 5 8
15 9 5
15 14 2
16 0 5
16 3 1
16 8 2
16 10 2
16 11 7
16 12 8
16 14 2
17 3 1
17 6 3
17 11 7
17 13 3
17 14 5
17 16 6
18 3 6
18 7 3
18 8 1
18 9 3
18 12 3
18 13 6
18 14 8
18 15 2
18 16 7
18 17 4
19 1 4
19 2 4
19 5 1
19 6 1
19 8 4
19 9 3
19 10 7
19 11 5
19 14 8
19 18 8
20 0 4
20 1 6
20 6 1
20 7 5
20 8 6
20 9 1
20 11 8
20 14 6
20 16 6
20 18 8
20 19 6
21 0 1
21 1 8
21 3 8
21 8 3
21 9 3
21 10 3
21 12 4
21 15 8
21 16 4
22 1 6
22 6 7
22 10 1
22 12 5
22 14 3
22 16 1
22 18 2
22 20 7
22 21 7
23 1 5
23 5 5
23 7 5
23 10 2
23 11 7
23 14 3
23 16 4
23 17 8
23 18 4
23 19 4
23 21 1
23 22 3
24 0 4
24 2 2
24 4 4
24 8 5
24 10 3
24 12 5
24 14 2
24 15 6
24 18 8
24 20 7
24 21 4
24 22 5
25 3 1
25 6 7
25 8 1
25 9 1
25 10 4
25 12 8
25 14 8
25 15 4
25 16 5
25 19 7
25 20 7
26 1 1
26 4 2
26 5 4
26 6 5
26 9 1
26 11 4
26 17 7
26 21 3
26 22 3
26 25 7
27 1 7
27 2 6
27 5 2
27 6 3
27 7 7
27 8 7
27 10 3
27 14 6
27 16 4
27 18 3
27 24 1
28 1 4
28 2 4
28 4 4
28 5 1
28 6 7
28 8 8
28 15 4
28 17 6
28 18 5
28 20 1
28 23 3
28 24 1
28 26 1
28 27 1
29 4 8
29 5 8
29 6 4
29 7 5
29 10 6
29 11 1
29 12 7
29 13 4
29 14 3
29 15 3
29 16 3
29 19 1
29 20 5
29 22 4
29 23 3
29 24 5
29 26 4
29 27 1
29 28 1
