20
1 0 1
2 0 2
2 1 5
3 0 3
3 1 2
3 2 5
4 0 1
4 1 2
4 2 2
4 3 6
5 0 1
5 1 6
5 2 6
5 3 6
5 4 2
6 0 5
6 1 6
6 2 3
6 3 4
6 4 1
6 5 6
7 0 2
7 1 5
7 2 4
7 3 2
7 4 2
7 5 2
7 6 6
8 0 3
8 1 2
8 2 5
8 3 1
8 4 2
8 5 6
8 6 1
8 7 1
9 0 6
9 1 4
9 2 4
9 3 5
9 4 4
9 5 4
9 6 4
9 7 2
9 8 1
10 0 3
10 1 3
10 2 1
10 3 1
10 4 2
10 5 3
10 6 3
10 7 6
10 8 1
10 9 6
11 0 2
11 1 5
11 2 1
11 3 1
11 4 1
11 5 2
11 6 6
11 7 5
11 8 4
11 9 3
11 10 6
12 0 1
12 1 5
12 2 4
12 3 1
12 4 4
12 5 5
12 6 6
12 7 6
12 8 2
12 9 5
12 10 5
12 11 3
13 0 1
13 1 6
13 2 2
13 3 4
13 4 5
13 5 3
13 6 6
13 7 6
13 8 2
13 9 1
13 10 2
13 11 4
13 12 4
14 0 4
14 1 1
14 2 3
14 3 6
14 4 1
14 5 5
14 6 4
14 7 1
14 8 2
14 9 2
14 10 6
14 11 5
14 12 6
14 13 1
15 0 5
15 1 5
15 2 2
15 3 2
15 4 5
15 5 6
15 6 5
15 7 3
15 8 1
15 9 3
15 10 3
15 11 6
15 12 3
15 13 4
15 14 3
16 0 6
16 1 2
16 2 2
16 3 4
16 4 3
16 5 4
16 6 6
16 7 6
16 8 5
16 9 1
16 10 6
16 11 2
16 12 4
16 13 6
16 14 4
16 15 4
17 0 4
17 1 5
17 2 3
17 3 5
17 4 5
17 5 5
17 6 2
17 7 2
17 8 2
17 9 6
17 10 5
17 11 3
17 12 1
17 13 3
17 14 6
17 15 3
17 16 4
18 0 3
18 1 4
18 2 1
18 3 1
18 4 5
18 5 2
18 6 2
18 7 5
18 8 6
18 9 3
18 10 4
18 11 1
18 12 6
18 13 2
18 14 3
18 15 1
18 16 4
18 17 4
19 0 1
19 1 2
19 2 2
19 3 1
19 4 3
19 5 4
19 6 1
19 7 6
19 8 3
19 9 3
19 10 3
19 11 5
19 12 1
19 13 2
19 14 1
19 15 3
19 16 1
19 17 2
19 18 4
