30
3 0 3
4 0 3
4 1 2
4 3 1
5 0 1
6 0 1
6 1 2
6 2 2
7 3 3
7 4 2
7 6 1
8 0 3
8 2 3
8 3 2
8 4 1
8 6 3
9 2 3
9 6 1
9 7 3
10 0 2
10 1 3
10 5 2
10 6 3
10 8 3
10 9 3
11 2 2
11 3 1
11 4 2
11 5 2
11 6 3
11 9 1
12 1 2
12 2 3
12 5 1
12 6 2
12 8 1
12 9 3
12 10 2
13 1 2
13 2 2
13 4 3
13 6 3
14 1 1
14 3 3
14 5 1
14 6 2
14 9 3
14 10 1
14 12 3
15 0 1
15 2 3
15 4 2
15 5 1
15 6 2
15 7 2
15 8 2
15 10 3
15 12 3
15 13 3
16 1 2
16 2 3
16 3 1
16 4 1
16 5 1
16 8 3
16 10 1
16 11 1
16 13 1
16 15 3
17 0 2
17 2 2
17 3 2
17 9 3
17 10 3
17 11 1
17 16 1
18 0 3
18 1 3
18 3 1
18 6 3
18 8 3
18 9 3
18 13 2
18 14 2
18 15 3
18 17 3
19 0 3
19 1 3
19 4 1
19 5 2
19 7 2
19 9 2
19 10 1
19 11 3
19 14 2
19 16 1
19 17 2
19 18 2
20 0 3
20 1 1
20 2 2
20 4 3
20 6 2
20 8 1
20 9 2
20 11 2
20 12 3
20 13 2
20 16 1
20 18 3
21 1 3
21 3 2
21 4 3
21 6 2
21 7 2
21 9 3
21 11 2
21 12 2
21 13 2
21 15 1
21 16 3
21 17 3
21 20 2
22 1 2
22 3 2
22 5 3
22 10 2
22 13 3
22 15 2
22 20 1
22 21 3
23 1 3
23 3 2
23 6 3
23 8 3
23 9 2
23 10 3
23 14 3
23 15 3
23 17 3
23 18 1
23 20 3
24 0 2
24 2 1
24 3 1
24 5 1
24 8 1
24 12 1
24 16 2
24 18 3
24 19 2
24 20 1
24 21 3
25 0 1
25 1 1
25 4 1
25 7 3
25 9 3
25 11 1
25 13 2
25 14 3
25 15 2
25 16 3
25 17 1
25 18 1
25 21 2
25 23 1
26 4 2
26 6 2
26 10 2
26 11 3
26 14 3
26 16 1
26 17 1
26 18 2
26 19 1
26 22 1
26 24 2
26 25 2
27 0 1
27 2 3
27 4 3
27 9 3
27 11 2
27 13 3
27 14 2
27 19 1
27 20 2
27 21 2
27 22 3
27 24 2
27 25 3
27 26 2
28 1 2
28 3 3
28 5 2
28 6 1
28 7 1
28 9 1
28 10 1
28 14 3
28 15 3
28 16 3
28 17 3
28 19 3
28 26 3
29 0 3
29 1 1
29 2 2
29 4 1
29 5 3
29 6 1
29 7 1
29 8 1
29 9 1
29 11 1
29 15 1
29 16 1
29 19 2
29 21 2
29 24 1
29 27 3
29 28 3
