20
1 0 10
2 0 5
2 1 11
3 0 3
3 1 9
3 2 2
4 0 13
4 1 3
4 2 9
4 3 6
5 0 2
5 1 12
5 2 13
5 3 6
5 4 4
6 0 13
6 1 12
6 2 2
6 3 4
6 4 13
6 5 8
7 0 11
7 1 5
7 2 2
7 3 3
7 4 10
7 5 10
7 6 12
8 0 9
8 1 13
8 2 1
8 3 7
8 4 8
8 5 2
8 6 3
8 7 4
9 0 8
9 1 6
9 2 11
9 3 2
9 4 9
9 5 9
9 6 12
9 7 6
9 8 12
10 0 11
10 1 7
10 2 9
10 3 2
10 4 9
10 5 11
10 6 1
10 7 13
10 8 5
10 9 9
11 0 3
11 1 13
11 2 4
11 3 13
11 4 8
11 5 8
11 6 12
11 7 11
11 8 10
11 9 10
11 10 3
12 0 7
12 1 9
12 2 13
12 3 10
12 4 12
12 5 13
12 6 13
12 7 6
12 8 3
12 9 5
12 10 6
12 11 5
13 0 11
13 1 5
13 2 6
13 3 7
13 4 11
13 5 6
13 6 11
13 7 13
13 8 4
13 9 13
13 10 3
13 11 2
13 12 3
14 0 6
14 1 8
14 2 7
14 3 5
14 4 7
14 5 5
14 6 1
14 7 13
14 8 3
14 9 4
14 10 3
14 11 5
14 12 7
14 13 7
15 0 8
15 1 12
15 2 13
15 3 3
15 4 11
15 5 1
15 6 10
15 7 2
15 8 5
15 9 4
15 10 7
15 11 3
15 12 3
15 13 8
15 14 2
16 0 5
16 1 7
16 2 4
16 3 9
16 4 5
16 5 12
16 6 10
16 7 9
16 8 12
16 9 13
16 10 10
16 11 9
16 12 4
16 13 12
16 14 6
16 15 9
17 0 2
17 1 8
17 2 10
17 3 13
17 4 4
17 5 8
17 6 1
17 7 5
17 8 11
17 9 7
17 10 11
17 11 3
17 12 6
17 13 13
17 14 13
17 15 11
17 16 8
18 0 9
18 1 12
18 2 2
18 3 10
18 4 10
18 5 3
18 6 8
18 7 12
18 8 13
18 9 11
18 10 11
18 11 3
18 12 5
18 13 9
18 14 5
18 15 1
18 16 9
18 17 12
19 0 5
19 1 10
19 2 11
19 3 4
19 4 9
19 5 13
19 6 4
19 7 12
19 8 2
19 9 11
19 10 5
19 11 10
19 12 2
19 13 5
19 14 9
19 15 9
19 16 9
19 17 8
19 18 9
