15
1 0 5
2 0 3
2 1 5
3 0 1
3 1 3
3 2 4
4 0 1
4 1 1
4 2 4
4 3 3
5 0 4
5 1 4
5 2 4
5 3 4
5 4 4
6 0 1
6 1 5
6 2 1
6 3 5
6 4 3
6 5 1
7 0 5
7 1 2
7 2 1
7 3 1
7 4 5
7 5 1
7 6 1
8 0 2
8 1 1
8 2 5
8 3 1
8 4 3
8 5 5
8 6 5
8 7 1
9 0 1
9 1 3
9 2 5
9 3 3
9 4 1
9 5 1
9 6 1
9 7 5
9 8 2
10 0 2
10 1 4
10 2 4
10 3 4
10 4 5
10 5 2
10 6 2
10 7 5
10 8 3
10 9 5
11 0 2
11 1 2
11 2 4
11 3 3
11 4 1
11 5 4
11 6 2
11 7 1
11 8 1
11 9 2
11 10 5
12 0 5
12 1 3
12 2 1
12 3 3
12 4 4
12 5 3
12 6 3
12 7 5
12 8 2
12 9 1
12 10 3
12 11 4
13 0 1
13 1 4
13 2 4
13 3 2
13 4 2
13 5 2
13 6 5
13 7 1
13 8 1
13 9 4
13 10 3
13 11 4
13 12 2
14 0 3
14 1 5
14 2 1
14 3 3
14 4 3
14 5 4
14 6 2
14 7 5
14 8 4
14 9 4
14 10 1
14 11 3
14 12 5
14 13 4
