60
1 0 1
2 0 8
2 1 5
4 0 1
5 1 3
5 2 9
5 3 7
6 2 3
6 3 9
6 4 5
7 0 8
7 1 3
7 5 3
7 6 6
8 0 7
8 1 9
8 3 7
8 5 3
8 6 1
8 7 1
9 2 3
9 3 5
9 4 2
9 5 3
9 7 5
9 8 9
10 0 2
10 2 3
10 5 6
10 6 4
10 7 7
11 0 8
11 4 2
11 7 1
11 10 6
12 0 2
12 1 8
12 2 5
12 3 7
12 5 5
12 8 3
12 9 7
13 0 3
13 2 7
13 3 4
13 4 8
13 5 8
13 7 5
13 8 1
13 9 3
13 11 4
13 12 1
14 0 4
14 1 2
14 2 1
14 3 5
14 5 6
14 6 2
14 11 2
14 12 7
15 1 7
15 3 2
15 4 7
15 7 9
15 11 3
15 12 5
16 8 7
16 9 2
16 10 2
16 11 6
16 13 9
16 14 6
16 15 5
17 1 8
17 2 7
17 3 4
17 5 4
17 10 6
17 12 6
17 13 5
17 14 6
17 15 9
18 1 4
18 2 9
18 4 4
18 7 8
18 8 2
18 12 7
18 13 3
18 15 2
18 17 4
19 0 4
19 3 9
19 7 4
19 11 9
19 12 6
19 17 3
20 0 2
20 4 2
20 6 5
20 7 8
20 10 1
20 11 9
20 13 1
20 14 3
20 15 3
20 16 1
20 17 9
21 0 6
21 2 7
21 3 9
21 4 8
21 5 4
21 7 7
21 8 1
21 11 9
21 12 2
21 13 9
21 14 6
21 16 1
21 18 2
21 20 8
22 1 6
22 3 4
22 4 5
22 9 6
22 12 3
22 13 7
22 15 3
22 16 7
22 20 7
23 7 9
23 11 9
23 12 6
23 13 9
23 14 8
23 15 5
23 16 4
23 17 3
23 21 4
23 22 9
24 5 5
24 6 1
24 9 5
24 10 8
24 11 9
24 12 4
24 15 8
24 18 4
24 20 9
24 21 4
24 22 4
25 0 9
25 4 1
25 5 8
25 7 8
25 8 7
25 10 4
25 13 5
25 16 8
25 21 5
25 24 7
26 0 7
26 1 5
26 4 5
26 6 6
26 7 8
26 8 3
26 9 2
26 11 7
26 16 6
26 18 6
26 21 6
26 22 2
26 25 1
27 0 6
27 6 8
27 8 6
27 9 3
27 10 8
27 11 4
27 14 8
27 16 7
27 18 9
27 20 9
27 22 5
27 23 7
27 25 6
27 26 4
28 1 2
28 2 9
28 4 9
28 5 2
28 6 6
28 7 4
28 10 4
28 12 6
28 13 1
28 16 3
28 17 2
28 18 1
28 19 4
28 22 2
28 24 4
28 26 9
29 2 4
29 3 8
29 4 7
29 5 3
29 6 6
29 8 4
29 9 1
29 10 4
29 11 9
29 15 5
29 17 5
29 25 8
29 26 4
30 0 2
30 3 8
30 4 9
30 5 4
30 7 8
30 13 7
30 14 9
30 15 4
30 16 8
30 17 8
30 19 7
30 22 3
30 26 7
30 27 3
30 28 1
31 0 9
31 1 7
31 2 5
31 4 5
31 6 6
31 9 5
31 10 3
31 13 8
31 15 1
31 16 4
31 17 9
31 19 6
31 20 9
31 24 5
31 25 5
31 26 8
31 27 8
32 1 3
32 3 2
32 4 8
32 6 7
32 7 9
32 11 1
32 12 9
32 14 3
32 15 4
32 19 5
32 20 5
32 22 9
32 25 8
32 28 6
32 31 9
33 1 4
33 3 4
33 4 2
33 5 7
33 6 1
33 8 4
33 9 9
33 10 5
33 12 6
33 13 8
33 14 5
33 17 7
33 18 3
33 19 8
33 21 8
33 23 2
33 25 4
33 27 6
33 29 3
33 30 7
33 31 7
33 32 6
34 3 9
34 4 9
34 6 9
34 7 7
34 9 1
34 12 3
34 13 8
34 14 2
34 15 2
34 17 4
34 19 8
34 21 6
34 23 3
34 25 1
34 26 9
34 32 7
34 33 6
35 0 4
35 7 8
35 8 6
35 9 7
35 13 6
35 16 8
35 19 5
35 20 9
35 21 9
35 22 1
35 25 4
35 26 2
35 30 5
35 32 5
35 33 5
35 34 7
36 0 1
36 1 6
36 16 1
36 17 4
36 18 6
36 19 1
36 27 9
36 29 4
36 30 2
36 31 4
36 33 4
36 34 3
37 1 3
37 2 6
37 3 2
37 13 9
37 17 4
37 22 1
37 23 5
37 26 5
37 27 2
37 29 4
37 31 1
37 32 6
37 33 8
37 35 9
38 1 8
38 2 7
38 3 3
38 4 2
38 5 3
38 6 6
38 7 7
38 9 9
38 11 7
38 12 2
38 14 5
38 15 1
38 16 1
38 18 5
38 20 3
38 21 2
38 22 4
38 23 4
38 24 4
38 26 8
38 31 3
38 32 1
38 33 3
38 36 7
39 0 6
39 2 5
39 4 5
39 6 6
39 7 3
39 8 3
39 9 5
39 11 5
39 16 7
39 17 7
39 20 8
39 21 6
39 24 3
39 25 2
39 26 4
39 27 5
39 28 1
39 29 6
39 30 9
39 34 5
39 35 1
39 37 2
40 0 3
40 1 3
40 5 1
40 6 2
40 7 5
40 8 7
40 11 1
40 13 4
40 14 7
40 15 6
40 16 4
40 17 3
40 19 9
40 20 1
40 22 7
40 24 2
40 26 1
40 28 7
40 29 1
40 31 5
40 33 6
40 35 1
40 37 4
40 39 3
41 2 4
41 5 5
41 6 6
41 8 4
41 9 5
41 11 3
41 12 3
41 13 7
41 14 1
41 16 4
41 17 8
41 18 7
41 20 9
41 23 6
41 25 7
41 26 7
41 28 2
41 31 2
41 32 8
41 36 2
41 38 5
41 40 4
42 2 9
42 6 8
42 8 3
42 10 6
42 14 1
42 15 3
42 17 2
42 18 6
42 20 4
42 25 8
42 26 5
42 27 2
42 28 3
42 30 1
42 33 9
42 34 3
42 36 3
42 38 4
42 39 5
42 41 1
43 0 9
43 1 9
43 2 7
43 9 9
43 10 3
43 11 7
43 15 9
43 17 2
43 19 5
43 25 5
43 26 9
43 29 4
43 33 1
43 34 9
43 37 6
43 38 3
43 40 1
43 42 1
44 0 9
44 3 4
44 8 7
44 9 2
44 10 4
44 15 9
44 16 3
44 17 3
44 19 6
44 20 3
44 21 9
44 22 6
44 24 1
44 25 5
44 26 4
44 27 3
44 28 3
44 29 5
44 30 7
44 31 6
44 32 3
44 34 6
44 35 5
44 36 9
44 37 9
44 38 2
44 39 7
44 40 6
44 41 8
44 43 7
45 0 8
45 1 8
45 3 3
45 5 3
45 9 4
45 10 8
45 11 2
45 13 6
45 15 6
45 18 3
45 26 9
45 31 2
45 33 5
45 35 7
45 36 7
45 37 9
45 38 1
45 39 9
45 40 4
45 42 7
46 1 6
46 4 8
46 5 5
46 6 6
46 11 2
46 12 1
46 13 4
46 14 7
46 15 6
46 16 6
46 17 3
46 18 8
46 22 7
46 25 6
46 26 3
46 27 3
46 28 5
46 30 2
46 31 7
46 32 8
46 34 6
46 36 7
46 41 2
46 45 3
47 0 5
47 3 9
47 4 3
47 5 2
47 8 3
47 9 3
47 10 9
47 14 5
47 16 3
47 18 5
47 20 9
47 22 5
47 24 7
47 27 1
47 32 4
47 36 6
47 37 7
47 39 2
47 40 6
47 46 9
48 0 9
48 1 3
48 7 5
48 11 4
48 12 3
48 13 8
48 15 9
48 16 8
48 17 8
48 19 9
48 20 4
48 21 6
48 24 6
48 26 9
48 27 3
48 30 2
48 33 6
48 34 6
48 35 1
48 36 1
48 38 8
48 39 7
48 40 9
48 41 7
48 43 6
48 46 5
49 2 4
49 5 7
49 7 4
49 9 6
49 11 8
49 14 2
49 15 2
49 19 6
49 24 3
49 25 3
49 26 6
49 27 5
49 29 6
49 32 6
49 33 7
49 34 2
49 35 9
49 37 2
49 38 6
49 41 6
49 42 4
49 43 6
49 46 1
49 47 9
49 48 7
50 0 6
50 2 4
50 5 2
50 7 7
50 8 3
50 9 8
50 10 6
50 11 7
50 15 8
50 16 2
50 17 5
50 18 6
50 19 9
50 20 6
50 21 9
50 24 4
50 26 7
50 29 5
50 30 9
50 31 4
50 32 9
50 34 4
50 35 9
50 37 7
50 38 2
50 47 9
50 48 7
51 0 4
51 2 9
51 4 6
51 6 5
51 7 1
51 8 8
51 9 8
51 12 8
51 13 2
51 14 9
51 16 7
51 17 3
51 19 8
51 21 4
51 23 5
51 25 5
51 26 6
51 27 4
51 28 2
51 35 1
51 36 4
51 37 5
51 38 2
51 39 4
51 40 4
51 41 4
51 43 6
51 44 6
51 45 9
51 46 7
51 47 4
51 48 2
52 0 4
52 3 9
52 6 2
52 7 1
52 9 9
52 10 1
52 11 7
52 14 7
52 16 9
52 17 7
52 20 7
52 22 4
52 23 8
52 24 8
52 27 6
52 28 8
52 29 8
52 30 8
52 31 7
52 32 3
52 34 3
52 37 8
52 42 3
52 44 6
52 45 3
53 0 2
53 3 4
53 6 6
53 8 3
53 11 3
53 12 8
53 13 9
53 15 8
53 17 7
53 20 1
53 28 1
53 29 2
53 30 1
53 31 5
53 32 7
53 33 2
53 34 5
53 35 7
53 37 6
53 38 6
53 40 8
53 42 8
53 43 9
53 44 5
53 45 4
53 47 3
53 48 2
53 50 9
53 51 2
54 0 2
54 1 2
54 2 2
54 5 2
54 7 2
54 9 5
54 10 5
54 12 8
54 13 1
54 14 8
54 16 8
54 19 4
54 21 1
54 22 6
54 24 1
54 25 2
54 27 4
54 28 2
54 29 1
54 33 4
54 34 9
54 36 3
54 38 5
54 39 9
54 42 1
54 50 6
54 51 4
55 1 6
55 2 7
55 3 9
55 5 7
55 8 5
55 9 3
55 11 4
55 12 9
55 13 3
55 17 6
55 20 8
55 22 4
55 23 6
55 26 1
55 30 5
55 31 2
55 32 4
55 34 7
55 35 9
55 36 7
55 37 9
55 40 1
55 42 5
55 43 5
55 44 9
55 45 3
55 47 1
55 48 1
55 49 9
55 53 7
56 1 7
56 2 2
56 3 1
56 12 7
56 14 6
56 15 8
56 16 7
56 19 9
56 22 1
56 24 1
56 26 6
56 27 3
56 28 3
56 30 6
56 31 3
56 32 9
56 33 5
56 34 7
56 36 1
56 40 2
56 44 1
56 47 2
56 50 9
56 53 5
57 1 5
57 4 7
57 5 6
57 7 7
57 8 2
57 9 3
57 10 6
57 14 6
57 15 9
57 18 9
57 19 4
57 20 4
57 21 2
57 22 1
57 24 7
57 25 4
57 28 2
57 34 5
57 36 2
57 37 3
57 38 2
57 41 4
57 42 5
57 45 3
57 46 1
57 51 4
57 52 2
57 53 7
57 54 1
57 55 7
57 56 4
58 1 5
58 3 7
58 4 8
58 6 6
58 8 9
58 9 4
58 11 8
58 13 5
58 14 6
58 15 8
58 18 1
58 20 7
58 22 8
58 23 2
58 24 5
58 25 3
58 26 5
58 27 9
58 29 4
58 30 2
58 33 8
58 34 2
58 36 4
58 38 3
58 40 7
58 41 7
58 42 8
58 47 6
58 49 8
58 50 4
58 51 4
58 52 3
58 53 1
58 54 5
58 55 1
58 56 1
58 57 4
59 0 4
59 1 5
59 2 9
59 3 5
59 4 9
59 5 7
59 8 7
59 10 7
59 13 4
59 14 8
59 15 6
59 16 8
59 17 5
59 18 4
59 22 6
59 25 3
59 27 9
59 28 4
59 34 1
59 35 3
59 38 4
59 39 5
59 40 8
59 41 6
59 45 3
59 46 7
59 47 9
59 48 8
59 49 4
59 50 3
59 51 1
59 53 2
59 55 8
59 56 7
59 57 5
59 58 5
