20
2 0 1
2 1 1
3 1 1
5 3 1
6 0 1
6 1 1
6 2 1
6 3 1
7 0 1
7 6 1
8 0 1
8 3 1
8 5 1
9 2 1
10 1 1
10 2 1
10 4 1
10 5 1
10 6 1
11 4 1
11 8 1
11 9 1
12 0 1
12 1 1
12 3 1
12 4 1
12 5 1
12 8 1
12 9 1
13 2 1
13 4 1
13 5 1
13 7 1
13 9 1
13 10 1
13 12 1
14 0 1
14 1 1
14 2 1
14 6 1
14 8 1
14 9 1
15 1 1
15 2 1
15 3 1
15 7 1
15 8 1
15 9 1
15 11 1
15 12 1
15 13 1
16 0 1
16 8 1
16 10 1
16 12 1
16 13 1
17 1 1
17 5 1
17 8 1
17 12 1
17 15 1
17 16 1
18 0 1
18 5 1
18 10 1
19 1 1
19 7 1
19 10 1
19 12 1
19 13 1
19 14 1
19 16 1
