30
1 0 4
2 0 1
3 1 1
3 2 1
4 1 4
5 0 4
5 1 2
5 2 1
5 3 4
5 4 1
6 3 4
7 0 2
7 2 2
7 6 3
8 0 1
8 2 4
8 4 4
8 5 4
8 7 1
9 0 4
9 1 1
9 2 2
9 3 2
9 5 1
10 2 2
10 3 4
10 6 3
10 7 2
10 8 4
11 2 3
11 5 4
11 6 1
11 7 2
11 8 3
11 9 2
12 1 1
12 3 3
12 5 2
12 10 3
12 11 2
13 0 3
13 2 3
13 3 3
13 4 2
13 6 2
13 8 2
13 9 2
13 10 1
13 11 3
14 0 1
14 1 1
14 2 4
14 3 2
14 5 2
14 11 3
14 12 2
14 13 4
15 1 1
15 2 3
15 4 2
15 5 4
15 10 3
15 11 4
15 13 3
16 1 1
16 3 4
16 5 4
16 6 3
16 7 2
16 8 2
16 12 2
16 13 1
16 15 2
17 0 1
17 2 3
17 3 3
17 5 1
17 7 1
17 9 3
17 11 4
17 14 4
18 1 1
18 3 1
18 4 3
18 5 1
18 6 4
18 9 3
18 11 1
18 12 3
18 13 4
18 16 1
18 17 3
19 1 1
19 3 4
19 6 4
19 13 2
19 16 1
19 18 3
20 0 3
20 3 2
20 4 2
20 6 1
20 7 3
20 9 3
20 11 4
20 12 4
20 13 4
20 15 1
20 16 4
20 17 3
20 18 1
21 1 4
21 4 2
21 9 3
21 10 4
21 15 1
21 16 1
21 18 2
22 1 4
22 3 2
22 4 4
22 9 2
22 15 3
22 17 3
22 18 2
22 19 1
22 20 3
23 0 3
23 2 1
23 3 1
23 4 2
23 5 1
23 7 2
23 9 4
23 10 2
23 12 4
23 13 3
23 14 4
23 16 2
23 18 3
23 19 2
23 20 1
23 21 3
23 22 3
24 0 4
24 2 4
24 3 3
24 6 3
24 7 3
24 10 2
24 14 4
24 17 1
24 18 3
24 19 2
24 20 3
24 21 1
24 22 1
25 1 3
25 6 4
25 7 4
25 8 4
25 10 3
25 11 1
25 12 2
25 14 2
25 17 3
25 19 3
26 2 2
26 3 2
26 4 2
26 5 2
26 6 3
26 7 4
26 8 2
26 9 1
26 10 4
26 11 1
26 12 4
26 13 3
26 15 4
26 17 4
26 21 4
26 23 4
26 24 3
26 25 2
27 3 1
27 4 2
27 5 1
27 6 3
27 8 1
27 9 3
27 13 3
27 14 4
27 17 4
27 18 2
27 21 3
27 24 4
27 25 4
28 3 2
28 4 2
28 6 1
28 7 2
28 9 2
28 10 2
28 11 4
28 13 3
28 14 1
28 16 1
28 19 1
28 20 2
28 23 2
28 24 1
28 25 1
29 0 4
29 1 4
29 3 2
29 5 2
29 8 2
29 9 3
29 10 3
29 12 1
29 13 2
29 15 3
29 16 2
29 21 1
29 23 1
29 26 4
29 28 3
