70
1 0 4
2 0 3
2 1 1
3 0 4
3 1 4
3 2 2
4 0 2
4 1 5
4 2 5
4 3 4
5 0 4
5 1 2
5 2 3
5 3 6
5 4 2
6 0 5
6 1 2
6 2 2
6 3 1
6 4 5
6 5 3
7 0 1
7 1 4
7 2 6
7 3 1
7 4 1
7 5 4
7 6 3
8 0 6
8 1 2
8 2 5
8 3 3
8 4 6
8 5 1
8 6 4
8 7 3
9 0 5
9 1 4
9 2 1
9 3 6
9 4 2
9 5 5
9 6 3
9 7 5
9 8 5
10 0 4
10 1 6
10 2 2
10 3 6
10 4 5
10 5 3
10 6 3
10 7 1
10 8 1
10 9 3
11 0 3
11 1 2
11 2 4
11 3 6
11 4 5
11 5 6
11 6 4
11 7 2
11 8 4
11 9 6
11 10 6
12 0 1
12 1 3
12 2 5
12 3 2
12 4 4
12 5 3
12 6 1
12 7 6
12 8 5
12 9 3
12 10 2
12 11 6
13 0 2
13 1 6
13 2 1
13 3 1
13 4 1
13 5 3
13 6 3
13 7 6
13 8 5
13 9 4
13 10 2
13 11 3
13 12 5
14 0 5
14 1 1
14 2 6
14 3 1
14 4 1
14 5 3
14 6 2
14 7 2
14 8 3
14 9 6
14 10 3
14 11 4
14 12 5
14 13 6
15 0 5
15 1 1
15 2 1
15 3 1
15 4 1
15 5 3
15 6 2
15 7 6
15 8 6
15 9 2
15 10 4
15 11 1
15 12 3
15 13 1
15 14 3
16 0 4
16 1 4
16 2 1
16 3 4
16 4 3
16 5 3
16 6 1
16 7 6
16 8 1
16 9 1
16 10 2
16 11 6
16 12 2
16 13 2
16 14 1
16 15 5
17 0 4
17 1 2
17 2 4
17 3 5
17 4 6
17 5 1
17 6 1
17 7 1
17 8 4
17 9 6
17 10 3
17 11 5
17 12 4
17 13 3
17 14 5
17 15 2
17 16 2
18 0 1
18 1 4
18 2 1
18 3 3
18 4 4
18 5 4
18 6 1
18 7 5
18 8 3
18 9 3
18 10 4
18 11 4
18 12 5
18 13 6
18 14 6
18 15 6
18 16 1
18 17 1
19 0 3
19 1 5
19 2 6
19 3 4
19 4 1
19 5 5
19 6 2
19 7 2
19 8 1
19 9 1
19 10 4
19 11 1
19 12 2
19 13 2
19 14 3
19 15 6
19 16 6
19 17 4
19 18 4
20 0 5
20 1 4
20 2 1
20 3 5
20 4 6
20 5 5
20 6 4
20 7 5
20 8 4
20 9 4
20 10 2
20 11 3
20 12 5
20 13 1
20 14 4
20 15 1
20 16 6
20 17 2
20 18 1
20 19 3
21 0 1
21 1 6
21 2 5
21 3 5
21 4 4
21 5 6
21 6 4
21 7 1
21 8 3
21 9 6
21 10 5
21 11 6
21 12 1
21 13 4
21 14 2
21 15 5
21 16 5
21 17 4
21 18 6
21 19 1
21 20 4
22 0 2
22 1 6
22 2 2
22 3 1
22 4 6
22 5 6
22 6 5
22 7 5
22 8 5
22 9 4
22 10 3
22 11 5
22 12 2
22 13 5
22 14 5
22 15 4
22 16 3
22 17 2
22 18 5
22 19 4
22 20 1
22 21 3
23 0 4
23 1 5
23 2 1
23 3 4
23 4 5
23 5 2
23 6 2
23 7 5
23 8 4
23 9 3
23 10 2
23 11 3
23 12 6
23 13 5
23 14 6
23 15 6
23 16 5
23 17 6
23 18 4
23 19 2
23 20 4
23 21 3
23 22 6
24 0 3
24 1 2
24 2 5
24 3 6
24 4 4
24 5 2
24 6 2
24 7 4
24 8 2
24 9 5
24 10 4
24 11 4
24 12 2
24 13 3
24 14 3
24 15 3
24 16 3
24 17 4
24 18 6
24 19 3
24 20 3
24 21 2
24 22 2
24 23 3
25 0 2
25 1 1
25 2 1
25 3 1
25 4 3
25 5 4
25 6 3
25 7 2
25 8 3
25 9 4
25 10 1
25 11 5
25 12 2
25 13 4
25 14 4
25 15 2
25 16 3
25 17 4
25 18 6
25 19 6
25 20 1
25 21 6
25 22 5
25 23 5
25 24 3
26 0 4
26 1 3
26 2 2
26 3 6
26 4 1
26 5 5
26 6 5
26 7 4
26 8 1
26 9 6
26 10 5
26 11 2
26 12 2
26 13 6
26 14 4
26 15 1
26 16 5
26 17 4
26 18 1
26 19 3
26 20 5
26 21 1
26 22 1
26 23 6
26 24 5
26 25 4
27 0 3
27 1 4
27 2 5
27 3 3
27 4 2
27 5 5
27 6 2
27 7 2
27 8 4
27 9 5
27 10 2
27 11 1
27 12 6
27 13 5
27 14 2
27 15 4
27 16 6
27 17 5
27 18 6
27 19 1
27 20 5
27 21 3
27 22 1
27 23 1
27 24 6
27 25 1
27 26 1
28 0 4
28 1 2
28 2 5
28 3 2
28 4 2
28 5 2
28 6 6
28 7 5
28 8 5
28 9 5
28 10 5
28 11 6
28 12 2
28 13 6
28 14 2
28 15 1
28 16 3
28 17 3
28 18 3
28 19 2
28 20 6
28 21 2
28 22 1
28 23 3
28 24 5
28 25 4
28 26 1
28 27 6
29 0 1
29 1 5
29 2 3
29 3 6
29 4 1
29 5 1
29 6 2
29 7 5
29 8 3
29 9 5
29 10 5
29 11 4
29 12 3
29 13 4
29 14 4
29 15 2
29 16 3
29 17 3
29 18 5
29 19 2
29 20 6
29 21 3
29 22 4
29 23 3
29 24 4
29 25 1
29 26 4
29 27 3
29 28 1
30 0 2
30 1 6
30 2 5
30 3 5
30 4 1
30 5 6
30 6 4
30 7 1
30 8 3
30 9 6
30 10 5
30 11 1
30 12 4
30 13 3
30 14 4
30 15 5
30 16 5
30 17 1
30 18 5
30 19 3
30 20 2
30 21 3
30 22 1
30 23 2
30 24 1
30 25 2
30 26 6
30 27 6
30 28 2
30 29 4
31 0 3
31 1 1
31 2 6
31 3 6
31 4 6
31 5 3
31 6 2
31 7 6
31 8 3
31 9 1
31 10 6
31 11 3
31 12 4
31 13 1
31 14 2
31 15 1
31 16 1
31 17 2
31 18 5
31 19 2
31 20 1
31 21 3
31 22 4
31 23 5
31 24 4
31 25 3
31 26 5
31 27 4
31 28 3
31 29 6
31 30 2
32 0 4
32 1 5
32 2 6
32 3 2
32 4 3
32 5 3
32 6 1
32 7 5
32 8 5
32 9 4
32 10 6
32 11 1
32 12 1
32 13 5
32 14 6
32 15 5
32 16 1
32 17 4
32 18 2
32 19 6
32 20 1
32 21 4
32 22 4
32 23 6
32 24 4
32 25 3
32 26 2
32 27 4
32 28 4
32 29 6
32 30 6
32 31 1
33 0 3
33 1 1
33 2 4
33 3 6
33 4 1
33 5 2
33 6 6
33 7 4
33 8 3
33 9 1
33 10 5
33 11 1
33 12 6
33 13 1
33 14 3
33 15 6
33 16 5
33 17 6
33 18 3
33 19 4
33 20 6
33 21 4
33 22 6
33 23 2
33 24 3
33 25 6
33 26 3
33 27 4
33 28 4
33 29 5
33 30 5
33 31 1
33 32 4
34 0 5
34 1 2
34 2 5
34 3 1
34 4 4
34 5 5
34 6 2
34 7 4
34 8 6
34 9 6
34 10 3
34 11 3
34 12 4
34 13 3
34 14 4
34 15 5
34 16 1
34 17 6
34 18 5
34 19 2
34 20 5
34 21 5
34 22 6
34 23 6
34 24 1
34 25 3
34 26 1
34 27 3
34 28 4
34 29 6
34 30 2
34 31 1
34 32 1
34 33 6
35 0 3
35 1 5
35 2 5
35 3 2
35 4 4
35 5 5
35 6 1
35 7 6
35 8 6
35 9 1
35 10 1
35 11 4
35 12 6
35 13 2
35 14 5
35 15 3
35 16 6
35 17 6
35 18 1
35 19 4
35 20 5
35 21 1
35 22 4
35 23 6
35 24 6
35 25 5
35 26 6
35 27 2
35 28 1
35 29 2
35 30 3
35 31 3
35 32 3
35 33 1
35 34 3
36 0 3
36 1 3
36 2 6
36 3 6
36 4 5
36 5 4
36 6 5
36 7 6
36 8 3
36 9 1
36 10 3
36 11 4
36 12 1
36 13 3
36 14 5
36 15 6
36 16 3
36 17 2
36 18 5
36 19 2
36 20 1
36 21 1
36 22 2
36 23 2
36 24 6
36 25 3
36 26 3
36 27 5
36 28 2
36 29 4
36 30 1
36 31 3
36 32 4
36 33 3
36 34 1
36 35 2
37 0 2
37 1 2
37 2 4
37 3 4
37 4 1
37 5 3
37 6 2
37 7 6
37 8 2
37 9 3
37 10 6
37 11 5
37 12 6
37 13 6
37 14 4
37 15 2
37 16 1
37 17 3
37 18 5
37 19 2
37 20 4
37 21 6
37 22 3
37 23 1
37 24 4
37 25 5
37 26 3
37 27 4
37 28 2
37 29 3
37 30 1
37 31 3
37 32 4
37 33 2
37 34 4
37 35 1
37 36 4
38 0 5
38 1 1
38 2 1
38 3 4
38 4 5
38 5 4
38 6 1
38 7 3
38 8 3
38 9 6
38 10 6
38 11 2
38 12 5
38 13 6
38 14 4
38 15 4
38 16 1
38 17 1
38 18 2
38 19 6
38 20 1
38 21 4
38 22 1
38 23 6
38 24 4
38 25 5
38 26 4
38 27 1
38 28 2
38 29 6
38 30 2
38 31 5
38 32 6
38 33 1
38 34 6
38 35 4
38 36 5
38 37 6
39 0 2
39 1 2
39 2 6
39 3 3
39 4 1
39 5 2
39 6 4
39 7 3
39 8 3
39 9 3
39 10 4
39 11 2
39 12 2
39 13 5
39 14 2
39 15 1
39 16 1
39 17 2
39 18 3
39 19 3
39 20 1
39 21 3
39 22 3
39 23 1
39 24 6
39 25 6
39 26 5
39 27 3
39 28 2
39 29 6
39 30 4
39 31 6
39 32 2
39 33 5
39 34 4
39 35 2
39 36 3
39 37 5
39 38 5
40 0 1
40 1 3
40 2 1
40 3 1
40 4 3
40 5 4
40 6 6
40 7 5
40 8 1
40 9 6
40 10 4
40 11 5
40 12 4
40 13 3
40 14 2
40 15 4
40 16 5
40 17 3
40 18 2
40 19 1
40 20 2
40 21 4
40 22 3
40 23 1
40 24 6
40 25 3
40 26 5
40 27 6
40 28 2
40 29 6
40 30 5
40 31 2
40 32 2
40 33 3
40 34 1
40 35 6
40 36 1
40 37 6
40 38 5
40 39 5
41 0 3
41 1 2
41 2 3
41 3 4
41 4 4
41 5 3
41 6 4
41 7 5
41 8 3
41 9 5
41 10 2
41 11 6
41 12 6
41 13 2
41 14 6
41 15 5
41 16 4
41 17 3
41 18 6
41 19 3
41 20 3
41 21 2
41 22 1
41 23 5
41 24 4
41 25 2
41 26 1
41 27 4
41 28 2
41 29 2
41 30 6
41 31 3
41 32 6
41 33 2
41 34 5
41 35 3
41 36 2
41 37 5
41 38 6
41 39 2
41 40 6
42 0 6
42 1 1
42 2 6
42 3 5
42 4 1
42 5 2
42 6 4
42 7 1
42 8 6
42 9 2
42 10 4
42 11 5
42 12 4
42 13 3
42 14 2
42 15 4
42 16 5
42 17 3
42 18 1
42 19 1
42 20 6
42 21 5
42 22 1
42 23 6
42 24 6
42 25 3
42 26 1
42 27 2
42 28 4
42 29 6
42 30 4
42 31 3
42 32 4
42 33 3
42 34 1
42 35 3
42 36 3
42 37 3
42 38 3
42 39 1
42 40 6
42 41 6
43 0 5
43 1 1
43 2 5
43 3 3
43 4 3
43 5 5
43 6 3
43 7 4
43 8 1
43 9 2
43 10 5
43 11 4
43 12 5
43 13 6
43 14 6
43 15 1
43 16 2
43 17 6
43 18 5
43 19 4
43 20 5
43 21 3
43 22 5
43 23 3
43 24 1
43 25 5
43 26 2
43 27 3
43 28 4
43 29 6
43 30 4
43 31 6
43 32 6
43 33 2
43 34 5
43 35 6
43 36 3
43 37 2
43 38 4
43 39 4
43 40 2
43 41 5
43 42 5
44 0 3
44 1 6
44 2 6
44 3 1
44 4 3
44 5 3
44 6 6
44 7 3
44 8 1
44 9 4
44 10 1
44 11 4
44 12 5
44 13 1
44 14 2
44 15 6
44 16 1
44 17 6
44 18 4
44 19 1
44 20 5
44 21 1
44 22 2
44 23 4
44 24 3
44 25 6
44 26 4
44 27 1
44 28 3
44 29 5
44 30 3
44 31 3
44 32 2
44 33 4
44 34 3
44 35 2
44 36 1
44 37 1
44 38 6
44 39 5
44 40 2
44 41 3
44 42 6
44 43 6
45 0 5
45 1 2
45 2 3
45 3 4
45 4 4
45 5 2
45 6 1
45 7 1
45 8 3
45 9 1
45 10 5
45 11 4
45 12 4
45 13 6
45 14 5
45 15 1
45 16 1
45 17 4
45 18 6
45 19 1
45 20 5
45 21 2
45 22 1
45 23 5
45 24 5
45 25 6
45 26 6
45 27 2
45 28 3
45 29 5
45 30 4
45 31 5
45 32 2
45 33 1
45 34 5
45 35 5
45 36 5
45 37 4
45 38 6
45 39 6
45 40 6
45 41 5
45 42 2
45 43 1
45 44 5
46 0 1
46 1 5
46 2 6
46 3 3
46 4 2
46 5 6
46 6 5
46 7 6
46 8 3
46 9 1
46 10 6
46 11 4
46 12 5
46 13 3
46 14 1
46 15 2
46 16 4
46 17 3
46 18 3
46 19 2
46 20 4
46 21 3
46 22 5
46 23 5
46 24 5
46 25 3
46 26 2
46 27 3
46 28 1
46 29 5
46 30 4
46 31 1
46 32 2
46 33 3
46 34 1
46 35 3
46 36 2
46 37 6
46 38 4
46 39 4
46 40 2
46 41 2
46 42 3
46 43 3
46 44 1
46 45 5
47 0 5
47 1 2
47 2 4
47 3 6
47 4 5
47 5 5
47 6 5
47 7 6
47 8 4
47 9 3
47 10 1
47 11 4
47 12 5
47 13 4
47 14 5
47 15 3
47 16 5
47 17 2
47 18 1
47 19 6
47 20 5
47 21 2
47 22 2
47 23 4
47 24 1
47 25 5
47 26 6
47 27 1
47 28 1
47 29 1
47 30 6
47 31 5
47 32 6
47 33 4
47 34 5
47 35 2
47 36 4
47 37 5
47 38 5
47 39 4
47 40 6
47 41 1
47 42 3
47 43 1
47 44 5
47 45 1
47 46 2
48 0 5
48 1 3
48 2 2
48 3 2
48 4 2
48 5 3
48 6 2
48 7 2
48 8 1
48 9 4
48 10 6
48 11 6
48 12 1
48 13 5
48 14 5
48 15 2
48 16 4
48 17 5
48 18 4
48 19 5
48 20 3
48 21 2
48 22 6
48 23 3
48 24 1
48 25 1
48 26 1
48 27 2
48 28 1
48 29 5
48 30 5
48 31 1
48 32 2
48 33 4
48 34 6
48 35 1
48 36 2
48 37 5
48 38 5
48 39 3
48 40 1
48 41 2
48 42 1
48 43 2
48 44 1
48 45 6
48 46 4
48 47 5
49 0 4
49 1 6
49 2 2
49 3 5
49 4 2
49 5 3
49 6 4
49 7 3
49 8 4
49 9 2
49 10 5
49 11 4
49 12 1
49 13 6
49 14 1
49 15 2
49 16 5
49 17 1
49 18 2
49 19 5
49 20 2
49 21 1
49 22 3
49 23 4
49 24 2
49 25 2
49 26 6
49 27 2
49 28 4
49 29 4
49 30 4
49 31 2
49 32 4
49 33 6
49 34 4
49 35 2
49 36 4
49 37 1
49 38 1
49 39 5
49 40 2
49 41 5
49 42 4
49 43 6
49 44 2
49 45 5
49 46 1
49 47 3
49 48 4
50 0 2
50 1 1
50 2 5
50 3 2
50 4 1
50 5 5
50 6 2
50 7 6
50 8 5
50 9 6
50 10 1
50 11 6
50 12 4
50 13 1
50 14 6
50 15 1
50 16 3
50 17 1
50 18 4
50 19 5
50 20 1
50 21 3
50 22 5
50 23 6
50 24 6
50 25 4
50 26 3
50 27 1
50 28 1
50 29 3
50 30 3
50 31 3
50 32 6
50 33 6
50 34 6
50 35 1
50 36 5
50 37 5
50 38 1
50 39 4
50 40 2
50 41 1
50 42 6
50 43 6
50 44 2
50 45 1
50 46 3
50 47 2
50 48 5
50 49 1
51 0 1
51 1 3
51 2 1
51 3 2
51 4 5
51 5 6
51 6 6
51 7 1
51 8 2
51 9 6
51 10 1
51 11 5
51 12 3
51 13 1
51 14 4
51 15 1
51 16 3
51 17 6
51 18 1
51 19 6
51 20 3
51 21 3
51 22 4
51 23 3
51 24 3
51 25 3
51 26 2
51 27 6
51 28 5
51 29 1
51 30 4
51 31 2
51 32 6
51 33 2
51 34 5
51 35 1
51 36 4
51 37 2
51 38 5
51 39 1
51 40 6
51 41 5
51 42 4
51 43 2
51 44 4
51 45 2
51 46 4
51 47 1
51 48 1
51 49 4
51 50 6
52 0 4
52 1 5
52 2 3
52 3 4
52 4 3
52 5 5
52 6 2
52 7 6
52 8 2
52 9 5
52 10 2
52 11 3
52 12 2
52 13 4
52 14 4
52 15 6
52 16 1
52 17 5
52 18 2
52 19 4
52 20 3
52 21 4
52 22 1
52 23 2
52 24 1
52 25 4
52 26 1
52 27 2
52 28 4
52 29 5
52 30 6
52 31 1
52 32 2
52 33 2
52 34 4
52 35 3
52 36 4
52 37 5
52 38 2
52 39 5
52 40 5
52 41 2
52 42 4
52 43 4
52 44 1
52 45 6
52 46 5
52 47 5
52 48 2
52 49 3
52 50 4
52 51 3
53 0 1
53 1 4
53 2 6
53 3 5
53 4 2
53 5 6
53 6 6
53 7 6
53 8 5
53 9 4
53 10 6
53 11 5
53 12 1
53 13 2
53 14 3
53 15 3
53 16 5
53 17 4
53 18 5
53 19 6
53 20 6
53 21 5
53 22 4
53 23 4
53 24 4
53 25 3
53 26 4
53 27 4
53 28 2
53 29 5
53 30 4
53 31 6
53 32 6
53 33 2
53 34 2
53 35 4
53 36 3
53 37 5
53 38 5
53 39 2
53 40 1
53 41 4
53 42 2
53 43 5
53 44 1
53 45 1
53 46 2
53 47 4
53 48 2
53 49 4
53 50 6
53 51 6
53 52 3
54 0 3
54 1 1
54 2 4
54 3 3
54 4 4
54 5 6
54 6 1
54 7 4
54 8 5
54 9 3
54 10 2
54 11 2
54 12 4
54 13 3
54 14 5
54 15 2
54 16 6
54 17 3
54 18 2
54 19 6
54 20 4
54 21 3
54 22 4
54 23 4
54 24 3
54 25 5
54 26 5
54 27 6
54 28 6
54 29 1
54 30 5
54 31 5
54 32 3
54 33 4
54 34 1
54 35 2
54 36 6
54 37 1
54 38 6
54 39 6
54 40 2
54 41 5
54 42 5
54 43 5
54 44 5
54 45 6
54 46 6
54 47 2
54 48 6
54 49 4
54 50 5
54 51 4
54 52 4
54 53 2
55 0 3
55 1 2
55 2 2
55 3 3
55 4 5
55 5 3
55 6 3
55 7 3
55 8 4
55 9 6
55 10 4
55 11 5
55 12 2
55 13 6
55 14 6
55 15 3
55 16 2
55 17 1
55 18 3
55 19 4
55 20 6
55 21 4
55 22 1
55 23 5
55 24 2
55 25 6
55 26 1
55 27 3
55 28 2
55 29 2
55 30 6
55 31 2
55 32 6
55 33 4
55 34 5
55 35 3
55 36 6
55 37 3
55 38 6
55 39 5
55 40 6
55 41 5
55 42 3
55 43 5
55 44 6
55 45 4
55 46 2
55 47 4
55 48 6
55 49 6
55 50 1
55 51 6
55 52 4
55 53 1
55 54 2
56 0 5
56 1 5
56 2 4
56 3 2
56 4 1
56 5 6
56 6 2
56 7 1
56 8 3
56 9 2
56 10 3
56 11 6
56 12 2
56 13 3
56 14 2
56 15 1
56 16 6
56 17 2
56 18 1
56 19 1
56 20 4
56 21 3
56 22 1
56 23 5
56 24 3
56 25 3
56 26 6
56 27 1
56 28 2
56 29 3
56 30 5
56 31 2
56 32 2
56 33 2
56 34 5
56 35 6
56 36 4
56 37 2
56 38 1
56 39 1
56 40 2
56 41 3
56 42 1
56 43 6
56 44 2
56 45 3
56 46 2
56 47 4
56 48 1
56 49 6
56 50 3
56 51 6
56 52 6
56 53 3
56 54 4
56 55 6
57 0 1
57 1 2
57 2 1
57 3 6
57 4 3
57 5 6
57 6 1
57 7 2
57 8 5
57 9 4
57 10 4
57 11 6
57 12 3
57 13 5
57 14 1
57 15 6
57 16 5
57 17 5
57 18 3
57 19 4
57 20 2
57 21 4
57 22 3
57 23 3
57 24 2
57 25 4
57 26 3
57 27 1
57 28 4
57 29 6
57 30 2
57 31 4
57 32 6
57 33 6
57 34 5
57 35 6
57 36 1
57 37 1
57 38 6
57 39 3
57 40 5
57 41 5
57 42 6
57 43 3
57 44 6
57 45 5
57 46 1
57 47 1
57 48 6
57 49 3
57 50 5
57 51 2
57 52 2
57 53 2
57 54 5
57 55 6
57 56 3
58 0 3
58 1 3
58 2 4
58 3 1
58 4 1
58 5 2
58 6 3
58 7 2
58 8 2
58 9 5
58 10 6
58 11 4
58 12 2
58 13 1
58 14 5
58 15 1
58 16 1
58 17 6
58 18 4
58 19 1
58 20 3
58 21 5
58 22 3
58 23 3
58 24 6
58 25 4
58 26 6
58 27 3
58 28 6
58 29 4
58 30 5
58 31 5
58 32 1
58 33 5
58 34 2
58 35 6
58 36 1
58 37 5
58 38 2
58 39 4
58 40 2
58 41 5
58 42 1
58 43 2
58 44 3
58 45 4
58 46 5
58 47 6
58 48 4
58 49 4
58 50 3
58 51 5
58 52 1
58 53 2
58 54 4
58 55 2
58 56 2
58 57 3
59 0 4
59 1 3
59 2 3
59 3 4
59 4 6
59 5 1
59 6 1
59 7 3
59 8 5
59 9 5
59 10 4
59 11 3
59 12 6
59 13 1
59 14 5
59 15 1
59 16 3
59 17 3
59 18 6
59 19 3
59 20 3
59 21 1
59 22 5
59 23 3
59 24 3
59 25 3
59 26 6
59 27 4
59 28 1
59 29 2
59 30 6
59 31 5
59 32 2
59 33 5
59 34 2
59 35 1
59 36 4
59 37 5
59 38 6
59 39 5
59 40 4
59 41 3
59 42 2
59 43 6
59 44 1
59 45 2
59 46 5
59 47 3
59 48 2
59 49 6
59 50 4
59 51 1
59 52 2
59 53 6
59 54 5
59 55 6
59 56 6
59 57 3
59 58 6
60 0 3
60 1 1
60 2 1
60 3 4
60 4 4
60 5 6
60 6 2
60 7 1
60 8 4
60 9 2
60 10 3
60 11 5
60 12 1
60 13 2
60 14 1
60 15 5
60 16 1
60 17 1
60 18 3
60 19 5
60 20 1
60 21 3
60 22 5
60 23 4
60 24 3
60 25 3
60 26 1
60 27 6
60 28 5
60 29 2
60 30 1
60 31 2
60 32 3
60 33 2
60 34 6
60 35 1
60 36 3
60 37 3
60 38 6
60 39 6
60 40 1
60 41 4
60 42 4
60 43 3
60 44 3
60 45 1
60 46 5
60 47 1
60 48 6
60 49 2
60 50 5
60 51 4
60 52 3
60 53 4
60 54 6
60 55 5
60 56 1
60 57 4
60 58 6
60 59 1
61 0 5
61 1 1
61 2 2
61 3 3
61 4 1
61 5 2
61 6 1
61 7 2
61 8 3
61 9 5
61 10 6
61 11 2
61 12 1
61 13 4
61 14 4
61 15 6
61 16 2
61 17 4
61 18 3
61 19 6
61 20 6
61 21 5
61 22 3
61 23 1
61 24 3
61 25 6
61 26 4
61 27 3
61 28 4
61 29 3
61 30 6
61 31 3
61 32 1
61 33 2
61 34 2
61 35 3
61 36 2
61 37 4
61 38 5
61 39 3
61 40 2
61 41 4
61 42 4
61 43 5
61 44 3
61 45 5
61 46 5
61 47 6
61 48 6
61 49 1
61 50 1
61 51 4
61 52 6
61 53 1
61 54 1
61 55 4
61 56 3
61 57 3
61 58 3
61 59 5
61 60 2
62 0 3
62 1 3
62 2 3
62 3 5
62 4 6
62 5 3
62 6 5
62 7 2
62 8 6
62 9 1
62 10 4
62 11 1
62 12 3
62 13 2
62 14 3
62 15 2
62 16 6
62 17 5
62 18 2
62 19 2
62 20 5
62 21 3
62 22 1
62 23 5
62 24 6
62 25 2
62 26 2
62 27 1
62 28 3
62 29 4
62 30 6
62 31 3
62 32 1
62 33 5
62 34 5
62 35 1
62 36 6
62 37 3
62 38 1
62 39 6
62 40 6
62 41 1
62 42 4
62 43 5
62 44 2
62 45 5
62 46 1
62 47 2
62 48 3
62 49 2
62 50 2
62 51 3
62 52 1
62 53 5
62 54 4
62 55 6
62 56 4
62 57 3
62 58 6
62 59 4
62 60 3
62 61 1
63 0 3
63 1 1
63 2 3
63 3 6
63 4 5
63 5 4
63 6 6
63 7 4
63 8 3
63 9 4
63 10 6
63 11 6
63 12 2
63 13 5
63 14 1
63 15 4
63 16 6
63 17 2
63 18 4
63 19 1
63 20 6
63 21 5
63 22 2
63 23 5
63 24 6
63 25 6
63 26 3
63 27 1
63 28 1
63 29 3
63 30 1
63 31 4
63 32 6
63 33 2
63 34 3
63 35 3
63 36 6
63 37 4
63 38 4
63 39 2
63 40 3
63 41 6
63 42 6
63 43 2
63 44 6
63 45 4
63 46 3
63 47 5
63 48 2
63 49 4
63 50 5
63 51 5
63 52 3
63 53 6
63 54 1
63 55 2
63 56 4
63 57 5
63 58 5
63 59 4
63 60 1
63 61 2
63 62 6
64 0 5
64 1 2
64 2 1
64 3 3
64 4 5
64 5 6
64 6 5
64 7 3
64 8 4
64 9 5
64 10 6
64 11 3
64 12 1
64 13 5
64 14 4
64 15 4
64 16 2
64 17 2
64 18 6
64 19 6
64 20 3
64 21 3
64 22 2
64 23 6
64 24 1
64 25 3
64 26 3
64 27 2
64 28 2
64 29 6
64 30 2
64 31 6
64 32 5
64 33 4
64 34 6
64 35 2
64 36 2
64 37 6
64 38 5
64 39 4
64 40 1
64 41 2
64 42 3
64 43 5
64 44 6
64 45 1
64 46 1
64 47 4
64 48 5
64 49 4
64 50 2
64 51 6
64 52 6
64 53 4
64 54 2
64 55 4
64 56 6
64 57 6
64 58 3
64 59 2
64 60 1
64 61 6
64 62 6
64 63 1
65 0 6
65 1 6
65 2 2
65 3 5
65 4 3
65 5 3
65 6 3
65 7 2
65 8 3
65 9 4
65 10 1
65 11 4
65 12 4
65 13 3
65 14 5
65 15 3
65 16 4
65 17 6
65 18 4
65 19 5
65 20 1
65 21 5
65 22 5
65 23 5
65 24 1
65 25 3
65 26 1
65 27 4
65 28 1
65 29 4
65 30 1
65 31 2
65 32 6
65 33 1
65 34 5
65 35 1
65 36 6
65 37 1
65 38 3
65 39 1
65 40 2
65 41 3
65 42 2
65 43 3
65 44 1
65 45 6
65 46 5
65 47 5
65 48 1
65 49 4
65 50 6
65 51 4
65 52 1
65 53 1
65 54 3
65 55 3
65 56 2
65 57 2
65 58 4
65 59 5
65 60 6
65 61 5
65 62 4
65 63 4
65 64 1
66 0 4
66 1 2
66 2 5
66 3 3
66 4 4
66 5 5
66 6 6
66 7 6
66 8 3
66 9 6
66 10 3
66 11 1
66 12 2
66 13 3
66 14 2
66 15 2
66 16 4
66 17 1
66 18 6
66 19 5
66 20 1
66 21 6
66 22 6
66 23 6
66 24 6
66 25 5
66 26 2
66 27 6
66 28 5
66 29 2
66 30 4
66 31 6
66 32 5
66 33 4
66 34 2
66 35 2
66 36 4
66 37 2
66 38 6
66 39 4
66 40 3
66 41 6
66 42 1
66 43 3
66 44 2
66 45 2
66 46 2
66 47 3
66 48 5
66 49 1
66 50 1
66 51 2
66 52 1
66 53 3
66 54 4
66 55 2
66 56 6
66 57 6
66 58 6
66 59 5
66 60 1
66 61 1
66 62 1
66 63 3
66 64 2
66 65 5
67 0 2
67 1 2
67 2 1
67 3 6
67 4 5
67 5 6
67 6 3
67 7 6
67 8 5
67 9 2
67 10 2
67 11 4
67 12 1
67 13 1
67 14 6
67 15 3
67 16 5
67 17 4
67 18 4
67 19 2
67 20 1
67 21 2
67 22 4
67 23 3
67 24 3
67 25 2
67 26 2
67 27 4
67 28 4
67 29 2
67 30 3
67 31 6
67 32 1
67 33 6
67 34 1
67 35 5
67 36 5
67 37 2
67 38 2
67 39 4
67 40 2
67 41 1
67 42 6
67 43 1
67 44 5
67 45 3
67 46 6
67 47 6
67 48 5
67 49 5
67 50 4
67 51 4
67 52 6
67 53 1
67 54 4
67 55 2
67 56 6
67 57 5
67 58 4
67 59 4
67 60 4
67 61 4
67 62 6
67 63 4
67 64 6
67 65 4
67 66 4
68 0 5
68 1 2
68 2 2
68 3 3
68 4 2
68 5 5
68 6 5
68 7 1
68 8 3
68 9 6
68 10 5
68 11 6
68 12 4
68 13 5
68 14 3
68 15 6
68 16 2
68 17 4
68 18 4
68 19 1
68 20 4
68 21 3
68 22 6
68 23 3
68 24 6
68 25 3
68 26 6
68 27 6
68 28 4
68 29 5
68 30 2
68 31 2
68 32 5
68 33 2
68 34 2
68 35 5
68 36 1
68 37 2
68 38 4
68 39 1
68 40 3
68 41 3
68 42 5
68 43 4
68 44 3
68 45 3
68 46 6
68 47 4
68 48 1
68 49 3
68 50 2
68 51 6
68 52 6
68 53 3
68 54 3
68 55 1
68 56 5
68 57 1
68 58 3
68 59 4
68 60 5
68 61 3
68 62 1
68 63 5
68 64 6
68 65 6
68 66 6
68 67 5
69 0 3
69 1 3
69 2 5
69 3 6
69 4 6
69 5 3
69 6 4
69 7 2
69 8 2
69 9 3
69 10 6
69 11 1
69 12 5
69 13 2
69 14 6
69 15 1
69 16 1
69 17 2
69 18 3
69 19 4
69 20 5
69 21 5
69 22 5
69 23 4
69 24 3
69 25 5
69 26 3
69 27 6
69 28 6
69 29 3
69 30 4
69 31 3
69 32 6
69 33 5
69 34 6
69 35 2
69 36 6
69 37 1
69 38 4
69 39 6
69 40 4
69 41 1
69 42 2
69 43 2
69 44 3
69 45 2
69 46 3
69 47 3
69 48 3
69 49 2
69 50 3
69 51 6
69 52 2
69 53 1
69 54 1
69 55 5
69 56 1
69 57 2
69 58 1
69 59 6
69 60 6
69 61 2
69 62 6
69 63 2
69 64 3
69 65 2
69 66 2
69 67 3
69 68 2
