70
1 0 4
2 0 6
2 1 6
3 0 5
3 1 2
3 2 1
4 0 3
4 1 6
4 2 1
4 3 4
5 0 3
5 1 2
5 2 2
5 3 3
5 4 4
6 0 3
6 1 6
6 2 1
6 3 1
6 4 5
6 5 4
7 0 2
7 1 2
7 2 4
7 3 5
7 4 2
7 5 6
7 6 5
8 0 1
8 1 4
8 2 2
8 3 3
8 4 5
8 5 4
8 6 2
8 7 6
9 0 4
9 1 1
9 2 4
9 3 3
9 4 1
9 5 1
9 6 5
9 7 6
9 8 2
10 0 1
10 1 5
10 2 4
10 3 1
10 4 5
10 5 1
10 6 2
10 7 4
10 8 6
10 9 4
11 0 2
11 1 4
11 2 4
11 3 1
11 4 3
11 5 2
11 6 5
11 7 4
11 8 2
11 9 1
11 10 6
12 0 2
12 1 1
12 2 4
12 3 6
12 4 3
12 5 3
12 6 1
12 7 6
12 8 5
12 9 2
12 10 5
12 11 4
13 0 2
13 1 3
13 2 5
13 3 4
13 4 3
13 5 6
13 6 5
13 7 5
13 8 5
13 9 4
13 10 5
13 11 5
13 12 5
14 0 3
14 1 6
14 2 5
14 3 3
14 4 5
14 5 6
14 6 1
14 7 5
14 8 6
14 9 5
14 10 4
14 11 6
14 12 3
14 13 4
15 0 1
15 1 1
15 2 1
15 3 6
15 4 3
15 5 5
15 6 5
15 7 5
15 8 5
15 9 4
15 10 1
15 11 1
15 12 1
15 13 3
15 14 4
16 0 4
16 1 1
16 2 2
16 3 4
16 4 6
16 5 5
16 6 3
16 7 3
16 8 3
16 9 2
16 10 1
16 11 6
16 12 5
16 13 3
16 14 6
16 15 3
17 0 5
17 1 5
17 2 4
17 3 5
17 4 5
17 5 3
17 6 3
17 7 4
17 8 2
17 9 2
17 10 1
17 11 6
17 12 6
17 13 4
17 14 3
17 15 5
17 16 1
18 0 3
18 1 5
18 2 3
18 3 2
18 4 1
18 5 6
18 6 5
18 7 1
18 8 2
18 9 2
18 10 1
18 11 3
18 12 6
18 13 3
18 14 3
18 15 4
18 16 2
18 17 5
19 0 2
19 1 1
19 2 6
19 3 4
19 4 1
19 5 3
19 6 5
19 7 2
19 8 3
19 9 4
19 10 4
19 11 4
19 12 2
19 13 3
19 14 6
19 15 1
19 16 6
19 17 3
19 18 2
20 0 3
20 1 1
20 2 1
20 3 5
20 4 5
20 5 5
20 6 1
20 7 4
20 8 4
20 9 6
20 10 4
20 11 4
20 12 3
20 13 1
20 14 2
20 15 5
20 16 5
20 17 2
20 18 1
20 19 2
21 0 4
21 1 3
21 2 3
21 3 1
21 4 5
21 5 6
21 6 6
21 7 2
21 8 6
21 9 1
21 10 5
21 11 3
21 12 3
21 13 1
21 14 6
21 15 6
21 16 2
21 17 4
21 18 6
21 19 4
21 20 6
22 0 4
22 1 4
22 2 2
22 3 1
22 4 6
22 5 5
22 6 6
22 7 1
22 8 2
22 9 5
22 10 5
22 11 4
22 12 2
22 13 4
22 14 1
22 15 6
22 16 3
22 17 4
22 18 2
22 19 6
22 20 4
22 21 6
23 0 6
23 1 2
23 2 6
23 3 1
23 4 6
23 5 3
23 6 3
23 7 4
23 8 1
23 9 2
23 10 4
23 11 3
23 12 2
23 13 3
23 14 5
23 15 5
23 16 3
23 17 2
23 18 2
23 19 1
23 20 6
23 21 2
23 22 1
24 0 1
24 1 3
24 2 3
24 3 4
24 4 5
24 5 1
24 6 3
24 7 4
24 8 3
24 9 2
24 10 6
24 11 6
24 12 1
24 13 5
24 14 5
24 15 4
24 16 4
24 17 2
24 18 2
24 19 4
24 20 4
24 21 4
24 22 6
24 23 5
25 0 6
25 1 5
25 2 6
25 3 2
25 4 5
25 5 5
25 6 1
25 7 5
25 8 6
25 9 2
25 10 2
25 11 5
25 12 1
25 13 5
25 14 2
25 15 5
25 16 6
25 17 4
25 18 6
25 19 3
25 20 1
25 21 3
25 22 4
25 23 4
25 24 2
26 0 6
26 1 4
26 2 4
26 3 5
26 4 2
26 5 6
26 6 3
26 7 1
26 8 5
26 9 4
26 10 4
26 11 5
26 12 6
26 13 1
26 14 6
26 15 4
26 16 6
26 17 4
26 18 6
26 19 4
26 20 5
26 21 4
26 22 2
26 23 2
26 24 6
26 25 6
27 0 5
27 1 1
27 2 3
27 3 3
27 4 2
27 5 1
27 6 4
27 7 3
27 8 4
27 9 4
27 10 1
27 11 1
27 12 4
27 13 4
27 14 6
27 15 6
27 16 4
27 17 2
27 18 1
27 19 4
27 20 5
27 21 5
27 22 4
27 23 6
27 24 4
27 25 1
27 26 3
28 0 5
28 1 4
28 2 4
28 3 2
28 4 6
28 5 5
28 6 1
28 7 4
28 8 6
28 9 3
28 10 6
28 11 1
28 12 2
28 13 5
28 14 2
28 15 5
28 16 3
28 17 6
28 18 4
28 19 4
28 20 6
28 21 2
28 22 2
28 23 5
28 24 2
28 25 2
28 26 4
28 27 4
29 0 2
29 1 6
29 2 3
29 3 3
29 4 2
29 5 1
29 6 3
29 7 6
29 8 5
29 9 3
29 10 5
29 11 2
29 12 4
29 13 6
29 14 5
29 15 3
29 16 6
29 17 5
29 18 6
29 19 1
29 20 1
29 21 5
29 22 6
29 23 6
29 24 1
29 25 6
29 26 2
29 27 6
29 28 4
30 0 6
30 1 3
30 2 4
30 3 1
30 4 1
30 5 6
30 6 3
30 7 5
30 8 1
30 9 1
30 10 3
30 11 1
30 12 6
30 13 3
30 14 6
30 15 1
30 16 6
30 17 1
30 18 6
30 19 5
30 20 2
30 21 1
30 22 1
30 23 4
30 24 3
30 25 2
30 26 6
30 27 3
30 28 4
30 29 2
31 0 3
31 1 5
31 2 1
31 3 1
31 4 6
31 5 6
31 6 6
31 7 2
31 8 5
31 9 5
31 10 5
31 11 3
31 12 6
31 13 6
31 14 4
31 15 4
31 16 1
31 17 2
31 18 2
31 19 4
31 20 5
31 21 4
31 22 1
31 23 3
31 24 5
31 25 3
31 26 2
31 27 4
31 28 1
31 29 3
31 30 3
32 0 1
32 1 1
32 2 5
32 3 4
32 4 2
32 5 1
32 6 6
32 7 5
32 8 5
32 9 3
32 10 6
32 11 2
32 12 5
32 13 6
32 14 2
32 15 3
32 16 3
32 17 4
32 18 6
32 19 2
32 20 1
32 21 2
32 22 5
32 23 1
32 24 1
32 25 5
32 26 5
32 27 1
32 28 1
32 29 3
32 30 1
32 31 3
33 0 6
33 1 1
33 2 1
33 3 1
33 4 4
33 5 5
33 6 2
33 7 2
33 8 5
33 9 3
33 10 6
33 11 5
33 12 5
33 13 3
33 14 2
33 15 6
33 16 2
33 17 1
33 18 5
33 19 5
33 20 2
33 21 1
33 22 1
33 23 5
33 24 6
33 25 3
33 26 1
33 27 6
33 28 2
33 29 6
33 30 6
33 31 5
33 32 5
34 0 2
34 1 2
34 2 4
34 3 1
34 4 3
34 5 4
34 6 2
34 7 5
34 8 2
34 9 4
34 10 2
34 11 6
34 12 5
34 13 5
34 14 2
34 15 2
34 16 5
34 17 4
34 18 3
34 19 1
34 20 5
34 21 5
34 22 6
34 23 1
34 24 3
34 25 6
34 26 4
34 27 4
34 28 6
34 29 1
34 30 2
34 31 6
34 32 6
34 33 3
35 0 6
35 1 2
35 2 4
35 3 5
35 4 4
35 5 3
35 6 3
35 7 3
35 8 5
35 9 1
35 10 4
35 11 6
35 12 5
35 13 3
35 14 5
35 15 3
35 16 6
35 17 5
35 18 6
35 19 5
35 20 2
35 21 3
35 22 4
35 23 5
35 24 2
35 25 5
35 26 3
35 27 5
35 28 4
35 29 1
35 30 5
35 31 5
35 32 3
35 33 1
35 34 1
36 0 3
36 1 3
36 2 5
36 3 1
36 4 4
36 5 6
36 6 4
36 7 6
36 8 3
36 9 2
36 10 6
36 11 6
36 12 1
36 13 6
36 14 1
36 15 3
36 16 2
36 17 3
36 18 6
36 19 1
36 20 6
36 21 4
36 22 5
36 23 3
36 24 6
36 25 5
36 26 1
36 27 3
36 28 6
36 29 2
36 30 5
36 31 3
36 32 4
36 33 3
36 34 4
36 35 5
37 0 1
37 1 3
37 2 3
37 3 2
37 4 2
37 5 6
37 6 3
37 7 1
37 8 2
37 9 4
37 10 3
37 11 2
37 12 5
37 13 5
37 14 4
37 15 4
37 16 2
37 17 4
37 18 5
37 19 5
37 20 2
37 21 1
37 22 5
37 23 3
37 24 1
37 25 5
37 26 1
37 27 1
37 28 3
37 29 6
37 30 2
37 31 2
37 32 2
37 33 1
37 34 4
37 35 3
37 36 1
38 0 1
38 1 1
38 2 6
38 3 6
38 4 1
38 5 6
38 6 6
38 7 4
38 8 2
38 9 3
38 10 5
38 11 3
38 12 6
38 13 3
38 14 5
38 15 5
38 16 4
38 17 5
38 18 1
38 19 3
38 20 2
38 21 1
38 22 4
38 23 6
38 24 6
38 25 5
38 26 4
38 27 2
38 28 1
38 29 6
38 30 4
38 31 2
38 32 3
38 33 2
38 34 4
38 35 4
38 36 4
38 37 3
39 0 5
39 1 6
39 2 5
39 3 2
39 4 6
39 5 4
39 6 4
39 7 3
39 8 6
39 9 3
39 10 2
39 11 2
39 12 4
39 13 3
39 14 1
39 15 3
39 16 3
39 17 2
39 18 1
39 19 1
39 20 5
39 21 1
39 22 6
39 23 4
39 24 6
39 25 3
39 26 1
39 27 3
39 28 1
39 29 1
39 30 4
39 31 5
39 32 4
39 33 1
39 34 6
39 35 6
39 36 6
39 37 5
39 38 1
40 0 6
40 1 6
40 2 3
40 3 4
40 4 6
40 5 6
40 6 6
40 7 1
40 8 4
40 9 1
40 10 1
40 11 5
40 12 6
40 13 2
40 14 1
40 15 4
40 16 3
40 17 4
40 18 6
40 19 1
40 20 6
40 21 1
40 22 3
40 23 6
40 24 5
40 25 3
40 26 1
40 27 6
40 28 6
40 29 1
40 30 2
40 31 2
40 32 4
40 33 4
40 34 5
40 35 4
40 36 3
40 37 6
40 38 3
40 39 3
41 0 1
41 1 1
41 2 2
41 3 6
41 4 4
41 5 4
41 6 1
41 7 1
41 8 2
41 9 3
41 10 5
41 11 2
41 12 3
41 13 2
41 14 5
41 15 5
41 16 1
41 17 2
41 18 1
41 19 5
41 20 3
41 21 4
41 22 1
41 23 1
41 24 5
41 25 1
41 26 5
41 27 3
41 28 2
41 29 6
41 30 1
41 31 5
41 32 6
41 33 3
41 34 4
41 35 3
41 36 2
41 37 2
41 38 6
41 39 1
41 40 5
42 0 6
42 1 4
42 2 1
42 3 3
42 4 1
42 5 6
42 6 3
42 7 4
42 8 2
42 9 4
42 10 4
42 11 4
42 12 5
42 13 6
42 14 4
42 15 2
42 16 2
42 17 5
42 18 4
42 19 1
42 20 2
42 21 3
42 22 6
42 23 2
42 24 3
42 25 3
42 26 1
42 27 6
42 28 1
42 29 3
42 30 3
42 31 4
42 32 5
42 33 2
42 34 5
42 35 6
42 36 2
42 37 2
42 38 4
42 39 1
42 40 2
42 41 5
43 0 3
43 1 2
43 2 1
43 3 2
43 4 6
43 5 4
43 6 1
43 7 1
43 8 6
43 9 4
43 10 2
43 11 5
43 12 2
43 13 2
43 14 3
43 15 2
43 16 6
43 17 3
43 18 1
43 19 5
43 20 1
43 21 2
43 22 6
43 23 2
43 24 4
43 25 6
43 26 3
43 27 6
43 28 2
43 29 2
43 30 3
43 31 6
43 32 3
43 33 3
43 34 5
43 35 2
43 36 6
43 37 6
43 38 5
43 39 6
43 40 6
43 41 6
43 42 2
44 0 5
44 1 3
44 2 2
44 3 1
44 4 4
44 5 5
44 6 4
44 7 2
44 8 6
44 9 5
44 10 2
44 11 3
44 12 1
44 13 1
44 14 3
44 15 1
44 16 4
44 17 3
44 18 4
44 19 4
44 20 3
44 21 4
44 22 5
44 23 3
44 24 6
44 25 1
44 26 4
44 27 1
44 28 4
44 29 5
44 30 6
44 31 1
44 32 1
44 33 2
44 34 5
44 35 3
44 36 1
44 37 1
44 38 1
44 39 5
44 40 1
44 41 1
44 42 5
44 43 1
45 0 6
45 1 5
45 2 1
45 3 6
45 4 1
45 5 4
45 6 2
45 7 6
45 8 6
45 9 3
45 10 1
45 11 4
45 12 5
45 13 1
45 14 5
45 15 2
45 16 5
45 17 3
45 18 1
45 19 2
45 20 2
45 21 6
45 22 3
45 23 3
45 24 1
45 25 5
45 26 3
45 27 5
45 28 2
45 29 6
45 30 1
45 31 2
45 32 1
45 33 6
45 34 5
45 35 3
45 36 3
45 37 4
45 38 3
45 39 1
45 40 2
45 41 6
45 42 5
45 43 4
45 44 3
46 0 4
46 1 2
46 2 3
46 3 3
46 4 1
46 5 3
46 6 3
46 7 1
46 8 1
46 9 5
46 10 4
46 11 2
46 12 2
46 13 1
46 14 5
46 15 5
46 16 4
46 17 1
46 18 2
46 19 1
46 20 2
46 21 2
46 22 4
46 23 4
46 24 5
46 25 6
46 26 1
46 27 3
46 28 1
46 29 2
46 30 1
46 31 4
46 32 3
46 33 6
46 34 2
46 35 6
46 36 6
46 37 4
46 38 2
46 39 2
46 40 4
46 41 5
46 42 2
46 43 2
46 44 6
46 45 2
47 0 2
47 1 6
47 2 3
47 3 5
47 4 2
47 5 1
47 6 2
47 7 1
47 8 2
47 9 2
47 10 4
47 11 6
47 12 4
47 13 3
47 14 1
47 15 3
47 16 3
47 17 1
47 18 6
47 19 3
47 20 1
47 21 6
47 22 3
47 23 5
47 24 4
47 25 2
47 26 3
47 27 2
47 28 2
47 29 2
47 30 2
47 31 4
47 32 3
47 33 5
47 34 3
47 35 3
47 36 2
47 37 3
47 38 4
47 39 6
47 40 2
47 41 1
47 42 1
47 43 1
47 44 3
47 45 2
47 46 2
48 0 4
48 1 2
48 2 4
48 3 3
48 4 2
48 5 4
48 6 2
48 7 6
48 8 6
48 9 1
48 10 2
48 11 2
48 12 1
48 13 1
48 14 5
48 15 3
48 16 5
48 17 1
48 18 4
48 19 2
48 20 2
48 21 2
48 22 3
48 23 4
48 24 3
48 25 6
48 26 2
48 27 5
48 28 3
48 29 6
48 30 5
48 31 1
48 32 5
48 33 6
48 34 5
48 35 4
48 36 4
48 37 6
48 38 4
48 39 6
48 40 3
48 41 4
48 42 4
48 43 2
48 44 4
48 45 2
48 46 3
48 47 2
49 0 6
49 1 1
49 2 4
49 3 3
49 4 6
49 5 1
49 6 1
49 7 1
49 8 4
49 9 4
49 10 1
49 11 1
49 12 4
49 13 6
49 14 5
49 15 1
49 16 2
49 17 5
49 18 3
49 19 4
49 20 6
49 21 5
49 22 4
49 23 2
49 24 1
49 25 6
49 26 2
49 27 5
49 28 4
49 29 2
49 30 1
49 31 6
49 32 4
49 33 4
49 34 1
49 35 6
49 36 1
49 37 3
49 38 4
49 39 2
49 40 6
49 41 2
49 42 5
49 43 1
49 44 1
49 45 4
49 46 2
49 47 6
49 48 3
50 0 3
50 1 1
50 2 6
50 3 4
50 4 1
50 5 5
50 6 2
50 7 3
50 8 5
50 9 5
50 10 5
50 11 1
50 12 6
50 13 4
50 14 1
50 15 3
50 16 4
50 17 1
50 18 4
50 19 2
50 20 4
50 21 2
50 22 5
50 23 3
50 24 3
50 25 5
50 26 2
50 27 1
50 28 3
50 29 6
50 30 2
50 31 1
50 32 6
50 33 4
50 34 1
50 35 3
50 36 1
50 37 5
50 38 5
50 39 4
50 40 1
50 41 6
50 42 4
50 43 5
50 44 4
50 45 5
50 46 2
50 47 2
50 48 5
50 49 6
51 0 1
51 1 2
51 2 2
51 3 4
51 4 2
51 5 2
51 6 5
51 7 1
51 8 6
51 9 4
51 10 2
51 11 1
51 12 1
51 13 3
51 14 3
51 15 4
51 16 1
51 17 2
51 18 6
51 19 6
51 20 5
51 21 1
51 22 2
51 23 6
51 24 6
51 25 1
51 26 4
51 27 6
51 28 1
51 29 5
51 30 4
51 31 3
51 32 2
51 33 4
51 34 2
51 35 6
51 36 5
51 37 1
51 38 2
51 39 6
51 40 2
51 41 6
51 42 4
51 43 6
51 44 1
51 45 1
51 46 3
51 47 3
51 48 6
51 49 1
51 50 5
52 0 5
52 1 3
52 2 6
52 3 2
52 4 4
52 5 3
52 6 6
52 7 3
52 8 4
52 9 4
52 10 1
52 11 1
52 12 5
52 13 2
52 14 5
52 15 5
52 16 6
52 17 4
52 18 6
52 19 5
52 20 2
52 21 3
52 22 5
52 23 4
52 24 1
52 25 3
52 26 6
52 27 6
52 28 4
52 29 2
52 30 5
52 31 2
52 32 1
52 33 6
52 34 4
52 35 4
52 36 4
52 37 2
52 38 1
52 39 1
52 40 2
52 41 5
52 42 1
52 43 1
52 44 5
52 45 4
52 46 1
52 47 3
52 48 1
52 49 2
52 50 6
52 51 6
53 0 4
53 1 5
53 2 4
53 3 4
53 4 4
53 5 5
53 6 4
53 7 4
53 8 5
53 9 3
53 10 1
53 11 2
53 12 4
53 13 6
53 14 2
53 15 5
53 16 6
53 17 3
53 18 6
53 19 2
53 20 2
53 21 4
53 22 1
53 23 5
53 24 3
53 25 1
53 26 6
53 27 5
53 28 6
53 29 5
53 30 4
53 31 6
53 32 6
53 33 1
53 34 1
53 35 5
53 36 2
53 37 3
53 38 6
53 39 3
53 40 6
53 41 4
53 42 4
53 43 3
53 44 3
53 45 2
53 46 5
53 47 3
53 48 6
53 49 3
53 50 3
53 51 6
53 52 3
54 0 3
54 1 6
54 2 2
54 3 4
54 4 5
54 5 2
54 6 2
54 7 1
54 8 1
54 9 1
54 10 3
54 11 1
54 12 5
54 13 4
54 14 3
54 15 1
54 16 2
54 17 1
54 18 3
54 19 3
54 20 3
54 21 3
54 22 2
54 23 2
54 24 3
54 25 3
54 26 6
54 27 1
54 28 5
54 29 1
54 30 5
54 31 1
54 32 5
54 33 2
54 34 6
54 35 4
54 36 1
54 37 4
54 38 5
54 39 3
54 40 3
54 41 3
54 42 2
54 43 1
54 44 3
54 45 4
54 46 6
54 47 1
54 48 3
54 49 5
54 50 6
54 51 4
54 52 4
54 53 4
55 0 5
55 1 2
55 2 2
55 3 2
55 4 3
55 5 2
55 6 6
55 7 4
55 8 1
55 9 4
55 10 6
55 11 6
55 12 2
55 13 2
55 14 5
55 15 4
55 16 3
55 17 3
55 18 3
55 19 1
55 20 4
55 21 5
55 22 1
55 23 6
55 24 2
55 25 1
55 26 5
55 27 5
55 28 2
55 29 6
55 30 2
55 31 3
55 32 5
55 33 1
55 34 3
55 35 2
55 36 3
55 37 3
55 38 1
55 39 2
55 40 3
55 41 1
55 42 4
55 43 3
55 44 5
55 45 1
55 46 4
55 47 2
55 48 4
55 49 6
55 50 4
55 51 1
55 52 2
55 53 5
55 54 1
56 0 5
56 1 5
56 2 3
56 3 5
56 4 5
56 5 1
56 6 4
56 7 1
56 8 3
56 9 4
56 10 6
56 11 4
56 12 3
56 13 6
56 14 3
56 15 1
56 16 1
56 17 4
56 18 5
56 19 2
56 20 3
56 21 2
56 22 1
56 23 6
56 24 1
56 25 5
56 26 4
56 27 6
56 28 1
56 29 4
56 30 2
56 31 4
56 32 2
56 33 2
56 34 5
56 35 1
56 36 2
56 37 2
56 38 3
56 39 2
56 40 5
56 41 3
56 42 3
56 43 2
56 44 5
56 45 6
56 46 6
56 47 5
56 48 6
56 49 5
56 50 6
56 51 3
56 52 4
56 53 3
56 54 4
56 55 2
57 0 5
57 1 1
57 2 6
57 3 4
57 4 5
57 5 1
57 6 2
57 7 4
57 8 6
57 9 1
57 10 1
57 11 6
57 12 3
57 13 6
57 14 5
57 15 2
57 16 4
57 17 5
57 18 5
57 19 5
57 20 3
57 21 1
57 22 3
57 23 5
57 24 4
57 25 5
57 26 5
57 27 1
57 28 5
57 29 1
57 30 4
57 31 1
57 32 3
57 33 6
57 34 3
57 35 5
57 36 4
57 37 6
57 38 2
57 39 4
57 40 6
57 41 1
57 42 4
57 43 2
57 44 2
57 45 5
57 46 1
57 47 2
57 48 4
57 49 6
57 50 3
57 51 5
57 52 1
57 53 3
57 54 3
57 55 1
57 56 1
58 0 3
58 1 2
58 2 1
58 3 1
58 4 6
58 5 5
58 6 3
58 7 4
58 8 2
58 9 1
58 10 4
58 11 1
58 12 5
58 13 5
58 14 5
58 15 1
58 16 6
58 17 5
58 18 6
58 19 1
58 20 3
58 21 6
58 22 6
58 23 4
58 24 2
58 25 4
58 26 3
58 27 6
58 28 1
58 29 6
58 30 1
58 31 4
58 32 4
58 33 6
58 34 6
58 35 6
58 36 2
58 37 5
58 38 4
58 39 6
58 40 1
58 41 1
58 42 1
58 43 4
58 44 4
58 45 3
58 46 1
58 47 6
58 48 3
58 49 4
58 50 5
58 51 3
58 52 2
58 53 5
58 54 2
58 55 2
58 56 5
58 57 4
59 0 6
59 1 1
59 2 6
59 3 2
59 4 4
59 5 1
59 6 4
59 7 2
59 8 4
59 9 3
59 10 5
59 11 3
59 12 4
59 13 2
59 14 1
59 15 6
59 16 5
59 17 3
59 18 4
59 19 6
59 20 3
59 21 4
59 22 4
59 23 6
59 24 6
59 25 5
59 26 5
59 27 5
59 28 5
59 29 5
59 30 6
59 31 3
59 32 2
59 33 4
59 34 5
59 35 6
59 36 6
59 37 6
59 38 4
59 39 3
59 40 6
59 41 1
59 42 3
59 43 3
59 44 6
59 45 4
59 46 6
59 47 1
59 48 3
59 49 4
59 50 6
59 51 5
59 52 4
59 53 3
59 54 3
59 55 2
59 56 4
59 57 5
59 58 2
60 0 5
60 1 3
60 2 6
60 3 4
60 4 3
60 5 5
60 6 3
60 7 6
60 8 4
60 9 4
60 10 2
60 11 1
60 12 4
60 13 4
60 14 6
60 15 4
60 16 2
60 17 6
60 18 5
60 19 1
60 20 5
60 21 6
60 22 1
60 23 3
60 24 2
60 25 5
60 26 4
60 27 4
60 28 1
60 29 4
60 30 1
60 31 6
60 32 6
60 33 3
60 34 3
60 35 4
60 36 3
60 37 6
60 38 3
60 39 6
60 40 4
60 41 4
60 42 1
60 43 3
60 44 1
60 45 4
60 46 6
60 47 6
60 48 5
60 49 4
60 50 1
60 51 1
60 52 2
60 53 5
60 54 6
60 55 6
60 56 2
60 57 2
60 58 6
60 59 2
61 0 3
61 1 5
61 2 6
61 3 1
61 4 4
61 5 5
61 6 1
61 7 1
61 8 3
61 9 3
61 10 2
61 11 4
61 12 4
61 13 3
61 14 6
61 15 3
61 16 6
61 17 5
61 18 4
61 19 4
61 20 2
61 21 5
61 22 4
61 23 2
61 24 5
61 25 5
61 26 3
61 27 2
61 28 5
61 29 3
61 30 2
61 31 4
61 32 1
61 33 2
61 34 6
61 35 6
61 36 6
61 37 4
61 38 4
61 39 4
61 40 1
61 41 1
61 42 1
61 43 2
61 44 5
61 45 6
61 46 1
61 47 4
61 48 4
61 49 3
61 50 3
61 51 4
61 52 3
61 53 2
61 54 5
61 55 3
61 56 5
61 57 1
61 58 3
61 59 5
61 60 2
62 0 5
62 1 1
62 2 4
62 3 3
62 4 2
62 5 3
62 6 2
62 7 3
62 8 2
62 9 2
62 10 5
62 11 3
62 12 1
62 13 4
62 14 1
62 15 2
62 16 6
62 17 3
62 18 6
62 19 3
62 20 5
62 21 4
62 22 6
62 23 2
62 24 3
62 25 1
62 26 4
62 27 5
62 28 4
62 29 6
62 30 6
62 31 1
62 32 6
62 33 2
62 34 6
62 35 6
62 36 2
62 37 3
62 38 2
62 39 4
62 40 2
62 41 6
62 42 3
62 43 3
62 44 3
62 45 3
62 46 1
62 47 4
62 48 6
62 49 3
62 50 6
62 51 5
62 52 3
62 53 5
62 54 4
62 55 3
62 56 5
62 57 5
62 58 4
62 59 1
62 60 1
62 61 4
63 0 1
63 1 1
63 2 3
63 3 3
63 4 1
63 5 2
63 6 6
63 7 6
63 8 4
63 9 5
63 10 4
63 11 6
63 12 4
63 13 6
63 14 4
63 15 6
63 16 6
63 17 4
63 18 1
63 19 2
63 20 1
63 21 1
63 22 5
63 23 4
63 24 3
63 25 5
63 26 2
63 27 3
63 28 2
63 29 3
63 30 3
63 31 5
63 32 2
63 33 3
63 34 1
63 35 2
63 36 5
63 37 3
63 38 3
63 39 3
63 40 6
63 41 6
63 42 6
63 43 6
63 44 3
63 45 6
63 46 1
63 47 5
63 48 5
63 49 2
63 50 1
63 51 1
63 52 6
63 53 1
63 54 3
63 55 5
63 56 2
63 57 5
63 58 1
63 59 5
63 60 1
63 61 1
63 62 1
64 0 3
64 1 2
64 2 2
64 3 6
64 4 5
64 5 6
64 6 1
64 7 3
64 8 2
64 9 5
64 10 4
64 11 4
64 12 4
64 13 2
64 14 5
64 15 3
64 16 2
64 17 2
64 18 3
64 19 3
64 20 6
64 21 5
64 22 4
64 23 6
64 24 4
64 25 1
64 26 6
64 27 2
64 28 6
64 29 2
64 30 4
64 31 3
64 32 2
64 33 1
64 34 6
64 35 4
64 36 4
64 37 4
64 38 4
64 39 3
64 40 3
64 41 4
64 42 2
64 43 6
64 44 6
64 45 5
64 46 1
64 47 2
64 48 4
64 49 5
64 50 6
64 51 6
64 52 6
64 53 3
64 54 4
64 55 3
64 56 2
64 57 3
64 58 3
64 59 6
64 60 6
64 61 4
64 62 4
64 63 2
65 0 2
65 1 5
65 2 2
65 3 1
65 4 2
65 5 3
65 6 4
65 7 4
65 8 3
65 9 3
65 10 6
65 11 5
65 12 2
65 13 4
65 14 5
65 15 3
65 16 1
65 17 2
65 18 2
65 19 5
65 20 6
65 21 1
65 22 2
65 23 2
65 24 6
65 25 1
65 26 3
65 27 6
65 28 2
65 29 1
65 30 3
65 31 1
65 32 4
65 33 1
65 34 6
65 35 4
65 36 3
65 37 2
65 38 1
65 39 4
65 40 4
65 41 2
65 42 3
65 43 1
65 44 5
65 45 3
65 46 2
65 47 2
65 48 3
65 49 5
65 50 5
65 51 5
65 52 6
65 53 5
65 54 1
65 55 5
65 56 5
65 57 3
65 58 1
65 59 1
65 60 4
65 61 6
65 62 4
65 63 4
65 64 2
66 0 5
66 1 1
66 2 5
66 3 4
66 4 6
66 5 6
66 6 6
66 7 1
66 8 3
66 9 2
66 10 2
66 11 5
66 12 2
66 13 1
66 14 1
66 15 1
66 16 3
66 17 6
66 18 1
66 19 6
66 20 4
66 21 2
66 22 4
66 23 1
66 24 1
66 25 2
66 26 1
66 27 2
66 28 2
66 29 3
66 30 2
66 31 2
66 32 4
66 33 5
66 34 5
66 35 6
66 36 5
66 37 6
66 38 3
66 39 2
66 40 6
66 41 2
66 42 2
66 43 1
66 44 2
66 45 2
66 46 4
66 47 2
66 48 5
66 49 4
66 50 6
66 51 1
66 52 4
66 53 2
66 54 5
66 55 5
66 56 1
66 57 2
66 58 4
66 59 1
66 60 6
66 61 2
66 62 6
66 63 2
66 64 3
66 65 3
67 0 5
67 1 1
67 2 3
67 3 5
67 4 6
67 5 4
67 6 4
67 7 2
67 8 6
67 9 3
67 10 3
67 11 4
67 12 4
67 13 2
67 14 2
67 15 4
67 16 6
67 17 3
67 18 1
67 19 1
67 20 2
67 21 3
67 22 1
67 23 1
67 24 1
67 25 4
67 26 3
67 27 3
67 28 5
67 29 2
67 30 4
67 31 2
67 32 3
67 33 5
67 34 2
67 35 2
67 36 2
67 37 1
67 38 4
67 39 6
67 40 3
67 41 5
67 42 2
67 43 5
67 44 3
67 45 3
67 46 4
67 47 1
67 48 1
67 49 2
67 50 5
67 51 1
67 52 1
67 53 5
67 54 5
67 55 3
67 56 5
67 57 2
67 58 5
67 59 2
67 60 5
67 61 5
67 62 6
67 63 2
67 64 1
67 65 3
67 66 4
68 0 6
68 1 4
68 2 1
68 3 6
68 4 5
68 5 4
68 6 1
68 7 6
68 8 2
68 9 1
68 10 3
68 11 5
68 12 1
68 13 1
68 14 6
68 15 5
68 16 3
68 17 1
68 18 1
68 19 1
68 20 5
68 21 6
68 22 4
68 23 1
68 24 4
68 25 1
68 26 1
68 27 2
68 28 6
68 29 5
68 30 4
68 31 3
68 32 4
68 33 1
68 34 5
68 35 1
68 36 5
68 37 2
68 38 3
68 39 6
68 40 2
68 41 3
68 42 1
68 43 5
68 44 1
68 45 4
68 46 5
68 47 5
68 48 6
68 49 2
68 50 6
68 51 6
68 52 6
68 53 4
68 54 5
68 55 3
68 56 4
68 57 2
68 58 4
68 59 3
68 60 1
68 61 6
68 62 2
68 63 1
68 64 2
68 65 5
68 66 6
68 67 2
69 0 6
69 1 1
69 2 1
69 3 4
69 4 3
69 5 6
69 6 3
69 7 4
69 8 1
69 9 5
69 10 4
69 11 1
69 12 2
69 13 5
69 14 6
69 15 6
69 16 4
69 17 4
69 18 2
69 19 2
69 20 2
69 21 5
69 22 5
69 23 2
69 24 6
69 25 6
69 26 5
69 27 1
69 28 4
69 29 1
69 30 6
69 31 1
69 32 3
69 33 6
69 34 4
69 35 5
69 36 5
69 37 4
69 38 5
69 39 4
69 40 6
69 41 4
69 42 3
69 43 1
69 44 6
69 45 2
69 46 1
69 47 1
69 48 5
69 49 4
69 50 3
69 51 2
69 52 3
69 53 6
69 54 6
69 55 5
69 56 1
69 57 3
69 58 5
69 59 2
69 60 4
69 61 2
69 62 4
69 63 6
69 64 2
69 65 2
69 66 1
69 67 5
69 68 3
