60
2 0 4
2 1 8
3 1 3
4 0 9
4 1 4
5 0 14
5 3 14
5 4 11
6 0 10
6 5 4
7 0 7
7 4 11
7 5 8
7 6 12
8 0 11
8 3 8
8 5 13
9 0 14
9 2 2
9 3 9
9 5 3
9 6 7
9 7 9
10 0 8
10 1 2
10 2 5
10 3 4
10 7 8
10 8 9
10 9 7
11 0 2
11 2 6
11 9 1
12 1 11
12 3 5
12 5 14
12 6 4
12 7 1
12 8 11
12 9 1
12 10 13
13 0 12
13 4 5
13 7 4
13 9 4
14 0 10
14 1 14
14 2 11
14 4 6
14 7 5
14 8 3
14 9 1
14 10 1
14 11 7
15 3 12
15 4 11
15 6 11
15 7 3
15 10 9
15 12 6
16 0 5
16 1 3
16 6 9
16 7 7
16 9 3
16 10 4
16 13 8
16 14 8
16 15 5
17 1 7
17 3 14
17 4 6
17 7 3
17 8 12
17 9 3
17 13 6
17 15 12
17 16 8
18 0 3
18 1 8
18 2 2
18 3 3
18 5 10
18 10 2
18 11 3
19 0 10
19 1 12
19 2 12
19 4 12
19 5 12
19 8 12
19 9 10
19 10 3
19 11 6
19 12 7
19 13 1
19 14 11
19 15 12
19 16 7
20 2 12
20 3 4
20 4 6
20 6 13
20 7 1
20 11 8
20 12 8
20 14 7
20 15 6
20 18 13
21 0 11
21 2 13
21 3 1
21 4 10
21 5 1
21 7 9
21 8 13
21 9 8
21 10 9
21 11 3
21 12 2
21 13 13
21 16 11
21 17 2
21 18 8
21 19 1
21 20 10
22 0 6
22 1 5
22 3 5
22 5 5
22 6 13
22 7 6
22 9 5
22 13 9
22 14 5
22 15 7
22 18 14
22 20 12
23 1 6
23 2 2
23 3 6
23 4 2
23 11 13
23 12 14
23 13 14
23 14 2
23 17 11
23 18 7
23 19 8
23 22 8
24 1 10
24 2 13
24 3 11
24 4 14
24 5 9
24 6 9
24 8 9
24 9 6
24 11 11
24 12 4
24 13 11
24 18 2
24 20 12
24 21 5
24 22 11
24 23 2
25 1 1
25 2 9
25 4 6
25 5 9
25 6 11
25 8 4
25 9 11
25 10 4
25 13 12
25 14 13
25 16 5
25 18 7
25 21 4
26 0 7
26 1 8
26 4 6
26 5 11
26 10 9
26 13 12
26 14 9
26 15 4
26 17 14
26 20 6
26 21 11
27 4 9
27 5 1
27 6 6
27 9 14
27 10 10
27 11 8
27 12 7
27 13 11
27 17 3
27 18 10
27 20 2
27 21 1
27 25 11
28 3 5
28 4 7
28 5 7
28 7 12
28 8 1
28 9 11
28 10 2
28 11 8
28 13 1
28 15 14
28 16 10
28 18 10
28 19 2
28 20 4
28 23 1
28 26 11
28 27 7
29 1 5
29 7 5
29 11 12
29 13 3
29 14 9
29 17 10
29 18 4
29 20 10
29 22 4
29 23 3
29 25 12
29 26 13
29 27 9
29 28 10
30 1 10
30 2 2
30 6 4
30 7 10
30 8 3
30 14 13
30 15 10
30 17 14
30 20 14
30 22 3
30 25 4
30 27 3
30 29 10
31 0 1
31 2 12
31 4 13
31 5 2
31 7 12
31 10 12
31 13 4
31 14 11
31 15 4
31 17 12
31 19 2
31 20 5
31 21 5
31 22 13
31 23 3
31 26 10
31 27 10
32 0 4
32 3 14
32 4 14
32 6 14
32 8 6
32 10 13
32 11 9
32 12 3
32 14 1
32 16 11
32 18 4
32 20 5
32 22 3
32 26 8
32 27 7
32 31 1
33 3 5
33 7 10
33 10 14
33 11 7
33 13 1
33 14 2
33 15 1
33 17 9
33 19 2
33 24 3
33 25 9
33 28 8
33 29 6
33 30 3
34 0 8
34 1 14
34 2 9
34 3 9
34 4 3
34 5 11
34 10 3
34 11 5
34 12 8
34 13 13
34 16 2
34 18 9
34 19 4
34 22 12
34 24 10
34 25 11
34 26 5
34 29 13
34 31 14
34 33 7
35 1 10
35 3 1
35 10 12
35 12 9
35 15 1
35 18 3
35 19 2
35 22 5
35 24 10
35 25 7
35 26 3
35 28 11
35 31 2
35 32 9
35 33 5
35 34 3
36 3 11
36 4 13
36 5 11
36 6 1
36 7 7
36 9 4
36 11 1
36 12 10
36 13 9
36 15 4
36 16 7
36 17 1
36 18 2
36 19 14
36 20 4
36 21 11
36 22 12
36 23 12
36 25 1
36 28 6
36 29 9
36 31 12
36 33 10
36 34 6
36 35 14
37 0 6
37 5 13
37 6 12
37 7 2
37 9 6
37 11 9
37 12 3
37 13 2
37 14 3
37 17 10
37 23 8
37 26 3
37 29 3
37 30 13
37 31 6
37 32 6
38 0 5
38 2 1
38 3 8
38 9 5
38 10 11
38 13 5
38 15 2
38 16 6
38 17 5
38 18 3
38 19 2
38 20 11
38 23 12
38 29 3
38 33 8
38 34 1
38 35 8
38 36 13
38 37 14
39 1 11
39 5 6
39 7 11
39 10 8
39 12 1
39 13 5
39 14 12
39 15 1
39 17 5
39 18 7
39 19 9
39 20 3
39 22 9
39 26 5
39 27 14
39 28 4
39 29 11
39 30 14
39 35 13
39 36 7
39 37 6
39 38 11
40 0 8
40 2 8
40 3 14
40 4 6
40 5 4
40 7 6
40 10 1
40 11 13
40 12 11
40 15 4
40 16 8
40 17 2
40 19 13
40 21 14
40 23 5
40 25 10
40 29 13
40 31 4
40 33 6
40 34 11
40 35 12
40 36 3
40 38 2
40 39 7
41 0 8
41 1 5
41 3 11
41 6 13
41 7 6
41 8 2
41 12 8
41 14 4
41 15 7
41 16 2
41 20 9
41 21 1
41 23 8
41 26 11
41 28 7
41 29 1
41 30 5
41 31 8
41 32 9
41 33 2
41 34 1
41 36 7
41 40 14
42 1 3
42 2 3
42 3 4
42 4 9
42 5 5
42 10 9
42 11 10
42 13 9
42 15 3
42 16 7
42 17 7
42 18 3
42 22 1
42 28 3
42 34 6
42 35 10
42 38 13
42 41 7
43 0 13
43 2 3
43 7 2
43 9 3
43 10 14
43 12 10
43 16 3
43 20 9
43 22 9
43 23 9
43 25 10
43 26 6
43 27 2
43 29 12
43 32 14
43 33 11
43 34 2
43 35 10
43 36 5
43 40 7
43 42 9
44 2 14
44 3 5
44 8 6
44 10 8
44 12 10
44 13 3
44 14 13
44 16 9
44 18 12
44 20 10
44 22 10
44 24 7
44 25 13
44 28 13
44 29 1
44 34 7
44 35 9
44 39 14
44 40 8
45 0 8
45 3 8
45 4 1
45 8 13
45 11 2
45 16 8
45 21 8
45 24 3
45 25 2
45 26 6
45 30 12
45 31 7
45 33 7
45 36 14
45 37 12
45 43 2
45 44 5
46 3 5
46 5 6
46 6 14
46 7 2
46 9 13
46 10 6
46 12 10
46 15 6
46 16 2
46 17 5
46 18 5
46 19 13
46 20 2
46 21 12
46 23 12
46 24 8
46 26 4
46 29 2
46 31 1
46 32 5
46 33 5
46 35 6
46 38 10
46 42 11
46 45 6
47 0 1
47 2 9
47 4 10
47 5 3
47 6 1
47 7 11
47 8 8
47 10 1
47 11 5
47 12 1
47 14 9
47 15 7
47 16 3
47 18 13
47 24 2
47 28 10
47 30 10
47 32 8
47 34 6
47 36 11
47 37 12
47 38 10
47 40 14
47 44 12
47 45 3
48 0 4
48 1 5
48 2 5
48 4 1
48 5 11
48 6 6
48 8 6
48 12 6
48 18 1
48 19 11
48 21 14
48 22 2
48 24 1
48 25 1
48 27 1
48 28 4
48 29 8
48 32 2
48 36 2
48 37 5
48 38 2
48 40 6
48 41 4
48 42 4
48 43 5
48 44 7
48 45 9
49 0 8
49 1 5
49 3 10
49 4 8
49 5 11
49 6 12
49 9 9
49 12 4
49 14 13
49 15 3
49 17 1
49 18 12
49 21 10
49 22 7
49 23 4
49 24 1
49 25 9
49 28 3
49 29 1
49 31 5
49 34 13
49 36 6
49 37 11
49 40 9
49 44 13
49 48 8
50 1 9
50 6 2
50 9 12
50 10 12
50 12 4
50 13 9
50 14 12
50 16 7
50 17 13
50 21 4
50 22 14
50 25 7
50 26 6
50 27 4
50 31 4
50 32 7
50 37 1
50 39 5
50 40 11
50 44 4
50 45 14
50 46 5
50 47 10
50 49 14
51 0 3
51 1 6
51 3 4
51 4 14
51 5 4
51 7 14
51 10 6
51 11 11
51 15 2
51 17 8
51 19 3
51 23 2
51 25 12
51 26 9
51 27 13
51 31 13
51 32 3
51 35 11
51 38 3
51 39 4
51 48 10
51 50 11
52 1 4
52 2 6
52 3 5
52 7 2
52 8 14
52 10 6
52 13 10
52 14 2
52 17 6
52 19 12
52 20 9
52 22 9
52 23 3
52 25 11
52 27 5
52 29 13
52 30 9
52 33 12
52 36 5
52 38 11
52 40 5
52 42 3
52 43 2
52 44 7
52 45 6
52 47 10
52 48 2
52 49 3
53 0 10
53 3 4
53 6 7
53 7 1
53 14 2
53 15 2
53 16 12
53 18 2
53 20 10
53 22 10
53 25 9
53 27 10
53 28 7
53 31 8
53 33 12
53 34 1
53 35 1
53 40 3
53 41 4
53 42 11
53 43 14
53 45 14
53 50 7
54 3 2
54 4 14
54 8 9
54 10 12
54 14 7
54 17 8
54 19 1
54 20 4
54 22 8
54 23 8
54 24 8
54 26 1
54 28 10
54 30 2
54 33 1
54 35 5
54 36 9
54 37 10
54 40 3
54 42 5
54 43 9
54 44 12
54 49 7
54 51 7
55 0 14
55 1 2
55 2 13
55 3 11
55 4 9
55 5 4
55 6 14
55 8 6
55 9 5
55 10 10
55 11 12
55 13 10
55 15 1
55 16 13
55 17 7
55 19 6
55 20 6
55 23 3
55 24 2
55 27 12
55 28 3
55 30 13
55 31 9
55 35 13
55 36 8
55 38 11
55 42 5
55 43 14
55 44 3
55 45 13
55 47 4
55 54 9
56 1 2
56 2 11
56 5 10
56 8 6
56 9 10
56 12 11
56 13 4
56 14 11
56 16 12
56 18 4
56 23 11
56 25 7
56 27 11
56 29 10
56 32 1
56 33 14
56 35 12
56 38 10
56 40 11
56 43 10
56 50 7
56 53 14
57 1 3
57 2 7
57 3 4
57 4 9
57 6 6
57 7 13
57 8 1
57 11 8
57 15 13
57 20 2
57 21 4
57 23 3
57 26 7
57 27 3
57 29 8
57 31 8
57 32 9
57 35 9
57 37 2
57 40 11
57 41 2
57 44 4
57 47 14
57 48 10
57 49 5
57 52 6
57 53 6
57 56 7
58 1 7
58 2 8
58 4 6
58 5 4
58 10 12
58 12 5
58 14 7
58 15 7
58 16 11
58 18 12
58 19 7
58 22 13
58 24 14
58 26 11
58 28 11
58 30 13
58 32 11
58 33 14
58 36 12
58 39 5
58 45 9
58 47 7
58 50 13
58 51 5
58 53 13
58 54 4
59 0 4
59 1 3
59 4 14
59 5 5
59 6 12
59 7 6
59 8 4
59 9 2
59 11 8
59 16 13
59 17 13
59 18 11
59 20 3
59 22 8
59 23 7
59 26 9
59 29 13
59 30 14
59 31 13
59 37 5
59 41 11
59 43 12
59 45 6
59 47 9
59 49 11
59 50 7
59 55 14
59 58 5
