40
1 0 13
2 0 13
2 1 2
3 0 1
3 1 11
3 2 6
4 0 3
4 1 14
4 2 14
4 3 7
5 0 9
5 1 11
5 2 14
5 3 8
5 4 7
6 0 13
6 1 3
6 2 12
6 3 9
6 4 13
6 5 7
7 0 12
7 1 11
7 2 14
7 3 11
7 4 12
7 5 12
7 6 3
8 0 2
8 1 5
8 2 10
8 3 12
8 4 8
8 5 8
8 6 10
8 7 5
9 0 3
9 1 6
9 2 7
9 3 1
9 4 7
9 5 1
9 6 8
9 7 10
9 8 9
10 0 7
10 1 4
10 2 7
10 3 13
10 4 3
10 5 14
10 6 10
10 7 1
10 8 10
10 9 6
11 0 6
11 1 1
11 2 3
11 3 5
11 4 9
11 5 8
11 6 6
11 7 9
11 8 11
11 9 7
11 10 11
12 0 6
12 1 2
12 2 14
12 3 6
12 4 2
12 5 5
12 6 12
12 7 13
12 8 12
12 9 3
12 10 4
12 11 3
13 0 14
13 1 14
13 2 7
13 3 11
13 4 9
13 5 7
13 6 10
13 7 6
13 8 13
13 9 1
13 10 4
13 11 11
13 12 2
14 0 5
14 1 13
14 2 5
14 3 10
14 4 4
14 5 8
14 6 13
14 7 1
14 8 2
14 9 6
14 10 9
14 11 12
14 12 12
14 13 12
15 0 7
15 1 1
15 2 8
15 3 7
15 4 1
15 5 11
15 6 9
15 7 3
15 8 10
15 9 13
15 10 14
15 11 11
15 12 8
15 13 9
15 14 11
16 0 2
16 1 11
16 2 5
16 3 5
16 4 13
16 5 6
16 6 2
16 7 9
16 8 10
16 9 5
16 10 13
16 11 13
16 12 10
16 13 6
16 14 9
16 15 13
17 0 2
17 1 9
17 2 4
17 3 7
17 4 5
17 5 3
17 6 10
17 7 1
17 8 11
17 9 7
17 10 6
17 11 8
17 12 2
17 13 3
17 14 12
17 15 11
17 16 1
18 0 2
18 1 2
18 2 12
18 3 9
18 4 11
18 5 6
18 6 4
18 7 5
18 8 6
18 9 14
18 10 12
18 11 13
18 12 9
18 13 2
18 14 3
18 15 2
18 16 1
18 17 1
19 0 10
19 1 9
19 2 4
19 3 9
19 4 2
19 5 6
19 6 10
19 7 2
19 8 5
19 9 6
19 10 8
19 11 6
19 12 10
19 13 10
19 14 3
19 15 2
19 16 5
19 17 13
19 18 12
20 0 11
20 1 14
20 2 9
20 3 14
20 4 12
20 5 10
20 6 1
20 7 3
20 8 13
20 9 7
20 10 12
20 11 8
20 12 4
20 13 2
20 14 3
20 15 6
20 16 1
20 17 1
20 18 6
20 19 8
21 0 3
21 1 14
21 2 9
21 3 4
21 4 11
21 5 3
21 6 8
21 7 13
21 8 11
21 9 1
21 10 4
21 11 10
21 12 9
21 13 11
21 14 14
21 15 13
21 16 7
21 17 13
21 18 6
21 19 9
21 20 5
22 0 13
22 1 2
22 2 12
22 3 5
22 4 11
22 5 6
22 6 2
22 7 2
22 8 14
22 9 7
22 10 2
22 11 1
22 12 9
22 13 4
22 14 13
22 15 10
22 16 14
22 17 14
22 18 8
22 19 9
22 20 7
22 21 9
23 0 7
23 1 13
23 2 8
23 3 9
23 4 6
23 5 1
23 6 5
23 7 4
23 8 12
23 9 6
23 10 6
23 11 2
23 12 7
23 13 7
23 14 4
23 15 8
23 16 4
23 17 4
23 18 1
23 19 3
23 20 7
23 21 13
23 22 11
24 0 11
24 1 3
24 2 7
24 3 13
24 4 11
24 5 8
24 6 14
24 7 11
24 8 4
24 9 14
24 10 6
24 11 4
24 12 10
24 13 4
24 14 5
24 15 1
24 16 2
24 17 6
24 18 8
24 19 1
24 20 7
24 21 8
24 22 5
24 23 4
25 0 6
25 1 13
25 2 10
25 3 9
25 4 6
25 5 12
25 6 4
25 7 2
25 8 5
25 9 9
25 10 6
25 11 10
25 12 11
25 13 10
25 14 4
25 15 13
25 16 13
25 17 10
25 18 5
25 19 10
25 20 12
25 21 10
25 22 11
25 23 8
25 24 3
26 0 5
26 1 11
26 2 9
26 3 1
26 4 2
26 5 6
26 6 1
26 7 5
26 8 2
26 9 7
26 10 6
26 11 10
26 12 2
26 13 3
26 14 10
26 15 9
26 16 12
26 17 3
26 18 10
26 19 14
26 20 9
26 21 3
26 22 7
26 23 3
26 24 10
26 25 11
27 0 7
27 1 8
27 2 2
27 3 5
27 4 5
27 5 7
27 6 11
27 7 5
27 8 10
27 9 4
27 10 5
27 11 1
27 12 9
27 13 13
27 14 2
27 15 4
27 16 5
27 17 10
27 18 1
27 19 9
27 20 9
27 21 13
27 22 12
27 23 6
27 24 2
27 25 1
27 26 1
28 0 7
28 1 10
28 2 4
28 3 7
28 4 11
28 5 13
28 6 9
28 7 4
28 8 9
28 9 13
28 10 11
28 11 14
28 12 13
28 13 8
28 14 3
28 15 3
28 16 8
28 17 6
28 18 3
28 19 14
28 20 8
28 21 8
28 22 7
28 23 1
28 24 3
28 25 13
28 26 12
28 27 8
29 0 10
29 1 11
29 2 11
29 3 10
29 4 14
29 5 4
29 6 12
29 7 13
29 8 14
29 9 12
29 10 9
29 11 12
29 12 4
29 13 12
29 14 6
29 15 10
29 16 2
29 17 14
29 18 5
29 19 11
29 20 13
29 21 3
29 22 5
29 23 9
29 24 2
29 25 14
29 26 1
29 27 13
29 28 2
30 0 7
30 1 4
30 2 5
30 3 7
30 4 14
30 5 7
30 6 14
30 7 5
30 8 2
30 9 13
30 10 3
30 11 2
30 12 8
30 13 2
30 14 11
30 15 8
30 16 7
30 17 5
30 18 4
30 19 13
30 20 3
30 21 12
30 22 7
30 23 9
30 24 3
30 25 12
30 26 10
30 27 6
30 28 14
30 29 9
31 0 4
31 1 13
31 2 2
31 3 7
31 4 1
31 5 2
31 6 6
31 7 4
31 8 13
31 9 4
31 10 11
31 11 14
31 12 9
31 13 4
31 14 13
31 15 2
31 16 11
31 17 9
31 18 14
31 19 13
31 20 2
31 21 13
31 22 14
31 23 1
31 24 12
31 25 13
31 26 14
31 27 12
31 28 8
31 29 13
31 30 3
32 0 4
32 1 10
32 2 12
32 3 5
32 4 11
32 5 14
32 6 6
32 7 3
32 8 10
32 9 4
32 10 12
32 11 8
32 12 10
32 13 11
32 14 4
32 15 13
32 16 10
32 17 5
32 18 1
32 19 4
32 20 9
32 21 8
32 22 1
32 23 3
32 24 10
32 25 8
32 26 3
32 27 14
32 28 12
32 29 13
32 30 9
32 31 9
33 0 1
33 1 7
33 2 13
33 3 4
33 4 7
33 5 7
33 6 2
33 7 9
33 8 12
33 9 4
33 10 3
33 11 5
33 12 13
33 13 14
33 14 1
33 15 13
33 16 2
33 17 12
33 18 1
33 19 8
33 20 8
33 21 8
33 22 9
33 23 14
33 24 7
33 25 2
33 26 9
33 27 14
33 28 11
33 29 3
33 30 7
33 31 4
33 32 8
34 0 11
34 1 14
34 2 9
34 3 12
34 4 6
34 5 2
34 6 1
34 7 2
34 8 9
34 9 9
34 10 8
34 11 5
34 12 9
34 13 6
34 14 3
34 15 7
34 16 5
34 17 14
34 18 12
34 19 8
34 20 10
34 21 14
34 22 8
34 23 6
34 24 14
34 25 1
34 26 8
34 27 10
34 28 13
34 29 10
34 30 5
34 31 6
34 32 13
34 33 6
35 0 5
35 1 2
35 2 5
35 3 13
35 4 1
35 5 5
35 6 4
35 7 4
35 8 12
35 9 12
35 10 14
35 11 12
35 12 4
35 13 12
35 14 3
35 15 12
35 16 6
35 17 12
35 18 2
35 19 11
35 20 3
35 21 4
35 22 7
35 23 1
35 24 2
35 25 1
35 26 3
35 27 3
35 28 1
35 29 6
35 30 7
35 31 1
35 32 13
35 33 14
35 34 3
36 0 3
36 1 2
36 2 3
36 3 7
36 4 3
36 5 9
36 6 1
36 7 12
36 8 7
36 9 7
36 10 13
36 11 7
36 12 8
36 13 11
36 14 6
36 15 6
36 16 6
36 17 1
36 18 14
36 19 6
36 20 12
36 21 14
36 22 14
36 23 14
36 24 14
36 25 6
36 26 2
36 27 8
36 28 4
36 29 2
36 30 3
36 31 7
36 32 1
36 33 6
36 34 13
36 35 7
37 0 3
37 1 13
37 2 6
37 3 12
37 4 3
37 5 1
37 6 4
37 7 7
37 8 6
37 9 10
37 10 3
37 11 8
37 12 8
37 13 14
37 14 12
37 15 5
37 16 13
37 17 2
37 18 1
37 19 7
37 20 9
37 21 3
37 22 6
37 23 5
37 24 9
37 25 9
37 26 11
37 27 12
37 28 7
37 29 3
37 30 3
37 31 11
37 32 13
37 33 7
37 34 12
37 35 13
37 36 2
38 0 13
38 1 14
38 2 12
38 3 7
38 4 1
38 5 12
38 6 11
38 7 5
38 8 11
38 9 4
38 10 5
38 11 5
38 12 14
38 13 3
38 14 12
38 15 10
38 16 1
38 17 6
38 18 10
38 19 1
38 20 6
38 21 5
38 22 4
38 23 10
38 24 1
38 25 2
38 26 9
38 27 2
38 28 9
38 29 2
38 30 9
38 31 12
38 32 9
38 33 11
38 34 5
38 35 14
38 36 11
38 37 11
39 0 5
39 1 14
39 2 11
39 3 1
39 4 10
39 5 4
39 6 8
39 7 8
39 8 3
39 9 13
39 10 14
39 11 7
39 12 14
39 13 6
39 14 6
39 15 12
39 16 10
39 17 9
39 18 7
39 19 2
39 20 4
39 21 10
39 22 1
39 23 5
39 24 12
39 25 4
39 26 6
39 27 5
39 28 12
39 29 11
39 30 9
39 31 11
39 32 12
39 33 1
39 34 9
39 35 8
39 36 2
39 37 5
39 38 3
