40
1 0 1
2 0 1
2 1 1
3 0 1
3 1 1
4 1 1
4 3 1
5 1 1
5 2 1
5 3 1
6 0 1
6 1 1
6 2 1
6 3 1
7 2 1
7 3 1
7 5 1
8 0 1
8 2 1
8 4 1
8 6 1
9 2 1
9 3 1
9 5 1
9 6 1
9 7 1
9 8 1
10 0 1
10 2 1
10 3 1
10 4 1
11 3 1
11 7 1
11 8 1
11 9 1
12 1 1
12 5 1
12 6 1
12 7 1
12 8 1
12 10 1
12 11 1
13 2 1
13 3 1
13 5 1
13 6 1
13 9 1
13 12 1
14 0 1
14 1 1
14 2 1
14 4 1
14 5 1
14 7 1
14 8 1
14 10 1
14 11 1
14 12 1
15 1 1
15 3 1
15 5 1
15 6 1
15 9 1
15 10 1
15 11 1
15 14 1
16 1 1
16 2 1
16 3 1
16 4 1
16 5 1
16 6 1
16 7 1
16 10 1
16 11 1
16 12 1
16 13 1
16 14 1
17 0 1
17 5 1
17 6 1
17 8 1
17 9 1
17 12 1
17 13 1
17 15 1
17 16 1
18 0 1
18 1 1
18 5 1
18 7 1
18 8 1
18 10 1
18 11 1
18 13 1
19 3 1
19 6 1
19 7 1
19 8 1
19 11 1
19 15 1
19 16 1
19 18 1
20 1 1
20 2 1
20 3 1
20 6 1
20 8 1
20 11 1
20 13 1
20 16 1
20 17 1
21 0 1
21 1 1
21 3 1
21 5 1
21 6 1
21 8 1
21 10 1
21 14 1
21 15 1
21 16 1
21 18 1
21 19 1
21 20 1
22 2 1
22 3 1
22 4 1
22 6 1
22 9 1
22 10 1
22 12 1
22 14 1
22 17 1
22 19 1
22 20 1
22 21 1
23 2 1
23 8 1
23 12 1
23 13 1
23 14 1
23 18 1
23 19 1
23 22 1
24 1 1
24 3 1
24 4 1
24 6 1
24 8 1
24 10 1
24 14 1
24 15 1
24 17 1
24 18 1
24 19 1
24 20 1
24 21 1
24 22 1
25 0 1
25 4 1
25 7 1
25 10 1
25 11 1
25 14 1
25 15 1
25 18 1
25 22 1
26 0 1
26 2 1
26 3 1
26 4 1
26 5 1
26 7 1
26 11 1
26 14 1
26 15 1
26 16 1
26 18 1
26 19 1
26 20 1
26 21 1
27 0 1
27 2 1
27 4 1
27 5 1
27 8 1
27 9 1
27 11 1
27 12 1
27 15 1
27 18 1
27 23 1
28 3 1
28 7 1
28 8 1
28 9 1
28 12 1
28 14 1
28 15 1
28 16 1
28 18 1
28 19 1
28 22 1
28 25 1
28 26 1
29 1 1
29 3 1
29 6 1
29 7 1
29 8 1
29 11 1
29 14 1
29 16 1
29 17 1
29 18 1
29 21 1
29 22 1
29 23 1
29 26 1
29 28 1
30 0 1
30 1 1
30 2 1
30 3 1
30 4 1
30 5 1
30 7 1
30 8 1
30 9 1
30 10 1
30 12 1
30 14 1
30 15 1
30 17 1
30 19 1
30 22 1
30 23 1
30 24 1
30 26 1
30 28 1
30 29 1
31 2 1
31 3 1
31 5 1
31 6 1
31 9 1
31 10 1
31 12 1
31 16 1
31 22 1
31 24 1
31 26 1
31 27 1
31 29 1
32 1 1
32 7 1
32 11 1
32 12 1
32 13 1
32 15 1
32 16 1
32 18 1
32 22 1
32 24 1
32 26 1
32 28 1
32 30 1
33 3 1
33 4 1
33 6 1
33 8 1
33 12 1
33 15 1
33 17 1
33 18 1
33 20 1
33 21 1
33 22 1
33 23 1
33 27 1
33 32 1
34 0 1
34 1 1
34 4 1
34 5 1
34 6 1
34 7 1
34 8 1
34 9 1
34 10 1
34 11 1
34 13 1
34 14 1
34 17 1
34 18 1
34 20 1
34 21 1
34 27 1
34 28 1
34 31 1
34 33 1
35 1 1
35 4 1
35 6 1
35 7 1
35 8 1
35 9 1
35 12 1
35 13 1
35 19 1
35 20 1
35 22 1
35 23 1
35 26 1
35 29 1
35 31 1
35 33 1
35 34 1
36 1 1
36 3 1
36 7 1
36 8 1
36 9 1
36 11 1
36 12 1
36 13 1
36 14 1
36 18 1
36 19 1
36 22 1
36 25 1
36 29 1
36 31 1
36 32 1
36 33 1
36 35 1
37 2 1
37 5 1
37 7 1
37 8 1
37 9 1
37 12 1
37 15 1
37 16 1
37 18 1
37 20 1
37 21 1
37 22 1
37 24 1
37 25 1
37 27 1
37 29 1
37 32 1
37 35 1
38 1 1
38 2 1
38 3 1
38 4 1
38 5 1
38 6 1
38 7 1
38 8 1
38 10 1
38 12 1
38 14 1
38 15 1
38 16 1
38 18 1
38 19 1
38 21 1
38 22 1
38 23 1
38 24 1
38 29 1
38 31 1
38 34 1
38 35 1
38 37 1
39 4 1
39 5 1
39 8 1
39 9 1
39 11 1
39 12 1
39 17 1
39 18 1
39 19 1
39 20 1
39 22 1
39 23 1
39 24 1
39 27 1
39 30 1
39 31 1
39 33 1
39 34 1
39 35 1
39 38 1
