20
2 0 2
2 1 1
3 0 2
3 1 1
4 3 1
5 0 2
5 2 1
5 3 1
6 2 2
6 3 1
7 0 2
7 1 1
7 3 1
7 6 1
8 1 1
8 3 1
8 6 2
8 7 2
9 0 2
9 6 2
10 1 1
10 3 2
10 4 1
10 6 1
10 7 2
10 9 1
11 1 2
11 2 1
11 3 2
11 5 1
11 7 2
11 8 1
11 9 2
11 10 2
12 0 1
12 1 2
12 2 1
12 4 2
13 1 2
13 2 2
13 3 1
13 6 1
13 9 2
13 10 1
14 2 1
14 3 2
14 7 1
14 8 2
14 12 2
14 13 1
15 0 1
15 3 1
15 6 1
15 8 1
15 9 2
15 12 1
16 9 2
16 10 1
16 11 2
16 12 1
16 14 1
17 0 2
17 1 2
17 5 1
17 7 2
17 8 1
17 9 1
17 10 1
17 13 2
17 16 2
18 0 1
18 2 2
18 4 1
18 5 1
18 7 1
18 8 1
18 9 2
18 10 1
18 11 2
18 12 1
18 16 1
18 17 1
19 5 1
19 6 1
19 8 1
19 12 2
19 17 1
