30
2 0 3
2 1 2
3 0 1
3 1 6
4 1 6
4 2 5
5 2 1
6 2 1
6 5 4
7 1 3
7 3 6
7 4 1
7 5 4
8 0 4
8 3 6
8 5 1
8 6 6
8 7 5
9 0 1
9 1 4
9 2 3
9 3 2
9 5 4
9 6 4
9 7 5
9 8 5
10 0 2
10 1 3
10 5 1
10 6 4
10 8 6
11 0 3
11 1 1
11 3 2
11 4 4
11 5 4
11 6 6
11 10 1
12 0 1
12 1 1
12 2 4
12 4 3
12 5 5
12 6 3
12 7 3
12 8 5
12 10 5
12 11 1
13 2 1
13 5 6
13 7 1
13 9 5
13 10 3
13 11 4
14 0 6
14 1 2
14 5 6
14 10 1
14 11 5
14 13 1
15 1 1
15 2 4
15 3 4
15 4 6
15 5 4
15 9 4
15 10 2
15 11 4
15 13 6
16 0 5
16 1 3
16 4 2
16 5 2
16 6 4
16 7 1
16 8 5
16 12 6
16 15 3
17 2 4
17 3 4
17 5 2
17 9 6
17 12 4
17 13 2
17 14 6
17 15 4
18 0 1
18 4 5
18 6 5
18 7 2
18 8 4
18 14 3
18 15 1
18 16 4
18 17 6
19 2 3
19 3 5
19 4 5
19 7 2
19 8 5
19 9 2
19 14 2
19 17 2
20 0 5
20 3 5
20 4 4
20 8 1
20 9 5
20 12 2
20 14 2
20 15 5
20 17 3
20 18 5
20 19 4
21 0 6
21 1 1
21 3 1
21 4 3
21 9 3
21 17 2
21 20 3
22 0 3
22 1 1
22 8 4
22 11 3
22 14 1
22 15 2
22 20 6
23 2 5
23 4 3
23 6 5
23 7 4
23 8 1
23 10 4
23 11 3
23 13 2
23 14 3
23 16 5
23 17 2
23 18 4
23 22 1
24 1 5
24 4 2
24 5 4
24 6 3
24 7 6
24 8 1
24 10 6
24 15 3
24 16 1
24 19 2
24 21 6
24 22 5
24 23 2
25 0 6
25 2 5
25 3 1
25 6 1
25 9 4
25 11 6
25 12 2
25 14 5
25 15 5
25 16 2
25 17 6
25 18 1
25 19 5
25 20 4
25 22 2
25 23 4
26 1 3
26 2 5
26 3 4
26 4 6
26 5 5
26 10 2
26 11 6
26 13 6
26 14 1
26 15 4
26 17 2
26 19 3
26 20 5
26 21 2
26 24 1
27 0 4
27 1 1
27 2 4
27 4 4
27 9 3
27 10 6
27 14 1
27 15 6
27 16 6
27 18 5
27 25 4
28 2 3
28 3 1
28 4 6
28 6 6
28 9 1
28 10 2
28 11 2
28 12 3
28 13 6
28 14 3
28 15 1
28 17 6
28 18 4
28 20 2
28 21 4
28 22 2
28 24 2
28 25 4
28 26 6
29 0 1
29 1 5
29 2 3
29 3 1
29 9 1
29 10 4
29 12 1
29 13 2
29 14 6
29 16 1
29 18 6
29 19 6
29 22 1
29 23 5
29 25 6
29 28 4
