60
2 1 4
3 0 9
3 1 9
3 2 4
4 0 6
5 1 5
5 2 9
5 3 7
6 0 9
6 3 9
6 5 7
7 1 9
7 2 4
7 5 6
7 6 3
8 0 1
8 1 2
8 2 1
8 3 3
8 5 7
8 7 7
9 1 7
9 2 7
9 6 4
9 7 8
10 1 2
10 3 8
10 7 2
10 9 6
11 0 1
11 1 1
11 3 9
11 5 1
11 6 9
11 7 7
11 9 1
11 10 5
12 2 6
12 10 6
12 11 5
13 0 8
13 5 6
13 6 5
13 7 2
13 10 3
14 1 5
14 4 8
14 7 7
14 10 1
14 12 7
15 0 8
15 1 3
15 2 5
15 3 5
15 6 4
15 7 7
15 8 2
15 10 2
15 11 6
15 12 6
15 13 9
16 0 2
16 1 3
16 3 9
16 5 4
16 6 8
16 7 8
16 8 6
16 9 2
16 14 7
16 15 5
17 1 5
17 2 9
17 5 9
17 7 9
17 11 1
18 4 4
18 6 5
18 9 5
18 10 3
18 12 5
19 1 1
19 2 2
19 3 3
19 4 6
19 5 9
19 6 4
19 7 5
19 8 9
19 11 7
19 14 3
19 16 9
19 17 9
20 8 5
20 9 7
20 10 5
20 11 5
20 13 2
20 14 7
20 16 6
20 17 9
20 19 1
21 1 8
21 4 5
21 6 8
21 7 8
21 8 8
21 10 8
21 12 3
21 13 6
21 15 1
21 16 8
21 20 8
22 2 7
22 10 8
22 11 3
22 12 3
22 13 1
22 18 9
22 19 1
22 20 8
23 2 9
23 3 6
23 4 1
23 6 9
23 7 3
23 10 4
23 11 5
23 13 8
23 15 9
23 17 9
23 18 6
23 19 6
23 20 4
23 22 3
24 0 2
24 3 2
24 5 8
24 6 9
24 8 1
24 10 7
24 12 8
24 13 2
24 14 6
24 15 3
24 17 4
24 20 3
24 23 4
25 0 1
25 4 3
25 6 9
25 7 2
25 10 2
25 11 1
25 14 9
25 15 6
25 18 9
25 19 1
25 20 1
25 22 1
26 0 3
26 5 4
26 6 3
26 7 3
26 10 3
26 11 9
26 12 4
26 13 4
26 14 1
26 16 9
26 22 3
26 24 4
26 25 8
27 1 2
27 2 4
27 3 5
27 4 3
27 6 4
27 7 6
27 9 3
27 15 5
27 17 6
27 18 3
27 19 3
27 20 3
27 22 1
27 24 1
27 25 8
27 26 3
28 0 6
28 1 8
28 2 6
28 4 8
28 5 1
28 6 8
28 7 9
28 8 8
28 9 6
28 11 1
28 12 3
28 13 6
28 15 3
28 16 5
28 22 6
28 23 9
28 24 9
29 1 8
29 2 7
29 3 9
29 4 3
29 6 4
29 8 5
29 10 8
29 11 7
29 12 1
29 13 8
29 15 8
29 16 4
29 18 5
29 19 3
29 21 8
29 23 5
29 28 4
30 3 1
30 5 1
30 8 3
30 9 4
30 11 4
30 15 5
30 18 7
30 19 5
30 21 2
30 24 3
30 26 6
30 28 1
30 29 5
31 0 2
31 1 8
31 2 8
31 4 2
31 5 4
31 6 5
31 7 9
31 11 6
31 12 6
31 18 6
31 22 9
31 24 2
31 25 8
31 27 6
31 28 5
31 29 2
32 3 8
32 5 1
32 6 7
32 7 9
32 8 7
32 9 9
32 10 9
32 12 5
32 13 9
32 14 4
32 15 4
32 21 9
32 22 6
32 24 8
32 26 3
32 27 4
32 28 5
32 31 7
33 0 2
33 1 5
33 3 5
33 4 4
33 5 5
33 10 2
33 11 3
33 12 6
33 14 6
33 16 3
33 21 8
33 22 3
33 23 2
33 25 2
33 26 8
33 29 7
33 30 9
33 32 2
34 1 6
34 2 5
34 10 2
34 13 5
34 16 6
34 17 1
34 18 5
34 19 8
34 22 1
34 25 1
34 27 1
35 4 2
35 6 8
35 7 2
35 9 8
35 10 3
35 13 7
35 14 2
35 15 9
35 17 8
35 20 8
35 21 4
35 22 3
35 24 6
35 25 4
35 27 3
35 29 3
35 34 8
36 1 2
36 3 8
36 5 2
36 7 7
36 9 3
36 11 6
36 13 7
36 20 5
36 21 4
36 24 5
36 26 8
36 29 7
36 30 8
36 31 7
36 34 2
36 35 4
37 1 7
37 5 3
37 6 3
37 12 6
37 13 2
37 14 1
37 18 4
37 19 6
37 20 8
37 22 5
37 25 2
37 27 3
37 28 3
37 29 7
37 30 6
37 31 3
37 32 8
37 33 8
37 34 8
38 3 9
38 4 5
38 7 9
38 8 5
38 9 1
38 12 4
38 22 2
38 23 5
38 25 7
38 26 3
38 28 4
38 30 6
38 31 2
38 32 3
38 33 7
38 34 7
38 35 3
38 36 1
39 1 4
39 3 8
39 5 2
39 6 1
39 7 1
39 9 4
39 10 6
39 12 7
39 13 4
39 15 2
39 19 9
39 21 9
39 23 6
39 30 3
39 31 5
39 32 7
39 33 7
39 34 6
39 38 8
40 5 5
40 7 1
40 15 6
40 16 2
40 18 6
40 19 7
40 20 5
40 21 1
40 22 3
40 23 6
40 27 4
40 29 5
40 30 7
40 35 9
40 36 5
40 38 5
40 39 4
41 0 5
41 2 6
41 7 4
41 11 8
41 16 6
41 19 7
41 20 9
41 22 2
41 23 3
41 26 9
41 27 1
41 32 8
41 33 7
41 34 4
41 35 8
41 36 4
41 37 7
41 39 6
41 40 1
42 3 9
42 4 2
42 6 4
42 8 2
42 9 4
42 11 6
42 12 5
42 14 8
42 15 8
42 19 4
42 24 3
42 25 9
42 26 3
42 29 3
42 35 7
42 38 3
42 39 5
42 41 6
43 0 5
43 1 6
43 3 1
43 7 5
43 8 7
43 9 7
43 12 1
43 14 9
43 15 2
43 18 2
43 19 6
43 20 6
43 21 6
43 22 5
43 25 6
43 26 8
43 29 5
43 31 2
43 32 3
43 33 8
43 34 1
43 37 7
43 42 2
44 0 9
44 3 3
44 4 3
44 7 6
44 8 9
44 9 2
44 11 6
44 12 5
44 13 5
44 17 2
44 18 3
44 19 2
44 20 9
44 22 5
44 23 4
44 24 6
44 25 1
44 26 7
44 29 4
44 30 7
44 31 7
44 34 1
44 36 8
44 37 1
44 39 2
44 40 7
44 41 9
44 43 1
45 1 8
45 2 1
45 3 3
45 6 6
45 8 4
45 11 7
45 12 8
45 13 6
45 14 6
45 16 5
45 17 2
45 18 9
45 19 4
45 21 6
45 23 6
45 26 9
45 27 4
45 29 9
45 33 9
45 34 9
45 37 6
45 38 3
45 40 3
45 41 1
45 42 2
45 43 8
46 0 6
46 5 7
46 6 3
46 9 8
46 10 9
46 11 8
46 15 5
46 19 1
46 20 6
46 22 2
46 23 8
46 24 1
46 26 6
46 29 2
46 34 5
46 35 3
46 38 4
46 39 1
46 40 5
46 41 6
46 42 1
46 43 7
46 44 1
46 45 1
47 0 2
47 1 8
47 2 2
47 4 9
47 5 1
47 6 8
47 7 3
47 8 9
47 9 4
47 10 1
47 12 9
47 13 3
47 15 5
47 16 3
47 17 4
47 19 8
47 20 6
47 21 4
47 22 8
47 23 9
47 25 8
47 26 2
47 27 3
47 28 8
47 30 8
47 33 6
47 36 7
47 37 3
47 39 2
47 40 4
47 41 4
47 43 1
47 44 3
48 1 6
48 7 8
48 8 8
48 9 4
48 10 3
48 13 9
48 14 6
48 15 8
48 17 2
48 19 5
48 23 4
48 25 2
48 26 8
48 27 4
48 28 7
48 29 2
48 31 7
48 32 5
48 33 2
48 34 3
48 36 3
48 38 6
48 39 2
48 40 9
48 42 9
48 43 7
48 47 5
49 3 5
49 5 1
49 7 8
49 8 4
49 9 8
49 11 9
49 12 6
49 14 5
49 17 2
49 19 9
49 20 7
49 24 2
49 29 5
49 31 4
49 32 4
49 33 1
49 36 4
49 38 5
49 42 5
49 46 6
49 48 3
50 0 1
50 1 8
50 4 2
50 5 3
50 6 1
50 7 4
50 9 6
50 16 4
50 18 3
50 19 2
50 20 3
50 23 1
50 24 4
50 25 3
50 28 5
50 32 8
50 33 5
50 34 6
50 35 6
50 38 3
50 39 2
50 42 1
50 43 6
50 45 1
50 47 6
50 48 4
50 49 4
51 1 3
51 3 6
51 4 8
51 5 5
51 8 6
51 11 2
51 13 8
51 14 7
51 15 2
51 16 2
51 17 7
51 18 7
51 21 6
51 24 9
51 26 3
51 27 7
51 28 3
51 29 8
51 30 6
51 33 7
51 34 3
51 35 9
51 38 2
51 40 4
51 42 8
51 43 3
51 48 2
51 50 3
52 0 1
52 1 5
52 3 9
52 6 9
52 7 9
52 11 2
52 13 3
52 14 6
52 15 2
52 16 4
52 18 8
52 21 8
52 22 3
52 23 1
52 24 9
52 28 5
52 29 7
52 31 7
52 34 9
52 35 9
52 37 8
52 39 4
52 43 4
52 45 9
52 47 5
52 49 5
52 50 3
53 0 1
53 2 2
53 3 7
53 5 9
53 6 7
53 7 8
53 9 7
53 10 3
53 13 3
53 14 4
53 15 1
53 19 4
53 21 6
53 23 8
53 24 4
53 25 4
53 28 7
53 30 5
53 31 9
53 33 4
53 34 8
53 35 8
53 39 3
53 42 6
53 48 1
53 49 1
53 50 7
53 52 7
54 0 9
54 2 5
54 4 7
54 10 1
54 11 3
54 12 8
54 13 8
54 15 1
54 16 1
54 18 7
54 19 4
54 21 1
54 23 3
54 24 8
54 28 3
54 29 9
54 33 2
54 35 1
54 36 4
54 37 8
54 38 3
54 39 1
54 42 5
54 43 2
54 44 2
54 46 2
54 47 4
54 48 4
54 49 6
54 50 8
54 51 8
54 53 3
55 5 2
55 7 9
55 10 1
55 14 3
55 15 9
55 16 4
55 17 7
55 23 8
55 24 2
55 25 6
55 26 5
55 30 5
55 31 8
55 33 8
55 34 1
55 37 9
55 38 5
55 40 5
55 42 8
55 43 5
55 44 3
55 49 5
55 51 5
55 52 6
55 53 2
56 2 9
56 3 9
56 5 8
56 6 7
56 10 1
56 13 3
56 20 2
56 21 7
56 23 9
56 25 7
56 28 7
56 29 6
56 30 7
56 31 7
56 32 8
56 33 7
56 36 2
56 37 6
56 39 1
56 40 3
56 41 3
56 44 9
56 45 7
56 46 6
56 47 6
56 48 8
57 2 3
57 6 7
57 7 9
57 8 3
57 10 7
57 15 1
57 16 2
57 18 5
57 21 1
57 22 2
57 23 3
57 27 5
57 32 3
57 33 6
57 34 8
57 43 6
57 44 3
57 45 6
57 46 9
57 47 4
57 49 8
57 52 8
57 53 7
57 54 7
58 2 6
58 3 4
58 6 6
58 11 4
58 12 7
58 13 5
58 14 7
58 15 5
58 17 4
58 19 8
58 21 7
58 22 9
58 23 4
58 26 1
58 29 2
58 33 4
58 35 4
58 36 4
58 42 7
58 44 5
58 45 3
58 47 8
58 48 4
58 49 3
58 55 8
58 56 7
58 57 7
59 1 2
59 3 7
59 4 1
59 5 4
59 10 8
59 13 5
59 14 6
59 16 1
59 17 8
59 19 6
59 20 3
59 21 6
59 23 6
59 24 4
59 25 8
59 28 6
59 31 2
59 32 8
59 33 6
59 35 3
59 37 7
59 39 5
59 40 7
59 42 4
59 44 6
59 45 8
59 46 2
59 51 2
59 53 2
59 54 7
59 55 2
59 56 2
59 58 1
