40
1 0 1
2 0 1
2 1 1
3 0 1
3 1 2
3 2 1
4 0 1
4 1 1
4 2 2
4 3 2
5 0 2
5 1 1
5 2 1
5 3 1
5 4 1
6 0 2
6 1 1
6 2 2
6 3 2
6 4 2
6 5 1
7 0 1
7 1 2
7 2 2
7 3 1
7 4 2
7 5 2
7 6 2
8 0 1
8 1 1
8 2 1
8 3 1
8 4 2
8 5 1
8 6 2
8 7 1
9 0 2
9 1 1
9 2 1
9 3 2
9 4 2
9 5 2
9 6 2
9 7 1
9 8 2
10 0 1
10 1 2
10 2 2
10 3 2
10 4 2
10 5 1
10 6 1
10 7 2
10 8 2
10 9 2
11 0 1
11 1 2
11 2 1
11 3 1
11 4 1
11 5 2
11 6 1
11 7 2
11 8 2
11 9 2
11 10 2
12 0 1
12 1 2
12 2 2
12 3 1
12 4 2
12 5 2
12 6 2
12 7 2
12 8 2
12 9 1
12 10 2
12 11 1
13 0 1
13 1 1
13 2 1
13 3 1
13 4 1
13 5 2
13 6 1
13 7 1
13 8 1
13 9 1
13 10 1
13 11 1
13 12 2
14 0 1
14 1 1
14 2 2
14 3 1
14 4 2
14 5 1
14 6 2
14 7 1
14 8 1
14 9 2
14 10 2
14 11 2
14 12 2
14 13 1
15 0 2
15 1 1
15 2 1
15 3 1
15 4 2
15 5 1
15 6 1
15 7 2
15 8 1
15 9 2
15 10 2
15 11 2
15 12 2
15 13 1
15 14 1
16 0 2
16 1 2
16 2 1
16 3 1
16 4 1
16 5 1
16 6 2
16 7 2
16 8 2
16 9 1
16 10 1
16 11 2
16 12 2
16 13 1
16 14 2
16 15 1
17 0 1
17 1 1
17 2 1
17 3 1
17 4 1
17 5 2
17 6 2
17 7 1
17 8 1
17 9 1
17 10 1
17 11 2
17 12 2
17 13 1
17 14 1
17 15 1
17 16 2
18 0 2
18 1 1
18 2 2
18 3 2
18 4 2
18 5 1
18 6 1
18 7 1
18 8 1
18 9 2
18 10 2
18 11 2
18 12 2
18 13 2
18 14 2
18 15 1
18 16 1
18 17 1
19 0 1
19 1 2
19 2 2
19 3 2
19 4 2
19 5 1
19 6 2
19 7 1
19 8 1
19 9 1
19 10 1
19 11 1
19 12 2
19 13 1
19 14 1
19 15 1
19 16 2
19 17 1
19 18 2
20 0 1
20 1 2
20 2 2
20 3 2
20 4 1
20 5 1
20 6 1
20 7 1
20 8 2
20 9 2
20 10 2
20 11 2
20 12 1
20 13 2
20 14 2
20 15 2
20 16 2
20 17 2
20 18 2
20 19 1
21 0 2
21 1 1
21 2 1
21 3 2
21 4 2
21 5 2
21 6 1
21 7 1
21 8 2
21 9 2
21 10 1
21 11 2
21 12 2
21 13 1
21 14 1
21 15 2
21 16 1
21 17 2
21 18 1
21 19 1
21 20 1
22 0 1
22 1 1
22 2 1
22 3 1
22 4 1
22 5 1
22 6 2
22 7 1
22 8 1
22 9 2
22 10 2
22 11 1
22 12 2
22 13 1
22 14 1
22 15 1
22 16 1
22 17 1
22 18 1
22 19 1
22 20 2
22 21 1
23 0 2
23 1 2
23 2 2
23 3 1
23 4 1
23 5 1
23 6 2
23 7 2
23 8 2
23 9 1
23 10 1
23 11 2
23 12 2
23 13 1
23 14 2
23 15 2
23 16 1
23 17 2
23 18 2
23 19 1
23 20 1
23 21 2
23 22 2
24 0 2
24 1 1
24 2 1
24 3 1
24 4 2
24 5 1
24 6 2
24 7 1
24 8 2
24 9 1
24 10 1
24 11 1
24 12 2
24 13 1
24 14 2
24 15 2
24 16 2
24 17 2
24 18 2
24 19 2
24 20 2
24 21 1
24 22 2
24 23 2
25 0 1
25 1 2
25 2 1
25 3 2
25 4 1
25 5 2
25 6 2
25 7 1
25 8 1
25 9 1
25 10 1
25 11 1
25 12 1
25 13 1
25 14 1
25 15 1
25 16 1
25 17 1
25 18 2
25 19 1
25 20 2
25 21 1
25 22 2
25 23 2
25 24 1
26 0 1
26 1 1
26 2 2
26 3 1
26 4 2
26 5 1
26 6 2
26 7 2
26 8 1
26 9 1
26 10 2
26 11 2
26 12 1
26 13 1
26 14 1
26 15 1
26 16 1
26 17 2
26 18 2
26 19 2
26 20 1
26 21 1
26 22 2
26 23 1
26 24 2
26 25 2
27 0 1
27 1 2
27 2 1
27 3 2
27 4 1
27 5 2
27 6 1
27 7 2
27 8 2
27 9 1
27 10 2
27 11 2
27 12 2
27 13 1
27 14 2
27 15 2
27 16 2
27 17 1
27 18 2
27 19 1
27 20 1
27 21 2
27 22 2
27 23 1
27 24 2
27 25 1
27 26 2
28 0 1
28 1 1
28 2 1
28 3 1
28 4 2
28 5 2
28 6 1
28 7 2
28 8 2
28 9 2
28 10 1
28 11 1
28 12 2
28 13 2
28 14 2
28 15 2
28 16 2
28 17 2
28 18 2
28 19 2
28 20 2
28 21 2
28 22 1
28 23 1
28 24 2
28 25 2
28 26 1
28 27 1
29 0 2
29 1 2
29 2 1
29 3 1
29 4 1
29 5 2
29 6 1
29 7 2
29 8 2
29 9 2
29 10 1
29 11 2
29 12 1
29 13 1
29 14 1
29 15 2
29 16 1
29 17 2
29 18 2
29 19 1
29 20 1
29 21 2
29 22 1
29 23 1
29 24 1
29 25 1
29 26 1
29 27 2
29 28 1
30 0 2
30 1 2
30 2 1
30 3 2
30 4 2
30 5 1
30 6 2
30 7 2
30 8 1
30 9 1
30 10 1
30 11 1
30 12 1
30 13 1
30 14 1
30 15 2
30 16 1
30 17 2
30 18 1
30 19 2
30 20 1
30 21 2
30 22 1
30 23 2
30 24 1
30 25 1
30 26 1
30 27 1
30 28 1
30 29 2
31 0 1
31 1 1
31 2 1
31 3 1
31 4 1
31 5 2
31 6 1
31 7 2
31 8 1
31 9 1
31 10 2
31 11 2
31 12 2
31 13 2
31 14 1
31 15 2
31 16 2
31 17 2
31 18 1
31 19 2
31 20 1
31 21 2
31 22 1
31 23 2
31 24 2
31 25 1
31 26 2
31 27 1
31 28 2
31 29 1
31 30 1
32 0 2
32 1 1
32 2 2
32 3 2
32 4 1
32 5 1
32 6 1
32 7 2
32 8 1
32 9 2
32 10 1
32 11 1
32 12 1
32 13 1
32 14 2
32 15 2
32 16 2
32 17 1
32 18 2
32 19 1
32 20 2
32 21 2
32 22 1
32 23 2
32 24 1
32 25 2
32 26 1
32 27 1
32 28 1
32 29 2
32 30 2
32 31 1
33 0 2
33 1 1
33 2 1
33 3 2
33 4 1
33 5 1
33 6 2
33 7 1
33 8 1
33 9 2
33 10 1
33 11 2
33 12 1
33 13 2
33 14 2
33 15 1
33 16 2
33 17 1
33 18 2
33 19 2
33 20 2
33 21 2
33 22 1
33 23 1
33 24 2
33 25 2
33 26 1
33 27 2
33 28 1
33 29 1
33 30 2
33 31 2
33 32 2
34 0 1
34 1 1
34 2 2
34 3 2
34 4 1
34 5 2
34 6 1
34 7 1
34 8 1
34 9 2
34 10 2
34 11 1
34 12 2
34 13 2
34 14 1
34 15 2
34 16 1
34 17 1
34 18 2
34 19 1
34 20 1
34 21 1
34 22 2
34 23 1
34 24 2
34 25 1
34 26 1
34 27 1
34 28 1
34 29 2
34 30 1
34 31 2
34 32 1
34 33 1
35 0 2
35 1 1
35 2 2
35 3 1
35 4 1
35 5 2
35 6 1
35 7 2
35 8 2
35 9 1
35 10 2
35 11 2
35 12 1
35 13 2
35 14 2
35 15 1
35 16 1
35 17 1
35 18 1
35 19 2
35 20 2
35 21 2
35 22 2
35 23 2
35 24 2
35 25 1
35 26 1
35 27 1
35 28 1
35 29 1
35 30 1
35 31 2
35 32 1
35 33 1
35 34 2
36 0 2
36 1 2
36 2 2
36 3 1
36 4 2
36 5 2
36 6 1
36 7 2
36 8 2
36 9 2
36 10 2
36 11 2
36 12 1
36 13 2
36 14 2
36 15 2
36 16 2
36 17 2
36 18 2
36 19 2
36 20 1
36 21 1
36 22 2
36 23 2
36 24 1
36 25 1
36 26 2
36 27 2
36 28 1
36 29 1
36 30 2
36 31 1
36 32 1
36 33 2
36 34 2
36 35 1
37 0 1
37 1 1
37 2 2
37 3 2
37 4 2
37 5 1
37 6 2
37 7 2
37 8 2
37 9 1
37 10 1
37 11 1
37 12 2
37 13 2
37 14 2
37 15 1
37 16 2
37 17 2
37 18 2
37 19 2
37 20 1
37 21 1
37 22 1
37 23 2
37 24 1
37 25 2
37 26 1
37 27 2
37 28 1
37 29 1
37 30 2
37 31 1
37 32 1
37 33 1
37 34 2
37 35 2
37 36 1
38 0 1
38 1 2
38 2 2
38 3 1
38 4 1
38 5 1
38 6 1
38 7 2
38 8 1
38 9 1
38 10 1
38 11 1
38 12 1
38 13 1
38 14 1
38 15 1
38 16 1
38 17 1
38 18 2
38 19 2
38 20 1
38 21 1
38 22 1
38 23 2
38 24 2
38 25 1
38 26 1
38 27 2
38 28 2
38 29 1
38 30 1
38 31 1
38 32 2
38 33 1
38 34 1
38 35 1
38 36 1
38 37 1
39 0 1
39 1 2
39 2 2
39 3 2
39 4 2
39 5 1
39 6 1
39 7 2
39 8 1
39 9 1
39 10 1
39 11 1
39 12 2
39 13 1
39 14 2
39 15 2
39 16 2
39 17 1
39 18 1
39 19 2
39 20 1
39 21 2
39 22 1
39 23 2
39 24 2
39 25 2
39 26 1
39 27 1
39 28 1
39 29 1
39 30 2
39 31 1
39 32 2
39 33 1
39 34 2
39 35 2
39 36 2
39 37 2
39 38 2
