60
1 0 10
2 0 9
2 1 9
3 0 10
3 1 12
3 2 9
4 0 6
4 1 10
4 2 7
4 3 11
5 0 14
5 1 6
5 2 3
5 3 4
5 4 1
6 0 4
6 1 14
6 2 6
6 3 7
6 4 12
6 5 13
7 0 11
7 1 6
7 2 8
7 3 8
7 4 12
7 5 9
7 6 10
8 0 1
8 1 14
8 2 2
8 3 7
8 4 6
8 5 1
8 6 13
8 7 7
9 0 5
9 1 1
9 2 8
9 3 4
9 4 11
9 5 5
9 6 8
9 7 3
9 8 8
10 0 12
10 1 9
10 2 13
10 3 8
10 4 6
10 5 11
10 6 6
10 7 6
10 8 10
10 9 11
11 0 11
11 1 1
11 2 11
11 3 2
11 4 7
11 5 11
11 6 2
11 7 2
11 8 8
11 9 3
11 10 11
12 0 9
12 1 9
12 2 14
12 3 13
12 4 3
12 5 5
12 6 2
12 7 1
12 8 6
12 9 4
12 10 13
12 11 13
13 0 14
13 1 7
13 2 12
13 3 7
13 4 4
13 5 3
13 6 6
13 7 5
13 8 13
13 9 7
13 10 1
13 11 7
13 12 4
14 0 14
14 1 10
14 2 8
14 3 3
14 4 2
14 5 5
14 6 10
14 7 6
14 8 12
14 9 12
14 10 6
14 11 4
14 12 2
14 13 12
15 0 8
15 1 13
15 2 11
15 3 4
15 4 1
15 5 6
15 6 4
15 7 1
15 8 8
15 9 8
15 10 5
15 11 2
15 12 7
15 13 7
15 14 5
16 0 1
16 1 12
16 2 3
16 3 9
16 4 7
16 5 10
16 6 6
16 7 13
16 8 13
16 9 11
16 10 3
16 11 12
16 12 3
16 13 6
16 14 12
16 15 7
17 0 7
17 1 9
17 2 11
17 3 4
17 4 7
17 5 4
17 6 9
17 7 2
17 8 8
17 9 12
17 10 4
17 11 4
17 12 5
17 13 7
17 14 13
17 15 11
17 16 3
18 0 6
18 1 8
18 2 7
18 3 6
18 4 5
18 5 5
18 6 11
18 7 11
18 8 7
18 9 14
18 10 10
18 11 13
18 12 13
18 13 14
18 14 2
18 15 5
18 16 7
18 17 10
19 0 6
19 1 14
19 2 5
19 3 2
19 4 3
19 5 10
19 6 7
19 7 6
19 8 13
19 9 3
19 10 2
19 11 12
19 12 10
19 13 12
19 14 9
19 15 11
19 16 11
19 17 5
19 18 14
20 0 14
20 1 9
20 2 5
20 3 1
20 4 14
20 5 5
20 6 13
20 7 4
20 8 11
20 9 6
20 10 11
20 11 14
20 12 9
20 13 4
20 14 14
20 15 10
20 16 7
20 17 2
20 18 4
20 19 7
21 0 11
21 1 3
21 2 14
21 3 11
21 4 11
21 5 6
21 6 11
21 7 10
21 8 7
21 9 7
21 10 11
21 11 14
21 12 12
21 13 7
21 14 9
21 15 6
21 16 4
21 17 13
21 18 13
21 19 11
21 20 14
22 0 8
22 1 8
22 2 2
22 3 4
22 4 10
22 5 10
22 6 3
22 7 12
22 8 10
22 9 9
22 10 7
22 11 3
22 12 7
22 13 6
22 14 1
22 15 11
22 16 8
22 17 11
22 18 7
22 19 2
22 20 5
22 21 7
23 0 3
23 1 8
23 2 5
23 3 13
23 4 11
23 5 12
23 6 13
23 7 3
23 8 14
23 9 4
23 10 14
23 11 7
23 12 8
23 13 4
23 14 8
23 15 7
23 16 13
23 17 7
23 18 11
23 19 4
23 20 1
23 21 6
23 22 12
24 0 2
24 1 11
24 2 14
24 3 1
24 4 2
24 5 3
24 6 14
24 7 11
24 8 11
24 9 5
24 10 13
24 11 11
24 12 12
24 13 13
24 14 8
24 15 3
24 16 8
24 17 3
24 18 12
24 19 13
24 20 7
24 21 1
24 22 1
24 23 9
25 0 2
25 1 8
25 2 10
25 3 4
25 4 4
25 5 3
25 6 9
25 7 10
25 8 13
25 9 1
25 10 11
25 11 12
25 12 7
25 13 11
25 14 2
25 15 11
25 16 14
25 17 5
25 18 12
25 19 7
25 20 5
25 21 11
25 22 11
25 23 12
25 24 6
26 0 9
26 1 8
26 2 7
26 3 6
26 4 7
26 5 9
26 6 8
26 7 4
26 8 11
26 9 14
26 10 3
26 11 9
26 12 7
26 13 1
26 14 14
26 15 5
26 16 11
26 17 3
26 18 2
26 19 2
26 20 4
26 21 1
26 22 9
26 23 11
26 24 12
26 25 5
27 0 6
27 1 7
27 2 9
27 3 8
27 4 11
27 5 5
27 6 4
27 7 8
27 8 8
27 9 13
27 10 12
27 11 10
27 12 5
27 13 4
27 14 5
27 15 9
27 16 1
27 17 9
27 18 12
27 19 2
27 20 10
27 21 13
27 22 1
27 23 11
27 24 11
27 25 6
27 26 1
28 0 13
28 1 5
28 2 10
28 3 7
28 4 1
28 5 6
28 6 5
28 7 9
28 8 8
28 9 2
28 10 6
28 11 12
28 12 9
28 13 9
28 14 8
28 15 1
28 16 5
28 17 14
28 18 11
28 19 2
28 20 13
28 21 9
28 22 5
28 23 9
28 24 13
28 25 4
28 26 12
28 27 9
29 0 4
29 1 10
29 2 2
29 3 11
29 4 4
29 5 13
29 6 5
29 7 5
29 8 9
29 9 6
29 10 13
29 11 4
29 12 9
29 13 10
29 14 10
29 15 5
29 16 7
29 17 9
29 18 6
29 19 12
29 20 1
29 21 7
29 22 13
29 23 13
29 24 11
29 25 12
29 26 1
29 27 2
29 28 13
30 0 13
30 1 14
30 2 5
30 3 9
30 4 8
30 5 1
30 6 14
30 7 2
30 8 10
30 9 4
30 10 7
30 11 6
30 12 2
30 13 1
30 14 9
30 15 3
30 16 4
30 17 7
30 18 10
30 19 4
30 20 6
30 21 4
30 22 13
30 23 9
30 24 11
30 25 4
30 26 3
30 27 11
30 28 8
30 29 5
31 0 2
31 1 9
31 2 3
31 3 10
31 4 5
31 5 14
31 6 9
31 7 1
31 8 4
31 9 8
31 10 13
31 11 8
31 12 1
31 13 3
31 14 3
31 15 6
31 16 14
31 17 10
31 18 4
31 19 1
31 20 11
31 21 3
31 22 8
31 23 4
31 24 5
31 25 14
31 26 8
31 27 7
31 28 6
31 29 2
31 30 11
32 0 2
32 1 2
32 2 1
32 3 3
32 4 11
32 5 9
32 6 8
32 7 9
32 8 14
32 9 4
32 10 13
32 11 2
32 12 3
32 13 1
32 14 6
32 15 10
32 16 4
32 17 12
32 18 11
32 19 9
32 20 7
32 21 14
32 22 6
32 23 7
32 24 2
32 25 2
32 26 6
32 27 2
32 28 6
32 29 5
32 30 6
32 31 4
33 0 5
33 1 11
33 2 14
33 3 3
33 4 7
33 5 7
33 6 6
33 7 3
33 8 6
33 9 14
33 10 8
33 11 7
33 12 10
33 13 7
33 14 14
33 15 8
33 16 8
33 17 14
33 18 2
33 19 12
33 20 12
33 21 11
33 22 13
33 23 6
33 24 9
33 25 6
33 26 12
33 27 10
33 28 12
33 29 8
33 30 10
33 31 11
33 32 1
34 0 6
34 1 6
34 2 11
34 3 3
34 4 10
34 5 8
34 6 12
34 7 12
34 8 10
34 9 10
34 10 2
34 11 13
34 12 13
34 13 1
34 14 12
34 15 8
34 16 1
34 17 6
34 18 14
34 19 10
34 20 13
34 21 8
34 22 12
34 23 14
34 24 1
34 25 5
34 26 8
34 27 9
34 28 13
34 29 3
34 30 5
34 31 2
34 32 5
34 33 1
35 0 8
35 1 9
35 2 5
35 3 10
35 4 10
35 5 3
35 6 10
35 7 10
35 8 12
35 9 4
35 10 10
35 11 13
35 12 6
35 13 1
35 14 10
35 15 14
35 16 2
35 17 5
35 18 12
35 19 13
35 20 4
35 21 5
35 22 14
35 23 12
35 24 13
35 25 7
35 26 10
35 27 6
35 28 2
35 29 4
35 30 2
35 31 8
35 32 5
35 33 6
35 34 11
36 0 2
36 1 13
36 2 2
36 3 3
36 4 7
36 5 2
36 6 7
36 7 10
36 8 3
36 9 2
36 10 14
36 11 9
36 12 2
36 13 12
36 14 9
36 15 3
36 16 2
36 17 14
36 18 14
36 19 7
36 20 12
36 21 12
36 22 11
36 23 7
36 24 14
36 25 5
36 26 2
36 27 6
36 28 5
36 29 8
36 30 3
36 31 3
36 32 14
36 33 14
36 34 10
36 35 9
37 0 9
37 1 13
37 2 6
37 3 3
37 4 6
37 5 3
37 6 10
37 7 14
37 8 11
37 9 10
37 10 13
37 11 4
37 12 14
37 13 3
37 14 1
37 15 11
37 16 8
37 17 14
37 18 8
37 19 1
37 20 6
37 21 12
37 22 11
37 23 11
37 24 2
37 25 11
37 26 10
37 27 3
37 28 7
37 29 1
37 30 7
37 31 12
37 32 7
37 33 9
37 34 1
37 35 13
37 36 2
38 0 12
38 1 6
38 2 12
38 3 3
38 4 5
38 5 9
38 6 3
38 7 9
38 8 12
38 9 7
38 10 6
38 11 11
38 12 13
38 13 7
38 14 14
38 15 3
38 16 11
38 17 13
38 18 9
38 19 7
38 20 2
38 21 2
38 22 14
38 23 8
38 24 7
38 25 1
38 26 11
38 27 11
38 28 14
38 29 6
38 30 12
38 31 11
38 32 7
38 33 7
38 34 9
38 35 7
38 36 5
38 37 11
39 0 8
39 1 6
39 2 4
39 3 2
39 4 7
39 5 9
39 6 5
39 7 9
39 8 4
39 9 9
39 10 7
39 11 11
39 12 6
39 13 4
39 14 8
39 15 8
39 16 11
39 17 5
39 18 6
39 19 8
39 20 10
39 21 8
39 22 1
39 23 6
39 24 14
39 25 7
39 26 4
39 27 2
39 28 8
39 29 13
39 30 4
39 31 4
39 32 10
39 33 2
39 34 9
39 35 4
39 36 4
39 37 11
39 38 14
40 0 9
40 1 5
40 2 9
40 3 6
40 4 13
40 5 11
40 6 9
40 7 4
40 8 11
40 9 6
40 10 1
40 11 8
40 12 12
40 13 10
40 14 6
40 15 13
40 16 12
40 17 12
40 18 1
40 19 6
40 20 7
40 21 12
40 22 13
40 23 1
40 24 3
40 25 2
40 26 9
40 27 5
40 28 12
40 29 8
40 30 14
40 31 5
40 32 1
40 33 11
40 34 14
40 35 2
40 36 1
40 37 6
40 38 14
40 39 5
41 0 11
41 1 8
41 2 1
41 3 7
41 4 14
41 5 14
41 6 13
41 7 12
41 8 3
41 9 5
41 10 13
41 11 7
41 12 5
41 13 7
41 14 6
41 15 12
41 16 8
41 17 1
41 18 11
41 19 4
41 20 2
41 21 13
41 22 4
41 23 8
41 24 1
41 25 8
41 26 10
41 27 14
41 28 3
41 29 5
41 30 14
41 31 11
41 32 5
41 33 2
41 34 12
41 35 2
41 36 13
41 37 7
41 38 13
41 39 14
41 40 9
42 0 12
42 1 13
42 2 2
42 3 2
42 4 1
42 5 3
42 6 13
42 7 5
42 8 8
42 9 7
42 10 5
42 11 1
42 12 5
42 13 10
42 14 12
42 15 9
42 16 8
42 17 7
42 18 6
42 19 8
42 20 13
42 21 4
42 22 4
42 23 5
42 24 11
42 25 10
42 26 13
42 27 6
42 28 2
42 29 2
42 30 7
42 31 13
42 32 2
42 33 6
42 34 3
42 35 11
42 36 13
42 37 3
42 38 3
42 39 2
42 40 4
42 41 7
43 0 12
43 1 6
43 2 6
43 3 4
43 4 7
43 5 13
43 6 13
43 7 3
43 8 5
43 9 2
43 10 13
43 11 5
43 12 5
43 13 13
43 14 5
43 15 11
43 16 10
43 17 14
43 18 14
43 19 6
43 20 1
43 21 3
43 22 14
43 23 13
43 24 5
43 25 9
43 26 12
43 27 1
43 28 14
43 29 4
43 30 6
43 31 4
43 32 1
43 33 7
43 34 13
43 35 13
43 36 9
43 37 12
43 38 6
43 39 1
43 40 9
43 41 13
43 42 4
44 0 10
44 1 13
44 2 5
44 3 1
44 4 13
44 5 8
44 6 9
44 7 5
44 8 5
44 9 7
44 10 1
44 11 8
44 12 3
44 13 3
44 14 9
44 15 14
44 16 8
44 17 14
44 18 12
44 19 10
44 20 14
44 21 3
44 22 7
44 23 3
44 24 6
44 25 9
44 26 3
44 27 13
44 28 6
44 29 5
44 30 9
44 31 1
44 32 8
44 33 8
44 34 14
44 35 3
44 36 8
44 37 10
44 38 1
44 39 7
44 40 3
44 41 8
44 42 3
44 43 11
45 0 3
45 1 13
45 2 10
45 3 1
45 4 12
45 5 11
45 6 3
45 7 4
45 8 7
45 9 4
45 10 10
45 11 6
45 12 2
45 13 4
45 14 8
45 15 10
45 16 9
45 17 7
45 18 13
45 19 6
45 20 11
45 21 2
45 22 3
45 23 4
45 24 12
45 25 6
45 26 4
45 27 5
45 28 13
45 29 3
45 30 9
45 31 10
45 32 12
45 33 12
45 34 1
45 35 8
45 36 13
45 37 6
45 38 3
45 39 5
45 40 1
45 41 5
45 42 3
45 43 2
45 44 2
46 0 5
46 1 1
46 2 1
46 3 3
46 4 14
46 5 10
46 6 5
46 7 12
46 8 12
46 9 1
46 10 9
46 11 2
46 12 2
46 13 11
46 14 13
46 15 2
46 16 4
46 17 7
46 18 1
46 19 12
46 20 3
46 21 14
46 22 9
46 23 5
46 24 9
46 25 2
46 26 10
46 27 4
46 28 10
46 29 13
46 30 9
46 31 12
46 32 13
46 33 6
46 34 6
46 35 3
46 36 6
46 37 12
46 38 11
46 39 10
46 40 2
46 41 6
46 42 9
46 43 5
46 44 11
46 45 2
47 0 9
47 1 12
47 2 4
47 3 10
47 4 8
47 5 13
47 6 6
47 7 10
47 8 2
47 9 13
47 10 5
47 11 3
47 12 11
47 13 3
47 14 11
47 15 7
47 16 6
47 17 5
47 18 1
47 19 11
47 20 2
47 21 12
47 22 3
47 23 3
47 24 3
47 25 11
47 26 9
47 27 14
47 28 4
47 29 7
47 30 8
47 31 3
47 32 11
47 33 6
47 34 9
47 35 6
47 36 3
47 37 7
47 38 11
47 39 5
47 40 14
47 41 14
47 42 2
47 43 14
47 44 5
47 45 12
47 46 1
48 0 3
48 1 5
48 2 13
48 3 11
48 4 9
48 5 5
48 6 10
48 7 5
48 8 5
48 9 2
48 10 9
48 11 10
48 12 12
48 13 7
48 14 13
48 15 1
48 16 13
48 17 13
48 18 6
48 19 2
48 20 3
48 21 14
48 22 7
48 23 2
48 24 11
48 25 13
48 26 14
48 27 6
48 28 1
48 29 14
48 30 10
48 31 9
48 32 10
48 33 7
48 34 13
48 35 9
48 36 10
48 37 1
48 38 2
48 39 3
48 40 12
48 41 3
48 42 3
48 43 14
48 44 9
48 45 8
48 46 12
48 47 8
49 0 1
49 1 4
49 2 12
49 3 5
49 4 9
49 5 14
49 6 8
49 7 6
49 8 10
49 9 8
49 10 10
49 11 1
49 12 13
49 13 14
49 14 14
49 15 11
49 16 4
49 17 2
49 18 2
49 19 6
49 20 13
49 21 12
49 22 13
49 23 10
49 24 8
49 25 13
49 26 6
49 27 11
49 28 6
49 29 9
49 30 8
49 31 11
49 32 6
49 33 1
49 34 6
49 35 3
49 36 10
49 37 12
49 38 9
49 39 12
49 40 5
49 41 14
49 42 11
49 43 10
49 44 11
49 45 8
49 46 14
49 47 4
49 48 6
50 0 4
50 1 3
50 2 1
50 3 4
50 4 12
50 5 5
50 6 1
50 7 4
50 8 10
50 9 5
50 10 2
50 11 7
50 12 12
50 13 5
50 14 1
50 15 7
50 16 1
50 17 4
50 18 13
50 19 1
50 20 6
50 21 4
50 22 6
50 23 5
50 24 1
50 25 14
50 26 3
50 27 10
50 28 5
50 29 10
50 30 8
50 31 12
50 32 5
50 33 11
50 34 6
50 35 9
50 36 13
50 37 12
50 38 9
50 39 13
50 40 12
50 41 11
50 42 10
50 43 5
50 44 2
50 45 1
50 46 11
50 47 6
50 48 13
50 49 1
51 0 1
51 1 11
51 2 12
51 3 13
51 4 4
51 5 12
51 6 14
51 7 13
51 8 14
51 9 6
51 10 9
51 11 14
51 12 8
51 13 6
51 14 14
51 15 4
51 16 9
51 17 13
51 18 12
51 19 4
51 20 1
51 21 1
51 22 3
51 23 7
51 24 14
51 25 10
51 26 2
51 27 6
51 28 13
51 29 2
51 30 8
51 31 7
51 32 3
51 33 2
51 34 2
51 35 7
51 36 4
51 37 6
51 38 7
51 39 14
51 40 8
51 41 4
51 42 2
51 43 6
51 44 11
51 45 2
51 46 4
51 47 14
51 48 3
51 49 10
51 50 3
52 0 6
52 1 11
52 2 3
52 3 3
52 4 1
52 5 6
52 6 1
52 7 3
52 8 9
52 9 2
52 10 11
52 11 8
52 12 13
52 13 2
52 14 10
52 15 9
52 16 12
52 17 1
52 18 9
52 19 6
52 20 2
52 21 11
52 22 12
52 23 12
52 24 12
52 25 12
52 26 11
52 27 3
52 28 12
52 29 11
52 30 4
52 31 5
52 32 2
52 33 7
52 34 8
52 35 14
52 36 8
52 37 6
52 38 2
52 39 3
52 40 8
52 41 8
52 42 3
52 43 9
52 44 4
52 45 8
52 46 5
52 47 2
52 48 13
52 49 11
52 50 6
52 51 14
53 0 3
53 1 4
53 2 6
53 3 3
53 4 13
53 5 13
53 6 4
53 7 14
53 8 5
53 9 9
53 10 8
53 11 1
53 12 5
53 13 5
53 14 11
53 15 12
53 16 9
53 17 1
53 18 3
53 19 7
53 20 4
53 21 13
53 22 5
53 23 1
53 24 14
53 25 14
53 26 11
53 27 10
53 28 7
53 29 7
53 30 8
53 31 5
53 32 3
53 33 14
53 34 4
53 35 7
53 36 6
53 37 13
53 38 14
53 39 11
53 40 6
53 41 7
53 42 14
53 43 13
53 44 10
53 45 9
53 46 2
53 47 8
53 48 7
53 49 2
53 50 5
53 51 11
53 52 5
54 0 2
54 1 6
54 2 13
54 3 2
54 4 13
54 5 10
54 6 10
54 7 1
54 8 3
54 9 13
54 10 13
54 11 12
54 12 7
54 13 1
54 14 5
54 15 6
54 16 4
54 17 3
54 18 8
54 19 6
54 20 8
54 21 5
54 22 8
54 23 9
54 24 1
54 25 3
54 26 13
54 27 8
54 28 1
54 29 7
54 30 12
54 31 6
54 32 8
54 33 13
54 34 9
54 35 12
54 36 2
54 37 12
54 38 8
54 39 12
54 40 11
54 41 2
54 42 11
54 43 13
54 44 6
54 45 5
54 46 3
54 47 4
54 48 14
54 49 9
54 50 1
54 51 1
54 52 9
54 53 12
55 0 4
55 1 3
55 2 14
55 3 13
55 4 2
55 5 9
55 6 11
55 7 11
55 8 1
55 9 7
55 10 8
55 11 1
55 12 5
55 13 10
55 14 8
55 15 8
55 16 10
55 17 12
55 18 14
55 19 9
55 20 13
55 21 8
55 22 10
55 23 12
55 24 7
55 25 5
55 26 3
55 27 7
55 28 9
55 29 1
55 30 7
55 31 11
55 32 5
55 33 2
55 34 3
55 35 8
55 36 3
55 37 10
55 38 7
55 39 14
55 40 7
55 41 4
55 42 10
55 43 5
55 44 7
55 45 5
55 46 2
55 47 13
55 48 7
55 49 6
55 50 14
55 51 8
55 52 2
55 53 2
55 54 4
56 0 2
56 1 4
56 2 1
56 3 10
56 4 8
56 5 8
56 6 7
56 7 8
56 8 9
56 9 5
56 10 6
56 11 1
56 12 3
56 13 2
56 14 10
56 15 11
56 16 4
56 17 6
56 18 11
56 19 5
56 20 13
56 21 12
56 22 7
56 23 7
56 24 7
56 25 4
56 26 4
56 27 12
56 28 7
56 29 12
56 30 11
56 31 4
56 32 8
56 33 8
56 34 10
56 35 14
56 36 10
56 37 1
56 38 4
56 39 12
56 40 14
56 41 10
56 42 8
56 43 12
56 44 4
56 45 11
56 46 10
56 47 8
56 48 14
56 49 12
56 50 9
56 51 14
56 52 9
56 53 3
56 54 11
56 55 5
57 0 8
57 1 13
57 2 10
57 3 13
57 4 9
57 5 13
57 6 10
57 7 7
57 8 3
57 9 8
57 10 4
57 11 1
57 12 1
57 13 4
57 14 4
57 15 12
57 16 4
57 17 1
57 18 6
57 19 5
57 20 12
57 21 12
57 22 9
57 23 9
57 24 10
57 25 11
57 26 3
57 27 10
57 28 3
57 29 9
57 30 11
57 31 14
57 32 8
57 33 1
57 34 14
57 35 14
57 36 6
57 37 11
57 38 2
57 39 13
57 40 11
57 41 6
57 42 9
57 43 10
57 44 13
57 45 3
57 46 3
57 47 8
57 48 12
57 49 10
57 50 13
57 51 4
57 52 2
57 53 6
57 54 3
57 55 1
57 56 13
58 0 9
58 1 11
58 2 6
58 3 10
58 4 2
58 5 12
58 6 6
58 7 5
58 8 13
58 9 10
58 10 2
58 11 11
58 12 2
58 13 10
58 14 11
58 15 8
58 16 5
58 17 3
58 18 11
58 19 8
58 20 7
58 21 7
58 22 4
58 23 11
58 24 10
58 25 1
58 26 8
58 27 12
58 28 6
58 29 10
58 30 8
58 31 5
58 32 12
58 33 12
58 34 8
58 35 10
58 36 10
58 37 1
58 38 1
58 39 13
58 40 1
58 41 5
58 42 11
58 43 9
58 44 14
58 45 1
58 46 5
58 47 4
58 48 1
58 49 12
58 50 8
58 51 2
58 52 7
58 53 3
58 54 7
58 55 12
58 56 13
58 57 13
59 0 10
59 1 6
59 2 2
59 3 5
59 4 13
59 5 6
59 6 13
59 7 10
59 8 3
59 9 5
59 10 14
59 11 12
59 12 13
59 13 8
59 14 8
59 15 6
59 16 3
59 17 2
59 18 7
59 19 2
59 20 2
59 21 12
59 22 7
59 23 14
59 24 9
59 25 11
59 26 13
59 27 13
59 28 13
59 29 4
59 30 9
59 31 7
59 32 5
59 33 13
59 34 3
59 35 7
59 36 9
59 37 6
59 38 3
59 39 12
59 40 8
59 41 12
59 42 7
59 43 7
59 44 2
59 45 5
59 46 11
59 47 5
59 48 1
59 49 6
59 50 14
59 51 7
59 52 6
59 53 7
59 54 9
59 55 4
59 56 10
59 57 2
59 58 2
