40
1 0 7
2 0 8
2 1 2
3 0 7
3 1 5
3 2 11
4 0 12
4 1 13
4 2 2
4 3 8
5 0 9
5 1 10
5 2 4
5 3 14
5 4 3
6 0 6
6 1 2
6 2 8
6 3 14
6 4 12
6 5 6
7 0 9
7 1 6
7 2 8
7 3 12
7 4 4
7 5 9
7 6 5
8 0 4
8 1 6
8 2 6
8 3 11
8 4 1
8 5 7
8 6 10
8 7 4
9 0 12
9 1 9
9 2 9
9 3 14
9 4 10
9 5 8
9 6 9
9 7 6
9 8 12
10 0 10
10 1 7
10 2 8
10 3 3
10 4 10
10 5 11
10 6 4
10 7 1
10 8 4
10 9 4
11 0 7
11 1 10
11 2 11
11 3 11
11 4 4
11 5 6
11 6 14
11 7 1
11 8 4
11 9 11
11 10 12
12 0 12
12 1 8
12 2 12
12 3 4
12 4 10
12 5 10
12 6 3
12 7 13
12 8 2
12 9 1
12 10 1
12 11 13
13 0 1
13 1 11
13 2 6
13 3 7
13 4 1
13 5 1
13 6 3
13 7 2
13 8 2
13 9 3
13 10 2
13 11 6
13 12 2
14 0 7
14 1 14
14 2 2
14 3 4
14 4 6
14 5 13
14 6 12
14 7 11
14 8 7
14 9 12
14 10 6
14 11 1
14 12 11
14 13 2
15 0 13
15 1 7
15 2 8
15 3 5
15 4 3
15 5 7
15 6 3
15 7 8
15 8 12
15 9 1
15 10 4
15 11 8
15 12 2
15 13 13
15 14 7
16 0 6
16 1 10
16 2 14
16 3 11
16 4 13
16 5 6
16 6 11
16 7 14
16 8 1
16 9 10
16 10 8
16 11 10
16 12 12
16 13 3
16 14 5
16 15 5
17 0 8
17 1 14
17 2 13
17 3 6
17 4 10
17 5 2
17 6 2
17 7 4
17 8 14
17 9 14
17 10 2
17 11 11
17 12 13
17 13 9
17 14 11
17 15 1
17 16 7
18 0 8
18 1 8
18 2 2
18 3 8
18 4 7
18 5 4
18 6 4
18 7 12
18 8 1
18 9 1
18 10 6
18 11 2
18 12 5
18 13 8
18 14 1
18 15 1
18 16 12
18 17 13
19 0 14
19 1 13
19 2 10
19 3 13
19 4 10
19 5 10
19 6 6
19 7 8
19 8 11
19 9 1
19 10 11
19 11 4
19 12 12
19 13 8
19 14 1
19 15 10
19 16 3
19 17 12
19 18 6
20 0 8
20 1 9
20 2 9
20 3 12
20 4 4
20 5 5
20 6 7
20 7 6
20 8 13
20 9 5
20 10 6
20 11 9
20 12 11
20 13 10
20 14 10
20 15 13
20 16 13
20 17 11
20 18 2
20 19 2
21 0 6
21 1 8
21 2 7
21 3 9
21 4 9
21 5 13
21 6 9
21 7 13
21 8 7
21 9 12
21 10 4
21 11 8
21 12 12
21 13 8
21 14 14
21 15 9
21 16 7
21 17 3
21 18 4
21 19 13
21 20 14
22 0 5
22 1 13
22 2 1
22 3 9
22 4 1
22 5 13
22 6 7
22 7 2
22 8 4
22 9 1
22 10 10
22 11 1
22 12 13
22 13 10
22 14 2
22 15 12
22 16 13
22 17 6
22 18 6
22 19 3
22 20 14
22 21 10
23 0 12
23 1 6
23 2 9
23 3 9
23 4 8
23 5 5
23 6 11
23 7 11
23 8 6
23 9 14
23 10 5
23 11 8
23 12 10
23 13 12
23 14 12
23 15 8
23 16 10
23 17 1
23 18 14
23 19 13
23 20 7
23 21 11
23 22 4
24 0 6
24 1 9
24 2 11
24 3 1
24 4 14
24 5 11
24 6 7
24 7 2
24 8 9
24 9 13
24 10 8
24 11 12
24 12 12
24 13 11
24 14 11
24 15 10
24 16 4
24 17 12
24 18 14
24 19 11
24 20 2
24 21 12
24 22 11
24 23 5
25 0 2
25 1 8
25 2 3
25 3 7
25 4 12
25 5 12
25 6 7
25 7 9
25 8 9
25 9 8
25 10 5
25 11 4
25 12 13
25 13 3
25 14 5
25 15 14
25 16 1
25 17 4
25 18 13
25 19 12
25 20 4
25 21 6
25 22 12
25 23 4
25 24 3
26 0 6
26 1 9
26 2 6
26 3 5
26 4 1
26 5 3
26 6 5
26 7 7
26 8 3
26 9 2
26 10 9
26 11 12
26 12 3
26 13 4
26 14 14
26 15 10
26 16 1
26 17 9
26 18 7
26 19 11
26 20 13
26 21 12
26 22 6
26 23 2
26 24 9
26 25 5
27 0 12
27 1 6
27 2 11
27 3 1
27 4 1
27 5 3
27 6 1
27 7 14
27 8 8
27 9 4
27 10 13
27 11 6
27 12 6
27 13 8
27 14 10
27 15 9
27 16 6
27 17 13
27 18 4
27 19 5
27 20 6
27 21 13
27 22 11
27 23 6
27 24 8
27 25 1
27 26 8
28 0 8
28 1 7
28 2 10
28 3 9
28 4 6
28 5 1
28 6 8
28 7 6
28 8 3
28 9 4
28 10 6
28 11 6
28 12 1
28 13 1
28 14 11
28 15 8
28 16 8
28 17 3
28 18 10
28 19 8
28 20 10
28 21 6
28 22 7
28 23 2
28 24 4
28 25 3
28 26 12
28 27 4
29 0 8
29 1 10
29 2 3
29 3 3
29 4 2
29 5 14
29 6 5
29 7 7
29 8 5
29 9 9
29 10 2
29 11 7
29 12 14
29 13 1
29 14 7
29 15 11
29 16 7
29 17 9
29 18 11
29 19 8
29 20 2
29 21 3
29 22 9
29 23 8
29 24 5
29 25 10
29 26 13
29 27 8
29 28 1
30 0 12
30 1 8
30 2 14
30 3 14
30 4 6
30 5 3
30 6 6
30 7 6
30 8 1
30 9 5
30 10 10
30 11 3
30 12 11
30 13 8
30 14 11
30 15 12
30 16 4
30 17 3
30 18 12
30 19 2
30 20 14
30 21 4
30 22 2
30 23 3
30 24 3
30 25 2
30 26 3
30 27 8
30 28 1
30 29 7
31 0 12
31 1 7
31 2 8
31 3 11
31 4 8
31 5 5
31 6 12
31 7 1
31 8 10
31 9 9
31 10 14
31 11 14
31 12 9
31 13 14
31 14 4
31 15 12
31 16 13
31 17 1
31 18 14
31 19 9
31 20 4
31 21 11
31 22 12
31 23 5
31 24 6
31 25 7
31 26 8
31 27 4
31 28 8
31 29 13
31 30 4
32 0 12
32 1 5
32 2 13
32 3 2
32 4 11
32 5 12
32 6 4
32 7 11
32 8 12
32 9 6
32 10 4
32 11 11
32 12 14
32 13 6
32 14 1
32 15 2
32 16 2
32 17 5
32 18 3
32 19 8
32 20 9
32 21 2
32 22 12
32 23 4
32 24 10
32 25 7
32 26 5
32 27 12
32 28 9
32 29 11
32 30 4
32 31 2
33 0 12
33 1 4
33 2 13
33 3 2
33 4 13
33 5 2
33 6 7
33 7 10
33 8 1
33 9 12
33 10 9
33 11 9
33 12 14
33 13 14
33 14 13
33 15 3
33 16 9
33 17 11
33 18 1
33 19 10
33 20 10
33 21 14
33 22 14
33 23 12
33 24 8
33 25 11
33 26 4
33 27 9
33 28 7
33 29 13
33 30 5
33 31 9
33 32 11
34 0 5
34 1 13
34 2 3
34 3 7
34 4 5
34 5 5
34 6 6
34 7 2
34 8 12
34 9 10
34 10 1
34 11 7
34 12 10
34 13 11
34 14 14
34 15 1
34 16 2
34 17 12
34 18 10
34 19 2
34 20 1
34 21 12
34 22 7
34 23 11
34 24 9
34 25 11
34 26 3
34 27 13
34 28 5
34 29 7
34 30 3
34 31 8
34 32 4
34 33 13
35 0 1
35 1 2
35 2 2
35 3 3
35 4 8
35 5 8
35 6 4
35 7 6
35 8 13
35 9 4
35 10 13
35 11 3
35 12 1
35 13 4
35 14 11
35 15 7
35 16 8
35 17 6
35 18 8
35 19 5
35 20 2
35 21 1
35 22 4
35 23 8
35 24 11
35 25 13
35 26 10
35 27 3
35 28 11
35 29 2
35 30 6
35 31 1
35 32 12
35 33 11
35 34 1
36 0 7
36 1 5
36 2 2
36 3 13
36 4 11
36 5 11
36 6 3
36 7 9
36 8 11
36 9 14
36 10 2
36 11 8
36 12 6
36 13 3
36 14 2
36 15 7
36 16 13
36 17 5
36 18 6
36 19 5
36 20 12
36 21 12
36 22 7
36 23 3
36 24 13
36 25 13
36 26 14
36 27 14
36 28 4
36 29 14
36 30 13
36 31 10
36 32 3
36 33 4
36 34 12
36 35 12
37 0 3
37 1 11
37 2 12
37 3 5
37 4 13
37 5 9
37 6 12
37 7 5
37 8 5
37 9 7
37 10 6
37 11 13
37 12 10
37 13 14
37 14 10
37 15 4
37 16 8
37 17 5
37 18 4
37 19 10
37 20 7
37 21 1
37 22 2
37 23 10
37 24 14
37 25 9
37 26 9
37 27 13
37 28 5
37 29 9
37 30 6
37 31 6
37 32 2
37 33 1
37 34 2
37 35 5
37 36 4
38 0 6
38 1 14
38 2 8
38 3 10
38 4 8
38 5 8
38 6 8
38 7 6
38 8 14
38 9 5
38 10 7
38 11 14
38 12 5
38 13 13
38 14 14
38 15 4
38 16 10
38 17 7
38 18 7
38 19 13
38 20 9
38 21 1
38 22 12
38 23 13
38 24 5
38 25 14
38 26 10
38 27 1
38 28 13
38 29 14
38 30 10
38 31 8
38 32 1
38 33 11
38 34 13
38 35 5
38 36 11
38 37 13
39 0 2
39 1 13
39 2 9
39 3 2
39 4 6
39 5 9
39 6 13
39 7 13
39 8 10
39 9 13
39 10 6
39 11 10
39 12 4
39 13 5
39 14 12
39 15 1
39 16 4
39 17 6
39 18 7
39 19 11
39 20 2
39 21 11
39 22 10
39 23 12
39 24 12
39 25 3
39 26 4
39 27 2
39 28 3
39 29 5
39 30 4
39 31 4
39 32 5
39 33 14
39 34 12
39 35 10
39 36 13
39 37 13
39 38 9
