30
1 0 2
2 0 4
2 1 3
3 0 1
3 1 3
3 2 2
4 0 2
4 1 4
4 2 2
4 3 4
5 0 1
5 1 3
5 2 2
5 3 1
5 4 1
6 0 2
6 1 3
6 2 4
6 3 3
6 4 2
6 5 1
7 0 3
7 1 4
7 2 2
7 3 1
7 4 2
7 5 2
7 6 1
8 0 4
8 1 2
8 2 3
8 3 3
8 4 1
8 5 1
8 6 3
8 7 3
9 0 3
9 1 3
9 2 2
9 3 3
9 4 4
9 5 1
9 6 2
9 7 2
9 8 1
10 0 1
10 1 1
10 2 3
10 3 4
10 4 2
10 5 1
10 6 1
10 7 3
10 8 2
10 9 3
11 0 4
11 1 2
11 2 4
11 3 2
11 4 3
11 5 2
11 6 1
11 7 1
11 8 4
11 9 4
11 10 3
12 0 4
12 1 4
12 2 4
12 3 4
12 4 2
12 5 3
12 6 3
12 7 3
12 8 3
12 9 3
12 10 1
12 11 2
13 0 1
13 1 3
13 2 1
13 3 3
13 4 4
13 5 4
13 6 1
13 7 1
13 8 1
13 9 4
13 10 4
13 11 3
13 12 3
14 0 2
14 1 4
14 2 4
14 3 4
14 4 1
14 5 2
14 6 1
14 7 3
14 8 1
14 9 1
14 10 4
14 11 3
14 12 4
14 13 3
15 0 2
15 1 3
15 2 4
15 3 1
15 4 2
15 5 2
15 6 1
15 7 2
15 8 2
15 9 2
15 10 3
15 11 1
15 12 4
15 13 1
15 14 2
16 0 2
16 1 3
16 2 4
16 3 4
16 4 1
16 5 4
16 6 2
16 7 1
16 8 2
16 9 2
16 10 3
16 11 2
16 12 3
16 13 3
16 14 2
16 15 4
17 0 3
17 1 1
17 2 3
17 3 2
17 4 3
17 5 3
17 6 2
17 7 4
17 8 1
17 9 1
17 10 3
17 11 3
17 12 1
17 13 3
17 14 3
17 15 1
17 16 2
18 0 1
18 1 3
18 2 1
18 3 2
18 4 2
18 5 4
18 6 1
18 7 4
18 8 2
18 9 1
18 10 4
18 11 2
18 12 1
18 13 2
18 14 3
18 15 2
18 16 3
18 17 1
19 0 3
19 1 2
19 2 3
19 3 2
19 4 2
19 5 2
19 6 1
19 7 1
19 8 3
19 9 3
19 10 4
19 11 2
19 12 4
19 13 3
19 14 4
19 15 1
19 16 2
19 17 3
19 18 2
20 0 2
20 1 4
20 2 3
20 3 4
20 4 3
20 5 3
20 6 4
20 7 3
20 8 4
20 9 2
20 10 1
20 11 1
20 12 1
20 13 2
20 14 3
20 15 1
20 16 4
20 17 2
20 18 1
20 19 2
21 0 4
21 1 4
21 2 4
21 3 2
21 4 2
21 5 3
21 6 4
21 7 1
21 8 1
21 9 3
21 10 4
21 11 1
21 12 2
21 13 1
21 14 2
21 15 3
21 16 4
21 17 4
21 18 1
21 19 4
21 20 3
22 0 4
22 1 1
22 2 3
22 3 4
22 4 3
22 5 4
22 6 3
22 7 4
22 8 4
22 9 2
22 10 2
22 11 3
22 12 2
22 13 2
22 14 1
22 15 4
22 16 3
22 17 4
22 18 4
22 19 3
22 20 4
22 21 1
23 0 3
23 1 4
23 2 2
23 3 4
23 4 4
23 5 4
23 6 1
23 7 4
23 8 3
23 9 1
23 10 2
23 11 1
23 12 4
23 13 4
23 14 4
23 15 1
23 16 2
23 17 1
23 18 2
23 19 2
23 20 1
23 21 2
23 22 3
24 0 4
24 1 3
24 2 3
24 3 1
24 4 1
24 5 4
24 6 2
24 7 4
24 8 4
24 9 1
24 10 4
24 11 3
24 12 1
24 13 3
24 14 1
24 15 2
24 16 2
24 17 3
24 18 3
24 19 1
24 20 4
24 21 3
24 22 1
24 23 4
25 0 1
25 1 4
25 2 3
25 3 3
25 4 4
25 5 2
25 6 4
25 7 4
25 8 3
25 9 1
25 10 4
25 11 4
25 12 1
25 13 1
25 14 2
25 15 4
25 16 2
25 17 1
25 18 3
25 19 1
25 20 1
25 21 1
25 22 3
25 23 2
25 24 4
26 0 3
26 1 3
26 2 2
26 3 4
26 4 2
26 5 4
26 6 3
26 7 3
26 8 1
26 9 3
26 10 3
26 11 4
26 12 3
26 13 3
26 14 3
26 15 1
26 16 1
26 17 3
26 18 2
26 19 3
26 20 2
26 21 3
26 22 4
26 23 2
26 24 3
26 25 2
27 0 4
27 1 1
27 2 4
27 3 3
27 4 4
27 5 4
27 6 2
27 7 2
27 8 3
27 9 2
27 10 1
27 11 4
27 12 2
27 13 1
27 14 3
27 15 2
27 16 3
27 17 4
27 18 2
27 19 2
27 20 2
27 21 2
27 22 1
27 23 4
27 24 1
27 25 1
27 26 2
28 0 1
28 1 2
28 2 3
28 3 2
28 4 4
28 5 1
28 6 1
28 7 3
28 8 4
28 9 3
28 10 2
28 11 3
28 12 2
28 13 4
28 14 4
28 15 3
28 16 2
28 17 3
28 18 3
28 19 2
28 20 1
28 21 1
28 22 1
28 23 2
28 24 3
28 25 1
28 26 2
28 27 1
29 0 1
29 1 2
29 2 1
29 3 3
29 4 2
29 5 1
29 6 2
29 7 3
29 8 1
29 9 1
29 10 4
29 11 2
29 12 1
29 13 1
29 14 4
29 15 2
29 16 1
29 17 1
29 18 1
29 19 3
29 20 3
29 21 2
29 22 2
29 23 1
29 24 2
29 25 1
29 26 4
29 27 1
29 28 3
