40
1 0 8
2 0 4
2 1 2
3 0 8
3 1 1
3 2 11
4 0 10
4 1 3
4 2 5
4 3 10
5 0 5
5 1 3
5 2 6
5 3 5
5 4 4
6 0 8
6 1 6
6 2 11
6 3 8
6 4 4
6 5 9
7 0 2
7 1 9
7 2 10
7 3 8
7 4 11
7 5 8
7 6 6
8 0 8
8 1 5
8 2 1
8 3 8
8 4 5
8 5 3
8 6 2
8 7 9
9 0 3
9 1 6
9 2 7
9 3 7
9 4 1
9 5 6
9 6 2
9 7 4
9 8 11
10 0 9
10 1 6
10 2 4
10 3 3
10 4 7
10 5 4
10 6 9
10 7 7
10 8 1
10 9 7
11 0 8
11 1 4
11 2 5
11 3 6
11 4 2
11 5 11
11 6 6
11 7 8
11 8 10
11 9 10
11 10 6
12 0 7
12 1 11
12 2 1
12 3 6
12 4 11
12 5 1
12 6 1
12 7 3
12 8 7
12 9 1
12 10 11
12 11 10
13 0 10
13 1 3
13 2 5
13 3 8
13 4 7
13 5 11
13 6 8
13 7 9
13 8 7
13 9 11
13 10 10
13 11 6
13 12 3
14 0 5
14 1 10
14 2 7
14 3 3
14 4 8
14 5 7
14 6 1
14 7 5
14 8 11
14 9 1
14 10 9
14 11 6
14 12 10
14 13 1
15 0 6
15 1 10
15 2 10
15 3 2
15 4 9
15 5 1
15 6 7
15 7 10
15 8 2
15 9 4
15 10 10
15 11 6
15 12 11
15 13 7
15 14 1
16 0 5
16 1 1
16 2 5
16 3 10
16 4 8
16 5 10
16 6 2
16 7 8
16 8 8
16 9 4
16 10 5
16 11 6
16 12 4
16 13 11
16 14 8
16 15 6
17 0 6
17 1 2
17 2 3
17 3 5
17 4 9
17 5 5
17 6 7
17 7 5
17 8 7
17 9 3
17 10 2
17 11 4
17 12 2
17 13 2
17 14 11
17 15 11
17 16 10
18 0 7
18 1 4
18 2 5
18 3 11
18 4 8
18 5 4
18 6 9
18 7 1
18 8 3
18 9 5
18 10 1
18 11 1
18 12 6
18 13 5
18 14 2
18 15 8
18 16 7
18 17 11
19 0 4
19 1 2
19 2 9
19 3 9
19 4 1
19 5 8
19 6 3
19 7 4
19 8 9
19 9 7
19 10 10
19 11 3
19 12 11
19 13 6
19 14 1
19 15 3
19 16 11
19 17 4
19 18 10
20 0 3
20 1 10
20 2 8
20 3 7
20 4 2
20 5 5
20 6 7
20 7 1
20 8 8
20 9 1
20 10 7
20 11 1
20 12 7
20 13 9
20 14 4
20 15 8
20 16 10
20 17 10
20 18 8
20 19 9
21 0 4
21 1 1
21 2 5
21 3 10
21 4 11
21 5 2
21 6 4
21 7 4
21 8 6
21 9 11
21 10 8
21 11 3
21 12 6
21 13 5
21 14 9
21 15 10
21 16 1
21 17 10
21 18 4
21 19 7
21 20 3
22 0 7
22 1 6
22 2 9
22 3 4
22 4 1
22 5 11
22 6 10
22 7 5
22 8 1
22 9 6
22 10 11
22 11 8
22 12 2
22 13 8
22 14 4
22 15 4
22 16 11
22 17 4
22 18 5
22 19 10
22 20 3
22 21 6
23 0 5
23 1 5
23 2 3
23 3 8
23 4 8
23 5 8
23 6 9
23 7 2
23 8 5
23 9 4
23 10 9
23 11 9
23 12 9
23 13 9
23 14 7
23 15 6
23 16 10
23 17 3
23 18 3
23 19 9
23 20 6
23 21 2
23 22 5
24 0 5
24 1 10
24 2 8
24 3 5
24 4 7
24 5 3
24 6 4
24 7 5
24 8 11
24 9 1
24 10 9
24 11 3
24 12 5
24 13 11
24 14 6
24 15 7
24 16 8
24 17 6
24 18 1
24 19 7
24 20 3
24 21 8
24 22 6
24 23 11
25 0 4
25 1 6
25 2 7
25 3 11
25 4 11
25 5 8
25 6 9
25 7 9
25 8 2
25 9 9
25 10 3
25 11 10
25 12 4
25 13 4
25 14 10
25 15 11
25 16 10
25 17 11
25 18 4
25 19 9
25 20 6
25 21 9
25 22 4
25 23 6
25 24 10
26 0 6
26 1 7
26 2 3
26 3 4
26 4 3
26 5 10
26 6 3
26 7 1
26 8 8
26 9 5
26 10 6
26 11 5
26 12 4
26 13 8
26 14 1
26 15 9
26 16 2
26 17 11
26 18 6
26 19 3
26 20 5
26 21 10
26 22 5
26 23 3
26 24 4
26 25 6
27 0 8
27 1 5
27 2 9
27 3 4
27 4 4
27 5 11
27 6 1
27 7 1
27 8 4
27 9 11
27 10 10
27 11 5
27 12 2
27 13 5
27 14 11
27 15 6
27 16 7
27 17 7
27 18 5
27 19 2
27 20 7
27 21 2
27 22 1
27 23 9
27 24 8
27 25 5
27 26 2
28 0 8
28 1 5
28 2 9
28 3 1
28 4 4
28 5 5
28 6 4
28 7 4
28 8 5
28 9 3
28 10 10
28 11 8
28 12 1
28 13 9
28 14 3
28 15 8
28 16 11
28 17 1
28 18 9
28 19 4
28 20 6
28 21 10
28 22 6
28 23 1
28 24 10
28 25 2
28 26 10
28 27 10
29 0 8
29 1 4
29 2 10
29 3 6
29 4 11
29 5 9
29 6 1
29 7 5
29 8 7
29 9 6
29 10 9
29 11 8
29 12 2
29 13 1
29 14 1
29 15 5
29 16 6
29 17 4
29 18 1
29 19 7
29 20 6
29 21 3
29 22 11
29 23 8
29 24 3
29 25 8
29 26 1
29 27 2
29 28 4
30 0 5
30 1 6
30 2 11
30 3 1
30 4 11
30 5 2
30 6 10
30 7 4
30 8 2
30 9 5
30 10 9
30 11 1
30 12 1
30 13 5
30 14 10
30 15 11
30 16 3
30 17 11
30 18 5
30 19 1
30 20 3
30 21 7
30 22 7
30 23 11
30 24 2
30 25 8
30 26 9
30 27 9
30 28 8
30 29 3
31 0 6
31 1 3
31 2 6
31 3 10
31 4 5
31 5 7
31 6 3
31 7 1
31 8 5
31 9 11
31 10 5
31 11 6
31 12 4
31 13 6
31 14 9
31 15 4
31 16 2
31 17 4
31 18 4
31 19 9
31 20 6
31 21 11
31 22 1
31 23 3
31 24 9
31 25 7
31 26 3
31 27 6
31 28 4
31 29 8
31 30 7
32 0 7
32 1 5
32 2 10
32 3 1
32 4 1
32 5 9
32 6 7
32 7 6
32 8 4
32 9 9
32 10 7
32 11 7
32 12 1
32 13 5
32 14 11
32 15 6
32 16 1
32 17 2
32 18 1
32 19 10
32 20 3
32 21 1
32 22 6
32 23 1
32 24 11
32 25 7
32 26 10
32 27 6
32 28 1
32 29 4
32 30 10
32 31 7
33 0 6
33 1 3
33 2 10
33 3 5
33 4 7
33 5 5
33 6 2
33 7 7
33 8 5
33 9 10
33 10 5
33 11 5
33 12 2
33 13 9
33 14 1
33 15 5
33 16 4
33 17 10
33 18 2
33 19 8
33 20 11
33 21 4
33 22 10
33 23 1
33 24 4
33 25 1
33 26 11
33 27 6
33 28 1
33 29 3
33 30 4
33 31 4
33 32 7
34 0 2
34 1 7
34 2 7
34 3 9
34 4 7
34 5 3
34 6 5
34 7 8
34 8 2
34 9 9
34 10 10
34 11 6
34 12 6
34 13 8
34 14 6
34 15 1
34 16 9
34 17 4
34 18 11
34 19 5
34 20 8
34 21 9
34 22 2
34 23 9
34 24 9
34 25 7
34 26 3
34 27 11
34 28 11
34 29 8
34 30 5
34 31 6
34 32 9
34 33 4
35 0 8
35 1 7
35 2 7
35 3 10
35 4 8
35 5 8
35 6 9
35 7 9
35 8 11
35 9 7
35 10 5
35 11 8
35 12 5
35 13 10
35 14 5
35 15 7
35 16 5
35 17 5
35 18 6
35 19 1
35 20 1
35 21 7
35 22 1
35 23 5
35 24 10
35 25 4
35 26 2
35 27 7
35 28 10
35 29 4
35 30 8
35 31 2
35 32 10
35 33 1
35 34 1
36 0 5
36 1 4
36 2 3
36 3 11
36 4 2
36 5 6
36 6 9
36 7 11
36 8 8
36 9 9
36 10 1
36 11 10
36 12 5
36 13 5
36 14 8
36 15 6
36 16 3
36 17 3
36 18 5
36 19 3
36 20 11
36 21 3
36 22 8
36 23 2
36 24 2
36 25 2
36 26 9
36 27 5
36 28 8
36 29 7
36 30 3
36 31 10
36 32 3
36 33 6
36 34 7
36 35 9
37 0 2
37 1 6
37 2 2
37 3 8
37 4 6
37 5 5
37 6 8
37 7 8
37 8 7
37 9 5
37 10 10
37 11 1
37 12 4
37 13 11
37 14 8
37 15 10
37 16 2
37 17 6
37 18 5
37 19 7
37 20 7
37 21 7
37 22 11
37 23 8
37 24 6
37 25 11
37 26 6
37 27 7
37 28 7
37 29 11
37 30 8
37 31 7
37 32 5
37 33 11
37 34 4
37 35 2
37 36 8
38 0 3
38 1 1
38 2 3
38 3 7
38 4 7
38 5 8
38 6 9
38 7 7
38 8 6
38 9 9
38 10 6
38 11 9
38 12 2
38 13 9
38 14 1
38 15 8
38 16 2
38 17 3
38 18 5
38 19 10
38 20 3
38 21 7
38 22 5
38 23 4
38 24 11
38 25 11
38 26 11
38 27 6
38 28 6
38 29 2
38 30 11
38 31 9
38 32 7
38 33 3
38 34 8
38 35 9
38 36 6
38 37 1
39 0 5
39 1 9
39 2 6
39 3 4
39 4 5
39 5 8
39 6 1
39 7 4
39 8 6
39 9 2
39 10 9
39 11 7
39 12 1
39 13 7
39 14 9
39 15 10
39 16 4
39 17 1
39 18 6
39 19 2
39 20 1
39 21 3
39 22 2
39 23 10
39 24 5
39 25 3
39 26 6
39 27 1
39 28 4
39 29 4
39 30 10
39 31 6
39 32 5
39 33 4
39 34 9
39 35 10
39 36 4
39 37 9
39 38 8
