60
2 1 1
3 0 5
3 1 4
4 0 7
4 3 6
5 0 2
5 2 4
5 3 2
6 0 5
6 4 6
6 5 3
7 0 4
7 1 6
7 2 6
7 4 3
8 2 4
8 3 2
8 5 2
9 2 5
9 3 6
9 4 3
9 5 4
9 6 1
9 7 6
9 8 5
10 3 7
10 4 1
10 5 6
10 6 1
10 8 1
10 9 5
11 0 6
11 7 1
11 8 2
11 10 6
12 0 5
12 1 4
12 2 3
12 3 7
12 5 7
12 6 7
12 7 3
12 10 1
12 11 2
13 1 6
13 2 2
13 3 5
13 4 7
13 6 7
13 8 1
13 12 5
14 1 6
14 4 4
14 5 3
14 8 3
14 9 6
14 11 2
14 12 6
15 1 4
15 5 7
15 8 3
15 9 4
15 10 7
16 4 3
16 6 2
16 10 2
16 13 6
16 14 1
17 2 4
17 6 6
17 8 4
17 15 4
17 16 7
18 2 1
18 5 2
18 7 5
18 10 5
18 11 3
18 13 5
18 14 7
18 15 6
18 17 1
19 1 7
19 2 4
19 4 7
19 5 6
19 6 2
19 12 1
19 13 3
19 14 6
19 15 5
19 17 4
20 0 4
20 2 4
20 7 5
20 8 2
20 9 7
20 10 1
20 15 6
20 16 2
20 17 4
20 18 5
20 19 1
21 0 5
21 2 2
21 3 5
21 5 1
21 6 7
21 7 4
21 8 2
21 9 3
21 11 7
21 13 6
21 14 4
21 16 5
21 18 2
22 1 3
22 4 2
22 6 3
22 7 5
22 10 2
22 11 5
22 14 5
22 15 5
22 19 4
22 20 6
23 4 4
23 5 4
23 6 1
23 7 3
23 8 4
23 9 5
23 11 5
23 12 3
23 15 4
23 19 7
23 20 7
23 21 4
23 22 5
24 1 7
24 6 3
24 9 7
24 11 2
24 13 5
24 14 7
24 16 2
24 17 3
24 18 3
24 19 2
24 22 4
25 1 5
25 4 6
25 5 2
25 9 4
25 10 6
25 11 3
25 12 7
25 18 6
25 19 1
25 20 7
25 22 2
25 23 7
26 1 2
26 2 7
26 6 7
26 7 4
26 10 7
26 11 3
26 16 4
26 17 1
26 18 6
26 22 2
26 25 5
27 1 7
27 2 7
27 8 6
27 10 5
27 16 6
27 24 3
27 25 3
28 0 3
28 2 1
28 5 4
28 8 5
28 9 5
28 12 6
28 15 6
28 19 7
28 21 5
28 22 1
28 24 4
28 25 5
28 26 3
28 27 4
29 1 2
29 4 2
29 5 5
29 6 5
29 10 2
29 11 6
29 12 7
29 15 2
29 17 6
29 19 1
29 20 6
29 23 4
29 25 5
29 26 6
29 28 7
30 2 5
30 5 6
30 6 6
30 7 7
30 8 4
30 9 7
30 11 1
30 14 4
30 15 1
30 16 3
30 18 2
30 20 5
30 21 7
30 22 5
30 23 7
30 26 2
30 27 3
30 29 3
31 0 4
31 2 2
31 3 5
31 4 3
31 5 6
31 7 1
31 8 5
31 9 2
31 10 5
31 17 4
31 18 3
31 19 5
31 26 3
31 27 2
31 28 6
31 29 1
31 30 7
32 0 1
32 3 6
32 4 2
32 5 4
32 8 1
32 11 5
32 12 2
32 13 4
32 14 7
32 16 2
32 17 7
32 18 6
32 19 6
32 23 2
32 24 2
32 26 4
32 28 3
32 29 4
32 31 6
33 2 1
33 3 6
33 5 3
33 7 1
33 10 4
33 12 3
33 13 2
33 14 3
33 15 2
33 16 5
33 17 3
33 18 6
33 19 2
33 20 4
33 21 1
33 23 7
33 25 6
33 26 5
33 32 2
34 5 7
34 7 1
34 9 3
34 10 5
34 18 4
34 19 4
34 20 4
34 22 5
34 23 7
34 25 6
34 26 5
34 28 6
34 30 3
34 33 6
35 1 1
35 2 7
35 3 6
35 4 6
35 5 7
35 6 3
35 7 5
35 8 7
35 10 3
35 11 6
35 12 5
35 13 2
35 14 7
35 16 6
35 17 2
35 19 5
35 20 5
35 22 3
35 23 6
35 24 3
35 25 5
35 26 2
35 28 1
35 29 3
35 31 7
35 33 2
36 1 1
36 2 3
36 5 7
36 8 2
36 12 7
36 14 1
36 16 1
36 19 1
36 21 3
36 24 1
36 30 2
36 31 7
36 33 1
36 34 3
37 4 7
37 5 2
37 6 4
37 7 3
37 9 6
37 13 5
37 17 7
37 18 7
37 20 2
37 21 3
37 22 3
37 23 4
37 29 3
37 31 6
37 32 7
37 33 7
37 36 1
38 1 1
38 2 1
38 3 1
38 6 6
38 9 4
38 10 2
38 14 1
38 16 7
38 18 7
38 19 5
38 21 6
38 22 3
38 23 4
38 26 3
38 27 1
38 28 6
38 29 4
38 31 7
38 34 2
39 1 1
39 2 4
39 3 2
39 4 2
39 5 6
39 7 2
39 10 4
39 13 1
39 17 7
39 19 6
39 22 4
39 25 2
39 26 7
39 28 1
39 29 7
39 30 1
39 35 7
39 36 4
39 37 5
40 0 7
40 1 4
40 3 6
40 6 2
40 7 5
40 8 4
40 9 5
40 10 5
40 12 6
40 14 1
40 16 2
40 17 6
40 20 1
40 25 5
40 26 3
40 27 3
40 28 2
40 29 6
40 30 4
40 32 1
40 34 3
40 36 2
40 37 7
40 39 5
41 1 4
41 3 4
41 9 2
41 11 6
41 13 3
41 19 6
41 22 5
41 23 5
41 24 2
41 25 7
41 29 2
41 30 1
41 31 6
41 33 3
41 35 2
41 40 4
42 2 4
42 7 3
42 9 7
42 10 6
42 12 4
42 15 2
42 16 3
42 17 2
42 18 7
42 19 6
42 20 7
42 21 6
42 26 6
42 27 4
42 28 3
42 33 7
42 34 4
42 35 3
42 36 2
42 37 5
42 38 2
42 40 6
42 41 5
43 0 4
43 2 2
43 4 4
43 5 2
43 6 6
43 7 6
43 15 6
43 16 7
43 17 1
43 20 3
43 22 4
43 23 5
43 27 7
43 29 1
43 30 3
43 32 5
43 33 6
43 34 5
43 38 5
43 39 3
43 40 4
43 42 2
44 1 3
44 3 6
44 4 1
44 10 1
44 11 6
44 13 2
44 18 4
44 21 5
44 23 4
44 27 3
44 30 7
44 33 1
44 36 2
44 37 3
44 38 7
44 39 5
44 41 1
44 43 4
45 0 6
45 5 3
45 7 2
45 9 5
45 10 7
45 11 4
45 12 7
45 16 1
45 18 6
45 20 2
45 22 7
45 24 2
45 26 1
45 27 4
45 33 5
45 35 1
45 36 2
45 37 4
45 38 6
45 40 7
45 44 4
46 0 2
46 1 4
46 6 6
46 8 4
46 9 7
46 10 7
46 12 2
46 15 2
46 18 7
46 21 6
46 22 3
46 23 1
46 25 2
46 26 2
46 28 5
46 30 4
46 32 2
46 33 2
46 35 1
46 36 6
46 38 4
46 42 5
46 43 3
46 44 7
46 45 1
47 0 3
47 2 1
47 3 7
47 5 5
47 6 2
47 8 7
47 9 2
47 11 7
47 15 2
47 16 7
47 17 4
47 19 2
47 21 7
47 23 3
47 25 1
47 26 5
47 28 3
47 30 2
47 32 1
47 33 4
47 34 6
47 36 6
47 37 4
47 38 5
47 41 5
47 42 5
47 44 4
47 45 5
48 2 5
48 3 2
48 5 4
48 8 2
48 9 4
48 13 4
48 14 1
48 15 6
48 16 2
48 21 6
48 23 1
48 25 1
48 27 5
48 29 4
48 32 1
48 33 1
48 39 7
48 40 6
48 41 2
48 42 1
48 43 7
48 44 6
48 45 6
49 0 3
49 1 5
49 2 7
49 5 1
49 9 1
49 12 3
49 13 6
49 14 4
49 15 5
49 16 4
49 18 5
49 19 3
49 21 3
49 25 1
49 26 7
49 28 1
49 33 6
49 44 2
49 46 4
49 48 2
50 0 5
50 1 5
50 2 5
50 3 4
50 5 3
50 8 1
50 9 6
50 12 1
50 14 2
50 15 4
50 16 4
50 18 3
50 20 4
50 24 5
50 26 5
50 27 6
50 28 3
50 29 1
50 30 2
50 31 3
50 32 4
50 34 1
50 35 4
50 36 7
50 37 7
50 38 7
50 39 1
50 41 2
50 42 2
50 43 4
50 44 4
50 45 2
50 46 4
51 0 4
51 2 2
51 4 7
51 5 2
51 6 6
51 7 6
51 8 4
51 11 6
51 13 2
51 14 7
51 18 2
51 19 5
51 21 5
51 22 2
51 27 3
51 28 2
51 29 5
51 30 3
51 33 6
51 34 7
51 35 7
51 36 4
51 37 4
51 39 1
51 40 4
51 44 6
51 46 1
51 47 1
51 49 7
52 3 1
52 4 4
52 5 5
52 6 5
52 9 1
52 10 4
52 11 2
52 13 3
52 14 2
52 15 3
52 16 6
52 17 7
52 19 4
52 20 7
52 21 3
52 22 2
52 23 4
52 25 4
52 26 5
52 29 3
52 30 1
52 33 2
52 35 2
52 36 6
52 37 3
52 38 7
52 40 3
52 43 4
52 44 6
52 46 1
52 47 4
52 48 2
53 1 1
53 2 4
53 4 2
53 5 7
53 7 7
53 9 7
53 10 2
53 16 6
53 18 7
53 19 5
53 21 4
53 24 4
53 26 7
53 27 6
53 28 6
53 30 4
53 32 1
53 35 6
53 37 1
53 40 3
53 41 4
53 44 3
53 48 2
54 1 1
54 5 7
54 7 3
54 9 6
54 11 4
54 14 5
54 15 6
54 17 5
54 20 3
54 22 2
54 26 2
54 29 3
54 31 1
54 33 1
54 37 2
54 38 7
54 41 1
54 46 6
54 49 1
54 51 1
54 52 3
54 53 7
55 0 5
55 1 6
55 2 7
55 3 2
55 4 6
55 5 2
55 7 1
55 9 3
55 12 5
55 14 3
55 15 5
55 16 2
55 17 4
55 18 3
55 23 4
55 24 1
55 26 2
55 29 3
55 30 5
55 31 4
55 32 2
55 33 5
55 35 4
55 36 6
55 37 3
55 40 3
55 41 6
55 42 4
55 45 4
55 46 5
55 47 1
55 49 4
55 52 1
55 53 2
56 4 7
56 6 2
56 7 4
56 8 1
56 9 3
56 10 7
56 12 7
56 15 7
56 19 2
56 20 1
56 23 1
56 27 6
56 29 6
56 30 1
56 32 5
56 33 1
56 34 4
56 37 7
56 39 4
56 42 3
56 43 4
56 46 6
56 48 4
56 49 5
56 52 7
56 53 7
56 54 4
57 4 1
57 5 5
57 6 7
57 10 1
57 11 6
57 15 3
57 16 6
57 17 1
57 19 5
57 20 5
57 22 1
57 23 7
57 24 3
57 30 4
57 32 7
57 37 2
57 38 2
57 39 1
57 42 7
57 45 3
57 51 3
57 52 4
57 53 7
57 54 7
57 55 1
58 0 1
58 1 3
58 7 1
58 10 6
58 12 6
58 15 3
58 18 6
58 23 7
58 24 6
58 27 7
58 29 6
58 30 6
58 34 4
58 40 7
58 44 7
58 45 3
58 46 2
58 49 1
58 51 1
58 52 5
58 57 2
59 0 2
59 1 4
59 4 5
59 5 4
59 7 2
59 10 5
59 11 4
59 14 6
59 15 5
59 17 2
59 22 7
59 23 3
59 24 5
59 26 4
59 28 3
59 30 3
59 32 7
59 33 2
59 35 4
59 39 3
59 42 3
59 44 5
59 47 3
59 48 6
59 49 7
59 52 6
59 53 2
59 56 1
