30
1 0 11
2 0 4
2 1 12
3 0 7
3 1 5
3 2 11
4 0 5
4 1 9
4 2 2
4 3 4
5 0 11
5 1 4
5 2 6
5 3 3
5 4 10
6 0 7
6 1 5
6 2 1
6 3 5
6 4 2
6 5 3
7 0 5
7 1 3
7 2 6
7 3 1
7 4 6
7 5 4
7 6 9
8 0 10
8 1 8
8 2 5
8 3 3
8 4 1
8 5 3
8 6 10
8 7 11
9 0 4
9 1 5
9 2 4
9 3 5
9 4 7
9 5 5
9 6 11
9 7 2
9 8 4
10 0 4
10 1 7
10 2 11
10 3 6
10 4 5
10 5 10
10 6 1
10 7 3
10 8 8
10 9 1
11 0 5
11 1 9
11 2 8
11 3 7
11 4 4
11 5 8
11 6 10
11 7 11
11 8 12
11 9 12
11 10 7
12 0 8
12 1 5
12 2 7
12 3 8
12 4 1
12 5 9
12 6 4
12 7 4
12 8 6
12 9 9
12 10 7
12 11 11
13 0 9
13 1 4
13 2 5
13 3 7
13 4 12
13 5 12
13 6 4
13 7 5
13 8 9
13 9 2
13 10 9
13 11 7
13 12 1
14 0 2
14 1 7
14 2 3
14 3 3
14 4 9
14 5 1
14 6 2
14 7 6
14 8 5
14 9 12
14 10 12
14 11 7
14 12 6
14 13 12
15 0 1
15 1 8
15 2 3
15 3 12
15 4 1
15 5 8
15 6 5
15 7 2
15 8 11
15 9 1
15 10 11
15 11 9
15 12 10
15 13 2
15 14 1
16 0 10
16 1 2
16 2 3
16 3 9
16 4 2
16 5 12
16 6 4
16 7 7
16 8 6
16 9 7
16 10 6
16 11 7
16 12 2
16 13 11
16 14 12
16 15 12
17 0 4
17 1 4
17 2 6
17 3 9
17 4 1
17 5 9
17 6 7
17 7 1
17 8 10
17 9 10
17 10 8
17 11 9
17 12 11
17 13 4
17 14 8
17 15 12
17 16 9
18 0 7
18 1 8
18 2 2
18 3 9
18 4 6
18 5 8
18 6 3
18 7 3
18 8 10
18 9 4
18 10 3
18 11 4
18 12 1
18 13 9
18 14 5
18 15 1
18 16 1
18 17 10
19 0 7
19 1 7
19 2 3
19 3 9
19 4 10
19 5 5
19 6 5
19 7 1
19 8 12
19 9 8
19 10 3
19 11 1
19 12 4
19 13 1
19 14 8
19 15 10
19 16 2
19 17 5
19 18 4
20 0 2
20 1 6
20 2 1
20 3 6
20 4 8
20 5 9
20 6 10
20 7 1
20 8 2
20 9 1
20 10 3
20 11 7
20 12 6
20 13 12
20 14 11
20 15 8
20 16 8
20 17 3
20 18 10
20 19 10
21 0 11
21 1 5
21 2 1
21 3 10
21 4 4
21 5 12
21 6 2
21 7 4
21 8 6
21 9 10
21 10 7
21 11 9
21 12 5
21 13 7
21 14 3
21 15 1
21 16 3
21 17 10
21 18 11
21 19 5
21 20 1
22 0 3
22 1 7
22 2 8
22 3 10
22 4 4
22 5 4
22 6 2
22 7 11
22 8 3
22 9 11
22 10 11
22 11 12
22 12 11
22 13 3
22 14 5
22 15 11
22 16 3
22 17 12
22 18 12
22 19 1
22 20 9
22 21 4
23 0 1
23 1 11
23 2 8
23 3 6
23 4 10
23 5 12
23 6 4
23 7 8
23 8 6
23 9 7
23 10 12
23 11 10
23 12 2
23 13 11
23 14 8
23 15 8
23 16 6
23 17 4
23 18 8
23 19 12
23 20 3
23 21 6
23 22 4
24 0 3
24 1 11
24 2 1
24 3 10
24 4 12
24 5 12
24 6 1
24 7 10
24 8 10
24 9 2
24 10 10
24 11 2
24 12 1
24 13 5
24 14 7
24 15 12
24 16 10
24 17 5
24 18 3
24 19 4
24 20 6
24 21 11
24 22 1
24 23 9
25 0 3
25 1 3
25 2 3
25 3 4
25 4 3
25 5 11
25 6 6
25 7 8
25 8 2
25 9 1
25 10 5
25 11 7
25 12 3
25 13 11
25 14 4
25 15 12
25 16 10
25 17 9
25 18 12
25 19 1
25 20 7
25 21 5
25 22 5
25 23 7
25 24 11
26 0 10
26 1 10
26 2 7
26 3 7
26 4 1
26 5 5
26 6 2
26 7 1
26 8 8
26 9 5
26 10 2
26 11 2
26 12 5
26 13 3
26 14 8
26 15 8
26 16 1
26 17 3
26 18 4
26 19 1
26 20 12
26 21 8
26 22 7
26 23 1
26 24 1
26 25 10
27 0 8
27 1 6
27 2 5
27 3 12
27 4 8
27 5 8
27 6 1
27 7 1
27 8 12
27 9 11
27 10 5
27 11 12
27 12 11
27 13 5
27 14 6
27 15 9
27 16 7
27 17 9
27 18 9
27 19 12
27 20 11
27 21 7
27 22 8
27 23 10
27 24 1
27 25 2
27 26 8
28 0 1
28 1 7
28 2 5
28 3 9
28 4 2
28 5 6
28 6 12
28 7 7
28 8 11
28 9 7
28 10 7
28 11 11
28 12 1
28 13 1
28 14 6
28 15 6
28 16 5
28 17 6
28 18 8
28 19 9
28 20 3
28 21 11
28 22 4
28 23 2
28 24 6
28 25 8
28 26 12
28 27 1
29 0 1
29 1 9
29 2 3
29 3 11
29 4 4
29 5 1
29 6 7
29 7 9
29 8 1
29 9 4
29 10 9
29 11 3
29 12 9
29 13 3
29 14 1
29 15 4
29 16 8
29 17 9
29 18 2
29 19 11
29 20 2
29 21 9
29 22 8
29 23 11
29 24 1
29 25 12
29 26 6
29 27 12
29 28 7
