40
1 0 3
2 0 4
2 1 10
3 0 2
3 1 4
3 2 10
4 0 1
4 1 1
4 2 2
4 3 8
5 0 7
5 1 2
5 2 3
5 3 4
5 4 4
6 0 3
6 1 1
6 2 2
6 3 3
6 4 4
6 5 9
7 0 7
7 1 5
7 2 4
7 3 9
7 4 9
7 5 3
7 6 3
8 0 2
8 1 8
8 2 10
8 3 10
8 4 5
8 5 7
8 6 1
8 7 5
9 0 2
9 1 5
9 2 3
9 3 5
9 4 8
9 5 2
9 6 7
9 7 4
9 8 3
10 0 10
10 1 10
10 2 9
10 3 7
10 4 8
10 5 4
10 6 9
10 7 10
10 8 2
10 9 7
11 0 3
11 1 7
11 2 5
11 3 7
11 4 6
11 5 10
11 6 7
11 7 4
11 8 3
11 9 6
11 10 9
12 0 9
12 1 1
12 2 7
12 3 2
12 4 2
12 5 1
12 6 9
12 7 1
12 8 8
12 9 8
12 10 3
12 11 7
13 0 5
13 1 5
13 2 5
13 3 1
13 4 2
13 5 6
13 6 1
13 7 6
13 8 1
13 9 4
13 10 6
13 11 8
13 12 1
14 0 7
14 1 3
14 2 2
14 3 1
14 4 7
14 5 10
14 6 2
14 7 3
14 8 1
14 9 7
14 10 6
14 11 8
14 12 5
14 13 1
15 0 1
15 1 4
15 2 3
15 3 6
15 4 2
15 5 7
15 6 6
15 7 4
15 8 2
15 9 6
15 10 10
15 11 3
15 12 6
15 13 4
15 14 3
16 0 6
16 1 9
16 2 6
16 3 9
16 4 1
16 5 3
16 6 4
16 7 6
16 8 7
16 9 7
16 10 10
16 11 4
16 12 9
16 13 3
16 14 5
16 15 4
17 0 9
17 1 10
17 2 7
17 3 4
17 4 10
17 5 1
17 6 6
17 7 3
17 8 8
17 9 10
17 10 10
17 11 7
17 12 1
17 13 1
17 14 7
17 15 4
17 16 9
18 0 2
18 1 5
18 2 10
18 3 3
18 4 3
18 5 10
18 6 1
18 7 10
18 8 10
18 9 4
18 10 6
18 11 3
18 12 4
18 13 7
18 14 6
18 15 6
18 16 8
18 17 9
19 0 2
19 1 10
19 2 2
19 3 10
19 4 8
19 5 5
19 6 1
19 7 4
19 8 9
19 9 2
19 10 1
19 11 10
19 12 10
19 13 9
19 14 7
19 15 5
19 16 1
19 17 1
19 18 5
20 0 8
20 1 8
20 2 6
20 3 1
20 4 4
20 5 10
20 6 2
20 7 9
20 8 9
20 9 8
20 10 5
20 11 6
20 12 1
20 13 4
20 14 10
20 15 7
20 16 3
20 17 10
20 18 4
20 19 8
21 0 2
21 1 2
21 2 1
21 3 3
21 4 6
21 5 8
21 6 3
21 7 5
21 8 7
21 9 4
21 10 8
21 11 2
21 12 2
21 13 3
21 14 1
21 15 6
21 16 2
21 17 7
21 18 7
21 19 2
21 20 5
22 0 8
22 1 10
22 2 5
22 3 9
22 4 1
22 5 6
22 6 8
22 7 8
22 8 8
22 9 7
22 10 3
22 11 5
22 12 5
22 13 8
22 14 2
22 15 2
22 16 5
22 17 9
22 18 10
22 19 1
22 20 7
22 21 5
23 0 5
23 1 5
23 2 1
23 3 5
23 4 2
23 5 6
23 6 9
23 7 1
23 8 2
23 9 9
23 10 9
23 11 7
23 12 4
23 13 5
23 14 7
23 15 10
23 16 10
23 17 2
23 18 2
23 19 3
23 20 8
23 21 3
23 22 7
24 0 7
24 1 10
24 2 10
24 3 10
24 4 4
24 5 6
24 6 8
24 7 2
24 8 3
24 9 5
24 10 10
24 11 4
24 12 7
24 13 1
24 14 6
24 15 5
24 16 5
24 17 2
24 18 10
24 19 2
24 20 2
24 21 4
24 22 7
24 23 9
25 0 6
25 1 4
25 2 6
25 3 5
25 4 5
25 5 5
25 6 2
25 7 2
25 8 3
25 9 5
25 10 10
25 11 7
25 12 7
25 13 9
25 14 9
25 15 5
25 16 1
25 17 6
25 18 1
25 19 4
25 20 3
25 21 2
25 22 2
25 23 6
25 24 4
26 0 10
26 1 5
26 2 5
26 3 8
26 4 7
26 5 5
26 6 6
26 7 2
26 8 7
26 9 8
26 10 6
26 11 10
26 12 3
26 13 6
26 14 10
26 15 7
26 16 1
26 17 7
26 18 1
26 19 2
26 20 2
26 21 3
26 22 8
26 23 4
26 24 2
26 25 9
27 0 7
27 1 9
27 2 8
27 3 6
27 4 6
27 5 6
27 6 3
27 7 7
27 8 1
27 9 7
27 10 7
27 11 5
27 12 6
27 13 7
27 14 5
27 15 6
27 16 7
27 17 6
27 18 9
27 19 2
27 20 2
27 21 7
27 22 4
27 23 3
27 24 4
27 25 2
27 26 10
28 0 7
28 1 3
28 2 4
28 3 10
28 4 3
28 5 6
28 6 8
28 7 9
28 8 1
28 9 8
28 10 8
28 11 1
28 12 2
28 13 4
28 14 8
28 15 9
28 16 2
28 17 8
28 18 8
28 19 10
28 20 1
28 21 3
28 22 6
28 23 8
28 24 4
28 25 6
28 26 5
28 27 5
29 0 3
29 1 3
29 2 7
29 3 9
29 4 3
29 5 7
29 6 5
29 7 2
29 8 8
29 9 9
29 10 7
29 11 5
29 12 8
29 13 6
29 14 7
29 15 3
29 16 2
29 17 6
29 18 4
29 19 7
29 20 3
29 21 9
29 22 6
29 23 2
29 24 5
29 25 9
29 26 7
29 27 5
29 28 7
30 0 9
30 1 9
30 2 5
30 3 8
30 4 10
30 5 10
30 6 9
30 7 1
30 8 3
30 9 1
30 10 2
30 11 5
30 12 7
30 13 2
30 14 2
30 15 4
30 16 5
30 17 1
30 18 7
30 19 10
30 20 7
30 21 5
30 22 3
30 23 7
30 24 4
30 25 5
30 26 3
30 27 1
30 28 3
30 29 5
31 0 7
31 1 10
31 2 2
31 3 8
31 4 9
31 5 4
31 6 4
31 7 10
31 8 10
31 9 5
31 10 8
31 11 2
31 12 8
31 13 10
31 14 4
31 15 9
31 16 3
31 17 5
31 18 6
31 19 1
31 20 1
31 21 2
31 22 1
31 23 5
31 24 5
31 25 10
31 26 5
31 27 3
31 28 4
31 29 9
31 30 2
32 0 6
32 1 8
32 2 3
32 3 5
32 4 5
32 5 10
32 6 9
32 7 3
32 8 1
32 9 8
32 10 1
32 11 5
32 12 7
32 13 6
32 14 1
32 15 6
32 16 1
32 17 7
32 18 3
32 19 8
32 20 2
32 21 8
32 22 4
32 23 2
32 24 9
32 25 2
32 26 8
32 27 9
32 28 9
32 29 4
32 30 8
32 31 2
33 0 1
33 1 9
33 2 6
33 3 7
33 4 5
33 5 1
33 6 1
33 7 1
33 8 7
33 9 3
33 10 1
33 11 8
33 12 10
33 13 7
33 14 1
33 15 9
33 16 1
33 17 8
33 18 6
33 19 8
33 20 8
33 21 10
33 22 3
33 23 2
33 24 7
33 25 4
33 26 3
33 27 10
33 28 1
33 29 9
33 30 7
33 31 6
33 32 1
34 0 9
34 1 10
34 2 6
34 3 3
34 4 2
34 5 7
34 6 1
34 7 4
34 8 9
34 9 6
34 10 5
34 11 1
34 12 8
34 13 4
34 14 1
34 15 4
34 16 2
34 17 3
34 18 5
34 19 4
34 20 2
34 21 5
34 22 3
34 23 8
34 24 10
34 25 5
34 26 3
34 27 1
34 28 4
34 29 7
34 30 6
34 31 9
34 32 1
34 33 5
35 0 8
35 1 2
35 2 5
35 3 4
35 4 10
35 5 1
35 6 8
35 7 10
35 8 1
35 9 3
35 10 5
35 11 4
35 12 7
35 13 6
35 14 9
35 15 10
35 16 7
35 17 3
35 18 4
35 19 3
35 20 5
35 21 2
35 22 7
35 23 7
35 24 10
35 25 5
35 26 4
35 27 7
35 28 7
35 29 10
35 30 5
35 31 6
35 32 4
35 33 5
35 34 4
36 0 4
36 1 1
36 2 5
36 3 7
36 4 6
36 5 6
36 6 5
36 7 2
36 8 6
36 9 1
36 10 2
36 11 9
36 12 2
36 13 2
36 14 7
36 15 1
36 16 8
36 17 1
36 18 9
36 19 1
36 20 10
36 21 10
36 22 2
36 23 5
36 24 10
36 25 3
36 26 4
36 27 3
36 28 7
36 29 3
36 30 4
36 31 10
36 32 10
36 33 7
36 34 2
36 35 9
37 0 6
37 1 6
37 2 6
37 3 1
37 4 3
37 5 4
37 6 7
37 7 7
37 8 9
37 9 3
37 10 6
37 11 9
37 12 8
37 13 5
37 14 6
37 15 5
37 16 6
37 17 8
37 18 3
37 19 2
37 20 3
37 21 8
37 22 2
37 23 1
37 24 8
37 25 6
37 26 6
37 27 8
37 28 6
37 29 8
37 30 6
37 31 9
37 32 1
37 33 7
37 34 8
37 35 7
37 36 7
38 0 4
38 1 10
38 2 4
38 3 7
38 4 3
38 5 5
38 6 8
38 7 5
38 8 2
38 9 8
38 10 7
38 11 1
38 12 7
38 13 10
38 14 6
38 15 5
38 16 4
38 17 2
38 18 6
38 19 4
38 20 10
38 21 4
38 22 9
38 23 5
38 24 3
38 25 8
38 26 8
38 27 10
38 28 10
38 29 4
38 30 1
38 31 6
38 32 3
38 33 2
38 34 1
38 35 6
38 36 7
38 37 5
39 0 4
39 1 6
39 2 2
39 3 8
39 4 1
39 5 2
39 6 9
39 7 4
39 8 6
39 9 5
39 10 1
39 11 7
39 12 8
39 13 3
39 14 4
39 15 7
39 16 4
39 17 9
39 18 3
39 19 5
39 20 6
39 21 5
39 22 5
39 23 4
39 24 8
39 25 7
39 26 9
39 27 6
39 28 7
39 29 2
39 30 9
39 31 1
39 32 8
39 33 1
39 34 7
39 35 2
39 36 5
39 37 8
39 38 5
