30
1 0 3
2 0 3
2 1 1
3 0 2
3 1 3
3 2 2
4 0 3
4 1 3
4 2 1
4 3 3
5 0 2
5 1 2
5 2 3
5 3 1
5 4 1
6 0 2
6 1 2
6 2 2
6 3 2
6 4 3
6 5 2
7 0 3
7 1 1
7 2 3
7 3 1
7 4 2
7 5 2
7 6 2
8 0 3
8 1 2
8 2 2
8 3 3
8 4 1
8 5 2
8 6 3
8 7 3
9 0 1
9 1 3
9 2 3
9 3 3
9 4 3
9 5 3
9 6 3
9 7 2
9 8 1
10 0 3
10 1 2
10 2 1
10 3 1
10 4 1
10 5 2
10 6 2
10 7 1
10 8 1
10 9 2
11 0 3
11 1 1
11 2 3
11 3 1
11 4 1
11 5 2
11 6 2
11 7 2
11 8 2
11 9 1
11 10 1
12 0 1
12 1 3
12 2 2
12 3 3
12 4 1
12 5 1
12 6 1
12 7 1
12 8 3
12 9 3
12 10 2
12 11 1
13 0 2
13 1 1
13 2 2
13 3 1
13 4 3
13 5 2
13 6 1
13 7 1
13 8 3
13 9 2
13 10 2
13 11 3
13 12 2
14 0 1
14 1 1
14 2 2
14 3 1
14 4 1
14 5 1
14 6 3
14 7 2
14 8 1
14 9 3
14 10 2
14 11 2
14 12 3
14 13 1
15 0 3
15 1 2
15 2 2
15 3 2
15 4 3
15 5 1
15 6 1
15 7 1
15 8 1
15 9 1
15 10 2
15 11 3
15 12 3
15 13 2
15 14 2
16 0 1
16 1 3
16 2 2
16 3 3
16 4 3
16 5 3
16 6 2
16 7 1
16 8 1
16 9 3
16 10 1
16 11 3
16 12 2
16 13 3
16 14 1
16 15 3
17 0 3
17 1 3
17 2 2
17 3 3
17 4 2
17 5 2
17 6 3
17 7 1
17 8 2
17 9 3
17 10 2
17 11 3
17 12 2
17 13 2
17 14 2
17 15 3
17 16 1
18 0 2
18 1 1
18 2 2
18 3 1
18 4 2
18 5 2
18 6 2
18 7 2
18 8 1
18 9 2
18 10 3
18 11 2
18 12 3
18 13 3
18 14 3
18 15 1
18 16 3
18 17 3
19 0 2
19 1 3
19 2 2
19 3 1
19 4 2
19 5 1
19 6 2
19 7 1
19 8 2
19 9 1
19 10 3
19 11 2
19 12 2
19 13 2
19 14 3
19 15 1
19 16 1
19 17 3
19 18 1
20 0 1
20 1 1
20 2 3
20 3 3
20 4 2
20 5 1
20 6 1
20 7 3
20 8 2
20 9 2
20 10 2
20 11 3
20 12 2
20 13 3
20 14 1
20 15 2
20 16 2
20 17 3
20 18 3
20 19 3
21 0 3
21 1 1
21 2 3
21 3 3
21 4 3
21 5 3
21 6 2
21 7 1
21 8 3
21 9 3
21 10 3
21 11 2
21 12 2
21 13 1
21 14 3
21 15 1
21 16 3
21 17 2
21 18 2
21 19 1
21 20 1
22 0 3
22 1 2
22 2 1
22 3 1
22 4 3
22 5 1
22 6 1
22 7 3
22 8 2
22 9 2
22 10 2
22 11 2
22 12 2
22 13 1
22 14 1
22 15 2
22 16 3
22 17 2
22 18 2
22 19 1
22 20 1
22 21 2
23 0 1
23 1 1
23 2 1
23 3 3
23 4 1
23 5 3
23 6 1
23 7 1
23 8 1
23 9 2
23 10 2
23 11 1
23 12 3
23 13 1
23 14 2
23 15 3
23 16 3
23 17 2
23 18 2
23 19 1
23 20 3
23 21 2
23 22 1
24 0 1
24 1 2
24 2 2
24 3 1
24 4 3
24 5 2
24 6 2
24 7 1
24 8 3
24 9 1
24 10 1
24 11 1
24 12 1
24 13 1
24 14 1
24 15 2
24 16 2
24 17 2
24 18 1
24 19 3
24 20 3
24 21 3
24 22 1
24 23 1
25 0 2
25 1 1
25 2 3
25 3 2
25 4 2
25 5 3
25 6 3
25 7 1
25 8 2
25 9 2
25 10 2
25 11 2
25 12 1
25 13 3
25 14 1
25 15 2
25 16 1
25 17 2
25 18 1
25 19 3
25 20 3
25 21 3
25 22 1
25 23 1
25 24 1
26 0 1
26 1 1
26 2 3
26 3 1
26 4 2
26 5 3
26 6 1
26 7 2
26 8 2
26 9 1
26 10 1
26 11 2
26 12 3
26 13 2
26 14 2
26 15 2
26 16 1
26 17 2
26 18 2
26 19 3
26 20 3
26 21 3
26 22 2
26 23 2
26 24 1
26 25 1
27 0 2
27 1 2
27 2 1
27 3 1
27 4 2
27 5 2
27 6 1
27 7 3
27 8 2
27 9 3
27 10 3
27 11 3
27 12 3
27 13 1
27 14 2
27 15 3
27 16 1
27 17 1
27 18 2
27 19 1
27 20 3
27 21 1
27 22 3
27 23 2
27 24 2
27 25 3
27 26 2
28 0 2
28 1 2
28 2 3
28 3 2
28 4 3
28 5 1
28 6 2
28 7 2
28 8 3
28 9 1
28 10 2
28 11 2
28 12 2
28 13 2
28 14 2
28 15 1
28 16 1
28 17 2
28 18 1
28 19 2
28 20 3
28 21 2
28 22 2
28 23 1
28 24 2
28 25 2
28 26 1
28 27 1
29 0 3
29 1 2
29 2 2
29 3 1
29 4 1
29 5 3
29 6 3
29 7 2
29 8 1
29 9 2
29 10 3
29 11 3
29 12 1
29 13 1
29 14 1
29 15 3
29 16 3
29 17 2
29 18 1
29 19 2
29 20 2
29 21 1
29 22 2
29 23 2
29 24 1
29 25 2
29 26 1
29 27 2
29 28 1
