30
3 1 3
4 0 2
4 3 3
5 1 1
5 2 1
5 3 1
5 4 4
6 0 1
6 1 3
6 2 3
6 3 2
7 1 4
7 2 4
7 4 1
8 0 2
8 1 3
8 2 3
8 3 2
8 4 1
8 5 2
9 1 3
9 3 1
9 4 3
9 5 2
9 6 4
9 7 2
9 8 3
10 0 1
10 3 2
10 4 2
10 5 1
10 7 3
10 8 3
10 9 2
11 0 3
11 1 1
11 2 4
11 5 2
11 6 3
11 10 3
12 0 2
12 1 2
12 2 4
12 3 1
12 4 3
12 6 1
12 8 1
12 11 3
13 0 4
13 2 1
13 3 4
13 4 1
13 6 3
13 8 4
13 10 3
13 11 3
14 4 2
14 5 2
14 7 2
14 9 1
15 0 3
15 3 3
15 4 4
15 5 2
15 7 4
15 8 1
15 9 4
15 12 1
15 13 1
15 14 2
16 0 4
16 2 1
16 8 4
16 10 1
16 14 1
17 1 1
17 2 3
17 3 2
17 5 2
17 6 2
17 7 2
17 8 1
17 9 2
17 10 3
17 12 4
17 14 4
17 16 4
18 0 2
18 1 4
18 2 3
18 3 3
18 6 3
18 8 3
18 11 1
18 15 2
19 3 4
19 6 3
19 7 2
19 8 1
19 10 4
19 13 1
19 14 1
19 17 2
19 18 1
20 0 1
20 4 4
20 6 2
20 7 4
20 8 4
20 9 3
20 11 2
20 16 4
20 18 1
21 0 1
21 6 2
21 7 4
21 9 1
21 11 1
21 14 2
21 15 1
21 16 1
21 18 1
22 0 4
22 4 1
22 6 1
22 8 2
22 9 3
22 10 4
22 12 2
22 13 3
22 16 4
22 17 2
22 21 4
23 1 2
23 2 4
23 4 2
23 5 1
23 6 4
23 9 4
23 11 1
23 12 3
23 13 4
23 19 1
23 20 2
23 21 3
24 3 1
24 9 4
24 11 4
24 14 2
24 17 1
24 18 2
24 22 1
24 23 2
25 1 1
25 2 2
25 6 3
25 8 2
25 9 2
25 10 4
25 11 4
25 12 1
25 13 4
25 14 1
25 15 2
25 18 1
25 20 4
25 22 4
25 23 2
25 24 4
26 0 1
26 3 1
26 6 3
26 8 3
26 9 2
26 11 2
26 13 2
26 16 2
26 18 4
26 19 2
26 22 3
26 23 3
26 24 3
27 2 1
27 4 3
27 5 3
27 6 2
27 7 4
27 8 1
27 9 2
27 10 2
27 12 2
27 13 1
27 18 1
27 20 4
27 21 4
27 22 1
27 24 4
27 26 2
28 1 3
28 6 3
28 15 2
28 18 1
28 20 4
28 21 1
28 24 3
28 26 1
28 27 1
29 1 2
29 2 2
29 3 1
29 7 4
29 8 1
29 9 3
29 12 4
29 15 1
29 16 2
29 17 4
29 19 1
29 20 4
29 21 2
29 22 2
29 23 1
29 24 1
