30
2 0 1
2 1 1
3 1 1
4 1 1
4 2 1
4 3 1
5 3 1
6 5 1
7 0 1
7 3 1
7 4 1
7 6 1
8 0 1
8 1 1
8 2 1
8 4 1
8 6 1
9 0 1
9 1 1
9 8 1
10 3 1
10 4 1
10 6 1
10 8 1
10 9 1
11 2 1
11 3 1
11 4 1
11 7 1
11 9 1
11 10 1
12 0 1
12 1 1
12 2 1
12 3 1
12 7 1
12 8 1
12 9 1
12 11 1
13 0 1
13 1 1
13 3 1
13 4 1
13 5 1
13 6 1
13 8 1
13 10 1
13 12 1
14 2 1
14 3 1
14 5 1
14 6 1
14 8 1
14 9 1
14 12 1
15 0 1
15 1 1
15 2 1
15 3 1
15 5 1
15 6 1
15 7 1
15 8 1
15 9 1
15 11 1
15 12 1
15 13 1
15 14 1
16 0 1
16 2 1
16 3 1
16 4 1
16 10 1
16 11 1
17 0 1
17 2 1
17 5 1
17 7 1
17 8 1
17 12 1
17 13 1
17 14 1
18 2 1
18 4 1
18 6 1
18 7 1
18 8 1
18 13 1
18 16 1
19 2 1
19 7 1
19 8 1
19 13 1
19 14 1
19 15 1
19 16 1
19 18 1
20 1 1
20 4 1
20 5 1
20 6 1
20 9 1
20 11 1
20 12 1
20 14 1
20 15 1
21 1 1
21 2 1
21 5 1
21 8 1
21 9 1
21 16 1
21 17 1
21 18 1
21 19 1
21 20 1
22 2 1
22 5 1
22 14 1
22 15 1
22 16 1
22 18 1
22 20 1
22 21 1
23 0 1
23 1 1
23 2 1
23 6 1
23 8 1
23 9 1
23 10 1
23 13 1
23 14 1
23 17 1
23 18 1
23 21 1
23 22 1
24 0 1
24 1 1
24 2 1
24 5 1
24 6 1
24 9 1
24 13 1
24 15 1
24 16 1
24 17 1
24 19 1
24 21 1
24 23 1
25 0 1
25 2 1
25 4 1
25 7 1
25 11 1
25 13 1
25 15 1
25 17 1
25 18 1
25 19 1
25 24 1
26 3 1
26 7 1
26 8 1
26 9 1
26 11 1
26 12 1
26 13 1
26 16 1
26 24 1
26 25 1
27 0 1
27 1 1
27 6 1
27 7 1
27 8 1
27 9 1
27 12 1
27 13 1
27 16 1
27 17 1
27 19 1
27 20 1
27 21 1
27 23 1
27 24 1
28 1 1
28 2 1
28 3 1
28 6 1
28 7 1
28 8 1
28 9 1
28 13 1
28 14 1
28 21 1
28 23 1
28 24 1
28 26 1
29 1 1
29 2 1
29 3 1
29 4 1
29 5 1
29 7 1
29 8 1
29 9 1
29 12 1
29 13 1
29 14 1
29 16 1
29 18 1
29 19 1
29 21 1
29 24 1
