70
1 0 1
2 0 4
2 1 3
3 0 1
3 1 3
3 2 2
4 0 6
4 1 2
4 2 3
4 3 5
5 0 5
5 1 5
5 2 3
5 3 3
5 4 5
6 0 2
6 1 6
6 2 2
6 3 2
6 4 4
6 5 5
7 0 2
7 1 1
7 2 4
7 3 5
7 4 2
7 5 4
7 6 5
8 0 1
8 1 5
8 2 5
8 3 6
8 4 1
8 5 5
8 6 1
8 7 6
9 0 1
9 1 5
9 2 4
9 3 5
9 4 1
9 5 3
9 6 5
9 7 5
9 8 4
10 0 3
10 1 1
10 2 1
10 3 2
10 4 1
10 5 6
10 6 2
10 7 6
10 8 6
10 9 5
11 0 3
11 1 3
11 2 5
11 3 6
11 4 2
11 5 1
11 6 3
11 7 5
11 8 6
11 9 5
11 10 5
12 0 6
12 1 4
12 2 3
12 3 5
12 4 6
12 5 2
12 6 5
12 7 6
12 8 5
12 9 3
12 10 5
12 11 6
13 0 1
13 1 5
13 2 6
13 3 2
13 4 5
13 5 6
13 6 1
13 7 3
13 8 6
13 9 2
13 10 2
13 11 2
13 12 3
14 0 4
14 1 1
14 2 5
14 3 4
14 4 6
14 5 5
14 6 1
14 7 2
14 8 3
14 9 3
14 10 6
14 11 4
14 12 3
14 13 6
15 0 2
15 1 6
15 2 5
15 3 5
15 4 6
15 5 4
15 6 5
15 7 4
15 8 5
15 9 1
15 10 5
15 11 1
15 12 3
15 13 3
15 14 5
16 0 2
16 1 5
16 2 1
16 3 4
16 4 4
16 5 6
16 6 4
16 7 3
16 8 1
16 9 5
16 10 2
16 11 4
16 12 3
16 13 6
16 14 1
16 15 5
17 0 2
17 1 4
17 2 6
17 3 6
17 4 5
17 5 1
17 6 1
17 7 4
17 8 6
17 9 5
17 10 1
17 11 2
17 12 1
17 13 5
17 14 3
17 15 6
17 16 4
18 0 2
18 1 2
18 2 4
18 3 2
18 4 6
18 5 5
18 6 4
18 7 5
18 8 4
18 9 1
18 10 4
18 11 4
18 12 3
18 13 2
18 14 4
18 15 4
18 16 1
18 17 5
19 0 1
19 1 3
19 2 3
19 3 2
19 4 3
19 5 4
19 6 1
19 7 6
19 8 4
19 9 5
19 10 6
19 11 6
19 12 6
19 13 1
19 14 6
19 15 2
19 16 2
19 17 5
19 18 1
20 0 4
20 1 3
20 2 3
20 3 4
20 4 1
20 5 5
20 6 4
20 7 3
20 8 2
20 9 5
20 10 2
20 11 5
20 12 5
20 13 6
20 14 2
20 15 2
20 16 6
20 17 6
20 18 5
20 19 4
21 0 3
21 1 5
21 2 1
21 3 1
21 4 3
21 5 4
21 6 5
21 7 1
21 8 4
21 9 3
21 10 6
21 11 4
21 12 5
21 13 5
21 14 5
21 15 6
21 16 4
21 17 3
21 18 2
21 19 3
21 20 1
22 0 4
22 1 4
22 2 4
22 3 5
22 4 3
22 5 1
22 6 4
22 7 3
22 8 5
22 9 2
22 10 4
22 11 5
22 12 6
22 13 6
22 14 3
22 15 3
22 16 6
22 17 6
22 18 6
22 19 4
22 20 5
22 21 2
23 0 3
23 1 2
23 2 1
23 3 6
23 4 4
23 5 6
23 6 2
23 7 6
23 8 5
23 9 2
23 10 6
23 11 1
23 12 3
23 13 6
23 14 4
23 15 2
23 16 4
23 17 6
23 18 1
23 19 3
23 20 4
23 21 2
23 22 6
24 0 6
24 1 5
24 2 5
24 3 6
24 4 3
24 5 4
24 6 6
24 7 4
24 8 1
24 9 1
24 10 3
24 11 2
24 12 2
24 13 5
24 14 4
24 15 2
24 16 5
24 17 3
24 18 4
24 19 4
24 20 4
24 21 3
24 22 4
24 23 6
25 0 4
25 1 1
25 2 6
25 3 6
25 4 2
25 5 5
25 6 4
25 7 2
25 8 6
25 9 5
25 10 1
25 11 3
25 12 4
25 13 5
25 14 6
25 15 2
25 16 4
25 17 4
25 18 1
25 19 6
25 20 3
25 21 6
25 22 6
25 23 4
25 24 6
26 0 6
26 1 4
26 2 3
26 3 1
26 4 2
26 5 5
26 6 2
26 7 6
26 8 6
26 9 6
26 10 5
26 11 4
26 12 6
26 13 4
26 14 1
26 15 5
26 16 6
26 17 5
26 18 4
26 19 4
26 20 2
26 21 1
26 22 6
26 23 6
26 24 6
26 25 2
27 0 3
27 1 1
27 2 6
27 3 3
27 4 1
27 5 6
27 6 3
27 7 5
27 8 6
27 9 4
27 10 3
27 11 5
27 12 3
27 13 5
27 14 6
27 15 5
27 16 2
27 17 4
27 18 5
27 19 2
27 20 5
27 21 3
27 22 2
27 23 6
27 24 2
27 25 3
27 26 3
28 0 2
28 1 4
28 2 6
28 3 3
28 4 6
28 5 2
28 6 3
28 7 2
28 8 4
28 9 3
28 10 3
28 11 2
28 12 5
28 13 6
28 14 2
28 15 5
28 16 6
28 17 3
28 18 5
28 19 4
28 20 2
28 21 6
28 22 4
28 23 6
28 24 4
28 25 3
28 26 6
28 27 5
29 0 2
29 1 1
29 2 3
29 3 4
29 4 6
29 5 5
29 6 2
29 7 6
29 8 1
29 9 6
29 10 1
29 11 2
29 12 6
29 13 4
29 14 2
29 15 6
29 16 1
29 17 3
29 18 6
29 19 3
29 20 1
29 21 6
29 22 5
29 23 2
29 24 4
29 25 3
29 26 5
29 27 3
29 28 6
30 0 3
30 1 3
30 2 1
30 3 6
30 4 1
30 5 5
30 6 6
30 7 1
30 8 1
30 9 4
30 10 3
30 11 2
30 12 4
30 13 3
30 14 2
30 15 5
30 16 1
30 17 6
30 18 4
30 19 1
30 20 6
30 21 4
30 22 1
30 23 5
30 24 2
30 25 2
30 26 4
30 27 2
30 28 3
30 29 1
31 0 4
31 1 4
31 2 1
31 3 1
31 4 4
31 5 6
31 6 5
31 7 1
31 8 3
31 9 6
31 10 6
31 11 2
31 12 6
31 13 4
31 14 1
31 15 1
31 16 2
31 17 4
31 18 4
31 19 3
31 20 1
31 21 2
31 22 3
31 23 3
31 24 5
31 25 1
31 26 2
31 27 6
31 28 1
31 29 6
31 30 3
32 0 4
32 1 5
32 2 3
32 3 4
32 4 1
32 5 3
32 6 6
32 7 1
32 8 5
32 9 2
32 10 5
32 11 3
32 12 1
32 13 2
32 14 5
32 15 1
32 16 2
32 17 1
32 18 4
32 19 4
32 20 4
32 21 3
32 22 5
32 23 6
32 24 6
32 25 4
32 26 6
32 27 6
32 28 2
32 29 3
32 30 5
32 31 1
33 0 1
33 1 4
33 2 5
33 3 3
33 4 4
33 5 2
33 6 5
33 7 2
33 8 6
33 9 3
33 10 4
33 11 2
33 12 2
33 13 6
33 14 6
33 15 5
33 16 1
33 17 2
33 18 3
33 19 3
33 20 1
33 21 2
33 22 6
33 23 6
33 24 1
33 25 3
33 26 4
33 27 2
33 28 4
33 29 6
33 30 6
33 31 4
33 32 1
34 0 2
34 1 4
34 2 3
34 3 6
34 4 4
34 5 1
34 6 1
34 7 1
34 8 5
34 9 2
34 10 2
34 11 2
34 12 1
34 13 2
34 14 2
34 15 5
34 16 4
34 17 1
34 18 3
34 19 6
34 20 3
34 21 4
34 22 2
34 23 5
34 24 1
34 25 1
34 26 5
34 27 4
34 28 4
34 29 6
34 30 3
34 31 2
34 32 3
34 33 6
35 0 6
35 1 1
35 2 4
35 3 3
35 4 4
35 5 2
35 6 2
35 7 6
35 8 3
35 9 4
35 10 4
35 11 6
35 12 1
35 13 1
35 14 6
35 15 6
35 16 4
35 17 2
35 18 4
35 19 2
35 20 1
35 21 3
35 22 6
35 23 1
35 24 5
35 25 3
35 26 2
35 27 2
35 28 1
35 29 5
35 30 4
35 31 4
35 32 1
35 33 4
35 34 1
36 0 1
36 1 1
36 2 2
36 3 3
36 4 4
36 5 3
36 6 3
36 7 3
36 8 5
36 9 5
36 10 4
36 11 3
36 12 6
36 13 6
36 14 2
36 15 3
36 16 1
36 17 5
36 18 5
36 19 3
36 20 4
36 21 5
36 22 2
36 23 5
36 24 2
36 25 4
36 26 5
36 27 3
36 28 3
36 29 5
36 30 4
36 31 4
36 32 5
36 33 6
36 34 4
36 35 1
37 0 5
37 1 3
37 2 3
37 3 4
37 4 5
37 5 1
37 6 1
37 7 6
37 8 2
37 9 2
37 10 3
37 11 3
37 12 3
37 13 5
37 14 2
37 15 6
37 16 3
37 17 4
37 18 3
37 19 3
37 20 2
37 21 1
37 22 2
37 23 3
37 24 1
37 25 2
37 26 2
37 27 2
37 28 1
37 29 5
37 30 5
37 31 5
37 32 2
37 33 2
37 34 3
37 35 1
37 36 2
38 0 6
38 1 5
38 2 4
38 3 5
38 4 3
38 5 2
38 6 6
38 7 4
38 8 2
38 9 2
38 10 1
38 11 1
38 12 2
38 13 5
38 14 3
38 15 2
38 16 5
38 17 6
38 18 3
38 19 3
38 20 1
38 21 6
38 22 1
38 23 2
38 24 3
38 25 3
38 26 4
38 27 5
38 28 2
38 29 4
38 30 1
38 31 3
38 32 2
38 33 3
38 34 1
38 35 2
38 36 3
38 37 4
39 0 2
39 1 6
39 2 4
39 3 5
39 4 4
39 5 2
39 6 2
39 7 1
39 8 2
39 9 3
39 10 3
39 11 3
39 12 3
39 13 5
39 14 2
39 15 4
39 16 6
39 17 2
39 18 5
39 19 5
39 20 5
39 21 3
39 22 1
39 23 1
39 24 3
39 25 5
39 26 2
39 27 3
39 28 2
39 29 2
39 30 1
39 31 6
39 32 4
39 33 5
39 34 5
39 35 3
39 36 3
39 37 2
39 38 1
40 0 2
40 1 6
40 2 2
40 3 4
40 4 2
40 5 3
40 6 4
40 7 2
40 8 1
40 9 3
40 10 5
40 11 6
40 12 5
40 13 5
40 14 1
40 15 3
40 16 3
40 17 3
40 18 2
40 19 3
40 20 2
40 21 5
40 22 5
40 23 1
40 24 4
40 25 6
40 26 3
40 27 5
40 28 4
40 29 2
40 30 2
40 31 6
40 32 6
40 33 3
40 34 4
40 35 3
40 36 6
40 37 5
40 38 6
40 39 6
41 0 5
41 1 6
41 2 6
41 3 3
41 4 5
41 5 1
41 6 4
41 7 4
41 8 2
41 9 6
41 10 3
41 11 4
41 12 1
41 13 1
41 14 4
41 15 3
41 16 3
41 17 1
41 18 3
41 19 4
41 20 2
41 21 4
41 22 4
41 23 4
41 24 2
41 25 5
41 26 4
41 27 6
41 28 5
41 29 6
41 30 2
41 31 2
41 32 4
41 33 4
41 34 4
41 35 2
41 36 2
41 37 5
41 38 1
41 39 2
41 40 3
42 0 6
42 1 2
42 2 6
42 3 4
42 4 3
42 5 4
42 6 5
42 7 3
42 8 6
42 9 5
42 10 1
42 11 2
42 12 6
42 13 1
42 14 4
42 15 6
42 16 6
42 17 6
42 18 5
42 19 2
42 20 2
42 21 6
42 22 5
42 23 2
42 24 2
42 25 2
42 26 3
42 27 1
42 28 1
42 29 4
42 30 3
42 31 5
42 32 4
42 33 3
42 34 2
42 35 3
42 36 1
42 37 4
42 38 5
42 39 5
42 40 6
42 41 5
43 0 5
43 1 6
43 2 5
43 3 4
43 4 4
43 5 6
43 6 3
43 7 1
43 8 6
43 9 6
43 10 2
43 11 2
43 12 4
43 13 3
43 14 5
43 15 3
43 16 3
43 17 5
43 18 4
43 19 4
43 20 6
43 21 6
43 22 4
43 23 2
43 24 5
43 25 1
43 26 2
43 27 3
43 28 1
43 29 6
43 30 3
43 31 5
43 32 2
43 33 3
43 34 1
43 35 6
43 36 4
43 37 6
43 38 5
43 39 2
43 40 3
43 41 2
43 42 5
44 0 3
44 1 5
44 2 6
44 3 3
44 4 2
44 5 6
44 6 4
44 7 2
44 8 5
44 9 5
44 10 3
44 11 5
44 12 6
44 13 6
44 14 2
44 15 4
44 16 6
44 17 2
44 18 6
44 19 5
44 20 5
44 21 1
44 22 1
44 23 3
44 24 2
44 25 2
44 26 5
44 27 5
44 28 6
44 29 6
44 30 6
44 31 3
44 32 2
44 33 5
44 34 1
44 35 2
44 36 4
44 37 6
44 38 4
44 39 2
44 40 3
44 41 2
44 42 1
44 43 2
45 0 3
45 1 4
45 2 1
45 3 1
45 4 6
45 5 4
45 6 2
45 7 6
45 8 6
45 9 2
45 10 3
45 11 4
45 12 6
45 13 1
45 14 1
45 15 2
45 16 1
45 17 2
45 18 4
45 19 1
45 20 3
45 21 4
45 22 4
45 23 3
45 24 2
45 25 3
45 26 5
45 27 1
45 28 6
45 29 5
45 30 3
45 31 3
45 32 2
45 33 2
45 34 6
45 35 6
45 36 2
45 37 4
45 38 3
45 39 3
45 40 2
45 41 6
45 42 3
45 43 3
45 44 6
46 0 2
46 1 6
46 2 4
46 3 1
46 4 4
46 5 6
46 6 4
46 7 4
46 8 2
46 9 4
46 10 1
46 11 4
46 12 2
46 13 4
46 14 2
46 15 5
46 16 4
46 17 1
46 18 6
46 19 2
46 20 3
46 21 5
46 22 5
46 23 3
46 24 2
46 25 3
46 26 2
46 27 4
46 28 1
46 29 3
46 30 5
46 31 2
46 32 5
46 33 4
46 34 4
46 35 1
46 36 2
46 37 4
46 38 6
46 39 5
46 40 2
46 41 1
46 42 4
46 43 6
46 44 5
46 45 4
47 0 2
47 1 6
47 2 1
47 3 3
47 4 2
47 5 1
47 6 1
47 7 4
47 8 5
47 9 1
47 10 5
47 11 1
47 12 3
47 13 4
47 14 2
47 15 3
47 16 1
47 17 2
47 18 6
47 19 6
47 20 6
47 21 5
47 22 1
47 23 2
47 24 6
47 25 6
47 26 5
47 27 6
47 28 5
47 29 6
47 30 1
47 31 1
47 32 4
47 33 6
47 34 1
47 35 1
47 36 6
47 37 2
47 38 5
47 39 1
47 40 3
47 41 1
47 42 3
47 43 4
47 44 6
47 45 3
47 46 6
48 0 3
48 1 5
48 2 3
48 3 1
48 4 2
48 5 1
48 6 1
48 7 4
48 8 6
48 9 6
48 10 3
48 11 1
48 12 3
48 13 3
48 14 4
48 15 3
48 16 6
48 17 3
48 18 6
48 19 1
48 20 1
48 21 1
48 22 6
48 23 6
48 24 1
48 25 6
48 26 5
48 27 3
48 28 3
48 29 2
48 30 6
48 31 5
48 32 3
48 33 5
48 34 1
48 35 6
48 36 6
48 37 4
48 38 5
48 39 3
48 40 6
48 41 3
48 42 1
48 43 6
48 44 4
48 45 3
48 46 5
48 47 5
49 0 4
49 1 6
49 2 5
49 3 5
49 4 6
49 5 1
49 6 3
49 7 5
49 8 3
49 9 3
49 10 3
49 11 5
49 12 6
49 13 2
49 14 1
49 15 3
49 16 3
49 17 3
49 18 4
49 19 6
49 20 2
49 21 3
49 22 4
49 23 5
49 24 2
49 25 5
49 26 5
49 27 6
49 28 1
49 29 1
49 30 6
49 31 5
49 32 5
49 33 2
49 34 3
49 35 6
49 36 3
49 37 4
49 38 1
49 39 4
49 40 6
49 41 1
49 42 4
49 43 6
49 44 4
49 45 4
49 46 1
49 47 5
49 48 5
50 0 2
50 1 6
50 2 1
50 3 5
50 4 2
50 5 4
50 6 2
50 7 3
50 8 5
50 9 1
50 10 5
50 11 2
50 12 6
50 13 3
50 14 3
50 15 3
50 16 3
50 17 2
50 18 3
50 19 4
50 20 4
50 21 2
50 22 6
50 23 3
50 24 6
50 25 2
50 26 2
50 27 3
50 28 2
50 29 5
50 30 6
50 31 2
50 32 5
50 33 2
50 34 1
50 35 6
50 36 1
50 37 2
50 38 4
50 39 1
50 40 4
50 41 6
50 42 2
50 43 6
50 44 4
50 45 5
50 46 2
50 47 2
50 48 5
50 49 1
51 0 4
51 1 5
51 2 6
51 3 2
51 4 5
51 5 4
51 6 6
51 7 4
51 8 4
51 9 1
51 10 1
51 11 3
51 12 3
51 13 3
51 14 4
51 15 3
51 16 2
51 17 6
51 18 6
51 19 5
51 20 2
51 21 4
51 22 1
51 23 5
51 24 1
51 25 6
51 26 3
51 27 6
51 28 3
51 29 2
51 30 4
51 31 3
51 32 6
51 33 1
51 34 6
51 35 4
51 36 3
51 37 5
51 38 5
51 39 5
51 40 2
51 41 4
51 42 3
51 43 5
51 44 1
51 45 2
51 46 3
51 47 3
51 48 4
51 49 4
51 50 1
52 0 6
52 1 1
52 2 6
52 3 3
52 4 5
52 5 2
52 6 6
52 7 4
52 8 1
52 9 2
52 10 6
52 11 5
52 12 2
52 13 4
52 14 2
52 15 6
52 16 3
52 17 2
52 18 6
52 19 2
52 20 2
52 21 5
52 22 1
52 23 3
52 24 2
52 25 2
52 26 2
52 27 2
52 28 4
52 29 2
52 30 3
52 31 2
52 32 3
52 33 4
52 34 6
52 35 1
52 36 3
52 37 6
52 38 1
52 39 6
52 40 5
52 41 5
52 42 4
52 43 6
52 44 6
52 45 5
52 46 6
52 47 1
52 48 2
52 49 1
52 50 4
52 51 5
53 0 5
53 1 3
53 2 4
53 3 5
53 4 3
53 5 5
53 6 2
53 7 5
53 8 5
53 9 4
53 10 6
53 11 1
53 12 1
53 13 4
53 14 2
53 15 1
53 16 3
53 17 4
53 18 3
53 19 2
53 20 4
53 21 4
53 22 5
53 23 6
53 24 4
53 25 2
53 26 1
53 27 2
53 28 1
53 29 1
53 30 6
53 31 6
53 32 6
53 33 6
53 34 2
53 35 1
53 36 4
53 37 4
53 38 1
53 39 6
53 40 5
53 41 6
53 42 4
53 43 5
53 44 6
53 45 4
53 46 1
53 47 3
53 48 1
53 49 3
53 50 6
53 51 5
53 52 6
54 0 3
54 1 2
54 2 6
54 3 3
54 4 4
54 5 6
54 6 2
54 7 3
54 8 1
54 9 2
54 10 5
54 11 6
54 12 1
54 13 5
54 14 4
54 15 3
54 16 1
54 17 3
54 18 1
54 19 2
54 20 3
54 21 6
54 22 2
54 23 2
54 24 5
54 25 4
54 26 3
54 27 1
54 28 3
54 29 6
54 30 6
54 31 6
54 32 4
54 33 3
54 34 3
54 35 6
54 36 3
54 37 2
54 38 3
54 39 2
54 40 5
54 41 1
54 42 3
54 43 6
54 44 4
54 45 6
54 46 5
54 47 6
54 48 3
54 49 4
54 50 5
54 51 6
54 52 5
54 53 3
55 0 1
55 1 6
55 2 1
55 3 4
55 4 5
55 5 5
55 6 4
55 7 5
55 8 1
55 9 3
55 10 2
55 11 3
55 12 2
55 13 1
55 14 6
55 15 5
55 16 1
55 17 5
55 18 1
55 19 1
55 20 1
55 21 6
55 22 1
55 23 3
55 24 2
55 25 4
55 26 1
55 27 6
55 28 2
55 29 5
55 30 3
55 31 3
55 32 5
55 33 4
55 34 4
55 35 3
55 36 2
55 37 3
55 38 5
55 39 3
55 40 3
55 41 6
55 42 2
55 43 2
55 44 2
55 45 6
55 46 1
55 47 5
55 48 2
55 49 6
55 50 3
55 51 3
55 52 1
55 53 4
55 54 5
56 0 5
56 1 1
56 2 3
56 3 2
56 4 3
56 5 5
56 6 5
56 7 5
56 8 3
56 9 1
56 10 3
56 11 5
56 12 2
56 13 6
56 14 4
56 15 6
56 16 4
56 17 5
56 18 2
56 19 2
56 20 5
56 21 5
56 22 6
56 23 5
56 24 4
56 25 4
56 26 6
56 27 2
56 28 6
56 29 1
56 30 3
56 31 4
56 32 1
56 33 5
56 34 6
56 35 1
56 36 6
56 37 2
56 38 1
56 39 1
56 40 4
56 41 5
56 42 1
56 43 6
56 44 2
56 45 1
56 46 4
56 47 6
56 48 2
56 49 3
56 50 1
56 51 3
56 52 2
56 53 4
56 54 6
56 55 3
57 0 2
57 1 3
57 2 1
57 3 6
57 4 1
57 5 3
57 6 6
57 7 3
57 8 1
57 9 4
57 10 3
57 11 2
57 12 5
57 13 6
57 14 1
57 15 2
57 16 2
57 17 6
57 18 5
57 19 5
57 20 3
57 21 1
57 22 3
57 23 4
57 24 6
57 25 4
57 26 3
57 27 6
57 28 3
57 29 1
57 30 5
57 31 3
57 32 3
57 33 2
57 34 4
57 35 4
57 36 4
57 37 1
57 38 5
57 39 3
57 40 2
57 41 3
57 42 4
57 43 5
57 44 2
57 45 6
57 46 1
57 47 3
57 48 4
57 49 4
57 50 4
57 51 5
57 52 2
57 53 5
57 54 4
57 55 6
57 56 5
58 0 1
58 1 1
58 2 4
58 3 6
58 4 3
58 5 5
58 6 5
58 7 4
58 8 5
58 9 5
58 10 1
58 11 5
58 12 1
58 13 1
58 14 5
58 15 4
58 16 5
58 17 4
58 18 4
58 19 5
58 20 1
58 21 3
58 22 1
58 23 4
58 24 2
58 25 5
58 26 5
58 27 5
58 28 6
58 29 1
58 30 3
58 31 3
58 32 4
58 33 6
58 34 6
58 35 5
58 36 6
58 37 2
58 38 1
58 39 6
58 40 4
58 41 2
58 42 2
58 43 4
58 44 1
58 45 2
58 46 1
58 47 2
58 48 4
58 49 2
58 50 3
58 51 5
58 52 4
58 53 5
58 54 5
58 55 2
58 56 6
58 57 6
59 0 2
59 1 1
59 2 4
59 3 6
59 4 5
59 5 5
59 6 6
59 7 2
59 8 1
59 9 3
59 10 1
59 11 2
59 12 6
59 13 3
59 14 6
59 15 2
59 16 6
59 17 1
59 18 2
59 19 4
59 20 6
59 21 1
59 22 3
59 23 1
59 24 5
59 25 5
59 26 3
59 27 5
59 28 5
59 29 4
59 30 5
59 31 6
59 32 2
59 33 5
59 34 6
59 35 6
59 36 4
59 37 3
59 38 1
59 39 4
59 40 6
59 41 1
59 42 2
59 43 4
59 44 4
59 45 6
59 46 1
59 47 2
59 48 2
59 49 6
59 50 6
59 51 1
59 52 2
59 53 5
59 54 2
59 55 2
59 56 6
59 57 1
59 58 3
60 0 6
60 1 2
60 2 6
60 3 3
60 4 3
60 5 5
60 6 2
60 7 2
60 8 1
60 9 1
60 10 3
60 11 3
60 12 2
60 13 5
60 14 3
60 15 5
60 16 2
60 17 4
60 18 4
60 19 1
60 20 5
60 21 4
60 22 5
60 23 6
60 24 4
60 25 6
60 26 2
60 27 1
60 28 1
60 29 6
60 30 3
60 31 3
60 32 6
60 33 5
60 34 2
60 35 2
60 36 1
60 37 4
60 38 6
60 39 1
60 40 4
60 41 6
60 42 6
60 43 6
60 44 2
60 45 1
60 46 4
60 47 2
60 48 5
60 49 4
60 50 2
60 51 6
60 52 6
60 53 6
60 54 5
60 55 4
60 56 3
60 57 1
60 58 2
60 59 5
61 0 5
61 1 2
61 2 3
61 3 4
61 4 4
61 5 2
61 6 5
61 7 4
61 8 4
61 9 4
61 10 5
61 11 1
61 12 3
61 13 2
61 14 1
61 15 3
61 16 3
61 17 4
61 18 3
61 19 6
61 20 5
61 21 6
61 22 2
61 23 1
61 24 4
61 25 5
61 26 2
61 27 3
61 28 4
61 29 5
61 30 3
61 31 2
61 32 4
61 33 6
61 34 4
61 35 2
61 36 4
61 37 5
61 38 5
61 39 4
61 40 4
61 41 6
61 42 4
61 43 1
61 44 5
61 45 1
61 46 6
61 47 6
61 48 4
61 49 6
61 50 1
61 51 3
61 52 5
61 53 2
61 54 3
61 55 1
61 56 6
61 57 6
61 58 4
61 59 4
61 60 1
62 0 5
62 1 3
62 2 3
62 3 4
62 4 3
62 5 3
62 6 2
62 7 4
62 8 3
62 9 2
62 10 4
62 11 4
62 12 2
62 13 2
62 14 5
62 15 5
62 16 3
62 17 3
62 18 2
62 19 1
62 20 5
62 21 1
62 22 5
62 23 6
62 24 1
62 25 6
62 26 3
62 27 1
62 28 5
62 29 4
62 30 2
62 31 1
62 32 1
62 33 1
62 34 3
62 35 1
62 36 2
62 37 6
62 38 6
62 39 4
62 40 1
62 41 4
62 42 6
62 43 3
62 44 5
62 45 4
62 46 6
62 47 4
62 48 1
62 49 1
62 50 1
62 51 3
62 52 3
62 53 1
62 54 1
62 55 2
62 56 5
62 57 6
62 58 6
62 59 5
62 60 1
62 61 5
63 0 1
63 1 1
63 2 3
63 3 1
63 4 2
63 5 1
63 6 5
63 7 2
63 8 5
63 9 1
63 10 3
63 11 1
63 12 2
63 13 2
63 14 3
63 15 6
63 16 6
63 17 1
63 18 4
63 19 2
63 20 1
63 21 4
63 22 5
63 23 3
63 24 6
63 25 5
63 26 5
63 27 2
63 28 4
63 29 6
63 30 4
63 31 5
63 32 2
63 33 4
63 34 3
63 35 3
63 36 4
63 37 4
63 38 2
63 39 6
63 40 6
63 41 5
63 42 3
63 43 4
63 44 4
63 45 5
63 46 6
63 47 1
63 48 5
63 49 5
63 50 3
63 51 1
63 52 6
63 53 3
63 54 6
63 55 2
63 56 2
63 57 2
63 58 3
63 59 1
63 60 6
63 61 5
63 62 1
64 0 3
64 1 1
64 2 6
64 3 5
64 4 5
64 5 4
64 6 4
64 7 4
64 8 6
64 9 6
64 10 4
64 11 6
64 12 2
64 13 4
64 14 4
64 15 3
64 16 2
64 17 3
64 18 2
64 19 2
64 20 1
64 21 4
64 22 2
64 23 4
64 24 1
64 25 6
64 26 6
64 27 2
64 28 2
64 29 3
64 30 3
64 31 3
64 32 2
64 33 6
64 34 3
64 35 1
64 36 4
64 37 6
64 38 2
64 39 4
64 40 1
64 41 1
64 42 1
64 43 6
64 44 2
64 45 4
64 46 3
64 47 5
64 48 4
64 49 4
64 50 6
64 51 5
64 52 6
64 53 6
64 54 1
64 55 3
64 56 3
64 57 2
64 58 2
64 59 2
64 60 4
64 61 1
64 62 1
64 63 4
65 0 3
65 1 1
65 2 4
65 3 4
65 4 3
65 5 4
65 6 6
65 7 3
65 8 1
65 9 6
65 10 5
65 11 2
65 12 3
65 13 1
65 14 1
65 15 4
65 16 3
65 17 1
65 18 4
65 19 6
65 20 3
65 21 4
65 22 2
65 23 3
65 24 2
65 25 1
65 26 3
65 27 6
65 28 2
65 29 5
65 30 3
65 31 2
65 32 3
65 33 5
65 34 4
65 35 4
65 36 3
65 37 1
65 38 3
65 39 6
65 40 3
65 41 4
65 42 2
65 43 6
65 44 5
65 45 4
65 46 3
65 47 4
65 48 4
65 49 3
65 50 6
65 51 4
65 52 6
65 53 6
65 54 1
65 55 6
65 56 5
65 57 1
65 58 1
65 59 6
65 60 3
65 61 1
65 62 2
65 63 3
65 64 2
66 0 3
66 1 3
66 2 3
66 3 5
66 4 3
66 5 4
66 6 6
66 7 6
66 8 6
66 9 6
66 10 6
66 11 1
66 12 1
66 13 2
66 14 4
66 15 4
66 16 2
66 17 1
66 18 1
66 19 1
66 20 3
66 21 6
66 22 2
66 23 2
66 24 3
66 25 6
66 26 4
66 27 2
66 28 2
66 29 4
66 30 2
66 31 4
66 32 5
66 33 3
66 34 5
66 35 1
66 36 6
66 37 4
66 38 2
66 39 1
66 40 6
66 41 2
66 42 1
66 43 1
66 44 1
66 45 4
66 46 1
66 47 3
66 48 3
66 49 5
66 50 3
66 51 5
66 52 1
66 53 6
66 54 6
66 55 2
66 56 2
66 57 2
66 58 5
66 59 1
66 60 1
66 61 3
66 62 2
66 63 2
66 64 1
66 65 5
67 0 4
67 1 4
67 2 2
67 3 6
67 4 6
67 5 5
67 6 6
67 7 3
67 8 3
67 9 3
67 10 6
67 11 3
67 12 3
67 13 3
67 14 4
67 15 3
67 16 2
67 17 2
67 18 6
67 19 1
67 20 6
67 21 6
67 22 2
67 23 6
67 24 6
67 25 3
67 26 3
67 27 4
67 28 4
67 29 1
67 30 3
67 31 6
67 32 4
67 33 2
67 34 4
67 35 6
67 36 3
67 37 6
67 38 4
67 39 5
67 40 3
67 41 4
67 42 4
67 43 6
67 44 2
67 45 3
67 46 2
67 47 4
67 48 3
67 49 1
67 50 5
67 51 1
67 52 4
67 53 6
67 54 6
67 55 2
67 56 5
67 57 3
67 58 5
67 59 1
67 60 2
67 61 4
67 62 3
67 63 1
67 64 2
67 65 6
67 66 3
68 0 1
68 1 3
68 2 2
68 3 4
68 4 1
68 5 2
68 6 6
68 7 2
68 8 4
68 9 3
68 10 5
68 11 4
68 12 6
68 13 1
68 14 2
68 15 2
68 16 1
68 17 3
68 18 5
68 19 4
68 20 2
68 21 1
68 22 4
68 23 5
68 24 2
68 25 5
68 26 5
68 27 1
68 28 5
68 29 6
68 30 2
68 31 6
68 32 5
68 33 5
68 34 5
68 35 5
68 36 6
68 37 3
68 38 5
68 39 1
68 40 6
68 41 2
68 42 1
68 43 5
68 44 3
68 45 2
68 46 4
68 47 4
68 48 1
68 49 2
68 50 1
68 51 5
68 52 2
68 53 6
68 54 4
68 55 1
68 56 5
68 57 5
68 58 6
68 59 2
68 60 3
68 61 4
68 62 4
68 63 6
68 64 4
68 65 4
68 66 4
68 67 5
69 0 2
69 1 4
69 2 3
69 3 6
69 4 6
69 5 6
69 6 6
69 7 4
69 8 3
69 9 4
69 10 1
69 11 6
69 12 4
69 13 3
69 14 2
69 15 1
69 16 3
69 17 2
69 18 4
69 19 3
69 20 4
69 21 4
69 22 4
69 23 1
69 24 5
69 25 2
69 26 1
69 27 3
69 28 5
69 29 4
69 30 2
69 31 5
69 32 3
69 33 2
69 34 2
69 35 3
69 36 2
69 37 6
69 38 4
69 39 5
69 40 1
69 41 6
69 42 3
69 43 2
69 44 1
69 45 4
69 46 2
69 47 5
69 48 1
69 49 4
69 50 3
69 51 3
69 52 1
69 53 2
69 54 4
69 55 2
69 56 6
69 57 3
69 58 4
69 59 2
69 60 6
69 61 6
69 62 1
69 63 3
69 64 5
69 65 1
69 66 4
69 67 4
69 68 6
