20
1 0 14
2 0 14
2 1 12
3 0 2
3 1 3
3 2 11
4 0 3
4 1 13
4 2 2
4 3 8
5 0 9
5 1 10
5 2 14
5 3 11
5 4 11
6 0 5
6 1 7
6 2 12
6 3 13
6 4 14
6 5 11
7 0 12
7 1 13
7 2 9
7 3 12
7 4 11
7 5 2
7 6 13
8 0 8
8 1 4
8 2 5
8 3 10
8 4 3
8 5 6
8 6 8
8 7 12
9 0 4
9 1 5
9 2 2
9 3 5
9 4 14
9 5 3
9 6 5
9 7 5
9 8 4
10 0 4
10 1 12
10 2 5
10 3 9
10 4 11
10 5 14
10 6 5
10 7 8
10 8 13
10 9 4
11 0 12
11 1 9
11 2 7
11 3 11
11 4 13
11 5 13
11 6 8
11 7 10
11 8 13
11 9 6
11 10 12
12 0 6
12 1 8
12 2 2
12 3 6
12 4 6
12 5 1
12 6 7
12 7 7
12 8 1
12 9 14
12 10 6
12 11 3
13 0 8
13 1 7
13 2 4
13 3 10
13 4 13
13 5 13
13 6 3
13 7 11
13 8 11
13 9 4
13 10 7
13 11 3
13 12 2
14 0 5
14 1 10
14 2 7
14 3 3
14 4 13
14 5 3
14 6 11
14 7 7
14 8 1
14 9 6
14 10 8
14 11 3
14 12 12
14 13 13
15 0 3
15 1 6
15 2 13
15 3 10
15 4 10
15 5 9
15 6 9
15 7 13
15 8 2
15 9 6
15 10 9
15 11 7
15 12 1
15 13 9
15 14 4
16 0 12
16 1 6
16 2 6
16 3 7
16 4 9
16 5 10
16 6 6
16 7 4
16 8 9
16 9 13
16 10 2
16 11 6
16 12 3
16 13 13
16 14 14
16 15 7
17 0 4
17 1 6
17 2 2
17 3 13
17 4 3
17 5 12
17 6 13
17 7 4
17 8 12
17 9 3
17 10 9
17 11 7
17 12 12
17 13 3
17 14 10
17 15 5
17 16 11
18 0 10
18 1 7
18 2 1
18 3 8
18 4 2
18 5 7
18 6 5
18 7 9
18 8 13
18 9 11
18 10 4
18 11 3
18 12 12
18 13 7
18 14 3
18 15 4
18 16 9
18 17 14
19 0 12
19 1 6
19 2 13
19 3 3
19 4 6
19 5 1
19 6 5
19 7 12
19 8 11
19 9 3
19 10 3
19 11 11
19 12 1
19 13 3
19 14 12
19 15 12
19 16 9
19 17 7
19 18 5
