70
2 0 6
3 2 10
4 0 6
5 0 4
5 1 14
5 2 14
5 3 13
5 4 2
6 0 10
6 1 10
6 3 10
6 4 12
7 0 14
7 2 13
7 3 13
8 4 7
9 5 14
9 6 10
9 8 2
10 2 3
10 4 8
10 5 11
10 8 7
11 4 12
11 5 10
11 6 10
11 7 5
11 8 3
11 9 12
11 10 5
12 0 11
12 5 12
12 8 9
12 9 4
13 1 12
13 2 13
13 3 1
13 6 12
13 7 3
13 8 2
13 9 10
13 10 2
13 11 5
14 2 2
14 3 2
14 5 12
14 7 1
14 8 7
14 9 7
14 11 11
14 12 1
15 0 3
15 4 13
15 7 4
15 14 1
16 0 1
16 2 5
16 3 10
16 4 8
16 5 14
16 6 11
16 7 1
16 8 5
16 9 8
16 10 13
16 11 9
16 13 8
16 15 5
17 1 12
17 2 13
17 3 9
17 4 11
17 5 6
17 6 12
17 15 8
18 2 2
18 3 5
18 5 14
18 8 8
18 10 6
18 12 14
18 13 1
18 14 5
19 0 11
19 1 2
19 2 8
19 3 7
19 4 13
19 6 13
19 7 2
19 9 3
19 13 2
20 2 5
20 4 7
20 8 1
20 10 2
20 11 10
20 12 1
20 13 2
20 14 2
20 15 7
20 16 6
20 17 9
20 19 5
21 0 12
21 3 6
21 5 13
21 7 3
21 10 2
21 12 12
21 15 13
21 17 3
21 18 3
21 20 7
22 1 9
22 2 12
22 7 10
22 8 9
22 10 3
22 11 9
22 15 1
22 16 10
22 17 3
22 21 12
23 0 10
23 1 11
23 4 8
23 6 8
23 8 3
23 10 3
23 12 13
23 16 12
23 17 3
23 18 14
23 19 4
23 21 1
24 1 10
24 2 6
24 4 6
24 10 1
24 11 3
24 12 4
24 13 2
24 16 2
24 20 4
24 22 10
24 23 7
25 1 12
25 2 4
25 3 13
25 5 11
25 9 7
25 11 9
25 12 6
25 14 7
25 15 12
25 16 1
25 17 9
26 0 5
26 1 9
26 2 4
26 4 14
26 8 7
26 9 14
26 10 3
26 11 9
26 13 8
26 14 13
26 17 7
26 21 13
26 25 7
27 2 5
27 3 8
27 5 6
27 9 3
27 10 3
27 11 6
27 13 1
27 15 3
27 16 6
27 17 7
27 18 5
27 20 11
27 23 11
27 24 11
28 0 1
28 4 1
28 5 3
28 7 11
28 9 4
28 11 8
28 12 2
28 13 1
28 15 12
28 17 10
28 18 9
28 20 9
28 23 13
28 24 14
28 25 8
29 1 1
29 2 1
29 5 13
29 7 10
29 10 1
29 11 7
29 12 3
29 13 5
29 18 8
29 20 6
29 21 10
29 22 12
29 23 12
29 24 1
29 25 11
29 26 4
29 27 2
29 28 9
30 3 1
30 4 14
30 5 14
30 8 4
30 9 6
30 10 13
30 11 14
30 12 6
30 17 2
30 24 11
30 25 4
30 26 3
30 28 8
30 29 9
31 0 7
31 1 13
31 2 6
31 4 10
31 5 12
31 6 2
31 7 12
31 8 7
31 9 5
31 11 3
31 12 4
31 13 4
31 14 7
31 16 2
31 17 13
31 18 14
31 21 8
31 22 2
31 27 8
31 30 14
32 1 14
32 6 6
32 8 1
32 9 14
32 12 11
32 16 3
32 17 10
32 20 11
32 21 6
32 25 9
32 28 10
32 31 1
33 3 3
33 7 2
33 8 1
33 10 14
33 11 1
33 12 1
33 13 1
33 15 13
33 17 7
33 20 9
33 21 2
33 23 8
33 26 3
33 27 10
33 30 8
33 32 13
34 2 11
34 3 5
34 5 12
34 7 3
34 8 9
34 13 13
34 16 13
34 17 8
34 21 5
34 26 12
34 27 5
34 28 12
34 29 3
34 30 1
34 31 6
34 32 6
34 33 9
35 0 4
35 1 8
35 2 13
35 3 2
35 4 6
35 6 4
35 8 8
35 10 13
35 13 2
35 14 14
35 15 4
35 16 4
35 20 3
35 21 4
35 22 9
35 26 7
35 27 11
35 32 4
35 33 13
35 34 14
36 1 9
36 3 2
36 4 5
36 6 7
36 9 10
36 10 8
36 11 1
36 12 7
36 13 7
36 15 8
36 16 3
36 19 5
36 20 10
36 24 12
36 28 8
36 30 2
36 33 6
36 34 6
37 0 1
37 2 6
37 10 1
37 12 3
37 13 11
37 17 14
37 18 11
37 21 11
37 23 14
37 26 13
37 33 1
37 34 7
37 36 7
38 0 8
38 1 14
38 4 13
38 5 12
38 7 1
38 9 3
38 11 10
38 12 4
38 13 12
38 17 10
38 19 4
38 22 3
38 23 13
38 26 6
38 27 6
38 30 1
38 32 1
38 35 1
39 0 6
39 1 6
39 2 5
39 4 2
39 5 4
39 11 4
39 13 4
39 15 13
39 16 2
39 18 2
39 20 2
39 21 7
39 22 2
39 24 8
39 25 1
39 26 6
39 27 5
39 30 8
39 32 5
39 35 13
39 37 10
40 7 9
40 8 14
40 10 4
40 11 14
40 12 4
40 13 7
40 16 12
40 18 7
40 22 11
40 23 6
40 24 12
40 26 10
40 27 4
40 32 13
40 33 8
40 35 3
40 36 1
40 38 9
40 39 8
41 1 4
41 2 7
41 5 3
41 6 14
41 7 4
41 8 6
41 11 6
41 12 7
41 14 5
41 16 2
41 22 13
41 24 5
41 25 11
41 30 9
41 33 4
41 34 12
41 35 14
41 36 6
41 37 6
41 38 8
41 40 3
42 2 7
42 3 4
42 7 4
42 8 2
42 9 6
42 13 12
42 16 2
42 18 1
42 19 13
42 22 11
42 23 5
42 25 14
42 29 6
42 30 9
42 32 13
42 33 8
42 34 4
42 36 13
42 39 4
42 40 4
42 41 6
43 0 3
43 1 3
43 2 7
43 3 1
43 5 9
43 7 12
43 9 7
43 14 14
43 16 10
43 18 10
43 20 3
43 22 11
43 23 7
43 25 11
43 27 5
43 28 13
43 29 7
43 31 14
43 34 8
43 36 5
43 38 11
43 39 13
43 40 8
44 0 12
44 4 12
44 5 8
44 7 6
44 8 8
44 9 1
44 10 4
44 11 7
44 12 4
44 13 13
44 14 11
44 16 5
44 17 12
44 18 8
44 21 1
44 22 4
44 23 4
44 25 7
44 26 6
44 28 14
44 29 4
44 35 9
44 36 2
44 38 1
44 41 13
44 42 10
45 1 8
45 2 4
45 6 8
45 7 12
45 9 11
45 18 5
45 20 9
45 23 14
45 24 4
45 26 11
45 31 8
45 36 4
45 38 12
45 39 14
45 43 2
45 44 9
46 0 10
46 2 9
46 3 7
46 4 11
46 5 2
46 7 12
46 9 4
46 10 4
46 13 10
46 15 6
46 17 9
46 19 14
46 24 4
46 26 13
46 33 11
46 35 14
46 36 10
46 39 14
46 41 11
46 42 8
46 43 6
47 0 13
47 3 8
47 5 13
47 6 3
47 7 9
47 9 11
47 10 6
47 16 6
47 17 14
47 22 6
47 24 10
47 25 2
47 28 6
47 30 13
47 31 2
47 32 5
47 36 11
47 37 5
47 40 13
47 41 5
47 43 12
47 46 13
48 3 2
48 5 3
48 7 13
48 9 10
48 12 3
48 13 9
48 14 10
48 15 13
48 16 5
48 17 11
48 19 4
48 22 6
48 23 13
48 25 3
48 26 6
48 32 8
48 34 8
48 35 1
48 36 3
48 39 2
48 43 11
48 44 9
48 46 2
49 0 9
49 2 12
49 4 2
49 5 3
49 6 7
49 8 5
49 9 2
49 13 5
49 15 11
49 16 8
49 17 1
49 21 10
49 22 3
49 23 2
49 24 5
49 27 8
49 28 2
49 31 13
49 38 10
49 39 9
49 44 8
49 47 3
49 48 9
50 8 1
50 9 10
50 10 2
50 14 9
50 16 6
50 18 8
50 20 6
50 22 13
50 23 14
50 24 1
50 26 9
50 29 3
50 35 8
50 36 13
50 39 3
50 40 1
50 42 13
50 44 12
50 47 8
50 48 1
50 49 6
51 0 1
51 3 3
51 5 6
51 7 14
51 8 3
51 11 9
51 14 7
51 16 14
51 17 9
51 19 4
51 21 10
51 22 7
51 23 11
51 24 6
51 25 8
51 26 2
51 28 4
51 32 7
51 36 6
51 38 5
51 39 1
51 40 4
51 41 6
51 43 12
51 44 3
51 45 7
51 50 5
52 0 8
52 1 9
52 4 2
52 6 13
52 9 10
52 10 9
52 13 9
52 14 9
52 16 6
52 20 11
52 24 13
52 26 6
52 27 2
52 28 6
52 29 11
52 33 10
52 34 13
52 35 14
52 36 9
52 38 2
52 40 11
52 41 1
52 43 12
52 45 8
52 47 11
52 51 11
53 2 9
53 3 8
53 5 14
53 6 6
53 8 2
53 9 3
53 10 6
53 11 11
53 14 9
53 15 8
53 17 2
53 19 1
53 22 13
53 24 9
53 26 3
53 27 13
53 28 8
53 29 13
53 30 11
53 32 3
53 35 5
53 39 14
53 40 8
53 46 13
53 49 6
53 52 11
54 0 6
54 1 13
54 5 1
54 6 13
54 7 1
54 8 1
54 11 13
54 12 11
54 13 8
54 14 13
54 18 5
54 19 12
54 23 14
54 24 2
54 25 7
54 27 11
54 28 4
54 29 11
54 30 12
54 31 5
54 33 10
54 34 9
54 35 11
54 40 1
54 42 1
54 43 9
54 49 9
54 50 1
54 51 4
54 52 11
55 0 9
55 2 10
55 4 7
55 5 10
55 6 5
55 8 4
55 9 7
55 10 8
55 14 9
55 15 3
55 18 8
55 21 5
55 23 7
55 24 9
55 26 4
55 30 8
55 31 1
55 33 3
55 36 11
55 37 13
55 39 2
55 45 8
55 46 11
55 47 4
55 54 9
56 0 1
56 2 8
56 3 4
56 4 5
56 6 8
56 7 14
56 8 12
56 10 10
56 11 13
56 13 14
56 15 11
56 16 6
56 18 8
56 19 6
56 20 6
56 21 1
56 22 12
56 23 2
56 24 7
56 25 7
56 26 5
56 29 3
56 33 10
56 34 10
56 38 4
56 39 10
56 40 9
56 41 8
56 42 1
56 43 8
56 44 5
56 47 14
56 49 11
56 50 11
56 54 13
57 0 7
57 1 12
57 2 8
57 3 1
57 4 12
57 5 8
57 6 12
57 7 13
57 9 2
57 12 11
57 14 11
57 16 12
57 17 13
57 18 9
57 21 8
57 22 11
57 24 12
57 26 2
57 29 2
57 30 5
57 32 13
57 34 4
57 35 14
57 37 10
57 38 11
57 41 14
57 44 8
57 46 3
57 48 8
57 49 4
57 50 14
57 51 8
57 52 12
57 54 7
57 55 3
57 56 10
58 3 2
58 4 10
58 10 11
58 11 8
58 13 11
58 14 5
58 16 4
58 17 5
58 19 7
58 21 6
58 22 5
58 23 8
58 24 5
58 28 8
58 29 10
58 30 7
58 32 11
58 33 10
58 35 4
58 36 3
58 41 10
58 42 5
58 44 5
58 45 14
58 48 13
58 51 9
58 53 12
58 55 14
59 2 6
59 3 5
59 4 3
59 5 14
59 6 3
59 9 1
59 10 3
59 11 4
59 12 12
59 13 10
59 15 7
59 16 11
59 20 13
59 24 5
59 26 6
59 27 1
59 32 5
59 34 1
59 36 11
59 37 13
59 38 8
59 41 13
59 42 5
59 43 2
59 44 10
59 45 14
59 46 2
59 51 4
59 53 13
59 55 13
59 57 7
60 0 14
60 1 7
60 3 10
60 4 11
60 7 4
60 9 7
60 10 3
60 11 4
60 15 13
60 16 11
60 17 13
60 18 12
60 19 5
60 20 4
60 21 9
60 23 3
60 24 13
60 25 7
60 30 13
60 32 8
60 33 8
60 34 2
60 35 6
60 36 9
60 39 1
60 41 2
60 42 12
60 44 12
60 45 7
60 46 2
60 47 13
60 48 5
60 52 5
60 57 7
60 59 2
61 1 6
61 3 11
61 4 9
61 8 2
61 9 5
61 10 9
61 11 5
61 12 7
61 14 3
61 15 2
61 16 1
61 18 1
61 19 5
61 20 8
61 22 6
61 23 1
61 24 11
61 26 13
61 31 10
61 32 8
61 35 5
61 36 8
61 38 8
61 41 11
61 42 13
61 44 14
61 45 3
61 47 13
61 48 10
61 49 4
61 50 11
61 52 14
61 54 1
61 55 9
61 56 10
62 1 14
62 2 11
62 4 7
62 6 1
62 7 6
62 11 11
62 22 11
62 26 3
62 29 8
62 30 8
62 31 14
62 33 7
62 34 13
62 35 14
62 40 11
62 42 5
62 43 9
62 44 4
62 45 11
62 46 6
62 47 1
62 48 7
62 51 12
62 54 9
62 56 13
62 58 5
62 59 10
62 60 8
62 61 6
63 1 8
63 2 6
63 3 1
63 4 7
63 5 3
63 10 10
63 11 14
63 12 11
63 22 8
63 24 14
63 28 12
63 31 10
63 32 12
63 33 13
63 35 2
63 36 12
63 38 14
63 39 9
63 41 6
63 43 7
63 44 11
63 46 12
63 47 5
63 48 8
63 50 8
63 52 13
63 56 8
63 57 9
63 58 13
63 59 2
63 60 6
63 61 10
63 62 4
64 0 8
64 1 5
64 2 9
64 6 2
64 7 8
64 9 1
64 10 12
64 11 7
64 12 2
64 13 6
64 14 4
64 15 14
64 16 5
64 18 5
64 19 7
64 23 13
64 25 12
64 26 1
64 27 14
64 28 8
64 29 1
64 31 4
64 33 8
64 35 8
64 36 10
64 37 14
64 40 3
64 41 3
64 44 5
64 47 1
64 48 1
64 49 10
64 50 12
64 52 13
64 53 11
64 54 10
64 57 14
64 61 5
64 62 10
65 0 3
65 6 14
65 10 5
65 12 8
65 13 9
65 14 5
65 17 1
65 18 14
65 19 3
65 24 4
65 25 1
65 27 5
65 28 6
65 29 3
65 30 8
65 34 3
65 35 14
65 36 14
65 44 14
65 48 3
65 49 13
65 51 5
65 52 12
65 54 9
65 56 12
65 57 5
65 58 11
65 62 8
65 63 11
66 1 5
66 4 3
66 5 12
66 6 7
66 7 6
66 8 12
66 10 7
66 12 11
66 13 3
66 14 12
66 15 10
66 17 5
66 19 1
66 20 5
66 21 7
66 24 1
66 25 14
66 26 9
66 27 1
66 28 5
66 30 1
66 33 14
66 35 5
66 36 12
66 37 4
66 40 10
66 41 12
66 42 1
66 43 4
66 44 14
66 45 7
66 46 12
66 50 9
66 51 7
66 53 8
66 56 6
66 58 13
66 60 8
66 61 2
66 63 7
67 0 9
67 1 1
67 8 14
67 10 11
67 11 5
67 12 14
67 13 9
67 15 6
67 16 11
67 17 4
67 18 5
67 20 9
67 22 13
67 24 6
67 25 1
67 26 13
67 27 1
67 28 6
67 29 8
67 31 6
67 32 3
67 33 10
67 37 14
67 38 9
67 40 4
67 44 8
67 45 13
67 49 10
67 51 1
67 52 2
67 54 13
67 55 14
67 57 11
67 58 7
67 61 3
67 63 13
67 65 5
68 0 10
68 2 2
68 3 11
68 8 8
68 12 1
68 14 4
68 15 2
68 16 5
68 20 6
68 21 2
68 22 10
68 23 14
68 24 6
68 25 9
68 29 11
68 30 2
68 32 9
68 33 12
68 35 13
68 38 13
68 39 13
68 42 12
68 43 6
68 46 2
68 48 9
68 49 2
68 54 4
68 55 4
68 56 8
68 57 3
68 59 13
68 61 11
68 67 9
69 0 12
69 3 10
69 4 14
69 5 7
69 6 2
69 9 14
69 10 9
69 12 7
69 15 10
69 17 6
69 21 9
69 22 3
69 25 5
69 27 5
69 28 7
69 29 13
69 31 12
69 32 3
69 33 2
69 35 7
69 36 9
69 38 4
69 42 5
69 43 11
69 44 6
69 45 14
69 49 11
69 50 2
69 51 12
69 52 4
69 53 9
69 54 5
69 55 3
69 56 7
69 58 2
69 63 9
69 66 2
69 67 3
69 68 1
