40
1 0 3
2 0 6
2 1 6
3 0 3
3 1 7
3 2 6
4 0 4
4 1 4
4 2 2
4 3 6
5 0 3
5 1 2
5 2 1
5 3 8
5 4 1
6 0 6
6 1 8
6 2 6
6 3 1
6 4 5
6 5 4
7 0 5
7 1 8
7 2 4
7 3 7
7 4 6
7 5 6
7 6 1
8 0 1
8 1 5
8 2 8
8 3 4
8 4 8
8 5 4
8 6 8
8 7 2
9 0 8
9 1 5
9 2 5
9 3 2
9 4 5
9 5 7
9 6 8
9 7 6
9 8 5
10 0 5
10 1 2
10 2 5
10 3 3
10 4 6
10 5 1
10 6 7
10 7 6
10 8 2
10 9 1
11 0 1
11 1 4
11 2 3
11 3 6
11 4 3
11 5 1
11 6 2
11 7 1
11 8 8
11 9 8
11 10 4
12 0 4
12 1 1
12 2 6
12 3 1
12 4 2
12 5 7
12 6 6
12 7 4
12 8 7
12 9 8
12 10 2
12 11 6
13 0 8
13 1 3
13 2 5
13 3 7
13 4 2
13 5 4
13 6 5
13 7 2
13 8 5
13 9 2
13 10 6
13 11 7
13 12 1
14 0 3
14 1 6
14 2 7
14 3 1
14 4 2
14 5 1
14 6 2
14 7 7
14 8 5
14 9 3
14 10 5
14 11 4
14 12 3
14 13 6
15 0 6
15 1 1
15 2 7
15 3 4
15 4 4
15 5 8
15 6 8
15 7 5
15 8 5
15 9 6
15 10 7
15 11 7
15 12 3
15 13 8
15 14 2
16 0 6
16 1 5
16 2 8
16 3 5
16 4 8
16 5 8
16 6 7
16 7 4
16 8 3
16 9 8
16 10 8
16 11 6
16 12 7
16 13 3
16 14 3
16 15 7
17 0 6
17 1 8
17 2 6
17 3 3
17 4 7
17 5 7
17 6 1
17 7 7
17 8 4
17 9 3
17 10 4
17 11 2
17 12 2
17 13 6
17 14 1
17 15 6
17 16 3
18 0 8
18 1 8
18 2 2
18 3 4
18 4 1
18 5 6
18 6 4
18 7 2
18 8 6
18 9 3
18 10 8
18 11 5
18 12 5
18 13 2
18 14 5
18 15 5
18 16 3
18 17 5
19 0 4
19 1 1
19 2 8
19 3 3
19 4 1
19 5 3
19 6 8
19 7 1
19 8 6
19 9 2
19 10 6
19 11 4
19 12 1
19 13 7
19 14 6
19 15 2
19 16 5
19 17 7
19 18 6
20 0 3
20 1 4
20 2 3
20 3 3
20 4 6
20 5 1
20 6 2
20 7 2
20 8 6
20 9 6
20 10 2
20 11 4
20 12 3
20 13 8
20 14 8
20 15 8
20 16 3
20 17 2
20 18 1
20 19 3
21 0 5
21 1 3
21 2 5
21 3 7
21 4 7
21 5 5
21 6 4
21 7 8
21 8 3
21 9 2
21 10 7
21 11 1
21 12 5
21 13 1
21 14 4
21 15 3
21 16 2
21 17 2
21 18 5
21 19 6
21 20 4
22 0 3
22 1 8
22 2 3
22 3 1
22 4 2
22 5 6
22 6 7
22 7 3
22 8 8
22 9 4
22 10 8
22 11 6
22 12 6
22 13 6
22 14 8
22 15 4
22 16 4
22 17 3
22 18 1
22 19 2
22 20 8
22 21 6
23 0 5
23 1 4
23 2 1
23 3 8
23 4 5
23 5 1
23 6 3
23 7 1
23 8 1
23 9 8
23 10 8
23 11 7
23 12 1
23 13 4
23 14 3
23 15 5
23 16 8
23 17 7
23 18 1
23 19 1
23 20 4
23 21 5
23 22 7
24 0 4
24 1 5
24 2 3
24 3 4
24 4 1
24 5 1
24 6 7
24 7 4
24 8 8
24 9 8
24 10 8
24 11 6
24 12 5
24 13 5
24 14 5
24 15 7
24 16 7
24 17 7
24 18 8
24 19 2
24 20 4
24 21 1
24 22 6
24 23 6
25 0 6
25 1 2
25 2 4
25 3 8
25 4 5
25 5 3
25 6 1
25 7 5
25 8 7
25 9 3
25 10 8
25 11 8
25 12 4
25 13 2
25 14 5
25 15 6
25 16 7
25 17 7
25 18 7
25 19 7
25 20 6
25 21 2
25 22 1
25 23 5
25 24 1
26 0 6
26 1 3
26 2 8
26 3 6
26 4 7
26 5 2
26 6 5
26 7 4
26 8 7
26 9 7
26 10 5
26 11 8
26 12 8
26 13 1
26 14 8
26 15 8
26 16 3
26 17 4
26 18 1
26 19 5
26 20 8
26 21 6
26 22 1
26 23 4
26 24 2
26 25 3
27 0 7
27 1 3
27 2 4
27 3 8
27 4 8
27 5 6
27 6 8
27 7 5
27 8 5
27 9 7
27 10 7
27 11 6
27 12 8
27 13 7
27 14 8
27 15 1
27 16 1
27 17 7
27 18 1
27 19 7
27 20 2
27 21 2
27 22 7
27 23 3
27 24 8
27 25 1
27 26 5
28 0 4
28 1 3
28 2 4
28 3 4
28 4 4
28 5 4
28 6 2
28 7 4
28 8 7
28 9 2
28 10 8
28 11 5
28 12 5
28 13 8
28 14 3
28 15 4
28 16 2
28 17 6
28 18 2
28 19 6
28 20 8
28 21 2
28 22 6
28 23 7
28 24 1
28 25 1
28 26 8
28 27 4
29 0 3
29 1 4
29 2 2
29 3 2
29 4 8
29 5 3
29 6 4
29 7 6
29 8 7
29 9 7
29 10 5
29 11 7
29 12 7
29 13 1
29 14 8
29 15 1
29 16 2
29 17 8
29 18 8
29 19 7
29 20 4
29 21 2
29 22 4
29 23 5
29 24 8
29 25 8
29 26 8
29 27 1
29 28 3
30 0 2
30 1 3
30 2 2
30 3 3
30 4 3
30 5 3
30 6 6
30 7 8
30 8 8
30 9 1
30 10 6
30 11 8
30 12 2
30 13 8
30 14 5
30 15 1
30 16 4
30 17 2
30 18 5
30 19 2
30 20 8
30 21 1
30 22 7
30 23 4
30 24 4
30 25 2
30 26 6
30 27 7
30 28 3
30 29 3
31 0 6
31 1 6
31 2 3
31 3 3
31 4 7
31 5 6
31 6 7
31 7 1
31 8 6
31 9 2
31 10 3
31 11 7
31 12 6
31 13 1
31 14 7
31 15 5
31 16 1
31 17 4
31 18 7
31 19 3
31 20 3
31 21 8
31 22 2
31 23 4
31 24 7
31 25 6
31 26 7
31 27 5
31 28 4
31 29 3
31 30 4
32 0 4
32 1 2
32 2 2
32 3 8
32 4 6
32 5 2
32 6 2
32 7 7
32 8 3
32 9 3
32 10 4
32 11 1
32 12 8
32 13 1
32 14 7
32 15 3
32 16 3
32 17 8
32 18 1
32 19 7
32 20 4
32 21 1
32 22 8
32 23 2
32 24 3
32 25 1
32 26 2
32 27 2
32 28 5
32 29 2
32 30 4
32 31 5
33 0 7
33 1 3
33 2 6
33 3 7
33 4 7
33 5 4
33 6 2
33 7 4
33 8 7
33 9 1
33 10 5
33 11 1
33 12 5
33 13 1
33 14 2
33 15 7
33 16 8
33 17 4
33 18 7
33 19 7
33 20 8
33 21 5
33 22 8
33 23 8
33 24 1
33 25 6
33 26 6
33 27 5
33 28 3
33 29 3
33 30 1
33 31 5
33 32 1
34 0 1
34 1 1
34 2 1
34 3 4
34 4 8
34 5 3
34 6 6
34 7 5
34 8 1
34 9 3
34 10 6
34 11 4
34 12 6
34 13 1
34 14 5
34 15 5
34 16 3
34 17 4
34 18 8
34 19 5
34 20 1
34 21 5
34 22 5
34 23 3
34 24 6
34 25 3
34 26 2
34 27 3
34 28 7
34 29 8
34 30 3
34 31 4
34 32 2
34 33 2
35 0 4
35 1 1
35 2 7
35 3 4
35 4 1
35 5 2
35 6 4
35 7 2
35 8 8
35 9 8
35 10 7
35 11 6
35 12 3
35 13 7
35 14 6
35 15 7
35 16 8
35 17 1
35 18 1
35 19 4
35 20 8
35 21 5
35 22 1
35 23 2
35 24 2
35 25 4
35 26 6
35 27 7
35 28 3
35 29 7
35 30 6
35 31 6
35 32 5
35 33 2
35 34 5
36 0 5
36 1 8
36 2 1
36 3 8
36 4 3
36 5 3
36 6 4
36 7 1
36 8 1
36 9 8
36 10 6
36 11 6
36 12 8
36 13 6
36 14 3
36 15 7
36 16 2
36 17 3
36 18 5
36 19 7
36 20 1
36 21 2
36 22 5
36 23 3
36 24 8
36 25 4
36 26 6
36 27 2
36 28 2
36 29 2
36 30 7
36 31 3
36 32 6
36 33 2
36 34 2
36 35 6
37 0 5
37 1 8
37 2 2
37 3 5
37 4 4
37 5 1
37 6 4
37 7 7
37 8 8
37 9 1
37 10 1
37 11 7
37 12 8
37 13 5
37 14 7
37 15 2
37 16 8
37 17 1
37 18 5
37 19 6
37 20 2
37 21 5
37 22 7
37 23 4
37 24 6
37 25 6
37 26 8
37 27 1
37 28 8
37 29 3
37 30 5
37 31 6
37 32 2
37 33 1
37 34 3
37 35 7
37 36 5
38 0 6
38 1 6
38 2 7
38 3 5
38 4 7
38 5 1
38 6 5
38 7 6
38 8 8
38 9 4
38 10 3
38 11 1
38 12 8
38 13 5
38 14 3
38 15 8
38 16 3
38 17 6
38 18 4
38 19 7
38 20 4
38 21 7
38 22 2
38 23 2
38 24 7
38 25 2
38 26 2
38 27 8
38 28 3
38 29 3
38 30 1
38 31 2
38 32 3
38 33 8
38 34 6
38 35 5
38 36 1
38 37 6
39 0 8
39 1 6
39 2 3
39 3 3
39 4 4
39 5 6
39 6 4
39 7 2
39 8 1
39 9 1
39 10 3
39 11 8
39 12 2
39 13 7
39 14 3
39 15 2
39 16 1
39 17 2
39 18 1
39 19 5
39 20 4
39 21 8
39 22 2
39 23 6
39 24 4
39 25 2
39 26 4
39 27 5
39 28 3
39 29 1
39 30 2
39 31 1
39 32 5
39 33 3
39 34 5
39 35 3
39 36 1
39 37 3
39 38 7
