40
1 0 11
2 0 8
3 0 10
3 1 8
3 2 2
4 0 2
5 0 8
5 1 14
5 2 11
5 4 11
6 0 8
6 2 11
7 1 10
7 2 11
7 4 10
7 5 2
7 6 9
8 0 7
8 1 5
8 2 2
8 6 13
8 7 9
9 2 2
9 5 3
9 6 12
9 7 6
9 8 9
10 0 1
10 2 3
10 4 9
10 8 9
10 9 2
11 2 1
11 3 9
11 6 7
11 8 11
12 3 13
12 5 4
12 6 12
12 7 14
12 8 1
12 11 13
13 1 4
13 3 12
13 4 1
13 5 2
13 6 9
13 9 2
13 10 3
13 12 11
14 1 10
14 3 7
14 4 7
14 6 14
14 8 2
14 9 2
14 12 10
15 0 9
15 1 9
15 5 13
15 7 3
15 9 1
15 12 6
15 14 1
16 1 13
16 3 5
16 5 9
16 13 4
16 14 6
17 0 3
17 1 7
17 5 9
17 8 3
17 12 2
17 13 13
17 14 1
17 15 12
17 16 7
18 1 9
18 6 9
18 7 7
18 8 8
18 9 13
18 12 2
18 13 11
18 14 12
18 17 1
19 0 7
19 1 9
19 2 6
19 5 4
19 7 11
19 8 8
19 10 4
19 11 3
19 13 12
19 16 6
20 1 13
20 2 1
20 3 9
20 4 11
20 5 7
20 6 5
20 7 2
20 8 13
20 11 14
20 12 9
20 13 8
20 14 9
20 15 1
21 1 2
21 4 1
21 5 10
21 9 4
21 10 14
21 11 7
21 12 3
21 15 1
21 16 6
21 17 10
21 18 8
21 20 9
22 0 6
22 1 10
22 2 6
22 4 6
22 5 9
22 6 3
22 8 11
22 9 14
22 11 4
22 13 8
22 15 11
22 18 6
22 20 4
22 21 1
23 2 8
23 5 3
23 6 2
23 7 2
23 8 9
23 10 2
23 11 7
23 14 1
23 15 6
23 17 9
23 18 5
23 22 7
24 4 7
24 7 6
24 9 8
24 10 7
24 14 4
24 18 7
24 20 5
24 21 14
24 22 7
24 23 5
25 3 6
25 4 4
25 5 2
25 6 12
25 9 5
25 10 10
25 11 11
25 12 5
25 14 14
25 16 12
25 19 10
25 22 9
25 23 5
25 24 11
26 0 7
26 1 4
26 2 2
26 3 7
26 7 6
26 10 3
26 13 13
26 15 1
26 17 3
26 18 7
26 19 14
26 21 9
26 22 2
26 23 14
27 6 13
27 8 14
27 10 10
27 11 13
27 13 8
27 14 5
27 15 3
27 19 14
27 20 10
27 24 12
28 1 1
28 2 14
28 4 6
28 5 10
28 6 11
28 9 13
28 13 2
28 17 3
28 20 1
28 22 12
28 23 11
28 24 4
28 26 9
28 27 7
29 2 2
29 3 9
29 4 13
29 6 7
29 10 9
29 11 5
29 12 4
29 17 7
29 20 9
29 23 1
29 25 9
29 27 9
29 28 13
30 0 14
30 2 2
30 5 11
30 6 1
30 11 10
30 12 2
30 17 4
30 18 12
30 19 2
30 23 5
30 24 5
30 27 4
30 29 4
31 0 11
31 1 13
31 2 9
31 3 10
31 8 10
31 10 7
31 11 4
31 12 5
31 13 1
31 17 12
31 18 3
31 20 12
31 21 8
31 22 3
31 23 13
31 24 8
31 25 10
31 28 1
31 29 3
31 30 11
32 1 10
32 4 10
32 5 13
32 6 13
32 9 14
32 11 4
32 12 14
32 17 11
32 18 2
32 24 10
32 26 8
32 28 3
32 29 8
32 31 4
33 1 1
33 2 1
33 5 14
33 6 6
33 8 12
33 13 4
33 15 11
33 16 7
33 18 5
33 19 14
33 21 12
33 22 1
33 25 4
33 27 6
33 28 4
33 29 8
34 2 14
34 4 1
34 7 7
34 8 3
34 9 12
34 10 14
34 12 13
34 15 5
34 16 9
34 17 2
34 18 6
34 19 2
34 21 9
34 22 12
34 24 6
34 25 14
34 27 11
34 31 1
35 1 3
35 2 14
35 3 10
35 6 7
35 7 10
35 8 14
35 10 6
35 13 4
35 14 8
35 20 6
35 21 6
35 24 1
35 25 13
35 26 1
35 27 12
35 28 6
35 31 6
36 0 7
36 1 12
36 3 10
36 4 5
36 5 3
36 6 2
36 7 1
36 8 12
36 10 1
36 12 3
36 14 9
36 21 5
36 22 12
36 23 2
36 24 7
36 26 9
36 27 14
36 34 4
37 0 5
37 1 6
37 2 10
37 3 6
37 8 12
37 9 1
37 11 10
37 12 6
37 15 2
37 18 8
37 20 10
37 21 7
37 23 7
37 28 8
37 30 13
37 31 11
37 33 1
37 34 9
38 0 10
38 4 4
38 5 3
38 6 11
38 7 6
38 10 11
38 13 13
38 14 11
38 15 12
38 18 4
38 19 12
38 21 6
38 24 3
38 26 10
38 27 4
38 30 7
38 31 2
38 32 12
38 34 6
38 35 10
39 2 12
39 7 13
39 8 14
39 9 1
39 10 13
39 12 10
39 13 11
39 21 2
39 22 1
39 23 9
39 24 6
39 26 7
39 30 14
39 31 1
39 33 5
39 35 3
39 37 9
39 38 3
