40
1 0 5
2 0 6
2 1 3
3 0 12
3 1 11
3 2 3
4 0 9
4 1 9
4 2 1
4 3 9
5 0 8
5 1 2
5 2 8
5 3 12
5 4 9
6 0 5
6 1 3
6 2 10
6 3 4
6 4 8
6 5 12
7 0 3
7 1 3
7 2 6
7 3 9
7 4 4
7 5 9
7 6 6
8 0 1
8 1 2
8 2 8
8 3 6
8 4 9
8 5 5
8 6 1
8 7 12
9 0 1
9 1 10
9 2 6
9 3 1
9 4 9
9 5 3
9 6 10
9 7 4
9 8 6
10 0 9
10 1 7
10 2 4
10 3 5
10 4 7
10 5 9
10 6 7
10 7 3
10 8 9
10 9 1
11 0 3
11 1 2
11 2 2
11 3 7
11 4 11
11 5 4
11 6 4
11 7 1
11 8 9
11 9 8
11 10 8
12 0 6
12 1 2
12 2 5
12 3 3
12 4 8
12 5 5
12 6 12
12 7 5
12 8 12
12 9 6
12 10 6
12 11 3
13 0 3
13 1 8
13 2 4
13 3 11
13 4 3
13 5 4
13 6 1
13 7 6
13 8 4
13 9 3
13 10 1
13 11 3
13 12 2
14 0 2
14 1 12
14 2 10
14 3 6
14 4 8
14 5 6
14 6 5
14 7 1
14 8 11
14 9 3
14 10 1
14 11 1
14 12 11
14 13 12
15 0 3
15 1 6
15 2 6
15 3 9
15 4 7
15 5 12
15 6 6
15 7 10
15 8 3
15 9 4
15 10 8
15 11 3
15 12 8
15 13 11
15 14 7
16 0 4
16 1 7
16 2 1
16 3 2
16 4 5
16 5 11
16 6 5
16 7 3
16 8 3
16 9 11
16 10 3
16 11 2
16 12 10
16 13 5
16 14 2
16 15 12
17 0 7
17 1 7
17 2 6
17 3 11
17 4 2
17 5 12
17 6 2
17 7 9
17 8 10
17 9 12
17 10 9
17 11 8
17 12 12
17 13 2
17 14 3
17 15 3
17 16 6
18 0 2
18 1 3
18 2 2
18 3 3
18 4 10
18 5 1
18 6 9
18 7 7
18 8 1
18 9 3
18 10 9
18 11 7
18 12 9
18 13 12
18 14 1
18 15 4
18 16 8
18 17 4
19 0 6
19 1 6
19 2 8
19 3 2
19 4 1
19 5 4
19 6 10
19 7 12
19 8 5
19 9 2
19 10 2
19 11 5
19 12 4
19 13 3
19 14 3
19 15 5
19 16 6
19 17 9
19 18 5
20 0 3
20 1 5
20 2 9
20 3 9
20 4 8
20 5 6
20 6 4
20 7 8
20 8 3
20 9 5
20 10 1
20 11 1
20 12 5
20 13 11
20 14 7
20 15 12
20 16 12
20 17 8
20 18 9
20 19 6
21 0 1
21 1 4
21 2 7
21 3 6
21 4 4
21 5 3
21 6 3
21 7 9
21 8 7
21 9 4
21 10 10
21 11 10
21 12 9
21 13 4
21 14 1
21 15 12
21 16 2
21 17 3
21 18 3
21 19 6
21 20 8
22 0 5
22 1 11
22 2 11
22 3 5
22 4 3
22 5 8
22 6 9
22 7 8
22 8 6
22 9 12
22 10 6
22 11 12
22 12 2
22 13 3
22 14 10
22 15 1
22 16 9
22 17 9
22 18 8
22 19 3
22 20 2
22 21 12
23 0 2
23 1 5
23 2 9
23 3 10
23 4 2
23 5 12
23 6 5
23 7 2
23 8 10
23 9 12
23 10 8
23 11 2
23 12 1
23 13 7
23 14 2
23 15 1
23 16 4
23 17 3
23 18 5
23 19 9
23 20 7
23 21 10
23 22 8
24 0 1
24 1 10
24 2 8
24 3 3
24 4 11
24 5 12
24 6 4
24 7 6
24 8 12
24 9 2
24 10 3
24 11 12
24 12 10
24 13 11
24 14 11
24 15 6
24 16 7
24 17 5
24 18 4
24 19 4
24 20 9
24 21 2
24 22 9
24 23 8
25 0 12
25 1 9
25 2 4
25 3 4
25 4 5
25 5 8
25 6 7
25 7 11
25 8 7
25 9 1
25 10 8
25 11 12
25 12 3
25 13 8
25 14 9
25 15 6
25 16 7
25 17 10
25 18 7
25 19 1
25 20 10
25 21 8
25 22 7
25 23 12
25 24 12
26 0 8
26 1 12
26 2 11
26 3 3
26 4 11
26 5 7
26 6 9
26 7 2
26 8 10
26 9 8
26 10 5
26 11 4
26 12 3
26 13 10
26 14 4
26 15 6
26 16 8
26 17 11
26 18 9
26 19 3
26 20 4
26 21 11
26 22 9
26 23 10
26 24 12
26 25 4
27 0 3
27 1 7
27 2 6
27 3 4
27 4 10
27 5 12
27 6 3
27 7 12
27 8 10
27 9 2
27 10 4
27 11 7
27 12 4
27 13 3
27 14 5
27 15 8
27 16 4
27 17 12
27 18 2
27 19 6
27 20 12
27 21 4
27 22 10
27 23 1
27 24 9
27 25 12
27 26 9
28 0 6
28 1 11
28 2 2
28 3 2
28 4 12
28 5 10
28 6 4
28 7 5
28 8 10
28 9 2
28 10 4
28 11 10
28 12 2
28 13 2
28 14 10
28 15 4
28 16 7
28 17 4
28 18 10
28 19 8
28 20 7
28 21 12
28 22 4
28 23 4
28 24 3
28 25 10
28 26 7
28 27 9
29 0 5
29 1 3
29 2 3
29 3 8
29 4 4
29 5 2
29 6 9
29 7 2
29 8 1
29 9 7
29 10 3
29 11 7
29 12 8
29 13 11
29 14 3
29 15 11
29 16 10
29 17 4
29 18 12
29 19 11
29 20 6
29 21 11
29 22 10
29 23 10
29 24 7
29 25 6
29 26 7
29 27 2
29 28 6
30 0 6
30 1 6
30 2 9
30 3 4
30 4 12
30 5 4
30 6 5
30 7 7
30 8 1
30 9 6
30 10 7
30 11 11
30 12 9
30 13 5
30 14 4
30 15 1
30 16 5
30 17 6
30 18 12
30 19 9
30 20 8
30 21 6
30 22 2
30 23 7
30 24 9
30 25 5
30 26 9
30 27 9
30 28 2
30 29 6
31 0 7
31 1 7
31 2 8
31 3 6
31 4 9
31 5 1
31 6 11
31 7 5
31 8 6
31 9 10
31 10 2
31 11 1
31 12 6
31 13 11
31 14 4
31 15 3
31 16 3
31 17 8
31 18 5
31 19 5
31 20 10
31 21 7
31 22 1
31 23 10
31 24 4
31 25 11
31 26 10
31 27 2
31 28 10
31 29 7
31 30 11
32 0 11
32 1 3
32 2 1
32 3 8
32 4 3
32 5 2
32 6 5
32 7 1
32 8 10
32 9 3
32 10 5
32 11 8
32 12 5
32 13 4
32 14 12
32 15 1
32 16 5
32 17 9
32 18 11
32 19 2
32 20 4
32 21 7
32 22 6
32 23 9
32 24 11
32 25 5
32 26 2
32 27 3
32 28 5
32 29 4
32 30 9
32 31 5
33 0 2
33 1 7
33 2 8
33 3 7
33 4 12
33 5 11
33 6 5
33 7 12
33 8 2
33 9 9
33 10 5
33 11 12
33 12 6
33 13 5
33 14 4
33 15 11
33 16 1
33 17 7
33 18 10
33 19 7
33 20 7
33 21 10
33 22 12
33 23 9
33 24 7
33 25 8
33 26 10
33 27 7
33 28 4
33 29 5
33 30 6
33 31 12
33 32 1
34 0 3
34 1 7
34 2 7
34 3 5
34 4 12
34 5 8
34 6 6
34 7 4
34 8 11
34 9 11
34 10 7
34 11 9
34 12 6
34 13 11
34 14 8
34 15 3
34 16 8
34 17 10
34 18 6
34 19 6
34 20 1
34 21 4
34 22 9
34 23 7
34 24 5
34 25 7
34 26 8
34 27 11
34 28 4
34 29 12
34 30 3
34 31 4
34 32 9
34 33 7
35 0 1
35 1 1
35 2 4
35 3 7
35 4 3
35 5 7
35 6 9
35 7 2
35 8 5
35 9 3
35 10 4
35 11 4
35 12 7
35 13 4
35 14 9
35 15 2
35 16 9
35 17 1
35 18 4
35 19 8
35 20 8
35 21 9
35 22 8
35 23 3
35 24 3
35 25 5
35 26 8
35 27 11
35 28 5
35 29 3
35 30 5
35 31 2
35 32 8
35 33 3
35 34 12
36 0 4
36 1 5
36 2 1
36 3 9
36 4 6
36 5 9
36 6 8
36 7 11
36 8 1
36 9 5
36 10 1
36 11 9
36 12 7
36 13 4
36 14 6
36 15 10
36 16 10
36 17 1
36 18 2
36 19 9
36 20 11
36 21 11
36 22 3
36 23 3
36 24 1
36 25 7
36 26 6
36 27 6
36 28 8
36 29 9
36 30 5
36 31 4
36 32 4
36 33 6
36 34 9
36 35 6
37 0 11
37 1 11
37 2 5
37 3 4
37 4 10
37 5 8
37 6 2
37 7 12
37 8 12
37 9 7
37 10 7
37 11 10
37 12 12
37 13 6
37 14 4
37 15 11
37 16 3
37 17 2
37 18 3
37 19 8
37 20 7
37 21 10
37 22 8
37 23 4
37 24 8
37 25 12
37 26 3
37 27 5
37 28 12
37 29 10
37 30 5
37 31 5
37 32 10
37 33 6
37 34 1
37 35 1
37 36 6
38 0 2
38 1 8
38 2 2
38 3 7
38 4 4
38 5 3
38 6 1
38 7 7
38 8 4
38 9 4
38 10 2
38 11 8
38 12 7
38 13 11
38 14 1
38 15 8
38 16 3
38 17 1
38 18 10
38 19 9
38 20 2
38 21 11
38 22 6
38 23 2
38 24 2
38 25 2
38 26 4
38 27 6
38 28 7
38 29 5
38 30 4
38 31 3
38 32 3
38 33 11
38 34 8
38 35 8
38 36 11
38 37 11
39 0 7
39 1 5
39 2 11
39 3 12
39 4 8
39 5 4
39 6 3
39 7 6
39 8 6
39 9 1
39 10 4
39 11 11
39 12 1
39 13 12
39 14 11
39 15 10
39 16 3
39 17 2
39 18 7
39 19 4
39 20 3
39 21 1
39 22 12
39 23 4
39 24 9
39 25 12
39 26 10
39 27 11
39 28 10
39 29 10
39 30 9
39 31 7
39 32 1
39 33 11
39 34 12
39 35 10
39 36 8
39 37 4
39 38 5
