30
3 1 2
3 2 3
4 1 1
4 2 5
4 3 5
5 0 5
5 1 4
5 3 3
6 2 2
6 3 4
7 2 5
7 4 4
7 5 3
7 6 2
8 0 4
8 5 2
9 0 1
9 4 1
9 5 2
9 7 5
9 8 1
10 1 1
10 4 2
10 5 5
10 6 4
10 7 2
10 8 2
11 0 5
11 2 2
11 5 5
11 6 5
11 7 2
11 8 2
11 9 2
11 10 5
12 0 1
12 1 4
12 2 3
12 3 5
12 4 1
12 6 4
12 11 1
13 0 5
13 3 1
13 4 4
13 5 2
13 6 4
13 8 4
14 2 1
14 3 2
14 7 5
14 9 4
14 13 1
15 2 4
15 4 3
15 8 4
15 9 4
15 10 3
15 11 2
15 12 2
15 13 3
16 0 2
16 3 4
16 4 3
16 7 1
16 9 4
16 10 5
16 13 4
17 0 5
17 1 4
17 3 2
17 4 4
17 6 3
17 7 2
17 10 5
17 11 4
17 12 1
17 14 4
17 15 2
18 0 3
18 4 4
18 5 5
18 10 1
18 11 5
18 12 3
19 2 3
19 5 1
19 8 5
19 10 2
19 14 4
19 18 3
20 0 1
20 1 4
20 3 2
20 4 1
20 5 3
20 6 1
20 7 1
20 8 4
20 9 1
20 10 1
20 12 3
20 13 4
20 15 3
20 16 3
20 17 3
20 18 1
20 19 2
21 1 1
21 2 3
21 3 5
21 4 1
21 6 3
21 7 2
21 8 5
21 9 2
21 10 1
21 12 1
21 16 4
21 18 3
21 19 3
21 20 1
22 0 5
22 1 5
22 3 2
22 4 3
22 7 5
22 10 3
22 11 2
22 12 3
22 13 2
22 14 4
22 16 2
22 18 4
22 19 4
23 4 2
23 5 3
23 10 4
23 11 2
23 12 4
23 14 2
23 16 1
23 18 2
23 20 3
23 22 3
24 0 3
24 1 2
24 2 4
24 3 5
24 7 2
24 8 3
24 9 3
24 11 4
24 12 2
24 14 1
24 17 2
24 19 5
24 20 3
24 22 5
24 23 3
25 3 4
25 6 1
25 8 5
25 10 4
25 11 1
25 13 5
25 14 4
25 16 2
25 19 2
25 23 1
26 1 5
26 2 5
26 3 3
26 4 3
26 5 4
26 6 5
26 7 3
26 9 1
26 11 5
26 13 4
26 14 3
26 15 3
26 16 2
26 17 4
26 19 1
26 22 1
26 23 5
26 25 4
27 1 4
27 2 4
27 3 2
27 5 2
27 6 4
27 7 5
27 10 5
27 11 4
27 12 1
27 14 5
27 15 4
27 16 4
27 18 1
27 20 1
27 23 2
27 24 4
27 25 2
27 26 1
28 3 3
28 4 5
28 6 1
28 7 5
28 8 3
28 9 3
28 10 4
28 12 1
28 15 1
28 16 1
28 21 4
28 23 2
28 25 3
28 26 5
29 0 5
29 3 5
29 4 3
29 6 2
29 7 3
29 8 2
29 10 2
29 11 3
29 12 2
29 14 3
29 15 1
29 17 4
29 19 5
29 20 4
29 21 1
29 22 4
29 23 3
29 26 3
29 27 1
29 28 5
