70
1 0 6
2 0 5
2 1 6
3 0 2
3 1 3
4 0 6
4 2 3
4 3 2
5 0 4
5 2 1
5 3 6
6 2 7
6 3 3
6 4 3
6 5 6
7 3 6
7 5 2
8 0 7
8 1 4
8 2 7
8 3 7
8 4 5
8 6 3
9 0 6
9 1 6
9 3 7
9 4 6
9 5 5
9 6 4
9 7 5
9 8 7
10 3 5
10 5 1
10 6 6
10 8 7
10 9 4
11 1 7
11 2 5
11 3 4
11 6 6
11 10 6
12 0 6
12 1 2
12 4 4
12 5 2
12 6 5
12 7 1
12 8 6
12 10 4
13 1 4
13 2 6
13 3 5
13 6 3
13 7 4
13 8 1
13 9 2
13 11 1
13 12 1
14 3 3
14 4 4
14 6 1
14 8 3
14 13 7
15 1 6
15 4 6
15 5 6
15 7 4
15 9 6
15 10 2
15 14 6
16 4 7
16 5 5
16 6 5
16 7 4
16 9 4
16 10 7
16 13 7
16 14 6
17 0 4
17 1 5
17 2 2
17 3 3
17 4 3
17 6 1
17 7 5
17 8 2
17 9 6
17 10 1
17 11 3
17 12 4
17 13 6
17 14 5
17 16 3
18 1 6
18 4 6
18 6 5
18 8 6
18 10 5
18 13 2
19 3 7
19 5 4
19 7 2
19 11 5
19 15 4
19 16 4
19 17 4
20 0 4
20 3 4
20 8 1
20 10 5
20 12 2
20 13 3
20 16 1
20 17 5
21 1 7
21 3 1
21 4 3
21 6 4
21 8 4
21 9 5
21 10 6
21 11 3
21 15 4
21 18 2
21 20 6
22 2 1
22 5 4
22 6 1
22 7 7
22 8 1
22 9 5
22 10 1
22 11 2
22 15 6
22 16 6
22 19 1
23 0 7
23 1 5
23 4 1
23 6 4
23 11 3
23 14 5
23 17 2
23 18 7
23 19 3
23 20 3
24 0 2
24 3 6
24 8 1
24 9 4
24 10 3
24 11 6
24 12 6
24 13 2
24 14 4
24 16 4
24 21 4
24 23 2
25 2 1
25 3 5
25 10 7
25 11 1
25 12 4
25 13 3
25 14 5
25 15 6
25 16 7
25 17 1
25 20 4
25 22 7
25 24 6
26 2 5
26 4 6
26 7 3
26 8 5
26 9 3
26 10 4
26 12 6
26 14 6
26 15 1
26 16 3
26 17 6
26 18 7
26 19 7
26 20 3
26 21 5
26 22 4
26 23 5
26 25 3
27 0 4
27 1 5
27 3 5
27 5 5
27 9 1
27 11 6
27 13 6
27 16 1
27 19 2
27 21 7
28 2 2
28 3 7
28 4 3
28 5 4
28 6 5
28 9 1
28 12 2
28 15 5
28 18 7
28 19 6
28 23 5
28 25 6
28 26 4
29 2 6
29 3 6
29 4 3
29 5 5
29 6 5
29 7 7
29 9 5
29 10 4
29 11 3
29 16 7
29 17 2
29 19 1
29 20 6
29 24 5
29 25 1
29 27 7
30 5 2
30 6 5
30 7 1
30 8 5
30 11 5
30 13 6
30 14 6
30 15 4
30 16 5
30 17 6
30 21 4
30 24 3
30 25 2
30 27 1
30 29 4
31 0 1
31 4 2
31 5 7
31 7 5
31 10 5
31 15 6
31 16 7
31 17 7
31 19 6
31 20 3
31 21 6
31 26 2
31 28 2
31 29 6
31 30 2
32 0 4
32 3 3
32 6 6
32 7 4
32 9 5
32 10 4
32 13 5
32 14 1
32 15 6
32 16 4
32 22 2
32 25 4
32 28 1
32 30 6
33 1 6
33 2 6
33 9 3
33 10 5
33 18 4
33 19 3
33 20 4
33 24 2
33 25 7
33 30 3
33 31 7
33 32 1
34 0 3
34 1 2
34 2 3
34 4 1
34 5 7
34 9 1
34 10 4
34 12 2
34 15 2
34 17 4
34 20 2
34 21 7
34 22 5
34 23 5
34 26 6
34 27 6
34 29 2
34 32 1
34 33 1
35 1 3
35 2 6
35 3 3
35 4 7
35 6 1
35 8 3
35 11 2
35 12 3
35 13 5
35 14 2
35 17 6
35 18 4
35 19 7
35 22 4
35 23 3
35 24 2
35 25 3
35 26 2
36 0 5
36 2 4
36 6 1
36 7 3
36 10 5
36 11 4
36 12 2
36 13 1
36 14 1
36 15 1
36 16 5
36 17 7
36 18 1
36 21 7
36 22 2
36 23 2
36 24 1
36 26 7
36 27 1
36 28 7
36 29 4
36 32 5
36 34 5
36 35 5
37 4 3
37 5 6
37 7 4
37 9 7
37 12 4
37 13 3
37 15 1
37 17 6
37 21 1
37 25 5
37 28 6
37 31 5
37 32 1
37 35 6
37 36 2
38 2 6
38 4 2
38 5 3
38 7 5
38 8 2
38 9 5
38 11 3
38 12 3
38 16 2
38 18 3
38 19 7
38 20 6
38 25 1
38 26 4
38 30 6
38 31 1
38 33 7
38 34 6
38 36 3
38 37 2
39 0 1
39 1 1
39 3 6
39 6 4
39 12 4
39 19 5
39 21 1
39 26 4
39 27 7
39 28 2
39 29 1
39 31 2
39 33 4
39 35 3
39 37 2
40 2 4
40 3 2
40 5 2
40 9 2
40 11 5
40 12 2
40 14 1
40 16 5
40 18 3
40 20 6
40 23 5
40 29 5
40 30 7
40 32 2
41 0 6
41 1 5
41 2 4
41 3 4
41 4 1
41 5 5
41 9 2
41 11 7
41 15 7
41 16 6
41 19 5
41 22 6
41 23 7
41 24 7
41 25 3
41 26 5
41 29 2
41 30 3
41 32 1
41 34 2
41 36 7
41 37 1
42 0 3
42 1 7
42 2 4
42 3 2
42 9 6
42 10 2
42 11 5
42 12 3
42 17 4
42 18 2
42 19 5
42 21 4
42 26 7
42 27 7
42 30 6
42 31 3
42 33 6
42 34 6
42 35 6
42 36 5
42 37 1
42 38 2
42 39 3
42 40 4
43 5 4
43 8 4
43 9 7
43 10 4
43 11 3
43 12 6
43 13 6
43 14 4
43 15 5
43 16 3
43 18 7
43 19 7
43 20 4
43 21 1
43 22 3
43 23 3
43 27 1
43 30 4
43 31 2
43 32 3
43 35 6
43 36 2
43 39 2
44 1 1
44 2 2
44 4 6
44 5 4
44 6 2
44 7 4
44 8 2
44 9 4
44 10 1
44 13 7
44 14 3
44 15 5
44 16 2
44 18 5
44 24 5
44 27 3
44 28 5
44 32 3
44 34 7
44 39 5
44 41 4
45 2 1
45 3 5
45 5 2
45 9 1
45 11 4
45 12 4
45 13 5
45 15 5
45 17 6
45 23 3
45 24 5
45 25 5
45 26 7
45 29 5
45 30 5
45 31 4
45 33 5
45 34 1
45 36 3
45 38 4
45 39 6
46 1 6
46 4 4
46 8 3
46 12 3
46 14 3
46 15 1
46 16 2
46 17 1
46 18 4
46 22 4
46 25 5
46 26 4
46 27 2
46 28 6
46 34 4
46 40 5
46 43 3
46 44 2
47 0 7
47 3 6
47 5 2
47 8 4
47 11 6
47 12 7
47 14 6
47 16 1
47 18 7
47 19 7
47 21 4
47 23 4
47 25 1
47 27 7
47 29 6
47 30 3
47 33 5
47 34 7
47 35 5
47 36 7
47 39 1
47 42 6
47 44 7
47 45 3
48 0 1
48 4 5
48 10 6
48 14 4
48 16 3
48 17 3
48 19 4
48 20 2
48 26 5
48 28 5
48 31 7
48 33 3
48 34 2
48 36 2
48 37 4
48 40 3
48 43 5
48 45 3
48 47 3
49 1 2
49 2 2
49 3 5
49 5 6
49 9 1
49 10 3
49 12 2
49 13 1
49 14 5
49 16 7
49 19 4
49 20 5
49 21 5
49 22 6
49 25 6
49 26 6
49 30 4
49 31 7
49 32 4
49 35 5
49 36 7
49 39 3
49 41 4
49 43 3
49 44 5
49 46 4
49 47 4
49 48 1
50 0 6
50 1 4
50 3 5
50 5 6
50 6 7
50 7 7
50 8 1
50 9 3
50 10 6
50 12 4
50 13 1
50 15 5
50 17 2
50 20 7
50 21 6
50 22 4
50 23 1
50 26 7
50 27 2
50 28 1
50 29 6
50 30 2
50 33 1
50 34 7
50 35 4
50 38 4
50 42 5
50 44 1
50 47 3
51 0 3
51 5 2
51 6 7
51 7 6
51 9 3
51 10 4
51 11 6
51 15 3
51 17 5
51 19 2
51 23 6
51 24 5
51 27 5
51 28 4
51 29 7
51 30 3
51 39 6
51 40 7
51 42 5
51 43 7
51 44 1
51 45 4
52 0 4
52 2 2
52 5 1
52 6 4
52 11 4
52 13 5
52 15 3
52 16 3
52 21 4
52 24 4
52 27 2
52 33 3
52 38 1
52 39 7
52 42 1
52 46 4
52 48 5
52 50 2
52 51 3
53 2 5
53 3 4
53 6 1
53 8 1
53 9 5
53 10 7
53 12 4
53 16 6
53 17 7
53 19 1
53 20 3
53 21 1
53 24 5
53 25 6
53 30 2
53 33 5
53 35 5
53 36 1
53 37 7
53 40 3
53 42 5
53 43 6
53 44 6
53 49 1
53 51 1
54 0 2
54 1 3
54 2 5
54 4 3
54 5 6
54 9 4
54 10 3
54 11 6
54 14 6
54 17 5
54 20 1
54 23 7
54 26 2
54 28 6
54 30 2
54 34 4
54 36 7
54 37 1
54 41 3
54 42 1
54 43 4
54 44 4
54 46 7
54 48 6
54 49 5
54 52 2
54 53 4
55 1 7
55 2 2
55 5 1
55 6 5
55 9 2
55 13 5
55 15 4
55 17 2
55 18 2
55 20 4
55 21 5
55 23 4
55 26 6
55 28 2
55 31 6
55 34 7
55 35 2
55 38 1
55 40 5
55 41 3
55 43 1
55 46 1
55 47 6
55 48 4
55 50 4
55 52 7
56 0 5
56 1 2
56 2 2
56 3 7
56 4 6
56 5 2
56 6 6
56 7 2
56 8 7
56 9 6
56 10 3
56 12 4
56 18 7
56 20 3
56 22 7
56 24 1
56 25 2
56 26 6
56 27 6
56 30 3
56 31 7
56 32 2
56 34 4
56 35 2
56 37 6
56 38 7
56 39 3
56 40 2
56 42 6
56 44 3
56 50 6
56 51 4
56 52 1
56 55 7
57 0 6
57 3 2
57 5 4
57 6 7
57 7 5
57 9 2
57 11 6
57 13 2
57 15 7
57 18 3
57 20 4
57 21 2
57 26 6
57 27 1
57 31 7
57 33 7
57 34 3
57 35 1
57 39 3
57 40 6
57 41 5
57 42 7
57 44 5
57 46 7
57 47 1
57 48 1
57 49 3
57 50 7
57 51 6
57 53 3
57 55 4
57 56 6
58 3 4
58 5 4
58 6 5
58 7 6
58 8 6
58 10 4
58 12 3
58 13 2
58 16 6
58 17 7
58 18 4
58 20 1
58 21 1
58 23 6
58 25 6
58 28 7
58 31 7
58 33 6
58 34 5
58 35 1
58 38 3
58 40 3
58 42 7
58 43 6
58 44 7
58 45 7
58 49 3
58 50 1
58 52 5
58 53 2
58 54 1
58 55 1
58 57 2
59 1 3
59 6 4
59 7 7
59 8 3
59 9 1
59 13 6
59 14 6
59 18 2
59 23 5
59 27 1
59 29 4
59 31 7
59 32 2
59 33 2
59 34 2
59 35 7
59 36 6
59 45 1
59 46 2
59 47 1
59 48 3
59 49 5
59 50 7
59 54 1
59 57 5
60 0 6
60 1 1
60 2 5
60 6 1
60 8 3
60 10 3
60 11 6
60 13 3
60 14 5
60 15 1
60 16 3
60 18 2
60 21 3
60 22 7
60 23 1
60 24 1
60 25 1
60 32 7
60 33 7
60 34 1
60 35 2
60 36 5
60 37 3
60 40 6
60 42 5
60 43 5
60 45 6
60 49 2
60 55 4
60 56 6
61 2 4
61 4 6
61 5 5
61 6 3
61 7 5
61 8 6
61 10 5
61 11 4
61 12 5
61 13 3
61 17 6
61 19 6
61 21 3
61 24 5
61 25 3
61 26 5
61 27 2
61 28 7
61 29 1
61 30 5
61 31 4
61 34 4
61 35 3
61 36 3
61 37 1
61 38 4
61 39 3
61 40 5
61 41 3
61 46 2
61 51 6
61 56 5
61 58 3
61 60 6
62 1 2
62 2 5
62 5 5
62 7 3
62 10 7
62 11 7
62 12 4
62 13 3
62 15 3
62 17 7
62 18 1
62 19 6
62 20 5
62 24 3
62 25 7
62 26 3
62 30 3
62 31 6
62 33 1
62 34 1
62 37 1
62 41 1
62 45 1
62 48 2
62 49 4
62 50 5
62 51 6
62 56 4
62 58 1
62 60 5
62 61 4
63 0 6
63 1 6
63 3 4
63 4 3
63 7 1
63 8 5
63 11 7
63 12 7
63 18 3
63 20 5
63 23 5
63 24 3
63 25 7
63 27 3
63 28 6
63 30 2
63 31 6
63 33 1
63 38 7
63 40 3
63 42 1
63 46 6
63 47 7
63 49 4
63 50 7
63 52 6
63 53 1
63 58 5
63 60 4
64 0 7
64 1 7
64 2 6
64 4 6
64 5 4
64 7 3
64 8 1
64 10 4
64 11 6
64 13 2
64 14 1
64 15 2
64 16 1
64 18 5
64 19 5
64 20 7
64 21 7
64 24 2
64 25 4
64 26 7
64 27 4
64 29 2
64 30 5
64 31 7
64 35 7
64 38 6
64 41 6
64 45 3
64 46 4
64 47 5
64 50 5
64 53 2
64 54 4
64 55 1
64 57 4
64 59 5
64 60 2
64 61 4
64 62 1
65 4 6
65 8 6
65 9 6
65 11 6
65 12 1
65 13 4
65 16 1
65 22 6
65 24 6
65 25 3
65 27 3
65 28 1
65 31 2
65 32 2
65 33 2
65 34 3
65 36 2
65 38 3
65 40 7
65 43 7
65 45 1
65 47 7
65 48 7
65 49 1
65 52 7
65 56 2
65 57 3
65 64 1
66 2 6
66 4 4
66 5 5
66 6 6
66 8 2
66 9 3
66 10 2
66 14 4
66 15 7
66 17 3
66 18 6
66 19 3
66 20 6
66 21 2
66 23 7
66 24 7
66 27 3
66 28 1
66 31 4
66 35 7
66 38 1
66 39 6
66 40 4
66 42 2
66 43 1
66 44 7
66 46 5
66 47 2
66 49 6
66 52 4
66 60 1
66 61 5
67 0 2
67 1 3
67 6 5
67 7 6
67 8 1
67 9 1
67 11 3
67 12 4
67 13 7
67 14 6
67 16 3
67 18 4
67 20 7
67 23 1
67 26 4
67 28 4
67 34 6
67 35 4
67 36 1
67 39 7
67 40 5
67 41 3
67 44 2
67 46 6
67 47 2
67 50 6
67 51 3
67 52 2
67 53 4
67 58 1
67 62 5
67 63 5
67 64 7
67 65 7
68 0 7
68 1 6
68 2 1
68 9 4
68 11 4
68 12 3
68 13 5
68 15 5
68 16 1
68 20 6
68 21 2
68 23 7
68 24 5
68 25 2
68 26 4
68 27 7
68 28 7
68 29 2
68 30 5
68 31 7
68 35 1
68 38 4
68 39 7
68 40 4
68 43 2
68 44 1
68 45 4
68 49 4
68 50 3
68 51 3
68 52 5
68 53 4
68 55 7
68 56 2
68 57 3
68 59 3
68 60 3
68 61 5
68 62 2
68 65 4
68 67 7
69 0 7
69 1 4
69 2 5
69 3 3
69 4 5
69 5 6
69 6 1
69 7 2
69 10 1
69 13 2
69 15 4
69 16 5
69 17 3
69 20 7
69 21 4
69 22 4
69 24 4
69 25 5
69 26 4
69 27 3
69 28 2
69 29 3
69 31 4
69 32 5
69 34 7
69 37 4
69 41 2
69 43 7
69 44 3
69 45 4
69 46 2
69 51 6
69 54 2
69 56 6
69 57 2
69 60 6
69 61 2
69 62 2
69 63 1
69 66 7
69 67 6
