30
1 0 5
2 0 12
2 1 4
3 0 4
3 1 11
3 2 9
4 0 1
4 1 10
4 2 12
4 3 4
5 0 10
5 1 5
5 2 3
5 3 5
5 4 4
6 0 10
6 1 4
6 2 10
6 3 5
6 4 7
6 5 7
7 0 7
7 1 8
7 2 3
7 3 12
7 4 1
7 5 10
7 6 1
8 0 1
8 1 7
8 2 5
8 3 5
8 4 7
8 5 3
8 6 2
8 7 10
9 0 8
9 1 5
9 2 6
9 3 10
9 4 5
9 5 6
9 6 12
9 7 7
9 8 1
10 0 5
10 1 11
10 2 5
10 3 10
10 4 11
10 5 6
10 6 7
10 7 5
10 8 5
10 9 4
11 0 9
11 1 1
11 2 4
11 3 8
11 4 4
11 5 4
11 6 7
11 7 2
11 8 6
11 9 12
11 10 7
12 0 1
12 1 6
12 2 3
12 3 6
12 4 1
12 5 3
12 6 4
12 7 5
12 8 10
12 9 5
12 10 2
12 11 12
13 0 9
13 1 12
13 2 4
13 3 12
13 4 4
13 5 5
13 6 12
13 7 7
13 8 6
13 9 6
13 10 5
13 11 2
13 12 1
14 0 8
14 1 9
14 2 4
14 3 6
14 4 9
14 5 7
14 6 1
14 7 3
14 8 2
14 9 1
14 10 10
14 11 1
14 12 12
14 13 7
15 0 7
15 1 7
15 2 10
15 3 8
15 4 7
15 5 8
15 6 5
15 7 10
15 8 3
15 9 3
15 10 1
15 11 12
15 12 2
15 13 8
15 14 4
16 0 3
16 1 11
16 2 2
16 3 6
16 4 7
16 5 5
16 6 12
16 7 3
16 8 10
16 9 10
16 10 6
16 11 12
16 12 11
16 13 7
16 14 4
16 15 6
17 0 2
17 1 10
17 2 9
17 3 5
17 4 2
17 5 8
17 6 6
17 7 5
17 8 4
17 9 3
17 10 1
17 11 7
17 12 3
17 13 10
17 14 7
17 15 5
17 16 2
18 0 4
18 1 5
18 2 8
18 3 9
18 4 6
18 5 6
18 6 3
18 7 1
18 8 8
18 9 9
18 10 11
18 11 10
18 12 1
18 13 2
18 14 12
18 15 3
18 16 9
18 17 8
19 0 3
19 1 6
19 2 9
19 3 2
19 4 11
19 5 6
19 6 7
19 7 11
19 8 12
19 9 4
19 10 8
19 11 4
19 12 9
19 13 3
19 14 5
19 15 5
19 16 2
19 17 2
19 18 9
20 0 6
20 1 9
20 2 5
20 3 6
20 4 10
20 5 9
20 6 9
20 7 6
20 8 2
20 9 7
20 10 7
20 11 3
20 12 9
20 13 3
20 14 4
20 15 6
20 16 5
20 17 5
20 18 12
20 19 5
21 0 9
21 1 6
21 2 1
21 3 10
21 4 5
21 5 10
21 6 9
21 7 10
21 8 3
21 9 10
21 10 12
21 11 8
21 12 2
21 13 12
21 14 2
21 15 4
21 16 11
21 17 4
21 18 10
21 19 2
21 20 7
22 0 7
22 1 5
22 2 7
22 3 1
22 4 1
22 5 12
22 6 7
22 7 8
22 8 7
22 9 10
22 10 2
22 11 2
22 12 8
22 13 8
22 14 3
22 15 10
22 16 3
22 17 1
22 18 10
22 19 8
22 20 2
22 21 11
23 0 5
23 1 7
23 2 7
23 3 11
23 4 8
23 5 6
23 6 6
23 7 7
23 8 8
23 9 11
23 10 5
23 11 11
23 12 5
23 13 3
23 14 11
23 15 9
23 16 8
23 17 6
23 18 1
23 19 2
23 20 1
23 21 12
23 22 6
24 0 7
24 1 4
24 2 6
24 3 8
24 4 2
24 5 8
24 6 2
24 7 8
24 8 10
24 9 1
24 10 11
24 11 9
24 12 6
24 13 4
24 14 10
24 15 7
24 16 3
24 17 3
24 18 2
24 19 2
24 20 1
24 21 3
24 22 1
24 23 7
25 0 10
25 1 7
25 2 4
25 3 2
25 4 7
25 5 3
25 6 12
25 7 8
25 8 12
25 9 2
25 10 12
25 11 12
25 12 1
25 13 2
25 14 3
25 15 8
25 16 6
25 17 6
25 18 6
25 19 11
25 20 5
25 21 2
25 22 8
25 23 5
25 24 8
26 0 6
26 1 8
26 2 2
26 3 1
26 4 3
26 5 10
26 6 9
26 7 12
26 8 2
26 9 3
26 10 2
26 11 5
26 12 9
26 13 3
26 14 9
26 15 11
26 16 12
26 17 4
26 18 4
26 19 2
26 20 11
26 21 4
26 22 1
26 23 4
26 24 10
26 25 12
27 0 12
27 1 9
27 2 2
27 3 8
27 4 4
27 5 4
27 6 11
27 7 5
27 8 8
27 9 4
27 10 6
27 11 5
27 12 5
27 13 12
27 14 1
27 15 3
27 16 6
27 17 9
27 18 6
27 19 6
27 20 2
27 21 3
27 22 12
27 23 3
27 24 8
27 25 10
27 26 2
28 0 2
28 1 9
28 2 10
28 3 2
28 4 8
28 5 2
28 6 8
28 7 1
28 8 8
28 9 7
28 10 12
28 11 11
28 12 3
28 13 8
28 14 6
28 15 7
28 16 10
28 17 6
28 18 7
28 19 3
28 20 6
28 21 12
28 22 8
28 23 4
28 24 9
28 25 6
28 26 12
28 27 8
29 0 5
29 1 4
29 2 2
29 3 1
29 4 11
29 5 7
29 6 8
29 7 5
29 8 2
29 9 4
29 10 2
29 11 2
29 12 7
29 13 3
29 14 6
29 15 12
29 16 10
29 17 4
29 18 11
29 19 11
29 20 8
29 21 6
29 22 8
29 23 7
29 24 5
29 25 8
29 26 3
29 27 11
29 28 1
