70
2 1 1
3 1 1
3 2 2
4 0 1
4 2 2
5 0 1
5 1 2
5 2 1
5 4 1
6 0 2
6 2 1
6 3 2
7 2 2
7 3 2
7 4 2
7 5 2
7 6 2
8 0 2
8 4 1
8 5 1
9 0 1
9 1 2
9 3 1
9 7 2
9 8 2
10 2 1
10 3 1
10 4 2
10 5 2
10 8 1
10 9 1
11 1 1
11 2 2
11 4 1
11 5 2
11 6 1
11 7 2
11 8 2
12 2 1
12 3 1
12 4 2
12 5 1
12 6 1
12 7 2
12 11 2
13 3 1
13 4 2
13 6 1
13 10 1
14 2 1
14 4 2
14 7 2
14 10 2
14 13 2
15 1 2
15 3 2
15 4 1
15 5 2
15 6 1
15 11 2
15 14 2
16 0 1
16 2 1
16 4 1
16 5 2
16 10 2
16 11 2
16 13 2
16 14 2
17 1 2
17 5 1
17 8 2
17 14 1
18 0 1
18 2 2
18 4 2
18 6 2
18 10 2
18 11 1
18 13 1
18 14 2
18 15 2
18 17 2
19 0 1
19 1 2
19 2 1
19 6 2
19 8 2
19 9 1
19 11 1
19 12 2
19 13 2
19 14 2
19 16 2
19 17 2
20 1 2
20 2 1
20 4 1
20 7 2
20 9 1
20 10 2
20 12 1
20 14 2
20 16 2
21 1 2
21 2 1
21 4 2
21 5 2
21 6 2
21 8 2
21 10 2
21 11 2
21 15 1
21 18 2
21 20 2
22 1 2
22 2 2
22 3 1
22 4 1
22 6 1
22 12 1
22 13 2
22 19 1
22 20 1
22 21 1
23 0 2
23 1 1
23 2 2
23 4 1
23 6 1
23 7 2
23 8 2
23 9 1
23 10 1
23 14 1
23 17 2
23 18 2
23 19 1
23 21 2
23 22 2
24 1 2
24 5 2
24 6 2
24 7 1
24 11 1
24 12 1
24 13 2
24 16 1
24 17 2
24 18 2
24 19 2
24 20 2
24 21 2
24 23 2
25 1 2
25 4 2
25 5 2
25 8 1
25 10 2
25 12 1
25 13 2
25 15 1
25 17 1
25 18 2
25 19 2
25 22 1
26 2 1
26 7 1
26 8 1
26 9 2
26 10 1
26 12 2
26 13 2
26 14 1
26 15 2
26 19 1
26 20 1
26 22 1
26 23 1
26 24 1
27 3 1
27 4 2
27 5 2
27 8 2
27 9 1
27 12 1
27 15 2
27 16 1
27 17 1
27 22 1
27 23 2
27 25 2
28 3 2
28 7 2
28 8 2
28 10 2
28 12 1
28 14 1
28 16 1
28 17 2
28 21 2
28 22 1
28 23 1
28 24 1
28 26 2
28 27 2
29 0 2
29 2 2
29 3 2
29 5 2
29 9 1
29 10 1
29 11 1
29 12 1
29 16 1
29 18 1
29 20 2
29 22 1
29 23 1
29 24 2
29 27 1
30 1 2
30 2 1
30 4 1
30 8 1
30 11 2
30 17 1
30 19 2
30 20 2
30 23 1
30 26 1
30 27 1
30 28 1
30 29 2
31 0 1
31 1 1
31 7 1
31 8 1
31 15 1
31 17 2
31 18 2
31 19 2
31 23 2
31 24 2
31 25 1
31 26 2
31 29 1
32 0 2
32 4 2
32 7 2
32 9 2
32 11 2
32 13 1
32 14 1
32 15 1
32 16 1
32 17 2
32 19 2
32 22 1
32 26 2
32 27 1
32 28 2
32 30 2
33 0 2
33 1 1
33 2 2
33 3 2
33 5 1
33 6 1
33 7 1
33 8 2
33 10 2
33 12 1
33 13 1
33 17 2
33 19 2
33 21 2
33 23 2
33 24 1
33 25 1
33 26 2
33 28 2
33 29 1
33 30 2
33 31 1
33 32 2
34 0 1
34 1 2
34 3 2
34 4 2
34 6 2
34 7 1
34 8 2
34 11 1
34 12 1
34 13 2
34 17 2
34 18 2
34 19 1
34 22 2
34 24 2
34 25 1
34 26 1
34 29 2
34 30 2
34 32 1
35 0 2
35 1 2
35 2 1
35 6 1
35 8 2
35 9 1
35 11 2
35 12 2
35 14 2
35 15 1
35 17 1
35 20 1
35 21 1
35 22 2
35 23 2
35 25 2
35 29 2
35 33 1
35 34 2
36 2 1
36 5 1
36 6 1
36 7 2
36 12 1
36 13 2
36 14 2
36 15 2
36 18 2
36 21 1
36 22 2
36 23 2
36 24 1
36 26 2
36 27 2
36 28 1
36 29 1
36 30 1
36 31 1
37 0 1
37 3 2
37 4 1
37 6 2
37 7 1
37 8 1
37 10 2
37 11 2
37 12 1
37 13 2
37 19 2
37 21 1
37 22 2
37 24 2
37 25 2
37 26 1
37 27 1
37 30 1
37 31 1
37 33 2
37 34 2
37 36 2
38 2 2
38 3 2
38 4 1
38 6 1
38 7 1
38 11 1
38 12 1
38 15 2
38 16 1
38 18 1
38 21 1
38 22 1
38 24 2
38 29 1
38 30 1
38 35 1
38 37 1
39 0 1
39 8 1
39 9 1
39 11 1
39 12 1
39 14 2
39 15 2
39 16 2
39 18 1
39 19 1
39 20 1
39 22 1
39 23 2
39 24 2
39 26 1
39 27 2
39 28 1
39 30 2
39 31 2
39 33 1
39 35 2
39 36 1
39 38 2
40 1 1
40 5 2
40 7 1
40 9 2
40 12 2
40 13 2
40 15 1
40 16 2
40 17 2
40 18 2
40 19 2
40 23 2
40 24 1
40 25 2
40 26 2
40 27 1
40 28 1
40 33 2
40 34 2
40 36 2
40 37 1
40 39 1
41 2 1
41 3 1
41 5 1
41 6 1
41 8 1
41 9 1
41 10 1
41 12 2
41 16 2
41 20 2
41 21 1
41 23 2
41 24 2
41 25 2
41 26 2
41 28 1
41 29 1
41 31 2
41 32 1
41 33 1
41 35 1
41 37 2
41 38 2
41 40 2
42 0 1
42 3 1
42 5 1
42 6 2
42 7 1
42 9 1
42 10 1
42 13 2
42 14 1
42 20 2
42 24 1
42 25 1
42 26 1
42 28 2
42 29 2
42 30 2
42 32 2
42 33 1
42 34 2
42 35 1
42 36 1
42 38 1
42 40 2
43 0 1
43 3 1
43 5 2
43 6 1
43 9 1
43 10 1
43 11 1
43 12 1
43 14 2
43 15 1
43 16 1
43 18 2
43 19 1
43 20 2
43 23 1
43 24 1
43 25 1
43 26 2
43 27 1
43 31 2
43 32 2
43 33 1
43 34 2
43 35 1
43 37 2
43 41 2
44 1 2
44 3 2
44 9 1
44 13 1
44 14 2
44 18 2
44 19 2
44 21 2
44 22 1
44 24 1
44 25 1
44 27 1
44 28 1
44 29 2
44 31 1
44 33 1
44 35 1
44 36 1
44 37 1
44 40 2
45 1 2
45 2 2
45 3 1
45 4 2
45 5 2
45 7 1
45 10 2
45 12 2
45 13 2
45 16 1
45 17 2
45 18 2
45 24 1
45 25 1
45 27 1
45 34 1
45 35 1
45 37 2
45 39 2
45 40 2
46 1 2
46 3 1
46 6 1
46 12 1
46 15 1
46 18 2
46 21 2
46 23 1
46 24 2
46 31 1
46 33 2
46 34 2
46 35 1
46 38 1
46 40 1
46 43 1
46 45 2
47 0 1
47 1 2
47 10 2
47 11 2
47 14 1
47 17 1
47 20 1
47 27 1
47 28 2
47 35 1
47 36 1
47 39 1
47 43 1
47 45 1
47 46 2
48 0 2
48 1 2
48 2 2
48 3 1
48 5 1
48 7 1
48 8 1
48 9 2
48 10 1
48 13 2
48 16 1
48 22 1
48 23 1
48 24 1
48 28 1
48 33 2
48 34 1
48 36 2
48 37 2
48 38 2
48 39 1
48 41 2
48 44 2
48 46 2
48 47 1
49 0 1
49 3 1
49 4 2
49 5 2
49 8 2
49 12 2
49 14 2
49 18 2
49 20 1
49 22 2
49 23 2
49 25 2
49 26 1
49 29 2
49 30 1
49 35 2
49 36 2
49 37 1
49 38 2
49 39 2
49 42 2
49 44 2
49 48 2
50 2 2
50 4 2
50 11 1
50 16 1
50 21 2
50 22 2
50 23 2
50 26 2
50 27 2
50 28 2
50 32 2
50 36 1
50 37 2
50 39 1
50 42 1
51 1 1
51 2 2
51 3 1
51 4 2
51 6 1
51 8 1
51 9 2
51 10 2
51 14 2
51 15 1
51 16 2
51 18 1
51 21 1
51 26 2
51 27 2
51 29 1
51 31 1
51 32 1
51 36 1
51 37 2
51 38 2
51 39 2
51 40 2
51 45 1
51 48 1
51 49 2
52 0 2
52 2 2
52 3 1
52 6 2
52 9 1
52 10 1
52 11 1
52 12 2
52 13 1
52 14 1
52 16 1
52 17 1
52 18 2
52 19 1
52 21 2
52 22 1
52 25 2
52 27 1
52 29 2
52 33 1
52 35 2
52 36 1
52 37 1
52 39 2
52 43 2
52 49 2
52 51 2
53 0 1
53 1 2
53 4 1
53 11 2
53 13 2
53 15 2
53 16 2
53 17 2
53 18 1
53 19 1
53 20 2
53 21 2
53 22 1
53 23 1
53 24 2
53 25 1
53 26 2
53 27 1
53 29 1
53 31 2
53 33 1
53 34 2
53 36 2
53 39 2
53 40 1
53 43 2
53 45 1
53 48 1
53 49 1
53 50 2
53 51 2
54 1 1
54 5 1
54 6 2
54 7 1
54 10 2
54 11 1
54 12 2
54 13 1
54 15 2
54 16 2
54 17 2
54 18 1
54 19 1
54 21 2
54 22 2
54 23 2
54 24 1
54 25 1
54 30 2
54 32 2
54 33 2
54 36 2
54 39 1
54 40 1
54 43 2
54 44 2
54 46 2
55 0 2
55 2 2
55 3 1
55 10 1
55 11 1
55 12 1
55 13 2
55 15 2
55 16 1
55 20 2
55 22 2
55 24 1
55 25 1
55 27 1
55 28 2
55 31 1
55 33 1
55 35 1
55 43 1
55 46 2
55 49 2
55 51 2
56 0 1
56 3 2
56 4 2
56 5 1
56 7 2
56 11 2
56 13 1
56 15 2
56 17 1
56 18 2
56 23 2
56 24 1
56 25 1
56 28 1
56 29 1
56 30 1
56 31 1
56 33 2
56 34 2
56 35 2
56 38 1
56 42 2
56 43 2
56 44 2
56 47 2
56 50 2
56 52 1
56 55 2
57 3 2
57 10 1
57 11 1
57 12 1
57 13 1
57 15 2
57 16 2
57 18 2
57 20 2
57 21 1
57 23 2
57 24 1
57 28 1
57 29 1
57 31 2
57 32 1
57 35 1
57 36 2
57 37 1
57 39 1
57 41 2
57 43 1
57 44 1
57 46 2
57 49 2
57 50 2
57 54 2
57 56 1
58 1 2
58 3 1
58 4 2
58 7 1
58 8 1
58 9 1
58 10 2
58 16 1
58 19 1
58 20 2
58 23 2
58 29 1
58 30 1
58 33 2
58 35 1
58 37 1
58 39 2
58 40 2
58 41 1
58 42 2
58 43 1
58 44 2
58 46 1
58 49 2
58 53 2
58 55 2
58 56 2
59 4 1
59 6 2
59 7 1
59 8 2
59 9 1
59 10 1
59 12 1
59 14 1
59 17 1
59 18 1
59 19 1
59 23 1
59 25 1
59 28 1
59 29 1
59 30 2
59 32 2
59 33 1
59 37 1
59 41 2
59 42 1
59 43 2
59 48 1
59 51 1
59 52 1
59 56 2
59 57 1
59 58 2
60 0 2
60 1 2
60 3 2
60 4 1
60 6 2
60 7 1
60 8 1
60 9 2
60 14 2
60 15 1
60 17 1
60 18 1
60 20 1
60 21 2
60 22 1
60 23 2
60 27 2
60 29 1
60 31 1
60 32 1
60 34 1
60 42 2
60 44 1
60 45 2
60 50 1
60 51 1
60 53 2
60 54 2
60 56 2
61 5 2
61 6 2
61 7 2
61 11 1
61 12 1
61 13 1
61 14 1
61 15 1
61 16 1
61 18 2
61 19 1
61 20 1
61 21 1
61 23 1
61 24 1
61 26 1
61 27 1
61 28 2
61 29 1
61 30 1
61 31 1
61 34 1
61 36 2
61 40 1
61 42 1
61 43 2
61 44 1
61 46 2
61 47 1
61 48 1
61 50 2
61 52 2
61 53 1
61 57 2
61 58 1
61 60 2
62 1 1
62 2 2
62 3 1
62 4 1
62 5 2
62 6 1
62 7 1
62 9 1
62 10 2
62 11 1
62 15 1
62 17 2
62 19 2
62 20 1
62 21 1
62 22 1
62 24 2
62 25 1
62 26 1
62 27 1
62 33 1
62 34 1
62 35 1
62 36 1
62 39 2
62 40 2
62 45 1
62 47 2
62 48 1
62 50 1
62 51 2
62 52 2
62 53 1
62 54 2
62 57 1
62 58 2
62 59 2
62 60 2
63 1 2
63 7 2
63 8 1
63 10 1
63 15 2
63 16 2
63 17 2
63 22 1
63 28 2
63 29 1
63 30 2
63 32 1
63 33 1
63 35 1
63 36 2
63 44 1
63 46 1
63 52 1
63 53 2
63 54 2
63 56 1
63 58 2
63 61 2
63 62 2
64 8 1
64 12 1
64 18 1
64 20 2
64 25 1
64 26 2
64 33 1
64 34 2
64 35 2
64 36 1
64 37 1
64 38 1
64 41 2
64 42 2
64 43 1
64 46 2
64 47 1
64 55 1
64 56 2
64 57 1
64 59 1
64 61 1
64 63 2
65 0 2
65 1 1
65 2 1
65 3 1
65 5 1
65 6 1
65 7 1
65 9 1
65 10 1
65 12 2
65 14 1
65 15 1
65 16 2
65 17 2
65 21 1
65 23 2
65 25 2
65 30 2
65 32 1
65 33 1
65 34 1
65 35 1
65 37 1
65 38 1
65 40 2
65 41 2
65 43 1
65 45 2
65 48 2
65 50 1
65 52 2
65 54 2
65 55 1
65 57 1
65 58 1
65 59 1
65 62 1
66 0 2
66 1 1
66 4 1
66 5 2
66 6 2
66 7 2
66 8 1
66 9 1
66 10 2
66 12 1
66 13 1
66 15 2
66 16 1
66 17 2
66 18 1
66 20 1
66 25 1
66 26 1
66 27 1
66 29 2
66 30 2
66 31 1
66 33 2
66 34 1
66 35 1
66 36 2
66 37 2
66 39 1
66 43 2
66 45 1
66 46 1
66 47 2
66 49 2
66 50 2
66 51 2
66 54 1
66 55 2
66 56 2
66 57 2
67 1 2
67 6 2
67 10 2
67 11 1
67 12 1
67 14 2
67 15 1
67 18 1
67 19 2
67 20 1
67 22 2
67 24 1
67 25 2
67 27 1
67 29 1
67 30 1
67 35 2
67 36 2
67 38 1
67 39 2
67 40 1
67 41 2
67 45 2
67 50 1
67 51 2
67 53 1
67 54 1
67 55 1
67 56 2
67 59 2
67 65 1
68 0 1
68 1 2
68 2 2
68 3 1
68 7 2
68 10 2
68 16 1
68 21 1
68 23 1
68 26 2
68 31 2
68 32 2
68 33 2
68 35 1
68 36 1
68 37 2
68 38 1
68 41 1
68 42 1
68 44 1
68 45 2
68 47 2
68 48 1
68 51 1
68 52 2
68 54 1
68 57 1
68 59 2
68 61 2
68 62 1
68 63 1
68 65 1
68 67 1
69 1 1
69 7 2
69 8 1
69 9 1
69 10 2
69 14 1
69 16 2
69 18 1
69 19 2
69 24 1
69 26 1
69 28 1
69 29 1
69 30 1
69 33 2
69 34 2
69 36 1
69 39 2
69 41 2
69 42 1
69 44 1
69 50 1
69 52 1
69 53 2
69 54 1
69 61 1
69 64 1
69 66 1
69 67 1
69 68 1
