60
1 0 10
2 0 8
3 1 4
3 2 5
4 2 8
4 3 5
6 1 10
6 2 7
7 1 8
7 5 1
7 6 1
8 1 11
8 2 8
8 3 7
8 4 2
8 6 8
8 7 6
9 4 2
9 8 2
10 0 10
10 1 1
10 2 6
10 3 10
10 4 5
10 5 2
10 7 8
10 8 10
10 9 11
11 2 1
11 3 11
11 4 5
11 5 8
11 6 11
11 7 6
11 8 1
12 1 3
12 2 9
12 3 6
12 5 10
12 6 6
12 8 5
12 9 6
13 1 6
13 5 6
13 6 11
13 8 1
13 9 2
13 11 10
13 12 5
14 0 6
14 1 5
14 2 2
14 3 8
14 5 3
14 6 9
14 13 2
15 0 5
15 4 3
15 6 11
15 8 5
15 11 6
15 12 5
16 1 7
16 2 10
16 3 6
16 6 8
16 11 4
16 12 11
16 15 5
17 0 9
17 1 5
17 2 3
17 4 7
17 7 9
17 8 9
17 16 4
18 1 10
18 2 5
18 5 4
18 6 6
18 8 9
18 10 4
18 13 6
18 14 4
18 15 6
19 0 8
19 4 2
19 5 8
19 7 7
19 8 3
19 9 4
19 10 9
19 13 10
19 14 4
19 15 9
19 17 5
19 18 11
20 0 6
20 2 4
20 3 10
20 5 3
20 6 6
20 8 11
20 9 3
20 13 7
20 15 10
20 18 2
20 19 8
21 1 10
21 2 5
21 3 3
21 5 4
21 6 9
21 8 1
21 10 9
21 16 10
21 19 8
21 20 5
22 1 5
22 5 7
22 8 6
22 10 3
22 11 6
22 12 5
22 13 6
22 17 11
22 18 10
22 19 9
22 20 1
22 21 10
23 0 4
23 1 2
23 2 9
23 3 6
23 4 8
23 5 9
23 7 4
23 11 11
23 12 4
23 13 8
23 15 10
23 17 11
23 20 8
24 1 2
24 2 9
24 3 7
24 4 4
24 5 10
24 9 3
24 15 10
24 16 7
24 17 5
24 18 2
24 19 11
24 20 8
25 2 9
25 4 5
25 8 5
25 9 7
25 10 6
25 11 6
25 13 11
25 14 9
25 15 9
25 16 2
25 17 8
25 19 5
25 20 9
25 21 11
25 22 10
25 23 8
26 2 2
26 7 5
26 8 3
26 10 11
26 11 7
26 12 5
26 15 8
26 17 4
26 18 7
26 21 5
26 23 4
26 24 3
26 25 5
27 0 11
27 5 9
27 8 4
27 9 5
27 12 10
27 16 6
27 17 8
27 18 7
27 19 5
27 21 11
27 23 8
27 25 11
28 0 1
28 1 11
28 2 6
28 4 11
28 9 6
28 10 5
28 11 2
28 13 5
28 14 11
28 15 4
28 16 3
28 17 1
28 18 1
28 19 3
28 20 11
28 21 4
28 22 3
28 23 5
28 25 9
29 1 7
29 2 5
29 4 10
29 7 8
29 9 8
29 10 10
29 11 10
29 13 10
29 17 3
29 18 7
29 21 4
29 23 10
29 25 8
30 0 1
30 1 9
30 2 9
30 4 4
30 6 7
30 7 9
30 8 10
30 11 10
30 12 2
30 13 9
30 15 8
30 17 1
30 19 6
30 20 1
30 22 7
30 23 8
30 24 3
30 25 6
30 26 4
30 27 11
30 28 9
30 29 3
31 0 8
31 4 4
31 5 2
31 6 5
31 9 11
31 11 8
31 12 8
31 13 6
31 14 5
31 15 10
31 16 3
31 17 7
31 19 6
31 20 2
31 21 6
31 24 7
31 25 3
31 26 5
31 27 3
31 28 2
31 29 9
32 3 2
32 5 10
32 7 10
32 10 5
32 12 1
32 15 9
32 17 5
32 20 2
32 26 1
32 30 4
32 31 3
33 0 5
33 2 8
33 5 6
33 11 8
33 12 11
33 13 10
33 14 2
33 17 7
33 18 4
33 19 5
33 21 4
33 22 7
33 23 1
33 24 9
33 25 8
33 28 2
33 31 6
34 0 8
34 5 7
34 6 9
34 7 3
34 8 3
34 10 7
34 11 7
34 12 3
34 14 3
34 16 7
34 17 9
34 18 7
34 21 2
34 22 11
34 23 1
34 25 1
34 30 9
34 31 6
34 33 5
35 2 3
35 5 8
35 6 11
35 7 3
35 9 6
35 11 10
35 12 1
35 13 3
35 15 4
35 16 4
35 17 4
35 19 11
35 20 8
35 21 11
35 26 3
35 28 6
35 32 10
35 33 1
35 34 11
36 2 8
36 4 4
36 7 2
36 8 9
36 9 8
36 10 3
36 11 1
36 13 10
36 14 10
36 16 8
36 17 10
36 22 5
36 25 10
36 27 5
36 30 6
36 31 11
36 32 11
36 34 8
36 35 11
37 2 6
37 3 6
37 8 10
37 9 2
37 11 4
37 17 3
37 22 11
37 24 10
37 29 1
37 32 8
37 33 3
37 35 5
37 36 1
38 0 6
38 1 3
38 4 2
38 6 3
38 8 1
38 9 5
38 10 2
38 12 7
38 16 9
38 19 7
38 23 2
38 25 11
38 27 6
38 28 8
38 34 9
38 35 9
39 1 11
39 2 8
39 3 7
39 5 1
39 9 9
39 10 8
39 12 4
39 16 11
39 17 5
39 18 1
39 19 9
39 21 3
39 24 4
39 25 4
39 27 4
39 30 2
39 31 9
39 33 6
39 37 11
40 1 4
40 2 9
40 3 9
40 4 2
40 5 4
40 8 9
40 9 3
40 10 4
40 11 11
40 12 9
40 13 5
40 17 9
40 20 10
40 21 7
40 23 8
40 24 8
40 25 8
40 27 11
40 28 9
40 30 4
40 32 9
40 33 5
40 36 1
40 38 1
41 3 5
41 4 5
41 6 10
41 10 11
41 12 6
41 13 8
41 15 9
41 19 10
41 20 2
41 21 11
41 24 4
41 25 9
41 28 9
41 29 4
41 30 8
41 33 5
41 36 8
41 37 3
41 38 7
41 39 6
41 40 6
42 1 9
42 2 6
42 6 10
42 7 8
42 8 6
42 9 1
42 10 2
42 11 2
42 12 10
42 14 7
42 15 2
42 16 3
42 17 10
42 22 3
42 26 6
42 27 6
42 29 8
42 32 7
42 34 10
42 37 11
42 38 5
43 1 3
43 3 8
43 5 7
43 6 2
43 7 8
43 8 11
43 9 10
43 11 8
43 12 5
43 15 1
43 16 8
43 20 5
43 22 11
43 24 4
43 27 9
43 28 10
43 29 4
43 30 2
43 33 11
43 35 6
43 37 5
43 38 8
43 40 6
43 42 6
44 0 2
44 1 4
44 5 3
44 6 5
44 12 6
44 13 8
44 17 10
44 21 10
44 22 10
44 26 10
44 27 1
44 31 6
44 32 5
44 33 10
44 35 3
44 36 3
44 37 10
44 39 2
44 41 9
44 42 4
44 43 1
45 0 11
45 1 9
45 11 8
45 12 6
45 15 1
45 16 9
45 18 3
45 21 10
45 23 4
45 24 9
45 25 9
45 26 10
45 27 4
45 28 11
45 31 1
45 33 11
45 36 2
45 37 1
45 42 2
45 43 8
46 0 10
46 2 6
46 3 6
46 4 3
46 8 11
46 12 8
46 13 7
46 14 2
46 16 11
46 17 11
46 18 7
46 21 3
46 26 8
46 27 3
46 29 3
46 31 5
46 32 10
46 34 10
46 38 5
46 39 5
46 41 6
46 43 7
46 44 1
47 0 1
47 3 10
47 4 2
47 7 8
47 8 9
47 12 4
47 15 2
47 16 1
47 18 1
47 22 10
47 24 2
47 25 4
47 27 1
47 28 3
47 30 8
47 35 4
47 41 5
47 42 2
47 43 7
47 46 11
48 1 11
48 2 1
48 3 7
48 5 1
48 7 5
48 8 3
48 9 5
48 11 3
48 13 4
48 14 8
48 20 9
48 21 5
48 23 5
48 26 2
48 28 3
48 32 9
48 39 7
48 42 5
48 45 9
48 47 11
49 0 5
49 3 7
49 7 5
49 10 8
49 11 4
49 13 7
49 15 11
49 16 11
49 18 3
49 19 4
49 20 6
49 22 9
49 24 1
49 25 4
49 26 11
49 27 2
49 29 1
49 30 6
49 33 2
49 35 10
49 37 3
49 40 8
49 41 2
49 42 5
49 43 3
49 44 5
49 48 8
50 0 10
50 2 6
50 4 9
50 6 5
50 9 10
50 10 10
50 13 6
50 22 2
50 24 11
50 28 2
50 29 10
50 30 8
50 31 1
50 33 2
50 36 9
50 37 4
50 38 10
50 39 7
50 40 5
50 41 7
50 42 5
50 45 1
50 48 7
51 0 5
51 1 5
51 4 4
51 7 4
51 8 1
51 16 8
51 19 3
51 23 8
51 24 7
51 25 6
51 30 1
51 32 5
51 33 9
51 34 6
51 36 11
51 37 5
51 39 8
51 40 7
51 42 3
51 44 5
51 46 7
51 48 3
51 50 10
52 1 3
52 2 2
52 4 6
52 5 9
52 6 2
52 7 6
52 8 5
52 10 2
52 18 3
52 19 11
52 20 8
52 21 7
52 27 5
52 29 1
52 31 1
52 40 10
52 41 4
52 43 9
52 45 4
52 50 7
52 51 1
53 0 6
53 2 9
53 3 6
53 4 6
53 6 3
53 8 3
53 9 9
53 11 4
53 12 10
53 16 4
53 18 7
53 19 9
53 21 6
53 22 8
53 24 7
53 27 9
53 29 8
53 30 3
53 34 11
53 35 9
53 36 7
53 37 4
53 38 7
53 40 4
53 41 9
53 42 11
53 43 7
53 44 4
53 45 10
53 47 6
53 48 9
54 0 8
54 5 10
54 7 9
54 9 1
54 10 1
54 11 7
54 12 5
54 18 9
54 21 6
54 22 6
54 23 10
54 24 11
54 26 2
54 30 2
54 31 6
54 33 3
54 34 2
54 36 5
54 37 8
54 39 4
54 40 4
54 41 3
54 44 7
54 45 7
54 46 1
54 47 1
54 52 6
54 53 1
55 1 3
55 3 4
55 4 5
55 6 11
55 7 11
55 8 1
55 9 4
55 10 5
55 13 9
55 15 5
55 19 10
55 20 11
55 22 9
55 24 11
55 27 3
55 28 6
55 29 4
55 30 9
55 32 10
55 33 5
55 36 3
55 38 5
55 39 8
55 40 2
55 41 11
55 42 1
55 44 7
55 48 1
55 52 5
55 53 4
55 54 8
56 2 8
56 5 11
56 8 7
56 9 5
56 10 1
56 13 2
56 16 7
56 17 4
56 19 10
56 21 9
56 25 10
56 28 5
56 29 7
56 33 9
56 34 1
56 36 8
56 37 8
56 41 9
56 42 11
56 43 8
56 44 10
56 45 3
56 49 2
56 51 7
56 52 3
56 53 8
56 55 10
57 4 5
57 8 1
57 9 4
57 11 3
57 12 1
57 13 6
57 14 2
57 15 10
57 16 11
57 17 10
57 18 8
57 19 2
57 20 10
57 23 6
57 26 10
57 30 2
57 34 10
57 35 4
57 38 9
57 41 5
57 42 7
57 47 8
57 49 10
57 50 2
57 51 3
57 54 3
57 56 2
58 1 11
58 2 11
58 3 10
58 10 9
58 15 3
58 17 6
58 18 6
58 22 7
58 24 2
58 26 9
58 27 2
58 32 7
58 34 2
58 37 8
58 38 11
58 39 8
58 41 7
58 42 1
58 43 1
58 44 6
58 45 1
58 46 4
58 48 10
58 52 4
58 54 11
58 57 8
59 1 4
59 3 9
59 5 9
59 6 8
59 7 10
59 8 2
59 11 5
59 12 10
59 15 7
59 16 4
59 23 5
59 25 6
59 26 9
59 27 11
59 29 10
59 30 10
59 33 10
59 34 1
59 35 2
59 37 9
59 38 10
59 39 6
59 40 3
59 42 2
59 43 4
59 44 2
59 47 2
59 48 1
59 50 11
59 51 4
59 52 3
59 53 4
59 57 2
59 58 4
