30
1 0 1
2 0 2
2 1 1
3 0 1
3 1 2
3 2 1
4 0 2
4 1 1
4 2 1
4 3 1
5 0 2
5 1 2
5 2 2
5 3 2
5 4 2
6 0 1
6 1 2
6 2 1
6 3 1
6 4 2
6 5 2
7 0 2
7 1 1
7 2 1
7 3 1
7 4 1
7 5 1
7 6 1
8 0 1
8 1 2
8 2 1
8 3 2
8 4 1
8 5 2
8 6 1
8 7 2
9 0 1
9 1 2
9 2 1
9 3 1
9 4 2
9 5 1
9 6 2
9 7 1
9 8 2
10 0 2
10 1 2
10 2 1
10 3 1
10 4 2
10 5 2
10 6 2
10 7 1
10 8 2
10 9 2
11 0 2
11 1 1
11 2 2
11 3 2
11 4 1
11 5 2
11 6 2
11 7 1
11 8 1
11 9 1
11 10 2
12 0 1
12 1 2
12 2 2
12 3 1
12 4 2
12 5 2
12 6 1
12 7 2
12 8 1
12 9 1
12 10 2
12 11 1
13 0 2
13 1 1
13 2 1
13 3 1
13 4 2
13 5 2
13 6 2
13 7 1
13 8 2
13 9 1
13 10 1
13 11 2
13 12 1
14 0 1
14 1 1
14 2 1
14 3 2
14 4 1
14 5 2
14 6 1
14 7 1
14 8 1
14 9 1
14 10 2
14 11 2
14 12 1
14 13 2
15 0 2
15 1 2
15 2 1
15 3 1
15 4 1
15 5 2
15 6 1
15 7 1
15 8 2
15 9 2
15 10 2
15 11 2
15 12 2
15 13 2
15 14 2
16 0 1
16 1 1
16 2 2
16 3 2
16 4 1
16 5 1
16 6 1
16 7 2
16 8 1
16 9 1
16 10 2
16 11 1
16 12 2
16 13 1
16 14 2
16 15 1
17 0 1
17 1 1
17 2 2
17 3 2
17 4 2
17 5 2
17 6 2
17 7 1
17 8 1
17 9 2
17 10 2
17 11 1
17 12 1
17 13 1
17 14 1
17 15 2
17 16 2
18 0 2
18 1 1
18 2 2
18 3 2
18 4 2
18 5 1
18 6 1
18 7 1
18 8 2
18 9 2
18 10 1
18 11 2
18 12 2
18 13 1
18 14 1
18 15 2
18 16 2
18 17 2
19 0 2
19 1 1
19 2 1
19 3 2
19 4 2
19 5 2
19 6 2
19 7 1
19 8 2
19 9 1
19 10 1
19 11 2
19 12 2
19 13 2
19 14 2
19 15 1
19 16 2
19 17 1
19 18 2
20 0 2
20 1 2
20 2 2
20 3 2
20 4 1
20 5 2
20 6 1
20 7 1
20 8 2
20 9 1
20 10 2
20 11 2
20 12 1
20 13 1
20 14 1
20 15 2
20 16 1
20 17 2
20 18 2
20 19 2
21 0 2
21 1 2
21 2 2
21 3 2
21 4 1
21 5 1
21 6 1
21 7 2
21 8 1
21 9 1
21 10 2
21 11 2
21 12 2
21 13 1
21 14 1
21 15 2
21 16 2
21 17 2
21 18 2
21 19 2
21 20 1
22 0 2
22 1 1
22 2 1
22 3 2
22 4 2
22 5 2
22 6 1
22 7 2
22 8 1
22 9 2
22 10 1
22 11 2
22 12 2
22 13 1
22 14 1
22 15 1
22 16 2
22 17 2
22 18 2
22 19 2
22 20 2
22 21 1
23 0 1
23 1 1
23 2 2
23 3 2
23 4 1
23 5 2
23 6 2
23 7 1
23 8 1
23 9 2
23 10 2
23 11 1
23 12 1
23 13 1
23 14 1
23 15 1
23 16 2
23 17 1
23 18 1
23 19 2
23 20 2
23 21 1
23 22 2
24 0 1
24 1 2
24 2 2
24 3 2
24 4 2
24 5 1
24 6 2
24 7 1
24 8 1
24 9 2
24 10 2
24 11 1
24 12 2
24 13 2
24 14 2
24 15 2
24 16 2
24 17 2
24 18 2
24 19 1
24 20 1
24 21 2
24 22 1
24 23 2
25 0 2
25 1 1
25 2 2
25 3 1
25 4 2
25 5 2
25 6 1
25 7 1
25 8 1
25 9 2
25 10 2
25 11 2
25 12 1
25 13 2
25 14 2
25 15 1
25 16 1
25 17 2
25 18 1
25 19 2
25 20 2
25 21 2
25 22 1
25 23 2
25 24 1
26 0 1
26 1 1
26 2 2
26 3 2
26 4 1
26 5 1
26 6 2
26 7 1
26 8 2
26 9 2
26 10 1
26 11 2
26 12 1
26 13 2
26 14 2
26 15 1
26 16 1
26 17 2
26 18 2
26 19 1
26 20 1
26 21 2
26 22 2
26 23 2
26 24 1
26 25 1
27 0 2
27 1 1
27 2 1
27 3 1
27 4 2
27 5 1
27 6 1
27 7 2
27 8 2
27 9 1
27 10 1
27 11 2
27 12 2
27 13 1
27 14 1
27 15 2
27 16 1
27 17 2
27 18 2
27 19 1
27 20 1
27 21 1
27 22 2
27 23 1
27 24 2
27 25 2
27 26 2
28 0 1
28 1 1
28 2 2
28 3 1
28 4 1
28 5 2
28 6 1
28 7 1
28 8 1
28 9 2
28 10 2
28 11 1
28 12 2
28 13 2
28 14 2
28 15 2
28 16 1
28 17 1
28 18 1
28 19 2
28 20 1
28 21 1
28 22 1
28 23 1
28 24 2
28 25 2
28 26 2
28 27 1
29 0 2
29 1 2
29 2 2
29 3 1
29 4 2
29 5 1
29 6 1
29 7 2
29 8 1
29 9 1
29 10 2
29 11 2
29 12 2
29 13 2
29 14 2
29 15 1
29 16 2
29 17 1
29 18 2
29 19 2
29 20 2
29 21 2
29 22 1
29 23 1
29 24 2
29 25 2
29 26 2
29 27 2
29 28 2
