20
1 0 4
2 0 3
2 1 4
3 0 2
3 1 1
3 2 3
4 0 3
4 1 4
4 2 1
4 3 4
5 0 4
5 1 4
5 2 4
5 3 3
5 4 3
6 0 4
6 1 2
6 2 3
6 3 4
6 4 4
6 5 2
7 0 4
7 1 4
7 2 4
7 3 1
7 4 2
7 5 3
7 6 2
8 0 2
8 1 4
8 2 3
8 3 1
8 4 2
8 5 1
8 6 3
8 7 2
9 0 4
9 1 1
9 2 4
9 3 3
9 4 2
9 5 2
9 6 2
9 7 1
9 8 2
10 0 2
10 1 3
10 2 3
10 3 3
10 4 2
10 5 2
10 6 3
10 7 1
10 8 4
10 9 2
11 0 1
11 1 1
11 2 4
11 3 1
11 4 4
11 5 3
11 6 2
11 7 4
11 8 3
11 9 1
11 10 2
12 0 1
12 1 2
12 2 2
12 3 3
12 4 1
12 5 2
12 6 2
12 7 4
12 8 4
12 9 1
12 10 1
12 11 1
13 0 3
13 1 2
13 2 4
13 3 4
13 4 4
13 5 1
13 6 1
13 7 2
13 8 1
13 9 1
13 10 1
13 11 1
13 12 4
14 0 1
14 1 3
14 2 1
14 3 4
14 4 1
14 5 3
14 6 2
14 7 4
14 8 1
14 9 3
14 10 1
14 11 3
14 12 4
14 13 1
15 0 2
15 1 3
15 2 2
15 3 3
15 4 4
15 5 4
15 6 2
15 7 2
15 8 1
15 9 4
15 10 3
15 11 4
15 12 2
15 13 4
15 14 4
16 0 2
16 1 2
16 2 3
16 3 1
16 4 3
16 5 1
16 6 2
16 7 3
16 8 3
16 9 4
16 10 4
16 11 2
16 12 2
16 13 1
16 14 2
16 15 2
17 0 4
17 1 4
17 2 3
17 3 3
17 4 3
17 5 4
17 6 4
17 7 2
17 8 3
17 9 1
17 10 4
17 11 2
17 12 3
17 13 4
17 14 4
17 15 2
17 16 3
18 0 4
18 1 1
18 2 3
18 3 2
18 4 4
18 5 4
18 6 1
18 7 3
18 8 2
18 9 1
18 10 1
18 11 2
18 12 3
18 13 4
18 14 1
18 15 4
18 16 1
18 17 4
19 0 2
19 1 1
19 2 4
19 3 3
19 4 3
19 5 3
19 6 1
19 7 4
19 8 2
19 9 1
19 10 1
19 11 1
19 12 2
19 13 2
19 14 3
19 15 4
19 16 4
19 17 4
19 18 4
