20
1 0 6
2 0 5
2 1 5
3 0 5
3 1 3
3 2 7
4 0 5
4 1 1
4 2 1
4 3 7
5 0 3
5 1 1
5 2 9
5 3 6
5 4 3
6 0 7
6 1 9
6 2 5
6 3 5
6 4 7
6 5 9
7 0 1
7 1 1
7 2 2
7 3 1
7 4 7
7 5 1
7 6 7
8 0 6
8 1 2
8 2 2
8 3 6
8 4 4
8 5 7
8 6 2
8 7 3
9 0 1
9 1 9
9 2 6
9 3 1
9 4 7
9 5 5
9 6 9
9 7 2
9 8 4
10 0 7
10 1 7
10 2 5
10 3 8
10 4 4
10 5 6
10 6 7
10 7 6
10 8 2
10 9 6
11 0 3
11 1 9
11 2 6
11 3 2
11 4 9
11 5 9
11 6 5
11 7 8
11 8 4
11 9 8
11 10 4
12 0 7
12 1 1
12 2 9
12 3 9
12 4 8
12 5 1
12 6 6
12 7 2
12 8 2
12 9 4
12 10 9
12 11 2
13 0 8
13 1 5
13 2 6
13 3 9
13 4 5
13 5 2
13 6 4
13 7 7
13 8 1
13 9 3
13 10 5
13 11 4
13 12 3
14 0 9
14 1 5
14 2 3
14 3 3
14 4 7
14 5 2
14 6 9
14 7 5
14 8 3
14 9 6
14 10 9
14 11 6
14 12 6
14 13 3
15 0 6
15 1 9
15 2 9
15 3 1
15 4 7
15 5 8
15 6 5
15 7 3
15 8 4
15 9 6
15 10 3
15 11 7
15 12 6
15 13 4
15 14 9
16 0 4
16 1 4
16 2 9
16 3 9
16 4 1
16 5 4
16 6 1
16 7 3
16 8 5
16 9 6
16 10 2
16 11 1
16 12 1
16 13 5
16 14 5
16 15 2
17 0 2
17 1 7
17 2 2
17 3 2
17 4 9
17 5 4
17 6 3
17 7 5
17 8 4
17 9 4
17 10 8
17 11 7
17 12 3
17 13 6
17 14 5
17 15 2
17 16 7
18 0 8
18 1 2
18 2 5
18 3 6
18 4 5
18 5 2
18 6 2
18 7 8
18 8 5
18 9 4
18 10 5
18 11 2
18 12 2
18 13 2
18 14 3
18 15 5
18 16 4
18 17 7
19 0 6
19 1 2
19 2 3
19 3 4
19 4 4
19 5 3
19 6 7
19 7 4
19 8 2
19 9 9
19 10 5
19 11 1
19 12 6
19 13 1
19 14 1
19 15 7
19 16 1
19 17 4
19 18 1
