70
1 0 4
2 0 1
2 1 3
3 0 5
3 1 3
3 2 5
4 0 5
4 1 6
4 2 2
4 3 5
5 0 4
5 1 1
5 2 6
5 3 4
5 4 7
6 0 6
6 1 4
6 2 4
6 3 1
6 4 3
6 5 4
7 0 2
7 1 6
7 2 2
7 3 7
7 4 7
7 5 5
7 6 1
8 0 4
8 1 5
8 2 7
8 3 5
8 4 4
8 5 3
8 6 4
8 7 7
9 0 5
9 1 6
9 2 5
9 3 5
9 4 6
9 5 4
9 6 3
9 7 6
9 8 5
10 0 7
10 1 1
10 2 2
10 3 4
10 4 7
10 5 4
10 6 7
10 7 7
10 8 5
10 9 3
11 0 1
11 1 7
11 2 5
11 3 6
11 4 3
11 5 5
11 6 2
11 7 2
11 8 2
11 9 2
11 10 1
12 0 1
12 1 2
12 2 6
12 3 2
12 4 5
12 5 6
12 6 1
12 7 5
12 8 7
12 9 2
12 10 3
12 11 7
13 0 1
13 1 6
13 2 3
13 3 1
13 4 2
13 5 4
13 6 3
13 7 5
13 8 3
13 9 4
13 10 2
13 11 7
13 12 6
14 0 5
14 1 4
14 2 2
14 3 4
14 4 5
14 5 2
14 6 3
14 7 4
14 8 2
14 9 5
14 10 1
14 11 7
14 12 1
14 13 3
15 0 2
15 1 4
15 2 2
15 3 3
15 4 5
15 5 2
15 6 4
15 7 4
15 8 1
15 9 5
15 10 5
15 11 3
15 12 5
15 13 6
15 14 2
16 0 4
16 1 7
16 2 3
16 3 6
16 4 2
16 5 5
16 6 3
16 7 1
16 8 7
16 9 6
16 10 1
16 11 5
16 12 1
16 13 7
16 14 3
16 15 5
17 0 4
17 1 4
17 2 7
17 3 6
17 4 7
17 5 4
17 6 3
17 7 5
17 8 1
17 9 4
17 10 1
17 11 4
17 12 4
17 13 1
17 14 2
17 15 4
17 16 7
18 0 6
18 1 4
18 2 7
18 3 3
18 4 2
18 5 7
18 6 1
18 7 7
18 8 1
18 9 6
18 10 5
18 11 7
18 12 1
18 13 7
18 14 2
18 15 7
18 16 5
18 17 2
19 0 1
19 1 5
19 2 1
19 3 6
19 4 2
19 5 1
19 6 6
19 7 3
19 8 6
19 9 1
19 10 4
19 11 7
19 12 2
19 13 2
19 14 3
19 15 7
19 16 2
19 17 7
19 18 5
20 0 1
20 1 7
20 2 2
20 3 2
20 4 1
20 5 3
20 6 4
20 7 7
20 8 5
20 9 4
20 10 4
20 11 6
20 12 1
20 13 6
20 14 5
20 15 2
20 16 7
20 17 6
20 18 5
20 19 2
21 0 3
21 1 3
21 2 3
21 3 3
21 4 6
21 5 7
21 6 4
21 7 7
21 8 2
21 9 7
21 10 6
21 11 2
21 12 4
21 13 5
21 14 1
21 15 3
21 16 4
21 17 5
21 18 3
21 19 7
21 20 1
22 0 5
22 1 6
22 2 4
22 3 4
22 4 7
22 5 5
22 6 2
22 7 5
22 8 1
22 9 4
22 10 4
22 11 6
22 12 7
22 13 3
22 14 7
22 15 1
22 16 3
22 17 3
22 18 1
22 19 7
22 20 7
22 21 7
23 0 1
23 1 3
23 2 5
23 3 5
23 4 2
23 5 2
23 6 6
23 7 5
23 8 4
23 9 3
23 10 1
23 11 5
23 12 6
23 13 7
23 14 3
23 15 5
23 16 5
23 17 1
23 18 5
23 19 1
23 20 6
23 21 2
23 22 6
24 0 6
24 1 4
24 2 7
24 3 1
24 4 2
24 5 2
24 6 7
24 7 6
24 8 6
24 9 6
24 10 4
24 11 1
24 12 4
24 13 3
24 14 3
24 15 1
24 16 2
24 17 1
24 18 7
24 19 3
24 20 5
24 21 2
24 22 1
24 23 4
25 0 2
25 1 3
25 2 7
25 3 5
25 4 2
25 5 5
25 6 7
25 7 7
25 8 4
25 9 3
25 10 6
25 11 3
25 12 6
25 13 6
25 14 2
25 15 3
25 16 5
25 17 2
25 18 5
25 19 3
25 20 1
25 21 6
25 22 4
25 23 4
25 24 5
26 0 3
26 1 2
26 2 5
26 3 5
26 4 2
26 5 3
26 6 2
26 7 2
26 8 4
26 9 7
26 10 7
26 11 7
26 12 2
26 13 1
26 14 4
26 15 3
26 16 3
26 17 7
26 18 2
26 19 1
26 20 5
26 21 2
26 22 7
26 23 5
26 24 7
26 25 5
27 0 4
27 1 3
27 2 4
27 3 6
27 4 5
27 5 6
27 6 3
27 7 6
27 8 7
27 9 2
27 10 7
27 11 3
27 12 6
27 13 2
27 14 2
27 15 1
27 16 5
27 17 3
27 18 1
27 19 5
27 20 1
27 21 7
27 22 5
27 23 7
27 24 7
27 25 6
27 26 3
28 0 2
28 1 5
28 2 7
28 3 2
28 4 6
28 5 3
28 6 1
28 7 7
28 8 2
28 9 4
28 10 5
28 11 5
28 12 1
28 13 4
28 14 1
28 15 6
28 16 6
28 17 5
28 18 6
28 19 3
28 20 7
28 21 2
28 22 3
28 23 2
28 24 3
28 25 1
28 26 7
28 27 7
29 0 7
29 1 6
29 2 2
29 3 7
29 4 1
29 5 4
29 6 5
29 7 3
29 8 1
29 9 2
29 10 4
29 11 6
29 12 4
29 13 2
29 14 2
29 15 5
29 16 1
29 17 2
29 18 5
29 19 2
29 20 4
29 21 7
29 22 4
29 23 6
29 24 1
29 25 7
29 26 5
29 27 1
29 28 6
30 0 6
30 1 7
30 2 7
30 3 6
30 4 7
30 5 6
30 6 2
30 7 7
30 8 3
30 9 4
30 10 3
30 11 5
30 12 3
30 13 3
30 14 3
30 15 1
30 16 2
30 17 4
30 18 3
30 19 6
30 20 7
30 21 7
30 22 2
30 23 5
30 24 1
30 25 7
30 26 5
30 27 4
30 28 1
30 29 5
31 0 4
31 1 1
31 2 7
31 3 2
31 4 2
31 5 5
31 6 3
31 7 5
31 8 6
31 9 3
31 10 4
31 11 4
31 12 2
31 13 1
31 14 3
31 15 3
31 16 6
31 17 4
31 18 6
31 19 4
31 20 2
31 21 2
31 22 4
31 23 6
31 24 2
31 25 5
31 26 4
31 27 7
31 28 7
31 29 5
31 30 2
32 0 6
32 1 5
32 2 2
32 3 2
32 4 2
32 5 2
32 6 2
32 7 4
32 8 2
32 9 6
32 10 7
32 11 4
32 12 3
32 13 3
32 14 7
32 15 4
32 16 5
32 17 2
32 18 4
32 19 7
32 20 6
32 21 3
32 22 1
32 23 3
32 24 7
32 25 4
32 26 6
32 27 3
32 28 1
32 29 6
32 30 5
32 31 2
33 0 4
33 1 2
33 2 3
33 3 1
33 4 3
33 5 1
33 6 6
33 7 1
33 8 2
33 9 3
33 10 1
33 11 2
33 12 6
33 13 5
33 14 4
33 15 2
33 16 6
33 17 3
33 18 6
33 19 6
33 20 1
33 21 5
33 22 4
33 23 6
33 24 7
33 25 6
33 26 5
33 27 1
33 28 2
33 29 3
33 30 2
33 31 4
33 32 2
34 0 3
34 1 4
34 2 4
34 3 2
34 4 6
34 5 1
34 6 7
34 7 7
34 8 2
34 9 2
34 10 4
34 11 1
34 12 6
34 13 4
34 14 7
34 15 6
34 16 6
34 17 3
34 18 4
34 19 1
34 20 2
34 21 4
34 22 4
34 23 5
34 24 3
34 25 3
34 26 1
34 27 3
34 28 7
34 29 4
34 30 5
34 31 6
34 32 2
34 33 2
35 0 1
35 1 1
35 2 5
35 3 3
35 4 4
35 5 3
35 6 2
35 7 1
35 8 6
35 9 6
35 10 2
35 11 5
35 12 7
35 13 1
35 14 1
35 15 7
35 16 1
35 17 7
35 18 6
35 19 5
35 20 2
35 21 2
35 22 2
35 23 2
35 24 5
35 25 1
35 26 4
35 27 3
35 28 5
35 29 6
35 30 6
35 31 3
35 32 5
35 33 6
35 34 6
36 0 1
36 1 7
36 2 2
36 3 6
36 4 4
36 5 5
36 6 6
36 7 4
36 8 4
36 9 3
36 10 3
36 11 3
36 12 5
36 13 3
36 14 5
36 15 1
36 16 1
36 17 7
36 18 7
36 19 1
36 20 6
36 21 7
36 22 3
36 23 3
36 24 2
36 25 1
36 26 6
36 27 3
36 28 5
36 29 5
36 30 6
36 31 7
36 32 4
36 33 2
36 34 1
36 35 2
37 0 4
37 1 4
37 2 3
37 3 2
37 4 6
37 5 4
37 6 7
37 7 4
37 8 1
37 9 3
37 10 7
37 11 5
37 12 4
37 13 3
37 14 3
37 15 5
37 16 6
37 17 4
37 18 1
37 19 7
37 20 7
37 21 5
37 22 6
37 23 1
37 24 2
37 25 3
37 26 3
37 27 4
37 28 1
37 29 7
37 30 6
37 31 7
37 32 7
37 33 3
37 34 2
37 35 5
37 36 4
38 0 4
38 1 2
38 2 3
38 3 4
38 4 5
38 5 7
38 6 3
38 7 3
38 8 1
38 9 4
38 10 6
38 11 5
38 12 7
38 13 7
38 14 7
38 15 5
38 16 3
38 17 5
38 18 7
38 19 3
38 20 7
38 21 3
38 22 2
38 23 7
38 24 3
38 25 3
38 26 5
38 27 2
38 28 3
38 29 2
38 30 6
38 31 7
38 32 3
38 33 1
38 34 3
38 35 7
38 36 7
38 37 5
39 0 6
39 1 5
39 2 3
39 3 7
39 4 4
39 5 4
39 6 7
39 7 7
39 8 7
39 9 5
39 10 5
39 11 5
39 12 1
39 13 4
39 14 4
39 15 1
39 16 7
39 17 3
39 18 6
39 19 4
39 20 1
39 21 3
39 22 4
39 23 3
39 24 1
39 25 3
39 26 7
39 27 7
39 28 5
39 29 2
39 30 7
39 31 4
39 32 5
39 33 7
39 34 4
39 35 6
39 36 4
39 37 1
39 38 2
40 0 6
40 1 7
40 2 1
40 3 4
40 4 2
40 5 7
40 6 2
40 7 4
40 8 1
40 9 3
40 10 1
40 11 6
40 12 1
40 13 7
40 14 5
40 15 5
40 16 5
40 17 3
40 18 2
40 19 2
40 20 1
40 21 2
40 22 3
40 23 6
40 24 7
40 25 6
40 26 3
40 27 7
40 28 5
40 29 1
40 30 3
40 31 5
40 32 1
40 33 7
40 34 5
40 35 5
40 36 7
40 37 2
40 38 5
40 39 4
41 0 5
41 1 5
41 2 4
41 3 6
41 4 1
41 5 2
41 6 6
41 7 7
41 8 3
41 9 3
41 10 3
41 11 7
41 12 5
41 13 6
41 14 4
41 15 5
41 16 5
41 17 6
41 18 5
41 19 4
41 20 5
41 21 7
41 22 3
41 23 2
41 24 5
41 25 7
41 26 1
41 27 5
41 28 3
41 29 3
41 30 7
41 31 1
41 32 3
41 33 6
41 34 2
41 35 7
41 36 1
41 37 1
41 38 5
41 39 3
41 40 5
42 0 1
42 1 3
42 2 4
42 3 5
42 4 4
42 5 2
42 6 2
42 7 6
42 8 3
42 9 7
42 10 5
42 11 2
42 12 7
42 13 3
42 14 6
42 15 2
42 16 2
42 17 7
42 18 1
42 19 5
42 20 2
42 21 6
42 22 6
42 23 2
42 24 4
42 25 7
42 26 7
42 27 1
42 28 2
42 29 2
42 30 5
42 31 2
42 32 7
42 33 2
42 34 4
42 35 6
42 36 4
42 37 5
42 38 6
42 39 5
42 40 2
42 41 1
43 0 3
43 1 5
43 2 1
43 3 1
43 4 4
43 5 7
43 6 1
43 7 4
43 8 5
43 9 4
43 10 5
43 11 1
43 12 7
43 13 4
43 14 3
43 15 2
43 16 2
43 17 7
43 18 1
43 19 6
43 20 7
43 21 2
43 22 2
43 23 1
43 24 2
43 25 4
43 26 5
43 27 4
43 28 4
43 29 6
43 30 1
43 31 4
43 32 3
43 33 1
43 34 4
43 35 7
43 36 3
43 37 4
43 38 5
43 39 5
43 40 6
43 41 1
43 42 5
44 0 2
44 1 7
44 2 4
44 3 3
44 4 7
44 5 6
44 6 1
44 7 6
44 8 6
44 9 7
44 10 4
44 11 2
44 12 6
44 13 5
44 14 3
44 15 2
44 16 6
44 17 6
44 18 1
44 19 2
44 20 7
44 21 4
44 22 6
44 23 6
44 24 1
44 25 3
44 26 3
44 27 4
44 28 3
44 29 7
44 30 5
44 31 1
44 32 2
44 33 6
44 34 1
44 35 5
44 36 6
44 37 2
44 38 2
44 39 5
44 40 6
44 41 2
44 42 4
44 43 7
45 0 7
45 1 1
45 2 2
45 3 3
45 4 6
45 5 3
45 6 4
45 7 2
45 8 5
45 9 4
45 10 7
45 11 6
45 12 5
45 13 6
45 14 5
45 15 3
45 16 2
45 17 4
45 18 4
45 19 4
45 20 1
45 21 6
45 22 1
45 23 2
45 24 2
45 25 7
45 26 2
45 27 6
45 28 5
45 29 7
45 30 7
45 31 2
45 32 5
45 33 2
45 34 1
45 35 6
45 36 5
45 37 7
45 38 3
45 39 5
45 40 5
45 41 6
45 42 3
45 43 3
45 44 5
46 0 5
46 1 3
46 2 3
46 3 2
46 4 5
46 5 7
46 6 4
46 7 6
46 8 6
46 9 4
46 10 5
46 11 2
46 12 5
46 13 2
46 14 6
46 15 4
46 16 4
46 17 6
46 18 5
46 19 2
46 20 3
46 21 4
46 22 6
46 23 3
46 24 1
46 25 2
46 26 5
46 27 1
46 28 6
46 29 4
46 30 2
46 31 5
46 32 6
46 33 5
46 34 3
46 35 6
46 36 3
46 37 6
46 38 7
46 39 3
46 40 6
46 41 5
46 42 5
46 43 4
46 44 7
46 45 6
47 0 4
47 1 7
47 2 3
47 3 4
47 4 5
47 5 2
47 6 3
47 7 6
47 8 4
47 9 6
47 10 1
47 11 3
47 12 4
47 13 7
47 14 5
47 15 5
47 16 6
47 17 2
47 18 7
47 19 3
47 20 6
47 21 4
47 22 7
47 23 2
47 24 6
47 25 1
47 26 1
47 27 3
47 28 5
47 29 5
47 30 6
47 31 3
47 32 4
47 33 6
47 34 1
47 35 6
47 36 3
47 37 3
47 38 2
47 39 1
47 40 4
47 41 7
47 42 6
47 43 1
47 44 4
47 45 4
47 46 3
48 0 6
48 1 7
48 2 6
48 3 4
48 4 1
48 5 2
48 6 7
48 7 6
48 8 7
48 9 4
48 10 7
48 11 4
48 12 7
48 13 6
48 14 2
48 15 1
48 16 1
48 17 2
48 18 7
48 19 7
48 20 7
48 21 6
48 22 5
48 23 7
48 24 3
48 25 1
48 26 1
48 27 4
48 28 3
48 29 2
48 30 3
48 31 6
48 32 5
48 33 5
48 34 4
48 35 6
48 36 5
48 37 3
48 38 2
48 39 1
48 40 5
48 41 2
48 42 4
48 43 4
48 44 3
48 45 7
48 46 1
48 47 5
49 0 6
49 1 4
49 2 2
49 3 6
49 4 2
49 5 3
49 6 2
49 7 2
49 8 6
49 9 6
49 10 1
49 11 2
49 12 1
49 13 6
49 14 6
49 15 7
49 16 6
49 17 5
49 18 1
49 19 6
49 20 2
49 21 7
49 22 3
49 23 2
49 24 1
49 25 6
49 26 6
49 27 7
49 28 7
49 29 3
49 30 3
49 31 3
49 32 7
49 33 7
49 34 1
49 35 3
49 36 6
49 37 5
49 38 3
49 39 5
49 40 5
49 41 5
49 42 3
49 43 4
49 44 6
49 45 1
49 46 4
49 47 5
49 48 3
50 0 7
50 1 5
50 2 2
50 3 7
50 4 2
50 5 6
50 6 5
50 7 6
50 8 7
50 9 1
50 10 1
50 11 3
50 12 7
50 13 6
50 14 5
50 15 6
50 16 7
50 17 2
50 18 1
50 19 3
50 20 7
50 21 7
50 22 3
50 23 1
50 24 1
50 25 1
50 26 3
50 27 1
50 28 4
50 29 2
50 30 5
50 31 6
50 32 4
50 33 1
50 34 2
50 35 1
50 36 7
50 37 6
50 38 4
50 39 6
50 40 4
50 41 6
50 42 6
50 43 2
50 44 4
50 45 6
50 46 1
50 47 3
50 48 7
50 49 3
51 0 5
51 1 4
51 2 6
51 3 2
51 4 5
51 5 4
51 6 7
51 7 1
51 8 4
51 9 4
51 10 3
51 11 6
51 12 6
51 13 1
51 14 4
51 15 7
51 16 4
51 17 1
51 18 6
51 19 3
51 20 1
51 21 5
51 22 6
51 23 2
51 24 4
51 25 1
51 26 7
51 27 4
51 28 2
51 29 1
51 30 5
51 31 3
51 32 7
51 33 7
51 34 6
51 35 2
51 36 7
51 37 1
51 38 3
51 39 6
51 40 1
51 41 5
51 42 3
51 43 7
51 44 6
51 45 1
51 46 5
51 47 1
51 48 3
51 49 6
51 50 6
52 0 7
52 1 6
52 2 1
52 3 7
52 4 2
52 5 5
52 6 3
52 7 1
52 8 1
52 9 7
52 10 1
52 11 7
52 12 2
52 13 2
52 14 5
52 15 4
52 16 2
52 17 6
52 18 7
52 19 1
52 20 3
52 21 7
52 22 5
52 23 7
52 24 7
52 25 2
52 26 6
52 27 4
52 28 1
52 29 7
52 30 5
52 31 6
52 32 5
52 33 6
52 34 6
52 35 2
52 36 5
52 37 4
52 38 4
52 39 3
52 40 7
52 41 2
52 42 5
52 43 4
52 44 7
52 45 4
52 46 6
52 47 5
52 48 7
52 49 3
52 50 2
52 51 2
53 0 6
53 1 1
53 2 3
53 3 3
53 4 2
53 5 4
53 6 3
53 7 4
53 8 2
53 9 3
53 10 5
53 11 7
53 12 5
53 13 2
53 14 5
53 15 2
53 16 2
53 17 6
53 18 6
53 19 2
53 20 4
53 21 3
53 22 6
53 23 3
53 24 2
53 25 2
53 26 1
53 27 6
53 28 6
53 29 4
53 30 4
53 31 6
53 32 7
53 33 5
53 34 6
53 35 3
53 36 2
53 37 4
53 38 2
53 39 7
53 40 7
53 41 1
53 42 5
53 43 5
53 44 1
53 45 3
53 46 1
53 47 5
53 48 4
53 49 2
53 50 5
53 51 4
53 52 1
54 0 4
54 1 1
54 2 4
54 3 5
54 4 7
54 5 1
54 6 3
54 7 4
54 8 5
54 9 4
54 10 6
54 11 2
54 12 3
54 13 2
54 14 3
54 15 7
54 16 1
54 17 7
54 18 7
54 19 5
54 20 2
54 21 4
54 22 6
54 23 2
54 24 1
54 25 7
54 26 6
54 27 1
54 28 4
54 29 1
54 30 7
54 31 1
54 32 4
54 33 1
54 34 7
54 35 6
54 36 7
54 37 7
54 38 2
54 39 7
54 40 3
54 41 4
54 42 1
54 43 3
54 44 3
54 45 6
54 46 3
54 47 2
54 48 5
54 49 6
54 50 2
54 51 6
54 52 1
54 53 4
55 0 7
55 1 5
55 2 3
55 3 4
55 4 6
55 5 4
55 6 4
55 7 3
55 8 7
55 9 1
55 10 3
55 11 2
55 12 5
55 13 7
55 14 2
55 15 7
55 16 7
55 17 2
55 18 7
55 19 4
55 20 2
55 21 1
55 22 6
55 23 6
55 24 5
55 25 3
55 26 3
55 27 6
55 28 6
55 29 7
55 30 3
55 31 5
55 32 4
55 33 4
55 34 4
55 35 4
55 36 4
55 37 3
55 38 2
55 39 2
55 40 3
55 41 4
55 42 3
55 43 3
55 44 7
55 45 2
55 46 5
55 47 4
55 48 7
55 49 6
55 50 3
55 51 4
55 52 4
55 53 3
55 54 1
56 0 5
56 1 6
56 2 4
56 3 1
56 4 3
56 5 5
56 6 3
56 7 7
56 8 7
56 9 5
56 10 5
56 11 5
56 12 3
56 13 5
56 14 5
56 15 2
56 16 7
56 17 7
56 18 5
56 19 7
56 20 4
56 21 7
56 22 6
56 23 6
56 24 2
56 25 6
56 26 3
56 27 5
56 28 2
56 29 4
56 30 6
56 31 3
56 32 4
56 33 4
56 34 3
56 35 5
56 36 5
56 37 2
56 38 5
56 39 3
56 40 5
56 41 2
56 42 6
56 43 7
56 44 3
56 45 2
56 46 2
56 47 5
56 48 6
56 49 3
56 50 3
56 51 1
56 52 1
56 53 5
56 54 3
56 55 5
57 0 2
57 1 1
57 2 7
57 3 5
57 4 5
57 5 1
57 6 1
57 7 5
57 8 7
57 9 7
57 10 2
57 11 5
57 12 4
57 13 4
57 14 2
57 15 1
57 16 2
57 17 4
57 18 5
57 19 6
57 20 4
57 21 4
57 22 5
57 23 5
57 24 5
57 25 2
57 26 4
57 27 6
57 28 3
57 29 1
57 30 3
57 31 4
57 32 2
57 33 7
57 34 2
57 35 5
57 36 3
57 37 7
57 38 5
57 39 4
57 40 4
57 41 1
57 42 3
57 43 4
57 44 6
57 45 2
57 46 3
57 47 2
57 48 5
57 49 7
57 50 5
57 51 5
57 52 2
57 53 1
57 54 3
57 55 7
57 56 6
58 0 3
58 1 6
58 2 2
58 3 3
58 4 6
58 5 4
58 6 1
58 7 6
58 8 7
58 9 1
58 10 7
58 11 6
58 12 2
58 13 6
58 14 3
58 15 3
58 16 5
58 17 2
58 18 5
58 19 4
58 20 4
58 21 4
58 22 2
58 23 3
58 24 1
58 25 1
58 26 6
58 27 3
58 28 3
58 29 7
58 30 4
58 31 5
58 32 1
58 33 3
58 34 3
58 35 7
58 36 4
58 37 6
58 38 5
58 39 1
58 40 2
58 41 4
58 42 7
58 43 5
58 44 5
58 45 5
58 46 3
58 47 1
58 48 1
58 49 7
58 50 1
58 51 1
58 52 7
58 53 7
58 54 2
58 55 4
58 56 5
58 57 3
59 0 3
59 1 6
59 2 3
59 3 4
59 4 6
59 5 1
59 6 3
59 7 5
59 8 4
59 9 3
59 10 4
59 11 3
59 12 3
59 13 7
59 14 6
59 15 5
59 16 7
59 17 1
59 18 7
59 19 5
59 20 5
59 21 2
59 22 2
59 23 4
59 24 5
59 25 2
59 26 1
59 27 6
59 28 2
59 29 3
59 30 6
59 31 4
59 32 3
59 33 4
59 34 1
59 35 3
59 36 1
59 37 3
59 38 3
59 39 5
59 40 6
59 41 6
59 42 7
59 43 5
59 44 2
59 45 6
59 46 7
59 47 2
59 48 7
59 49 2
59 50 5
59 51 2
59 52 4
59 53 7
59 54 1
59 55 5
59 56 1
59 57 2
59 58 5
60 0 4
60 1 5
60 2 7
60 3 2
60 4 3
60 5 3
60 6 5
60 7 6
60 8 2
60 9 6
60 10 5
60 11 4
60 12 6
60 13 5
60 14 1
60 15 3
60 16 5
60 17 4
60 18 7
60 19 4
60 20 2
60 21 1
60 22 1
60 23 4
60 24 3
60 25 5
60 26 6
60 27 2
60 28 6
60 29 7
60 30 2
60 31 7
60 32 6
60 33 2
60 34 6
60 35 2
60 36 7
60 37 3
60 38 6
60 39 3
60 40 1
60 41 5
60 42 1
60 43 3
60 44 5
60 45 7
60 46 4
60 47 1
60 48 7
60 49 3
60 50 6
60 51 2
60 52 7
60 53 4
60 54 5
60 55 6
60 56 5
60 57 6
60 58 1
60 59 4
61 0 7
61 1 2
61 2 2
61 3 6
61 4 5
61 5 7
61 6 6
61 7 3
61 8 5
61 9 4
61 10 4
61 11 7
61 12 2
61 13 4
61 14 5
61 15 1
61 16 4
61 17 4
61 18 3
61 19 1
61 20 7
61 21 7
61 22 6
61 23 5
61 24 7
61 25 5
61 26 2
61 27 7
61 28 4
61 29 7
61 30 7
61 31 6
61 32 2
61 33 1
61 34 4
61 35 7
61 36 2
61 37 6
61 38 7
61 39 5
61 40 6
61 41 7
61 42 3
61 43 4
61 44 5
61 45 2
61 46 4
61 47 6
61 48 1
61 49 2
61 50 4
61 51 5
61 52 3
61 53 3
61 54 2
61 55 5
61 56 2
61 57 4
61 58 6
61 59 2
61 60 6
62 0 3
62 1 6
62 2 4
62 3 2
62 4 2
62 5 1
62 6 6
62 7 1
62 8 3
62 9 5
62 10 5
62 11 5
62 12 7
62 13 4
62 14 7
62 15 7
62 16 4
62 17 3
62 18 4
62 19 1
62 20 4
62 21 1
62 22 5
62 23 2
62 24 6
62 25 3
62 26 3
62 27 6
62 28 5
62 29 2
62 30 4
62 31 7
62 32 3
62 33 5
62 34 5
62 35 2
62 36 7
62 37 7
62 38 6
62 39 6
62 40 2
62 41 3
62 42 3
62 43 3
62 44 1
62 45 6
62 46 2
62 47 3
62 48 6
62 49 2
62 50 2
62 51 6
62 52 5
62 53 2
62 54 7
62 55 7
62 56 1
62 57 2
62 58 6
62 59 3
62 60 3
62 61 5
63 0 6
63 1 3
63 2 4
63 3 5
63 4 7
63 5 2
63 6 5
63 7 2
63 8 1
63 9 7
63 10 6
63 11 1
63 12 7
63 13 4
63 14 6
63 15 3
63 16 1
63 17 6
63 18 7
63 19 7
63 20 5
63 21 2
63 22 7
63 23 6
63 24 5
63 25 2
63 26 3
63 27 7
63 28 3
63 29 6
63 30 1
63 31 2
63 32 1
63 33 6
63 34 4
63 35 4
63 36 5
63 37 2
63 38 2
63 39 7
63 40 6
63 41 6
63 42 5
63 43 7
63 44 2
63 45 5
63 46 6
63 47 4
63 48 4
63 49 4
63 50 1
63 51 6
63 52 4
63 53 7
63 54 2
63 55 6
63 56 2
63 57 3
63 58 6
63 59 3
63 60 5
63 61 6
63 62 6
64 0 2
64 1 4
64 2 3
64 3 1
64 4 4
64 5 5
64 6 1
64 7 7
64 8 6
64 9 3
64 10 4
64 11 6
64 12 7
64 13 3
64 14 1
64 15 5
64 16 3
64 17 6
64 18 6
64 19 6
64 20 5
64 21 2
64 22 4
64 23 2
64 24 1
64 25 1
64 26 5
64 27 6
64 28 5
64 29 2
64 30 6
64 31 3
64 32 1
64 33 6
64 34 2
64 35 2
64 36 1
64 37 2
64 38 3
64 39 4
64 40 5
64 41 5
64 42 2
64 43 1
64 44 1
64 45 6
64 46 6
64 47 3
64 48 4
64 49 5
64 50 2
64 51 1
64 52 7
64 53 1
64 54 6
64 55 4
64 56 4
64 57 7
64 58 7
64 59 4
64 60 1
64 61 5
64 62 3
64 63 4
65 0 1
65 1 2
65 2 1
65 3 1
65 4 7
65 5 6
65 6 4
65 7 6
65 8 4
65 9 4
65 10 4
65 11 6
65 12 5
65 13 3
65 14 4
65 15 4
65 16 5
65 17 4
65 18 5
65 19 3
65 20 6
65 21 3
65 22 3
65 23 3
65 24 4
65 25 6
65 26 3
65 27 4
65 28 3
65 29 1
65 30 2
65 31 2
65 32 1
65 33 4
65 34 4
65 35 6
65 36 5
65 37 4
65 38 1
65 39 3
65 40 5
65 41 5
65 42 2
65 43 2
65 44 7
65 45 3
65 46 6
65 47 7
65 48 1
65 49 5
65 50 3
65 51 1
65 52 4
65 53 6
65 54 6
65 55 4
65 56 1
65 57 4
65 58 3
65 59 3
65 60 2
65 61 3
65 62 2
65 63 1
65 64 4
66 0 6
66 1 5
66 2 6
66 3 3
66 4 7
66 5 5
66 6 4
66 7 6
66 8 1
66 9 6
66 10 7
66 11 6
66 12 3
66 13 6
66 14 7
66 15 3
66 16 2
66 17 2
66 18 3
66 19 2
66 20 3
66 21 6
66 22 7
66 23 3
66 24 4
66 25 5
66 26 4
66 27 5
66 28 4
66 29 6
66 30 6
66 31 7
66 32 3
66 33 3
66 34 1
66 35 3
66 36 6
66 37 4
66 38 3
66 39 3
66 40 7
66 41 2
66 42 2
66 43 4
66 44 3
66 45 4
66 46 7
66 47 5
66 48 5
66 49 2
66 50 6
66 51 4
66 52 4
66 53 1
66 54 3
66 55 6
66 56 1
66 57 1
66 58 3
66 59 5
66 60 5
66 61 1
66 62 7
66 63 1
66 64 6
66 65 4
67 0 4
67 1 6
67 2 7
67 3 2
67 4 3
67 5 4
67 6 2
67 7 6
67 8 1
67 9 5
67 10 3
67 11 5
67 12 1
67 13 1
67 14 2
67 15 6
67 16 5
67 17 1
67 18 5
67 19 6
67 20 3
67 21 6
67 22 6
67 23 1
67 24 2
67 25 5
67 26 2
67 27 6
67 28 2
67 29 7
67 30 1
67 31 3
67 32 5
67 33 2
67 34 4
67 35 1
67 36 6
67 37 4
67 38 7
67 39 1
67 40 3
67 41 7
67 42 2
67 43 1
67 44 4
67 45 5
67 46 7
67 47 4
67 48 2
67 49 5
67 50 6
67 51 4
67 52 3
67 53 1
67 54 1
67 55 1
67 56 6
67 57 7
67 58 2
67 59 6
67 60 7
67 61 7
67 62 3
67 63 5
67 64 5
67 65 4
67 66 7
68 0 2
68 1 5
68 2 4
68 3 6
68 4 6
68 5 6
68 6 6
68 7 5
68 8 1
68 9 7
68 10 3
68 11 3
68 12 7
68 13 6
68 14 2
68 15 6
68 16 5
68 17 6
68 18 7
68 19 1
68 20 7
68 21 4
68 22 1
68 23 1
68 24 5
68 25 4
68 26 1
68 27 6
68 28 3
68 29 4
68 30 1
68 31 4
68 32 7
68 33 3
68 34 2
68 35 2
68 36 7
68 37 4
68 38 2
68 39 5
68 40 3
68 41 2
68 42 4
68 43 7
68 44 1
68 45 6
68 46 1
68 47 4
68 48 2
68 49 7
68 50 7
68 51 2
68 52 3
68 53 5
68 54 7
68 55 2
68 56 4
68 57 3
68 58 7
68 59 1
68 60 5
68 61 7
68 62 7
68 63 7
68 64 3
68 65 6
68 66 1
68 67 7
69 0 6
69 1 5
69 2 4
69 3 7
69 4 6
69 5 4
69 6 2
69 7 5
69 8 1
69 9 3
69 10 2
69 11 1
69 12 5
69 13 6
69 14 5
69 15 6
69 16 1
69 17 1
69 18 1
69 19 7
69 20 7
69 21 3
69 22 4
69 23 1
69 24 4
69 25 3
69 26 3
69 27 1
69 28 2
69 29 6
69 30 1
69 31 7
69 32 7
69 33 2
69 34 3
69 35 2
69 36 5
69 37 3
69 38 2
69 39 5
69 40 6
69 41 4
69 42 1
69 43 4
69 44 7
69 45 1
69 46 5
69 47 5
69 48 3
69 49 1
69 50 5
69 51 6
69 52 7
69 53 5
69 54 2
69 55 4
69 56 5
69 57 6
69 58 2
69 59 7
69 60 5
69 61 5
69 62 2
69 63 5
69 64 7
69 65 4
69 66 1
69 67 2
69 68 4
