20
1 0 4
4 0 12
4 2 14
4 3 9
5 2 10
5 4 6
6 0 1
6 1 12
7 0 8
7 1 14
7 4 9
7 5 3
7 6 9
8 0 10
8 1 9
8 5 13
8 6 4
8 7 10
9 5 1
9 8 7
10 0 6
10 1 14
10 2 11
10 4 4
10 6 8
10 9 5
11 1 14
11 2 8
11 3 3
11 4 6
11 6 8
11 7 1
11 8 9
11 9 9
11 10 11
12 0 1
12 1 13
12 5 13
12 7 13
12 8 3
12 9 6
13 2 10
13 3 8
13 5 5
13 9 12
13 12 10
14 1 2
14 2 10
14 3 6
14 4 3
14 11 14
14 12 9
14 13 3
15 4 5
15 6 10
15 7 2
15 9 6
15 10 11
15 13 3
16 0 11
16 1 8
16 3 3
16 4 9
16 5 9
16 6 8
16 9 4
16 10 12
16 15 7
17 0 8
17 1 5
17 2 14
17 5 11
17 6 9
17 7 7
17 8 5
17 11 6
17 12 7
17 13 7
17 15 7
18 0 5
18 2 10
18 3 9
18 5 3
18 14 2
18 15 9
18 16 1
19 0 11
19 6 14
19 7 13
19 13 13
19 14 6
19 16 3
19 18 1
