60
1 0 2
2 0 2
2 1 2
3 0 2
3 1 2
3 2 1
4 0 1
4 1 1
4 2 2
4 3 2
5 0 2
5 1 2
5 2 1
5 3 1
5 4 1
6 0 1
6 1 1
6 2 1
6 3 1
6 4 2
6 5 1
7 0 2
7 1 1
7 2 2
7 3 1
7 4 1
7 5 2
7 6 2
8 0 2
8 1 1
8 2 2
8 3 1
8 4 1
8 5 1
8 6 2
8 7 1
9 0 2
9 1 2
9 2 2
9 3 1
9 4 2
9 5 2
9 6 1
9 7 1
9 8 2
10 0 1
10 1 1
10 2 1
10 3 2
10 4 1
10 5 1
10 6 1
10 7 2
10 8 2
10 9 1
11 0 1
11 1 1
11 2 2
11 3 2
11 4 2
11 5 2
11 6 1
11 7 2
11 8 2
11 9 1
11 10 1
12 0 2
12 1 1
12 2 2
12 3 2
12 4 1
12 5 1
12 6 1
12 7 1
12 8 1
12 9 1
12 10 1
12 11 2
13 0 2
13 1 2
13 2 2
13 3 2
13 4 1
13 5 1
13 6 1
13 7 1
13 8 2
13 9 2
13 10 2
13 11 2
13 12 2
14 0 2
14 1 1
14 2 2
14 3 1
14 4 1
14 5 1
14 6 2
14 7 1
14 8 2
14 9 2
14 10 1
14 11 1
14 12 1
14 13 1
15 0 1
15 1 2
15 2 1
15 3 2
15 4 1
15 5 1
15 6 2
15 7 2
15 8 2
15 9 2
15 10 1
15 11 2
15 12 1
15 13 1
15 14 1
16 0 1
16 1 2
16 2 1
16 3 2
16 4 1
16 5 1
16 6 2
16 7 1
16 8 2
16 9 1
16 10 2
16 11 1
16 12 1
16 13 1
16 14 1
16 15 2
17 0 1
17 1 1
17 2 2
17 3 2
17 4 2
17 5 1
17 6 2
17 7 1
17 8 1
17 9 1
17 10 2
17 11 1
17 12 1
17 13 2
17 14 1
17 15 1
17 16 2
18 0 2
18 1 2
18 2 1
18 3 2
18 4 1
18 5 2
18 6 2
18 7 2
18 8 1
18 9 2
18 10 2
18 11 2
18 12 2
18 13 2
18 14 1
18 15 2
18 16 2
18 17 2
19 0 2
19 1 1
19 2 1
19 3 1
19 4 1
19 5 2
19 6 1
19 7 2
19 8 2
19 9 2
19 10 1
19 11 2
19 12 1
19 13 2
19 14 1
19 15 2
19 16 1
19 17 2
19 18 1
20 0 2
20 1 2
20 2 2
20 3 1
20 4 1
20 5 2
20 6 2
20 7 2
20 8 2
20 9 2
20 10 1
20 11 2
20 12 1
20 13 2
20 14 2
20 15 2
20 16 2
20 17 1
20 18 1
20 19 2
21 0 1
21 1 1
21 2 1
21 3 1
21 4 2
21 5 2
21 6 1
21 7 2
21 8 1
21 9 1
21 10 1
21 11 1
21 12 2
21 13 1
21 14 2
21 15 2
21 16 2
21 17 2
21 18 2
21 19 1
21 20 2
22 0 1
22 1 1
22 2 2
22 3 1
22 4 1
22 5 2
22 6 2
22 7 1
22 8 2
22 9 2
22 10 1
22 11 1
22 12 1
22 13 2
22 14 1
22 15 1
22 16 2
22 17 1
22 18 1
22 19 2
22 20 1
22 21 1
23 0 2
23 1 1
23 2 1
23 3 2
23 4 2
23 5 1
23 6 2
23 7 2
23 8 2
23 9 1
23 10 1
23 11 2
23 12 1
23 13 2
23 14 2
23 15 1
23 16 1
23 17 2
23 18 2
23 19 1
23 20 2
23 21 2
23 22 2
24 0 2
24 1 1
24 2 2
24 3 2
24 4 1
24 5 2
24 6 2
24 7 2
24 8 2
24 9 2
24 10 1
24 11 2
24 12 2
24 13 1
24 14 1
24 15 1
24 16 2
24 17 2
24 18 1
24 19 2
24 20 2
24 21 2
24 22 2
24 23 2
25 0 2
25 1 1
25 2 1
25 3 2
25 4 1
25 5 1
25 6 1
25 7 1
25 8 2
25 9 1
25 10 2
25 11 2
25 12 2
25 13 2
25 14 2
25 15 1
25 16 1
25 17 2
25 18 2
25 19 2
25 20 2
25 21 1
25 22 1
25 23 2
25 24 1
26 0 2
26 1 1
26 2 2
26 3 1
26 4 1
26 5 1
26 6 2
26 7 1
26 8 1
26 9 2
26 10 2
26 11 1
26 12 2
26 13 1
26 14 1
26 15 1
26 16 2
26 17 2
26 18 1
26 19 1
26 20 2
26 21 2
26 22 2
26 23 1
26 24 2
26 25 1
27 0 2
27 1 1
27 2 1
27 3 2
27 4 1
27 5 2
27 6 1
27 7 2
27 8 1
27 9 1
27 10 1
27 11 1
27 12 2
27 13 2
27 14 2
27 15 1
27 16 1
27 17 2
27 18 1
27 19 1
27 20 2
27 21 1
27 22 1
27 23 1
27 24 2
27 25 2
27 26 2
28 0 2
28 1 1
28 2 2
28 3 2
28 4 2
28 5 2
28 6 2
28 7 1
28 8 1
28 9 1
28 10 2
28 11 2
28 12 2
28 13 2
28 14 1
28 15 1
28 16 2
28 17 1
28 18 2
28 19 1
28 20 2
28 21 2
28 22 2
28 23 1
28 24 2
28 25 1
28 26 2
28 27 2
29 0 2
29 1 2
29 2 2
29 3 2
29 4 1
29 5 2
29 6 1
29 7 2
29 8 2
29 9 1
29 10 1
29 11 1
29 12 1
29 13 1
29 14 2
29 15 2
29 16 1
29 17 1
29 18 2
29 19 1
29 20 1
29 21 1
29 22 1
29 23 2
29 24 2
29 25 1
29 26 1
29 27 2
29 28 2
30 0 2
30 1 2
30 2 2
30 3 2
30 4 1
30 5 2
30 6 1
30 7 2
30 8 1
30 9 2
30 10 1
30 11 1
30 12 1
30 13 2
30 14 1
30 15 2
30 16 1
30 17 2
30 18 2
30 19 1
30 20 2
30 21 1
30 22 1
30 23 1
30 24 2
30 25 2
30 26 2
30 27 1
30 28 1
30 29 2
31 0 2
31 1 2
31 2 2
31 3 2
31 4 2
31 5 1
31 6 1
31 7 1
31 8 2
31 9 2
31 10 2
31 11 1
31 12 1
31 13 1
31 14 2
31 15 2
31 16 2
31 17 1
31 18 1
31 19 1
31 20 2
31 21 1
31 22 2
31 23 2
31 24 2
31 25 2
31 26 2
31 27 1
31 28 2
31 29 2
31 30 2
32 0 2
32 1 1
32 2 1
32 3 1
32 4 1
32 5 2
32 6 2
32 7 2
32 8 2
32 9 1
32 10 1
32 11 2
32 12 2
32 13 2
32 14 1
32 15 1
32 16 2
32 17 1
32 18 2
32 19 2
32 20 1
32 21 1
32 22 2
32 23 1
32 24 1
32 25 2
32 26 2
32 27 2
32 28 1
32 29 1
32 30 1
32 31 2
33 0 1
33 1 2
33 2 2
33 3 1
33 4 1
33 5 1
33 6 2
33 7 2
33 8 1
33 9 2
33 10 2
33 11 1
33 12 1
33 13 1
33 14 2
33 15 1
33 16 1
33 17 2
33 18 2
33 19 2
33 20 2
33 21 1
33 22 2
33 23 1
33 24 1
33 25 2
33 26 1
33 27 2
33 28 1
33 29 2
33 30 2
33 31 1
33 32 2
34 0 1
34 1 1
34 2 2
34 3 1
34 4 2
34 5 2
34 6 1
34 7 2
34 8 1
34 9 2
34 10 1
34 11 1
34 12 1
34 13 2
34 14 1
34 15 1
34 16 2
34 17 1
34 18 1
34 19 2
34 20 1
34 21 1
34 22 1
34 23 2
34 24 2
34 25 2
34 26 2
34 27 2
34 28 2
34 29 1
34 30 2
34 31 2
34 32 2
34 33 1
35 0 1
35 1 2
35 2 1
35 3 1
35 4 1
35 5 2
35 6 2
35 7 2
35 8 1
35 9 2
35 10 2
35 11 1
35 12 2
35 13 1
35 14 2
35 15 2
35 16 2
35 17 2
35 18 2
35 19 1
35 20 2
35 21 1
35 22 1
35 23 2
35 24 1
35 25 1
35 26 2
35 27 1
35 28 1
35 29 1
35 30 2
35 31 2
35 32 2
35 33 2
35 34 2
36 0 1
36 1 2
36 2 1
36 3 1
36 4 2
36 5 1
36 6 2
36 7 1
36 8 2
36 9 2
36 10 2
36 11 1
36 12 1
36 13 1
36 14 2
36 15 2
36 16 1
36 17 2
36 18 1
36 19 1
36 20 2
36 21 2
36 22 2
36 23 2
36 24 2
36 25 1
36 26 1
36 27 2
36 28 1
36 29 1
36 30 2
36 31 1
36 32 2
36 33 2
36 34 2
36 35 2
37 0 2
37 1 1
37 2 2
37 3 1
37 4 1
37 5 1
37 6 2
37 7 1
37 8 1
37 9 1
37 10 1
37 11 1
37 12 2
37 13 1
37 14 2
37 15 2
37 16 1
37 17 1
37 18 2
37 19 1
37 20 1
37 21 1
37 22 1
37 23 1
37 24 2
37 25 1
37 26 2
37 27 1
37 28 1
37 29 2
37 30 1
37 31 1
37 32 1
37 33 2
37 34 1
37 35 2
37 36 1
38 0 2
38 1 2
38 2 2
38 3 1
38 4 2
38 5 1
38 6 1
38 7 2
38 8 1
38 9 2
38 10 2
38 11 2
38 12 1
38 13 1
38 14 2
38 15 2
38 16 1
38 17 1
38 18 1
38 19 1
38 20 1
38 21 1
38 22 1
38 23 2
38 24 2
38 25 1
38 26 1
38 27 2
38 28 1
38 29 1
38 30 1
38 31 1
38 32 2
38 33 1
38 34 2
38 35 1
38 36 2
38 37 1
39 0 1
39 1 2
39 2 2
39 3 2
39 4 1
39 5 2
39 6 2
39 7 2
39 8 1
39 9 2
39 10 1
39 11 2
39 12 2
39 13 1
39 14 1
39 15 1
39 16 1
39 17 1
39 18 2
39 19 1
39 20 1
39 21 1
39 22 1
39 23 1
39 24 1
39 25 2
39 26 1
39 27 2
39 28 2
39 29 2
39 30 1
39 31 1
39 32 1
39 33 1
39 34 1
39 35 1
39 36 2
39 37 2
39 38 2
40 0 2
40 1 1
40 2 1
40 3 2
40 4 2
40 5 2
40 6 2
40 7 2
40 8 2
40 9 2
40 10 1
40 11 2
40 12 1
40 13 1
40 14 2
40 15 2
40 16 2
40 17 1
40 18 2
40 19 2
40 20 2
40 21 1
40 22 2
40 23 1
40 24 1
40 25 2
40 26 1
40 27 2
40 28 2
40 29 1
40 30 1
40 31 2
40 32 1
40 33 1
40 34 1
40 35 1
40 36 1
40 37 2
40 38 1
40 39 1
41 0 2
41 1 2
41 2 1
41 3 2
41 4 1
41 5 1
41 6 2
41 7 2
41 8 1
41 9 2
41 10 2
41 11 1
41 12 2
41 13 2
41 14 2
41 15 2
41 16 1
41 17 1
41 18 2
41 19 2
41 20 1
41 21 2
41 22 1
41 23 2
41 24 1
41 25 1
41 26 2
41 27 2
41 28 1
41 29 1
41 30 2
41 31 1
41 32 2
41 33 2
41 34 2
41 35 1
41 36 2
41 37 2
41 38 1
41 39 2
41 40 1
42 0 2
42 1 1
42 2 2
42 3 1
42 4 2
42 5 1
42 6 1
42 7 1
42 8 2
42 9 1
42 10 1
42 11 1
42 12 1
42 13 2
42 14 2
42 15 1
42 16 1
42 17 2
42 18 1
42 19 2
42 20 2
42 21 1
42 22 2
42 23 1
42 24 1
42 25 1
42 26 1
42 27 2
42 28 1
42 29 2
42 30 1
42 31 1
42 32 2
42 33 2
42 34 2
42 35 1
42 36 1
42 37 1
42 38 2
42 39 1
42 40 2
42 41 2
43 0 2
43 1 2
43 2 1
43 3 2
43 4 2
43 5 2
43 6 2
43 7 1
43 8 1
43 9 2
43 10 1
43 11 2
43 12 2
43 13 1
43 14 1
43 15 1
43 16 1
43 17 1
43 18 1
43 19 1
43 20 2
43 21 1
43 22 1
43 23 1
43 24 1
43 25 2
43 26 1
43 27 1
43 28 2
43 29 2
43 30 2
43 31 2
43 32 1
43 33 1
43 34 1
43 35 2
43 36 2
43 37 1
43 38 2
43 39 2
43 40 2
43 41 2
43 42 1
44 0 1
44 1 2
44 2 2
44 3 2
44 4 1
44 5 2
44 6 2
44 7 1
44 8 1
44 9 2
44 10 1
44 11 1
44 12 2
44 13 2
44 14 2
44 15 2
44 16 2
44 17 1
44 18 1
44 19 2
44 20 2
44 21 2
44 22 1
44 23 2
44 24 2
44 25 1
44 26 2
44 27 2
44 28 1
44 29 1
44 30 1
44 31 1
44 32 1
44 33 2
44 34 2
44 35 1
44 36 2
44 37 1
44 38 2
44 39 2
44 40 1
44 41 2
44 42 2
44 43 2
45 0 2
45 1 2
45 2 1
45 3 2
45 4 1
45 5 2
45 6 2
45 7 1
45 8 1
45 9 2
45 10 1
45 11 1
45 12 2
45 13 1
45 14 1
45 15 1
45 16 1
45 17 1
45 18 2
45 19 2
45 20 1
45 21 1
45 22 2
45 23 2
45 24 2
45 25 2
45 26 1
45 27 1
45 28 2
45 29 2
45 30 1
45 31 2
45 32 1
45 33 2
45 34 1
45 35 2
45 36 2
45 37 2
45 38 2
45 39 2
45 40 1
45 41 1
45 42 2
45 43 2
45 44 2
46 0 2
46 1 2
46 2 2
46 3 1
46 4 1
46 5 1
46 6 2
46 7 2
46 8 2
46 9 1
46 10 2
46 11 2
46 12 2
46 13 2
46 14 1
46 15 1
46 16 1
46 17 2
46 18 1
46 19 2
46 20 2
46 21 1
46 22 1
46 23 2
46 24 2
46 25 1
46 26 2
46 27 2
46 28 2
46 29 2
46 30 1
46 31 2
46 32 2
46 33 2
46 34 1
46 35 1
46 36 2
46 37 1
46 38 1
46 39 2
46 40 1
46 41 2
46 42 2
46 43 1
46 44 2
46 45 1
47 0 1
47 1 2
47 2 1
47 3 1
47 4 2
47 5 2
47 6 2
47 7 2
47 8 1
47 9 1
47 10 2
47 11 2
47 12 2
47 13 1
47 14 1
47 15 1
47 16 1
47 17 2
47 18 2
47 19 1
47 20 1
47 21 1
47 22 2
47 23 2
47 24 1
47 25 2
47 26 1
47 27 1
47 28 1
47 29 2
47 30 1
47 31 2
47 32 1
47 33 1
47 34 2
47 35 2
47 36 1
47 37 2
47 38 2
47 39 1
47 40 2
47 41 1
47 42 1
47 43 1
47 44 2
47 45 1
47 46 1
48 0 2
48 1 2
48 2 1
48 3 1
48 4 1
48 5 2
48 6 2
48 7 2
48 8 2
48 9 1
48 10 1
48 11 2
48 12 1
48 13 1
48 14 1
48 15 1
48 16 2
48 17 2
48 18 1
48 19 2
48 20 1
48 21 1
48 22 1
48 23 1
48 24 2
48 25 2
48 26 1
48 27 1
48 28 1
48 29 2
48 30 1
48 31 2
48 32 2
48 33 2
48 34 1
48 35 2
48 36 1
48 37 1
48 38 1
48 39 2
48 40 2
48 41 1
48 42 1
48 43 1
48 44 1
48 45 2
48 46 1
48 47 1
49 0 2
49 1 1
49 2 1
49 3 1
49 4 2
49 5 2
49 6 1
49 7 2
49 8 1
49 9 1
49 10 1
49 11 1
49 12 2
49 13 1
49 14 2
49 15 2
49 16 1
49 17 1
49 18 1
49 19 1
49 20 2
49 21 1
49 22 2
49 23 1
49 24 2
49 25 2
49 26 2
49 27 2
49 28 2
49 29 2
49 30 2
49 31 2
49 32 2
49 33 1
49 34 2
49 35 2
49 36 2
49 37 2
49 38 1
49 39 2
49 40 1
49 41 1
49 42 1
49 43 2
49 44 2
49 45 2
49 46 1
49 47 1
49 48 1
50 0 2
50 1 1
50 2 1
50 3 1
50 4 2
50 5 1
50 6 2
50 7 2
50 8 2
50 9 1
50 10 2
50 11 1
50 12 2
50 13 2
50 14 1
50 15 2
50 16 2
50 17 2
50 18 1
50 19 1
50 20 1
50 21 1
50 22 2
50 23 2
50 24 1
50 25 2
50 26 1
50 27 2
50 28 1
50 29 1
50 30 2
50 31 1
50 32 1
50 33 1
50 34 2
50 35 1
50 36 2
50 37 2
50 38 1
50 39 1
50 40 2
50 41 1
50 42 2
50 43 2
50 44 2
50 45 1
50 46 1
50 47 1
50 48 1
50 49 1
51 0 2
51 1 1
51 2 2
51 3 2
51 4 1
51 5 2
51 6 1
51 7 2
51 8 2
51 9 2
51 10 1
51 11 2
51 12 2
51 13 1
51 14 2
51 15 1
51 16 1
51 17 2
51 18 2
51 19 2
51 20 1
51 21 1
51 22 2
51 23 2
51 24 2
51 25 2
51 26 1
51 27 1
51 28 1
51 29 1
51 30 2
51 31 2
51 32 2
51 33 1
51 34 1
51 35 1
51 36 2
51 37 2
51 38 1
51 39 1
51 40 2
51 41 1
51 42 2
51 43 2
51 44 2
51 45 2
51 46 2
51 47 2
51 48 1
51 49 2
51 50 1
52 0 1
52 1 2
52 2 2
52 3 2
52 4 2
52 5 2
52 6 1
52 7 2
52 8 2
52 9 1
52 10 2
52 11 1
52 12 1
52 13 2
52 14 2
52 15 1
52 16 1
52 17 2
52 18 1
52 19 2
52 20 1
52 21 1
52 22 1
52 23 1
52 24 1
52 25 1
52 26 2
52 27 2
52 28 2
52 29 2
52 30 2
52 31 2
52 32 2
52 33 2
52 34 1
52 35 2
52 36 2
52 37 2
52 38 2
52 39 2
52 40 2
52 41 1
52 42 1
52 43 2
52 44 2
52 45 1
52 46 1
52 47 1
52 48 2
52 49 2
52 50 1
52 51 2
53 0 2
53 1 2
53 2 1
53 3 1
53 4 2
53 5 1
53 6 1
53 7 1
53 8 2
53 9 1
53 10 1
53 11 2
53 12 1
53 13 1
53 14 2
53 15 1
53 16 1
53 17 1
53 18 1
53 19 1
53 20 2
53 21 2
53 22 2
53 23 1
53 24 1
53 25 2
53 26 1
53 27 1
53 28 2
53 29 2
53 30 1
53 31 2
53 32 2
53 33 2
53 34 2
53 35 2
53 36 2
53 37 2
53 38 2
53 39 2
53 40 1
53 41 2
53 42 2
53 43 1
53 44 1
53 45 1
53 46 1
53 47 1
53 48 1
53 49 1
53 50 1
53 51 2
53 52 1
54 0 2
54 1 2
54 2 2
54 3 2
54 4 1
54 5 1
54 6 2
54 7 2
54 8 1
54 9 1
54 10 1
54 11 1
54 12 2
54 13 1
54 14 1
54 15 2
54 16 2
54 17 2
54 18 2
54 19 2
54 20 1
54 21 2
54 22 2
54 23 1
54 24 1
54 25 1
54 26 1
54 27 2
54 28 2
54 29 2
54 30 2
54 31 1
54 32 1
54 33 1
54 34 2
54 35 2
54 36 2
54 37 1
54 38 2
54 39 1
54 40 1
54 41 2
54 42 2
54 43 1
54 44 1
54 45 2
54 46 2
54 47 2
54 48 2
54 49 2
54 50 1
54 51 1
54 52 1
54 53 2
55 0 1
55 1 1
55 2 1
55 3 2
55 4 2
55 5 1
55 6 1
55 7 2
55 8 1
55 9 1
55 10 2
55 11 2
55 12 2
55 13 1
55 14 1
55 15 2
55 16 2
55 17 2
55 18 2
55 19 2
55 20 1
55 21 2
55 22 1
55 23 1
55 24 1
55 25 2
55 26 2
55 27 1
55 28 2
55 29 1
55 30 1
55 31 2
55 32 1
55 33 1
55 34 1
55 35 2
55 36 2
55 37 2
55 38 1
55 39 1
55 40 1
55 41 1
55 42 1
55 43 2
55 44 2
55 45 1
55 46 2
55 47 2
55 48 1
55 49 1
55 50 2
55 51 1
55 52 1
55 53 2
55 54 1
56 0 1
56 1 1
56 2 1
56 3 2
56 4 1
56 5 1
56 6 2
56 7 2
56 8 1
56 9 1
56 10 1
56 11 2
56 12 1
56 13 2
56 14 2
56 15 2
56 16 2
56 17 2
56 18 1
56 19 2
56 20 1
56 21 1
56 22 1
56 23 2
56 24 1
56 25 1
56 26 2
56 27 1
56 28 2
56 29 1
56 30 2
56 31 1
56 32 2
56 33 2
56 34 2
56 35 2
56 36 2
56 37 2
56 38 1
56 39 2
56 40 1
56 41 1
56 42 2
56 43 1
56 44 2
56 45 2
56 46 1
56 47 2
56 48 2
56 49 1
56 50 1
56 51 1
56 52 1
56 53 1
56 54 2
56 55 1
57 0 1
57 1 2
57 2 1
57 3 1
57 4 2
57 5 2
57 6 2
57 7 2
57 8 1
57 9 2
57 10 1
57 11 2
57 12 2
57 13 2
57 14 1
57 15 1
57 16 2
57 17 2
57 18 2
57 19 2
57 20 1
57 21 1
57 22 2
57 23 1
57 24 2
57 25 2
57 26 1
57 27 1
57 28 1
57 29 2
57 30 2
57 31 1
57 32 2
57 33 1
57 34 2
57 35 1
57 36 1
57 37 2
57 38 1
57 39 1
57 40 2
57 41 1
57 42 2
57 43 2
57 44 1
57 45 1
57 46 1
57 47 1
57 48 1
57 49 1
57 50 2
57 51 1
57 52 2
57 53 1
57 54 2
57 55 1
57 56 2
58 0 2
58 1 2
58 2 2
58 3 2
58 4 2
58 5 1
58 6 2
58 7 1
58 8 1
58 9 2
58 10 2
58 11 1
58 12 1
58 13 2
58 14 1
58 15 1
58 16 1
58 17 2
58 18 1
58 19 2
58 20 2
58 21 1
58 22 1
58 23 1
58 24 2
58 25 2
58 26 2
58 27 1
58 28 2
58 29 2
58 30 2
58 31 1
58 32 1
58 33 1
58 34 1
58 35 2
58 36 2
58 37 2
58 38 1
58 39 2
58 40 2
58 41 2
58 42 1
58 43 1
58 44 1
58 45 1
58 46 2
58 47 2
58 48 1
58 49 1
58 50 1
58 51 2
58 52 1
58 53 2
58 54 2
58 55 1
58 56 1
58 57 1
59 0 1
59 1 2
59 2 2
59 3 2
59 4 1
59 5 1
59 6 1
59 7 1
59 8 1
59 9 2
59 10 1
59 11 2
59 12 2
59 13 2
59 14 2
59 15 1
59 16 2
59 17 1
59 18 2
59 19 1
59 20 2
59 21 2
59 22 2
59 23 1
59 24 1
59 25 1
59 26 2
59 27 1
59 28 1
59 29 2
59 30 2
59 31 2
59 32 1
59 33 1
59 34 2
59 35 1
59 36 1
59 37 2
59 38 2
59 39 2
59 40 1
59 41 1
59 42 1
59 43 2
59 44 1
59 45 2
59 46 2
59 47 2
59 48 1
59 49 1
59 50 1
59 51 1
59 52 1
59 53 2
59 54 1
59 55 1
59 56 2
59 57 1
59 58 1
