60
2 0 2
3 0 1
4 0 6
4 2 2
4 3 2
5 2 6
5 3 2
5 4 5
6 0 2
6 1 2
6 2 5
7 0 5
7 2 5
7 4 2
7 5 2
8 0 5
8 4 2
8 5 5
9 4 1
9 6 1
9 7 4
9 8 1
10 0 5
10 1 4
10 2 2
10 5 6
10 6 6
10 8 3
11 0 6
11 2 2
11 7 3
11 8 2
11 9 3
12 0 4
12 1 5
12 4 4
12 5 4
12 7 6
12 9 3
12 10 3
13 0 6
13 1 2
13 2 1
13 3 4
13 5 3
13 6 4
13 7 4
13 8 1
13 12 1
14 1 5
14 2 2
14 3 2
14 7 6
14 9 4
14 13 6
15 0 5
15 2 4
15 3 4
15 6 5
15 7 4
15 10 5
15 13 6
15 14 3
16 0 1
16 2 1
16 3 2
16 4 4
16 5 6
16 7 1
16 9 6
16 10 4
16 11 1
17 0 3
17 1 3
17 4 5
17 8 1
17 9 2
17 10 5
17 12 3
17 13 4
17 14 2
17 15 2
18 2 2
18 3 6
18 4 1
18 5 2
18 6 4
18 8 5
18 10 4
18 12 4
18 13 4
18 14 2
18 17 2
19 1 2
19 2 4
19 3 2
19 4 4
19 5 2
19 7 6
19 8 6
19 9 6
19 14 4
19 16 1
20 1 5
20 2 6
20 4 5
20 6 5
20 7 1
20 8 1
20 9 6
20 10 6
20 13 3
20 15 5
20 16 1
20 18 5
20 19 3
21 1 3
21 2 6
21 3 1
21 5 4
21 6 1
21 8 4
21 9 6
21 11 5
21 13 6
21 17 6
21 19 6
22 1 5
22 4 3
22 6 3
22 10 6
22 11 1
22 12 2
22 15 3
22 17 5
22 19 1
22 20 4
22 21 3
23 0 6
23 1 3
23 2 6
23 3 6
23 8 6
23 11 6
23 14 5
23 15 4
23 16 3
23 17 2
23 18 4
23 20 3
23 21 6
23 22 3
24 0 2
24 2 2
24 3 3
24 6 6
24 7 3
24 10 3
24 13 4
24 15 2
24 17 2
24 21 1
24 22 1
25 0 6
25 1 2
25 4 2
25 7 6
25 10 4
25 14 6
25 17 1
25 19 4
25 20 5
25 21 1
25 24 5
26 1 4
26 5 5
26 6 1
26 7 3
26 10 6
26 13 2
26 14 1
26 15 2
26 17 1
26 18 4
26 19 3
26 21 1
26 22 2
26 23 5
26 24 2
27 0 1
27 1 3
27 3 6
27 4 5
27 5 5
27 6 5
27 7 2
27 9 2
27 10 3
27 11 6
27 14 3
27 15 2
27 16 2
27 19 5
27 20 4
27 21 1
27 22 6
27 23 5
27 24 6
27 25 6
28 1 1
28 3 4
28 4 5
28 5 3
28 7 1
28 13 3
28 15 1
28 16 3
28 19 1
28 21 1
28 22 1
28 23 4
28 25 3
29 2 5
29 3 6
29 4 2
29 8 1
29 12 6
29 16 5
29 21 1
29 22 1
29 24 5
29 27 5
29 28 3
30 1 5
30 2 3
30 5 2
30 7 2
30 8 1
30 9 1
30 11 5
30 14 1
30 16 1
30 17 2
30 19 3
30 22 1
30 23 3
30 25 5
30 26 1
30 28 6
30 29 6
31 0 3
31 1 1
31 4 1
31 5 2
31 6 2
31 7 6
31 13 3
31 14 1
31 15 1
31 16 2
31 19 6
31 21 4
31 23 3
31 27 5
31 28 5
32 3 4
32 4 1
32 5 2
32 8 5
32 10 6
32 12 1
32 13 3
32 16 4
32 17 5
32 18 6
32 19 3
32 21 3
32 23 3
32 25 6
32 26 1
33 2 6
33 7 3
33 9 5
33 12 5
33 13 6
33 14 5
33 16 3
33 19 5
33 20 6
33 21 3
33 25 4
33 28 4
33 32 6
34 0 1
34 1 2
34 3 1
34 4 3
34 8 4
34 12 5
34 17 6
34 18 4
34 20 3
34 21 2
34 23 6
34 28 5
34 30 6
34 32 1
35 1 1
35 2 3
35 3 1
35 6 2
35 11 5
35 13 3
35 16 2
35 17 6
35 18 2
35 21 1
35 23 1
35 26 1
35 27 2
35 29 6
35 34 6
36 4 5
36 5 5
36 6 6
36 7 3
36 8 5
36 10 3
36 12 5
36 16 2
36 17 1
36 19 2
36 21 1
36 22 4
36 24 6
36 27 4
36 29 4
36 30 1
36 31 6
37 1 6
37 3 5
37 5 6
37 7 4
37 10 5
37 11 1
37 14 6
37 16 6
37 17 2
37 18 4
37 20 1
37 21 6
37 22 3
37 29 6
37 30 2
37 31 6
37 34 6
38 2 3
38 3 4
38 10 6
38 14 3
38 15 5
38 16 3
38 17 1
38 18 2
38 22 5
38 24 4
38 26 2
38 34 3
38 35 6
38 36 4
38 37 1
39 1 2
39 3 2
39 7 6
39 8 1
39 9 3
39 10 1
39 12 4
39 13 2
39 14 2
39 15 3
39 17 3
39 18 1
39 19 3
39 21 2
39 23 3
39 25 4
39 26 3
39 27 2
39 28 4
39 29 5
39 30 3
39 31 3
39 32 2
39 33 5
39 36 2
39 38 3
40 1 3
40 3 3
40 5 2
40 6 3
40 8 5
40 9 1
40 10 6
40 12 1
40 13 4
40 16 4
40 20 3
40 22 4
40 23 5
40 24 2
40 27 5
40 28 2
40 29 1
40 30 1
40 31 5
40 32 5
40 39 2
41 1 4
41 3 2
41 6 6
41 8 3
41 10 5
41 12 5
41 14 4
41 15 4
41 16 3
41 17 1
41 18 3
41 20 1
41 21 2
41 23 5
41 25 5
41 27 3
41 28 1
41 32 6
41 36 6
41 37 1
41 39 1
42 1 5
42 6 1
42 7 3
42 8 5
42 9 5
42 10 2
42 12 5
42 14 3
42 19 6
42 22 2
42 24 5
42 25 6
42 26 4
42 27 1
42 29 3
42 33 3
42 36 1
42 37 1
42 38 4
42 40 5
42 41 1
43 3 5
43 4 4
43 6 5
43 7 1
43 8 3
43 11 4
43 12 4
43 15 3
43 17 1
43 18 2
43 19 4
43 21 1
43 22 5
43 23 1
43 24 1
43 26 6
43 27 4
43 32 2
43 33 3
43 34 3
43 35 1
43 36 1
43 39 1
43 42 1
44 1 6
44 2 6
44 4 1
44 7 3
44 9 5
44 10 4
44 11 3
44 12 6
44 13 5
44 14 4
44 16 1
44 17 4
44 18 2
44 19 4
44 20 5
44 22 2
44 24 2
44 26 6
44 27 2
44 28 2
44 29 5
44 32 6
44 33 5
44 34 2
44 37 3
44 39 3
44 40 5
44 41 6
44 42 4
44 43 4
45 0 2
45 1 3
45 2 6
45 4 5
45 6 6
45 7 1
45 9 1
45 14 3
45 15 6
45 17 2
45 20 3
45 23 2
45 26 3
45 28 5
45 29 6
45 31 1
45 32 3
45 33 1
45 35 4
45 36 3
45 39 4
45 42 3
46 0 4
46 1 5
46 3 1
46 5 6
46 6 1
46 7 6
46 9 6
46 10 1
46 20 1
46 22 5
46 25 4
46 27 3
46 30 6
46 32 4
46 34 4
46 39 1
46 44 5
46 45 3
47 1 3
47 5 1
47 6 3
47 7 5
47 10 3
47 14 4
47 15 5
47 16 3
47 18 4
47 20 1
47 22 3
47 23 5
47 26 2
47 27 2
47 28 3
47 29 1
47 31 3
47 32 5
47 33 4
47 34 1
47 35 5
47 40 3
47 42 5
47 43 6
47 44 5
47 45 6
47 46 5
48 2 5
48 3 6
48 4 1
48 6 6
48 7 5
48 8 2
48 9 6
48 12 2
48 17 3
48 19 3
48 20 2
48 21 1
48 22 4
48 24 2
48 25 1
48 30 5
48 31 3
48 32 3
48 34 2
48 35 1
48 37 3
48 38 2
48 39 5
48 41 6
48 44 5
48 46 1
49 0 5
49 2 6
49 5 1
49 6 2
49 8 5
49 12 1
49 15 2
49 16 4
49 17 3
49 18 2
49 21 2
49 23 5
49 24 6
49 25 4
49 28 4
49 34 2
49 35 2
49 38 2
49 39 1
49 40 3
49 46 4
49 48 2
50 2 5
50 3 6
50 5 1
50 6 2
50 10 3
50 11 4
50 14 1
50 15 2
50 17 3
50 20 5
50 21 5
50 23 5
50 24 3
50 30 1
50 33 1
50 37 5
50 39 5
50 41 1
50 42 3
50 47 3
50 49 6
51 0 6
51 2 5
51 4 2
51 6 1
51 10 4
51 13 6
51 14 1
51 15 2
51 16 2
51 17 2
51 18 4
51 19 1
51 21 3
51 22 1
51 23 2
51 25 1
51 26 2
51 29 5
51 30 3
51 31 1
51 32 1
51 35 3
51 38 4
51 41 2
51 44 2
51 45 6
51 46 3
51 49 5
51 50 4
52 0 5
52 1 4
52 2 2
52 3 4
52 5 4
52 7 1
52 8 4
52 9 5
52 11 4
52 13 4
52 16 4
52 19 6
52 22 1
52 24 1
52 26 4
52 27 2
52 31 4
52 32 6
52 33 4
52 40 6
52 41 2
52 43 3
52 49 3
53 2 3
53 3 1
53 6 3
53 8 3
53 10 4
53 12 4
53 13 1
53 16 4
53 18 3
53 19 5
53 20 2
53 21 4
53 23 3
53 24 4
53 26 5
53 28 4
53 30 2
53 33 4
53 35 6
53 36 5
53 38 4
53 40 2
53 41 5
53 42 5
53 43 2
53 46 4
53 49 3
53 50 1
53 51 3
53 52 5
54 1 5
54 2 5
54 4 4
54 5 3
54 7 5
54 8 6
54 10 6
54 13 5
54 14 1
54 15 5
54 19 5
54 21 6
54 22 2
54 24 6
54 25 6
54 26 3
54 27 3
54 28 6
54 30 4
54 31 5
54 33 2
54 36 4
54 39 4
54 40 2
54 43 4
54 45 4
54 46 4
54 47 3
54 48 6
54 49 2
54 52 5
55 2 3
55 3 2
55 5 2
55 6 6
55 10 2
55 12 4
55 15 5
55 16 6
55 19 1
55 21 5
55 23 4
55 24 2
55 25 4
55 26 2
55 28 5
55 29 3
55 31 1
55 35 5
55 37 1
55 39 3
55 41 5
55 42 4
55 43 4
55 45 5
55 46 2
55 49 4
55 50 5
55 53 3
55 54 1
56 1 4
56 4 6
56 5 2
56 7 5
56 16 2
56 19 3
56 21 5
56 23 1
56 24 6
56 27 5
56 28 6
56 29 2
56 33 2
56 34 3
56 38 5
56 42 4
56 43 3
56 45 5
56 47 5
56 48 2
56 50 3
56 52 3
56 53 2
57 0 5
57 1 5
57 4 3
57 7 4
57 8 1
57 9 1
57 11 3
57 12 2
57 13 1
57 14 5
57 15 1
57 17 1
57 19 2
57 20 6
57 21 5
57 23 3
57 24 3
57 27 4
57 28 6
57 33 5
57 35 2
57 36 1
57 37 3
57 38 4
57 40 1
57 44 3
57 45 4
57 49 6
57 52 3
57 53 5
57 54 2
57 56 6
58 1 4
58 2 1
58 8 4
58 10 3
58 11 3
58 12 4
58 14 2
58 15 2
58 16 2
58 19 5
58 23 5
58 25 1
58 27 3
58 29 2
58 32 3
58 36 1
58 41 2
58 42 6
58 43 3
58 45 2
58 46 6
58 47 5
58 54 2
58 55 3
58 57 1
59 3 5
59 6 3
59 8 5
59 9 2
59 11 2
59 13 5
59 18 1
59 19 5
59 20 3
59 24 4
59 25 1
59 26 3
59 27 6
59 28 6
59 29 4
59 32 5
59 34 1
59 36 5
59 37 6
59 42 4
59 43 6
59 47 4
59 48 6
59 52 5
59 54 6
59 55 1
59 58 5
