60
1 0 2
2 0 1
2 1 1
3 2 2
4 0 2
5 3 1
6 1 2
6 2 2
6 5 1
7 0 1
7 1 2
7 4 2
7 5 1
8 2 1
8 3 2
8 4 2
8 7 2
9 3 2
9 6 2
9 7 1
9 8 2
10 2 2
10 7 1
10 9 1
11 1 2
11 2 1
11 4 2
11 5 1
11 6 2
11 8 2
12 4 2
12 6 1
12 7 2
12 8 1
12 9 1
12 10 1
13 0 1
13 1 1
13 2 2
13 3 2
13 4 1
13 7 2
13 8 1
13 10 2
13 12 1
14 0 2
14 1 2
14 2 2
14 3 2
14 4 1
14 5 1
14 6 2
14 8 1
14 9 2
14 10 2
15 0 2
15 3 1
15 4 1
15 11 2
15 14 1
16 1 2
16 2 2
16 3 1
16 6 1
16 9 1
16 10 2
16 11 2
16 12 1
16 14 2
17 4 1
17 6 1
17 9 2
17 10 1
17 11 1
17 12 1
17 15 1
18 2 1
18 3 2
18 4 2
18 7 1
18 9 2
18 14 2
18 17 2
19 1 1
19 3 1
19 4 1
19 6 1
19 14 1
19 16 2
19 18 1
20 1 2
20 2 1
20 3 2
20 4 2
20 5 2
20 8 2
20 11 2
20 14 2
20 15 2
20 16 1
20 18 1
21 0 1
21 7 2
21 8 1
21 9 2
21 10 2
21 11 2
21 15 1
21 16 1
21 19 2
22 0 1
22 2 2
22 3 1
22 4 2
22 5 2
22 8 1
22 9 2
22 10 1
22 11 1
22 12 2
22 14 1
22 15 2
22 16 2
22 20 1
22 21 2
23 3 2
23 4 1
23 5 2
23 6 1
23 7 2
23 8 2
23 9 1
23 10 1
23 13 1
23 14 2
23 16 1
24 1 2
24 2 2
24 3 1
24 6 2
24 7 2
24 9 2
24 10 2
24 11 2
24 12 1
24 14 1
24 15 1
24 17 1
24 19 1
24 21 2
25 1 2
25 4 1
25 5 2
25 6 1
25 7 2
25 8 1
25 11 2
25 13 1
25 14 1
25 15 1
25 17 2
25 19 1
25 20 2
25 22 2
25 23 1
25 24 1
26 1 2
26 3 1
26 4 1
26 6 2
26 7 2
26 8 1
26 10 1
26 11 2
26 13 1
26 14 1
26 15 2
26 17 1
26 18 2
26 21 1
26 23 1
26 24 2
26 25 2
27 3 1
27 4 2
27 5 1
27 7 2
27 9 1
27 11 1
27 21 2
27 22 2
27 23 2
27 26 2
28 0 1
28 2 1
28 5 2
28 6 1
28 9 2
28 10 1
28 11 2
28 12 2
28 13 1
28 14 2
28 17 1
28 21 1
28 22 2
28 23 2
28 24 1
28 27 1
29 0 2
29 2 1
29 3 1
29 4 1
29 5 2
29 7 1
29 8 1
29 9 2
29 11 1
29 12 2
29 13 2
29 14 2
29 15 2
29 16 2
29 17 2
29 21 2
29 22 1
29 26 2
29 27 2
29 28 1
30 0 1
30 1 1
30 3 1
30 4 1
30 5 1
30 6 2
30 10 2
30 14 2
30 17 2
30 20 2
30 22 1
30 25 1
30 28 1
30 29 2
31 0 1
31 1 2
31 2 2
31 3 2
31 4 1
31 5 1
31 6 1
31 7 2
31 8 1
31 9 1
31 10 1
31 13 2
31 14 1
31 16 1
31 17 1
31 21 2
31 22 2
31 25 2
31 29 2
31 30 2
32 1 1
32 2 2
32 6 1
32 7 2
32 10 1
32 15 1
32 16 2
32 19 2
32 24 2
32 25 1
32 26 2
32 27 2
32 31 2
33 1 1
33 2 2
33 3 1
33 4 2
33 7 2
33 8 2
33 10 1
33 12 2
33 14 2
33 17 2
33 19 1
33 21 2
33 22 2
33 23 1
33 24 1
33 28 2
33 30 2
33 31 1
33 32 1
34 1 2
34 3 2
34 4 1
34 5 1
34 6 2
34 15 2
34 16 1
34 19 1
34 23 1
34 24 2
34 25 2
34 26 1
34 27 2
34 29 1
34 30 1
34 31 1
35 2 2
35 7 1
35 10 1
35 12 2
35 13 2
35 14 1
35 15 1
35 17 2
35 18 1
35 19 1
35 27 2
35 28 1
35 30 2
36 3 1
36 5 1
36 7 2
36 9 2
36 11 2
36 13 2
36 14 1
36 22 1
36 24 1
36 25 2
36 26 2
36 30 2
36 31 2
36 33 1
36 34 2
37 2 2
37 4 2
37 6 2
37 7 1
37 8 2
37 9 2
37 10 2
37 11 2
37 12 1
37 13 1
37 14 1
37 15 1
37 16 2
37 19 2
37 23 2
37 24 2
37 25 2
37 26 2
37 27 1
37 28 1
37 29 2
37 31 2
37 33 1
37 36 2
38 2 1
38 3 1
38 4 1
38 6 1
38 7 2
38 8 2
38 10 1
38 11 2
38 14 1
38 15 2
38 16 2
38 17 2
38 20 1
38 22 2
38 23 1
38 24 1
38 27 1
38 29 2
38 30 1
38 33 2
38 37 2
39 3 2
39 5 1
39 6 1
39 7 1
39 8 2
39 10 2
39 11 1
39 12 2
39 14 1
39 16 2
39 17 2
39 19 2
39 20 2
39 23 2
39 25 2
39 26 2
39 27 1
39 31 2
39 34 2
39 35 1
39 37 2
40 0 1
40 10 2
40 11 2
40 13 2
40 14 2
40 15 2
40 17 2
40 19 2
40 21 2
40 25 2
40 26 2
40 27 2
40 30 2
40 33 1
40 35 2
40 36 2
40 39 1
41 0 1
41 1 1
41 5 1
41 6 2
41 8 1
41 11 1
41 12 1
41 16 2
41 18 1
41 20 2
41 22 2
41 23 1
41 26 1
41 27 1
41 28 2
41 31 1
41 35 2
41 39 1
41 40 2
42 0 2
42 2 2
42 3 1
42 6 1
42 11 2
42 13 2
42 14 2
42 17 1
42 18 1
42 25 2
42 30 1
42 31 1
42 33 1
42 34 2
42 35 2
42 36 2
42 38 1
42 39 1
42 40 1
42 41 2
43 0 1
43 1 2
43 3 1
43 4 1
43 6 2
43 7 2
43 10 2
43 12 1
43 13 1
43 15 2
43 18 2
43 24 2
43 25 1
43 26 1
43 28 1
43 29 2
43 30 2
43 31 2
43 36 1
43 37 1
43 41 2
43 42 1
44 0 2
44 1 2
44 4 1
44 9 2
44 11 2
44 14 1
44 19 2
44 20 1
44 23 2
44 26 1
44 28 1
44 33 2
44 34 2
44 35 2
44 36 1
44 38 1
44 39 2
44 41 2
44 43 2
45 1 2
45 3 1
45 5 2
45 7 2
45 9 1
45 10 1
45 11 1
45 12 1
45 16 1
45 17 1
45 19 1
45 21 2
45 25 1
45 26 1
45 28 1
45 29 1
45 30 2
45 31 1
45 34 2
45 35 2
45 36 1
45 37 1
45 38 2
45 42 1
45 43 1
45 44 2
46 2 2
46 3 1
46 4 1
46 5 1
46 12 1
46 16 2
46 19 2
46 21 2
46 22 1
46 23 2
46 25 2
46 26 1
46 28 1
46 29 2
46 30 1
46 32 2
46 33 2
46 34 1
46 35 2
46 36 1
46 37 2
46 41 1
46 43 1
46 44 1
47 1 1
47 5 2
47 13 1
47 17 1
47 18 2
47 23 1
47 25 2
47 26 2
47 28 2
47 29 1
47 30 2
47 31 2
47 34 2
47 35 2
47 36 2
47 40 2
47 41 2
47 43 1
47 46 1
48 3 1
48 6 2
48 9 1
48 11 1
48 12 2
48 13 1
48 14 2
48 15 1
48 17 1
48 18 1
48 19 2
48 25 2
48 26 1
48 28 2
48 29 1
48 31 2
48 34 2
48 35 2
48 36 2
48 39 2
48 41 1
48 42 1
48 43 1
48 44 2
48 45 2
48 47 2
49 0 1
49 1 2
49 2 2
49 3 2
49 4 2
49 5 2
49 6 1
49 17 2
49 18 2
49 19 2
49 20 1
49 21 1
49 25 2
49 28 2
49 29 2
49 32 2
49 37 1
49 38 2
49 40 2
49 41 1
49 45 2
49 47 1
50 1 2
50 2 1
50 5 1
50 6 2
50 12 1
50 13 2
50 15 1
50 17 2
50 20 2
50 22 1
50 24 1
50 25 2
50 26 2
50 27 1
50 28 2
50 32 1
50 36 2
50 39 1
50 41 2
50 43 2
50 44 1
50 45 1
50 48 1
50 49 1
51 0 1
51 2 1
51 3 2
51 6 2
51 10 2
51 13 1
51 14 2
51 15 1
51 16 2
51 20 2
51 21 1
51 24 1
51 25 2
51 26 2
51 28 1
51 33 1
51 34 1
51 36 1
51 38 2
51 42 2
51 43 1
51 45 1
51 47 2
51 49 1
52 0 2
52 7 1
52 11 1
52 12 2
52 13 2
52 14 1
52 22 2
52 23 1
52 26 1
52 27 2
52 38 2
52 39 2
52 40 1
52 42 2
52 45 1
52 46 1
52 47 2
52 48 2
52 50 2
53 4 2
53 8 2
53 10 2
53 11 1
53 12 2
53 13 1
53 14 1
53 15 2
53 16 1
53 17 1
53 19 2
53 20 2
53 21 1
53 22 1
53 23 2
53 24 2
53 25 2
53 27 2
53 28 1
53 29 2
53 30 2
53 34 1
53 35 2
53 36 1
53 41 1
53 43 2
53 47 2
53 48 2
53 51 2
54 0 1
54 3 1
54 4 1
54 5 2
54 6 1
54 8 1
54 9 2
54 12 2
54 15 1
54 16 1
54 17 2
54 18 2
54 19 1
54 21 2
54 22 1
54 24 2
54 25 2
54 26 1
54 27 2
54 28 1
54 29 2
54 32 2
54 35 1
54 39 1
54 40 2
54 41 1
54 43 1
54 44 1
54 45 1
54 46 2
54 48 2
54 51 1
54 53 1
55 4 2
55 9 1
55 10 2
55 13 1
55 14 1
55 19 1
55 20 2
55 21 2
55 23 2
55 24 1
55 26 1
55 28 2
55 29 2
55 30 1
55 31 1
55 35 2
55 37 2
55 40 1
55 42 2
55 43 1
55 44 1
55 45 2
55 46 1
55 48 1
55 50 2
55 52 2
55 53 1
55 54 1
56 0 1
56 1 1
56 3 1
56 4 1
56 6 1
56 7 2
56 12 2
56 14 1
56 15 1
56 18 2
56 19 2
56 20 2
56 21 2
56 22 2
56 23 1
56 24 1
56 27 1
56 28 1
56 30 2
56 31 2
56 32 1
56 33 1
56 35 1
56 36 1
56 39 1
56 40 2
56 41 1
56 44 1
56 45 1
56 51 1
56 52 2
56 53 2
56 55 2
57 5 1
57 6 2
57 11 2
57 14 1
57 19 1
57 22 1
57 24 1
57 27 2
57 29 2
57 30 1
57 32 1
57 34 2
57 36 2
57 37 2
57 38 1
57 39 2
57 40 2
57 42 1
57 43 2
57 46 2
57 47 2
57 49 2
57 51 1
57 54 1
57 56 1
58 0 1
58 1 1
58 2 1
58 3 2
58 6 2
58 8 1
58 10 2
58 11 2
58 12 1
58 14 1
58 15 2
58 17 1
58 18 1
58 23 1
58 25 1
58 26 1
58 27 2
58 31 2
58 32 2
58 33 1
58 34 1
58 37 2
58 41 1
58 44 2
58 45 2
58 46 2
58 47 2
58 48 2
58 52 1
58 54 1
58 56 1
59 4 1
59 7 2
59 8 2
59 10 1
59 13 2
59 16 1
59 22 2
59 26 1
59 28 1
59 30 2
59 31 1
59 32 1
59 33 1
59 35 1
59 37 1
59 45 2
59 46 2
59 47 2
59 49 2
59 50 1
59 51 2
59 56 1
59 58 2
