30
1 0 1
2 0 6
2 1 3
3 0 9
3 1 6
3 2 2
4 0 1
4 1 7
4 2 5
4 3 7
5 0 6
5 1 1
5 2 5
5 3 9
5 4 4
6 0 7
6 1 5
6 2 5
6 3 5
6 4 9
6 5 5
7 0 6
7 1 8
7 2 7
7 3 9
7 4 5
7 5 1
7 6 5
8 0 2
8 1 10
8 2 2
8 3 3
8 4 4
8 5 5
8 6 4
8 7 9
9 0 9
9 1 1
9 2 6
9 3 5
9 4 7
9 5 4
9 6 7
9 7 10
9 8 5
10 0 10
10 1 6
10 2 4
10 3 9
10 4 3
10 5 7
10 6 8
10 7 1
10 8 8
10 9 4
11 0 7
11 1 1
11 2 1
11 3 2
11 4 10
11 5 9
11 6 5
11 7 6
11 8 3
11 9 9
11 10 2
12 0 7
12 1 7
12 2 1
12 3 2
12 4 6
12 5 5
12 6 5
12 7 2
12 8 6
12 9 10
12 10 6
12 11 10
13 0 4
13 1 4
13 2 8
13 3 4
13 4 5
13 5 10
13 6 4
13 7 9
13 8 7
13 9 1
13 10 6
13 11 4
13 12 5
14 0 4
14 1 7
14 2 9
14 3 3
14 4 2
14 5 7
14 6 7
14 7 2
14 8 6
14 9 8
14 10 5
14 11 6
14 12 9
14 13 5
15 0 5
15 1 9
15 2 8
15 3 7
15 4 10
15 5 1
15 6 3
15 7 6
15 8 9
15 9 2
15 10 9
15 11 2
15 12 1
15 13 10
15 14 8
16 0 3
16 1 3
16 2 6
16 3 6
16 4 2
16 5 3
16 6 1
16 7 8
16 8 5
16 9 3
16 10 2
16 11 6
16 12 9
16 13 1
16 14 5
16 15 7
17 0 6
17 1 3
17 2 4
17 3 10
17 4 6
17 5 1
17 6 3
17 7 3
17 8 5
17 9 9
17 10 1
17 11 3
17 12 3
17 13 10
17 14 1
17 15 3
17 16 10
18 0 9
18 1 9
18 2 10
18 3 2
18 4 10
18 5 1
18 6 2
18 7 6
18 8 8
18 9 2
18 10 9
18 11 6
18 12 4
18 13 6
18 14 10
18 15 4
18 16 5
18 17 2
19 0 6
19 1 1
19 2 7
19 3 4
19 4 3
19 5 6
19 6 2
19 7 1
19 8 2
19 9 2
19 10 3
19 11 5
19 12 3
19 13 8
19 14 8
19 15 3
19 16 6
19 17 9
19 18 6
20 0 5
20 1 1
20 2 10
20 3 3
20 4 8
20 5 3
20 6 9
20 7 8
20 8 1
20 9 4
20 10 6
20 11 5
20 12 9
20 13 3
20 14 3
20 15 5
20 16 10
20 17 5
20 18 6
20 19 6
21 0 3
21 1 9
21 2 1
21 3 6
21 4 9
21 5 7
21 6 8
21 7 6
21 8 9
21 9 8
21 10 1
21 11 4
21 12 7
21 13 6
21 14 7
21 15 7
21 16 6
21 17 2
21 18 8
21 19 10
21 20 10
22 0 3
22 1 3
22 2 9
22 3 7
22 4 9
22 5 4
22 6 8
22 7 10
22 8 7
22 9 7
22 10 10
22 11 2
22 12 7
22 13 9
22 14 9
22 15 9
22 16 6
22 17 1
22 18 1
22 19 4
22 20 3
22 21 2
23 0 1
23 1 9
23 2 3
23 3 3
23 4 4
23 5 10
23 6 7
23 7 4
23 8 2
23 9 8
23 10 7
23 11 5
23 12 10
23 13 2
23 14 10
23 15 8
23 16 10
23 17 4
23 18 9
23 19 7
23 20 3
23 21 1
23 22 2
24 0 1
24 1 4
24 2 8
24 3 2
24 4 5
24 5 10
24 6 5
24 7 3
24 8 9
24 9 7
24 10 5
24 11 6
24 12 4
24 13 5
24 14 4
24 15 4
24 16 10
24 17 9
24 18 4
24 19 10
24 20 5
24 21 5
24 22 8
24 23 7
25 0 2
25 1 3
25 2 4
25 3 1
25 4 8
25 5 5
25 6 7
25 7 8
25 8 5
25 9 10
25 10 4
25 11 3
25 12 6
25 13 10
25 14 9
25 15 9
25 16 2
25 17 5
25 18 2
25 19 9
25 20 8
25 21 1
25 22 7
25 23 2
25 24 10
26 0 7
26 1 2
26 2 10
26 3 4
26 4 5
26 5 7
26 6 10
26 7 1
26 8 7
26 9 2
26 10 8
26 11 4
26 12 1
26 13 2
26 14 6
26 15 5
26 16 2
26 17 6
26 18 8
26 19 7
26 20 5
26 21 8
26 22 4
26 23 4
26 24 2
26 25 10
27 0 6
27 1 2
27 2 9
27 3 8
27 4 4
27 5 3
27 6 6
27 7 9
27 8 9
27 9 3
27 10 2
27 11 7
27 12 3
27 13 1
27 14 6
27 15 9
27 16 3
27 17 4
27 18 7
27 19 10
27 20 7
27 21 4
27 22 1
27 23 3
27 24 4
27 25 7
27 26 7
28 0 7
28 1 10
28 2 8
28 3 9
28 4 10
28 5 1
28 6 5
28 7 4
28 8 6
28 9 4
28 10 10
28 11 5
28 12 4
28 13 10
28 14 7
28 15 2
28 16 5
28 17 4
28 18 4
28 19 1
28 20 3
28 21 8
28 22 4
28 23 2
28 24 9
28 25 8
28 26 1
28 27 6
29 0 2
29 1 3
29 2 7
29 3 3
29 4 6
29 5 10
29 6 8
29 7 6
29 8 2
29 9 8
29 10 10
29 11 7
29 12 9
29 13 9
29 14 9
29 15 3
29 16 7
29 17 6
29 18 4
29 19 8
29 20 2
29 21 5
29 22 1
29 23 6
29 24 10
29 25 3
29 26 3
29 27 3
29 28 8
