15
1 0 8
2 0 2
2 1 4
3 0 11
3 1 12
3 2 12
4 0 3
4 1 4
4 2 10
4 3 3
5 0 12
5 1 14
5 2 7
5 3 14
5 4 14
6 0 7
6 1 10
6 2 9
6 3 10
6 4 12
6 5 13
7 0 14
7 1 1
7 2 6
7 3 6
7 4 7
7 5 7
7 6 3
8 0 12
8 1 13
8 2 11
8 3 14
8 4 6
8 5 10
8 6 8
8 7 12
9 0 14
9 1 14
9 2 12
9 3 5
9 4 3
9 5 3
9 6 7
9 7 3
9 8 4
10 0 4
10 1 10
10 2 8
10 3 11
10 4 8
10 5 14
10 6 8
10 7 5
10 8 10
10 9 14
11 0 4
11 1 14
11 2 7
11 3 2
11 4 11
11 5 5
11 6 7
11 7 4
11 8 10
11 9 2
11 10 2
12 0 2
12 1 6
12 2 3
12 3 2
12 4 1
12 5 9
12 6 10
12 7 13
12 8 13
12 9 5
12 10 12
12 11 11
13 0 13
13 1 5
13 2 9
13 3 11
13 4 9
13 5 13
13 6 1
13 7 10
13 8 3
13 9 12
13 10 6
13 11 11
13 12 3
14 0 10
14 1 7
14 2 1
14 3 5
14 4 3
14 5 5
14 6 1
14 7 4
14 8 4
14 9 12
14 10 3
14 11 8
14 12 6
14 13 14
