30
1 0 3
2 1 1
3 0 4
6 0 4
6 1 1
6 3 2
6 4 4
7 2 4
7 5 1
8 0 5
8 1 4
8 2 5
8 5 4
9 1 4
9 5 3
9 6 2
10 3 2
10 4 3
10 5 4
10 7 3
10 8 3
10 9 3
11 0 3
11 1 4
11 3 2
11 4 1
11 5 3
11 6 1
11 9 2
11 10 5
12 2 1
12 8 3
13 0 3
13 1 1
13 4 2
13 5 1
13 6 5
13 7 2
13 9 2
13 10 5
13 12 2
14 5 3
14 7 2
14 9 3
14 12 4
15 0 3
15 1 2
15 3 4
15 4 5
15 6 3
15 9 3
15 12 2
15 14 4
16 2 5
16 4 4
16 6 4
16 7 2
16 8 5
16 9 4
16 10 2
16 13 2
16 15 1
17 0 1
17 3 3
17 4 3
17 6 1
17 7 3
17 11 5
17 12 5
17 13 1
17 15 5
17 16 4
18 0 5
18 2 4
18 4 4
18 6 5
18 8 2
18 12 1
18 15 2
19 2 5
19 7 4
19 8 5
19 9 1
19 11 5
19 15 1
19 17 3
20 0 1
20 1 4
20 4 4
20 5 5
20 6 3
20 7 1
20 8 1
20 11 1
20 12 3
20 13 4
20 14 3
20 19 4
21 0 5
21 2 3
21 7 4
21 8 5
21 9 5
21 11 3
21 12 2
21 14 5
21 19 3
22 0 4
22 1 5
22 2 5
22 3 4
22 4 1
22 5 1
22 8 4
22 9 1
22 10 3
22 11 4
22 14 3
22 16 2
22 17 5
22 19 2
22 20 1
23 0 5
23 1 3
23 3 1
23 5 5
23 6 1
23 7 3
23 8 1
23 9 1
23 12 3
23 13 3
23 16 1
23 18 5
23 19 4
23 20 5
23 21 4
24 2 4
24 3 5
24 5 1
24 8 4
24 9 1
24 10 2
24 11 4
24 12 4
24 15 2
24 16 3
24 18 3
24 20 5
25 1 5
25 5 4
25 6 2
25 10 2
25 11 2
25 12 2
25 14 1
25 15 1
25 17 3
25 18 3
25 21 2
25 23 5
26 0 3
26 2 3
26 6 4
26 7 2
26 8 2
26 9 4
26 10 4
26 14 2
26 15 5
26 18 1
26 19 3
26 20 1
26 24 5
26 25 2
27 0 3
27 1 4
27 3 3
27 4 1
27 6 3
27 10 3
27 11 2
27 12 2
27 14 2
27 15 5
27 18 5
27 19 1
27 21 2
27 24 5
27 26 2
28 0 2
28 1 3
28 2 3
28 3 5
28 6 1
28 9 4
28 10 5
28 11 4
28 14 2
28 16 3
28 17 5
28 22 1
28 25 4
28 27 5
29 0 2
29 2 4
29 3 4
29 6 1
29 7 4
29 13 5
29 15 2
29 16 3
29 22 3
29 24 3
29 28 4
