40
1 0 1
2 0 1
2 1 4
3 0 3
3 1 2
3 2 4
4 0 4
4 1 1
4 2 4
4 3 4
5 0 3
5 1 3
5 2 4
5 3 3
5 4 1
6 0 4
6 1 1
6 2 1
6 3 3
6 4 3
6 5 2
7 0 4
7 1 4
7 2 1
7 3 2
7 4 1
7 5 3
7 6 1
8 0 1
8 1 2
8 2 3
8 3 1
8 4 3
8 5 3
8 6 2
8 7 1
9 0 2
9 1 1
9 2 3
9 3 1
9 4 1
9 5 2
9 6 3
9 7 2
9 8 2
10 0 4
10 1 3
10 2 4
10 3 2
10 4 3
10 5 1
10 6 4
10 7 3
10 8 2
10 9 3
11 0 4
11 1 2
11 2 2
11 3 1
11 4 3
11 5 3
11 6 3
11 7 4
11 8 3
11 9 1
11 10 4
12 0 1
12 1 3
12 2 4
12 3 2
12 4 2
12 5 2
12 6 2
12 7 1
12 8 4
12 9 3
12 10 4
12 11 2
13 0 4
13 1 4
13 2 3
13 3 2
13 4 4
13 5 4
13 6 4
13 7 4
13 8 1
13 9 4
13 10 3
13 11 1
13 12 3
14 0 2
14 1 4
14 2 3
14 3 2
14 4 4
14 5 2
14 6 2
14 7 2
14 8 1
14 9 3
14 10 4
14 11 1
14 12 1
14 13 3
15 0 3
15 1 1
15 2 4
15 3 4
15 4 2
15 5 1
15 6 2
15 7 3
15 8 4
15 9 1
15 10 1
15 11 4
15 12 4
15 13 2
15 14 1
16 0 3
16 1 4
16 2 1
16 3 2
16 4 3
16 5 2
16 6 2
16 7 4
16 8 4
16 9 1
16 10 4
16 11 1
16 12 4
16 13 4
16 14 3
16 15 4
17 0 2
17 1 1
17 2 4
17 3 3
17 4 4
17 5 2
17 6 3
17 7 2
17 8 2
17 9 1
17 10 1
17 11 3
17 12 2
17 13 2
17 14 2
17 15 4
17 16 3
18 0 3
18 1 1
18 2 1
18 3 2
18 4 2
18 5 4
18 6 3
18 7 2
18 8 1
18 9 2
18 10 2
18 11 2
18 12 2
18 13 2
18 14 2
18 15 1
18 16 4
18 17 1
19 0 4
19 1 1
19 2 1
19 3 1
19 4 3
19 5 2
19 6 1
19 7 3
19 8 3
19 9 3
19 10 4
19 11 3
19 12 2
19 13 2
19 14 4
19 15 4
19 16 3
19 17 3
19 18 3
20 0 2
20 1 3
20 2 1
20 3 3
20 4 4
20 5 3
20 6 4
20 7 4
20 8 3
20 9 4
20 10 1
20 11 1
20 12 4
20 13 2
20 14 2
20 15 4
20 16 4
20 17 2
20 18 3
20 19 1
21 0 2
21 1 2
21 2 3
21 3 2
21 4 2
21 5 4
21 6 1
21 7 3
21 8 4
21 9 1
21 10 1
21 11 1
21 12 4
21 13 2
21 14 3
21 15 3
21 16 1
21 17 4
21 18 2
21 19 1
21 20 2
22 0 2
22 1 1
22 2 3
22 3 1
22 4 4
22 5 4
22 6 1
22 7 4
22 8 3
22 9 1
22 10 2
22 11 3
22 12 1
22 13 3
22 14 3
22 15 1
22 16 2
22 17 4
22 18 4
22 19 1
22 20 4
22 21 3
23 0 3
23 1 4
23 2 1
23 3 3
23 4 2
23 5 3
23 6 1
23 7 3
23 8 1
23 9 3
23 10 2
23 11 3
23 12 1
23 13 3
23 14 1
23 15 3
23 16 1
23 17 3
23 18 2
23 19 3
23 20 3
23 21 3
23 22 3
24 0 2
24 1 4
24 2 2
24 3 4
24 4 2
24 5 3
24 6 2
24 7 1
24 8 3
24 9 2
24 10 3
24 11 2
24 12 4
24 13 1
24 14 4
24 15 2
24 16 1
24 17 4
24 18 2
24 19 4
24 20 3
24 21 2
24 22 3
24 23 4
25 0 1
25 1 4
25 2 3
25 3 1
25 4 4
25 5 3
25 6 1
25 7 4
25 8 1
25 9 1
25 10 3
25 11 3
25 12 2
25 13 4
25 14 3
25 15 4
25 16 1
25 17 3
25 18 4
25 19 4
25 20 4
25 21 4
25 22 3
25 23 2
25 24 3
26 0 4
26 1 2
26 2 1
26 3 2
26 4 3
26 5 1
26 6 2
26 7 2
26 8 1
26 9 3
26 10 2
26 11 1
26 12 4
26 13 4
26 14 2
26 15 4
26 16 1
26 17 3
26 18 1
26 19 4
26 20 2
26 21 2
26 22 1
26 23 2
26 24 3
26 25 1
27 0 2
27 1 3
27 2 2
27 3 3
27 4 4
27 5 2
27 6 3
27 7 2
27 8 2
27 9 3
27 10 4
27 11 2
27 12 1
27 13 4
27 14 4
27 15 1
27 16 1
27 17 4
27 18 4
27 19 2
27 20 1
27 21 1
27 22 2
27 23 1
27 24 4
27 25 4
27 26 3
28 0 2
28 1 3
28 2 3
28 3 2
28 4 4
28 5 3
28 6 3
28 7 3
28 8 3
28 9 3
28 10 3
28 11 1
28 12 4
28 13 2
28 14 2
28 15 3
28 16 4
28 17 4
28 18 1
28 19 1
28 20 1
28 21 4
28 22 1
28 23 1
28 24 4
28 25 4
28 26 3
28 27 1
29 0 2
29 1 2
29 2 3
29 3 2
29 4 3
29 5 3
29 6 4
29 7 1
29 8 2
29 9 4
29 10 1
29 11 3
29 12 3
29 13 4
29 14 4
29 15 4
29 16 2
29 17 3
29 18 4
29 19 2
29 20 1
29 21 3
29 22 2
29 23 4
29 24 1
29 25 2
29 26 4
29 27 4
29 28 4
30 0 3
30 1 1
30 2 1
30 3 3
30 4 1
30 5 3
30 6 4
30 7 2
30 8 2
30 9 1
30 10 1
30 11 2
30 12 3
30 13 4
30 14 1
30 15 1
30 16 3
30 17 1
30 18 3
30 19 1
30 20 4
30 21 1
30 22 2
30 23 3
30 24 1
30 25 1
30 26 4
30 27 1
30 28 4
30 29 3
31 0 1
31 1 1
31 2 3
31 3 3
31 4 2
31 5 3
31 6 1
31 7 2
31 8 2
31 9 2
31 10 4
31 11 1
31 12 4
31 13 2
31 14 2
31 15 3
31 16 1
31 17 1
31 18 1
31 19 4
31 20 4
31 21 2
31 22 2
31 23 2
31 24 3
31 25 2
31 26 1
31 27 2
31 28 4
31 29 3
31 30 3
32 0 3
32 1 3
32 2 1
32 3 3
32 4 3
32 5 2
32 6 3
32 7 3
32 8 3
32 9 1
32 10 1
32 11 3
32 12 4
32 13 2
32 14 2
32 15 4
32 16 2
32 17 3
32 18 2
32 19 2
32 20 1
32 21 4
32 22 3
32 23 1
32 24 4
32 25 3
32 26 1
32 27 3
32 28 3
32 29 4
32 30 4
32 31 4
33 0 2
33 1 3
33 2 1
33 3 2
33 4 2
33 5 2
33 6 3
33 7 4
33 8 2
33 9 4
33 10 4
33 11 2
33 12 1
33 13 2
33 14 1
33 15 3
33 16 3
33 17 4
33 18 3
33 19 4
33 20 3
33 21 3
33 22 1
33 23 2
33 24 3
33 25 1
33 26 2
33 27 4
33 28 1
33 29 4
33 30 3
33 31 2
33 32 4
34 0 1
34 1 1
34 2 4
34 3 2
34 4 1
34 5 2
34 6 2
34 7 2
34 8 2
34 9 3
34 10 1
34 11 1
34 12 1
34 13 2
34 14 1
34 15 2
34 16 2
34 17 4
34 18 2
34 19 2
34 20 4
34 21 1
34 22 1
34 23 3
34 24 2
34 25 2
34 26 2
34 27 2
34 28 2
34 29 2
34 30 4
34 31 2
34 32 1
34 33 1
35 0 3
35 1 3
35 2 3
35 3 2
35 4 4
35 5 3
35 6 1
35 7 1
35 8 4
35 9 1
35 10 3
35 11 2
35 12 3
35 13 1
35 14 2
35 15 3
35 16 4
35 17 1
35 18 3
35 19 2
35 20 2
35 21 3
35 22 4
35 23 4
35 24 2
35 25 1
35 26 3
35 27 2
35 28 4
35 29 4
35 30 4
35 31 3
35 32 3
35 33 3
35 34 3
36 0 3
36 1 3
36 2 2
36 3 2
36 4 4
36 5 1
36 6 3
36 7 4
36 8 3
36 9 2
36 10 2
36 11 2
36 12 3
36 13 2
36 14 1
36 15 4
36 16 2
36 17 1
36 18 2
36 19 3
36 20 1
36 21 3
36 22 2
36 23 2
36 24 3
36 25 3
36 26 3
36 27 4
36 28 2
36 29 2
36 30 1
36 31 4
36 32 2
36 33 4
36 34 4
36 35 4
37 0 4
37 1 3
37 2 4
37 3 3
37 4 3
37 5 1
37 6 3
37 7 4
37 8 4
37 9 4
37 10 3
37 11 1
37 12 4
37 13 2
37 14 2
37 15 1
37 16 4
37 17 4
37 18 3
37 19 3
37 20 3
37 21 2
37 22 2
37 23 2
37 24 2
37 25 2
37 26 4
37 27 3
37 28 1
37 29 4
37 30 2
37 31 4
37 32 1
37 33 4
37 34 4
37 35 2
37 36 2
38 0 1
38 1 2
38 2 4
38 3 2
38 4 4
38 5 1
38 6 1
38 7 3
38 8 1
38 9 2
38 10 3
38 11 1
38 12 4
38 13 1
38 14 2
38 15 4
38 16 3
38 17 4
38 18 1
38 19 4
38 20 4
38 21 4
38 22 2
38 23 3
38 24 1
38 25 2
38 26 4
38 27 4
38 28 4
38 29 2
38 30 2
38 31 3
38 32 4
38 33 3
38 34 4
38 35 1
38 36 3
38 37 1
39 0 3
39 1 4
39 2 4
39 3 3
39 4 3
39 5 1
39 6 1
39 7 2
39 8 2
39 9 2
39 10 3
39 11 1
39 12 1
39 13 1
39 14 3
39 15 4
39 16 1
39 17 4
39 18 3
39 19 1
39 20 1
39 21 2
39 22 4
39 23 4
39 24 4
39 25 2
39 26 1
39 27 4
39 28 3
39 29 2
39 30 2
39 31 1
39 32 4
39 33 3
39 34 4
39 35 1
39 36 1
39 37 3
39 38 2
