15
1 0 4
2 0 7
2 1 6
3 0 1
3 1 7
3 2 4
4 0 6
4 1 2
4 2 3
4 3 6
5 0 1
5 1 5
5 2 4
5 3 6
5 4 6
6 0 4
6 1 2
6 2 5
6 3 1
6 4 1
6 5 6
7 0 2
7 1 3
7 2 2
7 3 1
7 4 1
7 5 5
7 6 6
8 0 5
8 1 1
8 2 5
8 3 6
8 4 6
8 5 3
8 6 3
8 7 5
9 0 2
9 1 5
9 2 4
9 3 6
9 4 6
9 5 2
9 6 1
9 7 5
9 8 4
10 0 4
10 1 5
10 2 4
10 3 3
10 4 5
10 5 1
10 6 3
10 7 4
10 8 1
10 9 1
11 0 2
11 1 7
11 2 1
11 3 5
11 4 7
11 5 5
11 6 6
11 7 6
11 8 3
11 9 7
11 10 3
12 0 4
12 1 6
12 2 7
12 3 2
12 4 6
12 5 1
12 6 7
12 7 2
12 8 2
12 9 2
12 10 5
12 11 6
13 0 6
13 1 3
13 2 5
13 3 7
13 4 4
13 5 6
13 6 7
13 7 1
13 8 1
13 9 7
13 10 3
13 11 5
13 12 1
14 0 3
14 1 2
14 2 3
14 3 1
14 4 7
14 5 3
14 6 3
14 7 6
14 8 5
14 9 5
14 10 7
14 11 7
14 12 6
14 13 3
