30
1 0 1
2 0 1
2 1 1
3 0 1
3 1 1
4 0 1
4 1 1
4 3 1
5 2 1
5 3 1
5 4 1
6 1 1
6 2 1
7 0 1
7 3 1
7 6 1
8 0 1
8 2 1
8 3 1
8 5 1
8 6 1
8 7 1
9 0 1
9 2 1
9 4 1
9 7 1
10 1 1
10 2 1
10 4 1
10 5 1
10 7 1
10 8 1
11 0 1
11 6 1
11 7 1
11 9 1
12 0 1
12 2 1
12 5 1
12 7 1
12 8 1
12 10 1
12 11 1
13 0 1
13 2 1
13 4 1
13 6 1
13 7 1
13 8 1
13 9 1
14 1 1
14 2 1
14 3 1
14 9 1
14 11 1
14 13 1
15 0 1
15 2 1
15 9 1
15 10 1
15 12 1
16 3 1
16 5 1
16 6 1
16 10 1
16 15 1
17 1 1
17 2 1
17 5 1
17 6 1
17 8 1
17 10 1
17 12 1
17 15 1
17 16 1
18 1 1
18 6 1
18 12 1
18 13 1
18 16 1
18 17 1
19 1 1
19 4 1
19 5 1
19 6 1
19 7 1
19 11 1
19 12 1
19 14 1
19 18 1
20 1 1
20 2 1
20 3 1
20 6 1
20 7 1
20 8 1
20 10 1
20 12 1
20 14 1
20 15 1
20 16 1
20 18 1
20 19 1
21 0 1
21 2 1
21 3 1
21 5 1
21 6 1
21 9 1
21 10 1
21 11 1
21 12 1
21 13 1
21 17 1
21 20 1
22 0 1
22 1 1
22 4 1
22 5 1
22 6 1
22 7 1
22 9 1
22 12 1
22 13 1
22 14 1
22 19 1
23 1 1
23 2 1
23 3 1
23 4 1
23 6 1
23 7 1
23 9 1
23 10 1
23 13 1
23 16 1
23 17 1
23 20 1
23 21 1
23 22 1
24 1 1
24 3 1
24 5 1
24 7 1
24 8 1
24 11 1
24 13 1
24 14 1
24 15 1
24 18 1
24 19 1
24 23 1
25 3 1
25 8 1
25 13 1
25 17 1
25 20 1
25 21 1
25 22 1
25 23 1
25 24 1
26 0 1
26 1 1
26 2 1
26 3 1
26 5 1
26 6 1
26 7 1
26 10 1
26 11 1
26 12 1
26 14 1
26 15 1
26 17 1
26 20 1
26 22 1
26 23 1
26 24 1
27 0 1
27 1 1
27 3 1
27 4 1
27 6 1
27 13 1
27 14 1
27 16 1
27 17 1
27 18 1
27 20 1
27 21 1
27 22 1
27 23 1
28 0 1
28 1 1
28 4 1
28 7 1
28 8 1
28 10 1
28 14 1
28 15 1
28 19 1
28 21 1
28 22 1
28 24 1
28 25 1
29 0 1
29 4 1
29 6 1
29 8 1
29 9 1
29 10 1
29 11 1
29 12 1
29 13 1
29 16 1
29 17 1
29 18 1
29 19 1
29 20 1
29 21 1
29 23 1
29 26 1
29 27 1
29 28 1
