30
1 0 1
2 0 6
2 1 4
3 0 1
3 1 5
3 2 5
4 0 2
4 1 4
4 2 7
4 3 7
5 0 4
5 1 4
5 2 6
5 3 6
5 4 1
6 0 3
6 1 6
6 2 1
6 3 6
6 4 6
6 5 5
7 0 4
7 1 4
7 2 2
7 3 3
7 4 5
7 5 3
7 6 6
8 0 4
8 1 7
8 2 1
8 3 6
8 4 7
8 5 3
8 6 2
8 7 5
9 0 6
9 1 3
9 2 1
9 3 4
9 4 7
9 5 5
9 6 4
9 7 5
9 8 2
10 0 5
10 1 4
10 2 3
10 3 2
10 4 6
10 5 3
10 6 7
10 7 3
10 8 4
10 9 7
11 0 3
11 1 2
11 2 1
11 3 6
11 4 2
11 5 5
11 6 6
11 7 7
11 8 3
11 9 6
11 10 4
12 0 3
12 1 3
12 2 1
12 3 5
12 4 1
12 5 6
12 6 6
12 7 4
12 8 7
12 9 3
12 10 3
12 11 4
13 0 4
13 1 5
13 2 2
13 3 4
13 4 6
13 5 6
13 6 1
13 7 3
13 8 6
13 9 6
13 10 3
13 11 7
13 12 6
14 0 1
14 1 7
14 2 3
14 3 6
14 4 2
14 5 2
14 6 4
14 7 4
14 8 7
14 9 3
14 10 6
14 11 1
14 12 2
14 13 6
15 0 1
15 1 1
15 2 2
15 3 5
15 4 5
15 5 7
15 6 4
15 7 7
15 8 3
15 9 3
15 10 6
15 11 7
15 12 7
15 13 1
15 14 3
16 0 7
16 1 2
16 2 7
16 3 5
16 4 2
16 5 1
16 6 4
16 7 2
16 8 7
16 9 5
16 10 1
16 11 5
16 12 1
16 13 7
16 14 6
16 15 5
17 0 4
17 1 6
17 2 5
17 3 6
17 4 4
17 5 1
17 6 3
17 7 6
17 8 3
17 9 2
17 10 3
17 11 4
17 12 4
17 13 5
17 14 1
17 15 5
17 16 1
18 0 3
18 1 7
18 2 3
18 3 4
18 4 7
18 5 4
18 6 6
18 7 7
18 8 2
18 9 2
18 10 7
18 11 1
18 12 1
18 13 5
18 14 3
18 15 5
18 16 7
18 17 1
19 0 4
19 1 5
19 2 4
19 3 5
19 4 5
19 5 1
19 6 6
19 7 3
19 8 6
19 9 5
19 10 5
19 11 7
19 12 3
19 13 5
19 14 6
19 15 5
19 16 3
19 17 7
19 18 7
20 0 3
20 1 4
20 2 7
20 3 6
20 4 7
20 5 3
20 6 6
20 7 4
20 8 3
20 9 3
20 10 1
20 11 2
20 12 2
20 13 3
20 14 1
20 15 3
20 16 4
20 17 3
20 18 1
20 19 3
21 0 3
21 1 7
21 2 1
21 3 3
21 4 3
21 5 7
21 6 6
21 7 2
21 8 7
21 9 4
21 10 4
21 11 1
21 12 7
21 13 2
21 14 4
21 15 5
21 16 2
21 17 4
21 18 3
21 19 6
21 20 7
22 0 3
22 1 5
22 2 2
22 3 1
22 4 2
22 5 6
22 6 7
22 7 5
22 8 1
22 9 6
22 10 7
22 11 4
22 12 5
22 13 5
22 14 7
22 15 5
22 16 1
22 17 6
22 18 3
22 19 3
22 20 6
22 21 6
23 0 2
23 1 6
23 2 3
23 3 3
23 4 7
23 5 4
23 6 2
23 7 5
23 8 3
23 9 3
23 10 2
23 11 4
23 12 6
23 13 1
23 14 1
23 15 6
23 16 4
23 17 3
23 18 4
23 19 1
23 20 5
23 21 2
23 22 6
24 0 7
24 1 5
24 2 7
24 3 4
24 4 2
24 5 6
24 6 3
24 7 3
24 8 4
24 9 6
24 10 7
24 11 7
24 12 4
24 13 6
24 14 5
24 15 4
24 16 3
24 17 5
24 18 1
24 19 1
24 20 2
24 21 2
24 22 1
24 23 4
25 0 2
25 1 2
25 2 5
25 3 5
25 4 6
25 5 3
25 6 1
25 7 2
25 8 1
25 9 2
25 10 2
25 11 4
25 12 6
25 13 1
25 14 2
25 15 1
25 16 5
25 17 3
25 18 7
25 19 3
25 20 4
25 21 6
25 22 4
25 23 5
25 24 6
26 0 1
26 1 1
26 2 7
26 3 4
26 4 2
26 5 2
26 6 4
26 7 6
26 8 4
26 9 1
26 10 6
26 11 1
26 12 1
26 13 4
26 14 2
26 15 4
26 16 7
26 17 3
26 18 6
26 19 7
26 20 2
26 21 5
26 22 4
26 23 6
26 24 6
26 25 1
27 0 7
27 1 1
27 2 5
27 3 5
27 4 6
27 5 1
27 6 5
27 7 3
27 8 1
27 9 3
27 10 3
27 11 1
27 12 1
27 13 1
27 14 6
27 15 5
27 16 3
27 17 6
27 18 6
27 19 7
27 20 5
27 21 4
27 22 7
27 23 2
27 24 5
27 25 3
27 26 3
28 0 7
28 1 1
28 2 7
28 3 4
28 4 3
28 5 6
28 6 3
28 7 4
28 8 1
28 9 1
28 10 7
28 11 6
28 12 6
28 13 4
28 14 7
28 15 5
28 16 5
28 17 5
28 18 2
28 19 5
28 20 7
28 21 2
28 22 4
28 23 5
28 24 4
28 25 4
28 26 3
28 27 4
29 0 7
29 1 5
29 2 1
29 3 4
29 4 4
29 5 4
29 6 5
29 7 4
29 8 5
29 9 2
29 10 3
29 11 2
29 12 4
29 13 2
29 14 6
29 15 2
29 16 6
29 17 1
29 18 3
29 19 1
29 20 4
29 21 3
29 22 1
29 23 1
29 24 5
29 25 6
29 26 5
29 27 1
29 28 1
