20
2 0 3
4 0 5
4 2 1
4 3 7
5 2 6
5 4 1
6 0 3
6 1 7
6 2 1
6 4 7
6 5 6
7 1 4
7 2 1
7 6 6
8 3 3
8 4 5
8 7 2
9 2 3
9 3 2
9 4 2
9 5 3
9 6 2
9 7 7
10 2 3
10 5 1
10 9 4
11 0 4
11 6 3
11 8 7
12 1 4
12 8 7
12 9 1
12 10 6
12 11 2
13 2 1
13 3 2
13 6 5
13 7 6
13 8 6
13 9 2
13 10 5
13 12 4
14 1 3
14 2 5
14 4 7
14 5 7
14 7 3
14 12 4
15 1 6
15 2 1
15 4 5
15 5 1
15 6 7
15 7 6
15 8 2
15 10 2
15 11 1
15 13 3
15 14 1
16 0 6
16 9 3
16 13 5
17 4 6
17 6 6
17 9 2
17 11 7
17 14 5
17 15 5
18 2 1
18 4 2
18 5 5
18 9 5
18 12 3
18 14 4
18 16 4
19 2 2
19 3 6
19 4 2
19 7 4
19 8 6
19 9 1
19 10 1
19 11 2
19 13 1
19 14 2
19 17 5
