15
1 0 3
2 0 1
2 1 5
3 0 1
3 1 5
3 2 2
4 0 4
4 1 5
4 2 1
4 3 1
5 0 5
5 1 3
5 2 2
5 3 6
5 4 2
6 0 1
6 1 2
6 2 1
6 3 2
6 4 1
6 5 2
7 0 5
7 1 4
7 2 4
7 3 4
7 4 6
7 5 2
7 6 5
8 0 1
8 1 2
8 2 1
8 3 4
8 4 1
8 5 2
8 6 3
8 7 2
9 0 5
9 1 6
9 2 2
9 3 4
9 4 3
9 5 6
9 6 6
9 7 1
9 8 1
10 0 2
10 1 5
10 2 1
10 3 2
10 4 2
10 5 6
10 6 1
10 7 3
10 8 2
10 9 1
11 0 2
11 1 5
11 2 2
11 3 1
11 4 4
11 5 5
11 6 4
11 7 6
11 8 2
11 9 6
11 10 4
12 0 2
12 1 5
12 2 3
12 3 4
12 4 6
12 5 2
12 6 4
12 7 2
12 8 1
12 9 5
12 10 5
12 11 2
13 0 1
13 1 1
13 2 1
13 3 2
13 4 3
13 5 3
13 6 6
13 7 6
13 8 2
13 9 6
13 10 3
13 11 4
13 12 5
14 0 5
14 1 4
14 2 3
14 3 1
14 4 5
14 5 6
14 6 1
14 7 4
14 8 4
14 9 4
14 10 1
14 11 6
14 12 3
14 13 3
