60
1 0 1
2 0 1
3 1 1
3 2 1
4 1 1
5 1 1
5 3 1
6 0 1
6 1 1
6 2 1
6 5 1
7 0 1
7 1 1
7 2 1
8 0 1
8 2 1
8 3 1
9 0 1
9 1 1
9 3 1
9 5 1
9 6 1
9 7 1
10 0 1
10 2 1
10 8 1
10 9 1
11 0 1
11 1 1
11 7 1
11 8 1
11 9 1
11 10 1
12 0 1
12 1 1
12 4 1
12 5 1
12 7 1
13 1 1
13 2 1
13 4 1
13 6 1
13 7 1
13 9 1
13 11 1
13 12 1
14 1 1
14 2 1
14 3 1
14 4 1
14 7 1
14 10 1
14 11 1
15 6 1
15 8 1
15 10 1
15 13 1
16 1 1
16 3 1
16 5 1
16 8 1
16 11 1
16 12 1
16 15 1
17 0 1
17 4 1
17 5 1
17 7 1
17 10 1
17 11 1
17 12 1
17 15 1
18 2 1
18 4 1
18 8 1
18 9 1
18 10 1
18 11 1
18 12 1
18 15 1
19 1 1
19 3 1
19 4 1
19 7 1
19 8 1
19 9 1
19 11 1
19 12 1
19 16 1
19 18 1
20 1 1
20 2 1
20 3 1
20 4 1
20 5 1
20 6 1
20 7 1
20 12 1
20 14 1
20 15 1
20 16 1
21 3 1
21 4 1
21 7 1
21 11 1
21 12 1
21 13 1
21 15 1
21 16 1
21 19 1
21 20 1
22 0 1
22 1 1
22 4 1
22 5 1
22 6 1
22 9 1
22 11 1
22 12 1
22 13 1
22 14 1
22 16 1
22 19 1
23 0 1
23 2 1
23 4 1
23 7 1
23 8 1
23 12 1
23 14 1
23 15 1
23 16 1
23 18 1
23 19 1
23 20 1
23 21 1
24 0 1
24 1 1
24 3 1
24 7 1
24 8 1
24 10 1
24 13 1
24 17 1
24 20 1
24 22 1
25 1 1
25 2 1
25 3 1
25 6 1
25 8 1
25 12 1
25 13 1
25 14 1
25 16 1
25 17 1
25 18 1
25 19 1
25 21 1
25 22 1
25 24 1
26 0 1
26 1 1
26 2 1
26 3 1
26 5 1
26 6 1
26 9 1
26 10 1
26 12 1
26 14 1
26 15 1
26 19 1
26 21 1
26 25 1
27 1 1
27 2 1
27 4 1
27 6 1
27 7 1
27 10 1
27 13 1
27 15 1
27 16 1
27 21 1
27 24 1
27 26 1
28 0 1
28 9 1
28 10 1
28 15 1
28 16 1
28 17 1
28 18 1
28 19 1
28 20 1
28 22 1
29 1 1
29 2 1
29 3 1
29 4 1
29 6 1
29 7 1
29 8 1
29 11 1
29 14 1
29 18 1
29 19 1
29 20 1
29 22 1
29 23 1
29 24 1
29 28 1
30 5 1
30 9 1
30 10 1
30 12 1
30 14 1
30 18 1
30 20 1
30 22 1
30 23 1
30 24 1
30 26 1
30 27 1
30 28 1
30 29 1
31 0 1
31 1 1
31 2 1
31 4 1
31 5 1
31 9 1
31 10 1
31 12 1
31 13 1
31 14 1
31 15 1
31 16 1
31 17 1
31 18 1
31 19 1
31 21 1
31 22 1
31 26 1
31 27 1
31 28 1
31 30 1
32 0 1
32 1 1
32 2 1
32 5 1
32 6 1
32 8 1
32 9 1
32 11 1
32 12 1
32 14 1
32 16 1
32 18 1
32 19 1
32 20 1
32 21 1
32 23 1
32 24 1
32 25 1
32 27 1
32 28 1
32 30 1
33 1 1
33 2 1
33 3 1
33 4 1
33 5 1
33 7 1
33 9 1
33 11 1
33 13 1
33 15 1
33 19 1
33 20 1
33 21 1
33 22 1
33 24 1
33 26 1
33 27 1
33 29 1
33 32 1
34 0 1
34 5 1
34 6 1
34 7 1
34 10 1
34 14 1
34 17 1
34 20 1
34 23 1
34 25 1
34 31 1
34 33 1
35 0 1
35 3 1
35 6 1
35 7 1
35 11 1
35 13 1
35 14 1
35 20 1
35 21 1
35 24 1
35 26 1
35 27 1
35 28 1
35 29 1
35 30 1
35 33 1
36 0 1
36 4 1
36 5 1
36 8 1
36 10 1
36 11 1
36 12 1
36 15 1
36 16 1
36 17 1
36 18 1
36 22 1
36 23 1
36 25 1
36 29 1
36 33 1
36 34 1
37 4 1
37 5 1
37 8 1
37 9 1
37 11 1
37 12 1
37 16 1
37 17 1
37 19 1
37 22 1
37 25 1
37 26 1
37 29 1
37 31 1
37 32 1
37 36 1
38 0 1
38 4 1
38 6 1
38 7 1
38 9 1
38 12 1
38 13 1
38 16 1
38 17 1
38 18 1
38 19 1
38 20 1
38 22 1
38 23 1
38 25 1
38 26 1
38 27 1
38 29 1
38 30 1
38 33 1
38 35 1
38 36 1
39 0 1
39 1 1
39 2 1
39 7 1
39 8 1
39 10 1
39 11 1
39 21 1
39 22 1
39 23 1
39 25 1
39 29 1
39 30 1
39 32 1
39 34 1
39 35 1
39 37 1
39 38 1
40 0 1
40 1 1
40 2 1
40 4 1
40 6 1
40 8 1
40 9 1
40 11 1
40 12 1
40 16 1
40 17 1
40 19 1
40 21 1
40 25 1
40 26 1
40 27 1
40 28 1
40 29 1
40 30 1
40 31 1
40 34 1
40 35 1
40 37 1
40 39 1
41 0 1
41 1 1
41 2 1
41 6 1
41 7 1
41 8 1
41 9 1
41 12 1
41 14 1
41 18 1
41 19 1
41 20 1
41 21 1
41 23 1
41 26 1
41 27 1
41 28 1
41 30 1
41 31 1
41 32 1
41 36 1
41 37 1
41 39 1
41 40 1
42 0 1
42 2 1
42 3 1
42 4 1
42 5 1
42 6 1
42 9 1
42 11 1
42 13 1
42 15 1
42 16 1
42 17 1
42 21 1
42 22 1
42 23 1
42 24 1
42 25 1
42 30 1
42 32 1
42 33 1
42 35 1
42 36 1
42 39 1
42 40 1
42 41 1
43 0 1
43 3 1
43 7 1
43 10 1
43 11 1
43 15 1
43 16 1
43 17 1
43 19 1
43 20 1
43 21 1
43 22 1
43 28 1
43 33 1
43 35 1
43 40 1
43 41 1
43 42 1
44 1 1
44 2 1
44 3 1
44 8 1
44 9 1
44 10 1
44 12 1
44 13 1
44 15 1
44 17 1
44 20 1
44 22 1
44 24 1
44 25 1
44 28 1
44 30 1
44 32 1
44 33 1
44 34 1
44 35 1
44 36 1
44 39 1
44 43 1
45 3 1
45 4 1
45 5 1
45 11 1
45 12 1
45 14 1
45 17 1
45 18 1
45 19 1
45 22 1
45 27 1
45 28 1
45 30 1
45 36 1
45 38 1
45 39 1
45 40 1
45 41 1
45 43 1
45 44 1
46 3 1
46 6 1
46 9 1
46 13 1
46 17 1
46 18 1
46 19 1
46 20 1
46 22 1
46 23 1
46 27 1
46 28 1
46 30 1
46 31 1
46 33 1
46 35 1
46 41 1
47 0 1
47 1 1
47 2 1
47 3 1
47 8 1
47 9 1
47 11 1
47 14 1
47 16 1
47 17 1
47 19 1
47 20 1
47 21 1
47 22 1
47 23 1
47 24 1
47 26 1
47 27 1
47 29 1
47 30 1
47 32 1
47 33 1
47 34 1
47 37 1
47 39 1
47 43 1
47 45 1
47 46 1
48 0 1
48 2 1
48 5 1
48 7 1
48 11 1
48 13 1
48 19 1
48 21 1
48 23 1
48 26 1
48 27 1
48 32 1
48 36 1
48 39 1
48 44 1
48 45 1
48 47 1
49 0 1
49 3 1
49 4 1
49 5 1
49 9 1
49 11 1
49 13 1
49 15 1
49 17 1
49 18 1
49 19 1
49 21 1
49 24 1
49 25 1
49 35 1
49 38 1
49 39 1
49 40 1
49 41 1
49 42 1
49 43 1
49 45 1
49 48 1
50 6 1
50 9 1
50 12 1
50 13 1
50 15 1
50 16 1
50 18 1
50 19 1
50 23 1
50 24 1
50 25 1
50 26 1
50 27 1
50 28 1
50 29 1
50 30 1
50 34 1
50 35 1
50 36 1
50 37 1
50 38 1
50 39 1
50 40 1
50 41 1
50 42 1
50 45 1
50 48 1
50 49 1
51 0 1
51 1 1
51 10 1
51 11 1
51 12 1
51 13 1
51 14 1
51 16 1
51 17 1
51 21 1
51 24 1
51 25 1
51 26 1
51 31 1
51 32 1
51 33 1
51 34 1
51 35 1
51 43 1
51 44 1
51 46 1
51 47 1
51 48 1
51 50 1
52 1 1
52 2 1
52 5 1
52 6 1
52 7 1
52 8 1
52 10 1
52 11 1
52 12 1
52 18 1
52 19 1
52 20 1
52 22 1
52 24 1
52 26 1
52 27 1
52 29 1
52 33 1
52 34 1
52 35 1
52 37 1
52 39 1
52 40 1
52 42 1
52 43 1
52 48 1
52 50 1
52 51 1
53 1 1
53 2 1
53 4 1
53 5 1
53 7 1
53 9 1
53 10 1
53 11 1
53 12 1
53 13 1
53 14 1
53 15 1
53 16 1
53 20 1
53 23 1
53 25 1
53 28 1
53 30 1
53 31 1
53 34 1
53 36 1
53 38 1
53 43 1
53 45 1
53 51 1
54 0 1
54 2 1
54 3 1
54 5 1
54 6 1
54 7 1
54 10 1
54 11 1
54 15 1
54 16 1
54 20 1
54 23 1
54 25 1
54 27 1
54 29 1
54 32 1
54 35 1
54 36 1
54 37 1
54 38 1
54 41 1
54 43 1
54 49 1
54 50 1
54 52 1
54 53 1
55 0 1
55 1 1
55 6 1
55 11 1
55 12 1
55 15 1
55 17 1
55 18 1
55 19 1
55 20 1
55 21 1
55 24 1
55 28 1
55 29 1
55 30 1
55 31 1
55 32 1
55 33 1
55 34 1
55 35 1
55 37 1
55 43 1
55 44 1
55 46 1
55 47 1
55 48 1
55 49 1
55 50 1
55 51 1
55 54 1
56 0 1
56 3 1
56 6 1
56 7 1
56 9 1
56 10 1
56 11 1
56 12 1
56 13 1
56 18 1
56 19 1
56 24 1
56 26 1
56 28 1
56 29 1
56 33 1
56 35 1
56 36 1
56 38 1
56 42 1
56 43 1
56 45 1
56 46 1
56 47 1
56 48 1
56 50 1
56 51 1
56 53 1
57 3 1
57 4 1
57 7 1
57 9 1
57 10 1
57 11 1
57 14 1
57 15 1
57 18 1
57 21 1
57 22 1
57 24 1
57 25 1
57 26 1
57 29 1
57 30 1
57 31 1
57 32 1
57 33 1
57 34 1
57 35 1
57 36 1
57 37 1
57 38 1
57 40 1
57 41 1
57 44 1
57 47 1
57 51 1
57 52 1
57 54 1
57 55 1
57 56 1
58 2 1
58 3 1
58 7 1
58 8 1
58 9 1
58 10 1
58 12 1
58 13 1
58 14 1
58 17 1
58 21 1
58 22 1
58 26 1
58 27 1
58 28 1
58 33 1
58 35 1
58 36 1
58 38 1
58 39 1
58 40 1
58 41 1
58 43 1
58 45 1
58 47 1
58 49 1
58 51 1
58 52 1
58 56 1
59 0 1
59 1 1
59 3 1
59 4 1
59 8 1
59 13 1
59 14 1
59 16 1
59 17 1
59 19 1
59 22 1
59 24 1
59 25 1
59 26 1
59 28 1
59 29 1
59 30 1
59 31 1
59 32 1
59 34 1
59 38 1
59 41 1
59 44 1
59 46 1
59 47 1
59 48 1
59 50 1
59 51 1
59 53 1
59 54 1
59 57 1
59 58 1
