60
1 0 1
2 0 1
2 1 3
3 0 2
3 1 1
3 2 1
4 0 3
4 1 2
4 2 3
4 3 1
5 0 3
5 1 2
5 2 2
5 3 1
5 4 2
6 0 3
6 1 1
6 2 1
6 3 3
6 4 2
6 5 1
7 0 3
7 1 1
7 2 1
7 3 1
7 4 2
7 5 3
7 6 2
8 0 1
8 1 3
8 2 3
8 3 3
8 4 3
8 5 2
8 6 2
8 7 3
9 0 3
9 1 3
9 2 3
9 3 3
9 4 1
9 5 3
9 6 3
9 7 2
9 8 3
10 0 2
10 1 3
10 2 1
10 3 1
10 4 2
10 5 1
10 6 3
10 7 1
10 8 3
10 9 1
11 0 1
11 1 2
11 2 3
11 3 2
11 4 2
11 5 1
11 6 1
11 7 3
11 8 1
11 9 3
11 10 1
12 0 1
12 1 3
12 2 2
12 3 3
12 4 1
12 5 1
12 6 3
12 7 1
12 8 1
12 9 3
12 10 3
12 11 1
13 0 3
13 1 1
13 2 1
13 3 3
13 4 2
13 5 1
13 6 3
13 7 1
13 8 2
13 9 3
13 10 1
13 11 1
13 12 1
14 0 3
14 1 1
14 2 2
14 3 1
14 4 2
14 5 3
14 6 3
14 7 1
14 8 3
14 9 1
14 10 3
14 11 2
14 12 1
14 13 3
15 0 1
15 1 2
15 2 1
15 3 3
15 4 3
15 5 3
15 6 2
15 7 2
15 8 2
15 9 3
15 10 2
15 11 3
15 12 3
15 13 1
15 14 2
16 0 3
16 1 2
16 2 1
16 3 1
16 4 2
16 5 2
16 6 2
16 7 1
16 8 1
16 9 3
16 10 3
16 11 1
16 12 2
16 13 1
16 14 3
16 15 1
17 0 2
17 1 1
17 2 3
17 3 1
17 4 1
17 5 2
17 6 3
17 7 3
17 8 3
17 9 1
17 10 2
17 11 1
17 12 1
17 13 2
17 14 3
17 15 1
17 16 2
18 0 3
18 1 1
18 2 3
18 3 1
18 4 1
18 5 3
18 6 2
18 7 3
18 8 2
18 9 3
18 10 3
18 11 2
18 12 2
18 13 2
18 14 1
18 15 1
18 16 1
18 17 1
19 0 1
19 1 3
19 2 3
19 3 1
19 4 2
19 5 3
19 6 3
19 7 1
19 8 3
19 9 1
19 10 1
19 11 1
19 12 2
19 13 2
19 14 1
19 15 1
19 16 2
19 17 1
19 18 2
20 0 1
20 1 3
20 2 1
20 3 2
20 4 3
20 5 2
20 6 3
20 7 3
20 8 3
20 9 1
20 10 3
20 11 2
20 12 2
20 13 1
20 14 1
20 15 3
20 16 3
20 17 2
20 18 3
20 19 3
21 0 3
21 1 3
21 2 3
21 3 2
21 4 3
21 5 2
21 6 1
21 7 2
21 8 2
21 9 1
21 10 2
21 11 3
21 12 3
21 13 2
21 14 1
21 15 1
21 16 1
21 17 3
21 18 2
21 19 2
21 20 3
22 0 3
22 1 2
22 2 2
22 3 3
22 4 2
22 5 2
22 6 1
22 7 3
22 8 1
22 9 2
22 10 2
22 11 1
22 12 1
22 13 2
22 14 2
22 15 2
22 16 3
22 17 2
22 18 1
22 19 3
22 20 2
22 21 3
23 0 1
23 1 2
23 2 1
23 3 2
23 4 3
23 5 2
23 6 3
23 7 2
23 8 1
23 9 1
23 10 1
23 11 2
23 12 1
23 13 2
23 14 2
23 15 2
23 16 2
23 17 3
23 18 3
23 19 2
23 20 3
23 21 2
23 22 1
24 0 3
24 1 3
24 2 2
24 3 3
24 4 2
24 5 1
24 6 3
24 7 2
24 8 1
24 9 1
24 10 1
24 11 1
24 12 1
24 13 3
24 14 1
24 15 1
24 16 2
24 17 3
24 18 2
24 19 2
24 20 2
24 21 2
24 22 1
24 23 1
25 0 1
25 1 1
25 2 1
25 3 1
25 4 3
25 5 2
25 6 2
25 7 3
25 8 3
25 9 3
25 10 3
25 11 1
25 12 3
25 13 3
25 14 2
25 15 3
25 16 2
25 17 2
25 18 3
25 19 3
25 20 2
25 21 1
25 22 3
25 23 2
25 24 1
26 0 2
26 1 3
26 2 2
26 3 3
26 4 3
26 5 1
26 6 1
26 7 1
26 8 2
26 9 2
26 10 3
26 11 1
26 12 1
26 13 2
26 14 3
26 15 2
26 16 2
26 17 3
26 18 1
26 19 3
26 20 1
26 21 2
26 22 1
26 23 2
26 24 2
26 25 3
27 0 3
27 1 3
27 2 2
27 3 2
27 4 3
27 5 3
27 6 3
27 7 3
27 8 1
27 9 1
27 10 2
27 11 1
27 12 3
27 13 2
27 14 3
27 15 3
27 16 2
27 17 1
27 18 1
27 19 1
27 20 1
27 21 3
27 22 1
27 23 3
27 24 3
27 25 2
27 26 1
28 0 2
28 1 3
28 2 3
28 3 1
28 4 2
28 5 1
28 6 1
28 7 1
28 8 1
28 9 2
28 10 1
28 11 2
28 12 3
28 13 1
28 14 1
28 15 2
28 16 1
28 17 1
28 18 3
28 19 3
28 20 1
28 21 2
28 22 1
28 23 1
28 24 2
28 25 1
28 26 3
28 27 1
29 0 1
29 1 2
29 2 1
29 3 3
29 4 1
29 5 1
29 6 3
29 7 3
29 8 2
29 9 1
29 10 2
29 11 3
29 12 1
29 13 3
29 14 2
29 15 1
29 16 3
29 17 1
29 18 3
29 19 3
29 20 1
29 21 2
29 22 1
29 23 3
29 24 2
29 25 3
29 26 2
29 27 1
29 28 2
30 0 3
30 1 1
30 2 3
30 3 1
30 4 2
30 5 1
30 6 3
30 7 1
30 8 2
30 9 1
30 10 3
30 11 2
30 12 3
30 13 2
30 14 2
30 15 2
30 16 1
30 17 3
30 18 2
30 19 1
30 20 1
30 21 3
30 22 2
30 23 3
30 24 2
30 25 3
30 26 2
30 27 2
30 28 1
30 29 2
31 0 1
31 1 1
31 2 3
31 3 1
31 4 2
31 5 2
31 6 2
31 7 3
31 8 3
31 9 2
31 10 3
31 11 3
31 12 2
31 13 2
31 14 2
31 15 1
31 16 2
31 17 3
31 18 1
31 19 1
31 20 1
31 21 1
31 22 2
31 23 1
31 24 2
31 25 1
31 26 1
31 27 2
31 28 2
31 29 2
31 30 1
32 0 3
32 1 3
32 2 1
32 3 1
32 4 2
32 5 2
32 6 2
32 7 3
32 8 3
32 9 3
32 10 2
32 11 1
32 12 3
32 13 1
32 14 2
32 15 3
32 16 3
32 17 2
32 18 3
32 19 2
32 20 1
32 21 2
32 22 2
32 23 1
32 24 2
32 25 1
32 26 1
32 27 2
32 28 1
32 29 2
32 30 1
32 31 2
33 0 2
33 1 2
33 2 1
33 3 2
33 4 3
33 5 1
33 6 2
33 7 2
33 8 1
33 9 2
33 10 2
33 11 2
33 12 1
33 13 1
33 14 3
33 15 1
33 16 1
33 17 2
33 18 2
33 19 3
33 20 2
33 21 3
33 22 1
33 23 3
33 24 1
33 25 2
33 26 3
33 27 1
33 28 2
33 29 1
33 30 3
33 31 2
33 32 2
34 0 3
34 1 2
34 2 2
34 3 1
34 4 2
34 5 3
34 6 3
34 7 2
34 8 2
34 9 2
34 10 1
34 11 1
34 12 1
34 13 2
34 14 2
34 15 3
34 16 1
34 17 2
34 18 3
34 19 2
34 20 1
34 21 1
34 22 2
34 23 3
34 24 1
34 25 3
34 26 1
34 27 2
34 28 2
34 29 2
34 30 3
34 31 3
34 32 2
34 33 1
35 0 3
35 1 1
35 2 2
35 3 3
35 4 1
35 5 2
35 6 2
35 7 1
35 8 3
35 9 3
35 10 2
35 11 3
35 12 1
35 13 2
35 14 3
35 15 2
35 16 2
35 17 3
35 18 2
35 19 2
35 20 3
35 21 1
35 22 1
35 23 2
35 24 3
35 25 3
35 26 2
35 27 2
35 28 2
35 29 1
35 30 3
35 31 1
35 32 3
35 33 2
35 34 1
36 0 1
36 1 3
36 2 2
36 3 3
36 4 2
36 5 2
36 6 1
36 7 2
36 8 1
36 9 3
36 10 2
36 11 1
36 12 3
36 13 3
36 14 1
36 15 2
36 16 1
36 17 2
36 18 1
36 19 3
36 20 2
36 21 1
36 22 2
36 23 3
36 24 1
36 25 2
36 26 2
36 27 3
36 28 2
36 29 1
36 30 1
36 31 1
36 32 1
36 33 1
36 34 1
36 35 2
37 0 2
37 1 2
37 2 3
37 3 1
37 4 2
37 5 2
37 6 3
37 7 2
37 8 3
37 9 1
37 10 1
37 11 1
37 12 1
37 13 1
37 14 2
37 15 1
37 16 2
37 17 1
37 18 2
37 19 2
37 20 3
37 21 1
37 22 1
37 23 2
37 24 1
37 25 1
37 26 1
37 27 2
37 28 1
37 29 2
37 30 2
37 31 1
37 32 3
37 33 3
37 34 1
37 35 3
37 36 3
38 0 1
38 1 2
38 2 2
38 3 2
38 4 3
38 5 3
38 6 2
38 7 3
38 8 1
38 9 3
38 10 1
38 11 3
38 12 2
38 13 2
38 14 3
38 15 3
38 16 1
38 17 3
38 18 2
38 19 3
38 20 3
38 21 3
38 22 3
38 23 3
38 24 1
38 25 2
38 26 3
38 27 3
38 28 1
38 29 3
38 30 2
38 31 1
38 32 1
38 33 3
38 34 1
38 35 1
38 36 3
38 37 2
39 0 3
39 1 2
39 2 1
39 3 1
39 4 2
39 5 1
39 6 1
39 7 3
39 8 2
39 9 3
39 10 2
39 11 2
39 12 2
39 13 3
39 14 1
39 15 2
39 16 2
39 17 1
39 18 3
39 19 1
39 20 3
39 21 3
39 22 2
39 23 3
39 24 1
39 25 2
39 26 1
39 27 2
39 28 1
39 29 3
39 30 3
39 31 3
39 32 2
39 33 2
39 34 2
39 35 1
39 36 3
39 37 3
39 38 2
40 0 1
40 1 1
40 2 1
40 3 1
40 4 1
40 5 2
40 6 3
40 7 1
40 8 3
40 9 2
40 10 3
40 11 3
40 12 1
40 13 3
40 14 1
40 15 1
40 16 2
40 17 2
40 18 1
40 19 1
40 20 3
40 21 2
40 22 3
40 23 3
40 24 1
40 25 3
40 26 3
40 27 1
40 28 2
40 29 1
40 30 3
40 31 1
40 32 1
40 33 3
40 34 1
40 35 2
40 36 3
40 37 3
40 38 1
40 39 1
41 0 1
41 1 3
41 2 1
41 3 2
41 4 2
41 5 3
41 6 2
41 7 3
41 8 1
41 9 2
41 10 2
41 11 3
41 12 3
41 13 3
41 14 1
41 15 3
41 16 2
41 17 1
41 18 3
41 19 1
41 20 2
41 21 2
41 22 2
41 23 2
41 24 2
41 25 2
41 26 2
41 27 2
41 28 2
41 29 3
41 30 2
41 31 1
41 32 2
41 33 1
41 34 1
41 35 2
41 36 2
41 37 2
41 38 1
41 39 3
41 40 1
42 0 1
42 1 3
42 2 3
42 3 2
42 4 3
42 5 3
42 6 2
42 7 2
42 8 3
42 9 1
42 10 3
42 11 1
42 12 2
42 13 1
42 14 2
42 15 2
42 16 3
42 17 3
42 18 1
42 19 1
42 20 1
42 21 2
42 22 1
42 23 3
42 24 1
42 25 3
42 26 3
42 27 2
42 28 3
42 29 3
42 30 1
42 31 3
42 32 2
42 33 1
42 34 3
42 35 2
42 36 1
42 37 2
42 38 2
42 39 3
42 40 3
42 41 3
43 0 2
43 1 2
43 2 3
43 3 3
43 4 1
43 5 1
43 6 1
43 7 1
43 8 3
43 9 2
43 10 3
43 11 1
43 12 2
43 13 3
43 14 2
43 15 3
43 16 3
43 17 1
43 18 2
43 19 2
43 20 1
43 21 1
43 22 1
43 23 1
43 24 3
43 25 1
43 26 2
43 27 3
43 28 1
43 29 2
43 30 2
43 31 3
43 32 2
43 33 1
43 34 1
43 35 3
43 36 1
43 37 2
43 38 3
43 39 3
43 40 3
43 41 1
43 42 3
44 0 2
44 1 1
44 2 1
44 3 2
44 4 2
44 5 2
44 6 3
44 7 1
44 8 3
44 9 3
44 10 2
44 11 1
44 12 2
44 13 3
44 14 3
44 15 1
44 16 3
44 17 2
44 18 3
44 19 1
44 20 1
44 21 2
44 22 1
44 23 1
44 24 1
44 25 3
44 26 1
44 27 1
44 28 3
44 29 1
44 30 2
44 31 1
44 32 2
44 33 1
44 34 1
44 35 1
44 36 3
44 37 1
44 38 1
44 39 3
44 40 1
44 41 1
44 42 1
44 43 1
45 0 1
45 1 1
45 2 1
45 3 1
45 4 2
45 5 1
45 6 3
45 7 2
45 8 1
45 9 3
45 10 2
45 11 3
45 12 3
45 13 2
45 14 3
45 15 3
45 16 2
45 17 1
45 18 2
45 19 3
45 20 2
45 21 1
45 22 2
45 23 3
45 24 2
45 25 2
45 26 3
45 27 1
45 28 3
45 29 3
45 30 3
45 31 3
45 32 3
45 33 2
45 34 2
45 35 1
45 36 3
45 37 1
45 38 1
45 39 2
45 40 2
45 41 1
45 42 2
45 43 2
45 44 1
46 0 3
46 1 3
46 2 3
46 3 2
46 4 2
46 5 2
46 6 2
46 7 1
46 8 3
46 9 3
46 10 1
46 11 3
46 12 2
46 13 3
46 14 1
46 15 3
46 16 3
46 17 2
46 18 3
46 19 2
46 20 3
46 21 3
46 22 2
46 23 2
46 24 1
46 25 1
46 26 3
46 27 1
46 28 3
46 29 1
46 30 1
46 31 1
46 32 1
46 33 1
46 34 2
46 35 2
46 36 1
46 37 3
46 38 2
46 39 3
46 40 2
46 41 2
46 42 2
46 43 2
46 44 3
46 45 3
47 0 2
47 1 3
47 2 1
47 3 2
47 4 2
47 5 1
47 6 2
47 7 2
47 8 2
47 9 3
47 10 2
47 11 3
47 12 1
47 13 3
47 14 2
47 15 1
47 16 3
47 17 1
47 18 2
47 19 1
47 20 1
47 21 2
47 22 3
47 23 3
47 24 2
47 25 2
47 26 1
47 27 3
47 28 1
47 29 3
47 30 3
47 31 3
47 32 3
47 33 3
47 34 3
47 35 3
47 36 3
47 37 3
47 38 3
47 39 1
47 40 2
47 41 2
47 42 2
47 43 3
47 44 2
47 45 3
47 46 1
48 0 2
48 1 3
48 2 1
48 3 3
48 4 1
48 5 1
48 6 3
48 7 2
48 8 1
48 9 2
48 10 2
48 11 1
48 12 2
48 13 2
48 14 1
48 15 2
48 16 3
48 17 2
48 18 1
48 19 3
48 20 1
48 21 3
48 22 2
48 23 1
48 24 2
48 25 1
48 26 3
48 27 3
48 28 2
48 29 2
48 30 1
48 31 2
48 32 2
48 33 3
48 34 3
48 35 2
48 36 2
48 37 2
48 38 1
48 39 2
48 40 1
48 41 3
48 42 2
48 43 1
48 44 1
48 45 3
48 46 3
48 47 3
49 0 1
49 1 1
49 2 2
49 3 3
49 4 1
49 5 1
49 6 2
49 7 3
49 8 1
49 9 3
49 10 2
49 11 3
49 12 3
49 13 1
49 14 2
49 15 2
49 16 3
49 17 2
49 18 3
49 19 3
49 20 1
49 21 2
49 22 2
49 23 3
49 24 1
49 25 3
49 26 1
49 27 2
49 28 3
49 29 2
49 30 2
49 31 2
49 32 2
49 33 3
49 34 2
49 35 3
49 36 2
49 37 2
49 38 2
49 39 2
49 40 2
49 41 1
49 42 2
49 43 2
49 44 3
49 45 1
49 46 3
49 47 1
49 48 1
50 0 1
50 1 3
50 2 1
50 3 1
50 4 2
50 5 1
50 6 2
50 7 3
50 8 2
50 9 3
50 10 3
50 11 3
50 12 3
50 13 3
50 14 3
50 15 1
50 16 3
50 17 2
50 18 1
50 19 3
50 20 3
50 21 3
50 22 2
50 23 2
50 24 1
50 25 3
50 26 3
50 27 1
50 28 2
50 29 2
50 30 2
50 31 3
50 32 1
50 33 1
50 34 2
50 35 2
50 36 3
50 37 3
50 38 2
50 39 3
50 40 3
50 41 1
50 42 3
50 43 2
50 44 1
50 45 1
50 46 3
50 47 1
50 48 1
50 49 2
51 0 1
51 1 2
51 2 3
51 3 1
51 4 3
51 5 2
51 6 3
51 7 3
51 8 3
51 9 1
51 10 2
51 11 2
51 12 1
51 13 3
51 14 2
51 15 1
51 16 3
51 17 1
51 18 3
51 19 1
51 20 3
51 21 2
51 22 2
51 23 2
51 24 1
51 25 3
51 26 3
51 27 2
51 28 2
51 29 3
51 30 1
51 31 2
51 32 3
51 33 3
51 34 2
51 35 2
51 36 2
51 37 3
51 38 1
51 39 1
51 40 3
51 41 1
51 42 3
51 43 2
51 44 3
51 45 1
51 46 2
51 47 3
51 48 2
51 49 1
51 50 2
52 0 1
52 1 1
52 2 1
52 3 3
52 4 1
52 5 2
52 6 2
52 7 1
52 8 2
52 9 3
52 10 1
52 11 1
52 12 3
52 13 3
52 14 3
52 15 3
52 16 2
52 17 1
52 18 3
52 19 1
52 20 3
52 21 1
52 22 3
52 23 2
52 24 1
52 25 1
52 26 2
52 27 1
52 28 1
52 29 3
52 30 3
52 31 1
52 32 2
52 33 1
52 34 2
52 35 3
52 36 2
52 37 2
52 38 2
52 39 3
52 40 1
52 41 2
52 42 3
52 43 2
52 44 3
52 45 1
52 46 1
52 47 2
52 48 3
52 49 2
52 50 2
52 51 2
53 0 2
53 1 1
53 2 1
53 3 1
53 4 3
53 5 1
53 6 3
53 7 2
53 8 3
53 9 1
53 10 3
53 11 2
53 12 3
53 13 1
53 14 3
53 15 2
53 16 3
53 17 1
53 18 1
53 19 2
53 20 1
53 21 1
53 22 1
53 23 3
53 24 1
53 25 3
53 26 2
53 27 3
53 28 2
53 29 1
53 30 1
53 31 3
53 32 3
53 33 2
53 34 3
53 35 1
53 36 1
53 37 1
53 38 3
53 39 3
53 40 2
53 41 2
53 42 3
53 43 1
53 44 3
53 45 1
53 46 1
53 47 2
53 48 3
53 49 3
53 50 2
53 51 1
53 52 1
54 0 3
54 1 3
54 2 2
54 3 2
54 4 3
54 5 3
54 6 2
54 7 2
54 8 1
54 9 3
54 10 1
54 11 2
54 12 2
54 13 1
54 14 2
54 15 1
54 16 2
54 17 1
54 18 3
54 19 2
54 20 2
54 21 1
54 22 1
54 23 1
54 24 1
54 25 2
54 26 2
54 27 3
54 28 1
54 29 1
54 30 1
54 31 2
54 32 1
54 33 1
54 34 1
54 35 2
54 36 1
54 37 1
54 38 1
54 39 2
54 40 2
54 41 3
54 42 1
54 43 1
54 44 1
54 45 1
54 46 1
54 47 3
54 48 3
54 49 1
54 50 3
54 51 2
54 52 2
54 53 3
55 0 2
55 1 1
55 2 2
55 3 1
55 4 2
55 5 2
55 6 2
55 7 3
55 8 2
55 9 1
55 10 3
55 11 1
55 12 1
55 13 2
55 14 2
55 15 3
55 16 2
55 17 2
55 18 1
55 19 3
55 20 1
55 21 2
55 22 1
55 23 3
55 24 2
55 25 1
55 26 3
55 27 3
55 28 1
55 29 1
55 30 1
55 31 1
55 32 1
55 33 2
55 34 3
55 35 3
55 36 2
55 37 3
55 38 2
55 39 2
55 40 3
55 41 1
55 42 3
55 43 3
55 44 1
55 45 2
55 46 2
55 47 1
55 48 2
55 49 1
55 50 2
55 51 1
55 52 1
55 53 2
55 54 1
56 0 3
56 1 2
56 2 1
56 3 3
56 4 3
56 5 2
56 6 1
56 7 1
56 8 1
56 9 2
56 10 1
56 11 1
56 12 2
56 13 3
56 14 2
56 15 3
56 16 3
56 17 3
56 18 2
56 19 1
56 20 3
56 21 2
56 22 2
56 23 2
56 24 2
56 25 2
56 26 3
56 27 3
56 28 2
56 29 2
56 30 3
56 31 2
56 32 3
56 33 2
56 34 1
56 35 3
56 36 3
56 37 2
56 38 1
56 39 3
56 40 2
56 41 2
56 42 3
56 43 3
56 44 2
56 45 3
56 46 1
56 47 2
56 48 3
56 49 2
56 50 3
56 51 1
56 52 2
56 53 3
56 54 1
56 55 2
57 0 1
57 1 1
57 2 1
57 3 2
57 4 3
57 5 2
57 6 2
57 7 3
57 8 2
57 9 3
57 10 1
57 11 1
57 12 2
57 13 2
57 14 2
57 15 2
57 16 1
57 17 3
57 18 3
57 19 3
57 20 2
57 21 1
57 22 1
57 23 2
57 24 2
57 25 1
57 26 2
57 27 3
57 28 1
57 29 3
57 30 2
57 31 3
57 32 2
57 33 1
57 34 1
57 35 1
57 36 1
57 37 2
57 38 3
57 39 2
57 40 3
57 41 3
57 42 3
57 43 1
57 44 2
57 45 2
57 46 1
57 47 3
57 48 2
57 49 3
57 50 1
57 51 3
57 52 2
57 53 3
57 54 2
57 55 1
57 56 2
58 0 1
58 1 3
58 2 3
58 3 1
58 4 2
58 5 1
58 6 2
58 7 3
58 8 1
58 9 2
58 10 3
58 11 3
58 12 3
58 13 1
58 14 3
58 15 2
58 16 1
58 17 1
58 18 1
58 19 1
58 20 3
58 21 1
58 22 1
58 23 2
58 24 2
58 25 2
58 26 3
58 27 1
58 28 1
58 29 1
58 30 2
58 31 3
58 32 3
58 33 2
58 34 3
58 35 1
58 36 3
58 37 3
58 38 1
58 39 3
58 40 2
58 41 3
58 42 3
58 43 3
58 44 2
58 45 1
58 46 1
58 47 3
58 48 1
58 49 2
58 50 3
58 51 2
58 52 1
58 53 2
58 54 3
58 55 1
58 56 1
58 57 3
59 0 1
59 1 1
59 2 3
59 3 1
59 4 1
59 5 2
59 6 1
59 7 1
59 8 2
59 9 2
59 10 2
59 11 3
59 12 3
59 13 2
59 14 2
59 15 3
59 16 2
59 17 1
59 18 2
59 19 1
59 20 2
59 21 2
59 22 1
59 23 3
59 24 1
59 25 1
59 26 3
59 27 1
59 28 3
59 29 3
59 30 3
59 31 2
59 32 2
59 33 1
59 34 2
59 35 2
59 36 3
59 37 2
59 38 3
59 39 1
59 40 2
59 41 2
59 42 1
59 43 3
59 44 2
59 45 2
59 46 1
59 47 2
59 48 1
59 49 2
59 50 1
59 51 3
59 52 2
59 53 1
59 54 2
59 55 3
59 56 1
59 57 2
59 58 2
