30
1 0 7
2 0 5
2 1 7
3 0 5
3 1 10
3 2 4
4 0 6
4 1 9
4 2 8
4 3 11
5 0 12
5 1 12
5 2 9
5 3 3
5 4 9
6 0 1
6 1 11
6 2 9
6 3 6
6 4 7
6 5 12
7 0 9
7 1 10
7 2 14
7 3 5
7 4 5
7 5 4
7 6 6
8 0 1
8 1 14
8 2 11
8 3 7
8 4 12
8 5 5
8 6 5
8 7 14
9 0 1
9 1 6
9 2 11
9 3 4
9 4 9
9 5 14
9 6 3
9 7 9
9 8 5
10 0 4
10 1 1
10 2 9
10 3 6
10 4 3
10 5 6
10 6 14
10 7 6
10 8 14
10 9 10
11 0 9
11 1 2
11 2 9
11 3 10
11 4 5
11 5 11
11 6 13
11 7 13
11 8 11
11 9 14
11 10 12
12 0 10
12 1 13
12 2 12
12 3 12
12 4 6
12 5 9
12 6 12
12 7 3
12 8 9
12 9 13
12 10 5
12 11 14
13 0 11
13 1 13
13 2 2
13 3 7
13 4 9
13 5 6
13 6 1
13 7 12
13 8 11
13 9 2
13 10 4
13 11 12
13 12 8
14 0 6
14 1 4
14 2 10
14 3 8
14 4 13
14 5 7
14 6 4
14 7 14
14 8 7
14 9 10
14 10 5
14 11 13
14 12 2
14 13 10
15 0 8
15 1 13
15 2 14
15 3 11
15 4 4
15 5 14
15 6 5
15 7 10
15 8 1
15 9 3
15 10 3
15 11 10
15 12 1
15 13 8
15 14 14
16 0 14
16 1 2
16 2 5
16 3 3
16 4 12
16 5 2
16 6 3
16 7 5
16 8 13
16 9 4
16 10 12
16 11 13
16 12 11
16 13 10
16 14 1
16 15 14
17 0 8
17 1 6
17 2 4
17 3 13
17 4 10
17 5 7
17 6 11
17 7 7
17 8 3
17 9 7
17 10 14
17 11 9
17 12 8
17 13 2
17 14 2
17 15 13
17 16 8
18 0 7
18 1 9
18 2 7
18 3 6
18 4 9
18 5 11
18 6 7
18 7 3
18 8 9
18 9 11
18 10 10
18 11 8
18 12 6
18 13 7
18 14 6
18 15 1
18 16 7
18 17 3
19 0 12
19 1 3
19 2 7
19 3 3
19 4 5
19 5 7
19 6 1
19 7 2
19 8 13
19 9 6
19 10 1
19 11 2
19 12 10
19 13 3
19 14 3
19 15 10
19 16 3
19 17 12
19 18 4
20 0 8
20 1 10
20 2 12
20 3 2
20 4 8
20 5 4
20 6 12
20 7 13
20 8 2
20 9 5
20 10 10
20 11 9
20 12 6
20 13 10
20 14 13
20 15 5
20 16 12
20 17 10
20 18 8
20 19 13
21 0 6
21 1 10
21 2 3
21 3 2
21 4 9
21 5 1
21 6 2
21 7 1
21 8 4
21 9 8
21 10 13
21 11 8
21 12 10
21 13 4
21 14 7
21 15 8
21 16 8
21 17 12
21 18 10
21 19 13
21 20 6
22 0 7
22 1 9
22 2 10
22 3 10
22 4 3
22 5 5
22 6 9
22 7 13
22 8 11
22 9 14
22 10 13
22 11 12
22 12 9
22 13 14
22 14 4
22 15 1
22 16 8
22 17 4
22 18 12
22 19 13
22 20 3
22 21 10
23 0 10
23 1 10
23 2 2
23 3 6
23 4 8
23 5 3
23 6 8
23 7 5
23 8 13
23 9 13
23 10 13
23 11 1
23 12 9
23 13 12
23 14 9
23 15 9
23 16 8
23 17 2
23 18 6
23 19 4
23 20 5
23 21 10
23 22 5
24 0 14
24 1 5
24 2 14
24 3 11
24 4 4
24 5 11
24 6 8
24 7 3
24 8 3
24 9 11
24 10 12
24 11 11
24 12 8
24 13 8
24 14 5
24 15 3
24 16 13
24 17 12
24 18 8
24 19 9
24 20 9
24 21 14
24 22 9
24 23 11
25 0 3
25 1 14
25 2 10
25 3 8
25 4 5
25 5 13
25 6 6
25 7 3
25 8 5
25 9 8
25 10 3
25 11 10
25 12 4
25 13 14
25 14 6
25 15 12
25 16 9
25 17 10
25 18 4
25 19 7
25 20 6
25 21 7
25 22 10
25 23 1
25 24 8
26 0 13
26 1 2
26 2 7
26 3 7
26 4 7
26 5 9
26 6 1
26 7 2
26 8 3
26 9 14
26 10 9
26 11 11
26 12 14
26 13 7
26 14 11
26 15 4
26 16 1
26 17 8
26 18 3
26 19 14
26 20 9
26 21 1
26 22 8
26 23 8
26 24 13
26 25 13
27 0 11
27 1 2
27 2 3
27 3 4
27 4 3
27 5 4
27 6 8
27 7 9
27 8 1
27 9 5
27 10 14
27 11 1
27 12 2
27 13 10
27 14 10
27 15 9
27 16 1
27 17 7
27 18 13
27 19 4
27 20 14
27 21 7
27 22 14
27 23 9
27 24 6
27 25 9
27 26 11
28 0 5
28 1 12
28 2 1
28 3 8
28 4 7
28 5 10
28 6 1
28 7 10
28 8 8
28 9 10
28 10 10
28 11 8
28 12 11
28 13 14
28 14 5
28 15 8
28 16 13
28 17 12
28 18 6
28 19 7
28 20 8
28 21 7
28 22 13
28 23 6
28 24 1
28 25 8
28 26 8
28 27 4
29 0 2
29 1 2
29 2 9
29 3 4
29 4 13
29 5 3
29 6 2
29 7 2
29 8 1
29 9 7
29 10 12
29 11 8
29 12 5
29 13 7
29 14 6
29 15 7
29 16 4
29 17 2
29 18 10
29 19 3
29 20 9
29 21 7
29 22 14
29 23 8
29 24 7
29 25 5
29 26 7
29 27 2
29 28 14
