20
1 0 2
2 0 3
3 2 4
5 1 1
6 1 3
6 2 1
6 3 1
6 5 1
7 1 3
7 3 1
7 4 1
7 5 3
7 6 4
8 5 3
9 2 2
9 3 4
9 4 1
9 6 3
9 7 1
9 8 1
10 0 2
10 1 1
10 6 2
10 8 1
11 0 4
11 1 3
11 2 1
11 5 4
11 7 2
11 9 4
12 0 1
12 1 4
12 2 2
12 4 2
12 7 4
13 0 1
13 1 4
13 3 3
13 4 4
13 5 1
13 6 2
13 7 1
13 8 2
14 0 3
14 3 1
14 4 4
14 9 1
14 11 1
14 12 1
15 0 1
15 3 1
15 4 1
15 5 3
15 8 2
15 10 3
16 1 4
16 6 1
16 9 1
16 15 1
17 0 4
17 1 1
17 2 4
17 3 4
17 4 2
17 6 2
17 8 4
17 9 4
17 10 1
17 11 1
17 12 4
17 13 2
17 16 2
18 0 4
18 2 1
18 3 1
18 4 2
18 8 1
18 9 1
18 11 2
18 12 4
18 13 4
18 14 2
18 16 4
19 0 4
19 1 4
19 2 4
19 3 1
19 4 4
19 5 3
19 6 1
19 9 3
19 10 4
19 12 3
19 14 4
19 16 4
19 17 1
19 18 2
