60
1 0 3
2 0 1
2 1 8
3 0 1
3 1 2
3 2 5
4 0 8
4 1 1
4 2 3
4 3 6
5 0 8
5 1 8
5 2 4
5 3 6
5 4 8
6 0 4
6 1 6
6 2 2
6 3 2
6 4 2
6 5 7
7 0 5
7 1 4
7 2 7
7 3 5
7 4 7
7 5 8
7 6 8
8 0 6
8 1 2
8 2 8
8 3 2
8 4 1
8 5 1
8 6 6
8 7 5
9 0 4
9 1 3
9 2 4
9 3 4
9 4 7
9 5 4
9 6 3
9 7 1
9 8 5
10 0 7
10 1 2
10 2 3
10 3 8
10 4 7
10 5 5
10 6 5
10 7 4
10 8 8
10 9 5
11 0 4
11 1 3
11 2 1
11 3 3
11 4 8
11 5 1
11 6 3
11 7 3
11 8 3
11 9 2
11 10 5
12 0 1
12 1 7
12 2 1
12 3 2
12 4 8
12 5 1
12 6 1
12 7 4
12 8 2
12 9 8
12 10 5
12 11 6
13 0 7
13 1 7
13 2 3
13 3 3
13 4 4
13 5 5
13 6 8
13 7 6
13 8 7
13 9 3
13 10 8
13 11 3
13 12 2
14 0 4
14 1 3
14 2 4
14 3 1
14 4 6
14 5 8
14 6 4
14 7 1
14 8 2
14 9 5
14 10 3
14 11 4
14 12 4
14 13 2
15 0 5
15 1 1
15 2 7
15 3 5
15 4 6
15 5 7
15 6 3
15 7 1
15 8 7
15 9 6
15 10 5
15 11 1
15 12 6
15 13 1
15 14 2
16 0 7
16 1 4
16 2 8
16 3 1
16 4 7
16 5 7
16 6 3
16 7 8
16 8 1
16 9 1
16 10 5
16 11 1
16 12 3
16 13 4
16 14 5
16 15 8
17 0 1
17 1 3
17 2 1
17 3 8
17 4 6
17 5 8
17 6 4
17 7 7
17 8 2
17 9 5
17 10 2
17 11 6
17 12 8
17 13 2
17 14 4
17 15 4
17 16 7
18 0 2
18 1 4
18 2 8
18 3 7
18 4 1
18 5 7
18 6 1
18 7 8
18 8 2
18 9 3
18 10 4
18 11 5
18 12 7
18 13 5
18 14 8
18 15 5
18 16 8
18 17 4
19 0 7
19 1 3
19 2 1
19 3 8
19 4 7
19 5 2
19 6 3
19 7 5
19 8 5
19 9 1
19 10 6
19 11 3
19 12 5
19 13 8
19 14 8
19 15 8
19 16 6
19 17 1
19 18 6
20 0 4
20 1 1
20 2 5
20 3 7
20 4 2
20 5 8
20 6 5
20 7 6
20 8 3
20 9 2
20 10 5
20 11 1
20 12 8
20 13 1
20 14 1
20 15 4
20 16 7
20 17 3
20 18 6
20 19 2
21 0 8
21 1 1
21 2 8
21 3 5
21 4 4
21 5 1
21 6 3
21 7 8
21 8 5
21 9 3
21 10 4
21 11 4
21 12 1
21 13 3
21 14 3
21 15 8
21 16 1
21 17 7
21 18 8
21 19 1
21 20 6
22 0 1
22 1 4
22 2 6
22 3 3
22 4 4
22 5 4
22 6 8
22 7 3
22 8 8
22 9 3
22 10 3
22 11 2
22 12 7
22 13 5
22 14 7
22 15 4
22 16 6
22 17 5
22 18 6
22 19 8
22 20 6
22 21 6
23 0 1
23 1 5
23 2 4
23 3 4
23 4 4
23 5 5
23 6 2
23 7 7
23 8 3
23 9 8
23 10 3
23 11 6
23 12 7
23 13 1
23 14 7
23 15 8
23 16 7
23 17 1
23 18 8
23 19 6
23 20 2
23 21 2
23 22 1
24 0 2
24 1 5
24 2 7
24 3 8
24 4 6
24 5 1
24 6 2
24 7 6
24 8 4
24 9 6
24 10 4
24 11 8
24 12 5
24 13 6
24 14 2
24 15 4
24 16 3
24 17 5
24 18 7
24 19 6
24 20 4
24 21 3
24 22 8
24 23 4
25 0 6
25 1 4
25 2 3
25 3 5
25 4 2
25 5 6
25 6 8
25 7 1
25 8 7
25 9 6
25 10 1
25 11 3
25 12 3
25 13 1
25 14 8
25 15 7
25 16 8
25 17 1
25 18 5
25 19 6
25 20 4
25 21 1
25 22 7
25 23 1
25 24 1
26 0 7
26 1 3
26 2 4
26 3 8
26 4 8
26 5 5
26 6 4
26 7 3
26 8 5
26 9 7
26 10 3
26 11 3
26 12 5
26 13 4
26 14 7
26 15 2
26 16 5
26 17 5
26 18 7
26 19 1
26 20 3
26 21 5
26 22 4
26 23 6
26 24 4
26 25 5
27 0 1
27 1 2
27 2 5
27 3 5
27 4 7
27 5 1
27 6 4
27 7 6
27 8 5
27 9 6
27 10 2
27 11 2
27 12 1
27 13 8
27 14 1
27 15 2
27 16 6
27 17 4
27 18 3
27 19 4
27 20 7
27 21 2
27 22 8
27 23 2
27 24 6
27 25 3
27 26 4
28 0 7
28 1 6
28 2 3
28 3 7
28 4 8
28 5 8
28 6 6
28 7 7
28 8 8
28 9 1
28 10 4
28 11 6
28 12 3
28 13 5
28 14 6
28 15 4
28 16 4
28 17 7
28 18 6
28 19 7
28 20 5
28 21 7
28 22 7
28 23 4
28 24 2
28 25 8
28 26 4
28 27 8
29 0 2
29 1 7
29 2 5
29 3 6
29 4 6
29 5 5
29 6 2
29 7 4
29 8 1
29 9 6
29 10 5
29 11 2
29 12 4
29 13 7
29 14 3
29 15 4
29 16 4
29 17 7
29 18 2
29 19 5
29 20 7
29 21 3
29 22 3
29 23 4
29 24 6
29 25 1
29 26 6
29 27 3
29 28 4
30 0 3
30 1 3
30 2 5
30 3 6
30 4 5
30 5 7
30 6 4
30 7 3
30 8 5
30 9 6
30 10 4
30 11 5
30 12 8
30 13 8
30 14 2
30 15 8
30 16 2
30 17 6
30 18 8
30 19 8
30 20 1
30 21 3
30 22 5
30 23 3
30 24 1
30 25 1
30 26 4
30 27 2
30 28 8
30 29 3
31 0 8
31 1 8
31 2 8
31 3 8
31 4 6
31 5 2
31 6 5
31 7 2
31 8 2
31 9 7
31 10 2
31 11 2
31 12 3
31 13 3
31 14 2
31 15 6
31 16 3
31 17 4
31 18 8
31 19 4
31 20 2
31 21 2
31 22 8
31 23 2
31 24 3
31 25 4
31 26 7
31 27 3
31 28 3
31 29 2
31 30 4
32 0 3
32 1 6
32 2 4
32 3 5
32 4 6
32 5 1
32 6 4
32 7 3
32 8 7
32 9 8
32 10 8
32 11 6
32 12 1
32 13 8
32 14 7
32 15 1
32 16 5
32 17 2
32 18 2
32 19 2
32 20 4
32 21 8
32 22 8
32 23 5
32 24 4
32 25 1
32 26 3
32 27 3
32 28 8
32 29 1
32 30 4
32 31 6
33 0 6
33 1 3
33 2 1
33 3 8
33 4 3
33 5 8
33 6 1
33 7 2
33 8 2
33 9 1
33 10 1
33 11 6
33 12 4
33 13 8
33 14 8
33 15 6
33 16 1
33 17 2
33 18 4
33 19 2
33 20 3
33 21 3
33 22 1
33 23 5
33 24 4
33 25 8
33 26 6
33 27 3
33 28 2
33 29 8
33 30 2
33 31 2
33 32 3
34 0 5
34 1 1
34 2 1
34 3 4
34 4 3
34 5 8
34 6 4
34 7 7
34 8 7
34 9 7
34 10 1
34 11 6
34 12 5
34 13 3
34 14 6
34 15 4
34 16 8
34 17 8
34 18 7
34 19 7
34 20 1
34 21 5
34 22 2
34 23 6
34 24 2
34 25 5
34 26 7
34 27 4
34 28 8
34 29 6
34 30 5
34 31 6
34 32 8
34 33 2
35 0 7
35 1 7
35 2 4
35 3 5
35 4 4
35 5 3
35 6 7
35 7 3
35 8 8
35 9 6
35 10 7
35 11 8
35 12 1
35 13 7
35 14 1
35 15 2
35 16 4
35 17 2
35 18 7
35 19 1
35 20 5
35 21 6
35 22 2
35 23 7
35 24 7
35 25 6
35 26 5
35 27 2
35 28 1
35 29 1
35 30 1
35 31 1
35 32 2
35 33 3
35 34 4
36 0 6
36 1 4
36 2 5
36 3 3
36 4 4
36 5 4
36 6 4
36 7 2
36 8 4
36 9 1
36 10 1
36 11 7
36 12 3
36 13 4
36 14 7
36 15 1
36 16 7
36 17 8
36 18 3
36 19 3
36 20 8
36 21 8
36 22 2
36 23 4
36 24 1
36 25 3
36 26 8
36 27 8
36 28 7
36 29 3
36 30 3
36 31 8
36 32 7
36 33 3
36 34 6
36 35 8
37 0 7
37 1 1
37 2 1
37 3 8
37 4 8
37 5 5
37 6 5
37 7 7
37 8 2
37 9 8
37 10 7
37 11 4
37 12 7
37 13 3
37 14 7
37 15 8
37 16 3
37 17 4
37 18 1
37 19 8
37 20 1
37 21 1
37 22 1
37 23 4
37 24 7
37 25 1
37 26 5
37 27 8
37 28 6
37 29 1
37 30 5
37 31 4
37 32 2
37 33 4
37 34 8
37 35 8
37 36 7
38 0 7
38 1 6
38 2 5
38 3 8
38 4 2
38 5 4
38 6 2
38 7 8
38 8 4
38 9 2
38 10 6
38 11 4
38 12 1
38 13 3
38 14 8
38 15 3
38 16 8
38 17 6
38 18 6
38 19 3
38 20 3
38 21 6
38 22 8
38 23 4
38 24 6
38 25 3
38 26 2
38 27 4
38 28 4
38 29 8
38 30 5
38 31 1
38 32 3
38 33 6
38 34 2
38 35 7
38 36 5
38 37 1
39 0 4
39 1 3
39 2 2
39 3 2
39 4 1
39 5 1
39 6 7
39 7 1
39 8 5
39 9 7
39 10 6
39 11 3
39 12 8
39 13 2
39 14 3
39 15 6
39 16 6
39 17 8
39 18 5
39 19 4
39 20 8
39 21 6
39 22 6
39 23 6
39 24 7
39 25 3
39 26 7
39 27 7
39 28 2
39 29 3
39 30 1
39 31 5
39 32 4
39 33 2
39 34 2
39 35 2
39 36 4
39 37 4
39 38 6
40 0 3
40 1 4
40 2 1
40 3 2
40 4 3
40 5 5
40 6 3
40 7 1
40 8 8
40 9 1
40 10 1
40 11 4
40 12 8
40 13 5
40 14 7
40 15 7
40 16 2
40 17 6
40 18 3
40 19 8
40 20 8
40 21 7
40 22 7
40 23 2
40 24 5
40 25 8
40 26 2
40 27 8
40 28 1
40 29 4
40 30 3
40 31 5
40 32 8
40 33 7
40 34 5
40 35 8
40 36 2
40 37 6
40 38 4
40 39 3
41 0 7
41 1 7
41 2 4
41 3 8
41 4 4
41 5 3
41 6 8
41 7 4
41 8 7
41 9 8
41 10 6
41 11 8
41 12 1
41 13 1
41 14 8
41 15 1
41 16 1
41 17 5
41 18 6
41 19 5
41 20 6
41 21 6
41 22 1
41 23 2
41 24 6
41 25 7
41 26 2
41 27 7
41 28 8
41 29 1
41 30 2
41 31 2
41 32 1
41 33 4
41 34 8
41 35 7
41 36 5
41 37 2
41 38 2
41 39 3
41 40 5
42 0 5
42 1 1
42 2 7
42 3 8
42 4 1
42 5 3
42 6 6
42 7 8
42 8 2
42 9 5
42 10 4
42 11 2
42 12 5
42 13 7
42 14 5
42 15 4
42 16 5
42 17 7
42 18 6
42 19 2
42 20 2
42 21 6
42 22 4
42 23 7
42 24 1
42 25 5
42 26 3
42 27 5
42 28 5
42 29 5
42 30 7
42 31 3
42 32 1
42 33 6
42 34 1
42 35 1
42 36 7
42 37 5
42 38 3
42 39 5
42 40 6
42 41 7
43 0 3
43 1 6
43 2 5
43 3 2
43 4 4
43 5 7
43 6 4
43 7 6
43 8 2
43 9 5
43 10 4
43 11 3
43 12 8
43 13 6
43 14 2
43 15 2
43 16 4
43 17 8
43 18 2
43 19 3
43 20 4
43 21 5
43 22 1
43 23 1
43 24 7
43 25 6
43 26 8
43 27 5
43 28 8
43 29 7
43 30 4
43 31 3
43 32 2
43 33 5
43 34 2
43 35 4
43 36 3
43 37 2
43 38 6
43 39 8
43 40 1
43 41 5
43 42 6
44 0 8
44 1 3
44 2 3
44 3 3
44 4 7
44 5 6
44 6 6
44 7 3
44 8 6
44 9 6
44 10 8
44 11 2
44 12 6
44 13 3
44 14 3
44 15 3
44 16 1
44 17 3
44 18 4
44 19 5
44 20 2
44 21 4
44 22 2
44 23 6
44 24 5
44 25 8
44 26 2
44 27 6
44 28 1
44 29 2
44 30 7
44 31 5
44 32 4
44 33 3
44 34 1
44 35 4
44 36 6
44 37 4
44 38 8
44 39 8
44 40 6
44 41 7
44 42 4
44 43 5
45 0 5
45 1 6
45 2 7
45 3 4
45 4 8
45 5 5
45 6 5
45 7 4
45 8 6
45 9 4
45 10 1
45 11 5
45 12 7
45 13 8
45 14 7
45 15 6
45 16 6
45 17 7
45 18 3
45 19 5
45 20 2
45 21 5
45 22 3
45 23 7
45 24 5
45 25 3
45 26 5
45 27 1
45 28 5
45 29 1
45 30 3
45 31 4
45 32 5
45 33 1
45 34 8
45 35 6
45 36 8
45 37 4
45 38 6
45 39 6
45 40 8
45 41 3
45 42 6
45 43 1
45 44 1
46 0 5
46 1 3
46 2 3
46 3 4
46 4 6
46 5 5
46 6 5
46 7 6
46 8 3
46 9 8
46 10 7
46 11 4
46 12 8
46 13 2
46 14 3
46 15 4
46 16 5
46 17 2
46 18 8
46 19 2
46 20 4
46 21 5
46 22 3
46 23 2
46 24 4
46 25 3
46 26 6
46 27 5
46 28 2
46 29 8
46 30 3
46 31 2
46 32 1
46 33 8
46 34 6
46 35 1
46 36 4
46 37 4
46 38 4
46 39 8
46 40 2
46 41 8
46 42 3
46 43 5
46 44 2
46 45 4
47 0 7
47 1 3
47 2 3
47 3 6
47 4 6
47 5 6
47 6 6
47 7 6
47 8 5
47 9 4
47 10 2
47 11 2
47 12 1
47 13 7
47 14 3
47 15 3
47 16 5
47 17 1
47 18 1
47 19 8
47 20 3
47 21 6
47 22 3
47 23 8
47 24 4
47 25 7
47 26 2
47 27 8
47 28 2
47 29 7
47 30 7
47 31 6
47 32 7
47 33 2
47 34 1
47 35 8
47 36 3
47 37 8
47 38 8
47 39 6
47 40 1
47 41 4
47 42 2
47 43 5
47 44 7
47 45 3
47 46 3
48 0 8
48 1 6
48 2 3
48 3 1
48 4 2
48 5 6
48 6 1
48 7 5
48 8 5
48 9 5
48 10 6
48 11 4
48 12 2
48 13 6
48 14 8
48 15 6
48 16 7
48 17 3
48 18 2
48 19 8
48 20 2
48 21 6
48 22 4
48 23 7
48 24 6
48 25 5
48 26 4
48 27 4
48 28 5
48 29 4
48 30 4
48 31 4
48 32 3
48 33 6
48 34 2
48 35 3
48 36 3
48 37 7
48 38 4
48 39 7
48 40 5
48 41 5
48 42 2
48 43 1
48 44 2
48 45 2
48 46 2
48 47 1
49 0 8
49 1 5
49 2 2
49 3 1
49 4 7
49 5 5
49 6 5
49 7 8
49 8 7
49 9 8
49 10 7
49 11 3
49 12 3
49 13 6
49 14 8
49 15 2
49 16 5
49 17 2
49 18 2
49 19 6
49 20 3
49 21 3
49 22 1
49 23 6
49 24 5
49 25 6
49 26 1
49 27 6
49 28 7
49 29 4
49 30 2
49 31 6
49 32 6
49 33 1
49 34 8
49 35 2
49 36 6
49 37 4
49 38 2
49 39 1
49 40 8
49 41 1
49 42 7
49 43 7
49 44 7
49 45 7
49 46 2
49 47 4
49 48 3
50 0 1
50 1 5
50 2 5
50 3 3
50 4 3
50 5 8
50 6 5
50 7 3
50 8 7
50 9 2
50 10 1
50 11 5
50 12 1
50 13 7
50 14 6
50 15 6
50 16 6
50 17 4
50 18 6
50 19 6
50 20 8
50 21 6
50 22 3
50 23 7
50 24 1
50 25 8
50 26 4
50 27 5
50 28 2
50 29 1
50 30 4
50 31 7
50 32 5
50 33 1
50 34 4
50 35 3
50 36 8
50 37 5
50 38 1
50 39 5
50 40 4
50 41 7
50 42 5
50 43 1
50 44 2
50 45 7
50 46 4
50 47 7
50 48 8
50 49 1
51 0 2
51 1 7
51 2 6
51 3 3
51 4 2
51 5 5
51 6 2
51 7 8
51 8 1
51 9 2
51 10 1
51 11 1
51 12 1
51 13 6
51 14 2
51 15 5
51 16 6
51 17 4
51 18 4
51 19 2
51 20 1
51 21 4
51 22 6
51 23 3
51 24 4
51 25 4
51 26 1
51 27 6
51 28 8
51 29 4
51 30 2
51 31 5
51 32 1
51 33 4
51 34 2
51 35 1
51 36 8
51 37 4
51 38 4
51 39 4
51 40 2
51 41 3
51 42 4
51 43 6
51 44 7
51 45 8
51 46 3
51 47 7
51 48 1
51 49 5
51 50 7
52 0 1
52 1 1
52 2 1
52 3 2
52 4 2
52 5 6
52 6 6
52 7 1
52 8 1
52 9 2
52 10 8
52 11 6
52 12 3
52 13 8
52 14 1
52 15 4
52 16 8
52 17 3
52 18 8
52 19 5
52 20 2
52 21 6
52 22 6
52 23 7
52 24 6
52 25 4
52 26 5
52 27 6
52 28 8
52 29 7
52 30 4
52 31 8
52 32 6
52 33 5
52 34 4
52 35 2
52 36 1
52 37 5
52 38 2
52 39 5
52 40 5
52 41 6
52 42 8
52 43 7
52 44 5
52 45 1
52 46 3
52 47 4
52 48 1
52 49 3
52 50 6
52 51 6
53 0 3
53 1 7
53 2 4
53 3 3
53 4 5
53 5 5
53 6 3
53 7 2
53 8 4
53 9 4
53 10 1
53 11 6
53 12 4
53 13 5
53 14 2
53 15 7
53 16 1
53 17 3
53 18 5
53 19 4
53 20 1
53 21 2
53 22 6
53 23 8
53 24 5
53 25 8
53 26 6
53 27 5
53 28 3
53 29 5
53 30 4
53 31 4
53 32 4
53 33 4
53 34 2
53 35 1
53 36 7
53 37 7
53 38 7
53 39 6
53 40 1
53 41 2
53 42 8
53 43 8
53 44 6
53 45 3
53 46 4
53 47 1
53 48 7
53 49 4
53 50 4
53 51 3
53 52 2
54 0 8
54 1 6
54 2 1
54 3 4
54 4 6
54 5 5
54 6 4
54 7 4
54 8 3
54 9 3
54 10 3
54 11 7
54 12 7
54 13 5
54 14 3
54 15 8
54 16 7
54 17 3
54 18 3
54 19 5
54 20 4
54 21 5
54 22 2
54 23 7
54 24 6
54 25 7
54 26 8
54 27 7
54 28 3
54 29 6
54 30 3
54 31 7
54 32 3
54 33 7
54 34 5
54 35 7
54 36 8
54 37 5
54 38 6
54 39 4
54 40 8
54 41 4
54 42 7
54 43 4
54 44 5
54 45 4
54 46 3
54 47 4
54 48 1
54 49 1
54 50 5
54 51 3
54 52 2
54 53 6
55 0 8
55 1 3
55 2 2
55 3 5
55 4 2
55 5 1
55 6 6
55 7 6
55 8 3
55 9 6
55 10 1
55 11 3
55 12 6
55 13 4
55 14 3
55 15 2
55 16 3
55 17 5
55 18 6
55 19 8
55 20 5
55 21 4
55 22 6
55 23 3
55 24 6
55 25 4
55 26 2
55 27 8
55 28 4
55 29 7
55 30 8
55 31 2
55 32 7
55 33 3
55 34 3
55 35 6
55 36 4
55 37 1
55 38 3
55 39 3
55 40 5
55 41 7
55 42 2
55 43 7
55 44 3
55 45 2
55 46 3
55 47 5
55 48 7
55 49 4
55 50 2
55 51 5
55 52 3
55 53 7
55 54 7
56 0 4
56 1 1
56 2 4
56 3 6
56 4 5
56 5 4
56 6 6
56 7 2
56 8 3
56 9 4
56 10 2
56 11 3
56 12 4
56 13 3
56 14 3
56 15 6
56 16 1
56 17 2
56 18 6
56 19 8
56 20 2
56 21 6
56 22 7
56 23 5
56 24 1
56 25 7
56 26 6
56 27 8
56 28 4
56 29 4
56 30 7
56 31 5
56 32 4
56 33 8
56 34 5
56 35 7
56 36 2
56 37 4
56 38 6
56 39 1
56 40 3
56 41 3
56 42 3
56 43 1
56 44 6
56 45 8
56 46 4
56 47 6
56 48 5
56 49 7
56 50 6
56 51 7
56 52 5
56 53 6
56 54 7
56 55 1
57 0 2
57 1 4
57 2 2
57 3 4
57 4 4
57 5 7
57 6 4
57 7 3
57 8 3
57 9 8
57 10 7
57 11 2
57 12 3
57 13 5
57 14 4
57 15 4
57 16 7
57 17 2
57 18 6
57 19 4
57 20 8
57 21 6
57 22 8
57 23 3
57 24 2
57 25 5
57 26 8
57 27 6
57 28 7
57 29 2
57 30 1
57 31 4
57 32 6
57 33 1
57 34 2
57 35 6
57 36 3
57 37 8
57 38 1
57 39 7
57 40 2
57 41 4
57 42 2
57 43 6
57 44 3
57 45 7
57 46 6
57 47 8
57 48 4
57 49 6
57 50 4
57 51 7
57 52 1
57 53 4
57 54 5
57 55 3
57 56 8
58 0 8
58 1 6
58 2 5
58 3 4
58 4 7
58 5 1
58 6 5
58 7 7
58 8 5
58 9 7
58 10 6
58 11 6
58 12 4
58 13 6
58 14 6
58 15 2
58 16 6
58 17 5
58 18 5
58 19 8
58 20 7
58 21 2
58 22 6
58 23 7
58 24 3
58 25 7
58 26 3
58 27 4
58 28 8
58 29 3
58 30 6
58 31 6
58 32 6
58 33 5
58 34 5
58 35 6
58 36 4
58 37 4
58 38 3
58 39 4
58 40 6
58 41 4
58 42 7
58 43 6
58 44 7
58 45 2
58 46 5
58 47 8
58 48 1
58 49 6
58 50 2
58 51 6
58 52 3
58 53 7
58 54 6
58 55 1
58 56 4
58 57 4
59 0 8
59 1 2
59 2 7
59 3 7
59 4 3
59 5 1
59 6 2
59 7 1
59 8 4
59 9 8
59 10 3
59 11 5
59 12 3
59 13 4
59 14 8
59 15 7
59 16 4
59 17 3
59 18 5
59 19 8
59 20 1
59 21 8
59 22 3
59 23 8
59 24 8
59 25 1
59 26 3
59 27 1
59 28 4
59 29 3
59 30 1
59 31 4
59 32 5
59 33 5
59 34 4
59 35 8
59 36 8
59 37 4
59 38 1
59 39 7
59 40 5
59 41 1
59 42 7
59 43 1
59 44 6
59 45 3
59 46 7
59 47 4
59 48 5
59 49 4
59 50 2
59 51 8
59 52 1
59 53 1
59 54 4
59 55 2
59 56 8
59 57 8
59 58 4
