30
3 1 1
3 2 1
4 1 2
4 2 2
5 1 1
5 3 1
5 4 1
6 5 1
7 1 1
7 2 1
8 0 1
8 2 2
8 3 2
8 4 1
8 6 2
9 1 2
9 2 2
9 3 1
9 6 2
10 0 1
10 3 2
10 5 2
10 7 2
10 8 1
11 1 2
11 2 1
11 3 1
11 4 2
11 5 2
11 9 2
12 0 1
12 2 1
12 3 2
12 4 2
12 5 1
12 9 1
12 10 2
13 1 1
13 2 1
13 3 1
13 4 1
13 9 2
14 3 2
14 6 2
14 7 1
14 9 2
14 10 1
14 12 1
14 13 2
15 2 1
15 4 1
15 6 2
15 8 1
15 10 2
16 0 2
16 1 1
16 3 2
16 6 2
16 7 2
16 11 2
16 12 2
16 13 1
16 14 1
16 15 2
17 0 1
17 1 1
17 2 2
17 4 2
17 5 2
17 6 1
17 7 2
17 8 2
17 9 1
17 10 2
17 11 1
17 13 2
17 14 1
17 16 1
18 1 1
18 2 1
18 3 2
18 8 2
18 14 1
18 15 2
19 0 1
19 3 1
19 6 2
19 7 2
19 8 1
19 9 1
19 11 1
19 12 2
19 15 1
19 16 2
19 17 2
19 18 2
20 2 2
20 4 2
20 6 2
20 7 1
20 8 1
20 11 1
20 14 1
20 15 2
20 16 2
20 18 2
20 19 2
21 0 2
21 1 1
21 2 1
21 5 1
21 6 1
21 8 1
21 9 1
21 10 2
21 11 1
21 12 2
21 13 1
21 15 2
21 16 1
21 19 1
22 1 2
22 6 2
22 7 1
22 8 2
22 11 1
22 12 2
22 13 1
22 14 1
22 17 2
22 18 1
22 19 1
22 20 1
22 21 2
23 0 1
23 2 2
23 3 2
23 6 1
23 9 1
23 10 1
23 11 2
23 13 1
23 14 1
23 17 2
23 19 1
23 20 2
23 21 2
24 1 1
24 5 2
24 7 1
24 9 2
24 11 2
24 14 1
24 17 1
24 18 2
24 20 2
24 22 2
25 4 1
25 5 1
25 15 1
25 16 1
25 17 2
25 20 1
25 21 2
26 0 2
26 1 2
26 7 2
26 12 1
26 13 2
26 14 1
26 15 2
26 19 2
26 20 2
26 21 1
26 22 1
26 24 2
26 25 2
27 0 2
27 3 1
27 4 1
27 6 2
27 9 2
27 10 2
27 12 2
27 13 2
27 19 1
27 20 1
27 22 2
27 23 1
27 24 2
27 25 2
28 0 1
28 1 2
28 3 2
28 7 2
28 10 2
28 12 2
28 17 1
28 18 1
28 19 2
28 20 1
28 23 1
28 26 1
29 1 2
29 3 1
29 5 2
29 6 2
29 7 2
29 8 1
29 9 1
29 11 2
29 13 1
29 15 2
29 16 1
29 18 2
29 24 1
29 26 2
