40
2 0 1
3 1 1
3 2 1
4 0 2
4 3 1
5 0 1
5 1 2
5 3 2
5 4 1
6 1 2
6 2 1
6 3 2
7 0 2
7 1 2
7 3 1
7 4 1
8 0 2
8 1 1
8 3 2
8 4 2
9 0 1
9 3 2
9 4 1
9 6 1
9 8 1
10 0 2
10 2 1
10 5 2
10 6 2
10 7 2
10 9 1
11 0 1
11 1 1
11 4 1
11 5 2
11 8 2
12 2 2
12 3 1
12 7 2
12 10 2
13 2 2
13 3 2
13 4 1
13 7 1
14 1 1
14 5 2
14 6 2
14 7 1
14 13 2
15 1 2
15 2 1
15 3 2
15 4 2
15 6 2
15 7 2
15 8 2
15 9 2
15 10 2
15 13 2
15 14 2
16 2 2
16 3 1
16 6 1
16 8 1
16 14 1
16 15 2
17 2 2
17 6 2
17 10 2
17 14 1
18 0 1
18 1 2
18 7 1
18 9 1
18 11 2
18 12 2
18 14 2
18 15 1
18 16 2
18 17 1
19 0 1
19 2 2
19 10 1
19 13 1
19 14 1
19 15 1
19 17 1
20 0 1
20 8 2
20 9 2
20 11 1
20 12 2
20 13 1
20 14 2
20 15 1
20 16 1
20 19 1
21 3 1
21 6 1
21 8 1
21 9 1
21 11 2
21 12 1
21 13 1
21 17 1
22 1 2
22 4 2
22 5 1
22 6 2
22 9 2
22 10 2
22 11 2
22 12 1
22 13 1
22 16 1
22 17 2
22 18 2
23 0 1
23 5 2
23 8 2
23 9 2
23 10 1
23 12 1
23 13 2
23 15 1
23 16 2
23 18 2
23 20 1
23 22 2
24 0 1
24 3 1
24 10 1
24 13 1
24 15 2
24 16 2
24 19 1
24 20 2
24 22 2
24 23 2
25 2 1
25 3 1
25 4 1
25 5 2
25 6 2
25 7 1
25 8 1
25 10 1
25 12 1
25 14 1
25 16 2
25 17 1
25 18 1
25 20 1
25 22 1
25 23 1
26 0 1
26 1 2
26 4 2
26 5 2
26 6 1
26 8 1
26 11 2
26 12 1
26 16 2
26 21 1
26 24 1
26 25 1
27 1 1
27 4 1
27 6 2
27 8 1
27 20 2
27 22 2
27 23 2
27 24 2
28 3 1
28 4 1
28 7 1
28 8 1
28 12 1
28 17 2
28 19 1
28 21 2
28 22 1
28 24 1
28 25 2
29 0 2
29 2 2
29 4 1
29 7 2
29 11 2
29 12 2
29 14 2
29 16 1
29 17 2
29 18 2
29 19 1
29 21 1
29 23 1
29 24 1
30 2 2
30 4 2
30 5 1
30 7 2
30 8 2
30 10 2
30 12 1
30 15 2
30 16 2
30 17 2
30 18 1
30 23 2
30 26 2
30 27 1
31 0 2
31 1 1
31 2 1
31 4 1
31 5 2
31 7 2
31 8 1
31 9 1
31 10 1
31 12 1
31 14 2
31 20 1
31 21 2
31 24 2
31 26 2
31 27 2
32 1 2
32 2 1
32 3 2
32 4 1
32 5 2
32 6 2
32 7 2
32 11 2
32 12 2
32 14 2
32 15 2
32 16 2
32 17 2
32 18 2
32 20 2
32 21 2
32 23 2
32 25 2
32 26 2
32 30 1
32 31 1
33 2 2
33 6 1
33 7 1
33 8 1
33 13 1
33 14 2
33 15 1
33 16 1
33 18 1
33 20 1
33 22 2
33 23 2
33 25 2
33 26 2
33 27 1
33 28 2
33 30 2
33 31 2
33 32 2
34 1 2
34 4 2
34 9 1
34 14 1
34 15 1
34 18 2
34 19 2
34 22 2
34 23 2
34 24 2
34 26 2
34 28 2
34 31 1
34 32 2
35 0 1
35 1 1
35 2 1
35 3 1
35 4 1
35 9 2
35 10 2
35 13 2
35 14 1
35 15 2
35 17 2
35 18 2
35 20 1
35 23 1
35 26 2
35 27 1
35 28 1
35 31 1
35 33 2
35 34 1
36 1 2
36 2 1
36 4 2
36 6 1
36 9 1
36 10 1
36 11 2
36 12 2
36 13 1
36 17 1
36 20 2
36 21 1
36 23 1
36 24 1
36 26 2
36 27 1
36 28 1
37 0 1
37 2 2
37 3 1
37 4 1
37 5 1
37 6 2
37 7 2
37 8 1
37 11 1
37 12 1
37 13 1
37 14 1
37 20 1
37 21 1
37 23 1
37 25 2
37 26 1
37 27 2
37 28 1
37 30 2
37 31 2
37 32 2
37 33 1
38 1 2
38 2 1
38 3 1
38 4 2
38 6 2
38 7 1
38 9 2
38 15 1
38 16 1
38 23 2
38 24 1
38 30 2
38 32 2
38 34 2
38 37 2
39 2 2
39 4 2
39 9 1
39 11 2
39 12 2
39 13 2
39 15 1
39 21 2
39 23 2
39 26 1
39 27 2
39 28 2
39 30 2
39 31 1
39 32 2
39 33 1
39 35 1
