40
3 1 3
3 2 2
4 2 1
4 3 7
5 1 1
6 3 6
8 0 3
8 1 10
8 5 5
9 0 7
9 2 1
9 4 9
9 5 6
9 6 7
9 8 1
10 0 10
10 2 5
10 5 7
11 0 1
11 2 6
11 3 9
11 4 1
11 6 10
11 9 5
12 1 8
12 2 10
12 3 2
12 4 10
12 6 9
12 10 6
12 11 7
13 1 2
13 3 8
13 4 2
13 7 11
13 8 5
13 10 8
13 11 9
14 7 4
14 9 7
14 10 9
14 11 3
15 0 5
15 3 6
15 5 11
15 6 9
15 7 2
15 9 6
15 10 8
15 11 2
15 12 1
15 13 3
16 0 5
16 1 8
16 6 4
16 10 1
16 12 1
16 13 11
17 2 8
17 8 11
17 9 3
17 10 4
17 11 7
17 14 3
17 15 7
18 7 5
18 10 1
18 12 7
18 13 3
18 14 1
18 16 8
19 0 9
19 2 7
19 3 5
19 4 5
19 5 11
19 7 10
19 9 9
19 10 1
19 11 7
19 12 9
19 13 9
19 14 8
19 17 7
20 0 8
20 5 2
20 6 2
20 8 11
20 9 8
20 11 2
20 14 1
20 15 3
20 16 1
20 18 7
20 19 3
21 1 3
21 2 1
21 4 4
21 5 7
21 6 5
21 8 6
21 10 3
21 11 9
21 15 5
21 16 2
21 18 4
22 0 2
22 1 1
22 5 1
22 6 10
22 13 3
22 14 11
22 18 9
22 19 5
22 21 9
23 3 9
23 4 7
23 6 3
23 7 8
23 8 7
23 10 8
23 11 3
23 14 5
23 16 11
23 17 5
23 21 5
24 9 8
24 10 1
24 11 4
24 12 11
24 15 3
24 20 2
24 21 11
24 22 3
24 23 4
25 0 4
25 1 9
25 7 3
25 11 4
25 12 4
25 14 1
25 15 8
25 16 3
25 19 3
25 20 1
25 23 7
25 24 4
26 2 7
26 6 2
26 7 8
26 8 3
26 9 7
26 10 1
26 14 10
26 15 11
26 16 9
26 17 8
26 18 9
26 19 1
26 20 2
26 21 8
26 23 3
26 24 4
27 2 8
27 3 7
27 4 4
27 5 4
27 6 9
27 7 6
27 8 5
27 9 3
27 14 7
27 16 9
27 17 1
27 20 6
27 22 1
27 23 9
27 25 1
27 26 9
28 2 1
28 3 1
28 8 5
28 9 11
28 11 8
28 12 1
28 13 2
28 15 4
28 16 7
28 18 8
28 19 11
28 21 8
28 22 3
28 24 2
28 27 9
29 1 6
29 4 7
29 5 3
29 7 9
29 8 4
29 12 6
29 15 3
29 16 5
29 19 8
29 22 6
29 27 1
30 5 8
30 7 4
30 8 10
30 12 1
30 13 5
30 14 4
30 15 6
30 16 11
30 18 1
30 19 2
30 20 3
30 21 2
30 22 2
30 24 7
30 25 7
30 26 3
30 27 3
30 28 11
30 29 2
31 10 7
31 16 4
31 19 9
31 20 6
31 22 9
31 28 9
31 29 4
32 0 9
32 1 2
32 3 10
32 12 4
32 13 9
32 15 1
32 17 2
32 20 10
32 22 10
32 23 5
32 26 7
32 27 2
32 29 3
32 30 4
32 31 6
33 2 6
33 3 4
33 5 2
33 8 1
33 9 9
33 12 1
33 13 2
33 17 8
33 20 10
33 22 8
33 23 4
33 24 10
33 25 2
33 28 2
33 31 10
33 32 5
34 3 8
34 4 9
34 5 7
34 6 8
34 7 11
34 8 6
34 11 5
34 12 11
34 13 5
34 15 8
34 16 6
34 17 8
34 18 4
34 19 10
34 23 8
34 25 6
34 26 1
34 29 8
34 31 10
34 32 2
34 33 6
35 0 2
35 3 4
35 6 6
35 7 10
35 9 4
35 11 7
35 14 1
35 16 11
35 17 11
35 20 5
35 21 11
35 23 8
35 24 3
35 26 6
35 28 1
35 29 1
35 33 2
36 10 6
36 13 5
36 15 7
36 17 3
36 19 9
36 20 6
36 21 3
36 23 4
36 26 2
36 27 3
36 28 9
36 29 4
36 34 7
37 0 4
37 3 8
37 5 2
37 6 8
37 8 4
37 10 10
37 11 5
37 12 10
37 15 2
37 16 11
37 19 8
37 20 8
37 22 9
37 24 1
37 25 1
37 26 10
37 29 10
37 30 11
37 34 10
37 35 7
37 36 3
38 0 11
38 3 7
38 4 11
38 6 10
38 8 10
38 9 5
38 14 4
38 15 3
38 19 6
38 20 11
38 21 2
38 23 9
38 24 9
38 25 1
38 27 6
38 29 8
38 30 7
38 31 7
38 33 7
38 36 6
38 37 5
39 0 11
39 1 8
39 2 10
39 3 7
39 4 5
39 5 4
39 7 6
39 8 8
39 9 5
39 10 1
39 11 5
39 13 11
39 14 10
39 16 4
39 19 7
39 20 10
39 23 6
39 26 1
39 27 9
39 28 8
39 29 10
39 30 7
39 33 6
39 35 6
39 36 7
39 37 6
