40
1 0 2
2 0 1
2 1 2
3 0 4
3 1 1
3 2 1
4 0 4
4 1 3
4 2 2
4 3 4
5 0 4
5 1 1
5 2 3
5 3 1
5 4 2
6 0 4
6 1 2
6 2 3
6 3 3
6 4 4
6 5 2
7 0 1
7 1 4
7 2 1
7 3 2
7 4 4
7 5 2
7 6 4
8 0 2
8 1 2
8 2 2
8 3 3
8 4 3
8 5 1
8 6 2
8 7 4
9 0 3
9 1 4
9 2 4
9 3 1
9 4 3
9 5 4
9 6 3
9 7 4
9 8 2
10 0 3
10 1 3
10 2 3
10 3 2
10 4 2
10 5 4
10 6 2
10 7 3
10 8 2
10 9 2
11 0 2
11 1 2
11 2 1
11 3 1
11 4 3
11 5 3
11 6 1
11 7 1
11 8 2
11 9 2
11 10 3
12 0 2
12 1 3
12 2 4
12 3 1
12 4 2
12 5 3
12 6 1
12 7 3
12 8 4
12 9 1
12 10 4
12 11 3
13 0 1
13 1 2
13 2 2
13 3 3
13 4 1
13 5 1
13 6 2
13 7 2
13 8 1
13 9 2
13 10 2
13 11 3
13 12 4
14 0 4
14 1 4
14 2 4
14 3 3
14 4 1
14 5 4
14 6 3
14 7 1
14 8 1
14 9 3
14 10 3
14 11 3
14 12 1
14 13 1
15 0 1
15 1 3
15 2 1
15 3 1
15 4 4
15 5 3
15 6 1
15 7 4
15 8 1
15 9 2
15 10 2
15 11 4
15 12 3
15 13 3
15 14 4
16 0 1
16 1 3
16 2 1
16 3 4
16 4 1
16 5 4
16 6 2
16 7 3
16 8 1
16 9 3
16 10 4
16 11 3
16 12 2
16 13 2
16 14 4
16 15 2
17 0 3
17 1 2
17 2 4
17 3 4
17 4 1
17 5 3
17 6 3
17 7 1
17 8 1
17 9 2
17 10 4
17 11 1
17 12 4
17 13 3
17 14 1
17 15 3
17 16 2
18 0 1
18 1 1
18 2 1
18 3 4
18 4 2
18 5 1
18 6 3
18 7 1
18 8 4
18 9 3
18 10 3
18 11 3
18 12 1
18 13 4
18 14 3
18 15 4
18 16 4
18 17 1
19 0 3
19 1 4
19 2 2
19 3 3
19 4 2
19 5 1
19 6 3
19 7 1
19 8 3
19 9 2
19 10 3
19 11 3
19 12 3
19 13 3
19 14 1
19 15 4
19 16 3
19 17 4
19 18 3
20 0 2
20 1 3
20 2 1
20 3 1
20 4 1
20 5 4
20 6 4
20 7 1
20 8 2
20 9 2
20 10 2
20 11 3
20 12 2
20 13 1
20 14 3
20 15 3
20 16 3
20 17 2
20 18 1
20 19 3
21 0 3
21 1 3
21 2 1
21 3 3
21 4 4
21 5 3
21 6 1
21 7 2
21 8 3
21 9 3
21 10 2
21 11 1
21 12 3
21 13 1
21 14 2
21 15 2
21 16 2
21 17 2
21 18 4
21 19 1
21 20 1
22 0 1
22 1 1
22 2 2
22 3 3
22 4 1
22 5 3
22 6 2
22 7 2
22 8 3
22 9 3
22 10 3
22 11 4
22 12 2
22 13 2
22 14 2
22 15 2
22 16 1
22 17 1
22 18 4
22 19 4
22 20 1
22 21 1
23 0 2
23 1 1
23 2 1
23 3 3
23 4 2
23 5 3
23 6 4
23 7 1
23 8 2
23 9 3
23 10 2
23 11 1
23 12 2
23 13 1
23 14 4
23 15 4
23 16 2
23 17 1
23 18 4
23 19 3
23 20 2
23 21 4
23 22 4
24 0 4
24 1 4
24 2 1
24 3 4
24 4 4
24 5 2
24 6 3
24 7 3
24 8 2
24 9 4
24 10 4
24 11 1
24 12 2
24 13 3
24 14 3
24 15 4
24 16 1
24 17 3
24 18 3
24 19 2
24 20 1
24 21 1
24 22 4
24 23 3
25 0 2
25 1 3
25 2 2
25 3 2
25 4 1
25 5 2
25 6 3
25 7 1
25 8 4
25 9 3
25 10 3
25 11 2
25 12 2
25 13 4
25 14 3
25 15 3
25 16 1
25 17 4
25 18 4
25 19 3
25 20 4
25 21 1
25 22 3
25 23 1
25 24 3
26 0 3
26 1 3
26 2 4
26 3 4
26 4 2
26 5 1
26 6 2
26 7 3
26 8 2
26 9 2
26 10 1
26 11 2
26 12 2
26 13 3
26 14 4
26 15 1
26 16 2
26 17 4
26 18 3
26 19 1
26 20 3
26 21 4
26 22 4
26 23 3
26 24 2
26 25 3
27 0 4
27 1 4
27 2 1
27 3 4
27 4 3
27 5 4
27 6 1
27 7 2
27 8 3
27 9 3
27 10 4
27 11 3
27 12 1
27 13 2
27 14 3
27 15 4
27 16 4
27 17 3
27 18 1
27 19 1
27 20 1
27 21 2
27 22 1
27 23 4
27 24 4
27 25 1
27 26 1
28 0 1
28 1 3
28 2 3
28 3 3
28 4 4
28 5 3
28 6 3
28 7 1
28 8 1
28 9 1
28 10 3
28 11 4
28 12 2
28 13 3
28 14 2
28 15 1
28 16 4
28 17 4
28 18 3
28 19 4
28 20 2
28 21 3
28 22 3
28 23 3
28 24 2
28 25 4
28 26 2
28 27 4
29 0 1
29 1 4
29 2 3
29 3 3
29 4 2
29 5 2
29 6 2
29 7 1
29 8 2
29 9 1
29 10 3
29 11 1
29 12 3
29 13 2
29 14 1
29 15 1
29 16 1
29 17 1
29 18 2
29 19 3
29 20 2
29 21 1
29 22 2
29 23 2
29 24 1
29 25 1
29 26 2
29 27 4
29 28 4
30 0 1
30 1 4
30 2 4
30 3 1
30 4 3
30 5 2
30 6 4
30 7 1
30 8 1
30 9 3
30 10 1
30 11 1
30 12 3
30 13 2
30 14 1
30 15 3
30 16 3
30 17 2
30 18 2
30 19 2
30 20 4
30 21 2
30 22 1
30 23 4
30 24 4
30 25 3
30 26 3
30 27 3
30 28 2
30 29 2
31 0 4
31 1 2
31 2 4
31 3 2
31 4 2
31 5 2
31 6 1
31 7 4
31 8 1
31 9 1
31 10 2
31 11 4
31 12 3
31 13 4
31 14 1
31 15 1
31 16 4
31 17 1
31 18 1
31 19 2
31 20 4
31 21 3
31 22 1
31 23 3
31 24 4
31 25 4
31 26 1
31 27 2
31 28 4
31 29 3
31 30 1
32 0 4
32 1 3
32 2 2
32 3 4
32 4 1
32 5 1
32 6 4
32 7 1
32 8 1
32 9 3
32 10 3
32 11 2
32 12 3
32 13 4
32 14 4
32 15 1
32 16 4
32 17 2
32 18 3
32 19 2
32 20 1
32 21 3
32 22 2
32 23 1
32 24 2
32 25 4
32 26 2
32 27 4
32 28 2
32 29 1
32 30 3
32 31 4
33 0 4
33 1 4
33 2 1
33 3 1
33 4 4
33 5 4
33 6 2
33 7 3
33 8 1
33 9 2
33 10 3
33 11 2
33 12 2
33 13 1
33 14 1
33 15 2
33 16 1
33 17 2
33 18 1
33 19 2
33 20 1
33 21 4
33 22 3
33 23 4
33 24 4
33 25 1
33 26 3
33 27 2
33 28 1
33 29 2
33 30 2
33 31 1
33 32 2
34 0 4
34 1 3
34 2 4
34 3 1
34 4 1
34 5 3
34 6 2
34 7 4
34 8 2
34 9 2
34 10 3
34 11 4
34 12 3
34 13 4
34 14 2
34 15 2
34 16 1
34 17 1
34 18 2
34 19 4
34 20 2
34 21 3
34 22 4
34 23 2
34 24 1
34 25 3
34 26 2
34 27 3
34 28 2
34 29 3
34 30 4
34 31 1
34 32 4
34 33 3
35 0 4
35 1 4
35 2 2
35 3 4
35 4 1
35 5 4
35 6 4
35 7 2
35 8 2
35 9 4
35 10 1
35 11 2
35 12 1
35 13 3
35 14 1
35 15 3
35 16 1
35 17 4
35 18 1
35 19 2
35 20 3
35 21 3
35 22 3
35 23 3
35 24 3
35 25 3
35 26 3
35 27 4
35 28 2
35 29 4
35 30 1
35 31 3
35 32 3
35 33 4
35 34 1
36 0 3
36 1 3
36 2 4
36 3 3
36 4 1
36 5 2
36 6 3
36 7 2
36 8 2
36 9 1
36 10 1
36 11 4
36 12 4
36 13 4
36 14 4
36 15 3
36 16 4
36 17 3
36 18 2
36 19 4
36 20 2
36 21 4
36 22 2
36 23 1
36 24 4
36 25 2
36 26 2
36 27 4
36 28 2
36 29 1
36 30 4
36 31 1
36 32 1
36 33 4
36 34 2
36 35 3
37 0 1
37 1 2
37 2 4
37 3 2
37 4 1
37 5 4
37 6 1
37 7 2
37 8 4
37 9 3
37 10 1
37 11 2
37 12 4
37 13 3
37 14 3
37 15 3
37 16 4
37 17 1
37 18 1
37 19 2
37 20 4
37 21 3
37 22 3
37 23 2
37 24 1
37 25 2
37 26 2
37 27 4
37 28 2
37 29 3
37 30 2
37 31 4
37 32 2
37 33 1
37 34 4
37 35 3
37 36 3
38 0 2
38 1 1
38 2 2
38 3 1
38 4 1
38 5 4
38 6 4
38 7 4
38 8 4
38 9 4
38 10 1
38 11 1
38 12 4
38 13 3
38 14 2
38 15 4
38 16 4
38 17 4
38 18 1
38 19 1
38 20 2
38 21 3
38 22 4
38 23 2
38 24 3
38 25 3
38 26 1
38 27 1
38 28 1
38 29 4
38 30 2
38 31 1
38 32 2
38 33 4
38 34 2
38 35 4
38 36 1
38 37 1
39 0 1
39 1 2
39 2 3
39 3 1
39 4 4
39 5 2
39 6 3
39 7 4
39 8 4
39 9 4
39 10 2
39 11 1
39 12 3
39 13 3
39 14 1
39 15 4
39 16 4
39 17 3
39 18 3
39 19 4
39 20 2
39 21 3
39 22 2
39 23 1
39 24 4
39 25 3
39 26 1
39 27 3
39 28 2
39 29 1
39 30 3
39 31 4
39 32 4
39 33 3
39 34 4
39 35 1
39 36 3
39 37 3
39 38 1
