15
1 0 6
2 0 3
2 1 2
3 0 11
3 1 2
3 2 9
4 0 3
4 1 10
4 2 11
4 3 2
5 0 7
5 1 11
5 2 4
5 3 11
5 4 8
6 0 4
6 1 5
6 2 11
6 3 11
6 4 9
6 5 6
7 0 7
7 1 1
7 2 3
7 3 9
7 4 3
7 5 6
7 6 1
8 0 6
8 1 10
8 2 10
8 3 1
8 4 13
8 5 2
8 6 13
8 7 13
9 0 13
9 1 10
9 2 1
9 3 2
9 4 6
9 5 3
9 6 12
9 7 13
9 8 4
10 0 7
10 1 7
10 2 10
10 3 13
10 4 8
10 5 8
10 6 1
10 7 11
10 8 5
10 9 7
11 0 1
11 1 4
11 2 4
11 3 6
11 4 5
11 5 7
11 6 1
11 7 5
11 8 10
11 9 11
11 10 1
12 0 1
12 1 13
12 2 8
12 3 6
12 4 5
12 5 10
12 6 10
12 7 13
12 8 6
12 9 4
12 10 1
12 11 7
13 0 1
13 1 7
13 2 5
13 3 2
13 4 1
13 5 12
13 6 11
13 7 2
13 8 11
13 9 10
13 10 11
13 11 1
13 12 11
14 0 13
14 1 1
14 2 9
14 3 11
14 4 6
14 5 3
14 6 8
14 7 5
14 8 10
14 9 12
14 10 9
14 11 10
14 12 13
14 13 1
