30
1 0 9
2 0 5
2 1 4
3 0 7
3 1 3
3 2 10
4 0 7
4 1 7
4 2 3
4 3 6
5 0 3
5 1 3
5 2 6
5 3 9
5 4 8
6 0 11
6 1 3
6 2 6
6 3 5
6 4 3
6 5 11
7 0 6
7 1 1
7 2 8
7 3 2
7 4 9
7 5 10
7 6 2
8 0 6
8 1 8
8 2 11
8 3 8
8 4 1
8 5 10
8 6 10
8 7 9
9 0 8
9 1 2
9 2 6
9 3 11
9 4 4
9 5 5
9 6 8
9 7 1
9 8 6
10 0 3
10 1 2
10 2 8
10 3 4
10 4 11
10 5 2
10 6 1
10 7 4
10 8 5
10 9 1
11 0 7
11 1 10
11 2 8
11 3 8
11 4 6
11 5 4
11 6 2
11 7 2
11 8 10
11 9 6
11 10 5
12 0 9
12 1 4
12 2 11
12 3 6
12 4 9
12 5 8
12 6 10
12 7 4
12 8 11
12 9 10
12 10 5
12 11 7
13 0 11
13 1 6
13 2 3
13 3 7
13 4 9
13 5 8
13 6 1
13 7 6
13 8 1
13 9 9
13 10 3
13 11 10
13 12 8
14 0 10
14 1 5
14 2 6
14 3 9
14 4 8
14 5 11
14 6 3
14 7 7
14 8 5
14 9 11
14 10 10
14 11 8
14 12 4
14 13 6
15 0 7
15 1 9
15 2 11
15 3 2
15 4 1
15 5 3
15 6 7
15 7 11
15 8 3
15 9 9
15 10 6
15 11 9
15 12 1
15 13 6
15 14 10
16 0 1
16 1 7
16 2 6
16 3 4
16 4 4
16 5 6
16 6 5
16 7 3
16 8 6
16 9 4
16 10 6
16 11 4
16 12 7
16 13 9
16 14 10
16 15 10
17 0 6
17 1 10
17 2 1
17 3 3
17 4 5
17 5 1
17 6 1
17 7 9
17 8 7
17 9 2
17 10 2
17 11 5
17 12 7
17 13 5
17 14 1
17 15 8
17 16 3
18 0 5
18 1 11
18 2 3
18 3 1
18 4 1
18 5 3
18 6 3
18 7 7
18 8 1
18 9 5
18 10 1
18 11 8
18 12 1
18 13 9
18 14 8
18 15 4
18 16 8
18 17 8
19 0 8
19 1 5
19 2 10
19 3 4
19 4 3
19 5 2
19 6 1
19 7 4
19 8 4
19 9 5
19 10 8
19 11 8
19 12 7
19 13 10
19 14 9
19 15 5
19 16 2
19 17 7
19 18 11
20 0 10
20 1 9
20 2 7
20 3 3
20 4 9
20 5 1
20 6 11
20 7 2
20 8 11
20 9 4
20 10 11
20 11 9
20 12 9
20 13 4
20 14 7
20 15 6
20 16 5
20 17 3
20 18 6
20 19 9
21 0 10
21 1 8
21 2 6
21 3 3
21 4 4
21 5 10
21 6 10
21 7 6
21 8 9
21 9 10
21 10 7
21 11 4
21 12 6
21 13 1
21 14 3
21 15 6
21 16 7
21 17 8
21 18 9
21 19 4
21 20 6
22 0 7
22 1 3
22 2 11
22 3 10
22 4 6
22 5 11
22 6 2
22 7 10
22 8 4
22 9 3
22 10 8
22 11 10
22 12 5
22 13 10
22 14 3
22 15 2
22 16 5
22 17 1
22 18 10
22 19 9
22 20 2
22 21 2
23 0 10
23 1 7
23 2 4
23 3 10
23 4 4
23 5 1
23 6 8
23 7 4
23 8 4
23 9 5
23 10 6
23 11 4
23 12 9
23 13 7
23 14 4
23 15 7
23 16 5
23 17 4
23 18 3
23 19 8
23 20 10
23 21 11
23 22 11
24 0 6
24 1 5
24 2 10
24 3 8
24 4 1
24 5 6
24 6 4
24 7 5
24 8 8
24 9 5
24 10 10
24 11 1
24 12 3
24 13 6
24 14 2
24 15 11
24 16 1
24 17 7
24 18 1
24 19 10
24 20 1
24 21 6
24 22 1
24 23 10
25 0 11
25 1 4
25 2 2
25 3 5
25 4 10
25 5 7
25 6 5
25 7 1
25 8 10
25 9 2
25 10 5
25 11 4
25 12 3
25 13 3
25 14 10
25 15 3
25 16 4
25 17 3
25 18 3
25 19 6
25 20 4
25 21 5
25 22 5
25 23 11
25 24 2
26 0 1
26 1 7
26 2 8
26 3 7
26 4 3
26 5 11
26 6 11
26 7 4
26 8 11
26 9 10
26 10 5
26 11 1
26 12 1
26 13 1
26 14 7
26 15 6
26 16 10
26 17 1
26 18 11
26 19 4
26 20 1
26 21 1
26 22 8
26 23 2
26 24 5
26 25 7
27 0 9
27 1 1
27 2 9
27 3 2
27 4 4
27 5 11
27 6 10
27 7 5
27 8 4
27 9 5
27 10 7
27 11 6
27 12 1
27 13 11
27 14 6
27 15 5
27 16 5
27 17 11
27 18 3
27 19 6
27 20 9
27 21 3
27 22 10
27 23 11
27 24 10
27 25 9
27 26 11
28 0 8
28 1 8
28 2 6
28 3 6
28 4 11
28 5 9
28 6 11
28 7 7
28 8 3
28 9 8
28 10 3
28 11 5
28 12 4
28 13 5
28 14 11
28 15 9
28 16 5
28 17 2
28 18 3
28 19 1
28 20 9
28 21 7
28 22 9
28 23 10
28 24 4
28 25 9
28 26 5
28 27 11
29 0 7
29 1 10
29 2 5
29 3 10
29 4 9
29 5 6
29 6 9
29 7 6
29 8 2
29 9 2
29 10 1
29 11 11
29 12 9
29 13 9
29 14 10
29 15 5
29 16 4
29 17 10
29 18 4
29 19 3
29 20 4
29 21 11
29 22 1
29 23 8
29 24 5
29 25 4
29 26 8
29 27 4
29 28 7
