15
1 0 3
2 0 1
2 1 5
3 0 4
3 1 9
3 2 11
4 0 10
4 1 4
4 2 3
4 3 11
5 0 9
5 1 5
5 2 3
5 3 6
5 4 4
6 0 6
6 1 5
6 2 3
6 3 8
6 4 6
6 5 5
7 0 7
7 1 6
7 2 9
7 3 7
7 4 10
7 5 3
7 6 3
8 0 9
8 1 5
8 2 8
8 3 4
8 4 5
8 5 5
8 6 1
8 7 3
9 0 5
9 1 11
9 2 10
9 3 4
9 4 4
9 5 3
9 6 7
9 7 4
9 8 6
10 0 7
10 1 5
10 2 9
10 3 2
10 4 8
10 5 6
10 6 10
10 7 6
10 8 4
10 9 9
11 0 2
11 1 1
11 2 3
11 3 7
11 4 9
11 5 8
11 6 8
11 7 2
11 8 1
11 9 9
11 10 9
12 0 11
12 1 10
12 2 3
12 3 5
12 4 4
12 5 11
12 6 1
12 7 6
12 8 4
12 9 2
12 10 4
12 11 11
13 0 7
13 1 9
13 2 7
13 3 2
13 4 3
13 5 7
13 6 4
13 7 7
13 8 7
13 9 3
13 10 6
13 11 4
13 12 3
14 0 3
14 1 4
14 2 4
14 3 1
14 4 6
14 5 6
14 6 1
14 7 6
14 8 3
14 9 7
14 10 8
14 11 3
14 12 4
14 13 10
