20
1 0 2
2 1 3
4 0 2
4 1 1
4 2 2
4 3 1
5 3 2
6 0 2
6 1 5
6 2 2
6 4 6
7 2 1
7 3 5
7 4 4
7 6 5
8 0 4
8 1 3
8 2 7
8 4 4
8 5 5
8 6 2
8 7 7
9 0 6
9 1 6
9 2 7
9 3 2
9 5 6
9 6 6
9 7 7
9 8 7
10 0 2
10 1 5
10 4 6
10 7 3
10 8 3
11 0 7
11 3 4
11 5 7
11 6 6
12 1 2
12 2 1
12 3 4
12 4 2
12 5 7
12 6 7
12 7 6
12 9 2
12 10 2
12 11 5
13 0 3
13 1 1
13 3 2
13 5 4
13 6 1
13 7 5
13 8 5
13 9 6
13 12 6
14 2 7
14 3 4
14 7 3
14 8 1
14 9 7
15 0 5
15 1 4
15 2 7
15 4 3
15 5 5
15 6 5
15 7 1
15 8 1
15 9 1
15 14 4
16 1 1
16 5 3
16 10 5
16 11 3
16 12 2
16 13 2
16 14 2
16 15 5
17 0 7
17 1 1
17 2 1
17 3 7
17 4 4
17 5 2
17 7 1
17 8 3
17 10 6
17 14 5
17 15 3
18 2 6
18 3 7
18 6 7
18 7 7
18 8 3
18 12 2
18 13 1
18 14 2
18 17 1
19 0 4
19 1 7
19 3 5
19 4 5
19 5 1
19 6 3
19 7 7
19 8 7
19 10 4
19 12 2
19 14 2
19 15 4
