60
1 0 4
2 0 3
2 1 4
3 0 4
3 1 4
3 2 2
4 0 2
4 1 4
4 2 4
4 3 4
5 0 1
5 1 1
5 2 1
5 3 4
5 4 4
6 0 3
6 1 4
6 2 1
6 3 4
6 4 4
6 5 2
7 0 2
7 1 2
7 2 1
7 3 3
7 4 1
7 5 3
7 6 1
8 0 1
8 1 4
8 2 1
8 3 4
8 4 4
8 5 3
8 6 1
8 7 2
9 0 1
9 1 3
9 2 4
9 3 3
9 4 3
9 5 4
9 6 2
9 7 2
9 8 1
10 0 3
10 1 2
10 2 1
10 3 1
10 4 2
10 5 1
10 6 3
10 7 3
10 8 3
10 9 1
11 0 3
11 1 2
11 2 3
11 3 3
11 4 1
11 5 2
11 6 3
11 7 3
11 8 2
11 9 4
11 10 2
12 0 3
12 1 3
12 2 2
12 3 1
12 4 1
12 5 2
12 6 2
12 7 2
12 8 2
12 9 2
12 10 3
12 11 3
13 0 2
13 1 4
13 2 4
13 3 3
13 4 1
13 5 3
13 6 3
13 7 2
13 8 1
13 9 3
13 10 1
13 11 4
13 12 3
14 0 1
14 1 1
14 2 3
14 3 4
14 4 4
14 5 1
14 6 1
14 7 2
14 8 3
14 9 3
14 10 4
14 11 2
14 12 1
14 13 2
15 0 1
15 1 2
15 2 4
15 3 1
15 4 2
15 5 2
15 6 1
15 7 1
15 8 3
15 9 1
15 10 1
15 11 4
15 12 4
15 13 2
15 14 2
16 0 3
16 1 4
16 2 2
16 3 1
16 4 2
16 5 3
16 6 4
16 7 2
16 8 1
16 9 4
16 10 1
16 11 2
16 12 1
16 13 2
16 14 2
16 15 1
17 0 3
17 1 1
17 2 1
17 3 1
17 4 2
17 5 3
17 6 3
17 7 3
17 8 2
17 9 4
17 10 4
17 11 4
17 12 2
17 13 2
17 14 4
17 15 1
17 16 3
18 0 2
18 1 2
18 2 4
18 3 4
18 4 3
18 5 2
18 6 4
18 7 2
18 8 1
18 9 4
18 10 1
18 11 3
18 12 1
18 13 1
18 14 4
18 15 2
18 16 2
18 17 1
19 0 2
19 1 4
19 2 3
19 3 2
19 4 1
19 5 1
19 6 1
19 7 1
19 8 3
19 9 3
19 10 2
19 11 4
19 12 4
19 13 4
19 14 2
19 15 1
19 16 3
19 17 2
19 18 2
20 0 2
20 1 2
20 2 2
20 3 2
20 4 3
20 5 4
20 6 2
20 7 3
20 8 1
20 9 3
20 10 1
20 11 1
20 12 3
20 13 4
20 14 2
20 15 3
20 16 3
20 17 4
20 18 4
20 19 3
21 0 2
21 1 4
21 2 3
21 3 4
21 4 1
21 5 1
21 6 4
21 7 2
21 8 1
21 9 3
21 10 3
21 11 2
21 12 3
21 13 3
21 14 1
21 15 2
21 16 2
21 17 1
21 18 1
21 19 3
21 20 2
22 0 4
22 1 2
22 2 2
22 3 3
22 4 3
22 5 4
22 6 3
22 7 3
22 8 3
22 9 1
22 10 1
22 11 4
22 12 4
22 13 3
22 14 1
22 15 1
22 16 3
22 17 3
22 18 4
22 19 1
22 20 2
22 21 2
23 0 4
23 1 3
23 2 4
23 3 3
23 4 3
23 5 1
23 6 2
23 7 3
23 8 4
23 9 1
23 10 3
23 11 1
23 12 2
23 13 2
23 14 1
23 15 4
23 16 2
23 17 3
23 18 1
23 19 1
23 20 3
23 21 4
23 22 2
24 0 2
24 1 2
24 2 4
24 3 4
24 4 1
24 5 3
24 6 3
24 7 1
24 8 4
24 9 3
24 10 2
24 11 4
24 12 2
24 13 3
24 14 4
24 15 1
24 16 3
24 17 4
24 18 1
24 19 4
24 20 4
24 21 3
24 22 3
24 23 3
25 0 4
25 1 4
25 2 3
25 3 4
25 4 1
25 5 4
25 6 4
25 7 4
25 8 4
25 9 2
25 10 2
25 11 2
25 12 3
25 13 3
25 14 3
25 15 1
25 16 4
25 17 1
25 18 2
25 19 3
25 20 1
25 21 1
25 22 1
25 23 3
25 24 3
26 0 4
26 1 2
26 2 4
26 3 4
26 4 1
26 5 4
26 6 4
26 7 3
26 8 4
26 9 1
26 10 3
26 11 4
26 12 4
26 13 3
26 14 3
26 15 1
26 16 1
26 17 2
26 18 4
26 19 1
26 20 1
26 21 3
26 22 2
26 23 2
26 24 1
26 25 1
27 0 2
27 1 1
27 2 2
27 3 1
27 4 3
27 5 2
27 6 3
27 7 3
27 8 4
27 9 4
27 10 3
27 11 1
27 12 3
27 13 2
27 14 1
27 15 3
27 16 3
27 17 2
27 18 3
27 19 3
27 20 2
27 21 3
27 22 4
27 23 3
27 24 3
27 25 1
27 26 3
28 0 1
28 1 4
28 2 4
28 3 4
28 4 4
28 5 3
28 6 2
28 7 1
28 8 1
28 9 1
28 10 3
28 11 2
28 12 1
28 13 4
28 14 4
28 15 4
28 16 2
28 17 4
28 18 4
28 19 3
28 20 1
28 21 3
28 22 1
28 23 3
28 24 3
28 25 2
28 26 3
28 27 3
29 0 1
29 1 2
29 2 4
29 3 2
29 4 4
29 5 4
29 6 1
29 7 1
29 8 3
29 9 3
29 10 1
29 11 1
29 12 3
29 13 2
29 14 2
29 15 1
29 16 1
29 17 2
29 18 2
29 19 2
29 20 1
29 21 2
29 22 4
29 23 2
29 24 1
29 25 4
29 26 2
29 27 1
29 28 3
30 0 2
30 1 4
30 2 3
30 3 3
30 4 1
30 5 4
30 6 2
30 7 4
30 8 4
30 9 2
30 10 1
30 11 4
30 12 1
30 13 2
30 14 2
30 15 3
30 16 4
30 17 1
30 18 2
30 19 4
30 20 1
30 21 2
30 22 3
30 23 1
30 24 4
30 25 4
30 26 1
30 27 4
30 28 1
30 29 4
31 0 1
31 1 4
31 2 4
31 3 4
31 4 1
31 5 3
31 6 1
31 7 3
31 8 2
31 9 1
31 10 3
31 11 1
31 12 2
31 13 1
31 14 1
31 15 2
31 16 3
31 17 3
31 18 3
31 19 4
31 20 4
31 21 2
31 22 4
31 23 1
31 24 2
31 25 1
31 26 1
31 27 3
31 28 4
31 29 3
31 30 2
32 0 4
32 1 3
32 2 1
32 3 1
32 4 4
32 5 1
32 6 2
32 7 2
32 8 4
32 9 1
32 10 3
32 11 1
32 12 1
32 13 4
32 14 1
32 15 1
32 16 3
32 17 1
32 18 3
32 19 3
32 20 4
32 21 2
32 22 3
32 23 2
32 24 2
32 25 3
32 26 3
32 27 1
32 28 4
32 29 1
32 30 2
32 31 1
33 0 1
33 1 3
33 2 2
33 3 1
33 4 3
33 5 2
33 6 1
33 7 2
33 8 3
33 9 3
33 10 2
33 11 3
33 12 4
33 13 2
33 14 4
33 15 1
33 16 3
33 17 1
33 18 1
33 19 4
33 20 4
33 21 1
33 22 4
33 23 4
33 24 4
33 25 4
33 26 1
33 27 2
33 28 2
33 29 3
33 30 1
33 31 1
33 32 4
34 0 3
34 1 2
34 2 2
34 3 2
34 4 3
34 5 3
34 6 3
34 7 1
34 8 2
34 9 2
34 10 1
34 11 2
34 12 4
34 13 4
34 14 3
34 15 1
34 16 4
34 17 1
34 18 3
34 19 3
34 20 1
34 21 1
34 22 2
34 23 1
34 24 4
34 25 3
34 26 2
34 27 3
34 28 2
34 29 4
34 30 3
34 31 3
34 32 3
34 33 1
35 0 3
35 1 3
35 2 4
35 3 2
35 4 4
35 5 3
35 6 4
35 7 1
35 8 2
35 9 3
35 10 2
35 11 4
35 12 3
35 13 4
35 14 3
35 15 1
35 16 4
35 17 3
35 18 1
35 19 3
35 20 1
35 21 4
35 22 4
35 23 1
35 24 4
35 25 1
35 26 4
35 27 4
35 28 2
35 29 1
35 30 3
35 31 2
35 32 1
35 33 1
35 34 2
36 0 3
36 1 3
36 2 1
36 3 1
36 4 4
36 5 4
36 6 1
36 7 2
36 8 4
36 9 2
36 10 2
36 11 4
36 12 1
36 13 3
36 14 2
36 15 3
36 16 4
36 17 1
36 18 1
36 19 2
36 20 4
36 21 1
36 22 4
36 23 2
36 24 4
36 25 4
36 26 2
36 27 2
36 28 3
36 29 1
36 30 3
36 31 1
36 32 4
36 33 3
36 34 3
36 35 2
37 0 4
37 1 4
37 2 3
37 3 1
37 4 1
37 5 3
37 6 2
37 7 1
37 8 1
37 9 3
37 10 4
37 11 1
37 12 4
37 13 4
37 14 1
37 15 2
37 16 1
37 17 3
37 18 3
37 19 3
37 20 1
37 21 4
37 22 4
37 23 2
37 24 4
37 25 2
37 26 1
37 27 2
37 28 3
37 29 4
37 30 2
37 31 1
37 32 3
37 33 4
37 34 4
37 35 3
37 36 4
38 0 3
38 1 1
38 2 3
38 3 2
38 4 3
38 5 3
38 6 4
38 7 3
38 8 2
38 9 4
38 10 4
38 11 2
38 12 2
38 13 3
38 14 4
38 15 3
38 16 1
38 17 2
38 18 1
38 19 3
38 20 4
38 21 1
38 22 3
38 23 2
38 24 4
38 25 2
38 26 3
38 27 4
38 28 1
38 29 1
38 30 3
38 31 2
38 32 3
38 33 2
38 34 1
38 35 4
38 36 2
38 37 4
39 0 2
39 1 1
39 2 3
39 3 4
39 4 3
39 5 4
39 6 3
39 7 4
39 8 2
39 9 4
39 10 4
39 11 4
39 12 2
39 13 1
39 14 4
39 15 2
39 16 3
39 17 2
39 18 4
39 19 4
39 20 2
39 21 2
39 22 4
39 23 2
39 24 1
39 25 3
39 26 1
39 27 3
39 28 1
39 29 2
39 30 2
39 31 3
39 32 2
39 33 1
39 34 3
39 35 4
39 36 1
39 37 4
39 38 2
40 0 3
40 1 1
40 2 1
40 3 3
40 4 4
40 5 2
40 6 4
40 7 3
40 8 3
40 9 1
40 10 3
40 11 2
40 12 2
40 13 2
40 14 4
40 15 3
40 16 4
40 17 1
40 18 3
40 19 4
40 20 3
40 21 1
40 22 4
40 23 3
40 24 4
40 25 4
40 26 2
40 27 2
40 28 4
40 29 4
40 30 1
40 31 3
40 32 1
40 33 3
40 34 2
40 35 3
40 36 4
40 37 3
40 38 3
40 39 4
41 0 1
41 1 3
41 2 2
41 3 1
41 4 1
41 5 2
41 6 4
41 7 3
41 8 3
41 9 2
41 10 2
41 11 4
41 12 2
41 13 4
41 14 2
41 15 4
41 16 3
41 17 1
41 18 4
41 19 1
41 20 2
41 21 1
41 22 4
41 23 4
41 24 3
41 25 2
41 26 3
41 27 4
41 28 3
41 29 1
41 30 4
41 31 2
41 32 1
41 33 1
41 34 2
41 35 1
41 36 2
41 37 3
41 38 1
41 39 2
41 40 4
42 0 2
42 1 3
42 2 4
42 3 2
42 4 3
42 5 2
42 6 3
42 7 2
42 8 3
42 9 3
42 10 3
42 11 4
42 12 2
42 13 3
42 14 2
42 15 3
42 16 3
42 17 1
42 18 2
42 19 2
42 20 3
42 21 1
42 22 3
42 23 2
42 24 1
42 25 1
42 26 4
42 27 1
42 28 3
42 29 3
42 30 3
42 31 1
42 32 2
42 33 2
42 34 3
42 35 4
42 36 4
42 37 3
42 38 3
42 39 2
42 40 1
42 41 4
43 0 2
43 1 4
43 2 4
43 3 2
43 4 1
43 5 2
43 6 4
43 7 2
43 8 1
43 9 3
43 10 2
43 11 3
43 12 2
43 13 3
43 14 2
43 15 3
43 16 3
43 17 2
43 18 4
43 19 3
43 20 1
43 21 3
43 22 1
43 23 3
43 24 3
43 25 2
43 26 3
43 27 4
43 28 3
43 29 3
43 30 4
43 31 2
43 32 2
43 33 4
43 34 4
43 35 1
43 36 3
43 37 2
43 38 4
43 39 2
43 40 4
43 41 4
43 42 1
44 0 1
44 1 2
44 2 3
44 3 3
44 4 3
44 5 4
44 6 4
44 7 1
44 8 1
44 9 3
44 10 4
44 11 4
44 12 1
44 13 1
44 14 2
44 15 3
44 16 1
44 17 3
44 18 1
44 19 3
44 20 2
44 21 4
44 22 4
44 23 3
44 24 1
44 25 2
44 26 1
44 27 4
44 28 3
44 29 3
44 30 4
44 31 4
44 32 2
44 33 2
44 34 3
44 35 3
44 36 1
44 37 3
44 38 1
44 39 2
44 40 3
44 41 4
44 42 1
44 43 4
45 0 1
45 1 1
45 2 4
45 3 3
45 4 1
45 5 2
45 6 2
45 7 2
45 8 3
45 9 3
45 10 3
45 11 1
45 12 1
45 13 4
45 14 2
45 15 2
45 16 4
45 17 3
45 18 3
45 19 4
45 20 3
45 21 4
45 22 1
45 23 3
45 24 2
45 25 2
45 26 1
45 27 2
45 28 4
45 29 3
45 30 3
45 31 3
45 32 2
45 33 3
45 34 1
45 35 4
45 36 1
45 37 2
45 38 4
45 39 2
45 40 2
45 41 2
45 42 2
45 43 4
45 44 1
46 0 3
46 1 4
46 2 1
46 3 2
46 4 2
46 5 3
46 6 3
46 7 2
46 8 1
46 9 2
46 10 3
46 11 1
46 12 2
46 13 3
46 14 3
46 15 1
46 16 1
46 17 4
46 18 1
46 19 3
46 20 1
46 21 3
46 22 3
46 23 2
46 24 2
46 25 2
46 26 3
46 27 3
46 28 3
46 29 3
46 30 1
46 31 4
46 32 2
46 33 4
46 34 2
46 35 2
46 36 4
46 37 2
46 38 2
46 39 1
46 40 3
46 41 1
46 42 4
46 43 1
46 44 3
46 45 4
47 0 1
47 1 4
47 2 3
47 3 3
47 4 2
47 5 1
47 6 3
47 7 3
47 8 4
47 9 3
47 10 1
47 11 4
47 12 1
47 13 4
47 14 3
47 15 4
47 16 2
47 17 3
47 18 3
47 19 1
47 20 3
47 21 3
47 22 3
47 23 1
47 24 4
47 25 3
47 26 4
47 27 2
47 28 3
47 29 2
47 30 1
47 31 3
47 32 3
47 33 3
47 34 4
47 35 2
47 36 3
47 37 3
47 38 4
47 39 4
47 40 1
47 41 2
47 42 2
47 43 3
47 44 2
47 45 3
47 46 2
48 0 4
48 1 2
48 2 2
48 3 4
48 4 2
48 5 2
48 6 3
48 7 1
48 8 4
48 9 4
48 10 4
48 11 4
48 12 2
48 13 3
48 14 1
48 15 2
48 16 2
48 17 2
48 18 4
48 19 1
48 20 1
48 21 2
48 22 1
48 23 4
48 24 3
48 25 4
48 26 4
48 27 4
48 28 4
48 29 1
48 30 1
48 31 3
48 32 3
48 33 1
48 34 1
48 35 1
48 36 1
48 37 1
48 38 3
48 39 1
48 40 3
48 41 3
48 42 4
48 43 4
48 44 4
48 45 1
48 46 1
48 47 3
49 0 3
49 1 1
49 2 1
49 3 3
49 4 4
49 5 1
49 6 3
49 7 4
49 8 2
49 9 1
49 10 3
49 11 3
49 12 3
49 13 3
49 14 1
49 15 2
49 16 1
49 17 1
49 18 2
49 19 1
49 20 2
49 21 1
49 22 1
49 23 4
49 24 3
49 25 4
49 26 4
49 27 2
49 28 3
49 29 1
49 30 1
49 31 3
49 32 3
49 33 3
49 34 4
49 35 1
49 36 4
49 37 4
49 38 4
49 39 2
49 40 3
49 41 3
49 42 4
49 43 2
49 44 1
49 45 4
49 46 1
49 47 1
49 48 4
50 0 2
50 1 2
50 2 3
50 3 2
50 4 3
50 5 4
50 6 2
50 7 4
50 8 4
50 9 2
50 10 2
50 11 4
50 12 3
50 13 4
50 14 1
50 15 1
50 16 2
50 17 1
50 18 4
50 19 1
50 20 3
50 21 2
50 22 4
50 23 4
50 24 4
50 25 1
50 26 1
50 27 3
50 28 1
50 29 3
50 30 4
50 31 4
50 32 3
50 33 3
50 34 4
50 35 2
50 36 3
50 37 3
50 38 4
50 39 4
50 40 1
50 41 2
50 42 4
50 43 4
50 44 3
50 45 1
50 46 1
50 47 2
50 48 2
50 49 3
51 0 4
51 1 3
51 2 3
51 3 4
51 4 3
51 5 1
51 6 2
51 7 4
51 8 2
51 9 3
51 10 1
51 11 3
51 12 3
51 13 3
51 14 3
51 15 4
51 16 4
51 17 3
51 18 2
51 19 2
51 20 2
51 21 1
51 22 4
51 23 4
51 24 1
51 25 2
51 26 4
51 27 3
51 28 2
51 29 4
51 30 3
51 31 4
51 32 3
51 33 2
51 34 2
51 35 1
51 36 2
51 37 2
51 38 2
51 39 1
51 40 2
51 41 1
51 42 1
51 43 2
51 44 1
51 45 4
51 46 4
51 47 2
51 48 4
51 49 3
51 50 4
52 0 4
52 1 4
52 2 2
52 3 3
52 4 2
52 5 3
52 6 2
52 7 1
52 8 1
52 9 4
52 10 4
52 11 4
52 12 3
52 13 3
52 14 1
52 15 4
52 16 2
52 17 2
52 18 4
52 19 1
52 20 4
52 21 1
52 22 1
52 23 4
52 24 1
52 25 4
52 26 2
52 27 3
52 28 3
52 29 4
52 30 3
52 31 1
52 32 2
52 33 4
52 34 1
52 35 2
52 36 2
52 37 2
52 38 4
52 39 4
52 40 3
52 41 4
52 42 3
52 43 4
52 44 4
52 45 1
52 46 3
52 47 2
52 48 4
52 49 4
52 50 4
52 51 1
53 0 3
53 1 4
53 2 1
53 3 4
53 4 1
53 5 2
53 6 4
53 7 4
53 8 3
53 9 2
53 10 1
53 11 2
53 12 1
53 13 1
53 14 1
53 15 4
53 16 1
53 17 4
53 18 4
53 19 1
53 20 3
53 21 2
53 22 2
53 23 2
53 24 2
53 25 1
53 26 3
53 27 4
53 28 3
53 29 3
53 30 4
53 31 2
53 32 1
53 33 2
53 34 2
53 35 1
53 36 1
53 37 1
53 38 1
53 39 2
53 40 3
53 41 3
53 42 4
53 43 1
53 44 4
53 45 4
53 46 4
53 47 3
53 48 3
53 49 3
53 50 3
53 51 2
53 52 3
54 0 1
54 1 4
54 2 3
54 3 3
54 4 1
54 5 2
54 6 1
54 7 1
54 8 4
54 9 4
54 10 2
54 11 2
54 12 1
54 13 3
54 14 2
54 15 4
54 16 4
54 17 1
54 18 4
54 19 4
54 20 1
54 21 2
54 22 1
54 23 3
54 24 4
54 25 3
54 26 1
54 27 1
54 28 4
54 29 1
54 30 3
54 31 2
54 32 1
54 33 3
54 34 4
54 35 2
54 36 1
54 37 3
54 38 3
54 39 3
54 40 3
54 41 1
54 42 3
54 43 4
54 44 4
54 45 3
54 46 4
54 47 1
54 48 1
54 49 4
54 50 2
54 51 3
54 52 4
54 53 4
55 0 4
55 1 1
55 2 1
55 3 3
55 4 1
55 5 2
55 6 2
55 7 2
55 8 2
55 9 2
55 10 3
55 11 4
55 12 1
55 13 2
55 14 2
55 15 4
55 16 2
55 17 2
55 18 3
55 19 1
55 20 1
55 21 3
55 22 2
55 23 3
55 24 2
55 25 4
55 26 3
55 27 2
55 28 2
55 29 3
55 30 2
55 31 2
55 32 4
55 33 4
55 34 3
55 35 1
55 36 1
55 37 4
55 38 2
55 39 1
55 40 1
55 41 1
55 42 1
55 43 4
55 44 2
55 45 2
55 46 2
55 47 2
55 48 3
55 49 1
55 50 1
55 51 2
55 52 2
55 53 4
55 54 3
56 0 4
56 1 4
56 2 2
56 3 2
56 4 4
56 5 1
56 6 2
56 7 4
56 8 2
56 9 3
56 10 3
56 11 4
56 12 4
56 13 2
56 14 1
56 15 2
56 16 3
56 17 4
56 18 1
56 19 1
56 20 1
56 21 2
56 22 4
56 23 3
56 24 2
56 25 3
56 26 1
56 27 3
56 28 4
56 29 2
56 30 2
56 31 2
56 32 4
56 33 1
56 34 4
56 35 3
56 36 2
56 37 2
56 38 3
56 39 3
56 40 1
56 41 1
56 42 2
56 43 3
56 44 1
56 45 2
56 46 4
56 47 3
56 48 3
56 49 4
56 50 1
56 51 3
56 52 3
56 53 2
56 54 1
56 55 1
57 0 1
57 1 3
57 2 4
57 3 4
57 4 4
57 5 3
57 6 4
57 7 2
57 8 4
57 9 1
57 10 3
57 11 4
57 12 1
57 13 1
57 14 4
57 15 1
57 16 3
57 17 2
57 18 3
57 19 3
57 20 2
57 21 2
57 22 3
57 23 4
57 24 1
57 25 3
57 26 2
57 27 1
57 28 2
57 29 3
57 30 4
57 31 3
57 32 4
57 33 1
57 34 4
57 35 2
57 36 1
57 37 4
57 38 3
57 39 2
57 40 3
57 41 3
57 42 4
57 43 2
57 44 1
57 45 3
57 46 4
57 47 2
57 48 1
57 49 2
57 50 4
57 51 3
57 52 2
57 53 3
57 54 4
57 55 1
57 56 1
58 0 3
58 1 2
58 2 2
58 3 2
58 4 2
58 5 1
58 6 2
58 7 2
58 8 2
58 9 2
58 10 1
58 11 2
58 12 1
58 13 3
58 14 3
58 15 4
58 16 4
58 17 1
58 18 2
58 19 3
58 20 4
58 21 3
58 22 2
58 23 1
58 24 2
58 25 3
58 26 1
58 27 2
58 28 1
58 29 1
58 30 1
58 31 3
58 32 4
58 33 2
58 34 1
58 35 1
58 36 2
58 37 2
58 38 1
58 39 1
58 40 3
58 41 2
58 42 1
58 43 2
58 44 4
58 45 2
58 46 4
58 47 3
58 48 2
58 49 2
58 50 3
58 51 3
58 52 3
58 53 4
58 54 3
58 55 1
58 56 2
58 57 1
59 0 4
59 1 3
59 2 3
59 3 2
59 4 4
59 5 3
59 6 4
59 7 3
59 8 1
59 9 4
59 10 4
59 11 3
59 12 3
59 13 2
59 14 2
59 15 3
59 16 4
59 17 2
59 18 3
59 19 1
59 20 1
59 21 4
59 22 1
59 23 2
59 24 2
59 25 3
59 26 3
59 27 2
59 28 2
59 29 2
59 30 1
59 31 4
59 32 1
59 33 4
59 34 4
59 35 2
59 36 1
59 37 4
59 38 3
59 39 1
59 40 4
59 41 1
59 42 3
59 43 3
59 44 1
59 45 3
59 46 2
59 47 4
59 48 2
59 49 2
59 50 4
59 51 4
59 52 3
59 53 3
59 54 1
59 55 1
59 56 2
59 57 1
59 58 1
