15
1 0 11
2 0 3
2 1 4
3 0 5
3 1 8
3 2 11
4 0 3
4 1 9
4 2 6
4 3 4
5 0 11
5 1 4
5 2 3
5 3 3
5 4 5
6 0 2
6 1 7
6 2 7
6 3 2
6 4 4
6 5 5
7 0 5
7 1 5
7 2 8
7 3 7
7 4 5
7 5 9
7 6 11
8 0 6
8 1 5
8 2 7
8 3 4
8 4 7
8 5 11
8 6 4
8 7 3
9 0 8
9 1 3
9 2 3
9 3 9
9 4 10
9 5 11
9 6 10
9 7 5
9 8 1
10 0 8
10 1 9
10 2 5
10 3 4
10 4 7
10 5 2
10 6 7
10 7 10
10 8 1
10 9 4
11 0 3
11 1 8
11 2 5
11 3 10
11 4 3
11 5 6
11 6 6
11 7 10
11 8 9
11 9 3
11 10 9
12 0 9
12 1 1
12 2 7
12 3 2
12 4 4
12 5 5
12 6 3
12 7 2
12 8 11
12 9 6
12 10 9
12 11 2
13 0 10
13 1 7
13 2 10
13 3 2
13 4 2
13 5 7
13 6 2
13 7 8
13 8 9
13 9 2
13 10 4
13 11 11
13 12 8
14 0 4
14 1 7
14 2 1
14 3 8
14 4 5
14 5 8
14 6 10
14 7 5
14 8 9
14 9 7
14 10 8
14 11 5
14 12 4
14 13 7
