20
1 0 3
3 2 1
4 1 3
4 2 2
4 3 3
5 2 3
5 3 3
5 4 1
6 1 1
6 3 3
6 4 1
6 5 2
7 5 2
8 0 2
8 2 3
8 4 2
8 7 1
9 2 2
9 3 3
9 4 2
9 5 3
9 6 3
10 3 2
10 5 3
10 6 1
10 8 2
10 9 3
11 3 2
11 5 1
11 8 1
11 10 3
12 2 2
12 4 1
12 5 1
12 9 2
13 5 2
13 6 1
13 7 2
13 8 2
13 10 1
13 11 3
13 12 1
14 2 1
14 3 1
14 5 3
14 6 2
14 7 3
14 10 1
14 11 2
14 12 1
15 0 3
15 1 2
15 3 3
15 4 3
15 6 3
15 7 1
15 8 2
15 9 2
15 10 3
15 13 3
15 14 2
16 1 1
16 4 3
16 5 2
16 6 2
16 9 1
16 12 3
16 14 3
16 15 1
17 4 3
17 5 2
17 14 2
17 15 2
17 16 3
18 0 1
18 1 3
18 3 3
18 4 3
18 7 2
18 8 3
18 11 1
18 12 2
18 14 1
18 17 1
19 1 2
19 2 3
19 3 3
19 8 2
19 14 2
19 15 1
19 18 1
