30
1 0 2
2 1 7
3 1 2
4 0 4
4 2 2
5 1 1
5 2 1
5 3 3
5 4 1
6 2 6
6 5 6
7 1 6
7 2 6
8 2 6
9 6 5
9 7 6
9 8 3
10 2 7
10 3 5
10 5 1
10 6 1
11 0 3
11 1 7
11 2 1
11 3 5
11 8 4
12 0 4
12 1 3
12 2 4
12 6 3
12 7 1
12 8 2
12 9 4
12 11 2
13 0 7
13 2 6
13 5 4
13 8 5
13 9 6
13 12 4
14 0 2
14 1 7
14 3 1
14 8 6
14 9 5
14 11 6
14 12 2
14 13 4
15 0 1
15 4 4
15 5 5
15 7 7
15 10 2
15 11 5
15 12 2
15 14 7
16 3 7
16 5 6
16 6 4
16 9 2
16 10 3
16 12 3
16 13 3
16 14 2
17 0 4
17 1 5
17 5 5
17 8 5
17 14 5
17 15 6
17 16 5
18 0 6
18 3 6
18 8 7
18 11 3
18 12 3
18 13 7
18 15 5
18 17 4
19 2 2
19 3 3
19 4 3
19 5 6
19 6 5
19 8 5
19 9 6
19 11 4
19 12 3
19 13 4
19 15 3
19 16 1
19 18 5
20 0 5
20 1 1
20 3 7
20 4 7
20 5 4
20 6 1
20 8 5
20 10 2
20 13 6
20 14 5
20 15 3
20 18 5
21 0 1
21 1 7
21 2 1
21 4 2
21 5 2
21 12 1
21 13 3
21 15 1
21 16 3
21 17 3
21 20 3
22 1 2
22 2 3
22 3 3
22 4 2
22 6 5
22 7 2
22 8 7
22 9 2
22 10 4
22 12 2
22 13 5
22 16 5
22 19 7
23 0 6
23 3 2
23 4 7
23 5 4
23 8 7
23 9 6
23 11 5
23 14 6
23 15 6
23 16 4
23 18 3
23 19 3
24 0 1
24 1 7
24 2 6
24 3 6
24 5 7
24 6 7
24 7 4
24 9 2
24 11 5
24 12 3
24 13 1
24 15 4
24 18 3
24 19 1
24 20 4
24 21 4
24 22 4
25 1 3
25 5 3
25 11 3
25 12 7
25 20 6
25 21 4
25 22 6
26 0 7
26 1 2
26 4 2
26 5 6
26 6 5
26 8 4
26 9 1
26 10 1
26 12 3
26 14 6
26 17 7
26 19 4
26 20 2
26 21 2
26 22 7
26 24 5
26 25 6
27 2 4
27 4 4
27 6 3
27 9 5
27 11 2
27 14 3
27 17 6
27 19 3
27 20 2
27 22 5
27 24 4
27 26 2
28 0 4
28 2 1
28 3 3
28 4 2
28 7 2
28 8 2
28 13 3
28 15 2
28 16 3
28 18 5
28 20 7
28 22 4
28 24 2
29 0 5
29 1 6
29 4 6
29 7 3
29 8 5
29 9 1
29 11 6
29 14 4
29 17 3
29 18 7
29 20 3
29 25 3
29 26 5
29 27 6
