70
1 0 11
2 0 4
2 1 9
3 0 9
3 1 2
3 2 4
4 0 2
4 1 8
4 2 8
4 3 11
5 0 3
5 1 1
5 2 3
5 3 5
5 4 2
6 0 7
6 1 10
6 2 9
6 3 8
6 4 5
6 5 11
7 0 1
7 1 7
7 2 6
7 3 12
7 4 4
7 5 10
7 6 10
8 0 5
8 1 9
8 2 5
8 3 4
8 4 3
8 5 2
8 6 5
8 7 11
9 0 4
9 1 10
9 2 9
9 3 9
9 4 8
9 5 2
9 6 4
9 7 2
9 8 9
10 0 8
10 1 4
10 2 5
10 3 5
10 4 7
10 5 12
10 6 5
10 7 8
10 8 3
10 9 12
11 0 10
11 1 10
11 2 9
11 3 8
11 4 2
11 5 11
11 6 4
11 7 5
11 8 10
11 9 3
11 10 2
12 0 1
12 1 6
12 2 7
12 3 11
12 4 9
12 5 6
12 6 7
12 7 2
12 8 10
12 9 12
12 10 2
12 11 5
13 0 9
13 1 5
13 2 4
13 3 4
13 4 10
13 5 12
13 6 10
13 7 5
13 8 8
13 9 3
13 10 12
13 11 7
13 12 6
14 0 12
14 1 9
14 2 7
14 3 9
14 4 5
14 5 11
14 6 3
14 7 8
14 8 12
14 9 4
14 10 2
14 11 6
14 12 3
14 13 6
15 0 7
15 1 10
15 2 9
15 3 6
15 4 7
15 5 11
15 6 5
15 7 3
15 8 2
15 9 2
15 10 3
15 11 3
15 12 5
15 13 9
15 14 9
16 0 4
16 1 4
16 2 12
16 3 5
16 4 8
16 5 10
16 6 9
16 7 7
16 8 10
16 9 9
16 10 8
16 11 3
16 12 7
16 13 3
16 14 2
16 15 10
17 0 4
17 1 2
17 2 3
17 3 7
17 4 12
17 5 5
17 6 2
17 7 1
17 8 6
17 9 11
17 10 10
17 11 9
17 12 2
17 13 5
17 14 10
17 15 7
17 16 2
18 0 1
18 1 11
18 2 1
18 3 3
18 4 10
18 5 11
18 6 12
18 7 5
18 8 2
18 9 1
18 10 3
18 11 12
18 12 6
18 13 12
18 14 8
18 15 5
18 16 1
18 17 5
19 0 1
19 1 10
19 2 9
19 3 5
19 4 3
19 5 11
19 6 5
19 7 5
19 8 9
19 9 4
19 10 4
19 11 11
19 12 7
19 13 5
19 14 4
19 15 3
19 16 9
19 17 3
19 18 3
20 0 11
20 1 7
20 2 7
20 3 12
20 4 2
20 5 5
20 6 6
20 7 12
20 8 1
20 9 9
20 10 10
20 11 7
20 12 7
20 13 8
20 14 12
20 15 8
20 16 3
20 17 5
20 18 12
20 19 3
21 0 8
21 1 9
21 2 1
21 3 4
21 4 5
21 5 7
21 6 9
21 7 11
21 8 11
21 9 11
21 10 2
21 11 11
21 12 3
21 13 3
21 14 10
21 15 6
21 16 4
21 17 4
21 18 6
21 19 6
21 20 2
22 0 8
22 1 12
22 2 12
22 3 3
22 4 1
22 5 6
22 6 6
22 7 8
22 8 1
22 9 6
22 10 6
22 11 9
22 12 9
22 13 9
22 14 12
22 15 8
22 16 8
22 17 11
22 18 12
22 19 10
22 20 9
22 21 2
23 0 5
23 1 8
23 2 11
23 3 11
23 4 2
23 5 6
23 6 2
23 7 5
23 8 2
23 9 7
23 10 1
23 11 9
23 12 5
23 13 3
23 14 6
23 15 11
23 16 7
23 17 11
23 18 2
23 19 9
23 20 10
23 21 5
23 22 12
24 0 12
24 1 1
24 2 4
24 3 12
24 4 1
24 5 7
24 6 7
24 7 1
24 8 4
24 9 4
24 10 5
24 11 6
24 12 9
24 13 10
24 14 2
24 15 8
24 16 2
24 17 8
24 18 6
24 19 12
24 20 1
24 21 1
24 22 10
24 23 3
25 0 7
25 1 6
25 2 8
25 3 6
25 4 1
25 5 8
25 6 2
25 7 7
25 8 8
25 9 7
25 10 12
25 11 6
25 12 9
25 13 4
25 14 9
25 15 1
25 16 1
25 17 12
25 18 7
25 19 6
25 20 10
25 21 4
25 22 2
25 23 12
25 24 4
26 0 2
26 1 3
26 2 7
26 3 3
26 4 9
26 5 5
26 6 3
26 7 1
26 8 7
26 9 9
26 10 2
26 11 2
26 12 4
26 13 9
26 14 2
26 15 5
26 16 3
26 17 2
26 18 1
26 19 5
26 20 2
26 21 3
26 22 4
26 23 6
26 24 3
26 25 11
27 0 3
27 1 4
27 2 11
27 3 1
27 4 2
27 5 10
27 6 9
27 7 6
27 8 1
27 9 6
27 10 12
27 11 7
27 12 11
27 13 10
27 14 2
27 15 1
27 16 9
27 17 5
27 18 10
27 19 3
27 20 9
27 21 12
27 22 3
27 23 1
27 24 5
27 25 7
27 26 6
28 0 11
28 1 11
28 2 11
28 3 6
28 4 9
28 5 8
28 6 8
28 7 4
28 8 3
28 9 11
28 10 2
28 11 11
28 12 5
28 13 8
28 14 3
28 15 12
28 16 8
28 17 4
28 18 3
28 19 2
28 20 5
28 21 1
28 22 7
28 23 12
28 24 12
28 25 8
28 26 11
28 27 2
29 0 10
29 1 10
29 2 10
29 3 1
29 4 8
29 5 12
29 6 1
29 7 10
29 8 9
29 9 4
29 10 1
29 11 7
29 12 8
29 13 6
29 14 8
29 15 12
29 16 3
29 17 4
29 18 7
29 19 4
29 20 3
29 21 12
29 22 2
29 23 5
29 24 7
29 25 5
29 26 1
29 27 2
29 28 5
30 0 10
30 1 5
30 2 8
30 3 1
30 4 2
30 5 5
30 6 8
30 7 1
30 8 10
30 9 9
30 10 4
30 11 12
30 12 11
30 13 9
30 14 3
30 15 12
30 16 6
30 17 6
30 18 9
30 19 3
30 20 10
30 21 6
30 22 11
30 23 5
30 24 5
30 25 7
30 26 11
30 27 3
30 28 9
30 29 1
31 0 2
31 1 1
31 2 11
31 3 3
31 4 9
31 5 11
31 6 8
31 7 5
31 8 5
31 9 11
31 10 9
31 11 1
31 12 9
31 13 10
31 14 8
31 15 5
31 16 11
31 17 5
31 18 4
31 19 3
31 20 1
31 21 8
31 22 10
31 23 7
31 24 1
31 25 3
31 26 11
31 27 6
31 28 7
31 29 8
31 30 7
32 0 5
32 1 2
32 2 6
32 3 12
32 4 12
32 5 5
32 6 12
32 7 3
32 8 7
32 9 12
32 10 12
32 11 12
32 12 1
32 13 7
32 14 9
32 15 1
32 16 5
32 17 3
32 18 5
32 19 1
32 20 12
32 21 5
32 22 9
32 23 3
32 24 2
32 25 4
32 26 3
32 27 4
32 28 10
32 29 5
32 30 9
32 31 10
33 0 8
33 1 10
33 2 11
33 3 11
33 4 4
33 5 9
33 6 3
33 7 9
33 8 3
33 9 7
33 10 4
33 11 7
33 12 7
33 13 11
33 14 4
33 15 7
33 16 11
33 17 11
33 18 10
33 19 6
33 20 4
33 21 3
33 22 5
33 23 9
33 24 12
33 25 4
33 26 8
33 27 12
33 28 7
33 29 10
33 30 12
33 31 9
33 32 8
34 0 10
34 1 6
34 2 7
34 3 5
34 4 6
34 5 12
34 6 7
34 7 12
34 8 8
34 9 12
34 10 6
34 11 6
34 12 3
34 13 1
34 14 10
34 15 2
34 16 8
34 17 9
34 18 2
34 19 1
34 20 2
34 21 5
34 22 2
34 23 4
34 24 7
34 25 11
34 26 10
34 27 4
34 28 4
34 29 2
34 30 12
34 31 10
34 32 2
34 33 11
35 0 6
35 1 11
35 2 6
35 3 7
35 4 10
35 5 1
35 6 9
35 7 9
35 8 1
35 9 2
35 10 6
35 11 5
35 12 6
35 13 12
35 14 11
35 15 4
35 16 11
35 17 4
35 18 11
35 19 12
35 20 11
35 21 6
35 22 8
35 23 12
35 24 12
35 25 4
35 26 9
35 27 7
35 28 12
35 29 10
35 30 6
35 31 7
35 32 2
35 33 3
35 34 12
36 0 4
36 1 12
36 2 10
36 3 10
36 4 3
36 5 6
36 6 9
36 7 1
36 8 8
36 9 10
36 10 5
36 11 11
36 12 10
36 13 1
36 14 2
36 15 9
36 16 12
36 17 3
36 18 6
36 19 12
36 20 1
36 21 1
36 22 8
36 23 6
36 24 8
36 25 10
36 26 5
36 27 11
36 28 4
36 29 4
36 30 2
36 31 1
36 32 10
36 33 2
36 34 10
36 35 5
37 0 1
37 1 1
37 2 1
37 3 2
37 4 7
37 5 1
37 6 7
37 7 4
37 8 4
37 9 4
37 10 10
37 11 3
37 12 8
37 13 12
37 14 12
37 15 7
37 16 6
37 17 7
37 18 7
37 19 5
37 20 11
37 21 11
37 22 8
37 23 10
37 24 3
37 25 8
37 26 4
37 27 1
37 28 3
37 29 6
37 30 9
37 31 6
37 32 1
37 33 11
37 34 2
37 35 7
37 36 10
38 0 12
38 1 8
38 2 8
38 3 10
38 4 7
38 5 4
38 6 2
38 7 6
38 8 8
38 9 1
38 10 3
38 11 8
38 12 4
38 13 1
38 14 9
38 15 2
38 16 12
38 17 5
38 18 11
38 19 12
38 20 10
38 21 3
38 22 2
38 23 8
38 24 8
38 25 3
38 26 7
38 27 9
38 28 12
38 29 6
38 30 9
38 31 5
38 32 2
38 33 12
38 34 8
38 35 2
38 36 9
38 37 9
39 0 6
39 1 3
39 2 9
39 3 6
39 4 3
39 5 11
39 6 11
39 7 2
39 8 9
39 9 12
39 10 5
39 11 9
39 12 11
39 13 1
39 14 3
39 15 4
39 16 4
39 17 10
39 18 2
39 19 11
39 20 1
39 21 3
39 22 9
39 23 11
39 24 4
39 25 9
39 26 4
39 27 7
39 28 6
39 29 7
39 30 11
39 31 8
39 32 1
39 33 1
39 34 7
39 35 12
39 36 4
39 37 7
39 38 12
40 0 3
40 1 11
40 2 10
40 3 2
40 4 4
40 5 9
40 6 5
40 7 3
40 8 6
40 9 4
40 10 2
40 11 10
40 12 1
40 13 10
40 14 7
40 15 5
40 16 4
40 17 6
40 18 7
40 19 11
40 20 4
40 21 6
40 22 1
40 23 1
40 24 5
40 25 9
40 26 9
40 27 6
40 28 2
40 29 8
40 30 7
40 31 10
40 32 10
40 33 10
40 34 12
40 35 11
40 36 7
40 37 3
40 38 10
40 39 6
41 0 6
41 1 5
41 2 5
41 3 2
41 4 11
41 5 7
41 6 6
41 7 8
41 8 8
41 9 6
41 10 12
41 11 5
41 12 9
41 13 5
41 14 1
41 15 12
41 16 12
41 17 5
41 18 3
41 19 11
41 20 12
41 21 6
41 22 9
41 23 7
41 24 4
41 25 1
41 26 5
41 27 10
41 28 8
41 29 12
41 30 1
41 31 6
41 32 4
41 33 7
41 34 11
41 35 9
41 36 12
41 37 3
41 38 7
41 39 7
41 40 12
42 0 10
42 1 12
42 2 8
42 3 12
42 4 8
42 5 5
42 6 3
42 7 8
42 8 3
42 9 6
42 10 6
42 11 5
42 12 6
42 13 5
42 14 10
42 15 4
42 16 9
42 17 7
42 18 4
42 19 2
42 20 8
42 21 8
42 22 1
42 23 7
42 24 2
42 25 3
42 26 9
42 27 7
42 28 3
42 29 7
42 30 5
42 31 3
42 32 1
42 33 9
42 34 7
42 35 9
42 36 1
42 37 1
42 38 1
42 39 2
42 40 7
42 41 11
43 0 9
43 1 5
43 2 2
43 3 4
43 4 11
43 5 1
43 6 2
43 7 7
43 8 6
43 9 5
43 10 2
43 11 11
43 12 6
43 13 2
43 14 10
43 15 2
43 16 2
43 17 5
43 18 3
43 19 2
43 20 12
43 21 12
43 22 8
43 23 6
43 24 1
43 25 1
43 26 1
43 27 4
43 28 3
43 29 6
43 30 11
43 31 11
43 32 11
43 33 10
43 34 2
43 35 11
43 36 2
43 37 7
43 38 10
43 39 10
43 40 3
43 41 9
43 42 4
44 0 8
44 1 1
44 2 1
44 3 7
44 4 7
44 5 5
44 6 5
44 7 3
44 8 10
44 9 9
44 10 9
44 11 11
44 12 2
44 13 11
44 14 5
44 15 12
44 16 7
44 17 2
44 18 10
44 19 6
44 20 2
44 21 4
44 22 4
44 23 12
44 24 6
44 25 9
44 26 7
44 27 3
44 28 1
44 29 9
44 30 11
44 31 4
44 32 7
44 33 8
44 34 8
44 35 7
44 36 6
44 37 5
44 38 10
44 39 1
44 40 12
44 41 7
44 42 4
44 43 1
45 0 5
45 1 10
45 2 4
45 3 9
45 4 1
45 5 3
45 6 5
45 7 9
45 8 12
45 9 9
45 10 1
45 11 12
45 12 1
45 13 7
45 14 4
45 15 1
45 16 4
45 17 4
45 18 12
45 19 11
45 20 5
45 21 10
45 22 1
45 23 12
45 24 9
45 25 6
45 26 2
45 27 9
45 28 7
45 29 1
45 30 5
45 31 10
45 32 9
45 33 1
45 34 7
45 35 1
45 36 2
45 37 8
45 38 6
45 39 6
45 40 2
45 41 8
45 42 4
45 43 1
45 44 6
46 0 2
46 1 7
46 2 8
46 3 6
46 4 1
46 5 10
46 6 10
46 7 7
46 8 6
46 9 7
46 10 12
46 11 1
46 12 4
46 13 10
46 14 2
46 15 2
46 16 9
46 17 9
46 18 8
46 19 12
46 20 11
46 21 10
46 22 11
46 23 10
46 24 4
46 25 2
46 26 8
46 27 8
46 28 10
46 29 3
46 30 11
46 31 9
46 32 8
46 33 4
46 34 2
46 35 9
46 36 12
46 37 6
46 38 4
46 39 7
46 40 12
46 41 3
46 42 10
46 43 12
46 44 7
46 45 2
47 0 12
47 1 10
47 2 10
47 3 9
47 4 3
47 5 8
47 6 8
47 7 12
47 8 11
47 9 10
47 10 6
47 11 5
47 12 5
47 13 9
47 14 9
47 15 10
47 16 6
47 17 8
47 18 5
47 19 1
47 20 5
47 21 1
47 22 11
47 23 10
47 24 7
47 25 1
47 26 12
47 27 10
47 28 2
47 29 8
47 30 4
47 31 6
47 32 7
47 33 1
47 34 4
47 35 10
47 36 12
47 37 7
47 38 8
47 39 5
47 40 9
47 41 6
47 42 5
47 43 11
47 44 7
47 45 7
47 46 11
48 0 3
48 1 7
48 2 1
48 3 6
48 4 4
48 5 1
48 6 5
48 7 2
48 8 8
48 9 12
48 10 11
48 11 6
48 12 11
48 13 8
48 14 9
48 15 5
48 16 11
48 17 2
48 18 7
48 19 6
48 20 8
48 21 5
48 22 11
48 23 11
48 24 6
48 25 8
48 26 11
48 27 4
48 28 11
48 29 3
48 30 7
48 31 2
48 32 12
48 33 10
48 34 5
48 35 11
48 36 9
48 37 12
48 38 4
48 39 9
48 40 3
48 41 7
48 42 10
48 43 3
48 44 5
48 45 6
48 46 6
48 47 9
49 0 3
49 1 12
49 2 5
49 3 5
49 4 11
49 5 4
49 6 11
49 7 5
49 8 3
49 9 10
49 10 4
49 11 11
49 12 3
49 13 2
49 14 12
49 15 4
49 16 5
49 17 7
49 18 11
49 19 12
49 20 12
49 21 8
49 22 12
49 23 12
49 24 9
49 25 7
49 26 6
49 27 5
49 28 11
49 29 4
49 30 5
49 31 9
49 32 9
49 33 5
49 34 7
49 35 3
49 36 2
49 37 7
49 38 11
49 39 9
49 40 2
49 41 5
49 42 6
49 43 12
49 44 1
49 45 11
49 46 11
49 47 7
49 48 5
50 0 10
50 1 4
50 2 1
50 3 9
50 4 9
50 5 4
50 6 10
50 7 7
50 8 8
50 9 5
50 10 10
50 11 3
50 12 4
50 13 4
50 14 12
50 15 2
50 16 5
50 17 3
50 18 8
50 19 11
50 20 1
50 21 6
50 22 12
50 23 3
50 24 6
50 25 3
50 26 10
50 27 12
50 28 4
50 29 2
50 30 8
50 31 3
50 32 1
50 33 9
50 34 7
50 35 2
50 36 2
50 37 7
50 38 4
50 39 9
50 40 4
50 41 9
50 42 4
50 43 9
50 44 11
50 45 3
50 46 5
50 47 11
50 48 11
50 49 5
51 0 3
51 1 5
51 2 8
51 3 12
51 4 10
51 5 11
51 6 5
51 7 9
51 8 3
51 9 10
51 10 3
51 11 2
51 12 4
51 13 7
51 14 5
51 15 10
51 16 8
51 17 7
51 18 12
51 19 4
51 20 9
51 21 6
51 22 6
51 23 2
51 24 3
51 25 9
51 26 8
51 27 4
51 28 7
51 29 6
51 30 6
51 31 12
51 32 1
51 33 7
51 34 11
51 35 5
51 36 3
51 37 9
51 38 8
51 39 3
51 40 6
51 41 6
51 42 8
51 43 12
51 44 12
51 45 4
51 46 1
51 47 6
51 48 5
51 49 7
51 50 5
52 0 6
52 1 5
52 2 5
52 3 8
52 4 1
52 5 11
52 6 8
52 7 6
52 8 9
52 9 5
52 10 7
52 11 1
52 12 7
52 13 8
52 14 12
52 15 4
52 16 10
52 17 7
52 18 9
52 19 11
52 20 8
52 21 2
52 22 12
52 23 12
52 24 1
52 25 10
52 26 7
52 27 10
52 28 8
52 29 6
52 30 6
52 31 4
52 32 3
52 33 9
52 34 2
52 35 7
52 36 12
52 37 11
52 38 1
52 39 2
52 40 5
52 41 4
52 42 2
52 43 3
52 44 4
52 45 1
52 46 6
52 47 12
52 48 8
52 49 3
52 50 10
52 51 1
53 0 2
53 1 2
53 2 4
53 3 10
53 4 3
53 5 5
53 6 6
53 7 5
53 8 9
53 9 4
53 10 11
53 11 10
53 12 9
53 13 11
53 14 6
53 15 5
53 16 2
53 17 5
53 18 4
53 19 7
53 20 3
53 21 10
53 22 1
53 23 11
53 24 2
53 25 6
53 26 7
53 27 4
53 28 11
53 29 1
53 30 10
53 31 9
53 32 6
53 33 5
53 34 3
53 35 12
53 36 6
53 37 12
53 38 2
53 39 8
53 40 8
53 41 8
53 42 11
53 43 4
53 44 1
53 45 2
53 46 12
53 47 5
53 48 8
53 49 9
53 50 8
53 51 3
53 52 10
54 0 9
54 1 2
54 2 4
54 3 5
54 4 6
54 5 10
54 6 7
54 7 3
54 8 6
54 9 9
54 10 8
54 11 1
54 12 1
54 13 6
54 14 5
54 15 3
54 16 11
54 17 7
54 18 5
54 19 8
54 20 9
54 21 10
54 22 5
54 23 4
54 24 1
54 25 3
54 26 11
54 27 11
54 28 11
54 29 2
54 30 9
54 31 3
54 32 10
54 33 2
54 34 9
54 35 6
54 36 8
54 37 3
54 38 11
54 39 5
54 40 2
54 41 4
54 42 1
54 43 11
54 44 2
54 45 3
54 46 10
54 47 9
54 48 1
54 49 9
54 50 7
54 51 7
54 52 3
54 53 12
55 0 8
55 1 6
55 2 4
55 3 7
55 4 4
55 5 5
55 6 9
55 7 2
55 8 11
55 9 5
55 10 11
55 11 5
55 12 9
55 13 6
55 14 7
55 15 8
55 16 4
55 17 7
55 18 5
55 19 10
55 20 5
55 21 7
55 22 7
55 23 4
55 24 10
55 25 4
55 26 3
55 27 12
55 28 6
55 29 1
55 30 11
55 31 12
55 32 8
55 33 1
55 34 7
55 35 12
55 36 10
55 37 6
55 38 4
55 39 1
55 40 8
55 41 3
55 42 7
55 43 1
55 44 9
55 45 4
55 46 11
55 47 2
55 48 6
55 49 1
55 50 6
55 51 4
55 52 2
55 53 2
55 54 2
56 0 3
56 1 2
56 2 3
56 3 8
56 4 6
56 5 7
56 6 5
56 7 7
56 8 4
56 9 11
56 10 4
56 11 6
56 12 12
56 13 6
56 14 5
56 15 6
56 16 3
56 17 12
56 18 6
56 19 6
56 20 9
56 21 3
56 22 4
56 23 12
56 24 7
56 25 5
56 26 2
56 27 11
56 28 5
56 29 8
56 30 9
56 31 2
56 32 8
56 33 8
56 34 7
56 35 1
56 36 10
56 37 8
56 38 4
56 39 5
56 40 3
56 41 8
56 42 11
56 43 7
56 44 8
56 45 2
56 46 2
56 47 4
56 48 8
56 49 6
56 50 9
56 51 7
56 52 6
56 53 2
56 54 7
56 55 12
57 0 9
57 1 11
57 2 3
57 3 3
57 4 2
57 5 6
57 6 10
57 7 8
57 8 8
57 9 5
57 10 11
57 11 7
57 12 2
57 13 1
57 14 1
57 15 3
57 16 11
57 17 12
57 18 1
57 19 11
57 20 6
57 21 12
57 22 5
57 23 5
57 24 7
57 25 10
57 26 11
57 27 9
57 28 10
57 29 9
57 30 1
57 31 9
57 32 1
57 33 12
57 34 7
57 35 12
57 36 10
57 37 9
57 38 1
57 39 1
57 40 6
57 41 4
57 42 7
57 43 9
57 44 9
57 45 7
57 46 3
57 47 11
57 48 1
57 49 3
57 50 4
57 51 7
57 52 2
57 53 3
57 54 6
57 55 3
57 56 3
58 0 3
58 1 2
58 2 2
58 3 6
58 4 4
58 5 8
58 6 8
58 7 9
58 8 1
58 9 1
58 10 5
58 11 2
58 12 5
58 13 2
58 14 5
58 15 6
58 16 3
58 17 7
58 18 1
58 19 2
58 20 5
58 21 8
58 22 10
58 23 3
58 24 8
58 25 4
58 26 10
58 27 8
58 28 11
58 29 12
58 30 8
58 31 1
58 32 8
58 33 3
58 34 7
58 35 5
58 36 1
58 37 12
58 38 6
58 39 5
58 40 9
58 41 6
58 42 10
58 43 9
58 44 1
58 45 6
58 46 10
58 47 3
58 48 1
58 49 1
58 50 7
58 51 4
58 52 10
58 53 4
58 54 5
58 55 4
58 56 6
58 57 12
59 0 9
59 1 1
59 2 11
59 3 2
59 4 6
59 5 7
59 6 5
59 7 1
59 8 12
59 9 7
59 10 4
59 11 2
59 12 5
59 13 2
59 14 9
59 15 2
59 16 10
59 17 7
59 18 10
59 19 7
59 20 10
59 21 11
59 22 12
59 23 9
59 24 11
59 25 10
59 26 5
59 27 4
59 28 2
59 29 6
59 30 10
59 31 5
59 32 6
59 33 6
59 34 11
59 35 5
59 36 5
59 37 10
59 38 3
59 39 2
59 40 7
59 41 12
59 42 2
59 43 11
59 44 11
59 45 5
59 46 9
59 47 10
59 48 12
59 49 5
59 50 3
59 51 7
59 52 11
59 53 9
59 54 3
59 55 4
59 56 11
59 57 6
59 58 8
60 0 9
60 1 8
60 2 5
60 3 5
60 4 4
60 5 8
60 6 10
60 7 3
60 8 3
60 9 10
60 10 12
60 11 5
60 12 12
60 13 8
60 14 8
60 15 7
60 16 3
60 17 9
60 18 12
60 19 4
60 20 10
60 21 12
60 22 11
60 23 3
60 24 3
60 25 10
60 26 8
60 27 2
60 28 11
60 29 12
60 30 10
60 31 2
60 32 5
60 33 4
60 34 12
60 35 6
60 36 7
60 37 11
60 38 1
60 39 10
60 40 6
60 41 3
60 42 10
60 43 2
60 44 3
60 45 9
60 46 3
60 47 10
60 48 9
60 49 6
60 50 10
60 51 1
60 52 8
60 53 2
60 54 6
60 55 11
60 56 12
60 57 11
60 58 2
60 59 12
61 0 5
61 1 7
61 2 3
61 3 1
61 4 2
61 5 2
61 6 2
61 7 2
61 8 9
61 9 4
61 10 8
61 11 11
61 12 10
61 13 5
61 14 9
61 15 1
61 16 6
61 17 12
61 18 2
61 19 2
61 20 1
61 21 12
61 22 10
61 23 3
61 24 2
61 25 11
61 26 6
61 27 10
61 28 7
61 29 9
61 30 6
61 31 11
61 32 11
61 33 7
61 34 9
61 35 10
61 36 3
61 37 4
61 38 11
61 39 9
61 40 12
61 41 5
61 42 11
61 43 4
61 44 11
61 45 11
61 46 5
61 47 8
61 48 6
61 49 9
61 50 6
61 51 12
61 52 12
61 53 9
61 54 1
61 55 6
61 56 2
61 57 3
61 58 7
61 59 2
61 60 4
62 0 3
62 1 2
62 2 7
62 3 3
62 4 6
62 5 11
62 6 12
62 7 9
62 8 1
62 9 2
62 10 11
62 11 4
62 12 3
62 13 7
62 14 10
62 15 3
62 16 7
62 17 4
62 18 4
62 19 3
62 20 9
62 21 10
62 22 5
62 23 6
62 24 5
62 25 4
62 26 5
62 27 8
62 28 8
62 29 12
62 30 5
62 31 7
62 32 6
62 33 1
62 34 8
62 35 11
62 36 4
62 37 9
62 38 1
62 39 1
62 40 6
62 41 8
62 42 7
62 43 11
62 44 1
62 45 11
62 46 9
62 47 12
62 48 9
62 49 11
62 50 6
62 51 2
62 52 10
62 53 3
62 54 5
62 55 5
62 56 12
62 57 3
62 58 10
62 59 8
62 60 4
62 61 5
63 0 9
63 1 1
63 2 8
63 3 6
63 4 1
63 5 4
63 6 6
63 7 9
63 8 10
63 9 4
63 10 12
63 11 12
63 12 12
63 13 5
63 14 4
63 15 6
63 16 2
63 17 1
63 18 10
63 19 1
63 20 3
63 21 9
63 22 12
63 23 11
63 24 7
63 25 4
63 26 4
63 27 3
63 28 12
63 29 9
63 30 10
63 31 11
63 32 4
63 33 7
63 34 8
63 35 10
63 36 6
63 37 4
63 38 4
63 39 7
63 40 8
63 41 8
63 42 4
63 43 3
63 44 3
63 45 1
63 46 11
63 47 1
63 48 6
63 49 10
63 50 10
63 51 9
63 52 5
63 53 6
63 54 12
63 55 8
63 56 3
63 57 11
63 58 8
63 59 3
63 60 4
63 61 7
63 62 10
64 0 7
64 1 11
64 2 10
64 3 7
64 4 7
64 5 7
64 6 3
64 7 11
64 8 4
64 9 12
64 10 5
64 11 5
64 12 3
64 13 8
64 14 11
64 15 3
64 16 10
64 17 8
64 18 1
64 19 3
64 20 11
64 21 3
64 22 9
64 23 9
64 24 1
64 25 11
64 26 2
64 27 10
64 28 9
64 29 7
64 30 4
64 31 8
64 32 9
64 33 9
64 34 5
64 35 2
64 36 1
64 37 8
64 38 9
64 39 11
64 40 11
64 41 8
64 42 4
64 43 6
64 44 2
64 45 1
64 46 5
64 47 12
64 48 10
64 49 10
64 50 1
64 51 1
64 52 6
64 53 8
64 54 10
64 55 8
64 56 12
64 57 12
64 58 12
64 59 9
64 60 8
64 61 6
64 62 7
64 63 5
65 0 11
65 1 10
65 2 11
65 3 10
65 4 10
65 5 1
65 6 12
65 7 4
65 8 6
65 9 5
65 10 12
65 11 6
65 12 7
65 13 5
65 14 11
65 15 8
65 16 3
65 17 6
65 18 4
65 19 11
65 20 4
65 21 10
65 22 10
65 23 1
65 24 4
65 25 9
65 26 6
65 27 10
65 28 4
65 29 11
65 30 10
65 31 5
65 32 4
65 33 4
65 34 6
65 35 7
65 36 12
65 37 2
65 38 3
65 39 9
65 40 11
65 41 3
65 42 11
65 43 8
65 44 5
65 45 2
65 46 9
65 47 6
65 48 11
65 49 11
65 50 4
65 51 4
65 52 11
65 53 3
65 54 4
65 55 10
65 56 7
65 57 12
65 58 4
65 59 6
65 60 12
65 61 3
65 62 6
65 63 9
65 64 2
66 0 11
66 1 12
66 2 1
66 3 6
66 4 5
66 5 8
66 6 11
66 7 1
66 8 11
66 9 7
66 10 10
66 11 7
66 12 7
66 13 1
66 14 2
66 15 10
66 16 11
66 17 11
66 18 4
66 19 5
66 20 7
66 21 7
66 22 4
66 23 2
66 24 4
66 25 5
66 26 5
66 27 5
66 28 2
66 29 7
66 30 9
66 31 4
66 32 5
66 33 7
66 34 1
66 35 9
66 36 2
66 37 10
66 38 12
66 39 6
66 40 2
66 41 2
66 42 10
66 43 3
66 44 2
66 45 9
66 46 4
66 47 4
66 48 9
66 49 8
66 50 12
66 51 8
66 52 9
66 53 5
66 54 3
66 55 3
66 56 9
66 57 11
66 58 10
66 59 3
66 60 9
66 61 1
66 62 12
66 63 5
66 64 8
66 65 3
67 0 12
67 1 9
67 2 7
67 3 12
67 4 10
67 5 3
67 6 2
67 7 5
67 8 12
67 9 9
67 10 11
67 11 4
67 12 7
67 13 8
67 14 10
67 15 4
67 16 4
67 17 11
67 18 6
67 19 10
67 20 10
67 21 7
67 22 11
67 23 2
67 24 4
67 25 1
67 26 10
67 27 5
67 28 3
67 29 6
67 30 10
67 31 11
67 32 3
67 33 1
67 34 6
67 35 2
67 36 11
67 37 2
67 38 1
67 39 10
67 40 2
67 41 11
67 42 3
67 43 10
67 44 5
67 45 5
67 46 2
67 47 1
67 48 4
67 49 10
67 50 8
67 51 3
67 52 3
67 53 3
67 54 6
67 55 3
67 56 10
67 57 4
67 58 6
67 59 7
67 60 4
67 61 2
67 62 8
67 63 1
67 64 5
67 65 5
67 66 4
68 0 4
68 1 1
68 2 3
68 3 4
68 4 3
68 5 11
68 6 8
68 7 10
68 8 12
68 9 3
68 10 7
68 11 5
68 12 1
68 13 11
68 14 3
68 15 9
68 16 3
68 17 12
68 18 10
68 19 10
68 20 7
68 21 5
68 22 3
68 23 8
68 24 9
68 25 2
68 26 7
68 27 3
68 28 2
68 29 2
68 30 11
68 31 3
68 32 11
68 33 4
68 34 2
68 35 1
68 36 10
68 37 11
68 38 7
68 39 2
68 40 7
68 41 11
68 42 8
68 43 11
68 44 1
68 45 7
68 46 4
68 47 12
68 48 5
68 49 7
68 50 4
68 51 11
68 52 12
68 53 2
68 54 9
68 55 3
68 56 12
68 57 4
68 58 10
68 59 10
68 60 9
68 61 2
68 62 7
68 63 6
68 64 12
68 65 4
68 66 7
68 67 7
69 0 3
69 1 4
69 2 11
69 3 2
69 4 11
69 5 12
69 6 3
69 7 4
69 8 1
69 9 6
69 10 4
69 11 5
69 12 6
69 13 5
69 14 10
69 15 4
69 16 5
69 17 3
69 18 3
69 19 8
69 20 11
69 21 5
69 22 6
69 23 10
69 24 6
69 25 8
69 26 10
69 27 1
69 28 1
69 29 4
69 30 5
69 31 7
69 32 3
69 33 6
69 34 4
69 35 4
69 36 3
69 37 6
69 38 2
69 39 8
69 40 11
69 41 5
69 42 4
69 43 7
69 44 1
69 45 9
69 46 6
69 47 2
69 48 3
69 49 10
69 50 10
69 51 3
69 52 10
69 53 8
69 54 2
69 55 11
69 56 7
69 57 12
69 58 9
69 59 9
69 60 12
69 61 3
69 62 9
69 63 9
69 64 7
69 65 8
69 66 12
69 67 5
69 68 2
