60
1 0 2
2 0 4
2 1 3
3 0 1
3 1 3
3 2 3
4 0 3
4 1 1
4 2 3
4 3 3
5 0 5
5 1 3
5 2 5
5 3 5
5 4 3
6 0 1
6 1 5
6 2 4
6 3 5
6 4 1
6 5 3
7 0 5
7 1 1
7 2 1
7 3 4
7 4 3
7 5 3
7 6 5
8 0 4
8 1 2
8 2 5
8 3 2
8 4 1
8 5 5
8 6 5
8 7 1
9 0 1
9 1 4
9 2 2
9 3 4
9 4 2
9 5 1
9 6 3
9 7 2
9 8 5
10 0 1
10 1 3
10 2 2
10 3 1
10 4 4
10 5 1
10 6 5
10 7 1
10 8 5
10 9 3
11 0 5
11 1 4
11 2 2
11 3 1
11 4 4
11 5 3
11 6 2
11 7 3
11 8 5
11 9 2
11 10 3
12 0 1
12 1 1
12 2 4
12 3 4
12 4 4
12 5 5
12 6 1
12 7 2
12 8 4
12 9 3
12 10 4
12 11 5
13 0 4
13 1 1
13 2 4
13 3 4
13 4 1
13 5 1
13 6 3
13 7 2
13 8 1
13 9 1
13 10 3
13 11 3
13 12 2
14 0 2
14 1 1
14 2 1
14 3 2
14 4 5
14 5 1
14 6 1
14 7 4
14 8 2
14 9 5
14 10 5
14 11 3
14 12 4
14 13 5
15 0 3
15 1 4
15 2 3
15 3 2
15 4 3
15 5 5
15 6 2
15 7 4
15 8 3
15 9 4
15 10 4
15 11 2
15 12 3
15 13 4
15 14 1
16 0 1
16 1 5
16 2 5
16 3 3
16 4 3
16 5 2
16 6 4
16 7 4
16 8 3
16 9 3
16 10 2
16 11 1
16 12 1
16 13 5
16 14 2
16 15 2
17 0 3
17 1 4
17 2 1
17 3 3
17 4 3
17 5 1
17 6 5
17 7 2
17 8 1
17 9 2
17 10 5
17 11 4
17 12 1
17 13 4
17 14 2
17 15 5
17 16 5
18 0 2
18 1 4
18 2 2
18 3 1
18 4 3
18 5 4
18 6 3
18 7 2
18 8 5
18 9 3
18 10 2
18 11 1
18 12 3
18 13 5
18 14 1
18 15 1
18 16 1
18 17 5
19 0 5
19 1 5
19 2 4
19 3 2
19 4 5
19 5 2
19 6 5
19 7 4
19 8 1
19 9 5
19 10 3
19 11 3
19 12 1
19 13 1
19 14 3
19 15 3
19 16 2
19 17 3
19 18 5
20 0 3
20 1 3
20 2 4
20 3 2
20 4 4
20 5 3
20 6 4
20 7 4
20 8 1
20 9 1
20 10 3
20 11 5
20 12 1
20 13 5
20 14 2
20 15 2
20 16 1
20 17 5
20 18 5
20 19 2
21 0 5
21 1 2
21 2 3
21 3 1
21 4 2
21 5 3
21 6 1
21 7 2
21 8 5
21 9 2
21 10 2
21 11 1
21 12 5
21 13 4
21 14 4
21 15 2
21 16 3
21 17 2
21 18 2
21 19 4
21 20 2
22 0 1
22 1 3
22 2 3
22 3 5
22 4 4
22 5 2
22 6 4
22 7 1
22 8 1
22 9 3
22 10 5
22 11 4
22 12 4
22 13 5
22 14 2
22 15 1
22 16 1
22 17 2
22 18 1
22 19 4
22 20 5
22 21 5
23 0 3
23 1 3
23 2 1
23 3 3
23 4 3
23 5 4
23 6 1
23 7 2
23 8 4
23 9 5
23 10 3
23 11 1
23 12 3
23 13 2
23 14 3
23 15 5
23 16 1
23 17 3
23 18 3
23 19 4
23 20 4
23 21 2
23 22 5
24 0 4
24 1 4
24 2 1
24 3 2
24 4 5
24 5 2
24 6 2
24 7 5
24 8 4
24 9 5
24 10 5
24 11 1
24 12 2
24 13 1
24 14 2
24 15 1
24 16 3
24 17 1
24 18 4
24 19 1
24 20 4
24 21 2
24 22 4
24 23 1
25 0 2
25 1 3
25 2 5
25 3 5
25 4 2
25 5 1
25 6 4
25 7 2
25 8 4
25 9 2
25 10 3
25 11 3
25 12 2
25 13 3
25 14 3
25 15 5
25 16 4
25 17 4
25 18 2
25 19 5
25 20 1
25 21 4
25 22 3
25 23 2
25 24 2
26 0 5
26 1 1
26 2 2
26 3 4
26 4 4
26 5 3
26 6 5
26 7 1
26 8 5
26 9 5
26 10 4
26 11 4
26 12 3
26 13 1
26 14 1
26 15 1
26 16 3
26 17 1
26 18 5
26 19 2
26 20 1
26 21 1
26 22 5
26 23 5
26 24 2
26 25 3
27 0 2
27 1 4
27 2 3
27 3 2
27 4 5
27 5 4
27 6 2
27 7 3
27 8 1
27 9 5
27 10 1
27 11 2
27 12 2
27 13 4
27 14 3
27 15 4
27 16 4
27 17 5
27 18 1
27 19 5
27 20 3
27 21 3
27 22 2
27 23 4
27 24 1
27 25 1
27 26 1
28 0 2
28 1 4
28 2 3
28 3 5
28 4 2
28 5 1
28 6 2
28 7 2
28 8 3
28 9 4
28 10 3
28 11 5
28 12 3
28 13 2
28 14 3
28 15 4
28 16 2
28 17 3
28 18 4
28 19 4
28 20 3
28 21 3
28 22 4
28 23 2
28 24 3
28 25 2
28 26 2
28 27 4
29 0 5
29 1 5
29 2 4
29 3 3
29 4 2
29 5 4
29 6 2
29 7 4
29 8 5
29 9 5
29 10 3
29 11 2
29 12 1
29 13 1
29 14 3
29 15 4
29 16 1
29 17 2
29 18 2
29 19 4
29 20 5
29 21 4
29 22 4
29 23 2
29 24 1
29 25 3
29 26 4
29 27 1
29 28 2
30 0 3
30 1 3
30 2 3
30 3 3
30 4 5
30 5 2
30 6 4
30 7 5
30 8 4
30 9 2
30 10 4
30 11 3
30 12 2
30 13 4
30 14 1
30 15 1
30 16 3
30 17 2
30 18 1
30 19 5
30 20 1
30 21 3
30 22 4
30 23 2
30 24 2
30 25 1
30 26 3
30 27 5
30 28 4
30 29 2
31 0 1
31 1 1
31 2 2
31 3 5
31 4 4
31 5 5
31 6 5
31 7 4
31 8 2
31 9 3
31 10 3
31 11 3
31 12 1
31 13 4
31 14 1
31 15 4
31 16 2
31 17 4
31 18 3
31 19 3
31 20 4
31 21 4
31 22 1
31 23 2
31 24 3
31 25 5
31 26 2
31 27 5
31 28 4
31 29 2
31 30 2
32 0 1
32 1 5
32 2 5
32 3 3
32 4 5
32 5 1
32 6 4
32 7 3
32 8 2
32 9 4
32 10 4
32 11 4
32 12 1
32 13 3
32 14 2
32 15 5
32 16 4
32 17 2
32 18 3
32 19 1
32 20 5
32 21 3
32 22 1
32 23 3
32 24 4
32 25 1
32 26 1
32 27 4
32 28 4
32 29 1
32 30 5
32 31 5
33 0 1
33 1 2
33 2 5
33 3 5
33 4 5
33 5 3
33 6 3
33 7 1
33 8 2
33 9 3
33 10 5
33 11 3
33 12 2
33 13 2
33 14 3
33 15 3
33 16 3
33 17 4
33 18 2
33 19 5
33 20 2
33 21 5
33 22 3
33 23 2
33 24 3
33 25 1
33 26 4
33 27 1
33 28 1
33 29 2
33 30 1
33 31 5
33 32 5
34 0 4
34 1 2
34 2 4
34 3 1
34 4 2
34 5 5
34 6 2
34 7 1
34 8 2
34 9 1
34 10 3
34 11 3
34 12 1
34 13 2
34 14 4
34 15 4
34 16 5
34 17 1
34 18 3
34 19 5
34 20 2
34 21 3
34 22 4
34 23 5
34 24 4
34 25 2
34 26 4
34 27 5
34 28 3
34 29 2
34 30 5
34 31 2
34 32 4
34 33 3
35 0 2
35 1 1
35 2 1
35 3 4
35 4 1
35 5 3
35 6 1
35 7 5
35 8 1
35 9 4
35 10 3
35 11 4
35 12 3
35 13 4
35 14 3
35 15 4
35 16 3
35 17 3
35 18 3
35 19 5
35 20 3
35 21 5
35 22 2
35 23 5
35 24 5
35 25 5
35 26 1
35 27 4
35 28 4
35 29 5
35 30 2
35 31 5
35 32 5
35 33 1
35 34 3
36 0 4
36 1 2
36 2 5
36 3 4
36 4 2
36 5 4
36 6 1
36 7 1
36 8 2
36 9 1
36 10 1
36 11 2
36 12 3
36 13 5
36 14 2
36 15 2
36 16 2
36 17 1
36 18 3
36 19 5
36 20 3
36 21 1
36 22 3
36 23 3
36 24 5
36 25 4
36 26 1
36 27 3
36 28 3
36 29 3
36 30 5
36 31 3
36 32 4
36 33 3
36 34 5
36 35 5
37 0 1
37 1 2
37 2 2
37 3 5
37 4 1
37 5 1
37 6 4
37 7 2
37 8 4
37 9 4
37 10 5
37 11 5
37 12 1
37 13 5
37 14 3
37 15 4
37 16 5
37 17 3
37 18 4
37 19 1
37 20 3
37 21 2
37 22 3
37 23 4
37 24 5
37 25 3
37 26 1
37 27 1
37 28 2
37 29 2
37 30 3
37 31 1
37 32 2
37 33 4
37 34 5
37 35 5
37 36 5
38 0 2
38 1 1
38 2 1
38 3 3
38 4 1
38 5 2
38 6 3
38 7 5
38 8 2
38 9 3
38 10 3
38 11 5
38 12 3
38 13 4
38 14 5
38 15 1
38 16 2
38 17 3
38 18 3
38 19 2
38 20 1
38 21 1
38 22 2
38 23 3
38 24 3
38 25 4
38 26 1
38 27 5
38 28 1
38 29 4
38 30 3
38 31 1
38 32 3
38 33 3
38 34 3
38 35 4
38 36 1
38 37 3
39 0 3
39 1 1
39 2 5
39 3 3
39 4 4
39 5 5
39 6 1
39 7 3
39 8 1
39 9 5
39 10 1
39 11 2
39 12 2
39 13 5
39 14 2
39 15 2
39 16 1
39 17 2
39 18 1
39 19 4
39 20 2
39 21 5
39 22 3
39 23 1
39 24 3
39 25 5
39 26 1
39 27 5
39 28 4
39 29 4
39 30 2
39 31 4
39 32 5
39 33 5
39 34 5
39 35 2
39 36 5
39 37 1
39 38 5
40 0 2
40 1 2
40 2 4
40 3 5
40 4 4
40 5 4
40 6 1
40 7 3
40 8 5
40 9 2
40 10 1
40 11 3
40 12 3
40 13 5
40 14 4
40 15 5
40 16 4
40 17 2
40 18 2
40 19 1
40 20 4
40 21 4
40 22 2
40 23 3
40 24 5
40 25 5
40 26 3
40 27 5
40 28 4
40 29 2
40 30 4
40 31 2
40 32 5
40 33 5
40 34 1
40 35 1
40 36 2
40 37 1
40 38 3
40 39 3
41 0 1
41 1 5
41 2 4
41 3 1
41 4 3
41 5 2
41 6 3
41 7 1
41 8 4
41 9 3
41 10 1
41 11 3
41 12 3
41 13 1
41 14 5
41 15 1
41 16 4
41 17 2
41 18 5
41 19 5
41 20 5
41 21 3
41 22 3
41 23 2
41 24 5
41 25 3
41 26 5
41 27 2
41 28 5
41 29 3
41 30 5
41 31 3
41 32 2
41 33 1
41 34 5
41 35 5
41 36 1
41 37 5
41 38 2
41 39 4
41 40 5
42 0 4
42 1 2
42 2 2
42 3 2
42 4 2
42 5 4
42 6 3
42 7 2
42 8 1
42 9 2
42 10 5
42 11 4
42 12 3
42 13 3
42 14 4
42 15 3
42 16 2
42 17 1
42 18 4
42 19 4
42 20 4
42 21 4
42 22 1
42 23 2
42 24 1
42 25 4
42 26 3
42 27 2
42 28 4
42 29 1
42 30 2
42 31 5
42 32 1
42 33 5
42 34 3
42 35 2
42 36 4
42 37 4
42 38 2
42 39 3
42 40 3
42 41 5
43 0 5
43 1 4
43 2 1
43 3 2
43 4 3
43 5 3
43 6 5
43 7 2
43 8 4
43 9 4
43 10 1
43 11 2
43 12 5
43 13 2
43 14 1
43 15 1
43 16 1
43 17 1
43 18 1
43 19 1
43 20 1
43 21 3
43 22 3
43 23 5
43 24 4
43 25 4
43 26 5
43 27 4
43 28 5
43 29 5
43 30 5
43 31 2
43 32 2
43 33 3
43 34 2
43 35 1
43 36 1
43 37 3
43 38 5
43 39 1
43 40 1
43 41 3
43 42 2
44 0 5
44 1 3
44 2 2
44 3 2
44 4 1
44 5 4
44 6 1
44 7 5
44 8 5
44 9 3
44 10 2
44 11 5
44 12 4
44 13 4
44 14 5
44 15 1
44 16 3
44 17 3
44 18 5
44 19 3
44 20 5
44 21 5
44 22 2
44 23 4
44 24 5
44 25 3
44 26 4
44 27 2
44 28 1
44 29 2
44 30 1
44 31 4
44 32 5
44 33 4
44 34 1
44 35 4
44 36 1
44 37 2
44 38 4
44 39 2
44 40 4
44 41 3
44 42 3
44 43 3
45 0 4
45 1 1
45 2 4
45 3 3
45 4 2
45 5 5
45 6 2
45 7 5
45 8 1
45 9 1
45 10 3
45 11 3
45 12 1
45 13 4
45 14 2
45 15 3
45 16 2
45 17 3
45 18 3
45 19 4
45 20 1
45 21 1
45 22 5
45 23 2
45 24 2
45 25 4
45 26 5
45 27 4
45 28 5
45 29 5
45 30 1
45 31 1
45 32 4
45 33 5
45 34 3
45 35 5
45 36 2
45 37 2
45 38 3
45 39 1
45 40 1
45 41 1
45 42 5
45 43 5
45 44 3
46 0 2
46 1 4
46 2 4
46 3 5
46 4 5
46 5 4
46 6 4
46 7 5
46 8 1
46 9 2
46 10 3
46 11 1
46 12 4
46 13 5
46 14 4
46 15 1
46 16 2
46 17 5
46 18 3
46 19 2
46 20 1
46 21 3
46 22 2
46 23 2
46 24 5
46 25 2
46 26 5
46 27 4
46 28 5
46 29 4
46 30 2
46 31 1
46 32 2
46 33 1
46 34 3
46 35 2
46 36 1
46 37 1
46 38 5
46 39 2
46 40 3
46 41 4
46 42 4
46 43 3
46 44 3
46 45 1
47 0 2
47 1 5
47 2 5
47 3 1
47 4 3
47 5 1
47 6 1
47 7 2
47 8 4
47 9 5
47 10 5
47 11 1
47 12 1
47 13 3
47 14 5
47 15 5
47 16 2
47 17 2
47 18 1
47 19 5
47 20 5
47 21 3
47 22 4
47 23 4
47 24 1
47 25 1
47 26 2
47 27 2
47 28 2
47 29 4
47 30 5
47 31 3
47 32 5
47 33 5
47 34 4
47 35 1
47 36 5
47 37 3
47 38 3
47 39 4
47 40 2
47 41 1
47 42 1
47 43 5
47 44 2
47 45 5
47 46 1
48 0 5
48 1 2
48 2 1
48 3 4
48 4 3
48 5 2
48 6 2
48 7 4
48 8 1
48 9 3
48 10 3
48 11 4
48 12 2
48 13 3
48 14 5
48 15 3
48 16 1
48 17 5
48 18 3
48 19 5
48 20 5
48 21 1
48 22 3
48 23 3
48 24 5
48 25 2
48 26 4
48 27 1
48 28 3
48 29 3
48 30 5
48 31 4
48 32 2
48 33 4
48 34 3
48 35 4
48 36 5
48 37 2
48 38 3
48 39 1
48 40 2
48 41 5
48 42 1
48 43 1
48 44 5
48 45 2
48 46 2
48 47 4
49 0 4
49 1 5
49 2 3
49 3 3
49 4 3
49 5 5
49 6 5
49 7 3
49 8 3
49 9 2
49 10 1
49 11 1
49 12 3
49 13 1
49 14 5
49 15 1
49 16 1
49 17 3
49 18 3
49 19 3
49 20 4
49 21 3
49 22 1
49 23 2
49 24 3
49 25 4
49 26 5
49 27 3
49 28 2
49 29 4
49 30 4
49 31 3
49 32 2
49 33 4
49 34 3
49 35 5
49 36 2
49 37 5
49 38 5
49 39 4
49 40 2
49 41 1
49 42 2
49 43 5
49 44 4
49 45 4
49 46 5
49 47 5
49 48 1
50 0 4
50 1 2
50 2 3
50 3 1
50 4 5
50 5 4
50 6 4
50 7 5
50 8 2
50 9 5
50 10 5
50 11 1
50 12 3
50 13 4
50 14 3
50 15 3
50 16 2
50 17 2
50 18 2
50 19 3
50 20 1
50 21 2
50 22 4
50 23 2
50 24 3
50 25 4
50 26 3
50 27 2
50 28 3
50 29 1
50 30 2
50 31 1
50 32 4
50 33 4
50 34 3
50 35 1
50 36 4
50 37 2
50 38 2
50 39 3
50 40 2
50 41 3
50 42 5
50 43 3
50 44 1
50 45 4
50 46 4
50 47 4
50 48 3
50 49 2
51 0 1
51 1 2
51 2 2
51 3 1
51 4 3
51 5 4
51 6 5
51 7 4
51 8 3
51 9 5
51 10 5
51 11 5
51 12 1
51 13 1
51 14 3
51 15 3
51 16 3
51 17 5
51 18 1
51 19 2
51 20 5
51 21 2
51 22 5
51 23 1
51 24 4
51 25 5
51 26 1
51 27 3
51 28 3
51 29 2
51 30 5
51 31 4
51 32 3
51 33 1
51 34 2
51 35 4
51 36 4
51 37 1
51 38 4
51 39 4
51 40 4
51 41 1
51 42 1
51 43 5
51 44 3
51 45 2
51 46 2
51 47 3
51 48 4
51 49 3
51 50 5
52 0 5
52 1 1
52 2 2
52 3 4
52 4 5
52 5 2
52 6 1
52 7 5
52 8 5
52 9 2
52 10 5
52 11 2
52 12 5
52 13 5
52 14 1
52 15 3
52 16 2
52 17 4
52 18 5
52 19 2
52 20 1
52 21 1
52 22 3
52 23 4
52 24 1
52 25 5
52 26 1
52 27 1
52 28 3
52 29 5
52 30 1
52 31 1
52 32 2
52 33 1
52 34 2
52 35 3
52 36 5
52 37 2
52 38 1
52 39 2
52 40 5
52 41 5
52 42 2
52 43 4
52 44 5
52 45 3
52 46 3
52 47 2
52 48 3
52 49 3
52 50 2
52 51 2
53 0 2
53 1 3
53 2 1
53 3 4
53 4 3
53 5 5
53 6 2
53 7 4
53 8 3
53 9 3
53 10 2
53 11 3
53 12 3
53 13 5
53 14 3
53 15 4
53 16 1
53 17 2
53 18 5
53 19 2
53 20 1
53 21 5
53 22 4
53 23 5
53 24 5
53 25 1
53 26 4
53 27 4
53 28 5
53 29 1
53 30 1
53 31 5
53 32 3
53 33 4
53 34 3
53 35 5
53 36 2
53 37 3
53 38 5
53 39 5
53 40 1
53 41 1
53 42 5
53 43 5
53 44 3
53 45 3
53 46 4
53 47 1
53 48 1
53 49 5
53 50 4
53 51 2
53 52 2
54 0 3
54 1 2
54 2 3
54 3 3
54 4 2
54 5 5
54 6 3
54 7 5
54 8 3
54 9 4
54 10 5
54 11 4
54 12 4
54 13 3
54 14 3
54 15 2
54 16 5
54 17 5
54 18 1
54 19 2
54 20 1
54 21 4
54 22 4
54 23 3
54 24 2
54 25 4
54 26 2
54 27 5
54 28 2
54 29 3
54 30 1
54 31 4
54 32 5
54 33 3
54 34 5
54 35 2
54 36 4
54 37 3
54 38 1
54 39 2
54 40 1
54 41 5
54 42 3
54 43 4
54 44 1
54 45 3
54 46 5
54 47 4
54 48 1
54 49 1
54 50 2
54 51 2
54 52 5
54 53 1
55 0 5
55 1 4
55 2 4
55 3 3
55 4 5
55 5 1
55 6 1
55 7 5
55 8 4
55 9 2
55 10 4
55 11 2
55 12 1
55 13 1
55 14 3
55 15 1
55 16 1
55 17 2
55 18 1
55 19 2
55 20 4
55 21 5
55 22 5
55 23 3
55 24 1
55 25 4
55 26 3
55 27 3
55 28 1
55 29 2
55 30 2
55 31 4
55 32 5
55 33 4
55 34 5
55 35 1
55 36 5
55 37 3
55 38 1
55 39 3
55 40 5
55 41 4
55 42 1
55 43 4
55 44 4
55 45 5
55 46 1
55 47 4
55 48 2
55 49 1
55 50 2
55 51 2
55 52 3
55 53 1
55 54 2
56 0 1
56 1 1
56 2 5
56 3 1
56 4 3
56 5 3
56 6 1
56 7 1
56 8 3
56 9 4
56 10 5
56 11 3
56 12 2
56 13 4
56 14 4
56 15 5
56 16 1
56 17 3
56 18 3
56 19 3
56 20 3
56 21 4
56 22 5
56 23 5
56 24 2
56 25 4
56 26 5
56 27 5
56 28 1
56 29 5
56 30 1
56 31 2
56 32 1
56 33 3
56 34 5
56 35 1
56 36 5
56 37 3
56 38 3
56 39 1
56 40 4
56 41 4
56 42 2
56 43 4
56 44 1
56 45 5
56 46 4
56 47 4
56 48 1
56 49 5
56 50 1
56 51 2
56 52 5
56 53 4
56 54 5
56 55 4
57 0 5
57 1 1
57 2 4
57 3 2
57 4 1
57 5 4
57 6 1
57 7 4
57 8 2
57 9 4
57 10 1
57 11 3
57 12 2
57 13 2
57 14 1
57 15 5
57 16 3
57 17 3
57 18 4
57 19 5
57 20 4
57 21 1
57 22 3
57 23 2
57 24 4
57 25 3
57 26 3
57 27 5
57 28 1
57 29 2
57 30 3
57 31 5
57 32 3
57 33 4
57 34 3
57 35 3
57 36 5
57 37 2
57 38 4
57 39 4
57 40 5
57 41 3
57 42 1
57 43 5
57 44 1
57 45 1
57 46 5
57 47 2
57 48 2
57 49 3
57 50 4
57 51 1
57 52 3
57 53 3
57 54 2
57 55 1
57 56 1
58 0 4
58 1 4
58 2 3
58 3 3
58 4 2
58 5 3
58 6 4
58 7 5
58 8 2
58 9 4
58 10 1
58 11 5
58 12 4
58 13 1
58 14 3
58 15 1
58 16 3
58 17 5
58 18 5
58 19 1
58 20 4
58 21 3
58 22 3
58 23 3
58 24 1
58 25 4
58 26 1
58 27 5
58 28 3
58 29 4
58 30 4
58 31 3
58 32 2
58 33 4
58 34 5
58 35 3
58 36 4
58 37 1
58 38 3
58 39 3
58 40 3
58 41 4
58 42 3
58 43 2
58 44 5
58 45 2
58 46 2
58 47 2
58 48 1
58 49 2
58 50 4
58 51 4
58 52 5
58 53 1
58 54 2
58 55 2
58 56 2
58 57 3
59 0 2
59 1 2
59 2 1
59 3 4
59 4 3
59 5 5
59 6 3
59 7 3
59 8 3
59 9 3
59 10 3
59 11 3
59 12 5
59 13 2
59 14 2
59 15 3
59 16 3
59 17 2
59 18 3
59 19 2
59 20 4
59 21 3
59 22 2
59 23 1
59 24 3
59 25 5
59 26 2
59 27 5
59 28 3
59 29 1
59 30 2
59 31 5
59 32 3
59 33 2
59 34 5
59 35 5
59 36 3
59 37 1
59 38 2
59 39 2
59 40 3
59 41 4
59 42 3
59 43 2
59 44 3
59 45 1
59 46 5
59 47 5
59 48 1
59 49 1
59 50 1
59 51 1
59 52 1
59 53 5
59 54 2
59 55 2
59 56 2
59 57 4
59 58 5
