20
1 0 2
2 0 1
2 1 1
3 0 2
3 1 3
3 2 2
4 0 2
4 1 2
4 2 1
4 3 2
5 0 1
5 1 3
5 2 3
5 3 2
5 4 2
6 0 2
6 1 3
6 2 2
6 3 3
6 4 1
6 5 1
7 0 1
7 1 3
7 2 2
7 3 2
7 4 2
7 5 2
7 6 2
8 0 1
8 1 3
8 2 1
8 3 3
8 4 2
8 5 2
8 6 2
8 7 2
9 0 3
9 1 2
9 2 2
9 3 1
9 4 1
9 5 2
9 6 3
9 7 2
9 8 1
10 0 2
10 1 2
10 2 3
10 3 1
10 4 1
10 5 2
10 6 1
10 7 1
10 8 3
10 9 2
11 0 1
11 1 3
11 2 3
11 3 1
11 4 2
11 5 2
11 6 1
11 7 1
11 8 1
11 9 1
11 10 2
12 0 1
12 1 1
12 2 2
12 3 3
12 4 2
12 5 1
12 6 3
12 7 3
12 8 1
12 9 3
12 10 2
12 11 1
13 0 2
13 1 3
13 2 1
13 3 2
13 4 1
13 5 2
13 6 1
13 7 1
13 8 3
13 9 1
13 10 3
13 11 2
13 12 2
14 0 2
14 1 2
14 2 1
14 3 1
14 4 3
14 5 1
14 6 3
14 7 1
14 8 1
14 9 2
14 10 1
14 11 3
14 12 3
14 13 3
15 0 3
15 1 1
15 2 3
15 3 3
15 4 1
15 5 3
15 6 1
15 7 2
15 8 1
15 9 3
15 10 1
15 11 2
15 12 1
15 13 2
15 14 3
16 0 2
16 1 1
16 2 3
16 3 3
16 4 1
16 5 2
16 6 2
16 7 2
16 8 1
16 9 2
16 10 2
16 11 1
16 12 1
16 13 2
16 14 2
16 15 1
17 0 1
17 1 1
17 2 3
17 3 3
17 4 1
17 5 3
17 6 1
17 7 2
17 8 2
17 9 1
17 10 3
17 11 2
17 12 3
17 13 1
17 14 3
17 15 2
17 16 2
18 0 1
18 1 1
18 2 2
18 3 3
18 4 2
18 5 3
18 6 1
18 7 1
18 8 2
18 9 2
18 10 2
18 11 2
18 12 1
18 13 2
18 14 1
18 15 2
18 16 1
18 17 3
19 0 1
19 1 3
19 2 2
19 3 2
19 4 2
19 5 2
19 6 2
19 7 2
19 8 2
19 9 1
19 10 1
19 11 1
19 12 1
19 13 2
19 14 2
19 15 1
19 16 3
19 17 3
19 18 2
