40
1 0 1
4 0 1
5 0 1
5 2 1
6 0 1
6 1 1
6 2 1
6 4 1
7 1 1
7 3 1
7 6 1
8 0 1
8 3 1
8 5 1
8 6 1
9 0 1
9 2 1
9 3 1
9 6 1
10 1 1
10 4 1
10 5 1
10 7 1
11 2 1
11 3 1
11 4 1
11 5 1
11 6 1
11 7 1
11 9 1
12 3 1
12 4 1
12 5 1
12 6 1
12 10 1
12 11 1
13 0 1
13 3 1
13 4 1
13 5 1
13 9 1
14 1 1
14 3 1
14 5 1
14 9 1
14 11 1
14 12 1
15 0 1
15 3 1
15 4 1
15 8 1
15 9 1
15 10 1
15 12 1
15 14 1
16 4 1
16 6 1
16 7 1
16 9 1
16 10 1
16 11 1
17 0 1
17 1 1
17 4 1
17 6 1
17 7 1
17 9 1
17 10 1
17 13 1
17 16 1
18 0 1
18 1 1
18 2 1
18 5 1
18 7 1
18 8 1
18 11 1
18 13 1
18 14 1
18 15 1
18 16 1
18 17 1
19 2 1
19 4 1
19 5 1
19 6 1
19 8 1
19 11 1
19 13 1
19 14 1
19 15 1
19 17 1
20 0 1
20 1 1
20 3 1
20 7 1
20 9 1
20 10 1
20 14 1
20 15 1
20 17 1
20 18 1
21 3 1
21 5 1
21 7 1
21 10 1
21 17 1
21 19 1
22 0 1
22 3 1
22 6 1
22 7 1
22 10 1
22 11 1
22 12 1
22 13 1
22 14 1
22 15 1
22 16 1
22 18 1
22 19 1
22 21 1
23 3 1
23 5 1
23 6 1
23 7 1
23 10 1
23 11 1
23 14 1
23 16 1
23 20 1
23 22 1
24 1 1
24 2 1
24 6 1
24 7 1
24 9 1
24 11 1
24 12 1
24 13 1
24 14 1
24 15 1
24 17 1
24 18 1
24 20 1
24 21 1
24 23 1
25 0 1
25 2 1
25 5 1
25 6 1
25 9 1
25 10 1
25 11 1
25 13 1
25 14 1
25 16 1
25 18 1
25 19 1
25 22 1
26 0 1
26 1 1
26 3 1
26 4 1
26 6 1
26 7 1
26 8 1
26 9 1
26 10 1
26 11 1
26 12 1
26 15 1
26 19 1
26 22 1
26 24 1
27 0 1
27 1 1
27 2 1
27 6 1
27 7 1
27 11 1
27 12 1
27 15 1
27 17 1
27 18 1
27 21 1
27 24 1
27 25 1
28 2 1
28 4 1
28 7 1
28 9 1
28 11 1
28 12 1
28 13 1
28 15 1
28 16 1
28 17 1
28 18 1
28 20 1
28 23 1
28 24 1
28 25 1
28 27 1
29 1 1
29 3 1
29 8 1
29 10 1
29 12 1
29 15 1
29 17 1
29 18 1
29 19 1
29 20 1
29 22 1
29 24 1
29 27 1
29 28 1
30 2 1
30 3 1
30 9 1
30 13 1
30 14 1
30 15 1
30 16 1
30 18 1
30 21 1
30 22 1
30 23 1
30 29 1
31 1 1
31 3 1
31 5 1
31 7 1
31 9 1
31 10 1
31 11 1
31 14 1
31 16 1
31 17 1
31 19 1
31 20 1
31 22 1
31 23 1
31 25 1
31 27 1
31 28 1
31 30 1
32 0 1
32 1 1
32 2 1
32 4 1
32 6 1
32 7 1
32 8 1
32 9 1
32 14 1
32 15 1
32 16 1
32 17 1
32 27 1
32 28 1
33 0 1
33 6 1
33 10 1
33 11 1
33 12 1
33 18 1
33 19 1
33 20 1
33 21 1
33 23 1
33 24 1
33 25 1
33 26 1
33 29 1
33 32 1
34 0 1
34 1 1
34 3 1
34 4 1
34 10 1
34 11 1
34 12 1
34 13 1
34 17 1
34 18 1
34 19 1
34 20 1
34 21 1
34 23 1
34 25 1
34 26 1
34 30 1
35 1 1
35 4 1
35 6 1
35 7 1
35 8 1
35 10 1
35 12 1
35 13 1
35 14 1
35 15 1
35 17 1
35 18 1
35 20 1
35 25 1
35 28 1
35 33 1
35 34 1
36 3 1
36 4 1
36 5 1
36 6 1
36 8 1
36 10 1
36 11 1
36 12 1
36 16 1
36 19 1
36 22 1
36 24 1
36 25 1
36 26 1
36 28 1
36 30 1
36 31 1
36 32 1
36 33 1
36 34 1
36 35 1
37 4 1
37 5 1
37 6 1
37 7 1
37 9 1
37 10 1
37 12 1
37 13 1
37 15 1
37 17 1
37 18 1
37 19 1
37 20 1
37 22 1
37 24 1
37 25 1
37 28 1
37 29 1
37 30 1
37 31 1
37 33 1
37 35 1
38 1 1
38 4 1
38 5 1
38 6 1
38 8 1
38 9 1
38 11 1
38 12 1
38 16 1
38 17 1
38 19 1
38 22 1
38 23 1
38 26 1
38 28 1
38 32 1
38 36 1
39 5 1
39 6 1
39 8 1
39 9 1
39 16 1
39 18 1
39 19 1
39 23 1
39 26 1
39 29 1
39 32 1
39 33 1
39 35 1
39 37 1
39 38 1
