30
1 0 8
2 0 3
3 1 9
4 0 1
4 1 10
5 0 6
5 1 8
5 2 6
5 4 7
6 1 4
6 3 2
7 1 8
7 2 3
7 3 10
7 4 7
7 6 2
8 0 1
8 1 3
8 2 8
8 4 3
8 5 5
8 6 8
9 1 1
9 2 5
9 4 8
9 5 12
9 6 9
9 8 3
10 0 6
10 7 4
10 8 4
11 1 8
11 3 1
11 4 3
11 5 9
11 6 6
11 7 4
11 8 12
11 9 9
11 10 5
12 0 10
12 1 5
12 2 7
12 3 8
12 5 6
12 6 11
12 7 2
12 8 7
12 9 8
12 11 9
13 2 4
13 3 3
13 4 4
13 7 3
13 8 2
14 5 2
14 7 3
14 9 2
14 10 10
15 4 8
15 9 12
15 10 7
16 0 12
16 1 10
16 6 10
16 8 5
16 14 1
17 0 7
17 1 12
17 2 6
17 6 10
17 7 12
17 8 11
17 14 10
17 15 6
17 16 10
18 3 11
18 4 11
18 5 5
18 7 5
18 8 4
18 9 2
18 10 9
18 12 4
18 13 9
18 14 7
19 0 8
19 5 1
19 6 12
19 7 11
19 10 11
19 11 2
19 13 11
19 14 3
19 16 5
19 17 8
20 0 10
20 1 9
20 3 9
20 4 9
20 9 8
20 10 9
20 11 5
20 13 7
20 14 4
20 16 9
20 17 8
20 18 8
20 19 12
21 2 11
21 4 1
21 5 4
21 6 5
21 8 8
21 14 5
21 15 4
21 18 11
21 19 10
21 20 4
22 4 5
22 5 8
22 10 1
22 11 1
22 12 6
22 13 11
22 14 6
22 16 11
22 17 9
22 18 7
22 21 11
23 0 9
23 2 1
23 5 8
23 7 6
23 9 11
23 10 3
23 11 7
23 12 11
23 13 2
23 14 7
23 15 4
23 17 10
23 19 1
23 21 6
23 22 6
24 0 7
24 1 10
24 3 1
24 4 6
24 5 8
24 6 4
24 10 11
24 11 2
24 12 6
24 16 5
24 17 9
24 18 6
24 19 2
24 20 4
24 23 1
25 0 10
25 1 11
25 4 2
25 5 11
25 6 1
25 9 5
25 12 8
25 13 4
25 15 4
25 16 10
25 18 9
25 23 12
26 0 4
26 5 9
26 6 11
26 7 11
26 9 5
26 13 7
26 14 10
26 15 6
26 16 3
26 18 7
26 19 3
26 20 7
26 25 5
27 0 8
27 3 1
27 5 2
27 8 4
27 12 6
27 15 2
27 16 4
27 17 10
27 19 10
27 20 10
27 23 2
27 24 8
28 0 5
28 4 2
28 5 5
28 7 6
28 9 10
28 14 8
28 17 9
28 18 1
28 20 4
28 21 11
28 22 7
28 24 12
28 25 3
29 0 10
29 2 1
29 3 3
29 5 3
29 9 2
29 11 9
29 14 12
29 16 5
29 17 5
29 21 7
29 22 3
29 23 10
29 25 12
29 26 5
29 28 1
