70
1 0 2
2 0 1
2 1 1
3 0 2
3 1 2
3 2 2
4 0 2
4 1 3
4 2 1
4 3 2
5 0 1
5 1 2
5 2 2
5 3 2
5 4 1
6 0 2
6 1 2
6 2 1
6 3 2
6 4 2
6 5 2
7 0 2
7 1 2
7 2 1
7 3 3
7 4 2
7 5 1
7 6 1
8 0 3
8 1 1
8 2 2
8 3 3
8 4 2
8 5 2
8 6 1
8 7 1
9 0 2
9 1 2
9 2 2
9 3 3
9 4 2
9 5 1
9 6 2
9 7 1
9 8 1
10 0 2
10 1 2
10 2 2
10 3 1
10 4 3
10 5 3
10 6 1
10 7 2
10 8 3
10 9 3
11 0 3
11 1 1
11 2 2
11 3 2
11 4 1
11 5 1
11 6 1
11 7 3
11 8 3
11 9 1
11 10 2
12 0 1
12 1 2
12 2 3
12 3 3
12 4 2
12 5 1
12 6 2
12 7 2
12 8 3
12 9 3
12 10 1
12 11 3
13 0 1
13 1 1
13 2 3
13 3 2
13 4 1
13 5 1
13 6 1
13 7 3
13 8 2
13 9 2
13 10 1
13 11 1
13 12 3
14 0 2
14 1 2
14 2 1
14 3 3
14 4 2
14 5 1
14 6 3
14 7 3
14 8 1
14 9 3
14 10 2
14 11 2
14 12 2
14 13 2
15 0 3
15 1 3
15 2 1
15 3 3
15 4 3
15 5 3
15 6 1
15 7 1
15 8 1
15 9 3
15 10 2
15 11 3
15 12 1
15 13 1
15 14 1
16 0 3
16 1 2
16 2 1
16 3 2
16 4 2
16 5 1
16 6 2
16 7 3
16 8 1
16 9 1
16 10 2
16 11 2
16 12 3
16 13 1
16 14 3
16 15 2
17 0 3
17 1 2
17 2 1
17 3 1
17 4 1
17 5 2
17 6 1
17 7 3
17 8 2
17 9 2
17 10 2
17 11 1
17 12 2
17 13 1
17 14 1
17 15 1
17 16 3
18 0 2
18 1 3
18 2 1
18 3 2
18 4 1
18 5 2
18 6 3
18 7 2
18 8 1
18 9 3
18 10 2
18 11 3
18 12 2
18 13 1
18 14 1
18 15 1
18 16 1
18 17 3
19 0 2
19 1 3
19 2 1
19 3 3
19 4 3
19 5 1
19 6 3
19 7 1
19 8 1
19 9 3
19 10 3
19 11 1
19 12 2
19 13 3
19 14 3
19 15 3
19 16 1
19 17 1
19 18 3
20 0 1
20 1 2
20 2 3
20 3 3
20 4 1
20 5 1
20 6 3
20 7 3
20 8 2
20 9 2
20 10 2
20 11 3
20 12 2
20 13 3
20 14 3
20 15 2
20 16 3
20 17 1
20 18 1
20 19 3
21 0 1
21 1 2
21 2 2
21 3 2
21 4 1
21 5 1
21 6 1
21 7 3
21 8 3
21 9 3
21 10 2
21 11 2
21 12 3
21 13 2
21 14 1
21 15 2
21 16 1
21 17 3
21 18 3
21 19 3
21 20 2
22 0 1
22 1 1
22 2 3
22 3 1
22 4 3
22 5 3
22 6 2
22 7 1
22 8 3
22 9 1
22 10 2
22 11 1
22 12 3
22 13 1
22 14 3
22 15 2
22 16 2
22 17 3
22 18 2
22 19 2
22 20 3
22 21 2
23 0 3
23 1 2
23 2 3
23 3 3
23 4 2
23 5 2
23 6 2
23 7 1
23 8 1
23 9 2
23 10 2
23 11 1
23 12 3
23 13 2
23 14 2
23 15 1
23 16 3
23 17 3
23 18 1
23 19 3
23 20 2
23 21 3
23 22 1
24 0 1
24 1 3
24 2 1
24 3 1
24 4 2
24 5 1
24 6 1
24 7 1
24 8 2
24 9 2
24 10 1
24 11 2
24 12 1
24 13 1
24 14 1
24 15 2
24 16 3
24 17 1
24 18 1
24 19 2
24 20 2
24 21 2
24 22 2
24 23 2
25 0 3
25 1 3
25 2 2
25 3 1
25 4 3
25 5 1
25 6 2
25 7 2
25 8 3
25 9 1
25 10 3
25 11 1
25 12 3
25 13 3
25 14 2
25 15 1
25 16 2
25 17 3
25 18 3
25 19 1
25 20 3
25 21 1
25 22 3
25 23 2
25 24 1
26 0 1
26 1 2
26 2 3
26 3 2
26 4 2
26 5 3
26 6 3
26 7 3
26 8 1
26 9 2
26 10 2
26 11 1
26 12 1
26 13 1
26 14 2
26 15 1
26 16 1
26 17 3
26 18 3
26 19 3
26 20 3
26 21 1
26 22 3
26 23 3
26 24 1
26 25 1
27 0 2
27 1 2
27 2 2
27 3 2
27 4 1
27 5 3
27 6 3
27 7 1
27 8 3
27 9 1
27 10 1
27 11 3
27 12 3
27 13 3
27 14 3
27 15 2
27 16 2
27 17 1
27 18 3
27 19 2
27 20 3
27 21 3
27 22 2
27 23 3
27 24 3
27 25 3
27 26 1
28 0 2
28 1 3
28 2 3
28 3 2
28 4 3
28 5 1
28 6 3
28 7 3
28 8 2
28 9 3
28 10 2
28 11 2
28 12 3
28 13 2
28 14 3
28 15 2
28 16 3
28 17 1
28 18 2
28 19 2
28 20 3
28 21 1
28 22 3
28 23 2
28 24 3
28 25 3
28 26 3
28 27 2
29 0 2
29 1 1
29 2 3
29 3 2
29 4 1
29 5 2
29 6 3
29 7 3
29 8 1
29 9 2
29 10 1
29 11 1
29 12 1
29 13 2
29 14 3
29 15 2
29 16 2
29 17 2
29 18 2
29 19 2
29 20 1
29 21 3
29 22 2
29 23 2
29 24 2
29 25 2
29 26 1
29 27 2
29 28 2
30 0 2
30 1 1
30 2 1
30 3 3
30 4 1
30 5 1
30 6 1
30 7 3
30 8 1
30 9 1
30 10 2
30 11 1
30 12 2
30 13 2
30 14 1
30 15 3
30 16 2
30 17 3
30 18 1
30 19 3
30 20 2
30 21 1
30 22 3
30 23 2
30 24 3
30 25 1
30 26 2
30 27 2
30 28 2
30 29 3
31 0 1
31 1 1
31 2 2
31 3 3
31 4 1
31 5 3
31 6 2
31 7 2
31 8 1
31 9 1
31 10 3
31 11 3
31 12 2
31 13 3
31 14 1
31 15 1
31 16 2
31 17 1
31 18 1
31 19 2
31 20 1
31 21 2
31 22 1
31 23 1
31 24 3
31 25 2
31 26 3
31 27 3
31 28 2
31 29 1
31 30 1
32 0 2
32 1 3
32 2 2
32 3 1
32 4 2
32 5 3
32 6 3
32 7 3
32 8 1
32 9 1
32 10 3
32 11 3
32 12 1
32 13 3
32 14 1
32 15 1
32 16 1
32 17 1
32 18 3
32 19 2
32 20 1
32 21 1
32 22 1
32 23 3
32 24 2
32 25 2
32 26 1
32 27 3
32 28 2
32 29 3
32 30 3
32 31 2
33 0 2
33 1 2
33 2 3
33 3 2
33 4 3
33 5 3
33 6 1
33 7 2
33 8 3
33 9 2
33 10 2
33 11 1
33 12 2
33 13 1
33 14 2
33 15 1
33 16 1
33 17 2
33 18 1
33 19 2
33 20 3
33 21 1
33 22 2
33 23 3
33 24 3
33 25 2
33 26 3
33 27 1
33 28 2
33 29 3
33 30 1
33 31 3
33 32 2
34 0 3
34 1 2
34 2 1
34 3 1
34 4 2
34 5 2
34 6 1
34 7 2
34 8 3
34 9 3
34 10 2
34 11 3
34 12 3
34 13 3
34 14 3
34 15 1
34 16 2
34 17 3
34 18 1
34 19 2
34 20 3
34 21 1
34 22 1
34 23 2
34 24 2
34 25 1
34 26 2
34 27 3
34 28 3
34 29 1
34 30 2
34 31 2
34 32 2
34 33 1
35 0 1
35 1 1
35 2 1
35 3 1
35 4 3
35 5 3
35 6 3
35 7 3
35 8 1
35 9 3
35 10 2
35 11 3
35 12 2
35 13 1
35 14 3
35 15 2
35 16 3
35 17 2
35 18 3
35 19 2
35 20 2
35 21 1
35 22 1
35 23 3
35 24 1
35 25 3
35 26 2
35 27 2
35 28 1
35 29 1
35 30 2
35 31 2
35 32 3
35 33 1
35 34 2
36 0 2
36 1 3
36 2 3
36 3 1
36 4 3
36 5 2
36 6 2
36 7 2
36 8 2
36 9 2
36 10 3
36 11 1
36 12 1
36 13 2
36 14 3
36 15 2
36 16 1
36 17 1
36 18 2
36 19 2
36 20 3
36 21 1
36 22 1
36 23 1
36 24 2
36 25 3
36 26 3
36 27 2
36 28 2
36 29 3
36 30 2
36 31 3
36 32 1
36 33 2
36 34 2
36 35 1
37 0 1
37 1 3
37 2 2
37 3 2
37 4 3
37 5 2
37 6 3
37 7 1
37 8 1
37 9 1
37 10 2
37 11 1
37 12 1
37 13 2
37 14 3
37 15 1
37 16 3
37 17 1
37 18 3
37 19 2
37 20 1
37 21 3
37 22 2
37 23 2
37 24 1
37 25 1
37 26 2
37 27 2
37 28 1
37 29 3
37 30 3
37 31 1
37 32 3
37 33 1
37 34 3
37 35 3
37 36 3
38 0 2
38 1 2
38 2 2
38 3 2
38 4 1
38 5 3
38 6 2
38 7 3
38 8 2
38 9 1
38 10 2
38 11 1
38 12 1
38 13 2
38 14 3
38 15 2
38 16 2
38 17 1
38 18 2
38 19 1
38 20 3
38 21 3
38 22 2
38 23 1
38 24 1
38 25 3
38 26 3
38 27 2
38 28 2
38 29 3
38 30 2
38 31 1
38 32 2
38 33 3
38 34 3
38 35 3
38 36 3
38 37 2
39 0 1
39 1 1
39 2 1
39 3 3
39 4 2
39 5 2
39 6 2
39 7 1
39 8 1
39 9 1
39 10 3
39 11 1
39 12 3
39 13 2
39 14 1
39 15 3
39 16 2
39 17 1
39 18 3
39 19 3
39 20 3
39 21 1
39 22 2
39 23 2
39 24 3
39 25 1
39 26 2
39 27 3
39 28 2
39 29 2
39 30 3
39 31 3
39 32 2
39 33 1
39 34 1
39 35 1
39 36 3
39 37 1
39 38 1
40 0 1
40 1 1
40 2 3
40 3 2
40 4 3
40 5 2
40 6 2
40 7 2
40 8 1
40 9 3
40 10 1
40 11 1
40 12 2
40 13 3
40 14 1
40 15 3
40 16 1
40 17 3
40 18 3
40 19 2
40 20 2
40 21 1
40 22 3
40 23 1
40 24 2
40 25 2
40 26 2
40 27 1
40 28 3
40 29 1
40 30 2
40 31 3
40 32 2
40 33 2
40 34 3
40 35 3
40 36 2
40 37 1
40 38 2
40 39 3
41 0 1
41 1 1
41 2 1
41 3 2
41 4 2
41 5 1
41 6 1
41 7 1
41 8 2
41 9 3
41 10 1
41 11 2
41 12 3
41 13 1
41 14 3
41 15 3
41 16 1
41 17 3
41 18 1
41 19 2
41 20 2
41 21 1
41 22 3
41 23 3
41 24 1
41 25 2
41 26 3
41 27 3
41 28 2
41 29 3
41 30 2
41 31 3
41 32 3
41 33 2
41 34 3
41 35 1
41 36 2
41 37 1
41 38 1
41 39 1
41 40 2
42 0 2
42 1 1
42 2 2
42 3 3
42 4 1
42 5 3
42 6 2
42 7 2
42 8 3
42 9 1
42 10 1
42 11 2
42 12 3
42 13 2
42 14 2
42 15 1
42 16 3
42 17 2
42 18 3
42 19 2
42 20 3
42 21 2
42 22 1
42 23 2
42 24 3
42 25 2
42 26 2
42 27 3
42 28 1
42 29 1
42 30 2
42 31 2
42 32 3
42 33 2
42 34 1
42 35 3
42 36 3
42 37 2
42 38 2
42 39 2
42 40 1
42 41 3
43 0 1
43 1 3
43 2 3
43 3 2
43 4 3
43 5 1
43 6 2
43 7 3
43 8 1
43 9 3
43 10 3
43 11 3
43 12 2
43 13 1
43 14 1
43 15 2
43 16 2
43 17 1
43 18 2
43 19 3
43 20 3
43 21 2
43 22 3
43 23 1
43 24 3
43 25 2
43 26 1
43 27 3
43 28 3
43 29 3
43 30 2
43 31 2
43 32 2
43 33 2
43 34 3
43 35 3
43 36 1
43 37 3
43 38 2
43 39 2
43 40 2
43 41 2
43 42 2
44 0 3
44 1 3
44 2 1
44 3 3
44 4 3
44 5 1
44 6 1
44 7 3
44 8 2
44 9 3
44 10 1
44 11 1
44 12 1
44 13 2
44 14 2
44 15 3
44 16 1
44 17 3
44 18 1
44 19 3
44 20 2
44 21 2
44 22 1
44 23 2
44 24 3
44 25 2
44 26 1
44 27 1
44 28 1
44 29 3
44 30 1
44 31 2
44 32 2
44 33 3
44 34 1
44 35 2
44 36 1
44 37 2
44 38 1
44 39 2
44 40 3
44 41 2
44 42 1
44 43 3
45 0 3
45 1 2
45 2 2
45 3 1
45 4 3
45 5 1
45 6 1
45 7 1
45 8 2
45 9 3
45 10 1
45 11 1
45 12 2
45 13 3
45 14 3
45 15 3
45 16 1
45 17 1
45 18 1
45 19 2
45 20 1
45 21 1
45 22 3
45 23 3
45 24 2
45 25 1
45 26 3
45 27 3
45 28 3
45 29 3
45 30 3
45 31 1
45 32 2
45 33 1
45 34 3
45 35 1
45 36 3
45 37 1
45 38 1
45 39 1
45 40 3
45 41 3
45 42 3
45 43 3
45 44 1
46 0 3
46 1 1
46 2 2
46 3 1
46 4 2
46 5 2
46 6 1
46 7 1
46 8 1
46 9 1
46 10 3
46 11 1
46 12 3
46 13 3
46 14 2
46 15 3
46 16 1
46 17 3
46 18 2
46 19 1
46 20 3
46 21 1
46 22 2
46 23 1
46 24 2
46 25 3
46 26 2
46 27 1
46 28 2
46 29 2
46 30 3
46 31 2
46 32 1
46 33 3
46 34 1
46 35 2
46 36 1
46 37 2
46 38 3
46 39 1
46 40 1
46 41 2
46 42 1
46 43 1
46 44 1
46 45 3
47 0 3
47 1 2
47 2 2
47 3 2
47 4 1
47 5 1
47 6 2
47 7 3
47 8 3
47 9 3
47 10 1
47 11 1
47 12 2
47 13 1
47 14 3
47 15 2
47 16 1
47 17 2
47 18 1
47 19 1
47 20 3
47 21 2
47 22 3
47 23 3
47 24 3
47 25 1
47 26 3
47 27 2
47 28 1
47 29 3
47 30 2
47 31 3
47 32 3
47 33 1
47 34 3
47 35 1
47 36 1
47 37 3
47 38 3
47 39 1
47 40 3
47 41 2
47 42 1
47 43 3
47 44 1
47 45 2
47 46 2
48 0 3
48 1 2
48 2 3
48 3 3
48 4 2
48 5 1
48 6 1
48 7 2
48 8 1
48 9 2
48 10 3
48 11 1
48 12 2
48 13 2
48 14 3
48 15 2
48 16 2
48 17 3
48 18 2
48 19 2
48 20 2
48 21 1
48 22 3
48 23 1
48 24 1
48 25 1
48 26 3
48 27 2
48 28 1
48 29 3
48 30 1
48 31 1
48 32 3
48 33 2
48 34 2
48 35 1
48 36 1
48 37 3
48 38 3
48 39 3
48 40 1
48 41 2
48 42 3
48 43 1
48 44 2
48 45 3
48 46 2
48 47 3
49 0 1
49 1 3
49 2 3
49 3 1
49 4 3
49 5 3
49 6 2
49 7 3
49 8 1
49 9 2
49 10 2
49 11 3
49 12 2
49 13 1
49 14 3
49 15 3
49 16 1
49 17 2
49 18 1
49 19 3
49 20 3
49 21 2
49 22 2
49 23 3
49 24 3
49 25 3
49 26 3
49 27 3
49 28 1
49 29 3
49 30 1
49 31 2
49 32 3
49 33 2
49 34 2
49 35 1
49 36 1
49 37 1
49 38 3
49 39 2
49 40 1
49 41 1
49 42 2
49 43 2
49 44 3
49 45 2
49 46 3
49 47 2
49 48 3
50 0 1
50 1 2
50 2 3
50 3 3
50 4 1
50 5 1
50 6 3
50 7 1
50 8 3
50 9 2
50 10 3
50 11 2
50 12 2
50 13 3
50 14 2
50 15 1
50 16 3
50 17 3
50 18 3
50 19 1
50 20 2
50 21 2
50 22 3
50 23 3
50 24 1
50 25 1
50 26 1
50 27 1
50 28 3
50 29 3
50 30 3
50 31 2
50 32 2
50 33 2
50 34 2
50 35 1
50 36 2
50 37 1
50 38 1
50 39 2
50 40 2
50 41 1
50 42 2
50 43 1
50 44 3
50 45 1
50 46 3
50 47 1
50 48 3
50 49 2
51 0 1
51 1 1
51 2 3
51 3 2
51 4 3
51 5 3
51 6 2
51 7 2
51 8 2
51 9 1
51 10 2
51 11 2
51 12 3
51 13 1
51 14 2
51 15 2
51 16 3
51 17 2
51 18 3
51 19 1
51 20 3
51 21 2
51 22 3
51 23 1
51 24 2
51 25 3
51 26 3
51 27 3
51 28 2
51 29 2
51 30 1
51 31 3
51 32 1
51 33 3
51 34 2
51 35 3
51 36 1
51 37 2
51 38 2
51 39 2
51 40 1
51 41 1
51 42 2
51 43 3
51 44 2
51 45 3
51 46 2
51 47 3
51 48 3
51 49 1
51 50 1
52 0 3
52 1 3
52 2 1
52 3 3
52 4 1
52 5 1
52 6 3
52 7 1
52 8 1
52 9 2
52 10 3
52 11 1
52 12 1
52 13 3
52 14 3
52 15 2
52 16 3
52 17 3
52 18 3
52 19 2
52 20 3
52 21 2
52 22 1
52 23 3
52 24 2
52 25 3
52 26 1
52 27 2
52 28 2
52 29 2
52 30 1
52 31 2
52 32 2
52 33 2
52 34 2
52 35 3
52 36 2
52 37 2
52 38 2
52 39 1
52 40 2
52 41 1
52 42 1
52 43 3
52 44 3
52 45 1
52 46 2
52 47 1
52 48 2
52 49 2
52 50 1
52 51 2
53 0 3
53 1 1
53 2 2
53 3 3
53 4 1
53 5 2
53 6 1
53 7 1
53 8 3
53 9 1
53 10 3
53 11 3
53 12 2
53 13 3
53 14 3
53 15 2
53 16 2
53 17 3
53 18 2
53 19 1
53 20 1
53 21 2
53 22 1
53 23 1
53 24 1
53 25 1
53 26 1
53 27 2
53 28 3
53 29 1
53 30 3
53 31 1
53 32 2
53 33 2
53 34 1
53 35 3
53 36 1
53 37 2
53 38 2
53 39 3
53 40 2
53 41 3
53 42 1
53 43 1
53 44 2
53 45 1
53 46 2
53 47 3
53 48 1
53 49 1
53 50 3
53 51 1
53 52 1
54 0 2
54 1 2
54 2 1
54 3 2
54 4 2
54 5 1
54 6 2
54 7 1
54 8 2
54 9 2
54 10 1
54 11 2
54 12 1
54 13 2
54 14 1
54 15 1
54 16 3
54 17 3
54 18 1
54 19 1
54 20 3
54 21 1
54 22 2
54 23 3
54 24 3
54 25 1
54 26 2
54 27 2
54 28 1
54 29 1
54 30 2
54 31 2
54 32 2
54 33 3
54 34 2
54 35 2
54 36 2
54 37 3
54 38 3
54 39 3
54 40 3
54 41 1
54 42 2
54 43 2
54 44 1
54 45 3
54 46 3
54 47 2
54 48 2
54 49 1
54 50 2
54 51 2
54 52 3
54 53 3
55 0 2
55 1 2
55 2 1
55 3 1
55 4 1
55 5 2
55 6 2
55 7 2
55 8 2
55 9 3
55 10 2
55 11 1
55 12 2
55 13 3
55 14 3
55 15 2
55 16 1
55 17 1
55 18 2
55 19 2
55 20 2
55 21 1
55 22 3
55 23 3
55 24 3
55 25 2
55 26 3
55 27 2
55 28 2
55 29 2
55 30 3
55 31 2
55 32 1
55 33 1
55 34 3
55 35 2
55 36 3
55 37 3
55 38 3
55 39 2
55 40 3
55 41 1
55 42 1
55 43 2
55 44 1
55 45 1
55 46 1
55 47 3
55 48 3
55 49 2
55 50 1
55 51 3
55 52 1
55 53 2
55 54 1
56 0 2
56 1 3
56 2 1
56 3 2
56 4 1
56 5 2
56 6 1
56 7 1
56 8 1
56 9 1
56 10 3
56 11 1
56 12 3
56 13 1
56 14 2
56 15 2
56 16 2
56 17 1
56 18 2
56 19 2
56 20 2
56 21 2
56 22 1
56 23 1
56 24 2
56 25 2
56 26 2
56 27 3
56 28 1
56 29 3
56 30 2
56 31 3
56 32 1
56 33 3
56 34 3
56 35 1
56 36 2
56 37 1
56 38 3
56 39 1
56 40 2
56 41 3
56 42 2
56 43 1
56 44 1
56 45 3
56 46 3
56 47 3
56 48 2
56 49 1
56 50 1
56 51 2
56 52 3
56 53 3
56 54 2
56 55 2
57 0 1
57 1 3
57 2 2
57 3 3
57 4 1
57 5 3
57 6 3
57 7 1
57 8 1
57 9 3
57 10 2
57 11 3
57 12 3
57 13 2
57 14 3
57 15 3
57 16 2
57 17 2
57 18 1
57 19 3
57 20 2
57 21 2
57 22 1
57 23 3
57 24 3
57 25 2
57 26 1
57 27 1
57 28 1
57 29 3
57 30 1
57 31 3
57 32 1
57 33 2
57 34 1
57 35 2
57 36 1
57 37 3
57 38 2
57 39 1
57 40 3
57 41 1
57 42 2
57 43 2
57 44 2
57 45 3
57 46 2
57 47 3
57 48 3
57 49 1
57 50 1
57 51 1
57 52 1
57 53 2
57 54 3
57 55 2
57 56 1
58 0 1
58 1 3
58 2 1
58 3 3
58 4 1
58 5 1
58 6 1
58 7 3
58 8 2
58 9 1
58 10 1
58 11 3
58 12 1
58 13 1
58 14 3
58 15 3
58 16 2
58 17 3
58 18 2
58 19 2
58 20 3
58 21 3
58 22 1
58 23 1
58 24 2
58 25 1
58 26 2
58 27 1
58 28 2
58 29 2
58 30 3
58 31 1
58 32 1
58 33 2
58 34 3
58 35 3
58 36 2
58 37 1
58 38 3
58 39 3
58 40 2
58 41 1
58 42 3
58 43 2
58 44 2
58 45 1
58 46 1
58 47 1
58 48 3
58 49 2
58 50 2
58 51 1
58 52 1
58 53 1
58 54 1
58 55 2
58 56 3
58 57 2
59 0 3
59 1 2
59 2 2
59 3 1
59 4 2
59 5 1
59 6 3
59 7 1
59 8 3
59 9 1
59 10 2
59 11 2
59 12 2
59 13 2
59 14 1
59 15 3
59 16 2
59 17 2
59 18 2
59 19 1
59 20 3
59 21 2
59 22 3
59 23 3
59 24 2
59 25 1
59 26 2
59 27 1
59 28 2
59 29 3
59 30 2
59 31 1
59 32 3
59 33 1
59 34 1
59 35 1
59 36 1
59 37 1
59 38 1
59 39 1
59 40 3
59 41 3
59 42 3
59 43 3
59 44 2
59 45 2
59 46 3
59 47 2
59 48 2
59 49 3
59 50 2
59 51 1
59 52 1
59 53 2
59 54 3
59 55 1
59 56 3
59 57 2
59 58 2
60 0 3
60 1 2
60 2 2
60 3 1
60 4 1
60 5 2
60 6 2
60 7 1
60 8 3
60 9 2
60 10 1
60 11 1
60 12 1
60 13 1
60 14 1
60 15 3
60 16 1
60 17 1
60 18 1
60 19 1
60 20 1
60 21 2
60 22 2
60 23 1
60 24 1
60 25 3
60 26 3
60 27 2
60 28 2
60 29 1
60 30 3
60 31 2
60 32 2
60 33 2
60 34 2
60 35 1
60 36 2
60 37 2
60 38 3
60 39 1
60 40 2
60 41 2
60 42 2
60 43 2
60 44 3
60 45 3
60 46 3
60 47 1
60 48 2
60 49 2
60 50 3
60 51 2
60 52 3
60 53 1
60 54 3
60 55 1
60 56 1
60 57 1
60 58 2
60 59 2
61 0 2
61 1 1
61 2 3
61 3 1
61 4 1
61 5 2
61 6 1
61 7 3
61 8 3
61 9 3
61 10 2
61 11 2
61 12 2
61 13 3
61 14 3
61 15 3
61 16 2
61 17 1
61 18 1
61 19 2
61 20 3
61 21 3
61 22 3
61 23 1
61 24 2
61 25 3
61 26 3
61 27 1
61 28 3
61 29 2
61 30 1
61 31 2
61 32 2
61 33 3
61 34 3
61 35 1
61 36 3
61 37 2
61 38 2
61 39 1
61 40 1
61 41 3
61 42 1
61 43 2
61 44 1
61 45 3
61 46 2
61 47 1
61 48 2
61 49 1
61 50 1
61 51 1
61 52 1
61 53 3
61 54 2
61 55 3
61 56 2
61 57 3
61 58 2
61 59 3
61 60 2
62 0 2
62 1 3
62 2 1
62 3 2
62 4 1
62 5 3
62 6 3
62 7 1
62 8 3
62 9 1
62 10 3
62 11 2
62 12 3
62 13 3
62 14 2
62 15 1
62 16 3
62 17 3
62 18 3
62 19 2
62 20 1
62 21 3
62 22 2
62 23 3
62 24 1
62 25 1
62 26 2
62 27 2
62 28 1
62 29 2
62 30 1
62 31 1
62 32 1
62 33 3
62 34 3
62 35 1
62 36 3
62 37 1
62 38 2
62 39 3
62 40 1
62 41 1
62 42 2
62 43 2
62 44 1
62 45 3
62 46 1
62 47 1
62 48 3
62 49 1
62 50 2
62 51 1
62 52 1
62 53 3
62 54 2
62 55 2
62 56 1
62 57 1
62 58 1
62 59 2
62 60 3
62 61 1
63 0 2
63 1 2
63 2 3
63 3 3
63 4 3
63 5 1
63 6 2
63 7 1
63 8 3
63 9 2
63 10 1
63 11 1
63 12 3
63 13 1
63 14 2
63 15 3
63 16 2
63 17 2
63 18 2
63 19 1
63 20 3
63 21 1
63 22 3
63 23 1
63 24 1
63 25 3
63 26 3
63 27 3
63 28 3
63 29 3
63 30 1
63 31 2
63 32 1
63 33 2
63 34 3
63 35 3
63 36 2
63 37 3
63 38 1
63 39 3
63 40 3
63 41 1
63 42 1
63 43 3
63 44 2
63 45 1
63 46 2
63 47 3
63 48 2
63 49 2
63 50 3
63 51 3
63 52 1
63 53 1
63 54 3
63 55 3
63 56 2
63 57 2
63 58 1
63 59 3
63 60 1
63 61 3
63 62 1
64 0 2
64 1 3
64 2 2
64 3 1
64 4 2
64 5 1
64 6 2
64 7 2
64 8 3
64 9 1
64 10 1
64 11 1
64 12 2
64 13 3
64 14 1
64 15 2
64 16 1
64 17 1
64 18 2
64 19 1
64 20 1
64 21 2
64 22 2
64 23 2
64 24 1
64 25 2
64 26 1
64 27 2
64 28 3
64 29 2
64 30 2
64 31 2
64 32 1
64 33 1
64 34 3
64 35 3
64 36 3
64 37 3
64 38 1
64 39 1
64 40 2
64 41 3
64 42 3
64 43 1
64 44 2
64 45 1
64 46 3
64 47 1
64 48 3
64 49 1
64 50 1
64 51 3
64 52 1
64 53 3
64 54 3
64 55 2
64 56 1
64 57 3
64 58 2
64 59 1
64 60 3
64 61 1
64 62 1
64 63 1
65 0 1
65 1 2
65 2 2
65 3 3
65 4 1
65 5 2
65 6 1
65 7 2
65 8 2
65 9 1
65 10 2
65 11 2
65 12 1
65 13 2
65 14 1
65 15 3
65 16 1
65 17 1
65 18 1
65 19 3
65 20 2
65 21 1
65 22 2
65 23 3
65 24 3
65 25 1
65 26 3
65 27 2
65 28 1
65 29 2
65 30 3
65 31 3
65 32 1
65 33 2
65 34 3
65 35 1
65 36 3
65 37 2
65 38 3
65 39 1
65 40 2
65 41 1
65 42 3
65 43 1
65 44 1
65 45 3
65 46 3
65 47 2
65 48 1
65 49 2
65 50 2
65 51 1
65 52 2
65 53 3
65 54 2
65 55 1
65 56 1
65 57 2
65 58 1
65 59 1
65 60 3
65 61 3
65 62 3
65 63 1
65 64 3
66 0 1
66 1 1
66 2 3
66 3 3
66 4 1
66 5 2
66 6 3
66 7 3
66 8 2
66 9 1
66 10 2
66 11 2
66 12 1
66 13 1
66 14 1
66 15 1
66 16 1
66 17 3
66 18 3
66 19 3
66 20 1
66 21 1
66 22 2
66 23 1
66 24 1
66 25 1
66 26 3
66 27 1
66 28 2
66 29 3
66 30 2
66 31 1
66 32 2
66 33 2
66 34 1
66 35 1
66 36 2
66 37 3
66 38 2
66 39 3
66 40 2
66 41 1
66 42 2
66 43 2
66 44 1
66 45 3
66 46 1
66 47 2
66 48 2
66 49 1
66 50 1
66 51 3
66 52 1
66 53 1
66 54 2
66 55 2
66 56 2
66 57 3
66 58 1
66 59 1
66 60 3
66 61 1
66 62 2
66 63 3
66 64 2
66 65 3
67 0 1
67 1 1
67 2 2
67 3 2
67 4 1
67 5 3
67 6 2
67 7 1
67 8 1
67 9 1
67 10 2
67 11 2
67 12 2
67 13 1
67 14 1
67 15 1
67 16 3
67 17 1
67 18 3
67 19 1
67 20 3
67 21 3
67 22 1
67 23 3
67 24 1
67 25 3
67 26 3
67 27 2
67 28 3
67 29 2
67 30 1
67 31 2
67 32 1
67 33 1
67 34 1
67 35 3
67 36 1
67 37 2
67 38 2
67 39 1
67 40 2
67 41 1
67 42 3
67 43 2
67 44 3
67 45 1
67 46 1
67 47 3
67 48 3
67 49 2
67 50 1
67 51 2
67 52 3
67 53 3
67 54 2
67 55 3
67 56 2
67 57 2
67 58 3
67 59 3
67 60 1
67 61 2
67 62 3
67 63 2
67 64 1
67 65 2
67 66 1
68 0 1
68 1 2
68 2 3
68 3 3
68 4 1
68 5 2
68 6 1
68 7 2
68 8 3
68 9 3
68 10 1
68 11 3
68 12 3
68 13 3
68 14 2
68 15 2
68 16 1
68 17 3
68 18 3
68 19 1
68 20 2
68 21 3
68 22 1
68 23 1
68 24 2
68 25 1
68 26 3
68 27 3
68 28 1
68 29 1
68 30 1
68 31 1
68 32 3
68 33 3
68 34 3
68 35 1
68 36 2
68 37 1
68 38 1
68 39 2
68 40 1
68 41 3
68 42 1
68 43 2
68 44 1
68 45 3
68 46 1
68 47 3
68 48 2
68 49 3
68 50 3
68 51 3
68 52 2
68 53 2
68 54 2
68 55 3
68 56 2
68 57 2
68 58 3
68 59 2
68 60 2
68 61 1
68 62 3
68 63 2
68 64 3
68 65 3
68 66 3
68 67 2
69 0 2
69 1 2
69 2 3
69 3 3
69 4 1
69 5 1
69 6 3
69 7 2
69 8 2
69 9 3
69 10 2
69 11 3
69 12 3
69 13 3
69 14 2
69 15 2
69 16 2
69 17 3
69 18 2
69 19 1
69 20 1
69 21 2
69 22 3
69 23 1
69 24 3
69 25 2
69 26 1
69 27 2
69 28 1
69 29 3
69 30 3
69 31 2
69 32 3
69 33 2
69 34 1
69 35 2
69 36 1
69 37 3
69 38 3
69 39 3
69 40 3
69 41 1
69 42 1
69 43 2
69 44 2
69 45 1
69 46 3
69 47 1
69 48 3
69 49 1
69 50 3
69 51 1
69 52 3
69 53 2
69 54 2
69 55 2
69 56 3
69 57 3
69 58 2
69 59 1
69 60 3
69 61 3
69 62 2
69 63 3
69 64 3
69 65 2
69 66 2
69 67 1
69 68 2
