60
1 0 3
2 0 4
2 1 2
3 0 1
3 1 3
3 2 2
4 0 1
4 1 2
4 2 1
4 3 1
5 0 3
5 1 4
5 2 2
5 3 4
5 4 3
6 0 2
6 1 4
6 2 3
6 3 1
6 4 3
6 5 4
7 0 2
7 1 1
7 2 1
7 3 4
7 4 4
7 5 2
7 6 1
8 0 3
8 1 3
8 2 3
8 3 2
8 4 2
8 5 1
8 6 4
8 7 2
9 0 1
9 1 3
9 2 1
9 3 4
9 4 4
9 5 2
9 6 2
9 7 4
9 8 4
10 0 1
10 1 4
10 2 2
10 3 1
10 4 2
10 5 1
10 6 3
10 7 4
10 8 2
10 9 2
11 0 2
11 1 4
11 2 2
11 3 2
11 4 1
11 5 2
11 6 3
11 7 4
11 8 2
11 9 4
11 10 2
12 0 2
12 1 3
12 2 4
12 3 2
12 4 4
12 5 1
12 6 3
12 7 3
12 8 4
12 9 2
12 10 4
12 11 3
13 0 1
13 1 3
13 2 1
13 3 3
13 4 4
13 5 4
13 6 2
13 7 1
13 8 1
13 9 4
13 10 1
13 11 2
13 12 3
14 0 3
14 1 3
14 2 2
14 3 2
14 4 2
14 5 3
14 6 1
14 7 2
14 8 4
14 9 2
14 10 3
14 11 4
14 12 3
14 13 2
15 0 4
15 1 3
15 2 4
15 3 2
15 4 4
15 5 4
15 6 3
15 7 1
15 8 4
15 9 2
15 10 3
15 11 2
15 12 3
15 13 3
15 14 2
16 0 1
16 1 4
16 2 2
16 3 1
16 4 1
16 5 2
16 6 2
16 7 2
16 8 4
16 9 3
16 10 3
16 11 1
16 12 1
16 13 2
16 14 4
16 15 1
17 0 3
17 1 3
17 2 1
17 3 3
17 4 4
17 5 2
17 6 4
17 7 4
17 8 4
17 9 3
17 10 1
17 11 3
17 12 1
17 13 4
17 14 4
17 15 4
17 16 1
18 0 3
18 1 1
18 2 4
18 3 1
18 4 2
18 5 2
18 6 4
18 7 4
18 8 2
18 9 2
18 10 4
18 11 1
18 12 4
18 13 1
18 14 3
18 15 2
18 16 4
18 17 1
19 0 2
19 1 3
19 2 3
19 3 2
19 4 4
19 5 2
19 6 2
19 7 3
19 8 1
19 9 1
19 10 1
19 11 3
19 12 4
19 13 4
19 14 1
19 15 4
19 16 4
19 17 2
19 18 4
20 0 4
20 1 4
20 2 3
20 3 2
20 4 4
20 5 3
20 6 4
20 7 2
20 8 4
20 9 1
20 10 2
20 11 3
20 12 2
20 13 4
20 14 4
20 15 1
20 16 1
20 17 1
20 18 1
20 19 2
21 0 2
21 1 3
21 2 2
21 3 4
21 4 4
21 5 3
21 6 1
21 7 3
21 8 4
21 9 2
21 10 3
21 11 2
21 12 4
21 13 4
21 14 2
21 15 1
21 16 3
21 17 2
21 18 4
21 19 2
21 20 3
22 0 4
22 1 2
22 2 2
22 3 3
22 4 1
22 5 4
22 6 1
22 7 2
22 8 4
22 9 3
22 10 2
22 11 2
22 12 2
22 13 2
22 14 1
22 15 4
22 16 3
22 17 2
22 18 3
22 19 3
22 20 3
22 21 2
23 0 2
23 1 1
23 2 2
23 3 1
23 4 1
23 5 2
23 6 3
23 7 4
23 8 4
23 9 3
23 10 3
23 11 1
23 12 2
23 13 1
23 14 2
23 15 1
23 16 3
23 17 3
23 18 1
23 19 4
23 20 1
23 21 1
23 22 2
24 0 2
24 1 1
24 2 1
24 3 3
24 4 2
24 5 3
24 6 2
24 7 3
24 8 2
24 9 2
24 10 3
24 11 1
24 12 2
24 13 1
24 14 4
24 15 2
24 16 4
24 17 1
24 18 4
24 19 3
24 20 3
24 21 2
24 22 4
24 23 2
25 0 2
25 1 4
25 2 2
25 3 1
25 4 3
25 5 1
25 6 3
25 7 2
25 8 2
25 9 4
25 10 1
25 11 3
25 12 1
25 13 3
25 14 3
25 15 2
25 16 3
25 17 3
25 18 1
25 19 4
25 20 3
25 21 4
25 22 4
25 23 2
25 24 1
26 0 3
26 1 4
26 2 3
26 3 4
26 4 4
26 5 1
26 6 1
26 7 1
26 8 1
26 9 2
26 10 3
26 11 1
26 12 4
26 13 4
26 14 1
26 15 3
26 16 3
26 17 1
26 18 2
26 19 4
26 20 4
26 21 1
26 22 1
26 23 3
26 24 2
26 25 3
27 0 4
27 1 2
27 2 3
27 3 4
27 4 1
27 5 3
27 6 1
27 7 2
27 8 2
27 9 4
27 10 4
27 11 1
27 12 3
27 13 2
27 14 3
27 15 1
27 16 3
27 17 4
27 18 3
27 19 4
27 20 2
27 21 1
27 22 4
27 23 3
27 24 4
27 25 1
27 26 3
28 0 4
28 1 4
28 2 4
28 3 4
28 4 2
28 5 3
28 6 3
28 7 4
28 8 4
28 9 3
28 10 4
28 11 1
28 12 4
28 13 1
28 14 1
28 15 4
28 16 3
28 17 2
28 18 2
28 19 4
28 20 2
28 21 3
28 22 4
28 23 4
28 24 3
28 25 1
28 26 2
28 27 3
29 0 3
29 1 2
29 2 1
29 3 3
29 4 2
29 5 1
29 6 3
29 7 3
29 8 2
29 9 2
29 10 4
29 11 2
29 12 4
29 13 3
29 14 3
29 15 2
29 16 1
29 17 1
29 18 3
29 19 4
29 20 3
29 21 3
29 22 3
29 23 3
29 24 4
29 25 1
29 26 3
29 27 3
29 28 4
30 0 3
30 1 4
30 2 3
30 3 1
30 4 4
30 5 4
30 6 1
30 7 2
30 8 2
30 9 1
30 10 2
30 11 1
30 12 4
30 13 2
30 14 4
30 15 2
30 16 4
30 17 3
30 18 2
30 19 2
30 20 4
30 21 1
30 22 4
30 23 2
30 24 2
30 25 3
30 26 1
30 27 1
30 28 1
30 29 1
31 0 1
31 1 2
31 2 3
31 3 3
31 4 3
31 5 3
31 6 1
31 7 1
31 8 1
31 9 4
31 10 3
31 11 4
31 12 4
31 13 2
31 14 1
31 15 4
31 16 2
31 17 4
31 18 4
31 19 3
31 20 4
31 21 4
31 22 3
31 23 4
31 24 3
31 25 4
31 26 3
31 27 2
31 28 1
31 29 1
31 30 2
32 0 3
32 1 2
32 2 2
32 3 2
32 4 3
32 5 3
32 6 4
32 7 1
32 8 4
32 9 1
32 10 3
32 11 4
32 12 3
32 13 4
32 14 4
32 15 4
32 16 3
32 17 3
32 18 3
32 19 1
32 20 1
32 21 2
32 22 2
32 23 1
32 24 1
32 25 2
32 26 1
32 27 3
32 28 4
32 29 1
32 30 1
32 31 4
33 0 2
33 1 2
33 2 4
33 3 2
33 4 1
33 5 2
33 6 4
33 7 2
33 8 1
33 9 4
33 10 3
33 11 2
33 12 1
33 13 4
33 14 3
33 15 1
33 16 1
33 17 3
33 18 2
33 19 2
33 20 4
33 21 3
33 22 1
33 23 4
33 24 4
33 25 3
33 26 4
33 27 4
33 28 1
33 29 3
33 30 3
33 31 2
33 32 4
34 0 1
34 1 1
34 2 4
34 3 2
34 4 3
34 5 3
34 6 1
34 7 1
34 8 3
34 9 3
34 10 4
34 11 1
34 12 1
34 13 4
34 14 2
34 15 3
34 16 2
34 17 2
34 18 1
34 19 2
34 20 4
34 21 1
34 22 2
34 23 2
34 24 1
34 25 4
34 26 2
34 27 4
34 28 3
34 29 4
34 30 3
34 31 1
34 32 4
34 33 3
35 0 2
35 1 2
35 2 2
35 3 1
35 4 2
35 5 1
35 6 4
35 7 1
35 8 1
35 9 3
35 10 1
35 11 4
35 12 4
35 13 3
35 14 1
35 15 4
35 16 2
35 17 3
35 18 1
35 19 3
35 20 3
35 21 4
35 22 1
35 23 1
35 24 1
35 25 3
35 26 2
35 27 1
35 28 1
35 29 4
35 30 3
35 31 2
35 32 1
35 33 2
35 34 4
36 0 3
36 1 1
36 2 3
36 3 2
36 4 1
36 5 4
36 6 2
36 7 4
36 8 2
36 9 4
36 10 2
36 11 4
36 12 2
36 13 4
36 14 3
36 15 2
36 16 4
36 17 3
36 18 3
36 19 2
36 20 3
36 21 2
36 22 3
36 23 3
36 24 2
36 25 4
36 26 4
36 27 3
36 28 3
36 29 3
36 30 3
36 31 2
36 32 2
36 33 2
36 34 1
36 35 3
37 0 1
37 1 2
37 2 3
37 3 3
37 4 4
37 5 2
37 6 2
37 7 3
37 8 3
37 9 1
37 10 1
37 11 3
37 12 3
37 13 2
37 14 3
37 15 3
37 16 1
37 17 2
37 18 2
37 19 1
37 20 3
37 21 3
37 22 2
37 23 2
37 24 3
37 25 2
37 26 3
37 27 2
37 28 3
37 29 1
37 30 1
37 31 2
37 32 1
37 33 4
37 34 3
37 35 4
37 36 3
38 0 3
38 1 4
38 2 3
38 3 2
38 4 4
38 5 3
38 6 1
38 7 3
38 8 4
38 9 3
38 10 2
38 11 4
38 12 4
38 13 2
38 14 4
38 15 4
38 16 4
38 17 4
38 18 3
38 19 4
38 20 1
38 21 2
38 22 1
38 23 2
38 24 1
38 25 2
38 26 2
38 27 1
38 28 4
38 29 4
38 30 2
38 31 2
38 32 1
38 33 4
38 34 4
38 35 3
38 36 3
38 37 1
39 0 2
39 1 3
39 2 1
39 3 1
39 4 1
39 5 1
39 6 2
39 7 3
39 8 1
39 9 2
39 10 2
39 11 1
39 12 4
39 13 4
39 14 2
39 15 1
39 16 3
39 17 3
39 18 1
39 19 2
39 20 4
39 21 1
39 22 3
39 23 1
39 24 3
39 25 4
39 26 1
39 27 2
39 28 3
39 29 4
39 30 2
39 31 3
39 32 2
39 33 2
39 34 4
39 35 2
39 36 4
39 37 2
39 38 1
40 0 4
40 1 3
40 2 2
40 3 2
40 4 3
40 5 2
40 6 3
40 7 1
40 8 2
40 9 2
40 10 1
40 11 2
40 12 4
40 13 3
40 14 4
40 15 1
40 16 3
40 17 4
40 18 2
40 19 1
40 20 3
40 21 1
40 22 2
40 23 3
40 24 4
40 25 2
40 26 4
40 27 1
40 28 4
40 29 3
40 30 4
40 31 3
40 32 4
40 33 1
40 34 4
40 35 4
40 36 1
40 37 1
40 38 1
40 39 4
41 0 2
41 1 2
41 2 2
41 3 4
41 4 4
41 5 2
41 6 4
41 7 1
41 8 4
41 9 2
41 10 4
41 11 1
41 12 4
41 13 4
41 14 3
41 15 2
41 16 1
41 17 3
41 18 3
41 19 1
41 20 3
41 21 2
41 22 3
41 23 1
41 24 1
41 25 4
41 26 3
41 27 2
41 28 1
41 29 4
41 30 4
41 31 2
41 32 4
41 33 2
41 34 4
41 35 4
41 36 4
41 37 2
41 38 4
41 39 4
41 40 3
42 0 3
42 1 1
42 2 4
42 3 1
42 4 2
42 5 3
42 6 2
42 7 3
42 8 4
42 9 2
42 10 4
42 11 3
42 12 3
42 13 1
42 14 1
42 15 1
42 16 4
42 17 3
42 18 1
42 19 4
42 20 2
42 21 2
42 22 1
42 23 1
42 24 4
42 25 1
42 26 1
42 27 3
42 28 1
42 29 4
42 30 4
42 31 4
42 32 2
42 33 4
42 34 1
42 35 3
42 36 3
42 37 4
42 38 1
42 39 1
42 40 4
42 41 3
43 0 3
43 1 2
43 2 2
43 3 1
43 4 3
43 5 2
43 6 2
43 7 1
43 8 2
43 9 1
43 10 2
43 11 2
43 12 3
43 13 2
43 14 3
43 15 1
43 16 4
43 17 4
43 18 2
43 19 2
43 20 3
43 21 3
43 22 2
43 23 1
43 24 1
43 25 4
43 26 1
43 27 2
43 28 3
43 29 4
43 30 1
43 31 3
43 32 2
43 33 1
43 34 2
43 35 4
43 36 4
43 37 2
43 38 2
43 39 3
43 40 1
43 41 2
43 42 3
44 0 1
44 1 2
44 2 2
44 3 4
44 4 3
44 5 2
44 6 3
44 7 4
44 8 1
44 9 1
44 10 2
44 11 3
44 12 1
44 13 3
44 14 1
44 15 4
44 16 2
44 17 2
44 18 1
44 19 2
44 20 2
44 21 1
44 22 2
44 23 1
44 24 3
44 25 1
44 26 4
44 27 4
44 28 4
44 29 4
44 30 3
44 31 2
44 32 1
44 33 3
44 34 1
44 35 3
44 36 2
44 37 4
44 38 1
44 39 3
44 40 1
44 41 1
44 42 4
44 43 3
45 0 1
45 1 2
45 2 4
45 3 4
45 4 4
45 5 2
45 6 3
45 7 4
45 8 4
45 9 2
45 10 3
45 11 2
45 12 1
45 13 1
45 14 2
45 15 1
45 16 3
45 17 1
45 18 3
45 19 1
45 20 4
45 21 2
45 22 2
45 23 2
45 24 3
45 25 4
45 26 4
45 27 1
45 28 3
45 29 3
45 30 1
45 31 4
45 32 4
45 33 2
45 34 1
45 35 2
45 36 4
45 37 1
45 38 4
45 39 3
45 40 1
45 41 4
45 42 2
45 43 2
45 44 1
46 0 2
46 1 2
46 2 1
46 3 4
46 4 3
46 5 2
46 6 2
46 7 3
46 8 3
46 9 4
46 10 1
46 11 1
46 12 4
46 13 4
46 14 4
46 15 3
46 16 4
46 17 1
46 18 4
46 19 2
46 20 3
46 21 3
46 22 1
46 23 3
46 24 2
46 25 4
46 26 1
46 27 3
46 28 3
46 29 2
46 30 3
46 31 4
46 32 2
46 33 1
46 34 2
46 35 1
46 36 3
46 37 4
46 38 1
46 39 4
46 40 2
46 41 1
46 42 2
46 43 2
46 44 1
46 45 4
47 0 3
47 1 3
47 2 4
47 3 4
47 4 3
47 5 3
47 6 2
47 7 3
47 8 3
47 9 2
47 10 2
47 11 2
47 12 4
47 13 4
47 14 3
47 15 3
47 16 1
47 17 1
47 18 1
47 19 3
47 20 4
47 21 2
47 22 4
47 23 2
47 24 2
47 25 1
47 26 2
47 27 4
47 28 1
47 29 2
47 30 1
47 31 2
47 32 1
47 33 4
47 34 4
47 35 4
47 36 1
47 37 1
47 38 4
47 39 2
47 40 4
47 41 1
47 42 3
47 43 3
47 44 4
47 45 2
47 46 1
48 0 3
48 1 1
48 2 2
48 3 3
48 4 4
48 5 1
48 6 3
48 7 3
48 8 4
48 9 3
48 10 3
48 11 3
48 12 4
48 13 4
48 14 2
48 15 4
48 16 1
48 17 2
48 18 1
48 19 1
48 20 4
48 21 3
48 22 1
48 23 4
48 24 1
48 25 1
48 26 3
48 27 3
48 28 3
48 29 1
48 30 1
48 31 4
48 32 1
48 33 2
48 34 2
48 35 2
48 36 3
48 37 3
48 38 4
48 39 2
48 40 3
48 41 2
48 42 4
48 43 3
48 44 4
48 45 3
48 46 4
48 47 2
49 0 1
49 1 2
49 2 4
49 3 2
49 4 4
49 5 2
49 6 2
49 7 3
49 8 1
49 9 3
49 10 1
49 11 2
49 12 4
49 13 1
49 14 4
49 15 2
49 16 2
49 17 1
49 18 4
49 19 3
49 20 3
49 21 2
49 22 2
49 23 4
49 24 4
49 25 1
49 26 4
49 27 2
49 28 2
49 29 4
49 30 2
49 31 2
49 32 1
49 33 1
49 34 4
49 35 1
49 36 3
49 37 4
49 38 4
49 39 3
49 40 3
49 41 4
49 42 4
49 43 1
49 44 3
49 45 3
49 46 4
49 47 3
49 48 3
50 0 3
50 1 2
50 2 1
50 3 3
50 4 3
50 5 1
50 6 1
50 7 3
50 8 4
50 9 4
50 10 2
50 11 3
50 12 2
50 13 1
50 14 3
50 15 4
50 16 3
50 17 2
50 18 1
50 19 1
50 20 3
50 21 2
50 22 2
50 23 4
50 24 3
50 25 1
50 26 1
50 27 2
50 28 3
50 29 3
50 30 1
50 31 3
50 32 2
50 33 1
50 34 3
50 35 1
50 36 1
50 37 4
50 38 3
50 39 4
50 40 2
50 41 2
50 42 4
50 43 1
50 44 3
50 45 4
50 46 1
50 47 3
50 48 3
50 49 4
51 0 2
51 1 1
51 2 3
51 3 2
51 4 2
51 5 3
51 6 4
51 7 4
51 8 1
51 9 2
51 10 3
51 11 4
51 12 3
51 13 3
51 14 4
51 15 1
51 16 2
51 17 1
51 18 2
51 19 4
51 20 3
51 21 1
51 22 1
51 23 2
51 24 3
51 25 3
51 26 3
51 27 1
51 28 4
51 29 1
51 30 2
51 31 1
51 32 4
51 33 3
51 34 1
51 35 1
51 36 3
51 37 4
51 38 1
51 39 4
51 40 1
51 41 4
51 42 4
51 43 1
51 44 1
51 45 3
51 46 1
51 47 3
51 48 4
51 49 1
51 50 4
52 0 1
52 1 4
52 2 4
52 3 2
52 4 2
52 5 3
52 6 4
52 7 1
52 8 4
52 9 1
52 10 3
52 11 2
52 12 2
52 13 3
52 14 4
52 15 3
52 16 1
52 17 3
52 18 3
52 19 4
52 20 4
52 21 4
52 22 3
52 23 4
52 24 2
52 25 1
52 26 2
52 27 3
52 28 1
52 29 1
52 30 3
52 31 4
52 32 1
52 33 4
52 34 2
52 35 1
52 36 4
52 37 1
52 38 2
52 39 2
52 40 2
52 41 2
52 42 2
52 43 4
52 44 1
52 45 1
52 46 3
52 47 3
52 48 3
52 49 3
52 50 3
52 51 2
53 0 2
53 1 4
53 2 1
53 3 1
53 4 4
53 5 4
53 6 4
53 7 3
53 8 4
53 9 2
53 10 2
53 11 4
53 12 2
53 13 2
53 14 1
53 15 3
53 16 4
53 17 4
53 18 4
53 19 3
53 20 4
53 21 3
53 22 4
53 23 3
53 24 4
53 25 3
53 26 3
53 27 3
53 28 4
53 29 3
53 30 2
53 31 3
53 32 2
53 33 2
53 34 1
53 35 2
53 36 1
53 37 1
53 38 3
53 39 2
53 40 3
53 41 4
53 42 4
53 43 4
53 44 4
53 45 1
53 46 4
53 47 4
53 48 3
53 49 1
53 50 4
53 51 1
53 52 2
54 0 3
54 1 4
54 2 1
54 3 3
54 4 3
54 5 2
54 6 3
54 7 1
54 8 3
54 9 3
54 10 3
54 11 2
54 12 1
54 13 2
54 14 4
54 15 1
54 16 3
54 17 3
54 18 1
54 19 4
54 20 3
54 21 1
54 22 4
54 23 2
54 24 4
54 25 4
54 26 4
54 27 3
54 28 4
54 29 4
54 30 3
54 31 2
54 32 2
54 33 4
54 34 2
54 35 2
54 36 1
54 37 1
54 38 3
54 39 3
54 40 4
54 41 2
54 42 2
54 43 3
54 44 4
54 45 3
54 46 3
54 47 2
54 48 4
54 49 2
54 50 3
54 51 1
54 52 2
54 53 1
55 0 4
55 1 1
55 2 4
55 3 1
55 4 3
55 5 4
55 6 2
55 7 1
55 8 4
55 9 1
55 10 3
55 11 2
55 12 1
55 13 4
55 14 1
55 15 1
55 16 4
55 17 1
55 18 2
55 19 1
55 20 3
55 21 1
55 22 3
55 23 1
55 24 2
55 25 4
55 26 1
55 27 1
55 28 1
55 29 2
55 30 3
55 31 1
55 32 3
55 33 4
55 34 1
55 35 4
55 36 3
55 37 3
55 38 2
55 39 1
55 40 3
55 41 4
55 42 4
55 43 4
55 44 1
55 45 4
55 46 2
55 47 1
55 48 3
55 49 3
55 50 3
55 51 4
55 52 2
55 53 2
55 54 3
56 0 2
56 1 3
56 2 2
56 3 4
56 4 3
56 5 2
56 6 1
56 7 3
56 8 2
56 9 4
56 10 1
56 11 2
56 12 4
56 13 1
56 14 1
56 15 2
56 16 4
56 17 1
56 18 2
56 19 4
56 20 1
56 21 3
56 22 1
56 23 1
56 24 4
56 25 1
56 26 2
56 27 2
56 28 1
56 29 1
56 30 4
56 31 3
56 32 1
56 33 3
56 34 3
56 35 1
56 36 4
56 37 1
56 38 2
56 39 2
56 40 4
56 41 1
56 42 2
56 43 3
56 44 4
56 45 2
56 46 4
56 47 4
56 48 3
56 49 2
56 50 2
56 51 1
56 52 1
56 53 3
56 54 3
56 55 4
57 0 3
57 1 4
57 2 3
57 3 2
57 4 1
57 5 3
57 6 3
57 7 1
57 8 3
57 9 4
57 10 2
57 11 1
57 12 3
57 13 1
57 14 4
57 15 1
57 16 1
57 17 4
57 18 4
57 19 4
57 20 2
57 21 1
57 22 1
57 23 1
57 24 2
57 25 1
57 26 2
57 27 2
57 28 2
57 29 4
57 30 3
57 31 2
57 32 3
57 33 4
57 34 1
57 35 1
57 36 1
57 37 1
57 38 3
57 39 4
57 40 1
57 41 1
57 42 3
57 43 3
57 44 2
57 45 3
57 46 4
57 47 1
57 48 2
57 49 1
57 50 3
57 51 4
57 52 3
57 53 2
57 54 3
57 55 4
57 56 4
58 0 2
58 1 1
58 2 1
58 3 3
58 4 1
58 5 1
58 6 3
58 7 4
58 8 3
58 9 2
58 10 2
58 11 2
58 12 4
58 13 3
58 14 1
58 15 3
58 16 2
58 17 2
58 18 4
58 19 3
58 20 3
58 21 2
58 22 4
58 23 2
58 24 4
58 25 2
58 26 2
58 27 2
58 28 3
58 29 2
58 30 3
58 31 2
58 32 1
58 33 4
58 34 4
58 35 1
58 36 4
58 37 1
58 38 2
58 39 3
58 40 4
58 41 3
58 42 4
58 43 1
58 44 1
58 45 3
58 46 3
58 47 4
58 48 1
58 49 4
58 50 4
58 51 3
58 52 3
58 53 4
58 54 3
58 55 4
58 56 1
58 57 2
59 0 1
59 1 2
59 2 4
59 3 3
59 4 3
59 5 1
59 6 1
59 7 4
59 8 3
59 9 4
59 10 3
59 11 2
59 12 2
59 13 3
59 14 2
59 15 4
59 16 1
59 17 1
59 18 4
59 19 4
59 20 1
59 21 4
59 22 1
59 23 2
59 24 1
59 25 2
59 26 1
59 27 4
59 28 4
59 29 2
59 30 1
59 31 3
59 32 2
59 33 3
59 34 1
59 35 4
59 36 2
59 37 4
59 38 3
59 39 4
59 40 1
59 41 1
59 42 2
59 43 4
59 44 1
59 45 3
59 46 1
59 47 3
59 48 1
59 49 4
59 50 3
59 51 4
59 52 2
59 53 1
59 54 2
59 55 1
59 56 2
59 57 3
59 58 4
