20
1 0 10
2 0 9
2 1 6
3 0 11
3 1 4
3 2 7
4 0 11
4 1 1
4 2 5
4 3 6
5 0 10
5 1 8
5 2 11
5 3 4
5 4 9
6 0 4
6 1 2
6 2 3
6 3 3
6 4 7
6 5 1
7 0 5
7 1 11
7 2 7
7 3 10
7 4 4
7 5 8
7 6 7
8 0 8
8 1 4
8 2 5
8 3 7
8 4 7
8 5 3
8 6 9
8 7 1
9 0 4
9 1 4
9 2 5
9 3 5
9 4 10
9 5 11
9 6 5
9 7 9
9 8 6
10 0 8
10 1 5
10 2 6
10 3 10
10 4 8
10 5 3
10 6 9
10 7 5
10 8 2
10 9 4
11 0 6
11 1 3
11 2 11
11 3 7
11 4 8
11 5 11
11 6 3
11 7 10
11 8 10
11 9 6
11 10 9
12 0 10
12 1 8
12 2 2
12 3 3
12 4 10
12 5 7
12 6 4
12 7 5
12 8 5
12 9 10
12 10 11
12 11 3
13 0 8
13 1 8
13 2 6
13 3 7
13 4 11
13 5 1
13 6 8
13 7 8
13 8 11
13 9 6
13 10 8
13 11 8
13 12 1
14 0 1
14 1 8
14 2 10
14 3 10
14 4 3
14 5 3
14 6 5
14 7 5
14 8 9
14 9 8
14 10 9
14 11 11
14 12 9
14 13 10
15 0 7
15 1 10
15 2 2
15 3 5
15 4 6
15 5 3
15 6 3
15 7 1
15 8 8
15 9 11
15 10 1
15 11 11
15 12 7
15 13 5
15 14 5
16 0 6
16 1 5
16 2 4
16 3 8
16 4 2
16 5 9
16 6 6
16 7 4
16 8 6
16 9 4
16 10 5
16 11 11
16 12 9
16 13 11
16 14 4
16 15 3
17 0 7
17 1 10
17 2 9
17 3 1
17 4 1
17 5 6
17 6 10
17 7 9
17 8 2
17 9 9
17 10 4
17 11 8
17 12 9
17 13 10
17 14 4
17 15 7
17 16 10
18 0 10
18 1 2
18 2 10
18 3 5
18 4 3
18 5 7
18 6 7
18 7 7
18 8 10
18 9 8
18 10 8
18 11 6
18 12 7
18 13 6
18 14 11
18 15 11
18 16 2
18 17 5
19 0 5
19 1 8
19 2 3
19 3 2
19 4 4
19 5 11
19 6 7
19 7 2
19 8 2
19 9 6
19 10 6
19 11 5
19 12 9
19 13 11
19 14 3
19 15 5
19 16 5
19 17 10
19 18 2
