30
1 0 6
2 0 1
2 1 12
3 0 4
3 1 9
3 2 1
4 0 4
4 1 12
4 2 1
4 3 12
5 0 2
5 1 7
5 2 6
5 3 2
5 4 11
6 0 6
6 1 1
6 2 1
6 3 6
6 4 1
6 5 7
7 0 5
7 1 8
7 2 7
7 3 3
7 4 11
7 5 3
7 6 4
8 0 3
8 1 3
8 2 12
8 3 1
8 4 8
8 5 10
8 6 7
8 7 11
9 0 1
9 1 10
9 2 7
9 3 1
9 4 7
9 5 11
9 6 10
9 7 5
9 8 7
10 0 9
10 1 7
10 2 7
10 3 7
10 4 10
10 5 3
10 6 11
10 7 11
10 8 5
10 9 10
11 0 4
11 1 9
11 2 5
11 3 8
11 4 7
11 5 4
11 6 4
11 7 9
11 8 6
11 9 11
11 10 6
12 0 12
12 1 10
12 2 10
12 3 12
12 4 4
12 5 6
12 6 11
12 7 4
12 8 11
12 9 9
12 10 7
12 11 7
13 0 2
13 1 11
13 2 10
13 3 8
13 4 11
13 5 9
13 6 7
13 7 1
13 8 2
13 9 2
13 10 9
13 11 6
13 12 5
14 0 10
14 1 5
14 2 3
14 3 8
14 4 10
14 5 9
14 6 12
14 7 3
14 8 9
14 9 1
14 10 12
14 11 7
14 12 4
14 13 4
15 0 3
15 1 10
15 2 1
15 3 5
15 4 5
15 5 12
15 6 3
15 7 11
15 8 7
15 9 6
15 10 5
15 11 10
15 12 8
15 13 12
15 14 12
16 0 8
16 1 4
16 2 12
16 3 4
16 4 4
16 5 6
16 6 11
16 7 8
16 8 7
16 9 1
16 10 7
16 11 8
16 12 7
16 13 11
16 14 3
16 15 6
17 0 8
17 1 8
17 2 8
17 3 6
17 4 8
17 5 11
17 6 11
17 7 1
17 8 8
17 9 8
17 10 5
17 11 9
17 12 4
17 13 2
17 14 11
17 15 2
17 16 5
18 0 3
18 1 12
18 2 10
18 3 8
18 4 4
18 5 5
18 6 10
18 7 6
18 8 9
18 9 9
18 10 1
18 11 4
18 12 11
18 13 5
18 14 4
18 15 9
18 16 10
18 17 8
19 0 11
19 1 12
19 2 7
19 3 9
19 4 12
19 5 4
19 6 3
19 7 12
19 8 12
19 9 10
19 10 10
19 11 8
19 12 12
19 13 11
19 14 8
19 15 6
19 16 5
19 17 10
19 18 3
20 0 6
20 1 9
20 2 2
20 3 12
20 4 9
20 5 4
20 6 4
20 7 1
20 8 4
20 9 2
20 10 5
20 11 12
20 12 10
20 13 4
20 14 1
20 15 5
20 16 9
20 17 6
20 18 8
20 19 8
21 0 1
21 1 4
21 2 11
21 3 11
21 4 11
21 5 4
21 6 6
21 7 6
21 8 12
21 9 10
21 10 1
21 11 9
21 12 4
21 13 6
21 14 12
21 15 5
21 16 6
21 17 9
21 18 2
21 19 1
21 20 6
22 0 11
22 1 8
22 2 12
22 3 2
22 4 12
22 5 12
22 6 3
22 7 8
22 8 5
22 9 12
22 10 1
22 11 10
22 12 10
22 13 8
22 14 2
22 15 7
22 16 3
22 17 1
22 18 1
22 19 9
22 20 7
22 21 9
23 0 2
23 1 9
23 2 9
23 3 4
23 4 11
23 5 7
23 6 9
23 7 8
23 8 8
23 9 3
23 10 11
23 11 11
23 12 2
23 13 6
23 14 8
23 15 2
23 16 9
23 17 2
23 18 10
23 19 5
23 20 1
23 21 4
23 22 12
24 0 2
24 1 8
24 2 12
24 3 11
24 4 3
24 5 3
24 6 7
24 7 2
24 8 6
24 9 8
24 10 10
24 11 5
24 12 10
24 13 4
24 14 8
24 15 9
24 16 8
24 17 4
24 18 2
24 19 6
24 20 12
24 21 8
24 22 10
24 23 3
25 0 7
25 1 11
25 2 6
25 3 6
25 4 12
25 5 10
25 6 2
25 7 2
25 8 4
25 9 3
25 10 11
25 11 11
25 12 3
25 13 9
25 14 8
25 15 1
25 16 6
25 17 11
25 18 8
25 19 5
25 20 1
25 21 1
25 22 5
25 23 8
25 24 7
26 0 4
26 1 2
26 2 9
26 3 6
26 4 4
26 5 8
26 6 7
26 7 1
26 8 11
26 9 12
26 10 10
26 11 9
26 12 10
26 13 1
26 14 9
26 15 5
26 16 8
26 17 10
26 18 2
26 19 8
26 20 5
26 21 11
26 22 2
26 23 4
26 24 9
26 25 9
27 0 10
27 1 3
27 2 10
27 3 12
27 4 2
27 5 1
27 6 10
27 7 8
27 8 10
27 9 11
27 10 4
27 11 6
27 12 5
27 13 5
27 14 5
27 15 3
27 16 1
27 17 2
27 18 4
27 19 10
27 20 1
27 21 9
27 22 6
27 23 1
27 24 4
27 25 11
27 26 12
28 0 10
28 1 8
28 2 5
28 3 7
28 4 1
28 5 4
28 6 1
28 7 2
28 8 9
28 9 4
28 10 6
28 11 12
28 12 10
28 13 1
28 14 4
28 15 9
28 16 12
28 17 3
28 18 2
28 19 7
28 20 2
28 21 5
28 22 11
28 23 10
28 24 7
28 25 12
28 26 7
28 27 6
29 0 10
29 1 11
29 2 10
29 3 8
29 4 3
29 5 4
29 6 12
29 7 5
29 8 4
29 9 12
29 10 12
29 11 2
29 12 12
29 13 3
29 14 1
29 15 1
29 16 6
29 17 4
29 18 7
29 19 2
29 20 1
29 21 10
29 22 6
29 23 4
29 24 11
29 25 3
29 26 3
29 27 6
29 28 10
