70
2 0 1
3 0 2
3 1 4
4 3 1
5 0 3
5 1 5
5 3 4
6 3 2
6 4 2
6 5 5
7 0 1
7 4 2
7 5 2
8 0 3
8 3 2
8 7 3
9 1 1
9 3 1
9 4 3
9 5 1
9 8 4
10 2 3
10 5 2
10 6 5
10 8 4
11 2 5
11 3 5
11 4 5
11 5 5
11 6 1
11 8 3
11 9 4
11 10 4
12 0 3
12 4 3
12 5 1
12 8 5
12 9 1
13 2 1
13 4 3
13 6 3
13 8 3
13 9 5
14 0 1
14 1 4
14 2 2
14 4 3
14 6 3
14 7 4
14 8 1
14 9 2
14 10 5
14 12 3
15 3 5
15 6 3
15 7 5
15 8 4
15 9 4
15 12 4
15 13 4
15 14 1
16 3 2
16 4 1
16 5 5
16 6 4
16 8 3
16 9 1
16 11 3
16 14 2
17 2 5
17 5 3
17 6 4
17 7 1
17 9 4
17 10 4
17 13 3
17 14 1
17 15 4
18 0 5
18 1 3
18 3 5
18 6 5
18 7 2
18 8 3
18 9 5
18 10 2
18 11 5
18 13 1
18 14 1
18 15 3
18 16 1
18 17 2
19 2 1
19 4 4
19 5 1
19 9 2
19 16 3
20 0 2
20 1 4
20 2 3
20 3 1
20 6 3
20 8 5
20 10 1
20 11 4
20 12 4
20 15 2
20 16 5
21 0 2
21 1 5
21 3 4
21 8 5
21 9 1
21 12 4
21 16 5
21 17 2
21 19 1
22 0 4
22 1 3
22 2 5
22 3 4
22 4 4
22 5 1
22 9 4
22 10 5
22 11 2
22 13 3
22 17 5
22 18 4
22 21 2
23 0 5
23 1 2
23 3 4
23 4 4
23 6 3
23 8 2
23 11 4
23 13 4
23 15 5
23 21 2
23 22 2
24 0 2
24 2 3
24 3 2
24 6 4
24 8 1
24 9 2
24 10 2
24 15 4
24 18 2
24 22 2
24 23 2
25 0 3
25 1 5
25 2 3
25 5 2
25 7 2
25 8 3
25 9 2
25 12 3
25 17 2
25 18 1
25 22 2
25 24 2
26 0 5
26 4 2
26 9 1
26 10 3
26 15 5
26 16 2
26 19 3
26 20 3
26 21 3
26 22 1
26 23 2
27 0 2
27 1 3
27 2 3
27 4 1
27 5 2
27 6 2
27 7 4
27 8 2
27 9 4
27 10 4
27 13 5
27 15 3
27 17 2
27 18 1
27 19 1
27 20 1
27 23 3
27 24 3
28 0 5
28 2 2
28 4 5
28 10 1
28 12 2
28 15 1
28 19 1
28 23 3
28 24 3
28 25 1
28 26 5
29 0 5
29 3 1
29 4 5
29 7 5
29 10 3
29 12 3
29 18 3
29 19 5
29 20 1
29 22 2
29 23 5
29 26 5
29 27 4
30 0 2
30 3 1
30 4 3
30 5 2
30 6 4
30 7 3
30 8 3
30 10 2
30 11 2
30 12 5
30 14 1
30 18 3
30 19 1
30 20 2
30 21 3
30 23 3
30 26 5
30 28 5
30 29 3
31 0 2
31 3 1
31 6 1
31 8 1
31 10 1
31 12 3
31 14 3
31 15 3
31 20 4
31 21 2
31 22 5
31 23 1
31 27 4
31 29 5
32 1 3
32 2 3
32 3 4
32 7 5
32 9 4
32 10 1
32 11 5
32 12 3
32 13 3
32 15 4
32 18 5
32 20 1
32 22 3
32 24 5
32 26 1
32 27 5
32 30 4
32 31 3
33 0 2
33 1 3
33 5 4
33 11 1
33 12 4
33 13 1
33 14 4
33 15 1
33 17 1
33 18 5
33 21 5
33 22 2
33 26 1
33 27 5
33 29 4
33 30 1
33 31 2
33 32 5
34 0 1
34 1 1
34 3 4
34 5 1
34 6 3
34 11 4
34 13 3
34 14 1
34 15 5
34 22 1
34 23 4
34 27 3
34 28 2
34 32 4
34 33 2
35 2 3
35 4 1
35 5 2
35 6 4
35 7 3
35 8 2
35 14 2
35 15 5
35 16 4
35 17 3
35 18 4
35 19 5
35 20 4
35 22 4
35 23 4
35 24 4
35 27 4
35 30 3
35 32 5
35 34 1
36 2 2
36 5 2
36 6 2
36 9 3
36 11 3
36 13 1
36 14 2
36 15 3
36 17 3
36 18 3
36 19 1
36 20 1
36 21 2
36 24 3
36 25 1
36 26 1
36 27 4
36 31 2
36 32 4
36 34 2
37 1 4
37 2 4
37 3 5
37 5 5
37 10 1
37 13 5
37 14 4
37 20 5
37 21 5
37 22 5
37 23 5
37 24 2
37 26 1
37 27 5
37 28 3
37 31 5
37 34 4
37 36 5
38 0 2
38 1 4
38 3 5
38 4 2
38 7 2
38 9 1
38 13 4
38 14 5
38 18 2
38 19 3
38 23 5
38 27 2
38 28 1
38 29 3
38 30 4
38 31 3
38 32 1
38 33 4
38 34 1
39 3 2
39 7 3
39 12 4
39 13 3
39 16 2
39 17 2
39 20 5
39 23 3
39 25 2
39 27 5
39 28 2
39 30 2
39 31 4
39 32 4
39 33 2
39 34 4
39 37 1
39 38 4
40 0 1
40 3 1
40 5 3
40 7 5
40 9 4
40 12 1
40 13 4
40 16 1
40 17 4
40 19 1
40 21 3
40 22 3
40 23 1
40 24 1
40 26 3
40 27 1
40 28 1
40 29 2
40 30 3
40 31 4
40 32 1
40 33 1
40 37 4
41 1 1
41 5 2
41 6 2
41 7 5
41 8 1
41 9 2
41 10 2
41 11 5
41 16 1
41 18 1
41 21 5
41 22 3
41 23 4
41 25 2
41 27 3
41 28 2
41 29 5
41 30 2
41 31 5
41 32 5
41 34 4
41 35 3
41 37 5
41 38 5
41 39 3
42 3 1
42 6 1
42 8 3
42 9 2
42 12 5
42 13 3
42 16 1
42 19 3
42 20 5
42 25 5
42 26 2
42 27 3
42 29 3
42 30 1
42 32 1
42 33 2
42 34 2
42 35 4
42 36 4
42 37 4
42 38 2
43 0 1
43 1 2
43 4 3
43 6 4
43 7 4
43 10 1
43 11 4
43 12 2
43 14 1
43 19 1
43 21 4
43 24 1
43 26 2
43 27 2
43 28 1
43 29 5
43 30 4
43 31 3
43 33 5
43 35 3
43 36 2
43 37 5
43 38 5
43 39 4
43 41 2
43 42 2
44 0 2
44 4 2
44 7 5
44 8 5
44 9 3
44 12 3
44 13 5
44 14 2
44 15 2
44 16 1
44 17 3
44 18 4
44 20 3
44 22 3
44 25 4
44 26 2
44 27 1
44 30 2
44 31 3
44 37 1
44 39 1
44 41 2
44 43 2
45 1 4
45 2 5
45 5 1
45 9 3
45 11 2
45 12 4
45 15 5
45 17 3
45 18 3
45 19 4
45 21 5
45 23 1
45 24 5
45 25 1
45 26 3
45 27 4
45 30 5
45 31 3
45 32 5
45 34 3
45 35 5
45 38 3
45 39 1
45 44 5
46 0 2
46 1 3
46 2 5
46 4 3
46 5 3
46 12 3
46 14 3
46 15 3
46 21 1
46 22 3
46 23 4
46 25 1
46 26 4
46 27 5
46 28 5
46 29 3
46 31 5
46 32 5
46 35 2
46 37 1
46 38 4
46 40 1
46 41 1
46 43 4
46 45 5
47 0 5
47 1 2
47 3 2
47 7 5
47 8 4
47 9 3
47 10 5
47 14 1
47 19 2
47 20 4
47 22 1
47 23 3
47 25 1
47 27 3
47 30 3
47 31 5
47 34 3
47 35 4
47 37 4
47 38 4
47 39 3
47 42 1
47 43 1
47 44 5
47 46 3
48 2 1
48 8 4
48 12 2
48 13 4
48 14 3
48 16 4
48 19 4
48 21 1
48 22 2
48 24 1
48 25 5
48 26 1
48 27 4
48 34 5
48 36 5
48 37 3
48 41 5
48 42 2
48 43 4
48 44 2
48 45 5
49 0 3
49 2 1
49 3 1
49 7 2
49 9 1
49 11 3
49 12 4
49 14 3
49 16 3
49 19 2
49 21 2
49 22 5
49 24 1
49 26 3
49 28 1
49 29 5
49 30 4
49 35 4
49 36 4
49 39 1
49 40 4
49 41 3
49 45 4
49 46 1
49 47 2
50 1 1
50 2 2
50 5 5
50 8 4
50 10 2
50 11 1
50 12 4
50 13 4
50 14 3
50 16 1
50 18 3
50 19 5
50 21 1
50 23 5
50 24 3
50 25 3
50 26 5
50 27 2
50 28 5
50 29 2
50 30 2
50 31 4
50 32 5
50 34 4
50 35 2
50 38 3
50 39 1
50 40 1
50 45 4
50 46 1
50 48 5
51 0 3
51 2 5
51 3 2
51 5 3
51 6 5
51 7 2
51 9 5
51 10 2
51 11 4
51 16 3
51 17 1
51 21 1
51 22 2
51 23 3
51 29 5
51 30 1
51 31 5
51 32 1
51 33 3
51 34 2
51 38 5
51 40 3
51 43 1
51 45 2
51 49 2
51 50 5
52 3 4
52 4 1
52 5 4
52 7 3
52 8 3
52 10 5
52 16 2
52 17 1
52 18 4
52 19 3
52 25 5
52 26 1
52 30 1
52 35 4
52 36 1
52 37 4
52 38 4
52 40 5
52 44 4
52 45 1
52 46 4
52 47 3
52 49 2
52 50 3
52 51 2
53 0 1
53 2 3
53 5 3
53 6 4
53 7 4
53 12 2
53 13 1
53 18 5
53 21 5
53 22 4
53 24 1
53 27 5
53 30 2
53 31 2
53 32 2
53 33 2
53 38 1
53 39 1
53 41 5
53 42 5
53 44 5
53 46 5
53 47 3
53 48 4
53 52 4
54 0 4
54 1 1
54 4 4
54 5 3
54 6 1
54 9 5
54 11 2
54 13 1
54 17 4
54 18 3
54 19 4
54 20 2
54 25 3
54 30 2
54 34 1
54 37 2
54 38 4
54 39 3
54 41 4
54 42 3
54 45 2
54 46 5
54 48 1
55 0 3
55 1 1
55 4 4
55 7 3
55 8 4
55 9 1
55 10 1
55 11 1
55 15 1
55 19 1
55 20 5
55 21 2
55 22 1
55 24 5
55 26 4
55 27 2
55 30 5
55 31 5
55 33 4
55 34 3
55 36 2
55 37 2
55 43 3
55 44 2
55 45 4
55 46 4
55 47 1
55 51 1
56 0 2
56 2 5
56 3 3
56 4 4
56 6 2
56 9 2
56 12 2
56 14 1
56 16 1
56 17 1
56 20 1
56 25 1
56 26 1
56 28 4
56 30 4
56 32 1
56 36 3
56 37 5
56 40 5
56 42 1
56 43 3
56 46 3
56 48 1
56 51 5
56 53 1
56 55 1
57 1 1
57 2 3
57 6 3
57 7 2
57 8 4
57 12 4
57 13 4
57 16 2
57 17 4
57 20 1
57 21 2
57 27 4
57 31 2
57 35 5
57 40 3
57 41 1
57 44 2
57 47 4
57 49 5
57 50 2
57 51 3
57 55 1
57 56 1
58 1 1
58 4 3
58 5 2
58 6 2
58 11 4
58 12 1
58 14 4
58 15 2
58 17 1
58 19 2
58 20 3
58 21 5
58 22 3
58 25 4
58 27 2
58 29 4
58 31 1
58 32 2
58 36 5
58 38 2
58 40 5
58 41 4
58 42 5
58 43 5
58 46 1
58 47 4
58 48 4
58 49 5
58 52 1
58 53 5
58 54 3
59 3 2
59 6 5
59 7 2
59 8 1
59 9 1
59 11 5
59 13 4
59 14 4
59 16 2
59 17 2
59 19 1
59 23 4
59 25 2
59 26 3
59 27 4
59 28 4
59 30 1
59 33 5
59 34 2
59 35 5
59 36 5
59 40 3
59 41 5
59 45 4
59 48 1
59 49 5
59 52 3
60 2 3
60 3 5
60 4 4
60 5 4
60 6 2
60 7 3
60 8 5
60 9 3
60 12 2
60 13 4
60 15 4
60 16 3
60 19 1
60 20 4
60 22 5
60 28 5
60 30 2
60 31 1
60 36 1
60 38 1
60 40 2
60 44 4
60 45 1
60 47 4
60 48 2
60 50 2
60 52 2
60 54 4
60 57 4
61 0 2
61 1 1
61 7 5
61 10 5
61 15 4
61 17 1
61 19 1
61 20 2
61 21 2
61 23 1
61 26 5
61 29 4
61 32 3
61 33 4
61 34 4
61 35 2
61 36 2
61 37 5
61 40 1
61 42 3
61 44 4
61 48 4
61 49 1
61 51 4
61 53 3
61 54 1
61 56 3
61 58 4
62 2 2
62 3 5
62 4 4
62 5 2
62 6 3
62 7 3
62 10 4
62 11 4
62 12 1
62 13 3
62 14 5
62 19 1
62 20 2
62 21 4
62 25 2
62 26 2
62 27 5
62 28 2
62 30 2
62 31 5
62 32 2
62 33 5
62 34 4
62 35 4
62 37 2
62 38 1
62 41 2
62 42 4
62 47 5
62 51 2
62 52 5
62 53 4
62 55 5
62 56 4
62 57 2
62 58 5
62 60 4
62 61 2
63 1 5
63 4 5
63 6 1
63 10 3
63 11 4
63 13 2
63 15 3
63 16 4
63 17 1
63 18 4
63 19 1
63 20 3
63 22 1
63 29 1
63 32 4
63 34 5
63 36 4
63 37 4
63 40 3
63 42 2
63 45 5
63 46 3
63 47 4
63 49 1
63 50 2
63 51 1
63 56 3
63 59 4
63 60 4
63 61 2
64 4 4
64 8 3
64 10 2
64 12 3
64 17 1
64 19 3
64 22 1
64 24 2
64 25 1
64 26 1
64 28 1
64 29 3
64 30 5
64 31 2
64 32 5
64 33 4
64 35 4
64 38 1
64 40 4
64 41 1
64 42 5
64 44 1
64 46 1
64 49 2
64 50 1
64 52 4
64 53 2
64 54 5
64 61 4
64 63 5
65 0 3
65 4 5
65 8 3
65 13 4
65 17 4
65 19 1
65 22 3
65 24 4
65 26 2
65 27 5
65 28 1
65 29 1
65 31 4
65 33 4
65 34 5
65 35 3
65 37 5
65 44 3
65 46 1
65 47 5
65 50 1
65 57 1
65 60 3
65 61 5
65 63 3
65 64 5
66 1 1
66 2 1
66 6 5
66 7 2
66 9 3
66 11 5
66 12 5
66 13 3
66 14 3
66 17 2
66 19 1
66 20 1
66 23 5
66 27 4
66 29 4
66 31 4
66 32 1
66 35 3
66 36 3
66 39 1
66 40 1
66 44 1
66 45 3
66 46 3
66 51 5
66 52 1
66 54 3
66 56 2
66 60 4
66 61 3
66 64 5
66 65 1
67 3 1
67 4 1
67 6 3
67 7 5
67 8 5
67 9 5
67 11 1
67 15 2
67 16 5
67 17 1
67 19 5
67 20 1
67 21 1
67 22 2
67 23 3
67 25 3
67 29 5
67 30 5
67 32 3
67 35 5
67 37 2
67 40 4
67 43 3
67 44 3
67 45 4
67 47 1
67 51 3
67 52 3
67 53 3
67 55 4
67 56 2
67 59 1
67 60 5
67 61 4
67 64 1
67 65 4
68 1 2
68 4 3
68 6 2
68 7 2
68 8 4
68 9 1
68 10 1
68 11 2
68 13 4
68 14 4
68 15 5
68 18 5
68 19 5
68 20 5
68 22 5
68 25 4
68 28 3
68 29 4
68 30 5
68 32 1
68 38 4
68 39 2
68 41 4
68 42 3
68 43 1
68 44 5
68 46 3
68 48 4
68 51 1
68 53 4
68 56 2
68 58 1
68 61 1
68 62 3
68 65 5
68 66 1
68 67 1
69 0 4
69 3 2
69 4 1
69 9 4
69 10 1
69 11 4
69 12 5
69 15 4
69 16 2
69 17 5
69 19 5
69 20 5
69 21 4
69 24 5
69 28 5
69 29 2
69 34 5
69 35 5
69 36 1
69 39 3
69 41 5
69 42 2
69 43 5
69 47 2
69 52 5
69 54 1
69 60 3
69 62 1
69 63 3
69 67 3
