60
1 0 8
2 0 3
2 1 9
3 0 2
3 1 5
3 2 8
4 0 2
4 1 1
4 2 11
4 3 3
5 0 12
5 1 11
5 2 7
5 3 7
5 4 6
6 0 9
6 1 5
6 2 10
6 3 10
6 4 10
6 5 8
7 0 7
7 1 2
7 2 5
7 3 5
7 4 10
7 5 8
7 6 9
8 0 5
8 1 13
8 2 8
8 3 10
8 4 6
8 5 10
8 6 7
8 7 4
9 0 13
9 1 4
9 2 8
9 3 2
9 4 8
9 5 5
9 6 12
9 7 4
9 8 12
10 0 4
10 1 13
10 2 6
10 3 8
10 4 12
10 5 13
10 6 11
10 7 9
10 8 5
10 9 3
11 0 11
11 1 9
11 2 10
11 3 4
11 4 13
11 5 6
11 6 3
11 7 2
11 8 9
11 9 9
11 10 1
12 0 7
12 1 4
12 2 10
12 3 7
12 4 11
12 5 5
12 6 2
12 7 1
12 8 9
12 9 8
12 10 3
12 11 3
13 0 8
13 1 4
13 2 9
13 3 10
13 4 6
13 5 7
13 6 8
13 7 7
13 8 9
13 9 9
13 10 6
13 11 4
13 12 13
14 0 11
14 1 7
14 2 8
14 3 2
14 4 10
14 5 9
14 6 5
14 7 13
14 8 4
14 9 12
14 10 6
14 11 5
14 12 5
14 13 12
15 0 10
15 1 2
15 2 9
15 3 9
15 4 9
15 5 6
15 6 5
15 7 6
15 8 12
15 9 7
15 10 5
15 11 10
15 12 13
15 13 12
15 14 8
16 0 3
16 1 13
16 2 11
16 3 5
16 4 4
16 5 8
16 6 5
16 7 13
16 8 7
16 9 10
16 10 5
16 11 1
16 12 4
16 13 10
16 14 2
16 15 2
17 0 2
17 1 9
17 2 11
17 3 10
17 4 7
17 5 1
17 6 4
17 7 9
17 8 10
17 9 6
17 10 13
17 11 5
17 12 2
17 13 5
17 14 1
17 15 1
17 16 10
18 0 2
18 1 13
18 2 3
18 3 7
18 4 7
18 5 13
18 6 9
18 7 9
18 8 1
18 9 8
18 10 3
18 11 4
18 12 9
18 13 11
18 14 10
18 15 3
18 16 8
18 17 4
19 0 7
19 1 10
19 2 8
19 3 6
19 4 12
19 5 9
19 6 1
19 7 13
19 8 3
19 9 6
19 10 6
19 11 11
19 12 10
19 13 8
19 14 5
19 15 7
19 16 1
19 17 10
19 18 6
20 0 1
20 1 3
20 2 8
20 3 2
20 4 5
20 5 5
20 6 5
20 7 7
20 8 11
20 9 12
20 10 5
20 11 6
20 12 6
20 13 4
20 14 6
20 15 1
20 16 2
20 17 4
20 18 8
20 19 6
21 0 8
21 1 4
21 2 4
21 3 11
21 4 10
21 5 8
21 6 8
21 7 4
21 8 12
21 9 4
21 10 1
21 11 10
21 12 6
21 13 8
21 14 6
21 15 12
21 16 12
21 17 4
21 18 5
21 19 4
21 20 6
22 0 9
22 1 13
22 2 12
22 3 3
22 4 3
22 5 13
22 6 3
22 7 6
22 8 12
22 9 7
22 10 13
22 11 7
22 12 3
22 13 3
22 14 10
22 15 6
22 16 1
22 17 8
22 18 1
22 19 1
22 20 10
22 21 4
23 0 9
23 1 1
23 2 4
23 3 9
23 4 9
23 5 9
23 6 1
23 7 12
23 8 4
23 9 13
23 10 1
23 11 2
23 12 1
23 13 5
23 14 4
23 15 2
23 16 11
23 17 8
23 18 7
23 19 12
23 20 6
23 21 10
23 22 4
24 0 13
24 1 8
24 2 10
24 3 11
24 4 5
24 5 3
24 6 3
24 7 3
24 8 6
24 9 2
24 10 1
24 11 8
24 12 11
24 13 1
24 14 1
24 15 1
24 16 3
24 17 12
24 18 3
24 19 12
24 20 1
24 21 3
24 22 13
24 23 12
25 0 3
25 1 13
25 2 4
25 3 5
25 4 4
25 5 9
25 6 3
25 7 9
25 8 11
25 9 9
25 10 8
25 11 12
25 12 9
25 13 2
25 14 7
25 15 3
25 16 7
25 17 4
25 18 13
25 19 8
25 20 12
25 21 6
25 22 9
25 23 8
25 24 9
26 0 3
26 1 3
26 2 3
26 3 12
26 4 4
26 5 2
26 6 6
26 7 3
26 8 9
26 9 5
26 10 6
26 11 13
26 12 1
26 13 5
26 14 6
26 15 4
26 16 10
26 17 9
26 18 9
26 19 10
26 20 11
26 21 13
26 22 8
26 23 10
26 24 4
26 25 10
27 0 9
27 1 7
27 2 9
27 3 9
27 4 4
27 5 7
27 6 8
27 7 6
27 8 12
27 9 9
27 10 12
27 11 10
27 12 12
27 13 13
27 14 1
27 15 6
27 16 8
27 17 8
27 18 5
27 19 13
27 20 7
27 21 10
27 22 9
27 23 1
27 24 11
27 25 2
27 26 8
28 0 8
28 1 4
28 2 12
28 3 9
28 4 1
28 5 1
28 6 12
28 7 13
28 8 9
28 9 4
28 10 3
28 11 6
28 12 4
28 13 11
28 14 4
28 15 5
28 16 13
28 17 10
28 18 7
28 19 4
28 20 11
28 21 10
28 22 11
28 23 6
28 24 7
28 25 8
28 26 2
28 27 5
29 0 11
29 1 2
29 2 12
29 3 8
29 4 6
29 5 12
29 6 5
29 7 7
29 8 6
29 9 9
29 10 3
29 11 3
29 12 1
29 13 2
29 14 11
29 15 11
29 16 12
29 17 10
29 18 11
29 19 13
29 20 13
29 21 3
29 22 12
29 23 12
29 24 10
29 25 12
29 26 1
29 27 9
29 28 5
30 0 3
30 1 8
30 2 13
30 3 11
30 4 12
30 5 1
30 6 8
30 7 2
30 8 3
30 9 3
30 10 8
30 11 5
30 12 10
30 13 9
30 14 9
30 15 1
30 16 3
30 17 10
30 18 1
30 19 7
30 20 9
30 21 10
30 22 6
30 23 9
30 24 7
30 25 6
30 26 13
30 27 8
30 28 10
30 29 2
31 0 12
31 1 9
31 2 13
31 3 5
31 4 11
31 5 1
31 6 11
31 7 2
31 8 6
31 9 9
31 10 1
31 11 6
31 12 2
31 13 6
31 14 6
31 15 8
31 16 13
31 17 13
31 18 10
31 19 2
31 20 6
31 21 8
31 22 13
31 23 12
31 24 5
31 25 5
31 26 11
31 27 1
31 28 13
31 29 10
31 30 1
32 0 8
32 1 10
32 2 12
32 3 9
32 4 11
32 5 3
32 6 12
32 7 4
32 8 2
32 9 1
32 10 9
32 11 1
32 12 3
32 13 11
32 14 10
32 15 7
32 16 9
32 17 5
32 18 5
32 19 2
32 20 2
32 21 13
32 22 9
32 23 7
32 24 11
32 25 2
32 26 13
32 27 8
32 28 6
32 29 7
32 30 2
32 31 9
33 0 1
33 1 6
33 2 8
33 3 6
33 4 12
33 5 9
33 6 13
33 7 6
33 8 1
33 9 10
33 10 9
33 11 11
33 12 10
33 13 2
33 14 7
33 15 12
33 16 1
33 17 8
33 18 12
33 19 12
33 20 8
33 21 11
33 22 1
33 23 10
33 24 10
33 25 7
33 26 7
33 27 8
33 28 11
33 29 10
33 30 3
33 31 12
33 32 1
34 0 10
34 1 12
34 2 3
34 3 13
34 4 12
34 5 7
34 6 9
34 7 2
34 8 1
34 9 1
34 10 3
34 11 11
34 12 11
34 13 10
34 14 7
34 15 8
34 16 7
34 17 1
34 18 10
34 19 12
34 20 3
34 21 7
34 22 2
34 23 1
34 24 3
34 25 1
34 26 1
34 27 7
34 28 3
34 29 1
34 30 4
34 31 8
34 32 1
34 33 6
35 0 3
35 1 7
35 2 6
35 3 8
35 4 2
35 5 6
35 6 5
35 7 6
35 8 6
35 9 8
35 10 3
35 11 4
35 12 11
35 13 13
35 14 10
35 15 9
35 16 4
35 17 8
35 18 10
35 19 12
35 20 12
35 21 1
35 22 10
35 23 8
35 24 2
35 25 1
35 26 9
35 27 9
35 28 5
35 29 10
35 30 7
35 31 7
35 32 12
35 33 6
35 34 3
36 0 13
36 1 10
36 2 5
36 3 7
36 4 8
36 5 2
36 6 1
36 7 1
36 8 10
36 9 5
36 10 10
36 11 4
36 12 9
36 13 5
36 14 7
36 15 6
36 16 9
36 17 6
36 18 3
36 19 10
36 20 11
36 21 7
36 22 13
36 23 2
36 24 12
36 25 2
36 26 5
36 27 6
36 28 6
36 29 4
36 30 13
36 31 1
36 32 9
36 33 6
36 34 6
36 35 8
37 0 11
37 1 10
37 2 12
37 3 13
37 4 11
37 5 11
37 6 9
37 7 2
37 8 11
37 9 1
37 10 8
37 11 3
37 12 8
37 13 8
37 14 8
37 15 1
37 16 9
37 17 3
37 18 7
37 19 4
37 20 12
37 21 11
37 22 11
37 23 2
37 24 7
37 25 1
37 26 9
37 27 11
37 28 10
37 29 2
37 30 13
37 31 6
37 32 13
37 33 6
37 34 12
37 35 6
37 36 9
38 0 2
38 1 10
38 2 3
38 3 13
38 4 1
38 5 1
38 6 7
38 7 9
38 8 6
38 9 10
38 10 13
38 11 12
38 12 13
38 13 6
38 14 9
38 15 1
38 16 6
38 17 7
38 18 4
38 19 5
38 20 10
38 21 3
38 22 7
38 23 9
38 24 2
38 25 8
38 26 5
38 27 9
38 28 6
38 29 13
38 30 11
38 31 8
38 32 9
38 33 4
38 34 9
38 35 5
38 36 8
38 37 6
39 0 13
39 1 6
39 2 12
39 3 13
39 4 2
39 5 1
39 6 3
39 7 1
39 8 5
39 9 5
39 10 9
39 11 11
39 12 13
39 13 10
39 14 10
39 15 12
39 16 4
39 17 6
39 18 1
39 19 13
39 20 11
39 21 6
39 22 13
39 23 7
39 24 13
39 25 6
39 26 5
39 27 7
39 28 10
39 29 8
39 30 10
39 31 3
39 32 2
39 33 11
39 34 3
39 35 7
39 36 4
39 37 9
39 38 8
40 0 10
40 1 10
40 2 3
40 3 2
40 4 2
40 5 13
40 6 3
40 7 10
40 8 10
40 9 13
40 10 7
40 11 4
40 12 7
40 13 13
40 14 11
40 15 9
40 16 2
40 17 12
40 18 13
40 19 13
40 20 13
40 21 5
40 22 12
40 23 6
40 24 2
40 25 12
40 26 8
40 27 2
40 28 5
40 29 7
40 30 5
40 31 8
40 32 13
40 33 5
40 34 13
40 35 7
40 36 4
40 37 11
40 38 10
40 39 6
41 0 9
41 1 9
41 2 8
41 3 9
41 4 1
41 5 7
41 6 8
41 7 7
41 8 3
41 9 4
41 10 8
41 11 1
41 12 7
41 13 10
41 14 4
41 15 1
41 16 6
41 17 9
41 18 7
41 19 12
41 20 1
41 21 6
41 22 1
41 23 3
41 24 5
41 25 1
41 26 10
41 27 11
41 28 8
41 29 12
41 30 4
41 31 4
41 32 6
41 33 10
41 34 12
41 35 4
41 36 3
41 37 2
41 38 11
41 39 4
41 40 12
42 0 3
42 1 11
42 2 4
42 3 10
42 4 3
42 5 9
42 6 9
42 7 12
42 8 7
42 9 3
42 10 6
42 11 3
42 12 5
42 13 3
42 14 8
42 15 11
42 16 1
42 17 1
42 18 3
42 19 13
42 20 11
42 21 10
42 22 2
42 23 1
42 24 12
42 25 1
42 26 12
42 27 9
42 28 6
42 29 5
42 30 3
42 31 4
42 32 13
42 33 5
42 34 8
42 35 8
42 36 9
42 37 12
42 38 5
42 39 1
42 40 12
42 41 8
43 0 9
43 1 2
43 2 5
43 3 11
43 4 11
43 5 11
43 6 7
43 7 4
43 8 10
43 9 2
43 10 4
43 11 2
43 12 8
43 13 12
43 14 4
43 15 13
43 16 12
43 17 13
43 18 3
43 19 7
43 20 10
43 21 7
43 22 7
43 23 2
43 24 2
43 25 6
43 26 6
43 27 4
43 28 4
43 29 3
43 30 7
43 31 1
43 32 5
43 33 9
43 34 9
43 35 8
43 36 6
43 37 9
43 38 3
43 39 7
43 40 11
43 41 11
43 42 7
44 0 12
44 1 4
44 2 8
44 3 4
44 4 12
44 5 9
44 6 2
44 7 7
44 8 5
44 9 2
44 10 2
44 11 2
44 12 11
44 13 11
44 14 13
44 15 10
44 16 5
44 17 11
44 18 11
44 19 13
44 20 5
44 21 10
44 22 7
44 23 4
44 24 4
44 25 13
44 26 3
44 27 12
44 28 4
44 29 1
44 30 9
44 31 2
44 32 11
44 33 10
44 34 9
44 35 6
44 36 9
44 37 4
44 38 5
44 39 13
44 40 3
44 41 2
44 42 12
44 43 4
45 0 5
45 1 13
45 2 11
45 3 5
45 4 2
45 5 10
45 6 8
45 7 4
45 8 1
45 9 3
45 10 6
45 11 13
45 12 8
45 13 1
45 14 7
45 15 7
45 16 11
45 17 8
45 18 11
45 19 9
45 20 4
45 21 12
45 22 4
45 23 13
45 24 13
45 25 6
45 26 7
45 27 9
45 28 6
45 29 8
45 30 5
45 31 1
45 32 10
45 33 2
45 34 4
45 35 8
45 36 7
45 37 5
45 38 7
45 39 6
45 40 6
45 41 9
45 42 1
45 43 7
45 44 7
46 0 8
46 1 10
46 2 4
46 3 4
46 4 5
46 5 9
46 6 6
46 7 7
46 8 13
46 9 7
46 10 12
46 11 6
46 12 11
46 13 2
46 14 8
46 15 9
46 16 3
46 17 7
46 18 12
46 19 11
46 20 4
46 21 10
46 22 5
46 23 1
46 24 11
46 25 1
46 26 5
46 27 12
46 28 8
46 29 8
46 30 10
46 31 5
46 32 8
46 33 4
46 34 11
46 35 11
46 36 13
46 37 4
46 38 8
46 39 8
46 40 7
46 41 7
46 42 12
46 43 8
46 44 11
46 45 8
47 0 8
47 1 13
47 2 1
47 3 7
47 4 5
47 5 9
47 6 3
47 7 8
47 8 7
47 9 6
47 10 10
47 11 6
47 12 6
47 13 11
47 14 9
47 15 6
47 16 10
47 17 3
47 18 11
47 19 2
47 20 7
47 21 10
47 22 2
47 23 5
47 24 11
47 25 10
47 26 4
47 27 11
47 28 11
47 29 5
47 30 3
47 31 5
47 32 11
47 33 2
47 34 5
47 35 5
47 36 7
47 37 7
47 38 6
47 39 9
47 40 13
47 41 6
47 42 5
47 43 9
47 44 12
47 45 1
47 46 1
48 0 12
48 1 1
48 2 7
48 3 9
48 4 10
48 5 2
48 6 11
48 7 8
48 8 8
48 9 11
48 10 6
48 11 4
48 12 4
48 13 6
48 14 13
48 15 12
48 16 1
48 17 5
48 18 9
48 19 2
48 20 5
48 21 12
48 22 13
48 23 5
48 24 4
48 25 8
48 26 2
48 27 5
48 28 9
48 29 2
48 30 10
48 31 5
48 32 8
48 33 12
48 34 10
48 35 5
48 36 5
48 37 9
48 38 3
48 39 6
48 40 7
48 41 13
48 42 6
48 43 13
48 44 4
48 45 3
48 46 3
48 47 7
49 0 8
49 1 12
49 2 1
49 3 9
49 4 1
49 5 1
49 6 5
49 7 10
49 8 3
49 9 11
49 10 3
49 11 7
49 12 8
49 13 6
49 14 12
49 15 5
49 16 7
49 17 12
49 18 7
49 19 2
49 20 5
49 21 2
49 22 10
49 23 4
49 24 2
49 25 3
49 26 2
49 27 8
49 28 12
49 29 10
49 30 8
49 31 13
49 32 4
49 33 8
49 34 11
49 35 7
49 36 8
49 37 1
49 38 8
49 39 4
49 40 2
49 41 4
49 42 10
49 43 6
49 44 13
49 45 8
49 46 1
49 47 4
49 48 5
50 0 12
50 1 5
50 2 4
50 3 11
50 4 10
50 5 2
50 6 3
50 7 8
50 8 6
50 9 9
50 10 2
50 11 3
50 12 8
50 13 5
50 14 2
50 15 4
50 16 6
50 17 11
50 18 11
50 19 10
50 20 4
50 21 8
50 22 6
50 23 9
50 24 8
50 25 12
50 26 12
50 27 7
50 28 12
50 29 11
50 30 1
50 31 4
50 32 9
50 33 4
50 34 7
50 35 7
50 36 13
50 37 13
50 38 2
50 39 9
50 40 3
50 41 12
50 42 9
50 43 4
50 44 9
50 45 12
50 46 11
50 47 5
50 48 2
50 49 2
51 0 1
51 1 2
51 2 2
51 3 5
51 4 1
51 5 7
51 6 10
51 7 7
51 8 13
51 9 11
51 10 13
51 11 11
51 12 3
51 13 9
51 14 4
51 15 11
51 16 13
51 17 3
51 18 13
51 19 1
51 20 12
51 21 10
51 22 6
51 23 12
51 24 1
51 25 3
51 26 5
51 27 10
51 28 11
51 29 6
51 30 9
51 31 7
51 32 13
51 33 5
51 34 8
51 35 12
51 36 11
51 37 7
51 38 1
51 39 8
51 40 2
51 41 1
51 42 8
51 43 13
51 44 3
51 45 6
51 46 11
51 47 12
51 48 4
51 49 7
51 50 7
52 0 6
52 1 5
52 2 13
52 3 3
52 4 11
52 5 13
52 6 9
52 7 9
52 8 9
52 9 3
52 10 5
52 11 12
52 12 7
52 13 11
52 14 1
52 15 13
52 16 10
52 17 3
52 18 1
52 19 10
52 20 8
52 21 9
52 22 6
52 23 1
52 24 7
52 25 10
52 26 5
52 27 6
52 28 6
52 29 3
52 30 7
52 31 4
52 32 7
52 33 9
52 34 9
52 35 3
52 36 1
52 37 13
52 38 9
52 39 4
52 40 13
52 41 7
52 42 4
52 43 3
52 44 5
52 45 3
52 46 3
52 47 6
52 48 12
52 49 13
52 50 12
52 51 4
53 0 1
53 1 4
53 2 2
53 3 4
53 4 5
53 5 6
53 6 11
53 7 5
53 8 5
53 9 13
53 10 5
53 11 12
53 12 5
53 13 6
53 14 2
53 15 6
53 16 8
53 17 8
53 18 12
53 19 12
53 20 8
53 21 10
53 22 12
53 23 6
53 24 8
53 25 11
53 26 4
53 27 10
53 28 1
53 29 12
53 30 9
53 31 8
53 32 4
53 33 1
53 34 10
53 35 11
53 36 13
53 37 9
53 38 6
53 39 3
53 40 8
53 41 4
53 42 1
53 43 2
53 44 12
53 45 7
53 46 12
53 47 11
53 48 2
53 49 13
53 50 12
53 51 2
53 52 3
54 0 9
54 1 5
54 2 3
54 3 8
54 4 13
54 5 4
54 6 12
54 7 9
54 8 2
54 9 12
54 10 3
54 11 4
54 12 8
54 13 1
54 14 2
54 15 11
54 16 1
54 17 10
54 18 2
54 19 3
54 20 10
54 21 13
54 22 2
54 23 10
54 24 12
54 25 3
54 26 2
54 27 13
54 28 3
54 29 2
54 30 2
54 31 8
54 32 11
54 33 7
54 34 9
54 35 4
54 36 5
54 37 1
54 38 10
54 39 4
54 40 6
54 41 13
54 42 5
54 43 13
54 44 4
54 45 6
54 46 12
54 47 6
54 48 1
54 49 11
54 50 9
54 51 13
54 52 9
54 53 9
55 0 7
55 1 10
55 2 1
55 3 7
55 4 2
55 5 7
55 6 6
55 7 4
55 8 1
55 9 6
55 10 12
55 11 4
55 12 4
55 13 1
55 14 8
55 15 3
55 16 11
55 17 7
55 18 4
55 19 8
55 20 1
55 21 3
55 22 8
55 23 1
55 24 10
55 25 4
55 26 10
55 27 2
55 28 7
55 29 13
55 30 9
55 31 3
55 32 5
55 33 12
55 34 10
55 35 6
55 36 13
55 37 4
55 38 13
55 39 3
55 40 12
55 41 10
55 42 8
55 43 7
55 44 4
55 45 13
55 46 13
55 47 8
55 48 10
55 49 4
55 50 12
55 51 10
55 52 7
55 53 2
55 54 8
56 0 11
56 1 1
56 2 6
56 3 9
56 4 9
56 5 13
56 6 2
56 7 6
56 8 4
56 9 12
56 10 7
56 11 8
56 12 3
56 13 13
56 14 13
56 15 6
56 16 3
56 17 2
56 18 13
56 19 3
56 20 4
56 21 6
56 22 12
56 23 12
56 24 2
56 25 12
56 26 12
56 27 7
56 28 13
56 29 1
56 30 2
56 31 13
56 32 10
56 33 3
56 34 4
56 35 13
56 36 4
56 37 11
56 38 5
56 39 13
56 40 8
56 41 11
56 42 9
56 43 12
56 44 5
56 45 1
56 46 11
56 47 5
56 48 4
56 49 5
56 50 2
56 51 3
56 52 13
56 53 12
56 54 8
56 55 1
57 0 3
57 1 7
57 2 6
57 3 7
57 4 4
57 5 4
57 6 2
57 7 8
57 8 13
57 9 11
57 10 13
57 11 8
57 12 11
57 13 10
57 14 5
57 15 12
57 16 6
57 17 6
57 18 10
57 19 2
57 20 6
57 21 12
57 22 7
57 23 6
57 24 13
57 25 11
57 26 13
57 27 1
57 28 8
57 29 5
57 30 13
57 31 5
57 32 11
57 33 10
57 34 8
57 35 10
57 36 10
57 37 7
57 38 11
57 39 12
57 40 1
57 41 13
57 42 5
57 43 9
57 44 3
57 45 1
57 46 4
57 47 6
57 48 7
57 49 10
57 50 5
57 51 9
57 52 7
57 53 11
57 54 8
57 55 9
57 56 12
58 0 5
58 1 1
58 2 7
58 3 9
58 4 4
58 5 3
58 6 4
58 7 6
58 8 7
58 9 2
58 10 4
58 11 3
58 12 7
58 13 8
58 14 12
58 15 10
58 16 11
58 17 5
58 18 1
58 19 7
58 20 8
58 21 6
58 22 10
58 23 9
58 24 9
58 25 12
58 26 6
58 27 2
58 28 5
58 29 6
58 30 8
58 31 9
58 32 9
58 33 1
58 34 12
58 35 10
58 36 2
58 37 1
58 38 2
58 39 7
58 40 6
58 41 9
58 42 13
58 43 10
58 44 13
58 45 12
58 46 9
58 47 11
58 48 10
58 49 12
58 50 4
58 51 4
58 52 13
58 53 12
58 54 13
58 55 4
58 56 4
58 57 13
59 0 7
59 1 8
59 2 13
59 3 7
59 4 6
59 5 3
59 6 4
59 7 12
59 8 3
59 9 4
59 10 2
59 11 9
59 12 8
59 13 9
59 14 3
59 15 4
59 16 5
59 17 8
59 18 7
59 19 2
59 20 11
59 21 8
59 22 7
59 23 4
59 24 2
59 25 10
59 26 7
59 27 1
59 28 4
59 29 3
59 30 10
59 31 6
59 32 12
59 33 1
59 34 10
59 35 6
59 36 4
59 37 9
59 38 4
59 39 9
59 40 12
59 41 10
59 42 2
59 43 1
59 44 12
59 45 5
59 46 3
59 47 5
59 48 1
59 49 8
59 50 13
59 51 3
59 52 10
59 53 6
59 54 13
59 55 3
59 56 13
59 57 8
59 58 11
