60
2 0 4
2 1 9
3 0 3
3 1 1
3 2 7
4 0 11
4 1 9
4 2 5
4 3 3
5 0 6
5 2 7
5 3 11
6 2 9
6 4 5
6 5 4
7 0 6
7 1 7
7 3 8
8 0 4
8 2 8
8 5 9
8 6 7
9 0 11
9 2 5
9 3 2
9 7 1
9 8 6
10 1 5
10 2 8
10 4 8
10 5 2
10 7 2
10 8 2
11 0 6
11 2 7
11 3 2
11 5 4
11 6 10
11 8 1
12 0 9
12 3 9
12 4 3
12 6 10
12 8 8
12 11 9
13 5 5
13 6 9
13 10 9
13 12 5
14 0 1
14 1 1
14 3 6
14 6 4
14 9 3
14 11 9
14 12 5
15 0 2
15 1 2
15 2 3
15 5 5
15 7 1
15 9 6
15 10 2
16 1 11
16 2 6
16 5 1
16 7 5
16 9 9
16 10 9
16 13 6
16 14 9
17 0 3
17 2 5
17 3 7
17 5 2
17 6 9
17 7 2
17 8 4
17 9 7
17 10 4
17 11 5
17 13 9
17 14 5
17 15 1
18 0 1
18 1 2
18 2 10
18 4 3
18 5 8
18 6 8
18 7 9
18 9 2
18 10 3
18 11 5
18 14 8
18 16 6
19 0 2
19 1 9
19 2 7
19 3 10
19 7 7
19 8 2
19 10 3
19 11 2
19 12 10
19 18 6
20 1 7
20 2 10
20 3 10
20 7 11
20 11 1
20 13 11
20 14 10
20 15 9
20 16 3
20 17 10
20 18 1
20 19 10
21 0 11
21 1 10
21 2 2
21 5 4
21 6 2
21 7 7
21 8 8
21 10 9
21 12 7
21 13 1
21 14 4
21 16 8
21 17 6
21 18 1
22 2 9
22 4 8
22 6 4
22 9 1
22 12 8
22 16 6
22 17 1
22 21 1
23 1 10
23 5 10
23 12 4
23 18 11
23 19 8
23 20 4
23 21 5
24 0 9
24 1 11
24 3 9
24 4 9
24 6 2
24 8 10
24 9 6
24 10 2
24 11 4
24 12 11
24 15 1
24 20 7
24 23 11
25 1 6
25 4 7
25 7 6
25 9 2
25 10 1
25 12 1
25 13 9
25 14 5
25 18 11
25 21 5
26 0 8
26 2 6
26 3 9
26 4 4
26 5 7
26 6 10
26 8 2
26 12 9
26 14 8
26 15 3
26 17 8
26 20 3
26 21 5
26 22 6
26 23 10
26 24 11
26 25 3
27 0 4
27 1 9
27 2 11
27 4 4
27 8 9
27 10 10
27 11 9
27 12 5
27 13 1
27 16 4
27 23 9
27 24 1
27 25 4
27 26 6
28 0 8
28 2 5
28 12 2
28 13 9
28 14 2
28 15 9
28 20 7
28 21 6
28 22 1
28 23 4
28 24 10
28 26 5
28 27 11
29 1 10
29 4 4
29 6 2
29 7 7
29 8 2
29 9 2
29 11 9
29 15 7
29 17 10
29 19 6
29 20 2
29 22 2
29 26 8
29 27 2
29 28 4
30 2 10
30 3 5
30 8 7
30 9 8
30 11 8
30 13 4
30 14 4
30 21 4
30 22 5
30 24 9
30 25 2
30 27 6
30 28 7
31 1 9
31 8 7
31 10 5
31 11 5
31 12 9
31 13 1
31 15 1
31 18 4
31 19 4
31 21 8
31 25 3
31 26 5
31 27 5
31 28 7
31 29 11
32 0 3
32 7 4
32 8 2
32 10 10
32 11 5
32 14 7
32 15 11
32 17 9
32 18 7
32 19 2
32 21 3
32 22 8
32 25 10
33 0 4
33 1 5
33 2 4
33 3 4
33 4 6
33 6 6
33 8 11
33 9 4
33 10 3
33 13 9
33 14 1
33 18 10
33 19 6
33 23 5
33 24 7
33 25 6
33 26 6
33 28 7
33 31 7
34 0 6
34 3 10
34 5 6
34 6 1
34 7 1
34 8 6
34 9 6
34 11 11
34 12 6
34 14 6
34 15 8
34 16 11
34 17 1
34 18 6
34 19 2
34 21 9
34 23 2
34 24 6
34 26 1
34 29 10
34 32 9
35 1 7
35 2 4
35 7 5
35 8 6
35 9 1
35 11 8
35 15 6
35 20 6
35 21 11
35 22 3
35 27 11
35 28 5
35 29 6
35 32 10
35 33 7
36 10 3
36 11 2
36 12 2
36 19 6
36 20 6
36 21 11
36 23 6
36 26 6
36 27 9
36 29 6
36 33 10
37 0 5
37 2 6
37 4 4
37 5 7
37 7 9
37 10 7
37 11 9
37 12 4
37 14 4
37 16 7
37 17 10
37 24 2
37 25 11
37 26 6
37 27 8
37 28 2
37 29 9
37 30 10
37 32 6
37 36 8
38 0 10
38 5 11
38 10 7
38 11 5
38 12 3
38 13 6
38 14 11
38 17 9
38 18 10
38 20 10
38 22 5
38 23 6
38 27 6
38 28 10
38 32 11
38 33 7
38 36 2
38 37 6
39 0 11
39 1 2
39 2 10
39 3 6
39 4 10
39 6 3
39 10 10
39 13 6
39 14 1
39 15 3
39 17 3
39 20 11
39 22 8
39 23 2
39 24 11
39 26 2
39 31 11
39 35 4
39 36 6
39 38 5
40 1 5
40 2 1
40 4 3
40 7 10
40 10 11
40 11 2
40 14 4
40 20 3
40 21 6
40 23 11
40 25 6
40 26 5
40 28 2
40 30 6
40 31 3
40 32 8
40 36 10
40 38 5
41 1 8
41 2 6
41 8 11
41 10 1
41 11 4
41 12 3
41 13 7
41 15 3
41 20 4
41 21 8
41 22 3
41 24 7
41 28 1
41 29 9
41 30 6
41 31 10
41 33 3
41 34 2
41 36 6
41 37 4
41 39 3
41 40 10
42 0 7
42 2 8
42 5 6
42 6 7
42 7 11
42 8 8
42 9 1
42 12 3
42 22 1
42 23 10
42 24 5
42 25 4
42 27 1
42 32 10
42 33 3
42 34 6
42 35 2
42 36 10
42 37 9
42 39 1
42 41 10
43 0 7
43 1 8
43 5 1
43 6 1
43 7 6
43 9 11
43 10 11
43 12 5
43 14 11
43 17 1
43 18 9
43 19 9
43 20 2
43 29 9
43 30 7
43 31 9
43 34 11
43 36 3
43 38 9
43 39 4
43 40 4
44 0 7
44 2 4
44 3 11
44 5 2
44 9 1
44 10 8
44 12 7
44 13 1
44 17 1
44 20 6
44 22 7
44 27 10
44 28 8
44 30 11
44 31 4
44 33 7
44 34 9
44 35 4
44 36 8
44 37 10
44 38 11
44 41 6
45 0 2
45 2 11
45 4 4
45 7 10
45 8 4
45 10 11
45 12 1
45 14 1
45 15 8
45 16 5
45 19 11
45 20 4
45 22 9
45 23 10
45 24 10
45 26 9
45 28 5
45 29 6
45 31 10
45 33 11
45 38 5
45 39 1
45 40 9
45 44 7
46 0 1
46 2 11
46 5 3
46 6 11
46 7 3
46 8 4
46 9 2
46 11 2
46 12 3
46 15 5
46 17 7
46 19 2
46 20 7
46 21 2
46 22 10
46 25 8
46 26 11
46 31 5
46 32 7
46 34 10
46 36 8
46 40 4
46 42 5
46 44 6
46 45 2
47 0 9
47 1 11
47 9 7
47 10 11
47 16 6
47 17 4
47 19 4
47 21 10
47 22 6
47 25 6
47 26 11
47 27 4
47 28 1
47 32 4
47 33 1
47 34 2
47 35 5
47 38 7
47 42 3
47 43 5
47 45 5
48 1 11
48 2 11
48 8 7
48 9 6
48 10 7
48 11 6
48 12 4
48 13 7
48 15 4
48 17 8
48 21 2
48 22 11
48 24 1
48 28 4
48 29 3
48 30 11
48 32 7
48 34 4
48 35 2
48 37 2
48 42 10
48 43 5
48 44 6
48 46 10
49 4 10
49 5 11
49 7 1
49 9 6
49 10 3
49 11 3
49 16 6
49 17 4
49 19 3
49 20 5
49 21 8
49 22 7
49 26 6
49 27 3
49 29 10
49 31 10
49 39 10
49 41 9
49 43 4
49 45 5
50 2 7
50 3 3
50 6 8
50 7 6
50 9 8
50 10 10
50 11 8
50 12 8
50 16 8
50 17 6
50 19 9
50 20 3
50 21 1
50 22 3
50 28 5
50 29 11
50 31 3
50 34 6
50 35 9
50 37 7
50 39 6
50 41 2
50 42 9
50 44 6
50 45 2
51 2 6
51 4 9
51 7 9
51 8 9
51 10 7
51 11 10
51 13 9
51 14 11
51 15 9
51 17 3
51 18 5
51 20 4
51 21 11
51 22 2
51 25 3
51 26 8
51 30 2
51 33 3
51 35 6
51 37 6
51 38 11
51 40 3
51 43 5
51 47 9
51 48 8
51 49 10
52 1 5
52 2 1
52 3 2
52 6 4
52 8 2
52 11 3
52 12 7
52 19 3
52 21 6
52 23 3
52 25 4
52 30 8
52 31 3
52 34 3
52 36 4
52 38 3
52 42 3
52 43 6
52 44 2
52 45 8
53 0 1
53 1 4
53 2 10
53 3 6
53 5 1
53 10 10
53 15 3
53 19 1
53 22 11
53 25 9
53 27 5
53 30 2
53 31 6
53 36 9
53 37 1
53 38 8
53 39 7
53 41 3
53 47 9
53 49 4
53 50 3
54 3 7
54 4 3
54 5 10
54 6 8
54 7 5
54 8 1
54 9 5
54 14 4
54 19 1
54 20 4
54 21 5
54 22 3
54 23 8
54 26 6
54 28 6
54 29 6
54 31 7
54 32 4
54 33 2
54 36 1
54 37 5
54 38 6
54 39 5
54 40 1
54 44 8
54 45 3
54 47 4
54 53 4
55 1 11
55 2 2
55 3 11
55 5 3
55 7 10
55 14 7
55 17 2
55 18 1
55 19 7
55 20 1
55 21 11
55 22 2
55 23 2
55 24 3
55 27 7
55 36 2
55 37 5
55 41 6
55 45 8
55 47 10
55 50 7
55 53 1
56 3 6
56 4 7
56 5 4
56 6 3
56 7 8
56 9 3
56 10 1
56 11 10
56 13 11
56 14 4
56 15 1
56 16 6
56 20 6
56 22 11
56 23 11
56 25 1
56 34 2
56 39 10
56 40 4
56 42 2
56 44 5
56 45 6
56 46 8
56 47 3
56 48 1
56 49 10
56 51 6
57 0 5
57 1 8
57 2 7
57 3 9
57 6 1
57 7 6
57 8 6
57 9 1
57 10 9
57 11 9
57 15 7
57 16 10
57 17 10
57 23 3
57 24 11
57 27 4
57 28 7
57 30 1
57 31 6
57 34 3
57 35 3
57 36 7
57 37 10
57 41 7
57 43 4
57 44 10
57 45 10
57 49 8
57 52 6
57 53 3
58 0 11
58 1 3
58 7 6
58 10 6
58 12 9
58 15 9
58 17 4
58 18 4
58 19 8
58 29 2
58 30 10
58 33 11
58 35 1
58 40 2
58 42 9
58 45 5
58 48 3
58 51 6
58 53 1
58 54 3
58 55 1
59 0 2
59 1 3
59 2 11
59 3 9
59 5 5
59 9 7
59 10 6
59 11 10
59 12 6
59 13 6
59 14 5
59 15 6
59 16 11
59 17 9
59 19 1
59 20 9
59 21 10
59 22 4
59 24 9
59 25 8
59 26 2
59 29 3
59 30 7
59 31 1
59 34 10
59 38 8
59 40 10
59 42 1
59 44 5
59 49 6
59 51 9
59 53 5
59 54 8
59 55 3
59 58 5
