60
1 0 6
2 0 11
2 1 1
3 0 2
3 1 8
3 2 3
4 0 1
4 1 4
4 2 7
4 3 1
5 0 8
5 1 1
5 2 3
5 3 10
5 4 3
6 0 3
6 1 10
6 2 8
6 3 7
6 4 1
6 5 11
7 0 8
7 1 1
7 2 5
7 3 1
7 4 7
7 5 1
7 6 10
8 0 10
8 1 10
8 2 11
8 3 11
8 4 9
8 5 7
8 6 5
8 7 9
9 0 9
9 1 9
9 2 1
9 3 9
9 4 6
9 5 7
9 6 1
9 7 8
9 8 3
10 0 5
10 1 4
10 2 8
10 3 9
10 4 2
10 5 3
10 6 9
10 7 10
10 8 5
10 9 11
11 0 10
11 1 6
11 2 7
11 3 11
11 4 10
11 5 4
11 6 8
11 7 4
11 8 9
11 9 2
11 10 5
12 0 6
12 1 11
12 2 5
12 3 3
12 4 11
12 5 10
12 6 9
12 7 1
12 8 8
12 9 11
12 10 1
12 11 1
13 0 2
13 1 6
13 2 10
13 3 9
13 4 11
13 5 11
13 6 1
13 7 9
13 8 1
13 9 10
13 10 8
13 11 3
13 12 11
14 0 4
14 1 3
14 2 9
14 3 10
14 4 5
14 5 4
14 6 2
14 7 3
14 8 3
14 9 9
14 10 1
14 11 5
14 12 9
14 13 5
15 0 1
15 1 6
15 2 5
15 3 2
15 4 4
15 5 8
15 6 8
15 7 9
15 8 1
15 9 1
15 10 2
15 11 6
15 12 11
15 13 9
15 14 5
16 0 6
16 1 2
16 2 6
16 3 9
16 4 5
16 5 11
16 6 3
16 7 10
16 8 4
16 9 3
16 10 8
16 11 9
16 12 2
16 13 11
16 14 10
16 15 7
17 0 8
17 1 8
17 2 3
17 3 3
17 4 1
17 5 11
17 6 11
17 7 6
17 8 7
17 9 8
17 10 2
17 11 11
17 12 11
17 13 9
17 14 4
17 15 8
17 16 4
18 0 2
18 1 6
18 2 2
18 3 2
18 4 10
18 5 1
18 6 9
18 7 1
18 8 3
18 9 11
18 10 2
18 11 10
18 12 11
18 13 10
18 14 8
18 15 3
18 16 10
18 17 4
19 0 9
19 1 1
19 2 9
19 3 7
19 4 5
19 5 10
19 6 5
19 7 1
19 8 8
19 9 7
19 10 4
19 11 8
19 12 7
19 13 9
19 14 1
19 15 9
19 16 4
19 17 11
19 18 3
20 0 9
20 1 6
20 2 11
20 3 7
20 4 8
20 5 2
20 6 6
20 7 3
20 8 8
20 9 7
20 10 4
20 11 8
20 12 11
20 13 2
20 14 6
20 15 2
20 16 6
20 17 6
20 18 6
20 19 10
21 0 2
21 1 3
21 2 9
21 3 11
21 4 2
21 5 6
21 6 6
21 7 4
21 8 4
21 9 9
21 10 6
21 11 1
21 12 3
21 13 3
21 14 8
21 15 3
21 16 1
21 17 5
21 18 3
21 19 10
21 20 10
22 0 7
22 1 10
22 2 6
22 3 8
22 4 9
22 5 3
22 6 8
22 7 10
22 8 4
22 9 10
22 10 9
22 11 5
22 12 6
22 13 10
22 14 6
22 15 2
22 16 8
22 17 8
22 18 8
22 19 2
22 20 3
22 21 10
23 0 6
23 1 4
23 2 10
23 3 7
23 4 4
23 5 9
23 6 9
23 7 10
23 8 6
23 9 4
23 10 4
23 11 8
23 12 7
23 13 2
23 14 5
23 15 2
23 16 10
23 17 11
23 18 5
23 19 11
23 20 1
23 21 6
23 22 2
24 0 3
24 1 1
24 2 6
24 3 4
24 4 8
24 5 7
24 6 5
24 7 5
24 8 4
24 9 4
24 10 6
24 11 11
24 12 8
24 13 9
24 14 7
24 15 6
24 16 10
24 17 10
24 18 6
24 19 5
24 20 9
24 21 3
24 22 4
24 23 4
25 0 11
25 1 10
25 2 11
25 3 2
25 4 10
25 5 1
25 6 3
25 7 4
25 8 8
25 9 11
25 10 10
25 11 9
25 12 6
25 13 4
25 14 2
25 15 6
25 16 1
25 17 10
25 18 11
25 19 8
25 20 1
25 21 1
25 22 3
25 23 2
25 24 7
26 0 7
26 1 6
26 2 4
26 3 3
26 4 1
26 5 11
26 6 5
26 7 1
26 8 11
26 9 6
26 10 3
26 11 3
26 12 8
26 13 4
26 14 3
26 15 8
26 16 1
26 17 4
26 18 6
26 19 3
26 20 3
26 21 7
26 22 1
26 23 11
26 24 5
26 25 6
27 0 3
27 1 9
27 2 8
27 3 7
27 4 2
27 5 8
27 6 6
27 7 2
27 8 9
27 9 4
27 10 5
27 11 2
27 12 4
27 13 7
27 14 6
27 15 1
27 16 2
27 17 3
27 18 9
27 19 8
27 20 8
27 21 1
27 22 4
27 23 11
27 24 8
27 25 6
27 26 6
28 0 1
28 1 4
28 2 11
28 3 2
28 4 9
28 5 2
28 6 1
28 7 1
28 8 9
28 9 7
28 10 9
28 11 1
28 12 4
28 13 6
28 14 3
28 15 11
28 16 3
28 17 10
28 18 9
28 19 1
28 20 3
28 21 6
28 22 1
28 23 6
28 24 9
28 25 11
28 26 9
28 27 1
29 0 11
29 1 10
29 2 3
29 3 1
29 4 9
29 5 4
29 6 9
29 7 3
29 8 10
29 9 8
29 10 6
29 11 1
29 12 5
29 13 6
29 14 3
29 15 10
29 16 1
29 17 10
29 18 5
29 19 2
29 20 4
29 21 9
29 22 3
29 23 9
29 24 9
29 25 9
29 26 8
29 27 8
29 28 8
30 0 6
30 1 6
30 2 10
30 3 9
30 4 7
30 5 6
30 6 9
30 7 10
30 8 2
30 9 10
30 10 3
30 11 8
30 12 11
30 13 5
30 14 6
30 15 11
30 16 4
30 17 6
30 18 7
30 19 6
30 20 8
30 21 4
30 22 9
30 23 10
30 24 2
30 25 6
30 26 5
30 27 9
30 28 9
30 29 4
31 0 10
31 1 10
31 2 3
31 3 4
31 4 9
31 5 10
31 6 11
31 7 1
31 8 7
31 9 10
31 10 9
31 11 8
31 12 4
31 13 10
31 14 7
31 15 8
31 16 2
31 17 5
31 18 3
31 19 2
31 20 8
31 21 4
31 22 8
31 23 5
31 24 3
31 25 6
31 26 7
31 27 11
31 28 3
31 29 7
31 30 9
32 0 3
32 1 4
32 2 2
32 3 6
32 4 3
32 5 7
32 6 8
32 7 4
32 8 9
32 9 10
32 10 9
32 11 9
32 12 7
32 13 10
32 14 6
32 15 9
32 16 10
32 17 2
32 18 10
32 19 6
32 20 6
32 21 3
32 22 11
32 23 3
32 24 3
32 25 3
32 26 5
32 27 3
32 28 7
32 29 9
32 30 6
32 31 4
33 0 5
33 1 5
33 2 10
33 3 9
33 4 1
33 5 10
33 6 11
33 7 4
33 8 6
33 9 1
33 10 1
33 11 9
33 12 4
33 13 5
33 14 3
33 15 6
33 16 10
33 17 7
33 18 6
33 19 3
33 20 9
33 21 11
33 22 4
33 23 10
33 24 7
33 25 6
33 26 5
33 27 9
33 28 2
33 29 5
33 30 5
33 31 3
33 32 2
34 0 6
34 1 10
34 2 1
34 3 11
34 4 5
34 5 6
34 6 10
34 7 11
34 8 6
34 9 10
34 10 3
34 11 1
34 12 10
34 13 9
34 14 4
34 15 5
34 16 6
34 17 8
34 18 1
34 19 5
34 20 7
34 21 6
34 22 5
34 23 9
34 24 5
34 25 2
34 26 3
34 27 3
34 28 10
34 29 2
34 30 5
34 31 6
34 32 7
34 33 4
35 0 8
35 1 10
35 2 8
35 3 1
35 4 4
35 5 10
35 6 1
35 7 5
35 8 2
35 9 3
35 10 10
35 11 9
35 12 3
35 13 9
35 14 1
35 15 3
35 16 10
35 17 4
35 18 6
35 19 4
35 20 10
35 21 9
35 22 8
35 23 3
35 24 4
35 25 8
35 26 2
35 27 9
35 28 6
35 29 9
35 30 8
35 31 9
35 32 1
35 33 11
35 34 10
36 0 4
36 1 10
36 2 11
36 3 7
36 4 8
36 5 8
36 6 3
36 7 7
36 8 1
36 9 3
36 10 8
36 11 9
36 12 6
36 13 1
36 14 10
36 15 8
36 16 1
36 17 10
36 18 2
36 19 10
36 20 4
36 21 3
36 22 9
36 23 10
36 24 6
36 25 11
36 26 9
36 27 9
36 28 7
36 29 2
36 30 10
36 31 6
36 32 7
36 33 6
36 34 7
36 35 11
37 0 1
37 1 9
37 2 4
37 3 3
37 4 10
37 5 5
37 6 4
37 7 8
37 8 9
37 9 9
37 10 10
37 11 8
37 12 5
37 13 9
37 14 6
37 15 3
37 16 5
37 17 3
37 18 9
37 19 4
37 20 11
37 21 7
37 22 1
37 23 7
37 24 7
37 25 2
37 26 2
37 27 7
37 28 5
37 29 3
37 30 5
37 31 3
37 32 2
37 33 9
37 34 8
37 35 10
37 36 10
38 0 8
38 1 9
38 2 2
38 3 1
38 4 2
38 5 1
38 6 4
38 7 5
38 8 5
38 9 5
38 10 4
38 11 10
38 12 6
38 13 2
38 14 8
38 15 5
38 16 8
38 17 1
38 18 7
38 19 1
38 20 5
38 21 2
38 22 11
38 23 10
38 24 2
38 25 9
38 26 8
38 27 2
38 28 2
38 29 7
38 30 9
38 31 4
38 32 9
38 33 2
38 34 7
38 35 4
38 36 2
38 37 4
39 0 4
39 1 11
39 2 3
39 3 9
39 4 6
39 5 9
39 6 6
39 7 6
39 8 1
39 9 9
39 10 4
39 11 11
39 12 6
39 13 11
39 14 7
39 15 1
39 16 7
39 17 2
39 18 8
39 19 10
39 20 5
39 21 11
39 22 3
39 23 10
39 24 9
39 25 4
39 26 4
39 27 6
39 28 2
39 29 10
39 30 1
39 31 4
39 32 7
39 33 7
39 34 1
39 35 11
39 36 10
39 37 8
39 38 10
40 0 8
40 1 10
40 2 11
40 3 4
40 4 8
40 5 5
40 6 9
40 7 10
40 8 8
40 9 3
40 10 11
40 11 9
40 12 10
40 13 9
40 14 2
40 15 7
40 16 6
40 17 10
40 18 1
40 19 2
40 20 2
40 21 4
40 22 4
40 23 5
40 24 3
40 25 7
40 26 1
40 27 8
40 28 7
40 29 9
40 30 4
40 31 2
40 32 8
40 33 8
40 34 9
40 35 4
40 36 11
40 37 5
40 38 5
40 39 3
41 0 9
41 1 2
41 2 5
41 3 10
41 4 11
41 5 5
41 6 5
41 7 2
41 8 6
41 9 1
41 10 8
41 11 6
41 12 11
41 13 5
41 14 9
41 15 4
41 16 7
41 17 5
41 18 3
41 19 11
41 20 3
41 21 3
41 22 4
41 23 11
41 24 5
41 25 9
41 26 3
41 27 3
41 28 4
41 29 7
41 30 3
41 31 3
41 32 11
41 33 7
41 34 7
41 35 4
41 36 8
41 37 5
41 38 4
41 39 3
41 40 4
42 0 8
42 1 8
42 2 7
42 3 2
42 4 6
42 5 2
42 6 7
42 7 6
42 8 7
42 9 2
42 10 6
42 11 3
42 12 1
42 13 7
42 14 3
42 15 4
42 16 8
42 17 10
42 18 2
42 19 7
42 20 6
42 21 6
42 22 8
42 23 1
42 24 10
42 25 3
42 26 6
42 27 11
42 28 6
42 29 2
42 30 9
42 31 8
42 32 7
42 33 11
42 34 10
42 35 10
42 36 11
42 37 11
42 38 6
42 39 9
42 40 10
42 41 4
43 0 6
43 1 10
43 2 3
43 3 4
43 4 6
43 5 6
43 6 2
43 7 6
43 8 8
43 9 11
43 10 8
43 11 4
43 12 2
43 13 4
43 14 7
43 15 4
43 16 5
43 17 4
43 18 4
43 19 2
43 20 9
43 21 1
43 22 4
43 23 11
43 24 1
43 25 1
43 26 1
43 27 10
43 28 9
43 29 2
43 30 9
43 31 3
43 32 5
43 33 10
43 34 5
43 35 2
43 36 9
43 37 6
43 38 6
43 39 9
43 40 11
43 41 10
43 42 6
44 0 9
44 1 10
44 2 2
44 3 6
44 4 8
44 5 11
44 6 2
44 7 2
44 8 5
44 9 10
44 10 6
44 11 11
44 12 11
44 13 1
44 14 7
44 15 9
44 16 7
44 17 10
44 18 6
44 19 1
44 20 8
44 21 5
44 22 10
44 23 11
44 24 8
44 25 11
44 26 10
44 27 8
44 28 2
44 29 10
44 30 6
44 31 10
44 32 3
44 33 5
44 34 1
44 35 2
44 36 3
44 37 11
44 38 6
44 39 9
44 40 10
44 41 11
44 42 4
44 43 9
45 0 1
45 1 7
45 2 8
45 3 3
45 4 2
45 5 9
45 6 9
45 7 1
45 8 7
45 9 1
45 10 3
45 11 5
45 12 2
45 13 9
45 14 1
45 15 3
45 16 11
45 17 2
45 18 10
45 19 9
45 20 6
45 21 10
45 22 11
45 23 6
45 24 6
45 25 11
45 26 9
45 27 11
45 28 3
45 29 1
45 30 6
45 31 11
45 32 5
45 33 11
45 34 9
45 35 6
45 36 1
45 37 8
45 38 5
45 39 2
45 40 2
45 41 3
45 42 11
45 43 2
45 44 8
46 0 4
46 1 8
46 2 7
46 3 8
46 4 7
46 5 9
46 6 8
46 7 10
46 8 1
46 9 9
46 10 5
46 11 6
46 12 2
46 13 4
46 14 11
46 15 3
46 16 11
46 17 7
46 18 1
46 19 6
46 20 5
46 21 1
46 22 5
46 23 5
46 24 7
46 25 4
46 26 11
46 27 7
46 28 7
46 29 8
46 30 10
46 31 9
46 32 6
46 33 9
46 34 6
46 35 3
46 36 5
46 37 2
46 38 10
46 39 2
46 40 10
46 41 9
46 42 10
46 43 4
46 44 10
46 45 11
47 0 5
47 1 11
47 2 7
47 3 3
47 4 10
47 5 1
47 6 3
47 7 10
47 8 7
47 9 1
47 10 1
47 11 11
47 12 4
47 13 6
47 14 3
47 15 4
47 16 8
47 17 1
47 18 1
47 19 8
47 20 9
47 21 9
47 22 9
47 23 2
47 24 5
47 25 3
47 26 2
47 27 3
47 28 11
47 29 9
47 30 1
47 31 1
47 32 2
47 33 9
47 34 1
47 35 11
47 36 11
47 37 5
47 38 9
47 39 11
47 40 1
47 41 8
47 42 7
47 43 9
47 44 7
47 45 3
47 46 2
48 0 5
48 1 4
48 2 8
48 3 10
48 4 6
48 5 8
48 6 3
48 7 8
48 8 4
48 9 3
48 10 11
48 11 1
48 12 10
48 13 10
48 14 2
48 15 2
48 16 7
48 17 5
48 18 8
48 19 10
48 20 7
48 21 5
48 22 5
48 23 10
48 24 8
48 25 2
48 26 3
48 27 10
48 28 3
48 29 10
48 30 9
48 31 5
48 32 3
48 33 11
48 34 5
48 35 1
48 36 1
48 37 10
48 38 2
48 39 9
48 40 10
48 41 5
48 42 2
48 43 11
48 44 1
48 45 5
48 46 7
48 47 9
49 0 7
49 1 9
49 2 2
49 3 1
49 4 4
49 5 4
49 6 11
49 7 11
49 8 7
49 9 3
49 10 9
49 11 9
49 12 9
49 13 8
49 14 10
49 15 4
49 16 2
49 17 11
49 18 9
49 19 1
49 20 2
49 21 11
49 22 2
49 23 6
49 24 7
49 25 5
49 26 1
49 27 1
49 28 9
49 29 1
49 30 3
49 31 3
49 32 9
49 33 9
49 34 9
49 35 5
49 36 8
49 37 8
49 38 9
49 39 9
49 40 7
49 41 10
49 42 8
49 43 3
49 44 4
49 45 11
49 46 6
49 47 3
49 48 2
50 0 7
50 1 4
50 2 10
50 3 6
50 4 2
50 5 8
50 6 2
50 7 1
50 8 11
50 9 5
50 10 11
50 11 11
50 12 1
50 13 3
50 14 2
50 15 3
50 16 6
50 17 11
50 18 6
50 19 1
50 20 10
50 21 9
50 22 3
50 23 10
50 24 11
50 25 1
50 26 2
50 27 2
50 28 4
50 29 8
50 30 5
50 31 1
50 32 3
50 33 6
50 34 2
50 35 4
50 36 10
50 37 9
50 38 5
50 39 1
50 40 6
50 41 8
50 42 4
50 43 8
50 44 3
50 45 1
50 46 5
50 47 3
50 48 5
50 49 5
51 0 2
51 1 8
51 2 4
51 3 5
51 4 1
51 5 5
51 6 6
51 7 6
51 8 9
51 9 3
51 10 11
51 11 10
51 12 4
51 13 6
51 14 6
51 15 1
51 16 5
51 17 2
51 18 6
51 19 5
51 20 1
51 21 6
51 22 4
51 23 9
51 24 8
51 25 1
51 26 11
51 27 7
51 28 4
51 29 6
51 30 9
51 31 1
51 32 1
51 33 7
51 34 3
51 35 2
51 36 3
51 37 9
51 38 6
51 39 7
51 40 6
51 41 2
51 42 2
51 43 10
51 44 7
51 45 4
51 46 11
51 47 3
51 48 4
51 49 10
51 50 1
52 0 6
52 1 6
52 2 6
52 3 5
52 4 10
52 5 9
52 6 7
52 7 7
52 8 4
52 9 10
52 10 7
52 11 5
52 12 4
52 13 4
52 14 2
52 15 2
52 16 5
52 17 9
52 18 8
52 19 3
52 20 1
52 21 3
52 22 7
52 23 3
52 24 4
52 25 6
52 26 3
52 27 3
52 28 8
52 29 4
52 30 6
52 31 7
52 32 5
52 33 7
52 34 9
52 35 10
52 36 11
52 37 8
52 38 3
52 39 1
52 40 5
52 41 11
52 42 7
52 43 6
52 44 4
52 45 7
52 46 10
52 47 10
52 48 4
52 49 5
52 50 6
52 51 5
53 0 5
53 1 8
53 2 4
53 3 7
53 4 7
53 5 7
53 6 7
53 7 3
53 8 10
53 9 7
53 10 6
53 11 2
53 12 5
53 13 1
53 14 8
53 15 1
53 16 7
53 17 1
53 18 8
53 19 6
53 20 1
53 21 1
53 22 7
53 23 11
53 24 9
53 25 3
53 26 10
53 27 8
53 28 9
53 29 4
53 30 4
53 31 3
53 32 9
53 33 2
53 34 2
53 35 2
53 36 1
53 37 8
53 38 1
53 39 5
53 40 1
53 41 6
53 42 7
53 43 6
53 44 10
53 45 6
53 46 4
53 47 9
53 48 5
53 49 10
53 50 7
53 51 2
53 52 4
54 0 1
54 1 9
54 2 5
54 3 6
54 4 3
54 5 7
54 6 4
54 7 1
54 8 5
54 9 2
54 10 6
54 11 9
54 12 1
54 13 6
54 14 4
54 15 2
54 16 11
54 17 2
54 18 9
54 19 7
54 20 3
54 21 9
54 22 4
54 23 3
54 24 9
54 25 8
54 26 2
54 27 10
54 28 4
54 29 3
54 30 9
54 31 6
54 32 10
54 33 8
54 34 5
54 35 5
54 36 8
54 37 7
54 38 7
54 39 6
54 40 8
54 41 9
54 42 2
54 43 6
54 44 11
54 45 3
54 46 3
54 47 7
54 48 1
54 49 1
54 50 3
54 51 11
54 52 7
54 53 2
55 0 5
55 1 3
55 2 8
55 3 2
55 4 3
55 5 10
55 6 3
55 7 3
55 8 6
55 9 5
55 10 2
55 11 1
55 12 7
55 13 7
55 14 7
55 15 3
55 16 11
55 17 8
55 18 11
55 19 8
55 20 10
55 21 11
55 22 6
55 23 11
55 24 9
55 25 8
55 26 9
55 27 11
55 28 3
55 29 11
55 30 5
55 31 4
55 32 8
55 33 3
55 34 8
55 35 1
55 36 9
55 37 6
55 38 7
55 39 7
55 40 3
55 41 2
55 42 8
55 43 4
55 44 1
55 45 7
55 46 7
55 47 8
55 48 2
55 49 2
55 50 5
55 51 2
55 52 7
55 53 1
55 54 1
56 0 3
56 1 10
56 2 1
56 3 2
56 4 4
56 5 11
56 6 10
56 7 6
56 8 10
56 9 8
56 10 11
56 11 6
56 12 4
56 13 6
56 14 7
56 15 8
56 16 6
56 17 8
56 18 7
56 19 4
56 20 7
56 21 11
56 22 7
56 23 3
56 24 9
56 25 1
56 26 9
56 27 8
56 28 4
56 29 7
56 30 10
56 31 2
56 32 4
56 33 9
56 34 4
56 35 10
56 36 9
56 37 3
56 38 8
56 39 3
56 40 10
56 41 6
56 42 3
56 43 11
56 44 5
56 45 6
56 46 4
56 47 4
56 48 1
56 49 6
56 50 7
56 51 6
56 52 9
56 53 4
56 54 4
56 55 1
57 0 5
57 1 11
57 2 5
57 3 9
57 4 10
57 5 8
57 6 7
57 7 7
57 8 1
57 9 9
57 10 11
57 11 5
57 12 4
57 13 6
57 14 2
57 15 10
57 16 5
57 17 9
57 18 8
57 19 5
57 20 5
57 21 10
57 22 3
57 23 8
57 24 10
57 25 6
57 26 9
57 27 10
57 28 1
57 29 10
57 30 7
57 31 2
57 32 2
57 33 9
57 34 1
57 35 7
57 36 5
57 37 3
57 38 11
57 39 6
57 40 5
57 41 9
57 42 5
57 43 11
57 44 9
57 45 10
57 46 11
57 47 10
57 48 9
57 49 3
57 50 11
57 51 5
57 52 8
57 53 5
57 54 3
57 55 9
57 56 5
58 0 10
58 1 1
58 2 3
58 3 5
58 4 1
58 5 1
58 6 8
58 7 4
58 8 3
58 9 9
58 10 6
58 11 2
58 12 6
58 13 3
58 14 7
58 15 10
58 16 4
58 17 4
58 18 9
58 19 6
58 20 2
58 21 10
58 22 9
58 23 7
58 24 6
58 25 1
58 26 6
58 27 2
58 28 5
58 29 10
58 30 5
58 31 6
58 32 1
58 33 5
58 34 9
58 35 6
58 36 4
58 37 9
58 38 7
58 39 11
58 40 5
58 41 11
58 42 5
58 43 11
58 44 6
58 45 6
58 46 6
58 47 6
58 48 10
58 49 11
58 50 3
58 51 11
58 52 7
58 53 1
58 54 7
58 55 9
58 56 7
58 57 5
59 0 10
59 1 2
59 2 1
59 3 8
59 4 7
59 5 1
59 6 6
59 7 6
59 8 1
59 9 4
59 10 8
59 11 9
59 12 2
59 13 3
59 14 3
59 15 6
59 16 11
59 17 6
59 18 7
59 19 7
59 20 3
59 21 5
59 22 4
59 23 10
59 24 2
59 25 6
59 26 2
59 27 1
59 28 10
59 29 9
59 30 7
59 31 1
59 32 10
59 33 6
59 34 4
59 35 11
59 36 5
59 37 3
59 38 10
59 39 6
59 40 5
59 41 6
59 42 1
59 43 2
59 44 1
59 45 5
59 46 11
59 47 1
59 48 4
59 49 4
59 50 4
59 51 5
59 52 5
59 53 3
59 54 5
59 55 4
59 56 8
59 57 11
59 58 5
