20
3 1 1
3 2 3
5 1 3
5 2 2
6 2 1
7 4 1
7 5 2
8 0 2
8 3 1
8 4 2
8 6 1
9 4 3
10 1 1
10 2 2
10 3 2
10 5 2
11 0 2
11 6 3
11 7 3
12 3 1
12 4 3
12 6 2
12 7 1
12 10 1
13 6 3
13 10 2
14 1 1
14 4 2
14 6 3
14 7 1
14 8 1
14 9 3
14 10 2
14 12 3
15 2 1
15 3 1
15 5 2
15 8 2
15 9 3
15 10 1
15 12 2
15 14 1
16 0 1
16 1 3
16 5 2
16 7 3
16 8 2
16 10 1
16 11 2
16 12 3
16 13 3
16 14 2
16 15 1
17 0 2
17 1 2
17 2 3
17 6 2
17 7 1
17 10 1
17 11 3
17 12 2
17 13 1
17 14 3
18 5 2
18 8 1
18 9 1
18 10 1
18 15 1
18 16 3
19 0 1
19 1 3
19 5 3
19 7 3
19 8 3
19 9 1
19 11 1
19 12 1
19 13 2
19 15 2
19 16 1
19 17 2
19 18 3
