30
1 0 12
2 1 7
4 0 10
4 2 4
4 3 8
5 1 5
5 2 12
5 3 3
5 4 5
6 1 13
6 3 12
7 2 12
7 3 8
7 5 10
7 6 10
8 2 2
8 7 6
9 0 6
9 2 6
9 3 4
9 8 5
10 0 3
10 1 7
10 2 5
10 4 7
10 5 10
10 6 12
11 0 1
11 1 12
11 2 8
11 5 13
11 7 6
11 8 10
12 0 6
12 1 5
12 2 9
12 3 13
12 4 13
12 5 10
12 7 11
12 9 5
12 11 6
13 1 11
13 2 9
13 3 8
13 7 13
14 0 4
14 4 12
14 5 10
14 7 9
14 8 12
14 12 9
14 13 12
15 0 2
15 2 10
15 5 4
15 6 7
15 7 3
15 10 8
16 5 3
16 7 6
16 9 11
16 11 9
16 12 3
16 13 4
16 15 7
17 2 13
17 3 1
17 5 13
17 6 5
17 13 13
17 15 10
18 0 13
18 3 10
18 5 6
18 9 12
18 14 9
18 17 9
19 2 3
19 6 9
19 7 11
19 8 11
19 9 13
19 10 2
19 12 6
19 16 10
19 17 7
20 1 2
20 3 13
20 8 6
20 9 1
20 10 13
20 14 3
20 15 1
20 16 11
20 17 11
21 1 8
21 3 9
21 4 1
21 5 11
21 6 5
21 7 8
21 9 3
21 11 3
21 13 11
21 14 11
21 16 6
21 17 11
21 19 8
21 20 6
22 0 8
22 2 2
22 4 6
22 5 4
22 6 8
22 9 4
22 10 3
22 12 1
22 13 13
22 14 2
22 16 9
22 17 4
22 21 9
23 0 3
23 7 5
23 9 5
23 10 12
23 13 10
23 14 12
23 15 4
23 17 11
23 18 6
23 20 11
23 21 3
23 22 13
24 0 4
24 1 12
24 3 7
24 5 2
24 7 4
24 11 7
24 12 7
24 13 10
24 14 2
24 16 13
24 17 7
24 22 7
25 1 8
25 3 12
25 5 11
25 6 12
25 7 4
25 15 13
25 16 11
25 17 5
25 19 8
25 20 11
25 21 1
25 22 13
25 24 4
26 0 7
26 1 9
26 2 3
26 3 9
26 4 5
26 9 11
26 10 8
26 13 13
26 16 1
26 20 13
26 21 9
26 22 13
26 24 1
26 25 4
27 1 6
27 5 8
27 8 8
27 9 6
27 11 9
27 12 3
27 13 9
27 14 7
27 15 8
27 16 6
27 18 9
27 19 2
27 25 13
27 26 7
28 0 10
28 2 9
28 4 12
28 5 6
28 6 1
28 9 5
28 10 2
28 12 7
28 13 1
28 14 11
28 15 8
28 19 9
28 20 13
28 24 7
28 25 7
28 26 5
28 27 12
29 1 2
29 4 13
29 6 4
29 10 5
29 15 13
29 17 3
29 18 10
29 19 3
29 20 5
29 21 9
29 24 3
29 25 12
29 28 10
