60
2 0 1
3 0 1
3 1 1
3 2 1
4 0 1
4 1 1
4 2 1
4 3 1
5 0 1
6 2 1
6 4 1
7 0 1
7 2 1
7 3 1
7 4 1
7 6 1
8 0 1
8 2 1
8 3 1
8 4 1
8 5 1
8 6 1
8 7 1
9 1 1
9 2 1
9 6 1
9 8 1
10 1 1
10 4 1
10 5 1
10 6 1
10 9 1
11 0 1
11 1 1
11 4 1
11 5 1
11 9 1
12 0 1
12 1 1
12 3 1
12 5 1
12 6 1
12 7 1
12 9 1
13 2 1
13 3 1
13 5 1
13 6 1
13 7 1
13 9 1
13 11 1
14 0 1
14 5 1
14 6 1
14 7 1
14 9 1
14 10 1
14 11 1
15 0 1
15 8 1
15 9 1
15 10 1
16 4 1
16 5 1
16 7 1
16 8 1
16 10 1
16 11 1
16 13 1
17 0 1
17 1 1
17 2 1
17 5 1
17 7 1
17 9 1
17 13 1
17 14 1
17 15 1
17 16 1
18 0 1
18 1 1
18 2 1
18 5 1
18 6 1
18 7 1
18 8 1
18 9 1
18 14 1
18 17 1
19 0 1
19 2 1
19 3 1
19 4 1
19 5 1
19 6 1
19 7 1
19 8 1
19 9 1
19 11 1
19 13 1
19 17 1
20 2 1
20 4 1
20 6 1
20 12 1
20 13 1
20 14 1
20 15 1
20 16 1
20 17 1
20 19 1
21 0 1
21 1 1
21 2 1
21 3 1
21 6 1
21 7 1
21 8 1
21 10 1
21 13 1
21 15 1
21 16 1
21 19 1
21 20 1
22 0 1
22 1 1
22 2 1
22 4 1
22 8 1
22 9 1
22 12 1
22 13 1
22 14 1
22 17 1
22 20 1
22 21 1
23 0 1
23 2 1
23 3 1
23 5 1
23 11 1
23 14 1
23 17 1
23 18 1
23 20 1
23 22 1
24 0 1
24 1 1
24 6 1
24 8 1
24 11 1
24 14 1
24 16 1
24 17 1
24 18 1
24 21 1
25 0 1
25 1 1
25 2 1
25 8 1
25 10 1
25 11 1
25 16 1
25 18 1
25 20 1
25 22 1
25 23 1
25 24 1
26 1 1
26 3 1
26 4 1
26 8 1
26 10 1
26 11 1
26 14 1
26 15 1
26 20 1
26 24 1
27 0 1
27 3 1
27 5 1
27 10 1
27 11 1
27 16 1
27 19 1
27 24 1
28 2 1
28 3 1
28 8 1
28 9 1
28 11 1
28 13 1
28 14 1
28 15 1
28 19 1
28 21 1
28 22 1
28 23 1
28 27 1
29 1 1
29 4 1
29 10 1
29 12 1
29 13 1
29 16 1
29 17 1
29 18 1
29 19 1
29 22 1
29 26 1
30 0 1
30 1 1
30 2 1
30 4 1
30 11 1
30 12 1
30 14 1
30 15 1
30 16 1
30 19 1
30 20 1
30 21 1
30 22 1
30 24 1
30 25 1
30 26 1
30 27 1
30 28 1
30 29 1
31 2 1
31 5 1
31 6 1
31 7 1
31 11 1
31 12 1
31 13 1
31 15 1
31 16 1
31 19 1
31 22 1
31 25 1
32 1 1
32 3 1
32 4 1
32 5 1
32 6 1
32 8 1
32 10 1
32 11 1
32 14 1
32 15 1
32 18 1
32 19 1
32 22 1
32 25 1
32 30 1
33 0 1
33 2 1
33 8 1
33 9 1
33 10 1
33 11 1
33 15 1
33 18 1
33 23 1
33 24 1
33 26 1
33 27 1
33 28 1
33 29 1
33 30 1
34 1 1
34 8 1
34 11 1
34 12 1
34 13 1
34 14 1
34 15 1
34 19 1
34 20 1
34 21 1
34 23 1
34 24 1
34 25 1
34 26 1
34 28 1
34 29 1
34 33 1
35 0 1
35 1 1
35 5 1
35 6 1
35 7 1
35 8 1
35 11 1
35 13 1
35 14 1
35 16 1
35 18 1
35 20 1
35 21 1
35 23 1
35 24 1
35 26 1
35 29 1
35 31 1
35 33 1
35 34 1
36 0 1
36 2 1
36 3 1
36 6 1
36 7 1
36 11 1
36 14 1
36 18 1
36 19 1
36 20 1
36 21 1
36 22 1
36 24 1
36 25 1
36 27 1
36 34 1
37 1 1
37 3 1
37 4 1
37 9 1
37 10 1
37 12 1
37 13 1
37 14 1
37 15 1
37 18 1
37 19 1
37 20 1
37 21 1
37 22 1
37 23 1
37 25 1
37 26 1
37 28 1
37 29 1
37 30 1
37 31 1
37 33 1
37 35 1
37 36 1
38 0 1
38 2 1
38 3 1
38 6 1
38 8 1
38 11 1
38 12 1
38 13 1
38 15 1
38 17 1
38 20 1
38 21 1
38 22 1
38 23 1
38 24 1
38 29 1
38 30 1
38 33 1
38 35 1
38 36 1
38 37 1
39 0 1
39 1 1
39 4 1
39 5 1
39 6 1
39 7 1
39 9 1
39 14 1
39 16 1
39 18 1
39 20 1
39 22 1
39 25 1
39 26 1
39 31 1
39 32 1
39 34 1
39 35 1
39 36 1
39 37 1
39 38 1
40 0 1
40 1 1
40 3 1
40 4 1
40 5 1
40 7 1
40 10 1
40 12 1
40 14 1
40 15 1
40 18 1
40 19 1
40 20 1
40 24 1
40 25 1
40 26 1
40 28 1
40 29 1
40 30 1
40 31 1
40 35 1
40 36 1
40 37 1
40 38 1
41 0 1
41 1 1
41 4 1
41 7 1
41 10 1
41 11 1
41 12 1
41 13 1
41 19 1
41 20 1
41 21 1
41 22 1
41 23 1
41 26 1
41 28 1
41 30 1
41 32 1
41 33 1
41 34 1
41 35 1
41 36 1
41 37 1
41 38 1
42 0 1
42 4 1
42 7 1
42 8 1
42 10 1
42 13 1
42 14 1
42 15 1
42 16 1
42 18 1
42 22 1
42 23 1
42 24 1
42 26 1
42 28 1
42 29 1
42 32 1
42 34 1
42 36 1
42 37 1
42 38 1
42 40 1
42 41 1
43 2 1
43 3 1
43 4 1
43 5 1
43 6 1
43 7 1
43 9 1
43 12 1
43 13 1
43 16 1
43 17 1
43 18 1
43 21 1
43 22 1
43 24 1
43 25 1
43 26 1
43 28 1
43 29 1
43 34 1
43 39 1
43 42 1
44 1 1
44 3 1
44 4 1
44 7 1
44 10 1
44 11 1
44 18 1
44 23 1
44 26 1
44 30 1
44 31 1
44 34 1
44 35 1
44 39 1
44 40 1
44 41 1
45 1 1
45 2 1
45 3 1
45 5 1
45 6 1
45 7 1
45 8 1
45 10 1
45 11 1
45 12 1
45 14 1
45 15 1
45 20 1
45 23 1
45 24 1
45 25 1
45 26 1
45 28 1
45 30 1
45 31 1
45 33 1
45 35 1
45 37 1
45 43 1
46 0 1
46 3 1
46 6 1
46 7 1
46 8 1
46 9 1
46 11 1
46 20 1
46 22 1
46 23 1
46 30 1
46 32 1
46 33 1
46 34 1
46 35 1
46 40 1
46 43 1
46 44 1
46 45 1
47 1 1
47 2 1
47 5 1
47 7 1
47 8 1
47 9 1
47 14 1
47 15 1
47 16 1
47 18 1
47 19 1
47 22 1
47 23 1
47 30 1
47 35 1
47 36 1
47 37 1
47 38 1
47 40 1
47 42 1
47 43 1
47 44 1
47 45 1
48 0 1
48 1 1
48 4 1
48 5 1
48 6 1
48 7 1
48 9 1
48 10 1
48 12 1
48 14 1
48 15 1
48 17 1
48 18 1
48 19 1
48 21 1
48 22 1
48 23 1
48 26 1
48 28 1
48 30 1
48 31 1
48 32 1
48 37 1
48 38 1
48 42 1
48 43 1
48 44 1
48 45 1
48 46 1
48 47 1
49 3 1
49 4 1
49 6 1
49 7 1
49 9 1
49 12 1
49 13 1
49 14 1
49 16 1
49 17 1
49 18 1
49 23 1
49 24 1
49 26 1
49 28 1
49 30 1
49 33 1
49 37 1
49 39 1
49 42 1
49 43 1
49 44 1
49 45 1
50 0 1
50 10 1
50 11 1
50 12 1
50 13 1
50 14 1
50 15 1
50 16 1
50 17 1
50 18 1
50 19 1
50 20 1
50 22 1
50 23 1
50 24 1
50 25 1
50 26 1
50 29 1
50 30 1
50 31 1
50 33 1
50 35 1
50 40 1
50 42 1
50 43 1
50 45 1
50 46 1
50 47 1
50 49 1
51 0 1
51 1 1
51 8 1
51 9 1
51 15 1
51 17 1
51 18 1
51 20 1
51 22 1
51 23 1
51 25 1
51 26 1
51 27 1
51 30 1
51 33 1
51 38 1
51 39 1
51 40 1
51 41 1
51 45 1
51 46 1
51 49 1
52 0 1
52 2 1
52 3 1
52 4 1
52 5 1
52 7 1
52 9 1
52 14 1
52 17 1
52 19 1
52 22 1
52 23 1
52 25 1
52 27 1
52 28 1
52 30 1
52 31 1
52 32 1
52 35 1
52 37 1
52 38 1
52 40 1
52 42 1
52 43 1
52 46 1
52 47 1
52 48 1
52 49 1
52 51 1
53 4 1
53 9 1
53 10 1
53 12 1
53 16 1
53 17 1
53 23 1
53 26 1
53 28 1
53 31 1
53 33 1
53 35 1
53 37 1
53 38 1
53 40 1
53 42 1
53 45 1
53 46 1
53 49 1
54 0 1
54 3 1
54 5 1
54 7 1
54 8 1
54 10 1
54 12 1
54 13 1
54 15 1
54 16 1
54 17 1
54 20 1
54 21 1
54 22 1
54 24 1
54 25 1
54 27 1
54 30 1
54 31 1
54 32 1
54 33 1
54 36 1
54 38 1
54 39 1
54 45 1
54 48 1
54 51 1
55 0 1
55 1 1
55 2 1
55 3 1
55 6 1
55 8 1
55 9 1
55 10 1
55 11 1
55 17 1
55 18 1
55 21 1
55 23 1
55 24 1
55 26 1
55 27 1
55 28 1
55 30 1
55 32 1
55 33 1
55 35 1
55 36 1
55 37 1
55 38 1
55 41 1
55 43 1
55 47 1
55 50 1
55 52 1
55 54 1
56 0 1
56 1 1
56 2 1
56 6 1
56 7 1
56 9 1
56 10 1
56 11 1
56 13 1
56 15 1
56 16 1
56 17 1
56 18 1
56 19 1
56 21 1
56 25 1
56 27 1
56 29 1
56 30 1
56 35 1
56 36 1
56 37 1
56 38 1
56 40 1
56 41 1
56 43 1
56 47 1
56 48 1
56 49 1
56 51 1
56 52 1
56 53 1
56 55 1
57 0 1
57 5 1
57 10 1
57 13 1
57 15 1
57 18 1
57 19 1
57 20 1
57 21 1
57 24 1
57 25 1
57 26 1
57 28 1
57 29 1
57 32 1
57 33 1
57 34 1
57 36 1
57 38 1
57 40 1
57 42 1
57 45 1
57 46 1
57 47 1
57 49 1
57 52 1
58 5 1
58 6 1
58 11 1
58 13 1
58 14 1
58 15 1
58 16 1
58 17 1
58 19 1
58 25 1
58 29 1
58 32 1
58 33 1
58 38 1
58 40 1
58 41 1
58 42 1
58 43 1
58 48 1
58 49 1
58 50 1
58 51 1
58 52 1
58 53 1
58 54 1
58 55 1
59 1 1
59 2 1
59 4 1
59 9 1
59 11 1
59 13 1
59 14 1
59 16 1
59 20 1
59 21 1
59 26 1
59 28 1
59 30 1
59 31 1
59 35 1
59 36 1
59 41 1
59 43 1
59 44 1
59 45 1
59 50 1
59 52 1
59 53 1
59 55 1
59 57 1
59 58 1
