40
2 1 1
3 0 1
3 1 1
3 2 1
4 0 1
5 1 1
6 2 1
6 3 1
7 3 1
7 4 1
7 5 1
8 0 1
8 1 1
8 3 1
8 4 1
8 5 1
8 7 1
9 0 1
9 3 1
9 5 1
9 7 1
9 8 1
10 0 1
10 1 1
10 2 1
10 3 1
10 4 1
10 5 1
10 6 1
10 8 1
11 2 1
11 3 1
12 0 1
12 2 1
12 7 1
12 8 1
12 9 1
12 10 1
13 0 1
13 1 1
13 6 1
13 7 1
14 1 1
14 3 1
14 6 1
14 7 1
14 9 1
14 10 1
15 1 1
15 2 1
15 3 1
15 5 1
15 6 1
15 8 1
15 9 1
15 10 1
15 13 1
16 0 1
16 3 1
16 4 1
16 5 1
16 6 1
16 8 1
16 9 1
16 11 1
17 1 1
17 2 1
17 5 1
17 6 1
17 8 1
17 9 1
17 10 1
17 11 1
17 13 1
17 14 1
17 16 1
18 3 1
18 7 1
18 8 1
18 9 1
18 11 1
18 12 1
18 13 1
18 14 1
18 16 1
18 17 1
19 1 1
19 2 1
19 4 1
19 5 1
19 7 1
19 9 1
19 10 1
19 11 1
19 12 1
19 15 1
19 17 1
20 2 1
20 4 1
20 6 1
20 8 1
20 9 1
20 11 1
20 12 1
20 13 1
20 15 1
20 17 1
20 19 1
21 0 1
21 1 1
21 4 1
21 7 1
21 9 1
21 10 1
21 11 1
21 13 1
21 16 1
21 18 1
21 19 1
21 20 1
22 0 1
22 1 1
22 2 1
22 3 1
22 4 1
22 5 1
22 6 1
22 13 1
22 15 1
22 16 1
22 17 1
22 19 1
22 21 1
23 0 1
23 4 1
23 5 1
23 6 1
23 8 1
23 11 1
23 13 1
23 14 1
23 18 1
23 21 1
24 0 1
24 1 1
24 2 1
24 3 1
24 5 1
24 10 1
24 12 1
24 13 1
24 16 1
24 17 1
24 19 1
24 21 1
24 22 1
24 23 1
25 0 1
25 4 1
25 6 1
25 8 1
25 9 1
25 10 1
25 15 1
25 16 1
25 20 1
25 21 1
25 23 1
25 24 1
26 2 1
26 3 1
26 4 1
26 6 1
26 7 1
26 8 1
26 9 1
26 11 1
26 13 1
26 14 1
26 15 1
26 17 1
26 18 1
26 19 1
26 22 1
26 24 1
26 25 1
27 0 1
27 1 1
27 2 1
27 6 1
27 7 1
27 8 1
27 9 1
27 12 1
27 15 1
27 17 1
27 18 1
27 19 1
27 22 1
27 23 1
27 24 1
27 26 1
28 0 1
28 1 1
28 2 1
28 4 1
28 6 1
28 7 1
28 10 1
28 12 1
28 13 1
28 15 1
28 16 1
28 18 1
28 22 1
28 23 1
28 25 1
28 26 1
28 27 1
29 1 1
29 4 1
29 9 1
29 10 1
29 11 1
29 13 1
29 16 1
29 17 1
30 0 1
30 2 1
30 9 1
30 10 1
30 11 1
30 12 1
30 15 1
30 16 1
30 17 1
30 19 1
30 20 1
30 21 1
30 22 1
30 23 1
30 24 1
30 27 1
31 4 1
31 6 1
31 7 1
31 8 1
31 9 1
31 10 1
31 13 1
31 15 1
31 18 1
31 19 1
31 20 1
31 21 1
31 23 1
31 27 1
31 28 1
31 30 1
32 0 1
32 1 1
32 3 1
32 4 1
32 7 1
32 8 1
32 9 1
32 10 1
32 12 1
32 13 1
32 14 1
32 17 1
32 18 1
32 19 1
32 22 1
32 28 1
32 30 1
33 1 1
33 5 1
33 6 1
33 7 1
33 8 1
33 10 1
33 12 1
33 16 1
33 22 1
33 23 1
33 24 1
33 25 1
33 28 1
34 4 1
34 6 1
34 9 1
34 10 1
34 13 1
34 14 1
34 15 1
34 16 1
34 18 1
34 20 1
34 22 1
34 24 1
34 27 1
34 28 1
34 29 1
34 32 1
34 33 1
35 0 1
35 1 1
35 3 1
35 4 1
35 5 1
35 7 1
35 8 1
35 10 1
35 17 1
35 19 1
35 20 1
35 21 1
35 22 1
35 23 1
35 25 1
35 29 1
35 31 1
35 33 1
36 0 1
36 1 1
36 3 1
36 5 1
36 6 1
36 9 1
36 10 1
36 12 1
36 14 1
36 15 1
36 19 1
36 20 1
36 21 1
36 24 1
36 25 1
36 26 1
36 27 1
36 28 1
36 29 1
36 33 1
36 34 1
37 3 1
37 8 1
37 9 1
37 13 1
37 14 1
37 15 1
37 17 1
37 19 1
37 20 1
37 25 1
37 28 1
37 29 1
37 30 1
37 31 1
37 33 1
37 35 1
38 2 1
38 3 1
38 4 1
38 5 1
38 7 1
38 8 1
38 11 1
38 12 1
38 16 1
38 17 1
38 19 1
38 20 1
38 23 1
38 24 1
38 27 1
38 29 1
38 30 1
38 32 1
38 35 1
38 36 1
38 37 1
39 1 1
39 3 1
39 4 1
39 6 1
39 7 1
39 8 1
39 10 1
39 11 1
39 14 1
39 15 1
39 16 1
39 17 1
39 19 1
39 20 1
39 21 1
39 22 1
39 24 1
39 26 1
39 28 1
39 30 1
39 31 1
39 32 1
39 33 1
39 34 1
39 35 1
39 38 1
