20
2 1 2
3 0 2
3 1 2
3 2 1
5 0 3
5 1 2
5 2 1
5 3 1
6 1 1
6 3 3
6 4 1
6 5 3
7 4 3
8 1 1
8 5 3
8 6 2
9 0 2
9 1 2
9 2 3
9 3 2
9 5 1
9 7 3
10 1 2
10 2 3
10 3 3
10 4 2
10 5 3
10 6 3
10 7 1
10 8 3
10 9 2
11 2 2
11 8 2
11 9 2
11 10 3
12 0 3
12 1 3
12 7 1
12 9 1
12 10 3
12 11 1
13 0 3
13 9 1
13 10 2
13 12 3
14 1 1
14 2 1
14 5 1
14 6 2
14 7 1
14 8 2
14 9 3
14 10 1
14 11 3
15 0 3
15 1 2
15 6 3
15 8 1
15 9 3
15 10 2
15 11 2
15 12 1
15 13 1
16 0 1
16 3 3
16 4 1
16 6 2
16 7 2
16 8 1
16 10 1
16 11 1
16 12 3
17 0 1
17 5 2
17 6 1
17 8 1
17 13 3
17 14 3
17 15 1
18 3 2
18 10 2
18 12 2
18 13 1
18 17 3
19 0 1
19 2 1
19 6 2
19 8 3
19 10 1
19 12 3
19 14 3
19 16 3
19 18 3
