30
3 0 11
4 3 5
5 0 4
5 3 4
6 0 9
6 1 4
6 2 5
7 1 5
7 2 11
7 3 8
7 5 6
8 1 4
8 2 3
8 5 2
8 6 6
8 7 10
9 1 10
9 2 4
9 5 10
9 7 3
9 8 6
10 0 2
10 2 2
10 3 6
10 7 1
11 2 11
11 5 11
11 6 11
12 0 1
12 1 4
12 3 11
12 5 9
12 7 7
12 8 10
12 10 5
13 0 5
13 6 1
13 9 11
13 10 1
13 11 9
13 12 6
14 0 6
14 2 5
14 4 7
14 8 6
14 9 2
15 0 6
15 4 2
15 5 10
15 6 5
15 7 4
15 11 3
15 12 8
16 1 9
16 5 2
16 6 4
16 7 5
16 8 1
16 9 11
16 11 1
16 12 10
17 2 4
17 4 10
17 5 9
17 7 6
17 8 6
17 9 4
17 10 4
17 11 2
18 2 9
18 3 10
18 6 9
18 10 2
18 12 3
18 15 5
18 16 5
18 17 7
19 2 5
19 5 8
19 9 9
19 10 5
19 12 11
19 14 10
19 15 7
19 16 1
19 17 4
19 18 10
20 2 2
20 4 3
20 6 9
20 14 2
20 15 7
20 17 8
21 3 7
21 6 7
21 7 8
21 8 7
21 11 5
21 14 6
21 16 2
21 17 11
22 0 10
22 2 5
22 3 4
22 4 1
22 5 6
22 11 2
22 12 1
22 13 3
22 14 4
22 15 10
22 16 1
22 18 2
22 20 6
22 21 1
23 2 9
23 3 11
23 4 9
23 6 9
23 7 3
23 9 9
23 11 9
23 13 10
23 14 9
23 20 4
23 22 4
24 1 6
24 3 3
24 4 6
24 9 3
24 10 11
24 11 10
24 13 9
24 15 2
24 18 6
24 23 10
25 0 1
25 1 5
25 2 5
25 3 11
25 9 3
25 10 7
25 11 8
25 14 8
25 16 3
25 19 11
25 21 2
25 22 5
25 24 4
26 1 11
26 3 3
26 5 1
26 6 9
26 8 3
26 9 5
26 11 10
26 13 5
26 14 7
26 15 7
26 16 5
26 17 2
26 18 3
26 20 5
26 21 6
26 23 1
26 24 7
26 25 10
27 0 9
27 2 4
27 4 8
27 5 1
27 6 10
27 7 5
27 9 9
27 11 4
27 12 3
27 14 9
27 17 11
27 18 8
27 19 1
27 21 10
27 22 5
27 24 11
27 25 1
27 26 10
28 2 1
28 6 6
28 7 6
28 8 3
28 10 5
28 15 10
28 18 10
28 19 5
28 21 7
28 23 5
28 24 2
28 26 7
28 27 11
29 0 2
29 1 3
29 2 9
29 4 10
29 6 11
29 8 10
29 9 6
29 10 11
29 12 6
29 13 1
29 15 4
29 17 9
29 18 1
29 20 10
29 21 11
29 27 1
29 28 8
