20
1 0 9
2 0 4
2 1 10
3 0 5
3 1 5
3 2 9
4 0 5
4 1 8
4 2 1
4 3 8
5 0 3
5 1 3
5 2 8
5 3 5
5 4 2
6 0 9
6 1 4
6 2 10
6 3 10
6 4 10
6 5 2
7 0 2
7 1 8
7 2 2
7 3 4
7 4 9
7 5 2
7 6 5
8 0 4
8 1 4
8 2 3
8 3 8
8 4 1
8 5 3
8 6 4
8 7 1
9 0 9
9 1 6
9 2 9
9 3 1
9 4 6
9 5 10
9 6 6
9 7 1
9 8 10
10 0 4
10 1 1
10 2 7
10 3 10
10 4 2
10 5 8
10 6 3
10 7 5
10 8 10
10 9 5
11 0 9
11 1 7
11 2 4
11 3 2
11 4 5
11 5 4
11 6 3
11 7 7
11 8 1
11 9 10
11 10 5
12 0 3
12 1 10
12 2 5
12 3 1
12 4 4
12 5 7
12 6 4
12 7 9
12 8 3
12 9 6
12 10 9
12 11 3
13 0 3
13 1 10
13 2 1
13 3 2
13 4 7
13 5 8
13 6 7
13 7 4
13 8 8
13 9 5
13 10 2
13 11 9
13 12 3
14 0 7
14 1 6
14 2 3
14 3 2
14 4 3
14 5 1
14 6 9
14 7 2
14 8 4
14 9 10
14 10 10
14 11 4
14 12 4
14 13 8
15 0 10
15 1 1
15 2 9
15 3 2
15 4 9
15 5 8
15 6 4
15 7 5
15 8 2
15 9 3
15 10 4
15 11 8
15 12 5
15 13 3
15 14 1
16 0 5
16 1 5
16 2 1
16 3 8
16 4 6
16 5 3
16 6 10
16 7 1
16 8 8
16 9 5
16 10 9
16 11 7
16 12 7
16 13 10
16 14 10
16 15 3
17 0 1
17 1 2
17 2 1
17 3 10
17 4 3
17 5 5
17 6 6
17 7 7
17 8 9
17 9 9
17 10 7
17 11 4
17 12 9
17 13 3
17 14 5
17 15 7
17 16 4
18 0 2
18 1 7
18 2 6
18 3 5
18 4 5
18 5 1
18 6 6
18 7 10
18 8 9
18 9 5
18 10 3
18 11 6
18 12 10
18 13 4
18 14 4
18 15 6
18 16 3
18 17 2
19 0 2
19 1 3
19 2 6
19 3 1
19 4 6
19 5 10
19 6 5
19 7 6
19 8 1
19 9 8
19 10 5
19 11 1
19 12 3
19 13 9
19 14 7
19 15 5
19 16 4
19 17 10
19 18 9
