40
1 0 6
3 0 5
3 1 3
4 0 5
5 1 6
5 2 4
5 3 2
6 0 1
6 3 4
7 1 1
7 3 1
7 4 6
8 0 2
8 1 3
8 2 3
8 3 1
8 5 5
8 6 3
9 0 6
9 3 3
9 5 2
9 6 2
9 7 3
10 1 4
10 2 3
10 4 3
10 5 3
10 6 4
10 7 3
10 8 3
11 0 4
11 1 2
11 3 1
11 8 4
11 10 5
12 0 4
12 1 2
12 3 2
12 4 6
12 5 1
12 6 4
12 7 6
12 10 4
12 11 6
13 0 4
13 1 5
13 2 6
13 4 3
13 8 2
13 11 2
13 12 4
14 0 2
14 2 3
14 3 2
14 6 2
14 7 1
14 8 3
14 9 1
14 10 4
14 11 3
15 0 2
15 3 1
15 4 6
15 8 5
15 10 2
15 11 5
15 12 6
15 13 4
16 1 2
16 2 1
16 4 5
16 7 3
16 8 3
16 10 1
16 14 6
16 15 1
17 0 4
17 1 3
17 2 6
17 4 5
17 5 2
17 6 3
17 13 1
17 15 5
17 16 2
18 1 2
18 2 6
18 7 6
18 8 4
18 9 5
18 10 3
18 13 4
18 16 4
18 17 2
19 0 1
19 2 5
19 4 2
19 8 4
19 9 3
19 12 6
19 14 3
19 15 1
19 16 2
20 0 2
20 1 6
20 6 1
20 7 5
20 9 2
20 13 5
20 16 2
20 18 2
21 0 4
21 1 4
21 2 6
21 5 4
21 7 2
21 8 5
21 9 3
21 11 4
21 12 1
21 14 2
21 18 3
21 20 2
22 4 4
22 5 5
22 7 1
22 10 5
22 12 2
22 15 6
22 16 4
22 17 1
22 19 4
23 0 2
23 3 5
23 5 1
23 7 3
23 8 2
23 9 3
23 10 5
23 11 5
23 12 2
23 13 1
23 15 3
23 16 3
23 17 4
23 18 4
23 19 6
23 20 2
23 21 4
23 22 4
24 0 4
24 1 2
24 2 5
24 6 6
24 7 6
24 9 2
24 10 6
24 11 4
24 12 5
24 14 5
24 15 4
24 17 1
24 20 4
24 23 5
25 0 1
25 4 6
25 7 1
25 12 1
25 13 6
25 14 4
25 19 3
25 20 6
25 23 6
25 24 3
26 1 2
26 2 5
26 5 1
26 7 1
26 11 2
26 13 5
26 16 2
26 17 6
26 19 5
26 20 1
26 21 3
26 22 4
26 25 2
27 0 1
27 1 3
27 2 4
27 3 5
27 5 5
27 6 4
27 7 6
27 12 2
27 13 4
27 14 4
27 17 5
27 24 4
27 25 2
27 26 4
28 1 3
28 3 5
28 4 4
28 5 2
28 6 4
28 7 3
28 9 2
28 12 1
28 14 6
28 16 1
28 18 6
28 20 2
28 21 6
28 23 4
28 24 1
28 27 4
29 0 1
29 1 4
29 2 2
29 3 4
29 4 4
29 6 3
29 7 1
29 8 5
29 9 1
29 10 6
29 11 2
29 13 3
29 15 6
29 16 5
29 18 3
29 19 4
29 21 1
29 22 6
29 23 6
29 25 4
29 26 4
30 1 5
30 2 2
30 3 5
30 6 6
30 8 4
30 10 4
30 11 2
30 16 1
30 18 1
30 21 3
30 23 6
30 29 5
31 0 2
31 1 6
31 4 5
31 5 6
31 6 5
31 8 2
31 9 3
31 12 2
31 15 5
31 17 2
31 18 2
31 21 5
31 22 5
31 23 4
31 24 6
31 25 1
31 27 6
31 28 4
31 29 1
31 30 1
32 0 3
32 2 6
32 4 3
32 7 1
32 8 2
32 10 3
32 11 4
32 13 3
32 14 6
32 16 1
32 17 5
32 21 4
32 28 3
32 30 3
33 1 2
33 3 3
33 4 5
33 11 5
33 13 3
33 15 2
33 18 5
33 20 1
33 22 3
33 24 3
33 27 6
33 28 5
33 31 4
33 32 2
34 1 3
34 2 6
34 4 5
34 6 4
34 9 4
34 11 5
34 12 2
34 19 5
34 25 6
34 27 1
34 29 5
34 32 5
35 0 6
35 7 4
35 9 4
35 10 2
35 11 6
35 12 3
35 13 5
35 15 2
35 16 4
35 17 4
35 18 1
35 20 3
35 21 6
35 22 5
35 24 4
35 25 6
35 26 4
35 31 3
35 32 1
35 34 1
36 2 4
36 5 4
36 6 3
36 8 6
36 10 6
36 11 3
36 13 1
36 14 6
36 17 2
36 19 1
36 22 6
36 29 1
36 30 3
36 33 2
36 35 2
37 0 2
37 4 1
37 5 4
37 6 4
37 7 2
37 8 5
37 14 6
37 15 4
37 16 2
37 17 4
37 18 4
37 19 5
37 21 3
37 23 3
37 24 3
37 25 3
37 27 6
37 30 5
37 33 4
37 34 3
37 36 5
38 1 3
38 3 3
38 4 3
38 7 5
38 11 1
38 13 1
38 16 2
38 18 4
38 21 2
38 22 2
38 25 3
38 26 4
38 28 5
38 30 6
38 33 5
38 34 3
38 36 5
39 3 3
39 5 2
39 10 6
39 12 1
39 14 4
39 19 6
39 20 3
39 21 6
39 29 3
39 30 6
39 32 2
39 34 5
39 35 3
