40
1 0 5
3 0 1
5 1 5
5 2 5
5 4 2
6 0 3
6 1 4
6 2 2
7 0 3
7 2 5
7 3 5
8 1 1
8 3 2
8 4 3
8 6 5
9 0 4
9 1 2
9 3 1
9 4 5
9 5 3
9 6 1
10 1 2
10 2 4
10 4 5
10 5 5
10 6 3
10 8 1
11 0 4
11 1 1
11 3 1
11 4 3
11 7 5
11 8 2
12 0 1
12 3 1
12 4 2
12 5 1
12 7 5
12 10 5
13 0 1
13 1 3
13 2 3
13 3 1
13 5 5
14 1 2
14 3 1
14 4 2
14 6 5
14 7 2
14 8 1
14 9 1
14 10 4
14 11 1
14 13 2
15 0 3
15 1 4
15 2 5
15 3 1
15 4 2
15 5 4
15 8 3
15 9 4
16 5 3
16 6 3
16 9 1
16 10 4
16 11 3
16 14 1
17 0 4
17 2 3
17 3 5
17 6 3
17 7 4
17 11 1
17 13 1
17 16 5
18 6 3
18 7 2
18 8 2
18 12 4
18 15 5
18 17 1
19 2 4
19 6 5
19 7 5
19 9 5
19 10 5
19 13 3
19 16 1
20 3 2
20 4 5
20 5 3
20 6 2
20 8 5
20 15 3
20 18 3
20 19 4
21 1 3
21 2 3
21 3 4
21 5 5
21 6 4
21 7 4
21 8 5
21 11 3
21 13 5
21 16 5
21 19 1
21 20 5
22 0 4
22 1 4
22 6 3
22 9 3
22 11 5
22 12 4
22 16 2
22 17 5
22 18 5
22 19 4
23 1 5
23 5 1
23 6 4
23 8 4
23 10 5
23 11 5
23 12 3
23 13 2
23 14 3
23 15 2
23 17 2
23 19 1
23 22 1
24 4 2
24 5 2
24 7 4
24 8 5
24 9 4
24 10 5
24 12 2
24 14 3
24 17 1
24 20 1
24 21 2
24 23 2
25 0 5
25 5 1
25 8 4
25 9 5
25 10 5
25 11 3
25 12 5
25 14 4
25 17 3
25 18 2
25 19 1
25 21 5
25 22 4
25 23 1
26 0 5
26 1 3
26 4 5
26 5 4
26 6 1
26 7 5
26 8 4
26 9 2
26 16 2
26 19 1
26 20 2
26 22 5
26 24 4
27 0 5
27 3 1
27 4 2
27 6 1
27 7 5
27 11 4
27 12 5
27 13 5
27 14 3
27 17 5
27 18 1
27 19 4
27 20 2
27 23 5
27 26 1
28 1 5
28 3 3
28 4 3
28 7 2
28 10 3
28 11 1
28 14 4
28 17 5
28 19 2
28 22 5
28 25 5
28 26 2
29 1 4
29 2 5
29 3 2
29 4 5
29 10 5
29 12 5
29 13 3
29 14 1
29 15 4
29 17 5
29 19 1
29 20 2
29 25 5
29 26 1
29 27 4
29 28 3
30 0 1
30 1 3
30 5 3
30 6 5
30 9 4
30 10 1
30 12 2
30 15 5
30 16 1
30 18 2
30 19 4
30 21 1
30 24 5
30 26 3
30 28 4
30 29 2
31 0 3
31 2 3
31 4 4
31 5 2
31 7 4
31 8 3
31 10 1
31 11 4
31 14 5
31 15 5
31 16 4
31 17 2
31 20 4
31 21 3
31 22 3
31 23 2
31 25 2
31 27 3
31 28 3
31 29 4
31 30 3
32 0 4
32 9 1
32 10 3
32 13 2
32 14 5
32 15 5
32 18 1
32 20 3
32 22 3
32 25 2
32 26 1
32 27 3
32 31 3
33 0 3
33 1 4
33 2 4
33 5 3
33 8 1
33 9 5
33 10 4
33 11 3
33 12 2
33 14 5
33 15 2
33 20 4
33 21 1
33 22 3
33 23 5
33 24 2
33 27 1
33 32 2
34 0 4
34 1 2
34 3 2
34 4 5
34 5 2
34 6 4
34 7 3
34 10 2
34 12 3
34 16 5
34 23 5
34 29 4
34 32 4
34 33 3
35 0 1
35 2 3
35 3 2
35 4 3
35 5 4
35 6 1
35 7 4
35 8 4
35 9 3
35 11 3
35 12 2
35 17 3
35 18 4
35 19 3
35 23 5
35 24 5
35 27 3
35 29 5
35 31 5
35 32 3
36 0 1
36 2 3
36 7 4
36 11 1
36 12 1
36 13 5
36 14 3
36 15 5
36 17 1
36 19 2
36 22 1
36 23 5
36 24 4
36 25 3
36 27 4
36 30 1
36 35 5
37 0 4
37 3 4
37 7 2
37 9 5
37 10 4
37 12 2
37 14 3
37 17 1
37 18 3
37 20 5
37 21 5
37 22 3
37 24 4
37 25 2
37 26 4
37 27 1
37 28 2
37 29 4
37 31 4
38 1 4
38 5 5
38 6 1
38 7 5
38 9 1
38 10 2
38 11 5
38 12 5
38 13 1
38 14 5
38 15 2
38 17 2
38 18 1
38 19 4
38 20 2
38 22 2
38 24 5
38 25 1
38 26 4
38 27 2
38 29 4
38 30 1
38 32 2
38 33 2
38 34 1
38 35 2
38 36 5
39 1 2
39 3 1
39 5 3
39 8 1
39 10 4
39 11 3
39 14 1
39 15 4
39 17 5
39 19 4
39 22 5
39 26 5
39 27 5
39 31 1
39 33 3
39 34 2
39 37 1
