30
1 0 5
3 1 6
4 0 8
4 1 8
5 3 9
6 0 1
6 1 2
6 3 12
7 0 7
7 3 4
7 4 9
7 6 7
8 0 1
8 1 11
8 6 12
8 7 12
9 2 11
9 4 3
9 7 5
10 2 6
10 6 12
10 8 8
10 9 10
11 0 12
11 3 5
11 4 10
11 5 3
11 6 5
11 7 10
11 9 8
12 2 1
12 3 11
12 5 10
12 6 7
12 7 11
12 9 2
12 10 12
13 1 10
13 6 9
14 2 11
14 4 4
14 5 12
14 6 8
14 7 12
14 8 7
14 10 3
14 11 10
15 1 9
15 2 1
15 3 1
15 4 1
15 7 6
15 8 2
15 10 5
15 11 11
16 0 11
16 1 4
16 2 11
16 3 8
16 5 4
16 8 9
16 15 3
17 1 6
17 2 8
17 4 5
17 6 12
17 7 3
17 8 1
17 10 2
17 11 10
17 12 6
17 13 2
17 15 1
18 2 1
18 3 2
18 4 10
18 6 7
18 10 11
18 12 5
18 15 10
18 16 9
18 17 3
19 2 1
19 3 4
19 4 5
19 6 4
19 9 5
19 10 5
19 11 3
19 12 2
19 15 11
19 16 6
19 18 2
20 3 12
20 6 8
20 9 12
20 10 11
20 15 10
20 17 5
20 19 10
21 1 8
21 7 2
21 8 9
21 11 11
21 12 8
21 15 7
21 19 4
22 0 1
22 1 9
22 3 4
22 4 4
22 5 7
22 6 10
22 7 8
22 11 5
22 12 11
22 16 11
22 17 8
22 20 9
23 3 8
23 4 4
23 6 11
23 7 7
23 9 7
23 10 7
23 14 8
23 15 8
23 16 3
23 17 9
23 22 9
24 0 2
24 1 7
24 2 2
24 3 1
24 4 4
24 5 9
24 6 4
24 7 7
24 9 11
24 10 8
24 11 4
24 12 7
24 14 4
24 17 7
24 19 6
24 21 11
24 22 12
25 0 1
25 1 5
25 3 6
25 6 1
25 7 7
25 9 12
25 10 3
25 11 7
25 12 9
25 13 9
25 17 9
25 20 3
25 21 5
25 23 5
26 1 8
26 2 2
26 3 4
26 4 3
26 7 6
26 9 5
26 11 2
26 12 10
26 13 8
26 16 12
26 17 2
26 18 6
26 20 7
26 21 4
26 22 2
26 24 4
26 25 3
27 2 12
27 5 1
27 10 9
27 11 12
27 12 11
27 13 10
27 17 7
27 25 5
27 26 10
28 1 6
28 5 7
28 6 11
28 7 7
28 8 3
28 9 2
28 13 11
28 14 3
28 16 11
28 17 10
28 18 3
28 20 10
28 22 9
28 23 10
28 27 5
29 1 12
29 2 10
29 3 10
29 5 12
29 6 4
29 7 10
29 8 1
29 12 12
29 17 5
29 19 8
29 21 10
29 24 1
29 25 4
29 26 11
29 27 9
