20
2 1 3
3 1 3
3 2 2
5 0 3
5 4 2
6 1 3
6 2 3
6 3 2
7 1 3
7 3 1
7 5 2
7 6 3
8 1 1
8 2 2
8 3 1
8 4 2
8 6 3
8 7 1
9 0 2
9 5 2
9 6 1
9 7 1
9 8 3
10 9 2
11 1 1
11 2 1
11 3 3
11 5 3
11 6 2
11 7 3
11 10 2
12 0 3
12 1 1
12 2 2
12 3 3
12 5 3
12 7 1
12 8 1
13 1 2
13 4 3
13 5 3
13 6 2
13 9 1
13 10 3
14 0 2
14 1 2
14 4 2
14 5 1
14 7 1
14 9 1
14 10 1
14 11 3
15 0 1
15 1 2
15 5 1
15 6 2
15 7 3
15 8 3
15 9 3
15 11 1
15 12 3
15 13 2
15 14 1
16 0 2
16 1 1
16 3 2
16 5 2
16 9 2
16 10 2
16 11 1
16 12 3
16 13 3
16 15 3
17 0 3
17 1 2
17 2 1
17 3 1
17 4 3
17 6 3
17 7 2
17 11 1
17 13 2
17 15 1
17 16 1
18 0 3
18 1 3
18 3 1
18 5 1
18 6 2
18 7 3
18 8 1
18 10 2
18 11 2
18 13 2
18 15 2
18 16 1
18 17 1
19 4 3
19 5 1
19 7 2
19 9 1
19 11 2
19 17 2
19 18 1
