60
1 0 7
2 0 9
2 1 9
3 0 9
3 1 3
3 2 2
4 0 2
4 1 8
4 2 9
4 3 9
5 0 8
5 1 6
5 2 4
5 3 5
5 4 7
6 0 3
6 1 5
6 2 2
6 3 9
6 4 9
6 5 9
7 0 4
7 1 1
7 2 4
7 3 1
7 4 9
7 5 2
7 6 1
8 0 7
8 1 4
8 2 2
8 3 1
8 4 7
8 5 4
8 6 5
8 7 5
9 0 4
9 1 1
9 2 7
9 3 4
9 4 2
9 5 3
9 6 6
9 7 1
9 8 2
10 0 1
10 1 8
10 2 1
10 3 1
10 4 6
10 5 7
10 6 6
10 7 1
10 8 9
10 9 3
11 0 2
11 1 4
11 2 6
11 3 5
11 4 7
11 5 3
11 6 3
11 7 3
11 8 8
11 9 3
11 10 1
12 0 1
12 1 5
12 2 8
12 3 3
12 4 5
12 5 1
12 6 2
12 7 5
12 8 1
12 9 6
12 10 2
12 11 9
13 0 7
13 1 5
13 2 9
13 3 3
13 4 5
13 5 8
13 6 4
13 7 8
13 8 8
13 9 8
13 10 7
13 11 2
13 12 4
14 0 4
14 1 1
14 2 9
14 3 8
14 4 3
14 5 6
14 6 9
14 7 5
14 8 9
14 9 5
14 10 7
14 11 1
14 12 2
14 13 7
15 0 5
15 1 7
15 2 1
15 3 7
15 4 1
15 5 9
15 6 9
15 7 7
15 8 8
15 9 7
15 10 7
15 11 4
15 12 6
15 13 5
15 14 7
16 0 4
16 1 9
16 2 8
16 3 6
16 4 3
16 5 5
16 6 3
16 7 5
16 8 9
16 9 7
16 10 9
16 11 7
16 12 2
16 13 9
16 14 4
16 15 2
17 0 6
17 1 1
17 2 6
17 3 9
17 4 2
17 5 5
17 6 3
17 7 2
17 8 4
17 9 9
17 10 4
17 11 1
17 12 7
17 13 1
17 14 6
17 15 2
17 16 1
18 0 7
18 1 4
18 2 2
18 3 6
18 4 8
18 5 9
18 6 6
18 7 9
18 8 1
18 9 8
18 10 8
18 11 8
18 12 7
18 13 7
18 14 9
18 15 9
18 16 9
18 17 6
19 0 8
19 1 1
19 2 3
19 3 8
19 4 7
19 5 7
19 6 5
19 7 8
19 8 5
19 9 5
19 10 9
19 11 6
19 12 7
19 13 8
19 14 1
19 15 1
19 16 7
19 17 8
19 18 6
20 0 5
20 1 4
20 2 5
20 3 1
20 4 9
20 5 1
20 6 6
20 7 5
20 8 5
20 9 4
20 10 4
20 11 7
20 12 6
20 13 7
20 14 4
20 15 5
20 16 2
20 17 4
20 18 5
20 19 9
21 0 4
21 1 2
21 2 4
21 3 5
21 4 3
21 5 4
21 6 3
21 7 7
21 8 2
21 9 1
21 10 5
21 11 2
21 12 2
21 13 8
21 14 2
21 15 6
21 16 4
21 17 8
21 18 2
21 19 8
21 20 4
22 0 6
22 1 8
22 2 5
22 3 3
22 4 5
22 5 9
22 6 2
22 7 1
22 8 8
22 9 3
22 10 7
22 11 7
22 12 7
22 13 7
22 14 5
22 15 3
22 16 2
22 17 1
22 18 2
22 19 7
22 20 5
22 21 8
23 0 3
23 1 2
23 2 8
23 3 6
23 4 9
23 5 6
23 6 5
23 7 2
23 8 2
23 9 2
23 10 5
23 11 5
23 12 1
23 13 3
23 14 4
23 15 3
23 16 8
23 17 9
23 18 6
23 19 5
23 20 7
23 21 3
23 22 8
24 0 5
24 1 8
24 2 4
24 3 8
24 4 5
24 5 8
24 6 5
24 7 5
24 8 3
24 9 4
24 10 4
24 11 5
24 12 8
24 13 7
24 14 9
24 15 8
24 16 3
24 17 6
24 18 2
24 19 3
24 20 8
24 21 7
24 22 6
24 23 3
25 0 3
25 1 9
25 2 8
25 3 7
25 4 9
25 5 8
25 6 5
25 7 1
25 8 2
25 9 1
25 10 3
25 11 5
25 12 5
25 13 8
25 14 8
25 15 6
25 16 3
25 17 3
25 18 5
25 19 8
25 20 6
25 21 1
25 22 8
25 23 1
25 24 2
26 0 7
26 1 9
26 2 3
26 3 1
26 4 3
26 5 1
26 6 1
26 7 3
26 8 4
26 9 5
26 10 3
26 11 2
26 12 1
26 13 7
26 14 7
26 15 4
26 16 5
26 17 5
26 18 9
26 19 4
26 20 8
26 21 6
26 22 5
26 23 2
26 24 7
26 25 3
27 0 5
27 1 9
27 2 1
27 3 9
27 4 9
27 5 4
27 6 2
27 7 7
27 8 1
27 9 6
27 10 5
27 11 1
27 12 2
27 13 1
27 14 6
27 15 9
27 16 4
27 17 9
27 18 1
27 19 8
27 20 3
27 21 5
27 22 1
27 23 9
27 24 3
27 25 1
27 26 8
28 0 1
28 1 7
28 2 9
28 3 3
28 4 4
28 5 4
28 6 7
28 7 9
28 8 3
28 9 4
28 10 2
28 11 5
28 12 4
28 13 5
28 14 8
28 15 8
28 16 2
28 17 9
28 18 6
28 19 6
28 20 8
28 21 2
28 22 7
28 23 7
28 24 4
28 25 4
28 26 8
28 27 9
29 0 6
29 1 9
29 2 5
29 3 8
29 4 2
29 5 8
29 6 5
29 7 9
29 8 5
29 9 3
29 10 6
29 11 3
29 12 7
29 13 7
29 14 4
29 15 8
29 16 2
29 17 2
29 18 6
29 19 6
29 20 3
29 21 1
29 22 8
29 23 2
29 24 8
29 25 6
29 26 8
29 27 3
29 28 5
30 0 4
30 1 8
30 2 2
30 3 5
30 4 6
30 5 3
30 6 4
30 7 6
30 8 9
30 9 1
30 10 2
30 11 7
30 12 4
30 13 8
30 14 2
30 15 3
30 16 2
30 17 6
30 18 7
30 19 9
30 20 8
30 21 6
30 22 1
30 23 7
30 24 8
30 25 8
30 26 1
30 27 1
30 28 4
30 29 1
31 0 8
31 1 8
31 2 6
31 3 8
31 4 6
31 5 7
31 6 9
31 7 7
31 8 8
31 9 8
31 10 8
31 11 6
31 12 2
31 13 3
31 14 7
31 15 5
31 16 8
31 17 9
31 18 9
31 19 7
31 20 7
31 21 2
31 22 9
31 23 3
31 24 7
31 25 6
31 26 8
31 27 9
31 28 4
31 29 6
31 30 1
32 0 1
32 1 8
32 2 2
32 3 9
32 4 6
32 5 6
32 6 9
32 7 9
32 8 6
32 9 5
32 10 5
32 11 2
32 12 3
32 13 9
32 14 4
32 15 9
32 16 9
32 17 1
32 18 2
32 19 4
32 20 1
32 21 3
32 22 3
32 23 7
32 24 3
32 25 6
32 26 4
32 27 9
32 28 8
32 29 7
32 30 5
32 31 3
33 0 6
33 1 5
33 2 6
33 3 2
33 4 9
33 5 6
33 6 6
33 7 9
33 8 1
33 9 7
33 10 3
33 11 6
33 12 7
33 13 3
33 14 2
33 15 9
33 16 2
33 17 5
33 18 4
33 19 6
33 20 4
33 21 6
33 22 8
33 23 8
33 24 8
33 25 6
33 26 2
33 27 1
33 28 4
33 29 5
33 30 9
33 31 7
33 32 2
34 0 8
34 1 6
34 2 3
34 3 4
34 4 1
34 5 1
34 6 8
34 7 8
34 8 8
34 9 8
34 10 7
34 11 7
34 12 6
34 13 9
34 14 1
34 15 4
34 16 9
34 17 6
34 18 3
34 19 5
34 20 8
34 21 9
34 22 8
34 23 4
34 24 4
34 25 1
34 26 7
34 27 7
34 28 1
34 29 6
34 30 1
34 31 3
34 32 8
34 33 4
35 0 8
35 1 1
35 2 4
35 3 8
35 4 6
35 5 7
35 6 2
35 7 3
35 8 9
35 9 2
35 10 7
35 11 3
35 12 1
35 13 1
35 14 2
35 15 3
35 16 9
35 17 2
35 18 3
35 19 2
35 20 4
35 21 7
35 22 2
35 23 9
35 24 6
35 25 1
35 26 1
35 27 3
35 28 6
35 29 8
35 30 9
35 31 4
35 32 8
35 33 5
35 34 7
36 0 1
36 1 5
36 2 7
36 3 4
36 4 8
36 5 1
36 6 1
36 7 2
36 8 9
36 9 4
36 10 8
36 11 8
36 12 2
36 13 6
36 14 6
36 15 4
36 16 4
36 17 8
36 18 6
36 19 4
36 20 2
36 21 2
36 22 7
36 23 5
36 24 9
36 25 6
36 26 6
36 27 3
36 28 6
36 29 4
36 30 2
36 31 1
36 32 5
36 33 7
36 34 9
36 35 3
37 0 9
37 1 1
37 2 3
37 3 5
37 4 9
37 5 1
37 6 4
37 7 4
37 8 6
37 9 7
37 10 5
37 11 5
37 12 1
37 13 3
37 14 9
37 15 9
37 16 7
37 17 1
37 18 5
37 19 2
37 20 6
37 21 6
37 22 6
37 23 5
37 24 2
37 25 9
37 26 4
37 27 9
37 28 7
37 29 4
37 30 5
37 31 9
37 32 8
37 33 7
37 34 5
37 35 8
37 36 1
38 0 2
38 1 3
38 2 8
38 3 1
38 4 1
38 5 5
38 6 9
38 7 5
38 8 5
38 9 5
38 10 5
38 11 2
38 12 8
38 13 5
38 14 9
38 15 3
38 16 8
38 17 6
38 18 4
38 19 6
38 20 8
38 21 1
38 22 7
38 23 7
38 24 6
38 25 4
38 26 2
38 27 9
38 28 1
38 29 3
38 30 2
38 31 1
38 32 9
38 33 9
38 34 9
38 35 1
38 36 8
38 37 1
39 0 7
39 1 6
39 2 1
39 3 8
39 4 1
39 5 3
39 6 7
39 7 1
39 8 7
39 9 6
39 10 9
39 11 3
39 12 4
39 13 4
39 14 4
39 15 9
39 16 8
39 17 5
39 18 2
39 19 4
39 20 9
39 21 3
39 22 5
39 23 6
39 24 8
39 25 4
39 26 9
39 27 8
39 28 8
39 29 3
39 30 2
39 31 2
39 32 3
39 33 7
39 34 7
39 35 4
39 36 4
39 37 2
39 38 4
40 0 6
40 1 9
40 2 4
40 3 8
40 4 8
40 5 8
40 6 1
40 7 9
40 8 4
40 9 5
40 10 3
40 11 7
40 12 8
40 13 7
40 14 7
40 15 6
40 16 4
40 17 7
40 18 6
40 19 8
40 20 7
40 21 1
40 22 3
40 23 4
40 24 5
40 25 9
40 26 7
40 27 8
40 28 2
40 29 1
40 30 1
40 31 1
40 32 6
40 33 6
40 34 6
40 35 7
40 36 5
40 37 3
40 38 7
40 39 5
41 0 3
41 1 8
41 2 7
41 3 2
41 4 8
41 5 9
41 6 6
41 7 3
41 8 5
41 9 3
41 10 5
41 11 7
41 12 2
41 13 5
41 14 5
41 15 9
41 16 9
41 17 5
41 18 8
41 19 6
41 20 7
41 21 4
41 22 3
41 23 2
41 24 4
41 25 7
41 26 3
41 27 1
41 28 6
41 29 3
41 30 9
41 31 6
41 32 6
41 33 4
41 34 7
41 35 2
41 36 9
41 37 5
41 38 1
41 39 1
41 40 8
42 0 9
42 1 4
42 2 4
42 3 3
42 4 3
42 5 2
42 6 9
42 7 1
42 8 9
42 9 5
42 10 2
42 11 2
42 12 7
42 13 3
42 14 3
42 15 2
42 16 4
42 17 5
42 18 9
42 19 3
42 20 4
42 21 5
42 22 9
42 23 2
42 24 7
42 25 6
42 26 7
42 27 3
42 28 8
42 29 4
42 30 1
42 31 8
42 32 6
42 33 3
42 34 4
42 35 2
42 36 6
42 37 1
42 38 5
42 39 2
42 40 7
42 41 4
43 0 2
43 1 8
43 2 1
43 3 3
43 4 6
43 5 7
43 6 4
43 7 3
43 8 9
43 9 6
43 10 7
43 11 9
43 12 1
43 13 4
43 14 4
43 15 5
43 16 1
43 17 1
43 18 7
43 19 4
43 20 4
43 21 9
43 22 1
43 23 3
43 24 7
43 25 8
43 26 6
43 27 7
43 28 3
43 29 3
43 30 4
43 31 2
43 32 4
43 33 4
43 34 9
43 35 3
43 36 8
43 37 9
43 38 5
43 39 1
43 40 1
43 41 3
43 42 5
44 0 2
44 1 2
44 2 3
44 3 8
44 4 8
44 5 7
44 6 8
44 7 6
44 8 3
44 9 1
44 10 8
44 11 2
44 12 8
44 13 6
44 14 9
44 15 5
44 16 9
44 17 5
44 18 3
44 19 7
44 20 3
44 21 6
44 22 9
44 23 6
44 24 9
44 25 9
44 26 6
44 27 9
44 28 5
44 29 4
44 30 9
44 31 2
44 32 1
44 33 9
44 34 7
44 35 4
44 36 6
44 37 3
44 38 3
44 39 6
44 40 9
44 41 5
44 42 8
44 43 9
45 0 6
45 1 7
45 2 6
45 3 3
45 4 3
45 5 3
45 6 8
45 7 3
45 8 5
45 9 5
45 10 2
45 11 6
45 12 8
45 13 6
45 14 4
45 15 2
45 16 5
45 17 4
45 18 5
45 19 1
45 20 2
45 21 2
45 22 4
45 23 9
45 24 2
45 25 3
45 26 1
45 27 6
45 28 9
45 29 7
45 30 8
45 31 6
45 32 2
45 33 2
45 34 9
45 35 8
45 36 1
45 37 7
45 38 8
45 39 7
45 40 1
45 41 2
45 42 2
45 43 7
45 44 7
46 0 6
46 1 3
46 2 2
46 3 5
46 4 4
46 5 6
46 6 6
46 7 7
46 8 6
46 9 8
46 10 3
46 11 9
46 12 4
46 13 1
46 14 9
46 15 3
46 16 4
46 17 7
46 18 7
46 19 3
46 20 4
46 21 8
46 22 3
46 23 3
46 24 4
46 25 6
46 26 6
46 27 8
46 28 7
46 29 7
46 30 3
46 31 9
46 32 8
46 33 4
46 34 4
46 35 6
46 36 9
46 37 9
46 38 2
46 39 9
46 40 3
46 41 6
46 42 3
46 43 8
46 44 9
46 45 5
47 0 5
47 1 3
47 2 5
47 3 1
47 4 3
47 5 2
47 6 8
47 7 9
47 8 7
47 9 8
47 10 3
47 11 4
47 12 9
47 13 6
47 14 5
47 15 6
47 16 6
47 17 2
47 18 3
47 19 2
47 20 6
47 21 9
47 22 3
47 23 9
47 24 6
47 25 2
47 26 9
47 27 7
47 28 8
47 29 3
47 30 2
47 31 9
47 32 4
47 33 6
47 34 3
47 35 9
47 36 7
47 37 3
47 38 2
47 39 9
47 40 4
47 41 6
47 42 3
47 43 1
47 44 6
47 45 3
47 46 5
48 0 2
48 1 1
48 2 3
48 3 3
48 4 9
48 5 1
48 6 1
48 7 5
48 8 6
48 9 6
48 10 5
48 11 5
48 12 6
48 13 5
48 14 2
48 15 6
48 16 2
48 17 1
48 18 2
48 19 2
48 20 1
48 21 8
48 22 5
48 23 2
48 24 9
48 25 4
48 26 5
48 27 5
48 28 9
48 29 1
48 30 5
48 31 7
48 32 4
48 33 9
48 34 3
48 35 5
48 36 2
48 37 7
48 38 5
48 39 5
48 40 8
48 41 4
48 42 3
48 43 2
48 44 3
48 45 6
48 46 1
48 47 8
49 0 7
49 1 2
49 2 8
49 3 8
49 4 6
49 5 1
49 6 4
49 7 4
49 8 7
49 9 4
49 10 2
49 11 8
49 12 7
49 13 1
49 14 9
49 15 9
49 16 8
49 17 5
49 18 3
49 19 8
49 20 1
49 21 8
49 22 9
49 23 6
49 24 6
49 25 7
49 26 4
49 27 4
49 28 2
49 29 5
49 30 1
49 31 5
49 32 7
49 33 4
49 34 5
49 35 7
49 36 8
49 37 9
49 38 9
49 39 1
49 40 5
49 41 8
49 42 9
49 43 2
49 44 3
49 45 6
49 46 7
49 47 7
49 48 4
50 0 8
50 1 3
50 2 8
50 3 9
50 4 7
50 5 9
50 6 7
50 7 6
50 8 6
50 9 4
50 10 5
50 11 1
50 12 6
50 13 3
50 14 8
50 15 5
50 16 5
50 17 3
50 18 3
50 19 8
50 20 2
50 21 5
50 22 5
50 23 6
50 24 8
50 25 9
50 26 2
50 27 2
50 28 4
50 29 1
50 30 9
50 31 4
50 32 6
50 33 2
50 34 4
50 35 4
50 36 4
50 37 1
50 38 3
50 39 9
50 40 4
50 41 5
50 42 8
50 43 6
50 44 1
50 45 3
50 46 3
50 47 6
50 48 8
50 49 5
51 0 9
51 1 1
51 2 4
51 3 7
51 4 2
51 5 1
51 6 1
51 7 7
51 8 1
51 9 5
51 10 8
51 11 9
51 12 1
51 13 4
51 14 2
51 15 7
51 16 3
51 17 9
51 18 6
51 19 5
51 20 9
51 21 6
51 22 8
51 23 6
51 24 9
51 25 8
51 26 2
51 27 1
51 28 3
51 29 2
51 30 2
51 31 9
51 32 7
51 33 8
51 34 5
51 35 8
51 36 4
51 37 6
51 38 3
51 39 4
51 40 8
51 41 9
51 42 6
51 43 7
51 44 8
51 45 1
51 46 2
51 47 2
51 48 5
51 49 6
51 50 8
52 0 1
52 1 6
52 2 8
52 3 5
52 4 4
52 5 6
52 6 7
52 7 9
52 8 1
52 9 6
52 10 1
52 11 2
52 12 2
52 13 2
52 14 7
52 15 9
52 16 6
52 17 9
52 18 6
52 19 7
52 20 3
52 21 7
52 22 7
52 23 4
52 24 2
52 25 6
52 26 3
52 27 9
52 28 6
52 29 5
52 30 5
52 31 3
52 32 3
52 33 3
52 34 1
52 35 1
52 36 7
52 37 7
52 38 9
52 39 9
52 40 1
52 41 1
52 42 3
52 43 7
52 44 3
52 45 6
52 46 7
52 47 3
52 48 2
52 49 7
52 50 9
52 51 1
53 0 1
53 1 5
53 2 1
53 3 8
53 4 2
53 5 5
53 6 6
53 7 9
53 8 4
53 9 8
53 10 5
53 11 4
53 12 1
53 13 2
53 14 6
53 15 1
53 16 9
53 17 7
53 18 2
53 19 6
53 20 9
53 21 1
53 22 7
53 23 1
53 24 8
53 25 6
53 26 3
53 27 5
53 28 7
53 29 1
53 30 6
53 31 7
53 32 5
53 33 3
53 34 2
53 35 1
53 36 9
53 37 1
53 38 7
53 39 9
53 40 3
53 41 3
53 42 4
53 43 3
53 44 6
53 45 1
53 46 4
53 47 9
53 48 9
53 49 3
53 50 8
53 51 5
53 52 8
54 0 1
54 1 1
54 2 7
54 3 6
54 4 4
54 5 7
54 6 4
54 7 8
54 8 4
54 9 3
54 10 4
54 11 6
54 12 4
54 13 4
54 14 2
54 15 6
54 16 6
54 17 9
54 18 8
54 19 5
54 20 8
54 21 4
54 22 1
54 23 6
54 24 3
54 25 4
54 26 9
54 27 4
54 28 8
54 29 7
54 30 9
54 31 7
54 32 2
54 33 9
54 34 7
54 35 8
54 36 9
54 37 8
54 38 1
54 39 3
54 40 2
54 41 4
54 42 5
54 43 3
54 44 9
54 45 2
54 46 8
54 47 5
54 48 7
54 49 4
54 50 5
54 51 3
54 52 2
54 53 4
55 0 4
55 1 9
55 2 1
55 3 1
55 4 8
55 5 2
55 6 8
55 7 4
55 8 3
55 9 6
55 10 9
55 11 4
55 12 2
55 13 5
55 14 9
55 15 1
55 16 2
55 17 2
55 18 8
55 19 2
55 20 6
55 21 2
55 22 7
55 23 1
55 24 3
55 25 5
55 26 3
55 27 7
55 28 7
55 29 2
55 30 9
55 31 6
55 32 6
55 33 4
55 34 1
55 35 6
55 36 8
55 37 6
55 38 2
55 39 7
55 40 2
55 41 4
55 42 7
55 43 1
55 44 4
55 45 4
55 46 8
55 47 8
55 48 5
55 49 4
55 50 7
55 51 1
55 52 6
55 53 9
55 54 6
56 0 3
56 1 8
56 2 5
56 3 3
56 4 9
56 5 2
56 6 6
56 7 6
56 8 9
56 9 6
56 10 9
56 11 9
56 12 5
56 13 7
56 14 3
56 15 7
56 16 1
56 17 5
56 18 6
56 19 2
56 20 1
56 21 9
56 22 5
56 23 1
56 24 6
56 25 4
56 26 3
56 27 9
56 28 1
56 29 4
56 30 7
56 31 1
56 32 1
56 33 7
56 34 8
56 35 3
56 36 7
56 37 3
56 38 9
56 39 5
56 40 9
56 41 6
56 42 3
56 43 3
56 44 6
56 45 7
56 46 8
56 47 4
56 48 7
56 49 1
56 50 4
56 51 3
56 52 8
56 53 9
56 54 2
56 55 9
57 0 3
57 1 9
57 2 2
57 3 3
57 4 6
57 5 2
57 6 6
57 7 8
57 8 9
57 9 6
57 10 9
57 11 4
57 12 7
57 13 3
57 14 5
57 15 1
57 16 9
57 17 3
57 18 3
57 19 7
57 20 3
57 21 1
57 22 1
57 23 3
57 24 4
57 25 7
57 26 4
57 27 2
57 28 1
57 29 7
57 30 3
57 31 8
57 32 6
57 33 7
57 34 3
57 35 2
57 36 2
57 37 9
57 38 8
57 39 4
57 40 8
57 41 3
57 42 1
57 43 8
57 44 3
57 45 6
57 46 2
57 47 6
57 48 1
57 49 5
57 50 2
57 51 5
57 52 8
57 53 4
57 54 7
57 55 8
57 56 7
58 0 9
58 1 1
58 2 3
58 3 6
58 4 1
58 5 6
58 6 4
58 7 7
58 8 6
58 9 5
58 10 4
58 11 6
58 12 6
58 13 3
58 14 9
58 15 2
58 16 6
58 17 5
58 18 8
58 19 4
58 20 5
58 21 6
58 22 8
58 23 6
58 24 1
58 25 9
58 26 8
58 27 8
58 28 3
58 29 4
58 30 8
58 31 4
58 32 1
58 33 8
58 34 2
58 35 5
58 36 8
58 37 3
58 38 4
58 39 2
58 40 1
58 41 1
58 42 3
58 43 6
58 44 7
58 45 9
58 46 1
58 47 6
58 48 1
58 49 5
58 50 3
58 51 2
58 52 4
58 53 9
58 54 6
58 55 3
58 56 4
58 57 3
59 0 2
59 1 7
59 2 3
59 3 5
59 4 3
59 5 8
59 6 2
59 7 5
59 8 9
59 9 7
59 10 1
59 11 4
59 12 4
59 13 1
59 14 6
59 15 2
59 16 5
59 17 8
59 18 8
59 19 4
59 20 4
59 21 5
59 22 6
59 23 6
59 24 4
59 25 1
59 26 2
59 27 8
59 28 1
59 29 4
59 30 2
59 31 1
59 32 6
59 33 1
59 34 9
59 35 1
59 36 1
59 37 4
59 38 8
59 39 1
59 40 1
59 41 9
59 42 5
59 43 8
59 44 2
59 45 5
59 46 2
59 47 7
59 48 7
59 49 9
59 50 7
59 51 9
59 52 3
59 53 1
59 54 3
59 55 4
59 56 6
59 57 7
59 58 6
