20
1 0 10
2 0 2
2 1 6
3 0 2
3 1 11
3 2 4
4 0 7
4 1 3
4 2 10
4 3 6
5 0 4
5 1 8
5 2 12
5 3 10
5 4 4
6 0 2
6 1 6
6 2 11
6 3 1
6 4 3
6 5 2
7 0 3
7 1 11
7 2 10
7 3 12
7 4 11
7 5 6
7 6 1
8 0 2
8 1 2
8 2 2
8 3 9
8 4 7
8 5 1
8 6 10
8 7 5
9 0 8
9 1 1
9 2 12
9 3 10
9 4 12
9 5 10
9 6 8
9 7 6
9 8 4
10 0 12
10 1 3
10 2 8
10 3 4
10 4 10
10 5 3
10 6 1
10 7 11
10 8 1
10 9 11
11 0 7
11 1 4
11 2 5
11 3 3
11 4 12
11 5 8
11 6 11
11 7 8
11 8 2
11 9 4
11 10 1
12 0 6
12 1 12
12 2 5
12 3 1
12 4 8
12 5 3
12 6 5
12 7 10
12 8 8
12 9 9
12 10 2
12 11 4
13 0 7
13 1 8
13 2 2
13 3 1
13 4 6
13 5 2
13 6 9
13 7 8
13 8 5
13 9 4
13 10 7
13 11 5
13 12 6
14 0 11
14 1 12
14 2 9
14 3 12
14 4 4
14 5 4
14 6 5
14 7 11
14 8 1
14 9 12
14 10 6
14 11 7
14 12 4
14 13 1
15 0 5
15 1 5
15 2 5
15 3 10
15 4 11
15 5 10
15 6 4
15 7 7
15 8 3
15 9 8
15 10 9
15 11 1
15 12 11
15 13 1
15 14 5
16 0 5
16 1 6
16 2 1
16 3 7
16 4 8
16 5 7
16 6 4
16 7 9
16 8 6
16 9 8
16 10 2
16 11 9
16 12 10
16 13 4
16 14 9
16 15 3
17 0 11
17 1 2
17 2 10
17 3 7
17 4 4
17 5 7
17 6 7
17 7 8
17 8 8
17 9 6
17 10 12
17 11 4
17 12 8
17 13 5
17 14 1
17 15 12
17 16 11
18 0 7
18 1 5
18 2 2
18 3 3
18 4 4
18 5 4
18 6 5
18 7 8
18 8 12
18 9 1
18 10 6
18 11 6
18 12 6
18 13 11
18 14 2
18 15 4
18 16 10
18 17 6
19 0 6
19 1 4
19 2 11
19 3 12
19 4 12
19 5 1
19 6 5
19 7 12
19 8 5
19 9 4
19 10 9
19 11 1
19 12 10
19 13 5
19 14 11
19 15 4
19 16 3
19 17 2
19 18 4
