30
1 0 4
2 0 3
2 1 4
3 0 4
3 1 4
3 2 3
4 0 1
4 1 1
4 2 4
4 3 3
5 0 3
5 1 4
5 2 4
5 3 1
5 4 3
6 0 4
6 1 1
6 2 2
6 3 1
6 4 2
6 5 4
7 0 4
7 1 2
7 2 3
7 3 2
7 4 3
7 5 3
7 6 2
8 0 2
8 1 4
8 2 3
8 3 1
8 4 3
8 5 2
8 6 2
8 7 1
9 0 2
9 1 1
9 2 3
9 3 2
9 4 2
9 5 1
9 6 2
9 7 2
9 8 3
10 0 2
10 1 1
10 2 2
10 3 3
10 4 2
10 5 3
10 6 1
10 7 1
10 8 2
10 9 2
11 0 3
11 1 2
11 2 3
11 3 1
11 4 1
11 5 3
11 6 4
11 7 4
11 8 3
11 9 2
11 10 4
12 0 4
12 1 3
12 2 2
12 3 3
12 4 3
12 5 2
12 6 4
12 7 4
12 8 2
12 9 1
12 10 1
12 11 4
13 0 2
13 1 3
13 2 4
13 3 4
13 4 3
13 5 4
13 6 2
13 7 4
13 8 3
13 9 2
13 10 1
13 11 4
13 12 2
14 0 3
14 1 1
14 2 2
14 3 1
14 4 4
14 5 2
14 6 1
14 7 3
14 8 1
14 9 1
14 10 4
14 11 1
14 12 2
14 13 1
15 0 1
15 1 2
15 2 2
15 3 2
15 4 3
15 5 2
15 6 4
15 7 4
15 8 3
15 9 4
15 10 2
15 11 1
15 12 2
15 13 1
15 14 4
16 0 2
16 1 1
16 2 1
16 3 1
16 4 1
16 5 4
16 6 4
16 7 3
16 8 3
16 9 2
16 10 4
16 11 1
16 12 3
16 13 4
16 14 4
16 15 1
17 0 4
17 1 3
17 2 3
17 3 4
17 4 1
17 5 2
17 6 2
17 7 1
17 8 1
17 9 3
17 10 3
17 11 2
17 12 1
17 13 2
17 14 2
17 15 4
17 16 1
18 0 2
18 1 4
18 2 2
18 3 2
18 4 4
18 5 3
18 6 1
18 7 1
18 8 4
18 9 2
18 10 3
18 11 1
18 12 1
18 13 3
18 14 3
18 15 3
18 16 1
18 17 4
19 0 4
19 1 3
19 2 2
19 3 3
19 4 3
19 5 4
19 6 2
19 7 4
19 8 2
19 9 3
19 10 4
19 11 2
19 12 1
19 13 1
19 14 2
19 15 2
19 16 4
19 17 1
19 18 4
20 0 3
20 1 3
20 2 1
20 3 1
20 4 2
20 5 4
20 6 1
20 7 4
20 8 1
20 9 2
20 10 2
20 11 1
20 12 3
20 13 4
20 14 1
20 15 3
20 16 2
20 17 3
20 18 3
20 19 4
21 0 1
21 1 4
21 2 1
21 3 3
21 4 4
21 5 4
21 6 3
21 7 2
21 8 1
21 9 2
21 10 3
21 11 2
21 12 3
21 13 3
21 14 3
21 15 2
21 16 4
21 17 3
21 18 3
21 19 1
21 20 4
22 0 2
22 1 2
22 2 3
22 3 3
22 4 2
22 5 2
22 6 4
22 7 2
22 8 3
22 9 1
22 10 1
22 11 1
22 12 2
22 13 2
22 14 2
22 15 3
22 16 2
22 17 3
22 18 1
22 19 1
22 20 3
22 21 3
23 0 3
23 1 3
23 2 4
23 3 1
23 4 1
23 5 2
23 6 4
23 7 2
23 8 4
23 9 3
23 10 1
23 11 1
23 12 3
23 13 1
23 14 4
23 15 2
23 16 1
23 17 1
23 18 4
23 19 2
23 20 1
23 21 3
23 22 3
24 0 3
24 1 3
24 2 4
24 3 3
24 4 3
24 5 3
24 6 1
24 7 2
24 8 3
24 9 1
24 10 1
24 11 4
24 12 3
24 13 4
24 14 3
24 15 4
24 16 1
24 17 4
24 18 1
24 19 1
24 20 4
24 21 1
24 22 1
24 23 1
25 0 1
25 1 1
25 2 2
25 3 1
25 4 3
25 5 1
25 6 3
25 7 4
25 8 3
25 9 3
25 10 2
25 11 3
25 12 1
25 13 1
25 14 2
25 15 2
25 16 2
25 17 3
25 18 3
25 19 2
25 20 4
25 21 2
25 22 1
25 23 1
25 24 4
26 0 2
26 1 1
26 2 3
26 3 3
26 4 2
26 5 2
26 6 3
26 7 3
26 8 4
26 9 3
26 10 1
26 11 2
26 12 2
26 13 3
26 14 2
26 15 3
26 16 4
26 17 3
26 18 1
26 19 3
26 20 1
26 21 3
26 22 1
26 23 3
26 24 2
26 25 4
27 0 3
27 1 2
27 2 2
27 3 2
27 4 4
27 5 2
27 6 2
27 7 4
27 8 1
27 9 2
27 10 2
27 11 4
27 12 1
27 13 1
27 14 2
27 15 3
27 16 1
27 17 3
27 18 3
27 19 4
27 20 3
27 21 1
27 22 3
27 23 4
27 24 4
27 25 4
27 26 2
28 0 2
28 1 4
28 2 2
28 3 1
28 4 3
28 5 3
28 6 1
28 7 3
28 8 2
28 9 1
28 10 4
28 11 4
28 12 3
28 13 3
28 14 4
28 15 1
28 16 3
28 17 3
28 18 2
28 19 3
28 20 2
28 21 3
28 22 1
28 23 1
28 24 2
28 25 2
28 26 2
28 27 2
29 0 4
29 1 3
29 2 1
29 3 3
29 4 3
29 5 2
29 6 4
29 7 2
29 8 3
29 9 3
29 10 2
29 11 3
29 12 4
29 13 1
29 14 3
29 15 3
29 16 2
29 17 4
29 18 4
29 19 2
29 20 2
29 21 1
29 22 4
29 23 2
29 24 3
29 25 3
29 26 4
29 27 1
29 28 4
