20
1 0 4
2 0 5
2 1 1
3 0 2
3 1 1
3 2 5
4 0 3
4 1 1
4 2 2
4 3 3
5 0 5
5 1 4
5 2 2
5 3 2
5 4 3
6 0 2
6 1 4
6 2 2
6 3 2
6 4 3
6 5 2
7 0 1
7 1 1
7 2 4
7 3 5
7 4 5
7 5 5
7 6 5
8 0 3
8 1 5
8 2 1
8 3 5
8 4 3
8 5 5
8 6 1
8 7 2
9 0 3
9 1 2
9 2 1
9 3 3
9 4 1
9 5 2
9 6 3
9 7 3
9 8 2
10 0 1
10 1 1
10 2 2
10 3 3
10 4 5
10 5 5
10 6 5
10 7 4
10 8 1
10 9 1
11 0 1
11 1 2
11 2 1
11 3 3
11 4 5
11 5 1
11 6 3
11 7 4
11 8 4
11 9 2
11 10 2
12 0 1
12 1 5
12 2 1
12 3 5
12 4 1
12 5 5
12 6 2
12 7 4
12 8 5
12 9 4
12 10 1
12 11 3
13 0 2
13 1 5
13 2 2
13 3 1
13 4 5
13 5 5
13 6 3
13 7 2
13 8 5
13 9 1
13 10 2
13 11 4
13 12 3
14 0 4
14 1 2
14 2 3
14 3 5
14 4 3
14 5 1
14 6 4
14 7 1
14 8 4
14 9 2
14 10 1
14 11 2
14 12 2
14 13 5
15 0 4
15 1 1
15 2 4
15 3 3
15 4 4
15 5 5
15 6 3
15 7 2
15 8 5
15 9 5
15 10 3
15 11 3
15 12 5
15 13 4
15 14 1
16 0 4
16 1 4
16 2 2
16 3 2
16 4 1
16 5 2
16 6 5
16 7 3
16 8 2
16 9 1
16 10 2
16 11 1
16 12 1
16 13 2
16 14 4
16 15 3
17 0 4
17 1 4
17 2 1
17 3 4
17 4 4
17 5 3
17 6 2
17 7 2
17 8 5
17 9 4
17 10 1
17 11 5
17 12 2
17 13 5
17 14 5
17 15 3
17 16 2
18 0 4
18 1 1
18 2 3
18 3 4
18 4 4
18 5 2
18 6 1
18 7 3
18 8 4
18 9 2
18 10 1
18 11 3
18 12 5
18 13 1
18 14 1
18 15 4
18 16 1
18 17 3
19 0 1
19 1 2
19 2 3
19 3 2
19 4 1
19 5 2
19 6 1
19 7 2
19 8 4
19 9 5
19 10 3
19 11 5
19 12 4
19 13 4
19 14 3
19 15 2
19 16 5
19 17 2
19 18 2
