60
1 0 4
2 0 11
3 0 8
3 1 12
4 0 7
4 3 11
5 0 9
5 2 8
5 3 1
5 4 11
6 0 3
6 1 9
6 3 2
7 1 3
7 3 1
7 6 10
8 0 9
8 3 4
8 5 3
8 6 5
9 0 11
9 1 5
9 5 5
9 6 2
9 7 7
10 1 9
10 3 3
10 6 6
10 7 10
10 8 11
10 9 8
11 3 3
11 5 5
11 8 4
11 9 9
11 10 3
12 1 2
12 2 12
12 3 12
12 4 1
12 5 2
12 7 7
12 8 10
12 11 10
13 5 5
13 6 4
13 7 2
13 9 8
13 11 2
13 12 12
14 0 1
14 1 5
14 2 3
14 3 4
14 4 8
14 5 1
14 7 8
14 8 5
14 11 11
14 12 8
15 1 11
15 2 6
15 3 7
15 4 11
15 5 12
15 6 5
15 7 2
15 9 7
15 13 7
15 14 5
16 1 10
16 6 6
16 9 1
16 15 8
17 2 7
17 3 6
17 4 10
17 5 9
17 7 5
17 8 2
17 11 7
17 13 8
18 2 9
18 6 3
18 9 5
18 11 6
18 12 7
18 15 4
18 17 3
19 0 8
19 1 12
19 3 3
19 4 11
19 7 1
19 9 4
19 14 5
19 15 2
19 16 1
19 18 3
20 7 4
20 8 2
20 11 11
20 12 1
20 14 2
20 18 4
20 19 12
21 1 12
21 2 3
21 5 4
21 7 12
21 8 2
21 9 6
21 11 9
21 12 7
21 14 6
22 0 11
22 2 7
22 3 3
22 5 5
22 9 9
22 10 6
22 12 12
22 17 12
22 18 2
22 19 7
22 20 2
23 0 6
23 2 9
23 6 8
23 7 10
23 9 2
23 10 5
23 11 5
23 13 3
23 14 6
23 15 6
23 16 11
23 17 2
23 22 2
24 3 2
24 4 12
24 5 10
24 6 7
24 9 7
24 11 8
24 14 1
24 16 4
24 17 7
24 19 1
24 20 7
24 22 8
24 23 6
25 0 9
25 1 2
25 2 3
25 3 2
25 4 8
25 5 10
25 8 4
25 10 8
25 15 1
25 16 9
25 18 11
25 19 5
25 20 10
25 23 9
26 0 6
26 1 6
26 3 11
26 4 1
26 10 8
26 11 9
26 14 8
26 16 9
26 17 11
26 19 8
26 23 9
26 24 4
26 25 3
27 1 9
27 6 2
27 8 1
27 9 3
27 13 12
27 14 1
27 17 10
27 18 4
27 19 10
27 21 2
27 23 5
27 24 12
27 25 8
27 26 4
28 0 3
28 1 2
28 7 3
28 10 8
28 11 3
28 12 11
28 13 7
28 14 5
28 17 12
28 18 4
28 20 10
28 21 7
28 22 9
28 23 6
28 25 2
28 26 5
28 27 2
29 0 8
29 2 11
29 3 6
29 5 10
29 7 11
29 8 1
29 9 9
29 10 8
29 11 2
29 12 2
29 14 3
29 15 9
29 17 11
29 19 11
29 25 9
29 26 12
30 2 10
30 3 8
30 4 11
30 6 11
30 7 9
30 8 11
30 9 3
30 10 8
30 14 10
30 15 3
30 20 8
30 21 11
30 25 1
30 26 9
30 27 6
31 1 11
31 2 6
31 4 8
31 6 2
31 8 5
31 11 12
31 13 5
31 14 2
31 15 8
31 17 10
31 18 8
31 19 8
31 20 8
31 23 1
31 24 6
31 25 5
31 28 5
31 29 4
31 30 9
32 2 1
32 5 10
32 7 10
32 12 12
32 13 7
32 14 9
32 15 10
32 16 6
32 19 12
32 20 2
32 22 9
32 23 3
32 30 4
32 31 2
33 1 4
33 4 8
33 6 10
33 8 2
33 9 1
33 10 6
33 12 2
33 13 1
33 15 1
33 17 11
33 18 2
33 20 4
33 22 7
33 23 4
33 25 1
33 28 9
33 29 10
33 30 8
33 32 12
34 2 12
34 4 4
34 5 7
34 6 1
34 7 5
34 9 4
34 11 6
34 13 12
34 14 5
34 15 4
34 18 8
34 19 12
34 21 8
34 24 12
34 27 3
34 28 11
34 31 5
34 32 5
34 33 3
35 0 2
35 4 7
35 8 9
35 9 2
35 10 2
35 15 1
35 16 10
35 19 5
35 20 3
35 23 11
35 24 11
35 25 7
35 26 10
35 29 2
35 30 10
35 31 9
35 33 10
36 1 11
36 2 10
36 3 3
36 6 1
36 7 2
36 8 11
36 9 3
36 11 4
36 13 3
36 14 11
36 18 3
36 21 12
36 22 3
36 23 9
36 26 8
36 28 2
36 29 11
36 31 8
36 33 9
36 35 12
37 1 12
37 2 5
37 3 3
37 5 6
37 9 11
37 15 6
37 16 9
37 17 5
37 18 11
37 19 10
37 24 11
37 25 3
37 28 10
37 29 9
37 30 6
37 31 2
37 32 10
37 33 8
37 34 1
37 35 3
38 0 1
38 6 5
38 7 3
38 8 7
38 11 4
38 13 4
38 14 1
38 16 12
38 20 2
38 21 8
38 22 12
38 23 7
38 26 12
38 27 5
38 28 9
38 29 2
38 31 4
38 32 4
39 0 7
39 1 9
39 3 12
39 5 7
39 6 1
39 8 9
39 9 8
39 10 8
39 15 11
39 16 8
39 17 11
39 18 10
39 23 12
39 24 1
39 25 9
39 26 8
39 27 5
39 28 11
39 29 12
39 30 3
39 33 9
39 36 5
39 37 7
40 0 6
40 3 10
40 6 3
40 10 6
40 11 10
40 12 1
40 13 11
40 16 4
40 17 1
40 23 3
40 25 2
40 28 5
40 31 3
40 32 6
40 33 8
41 1 2
41 2 4
41 5 4
41 7 10
41 8 6
41 9 10
41 10 9
41 12 10
41 15 1
41 16 4
41 17 3
41 18 10
41 19 7
41 20 2
41 23 4
41 31 12
41 32 10
41 33 3
41 38 12
41 40 5
42 2 3
42 3 3
42 4 3
42 10 7
42 13 5
42 16 1
42 17 3
42 19 1
42 23 1
42 24 3
42 27 11
42 28 10
42 29 4
42 30 6
42 35 10
43 1 5
43 2 4
43 7 11
43 10 6
43 11 8
43 12 3
43 13 4
43 14 12
43 17 8
43 18 8
43 22 1
43 24 11
43 25 10
43 26 12
43 27 10
43 28 3
43 34 4
43 35 6
43 41 1
43 42 4
44 0 2
44 1 7
44 2 6
44 3 9
44 4 8
44 11 9
44 13 2
44 14 3
44 15 8
44 16 12
44 18 6
44 19 9
44 21 4
44 22 4
44 23 7
44 24 9
44 25 7
44 26 5
44 27 10
44 30 6
44 31 2
44 34 2
44 35 12
44 38 8
44 39 7
44 42 7
44 43 12
45 1 2
45 2 10
45 3 10
45 5 4
45 6 1
45 8 4
45 9 11
45 12 8
45 13 3
45 14 6
45 15 8
45 18 11
45 19 10
45 21 2
45 22 9
45 25 10
45 26 5
45 27 10
45 29 10
45 31 12
45 32 1
45 33 1
45 36 2
45 39 12
45 42 12
45 43 5
45 44 9
46 1 3
46 2 2
46 7 11
46 9 9
46 10 3
46 12 4
46 13 4
46 14 5
46 15 6
46 17 11
46 21 10
46 26 6
46 27 1
46 28 6
46 29 4
46 32 5
46 33 9
46 34 3
46 37 7
46 38 5
46 43 2
46 45 9
47 0 9
47 4 12
47 6 8
47 7 7
47 9 11
47 10 9
47 12 8
47 13 7
47 15 2
47 16 1
47 17 3
47 18 9
47 19 5
47 21 12
47 22 10
47 24 3
47 26 1
47 29 10
47 31 3
47 32 12
47 33 8
47 34 12
47 36 11
47 37 11
47 38 3
47 40 8
47 41 4
47 44 12
47 45 3
47 46 8
48 0 6
48 2 9
48 3 1
48 4 11
48 5 4
48 6 12
48 7 1
48 8 11
48 9 9
48 14 1
48 15 7
48 17 8
48 22 2
48 24 4
48 27 12
48 29 7
48 31 6
48 33 2
48 34 6
48 36 8
48 37 4
48 40 7
48 43 7
48 45 5
48 46 11
49 2 11
49 3 2
49 5 4
49 7 12
49 9 12
49 10 1
49 14 5
49 16 1
49 19 10
49 23 4
49 24 9
49 25 11
49 28 4
49 30 2
49 31 4
49 33 3
49 35 8
49 37 8
49 40 8
49 46 7
49 47 7
49 48 8
50 0 1
50 6 8
50 8 1
50 9 7
50 10 3
50 12 7
50 15 4
50 22 3
50 23 2
50 24 9
50 27 3
50 28 6
50 30 5
50 31 3
50 32 2
50 33 5
50 34 1
50 37 8
50 44 10
50 46 2
50 47 2
51 0 5
51 3 10
51 7 7
51 10 1
51 11 8
51 12 9
51 15 5
51 17 1
51 19 10
51 21 11
51 23 5
51 24 11
51 25 6
51 26 3
51 27 2
51 28 1
51 31 4
51 34 9
51 36 3
51 42 5
51 45 12
51 48 11
51 49 2
52 0 5
52 2 4
52 3 3
52 5 2
52 8 5
52 9 1
52 12 6
52 13 2
52 16 6
52 20 1
52 22 2
52 23 8
52 25 6
52 26 8
52 27 1
52 28 4
52 33 9
52 34 9
52 35 10
52 36 8
52 42 11
52 46 7
52 47 5
52 48 5
52 49 10
53 0 12
53 1 9
53 2 12
53 3 1
53 6 8
53 7 9
53 8 4
53 9 1
53 11 1
53 13 6
53 14 9
53 20 6
53 21 2
53 25 10
53 27 1
53 29 4
53 31 5
53 32 4
53 34 9
53 36 5
53 37 5
53 38 4
53 42 4
53 44 12
53 45 9
53 46 4
53 48 1
53 52 9
54 1 4
54 3 1
54 5 4
54 7 7
54 8 8
54 10 2
54 12 5
54 14 2
54 15 6
54 16 1
54 18 9
54 19 7
54 24 9
54 25 12
54 26 2
54 27 10
54 28 8
54 29 9
54 31 11
54 34 4
54 35 5
54 37 9
54 38 5
54 40 5
54 43 3
54 44 7
54 45 12
54 46 4
54 49 1
54 53 1
55 1 10
55 2 5
55 4 1
55 11 1
55 14 11
55 15 11
55 17 9
55 19 3
55 21 11
55 22 5
55 23 2
55 31 3
55 33 12
55 34 4
55 37 11
55 40 4
55 43 6
55 44 5
55 50 9
55 51 1
55 53 3
55 54 2
56 1 9
56 2 6
56 3 8
56 4 9
56 5 10
56 8 7
56 15 1
56 20 7
56 22 12
56 24 9
56 25 2
56 33 2
56 34 8
56 36 6
56 37 11
56 41 4
56 43 12
56 46 1
56 47 3
56 48 3
56 51 12
56 52 1
56 53 5
56 55 5
57 0 12
57 4 11
57 5 10
57 6 7
57 8 5
57 11 7
57 13 12
57 14 4
57 16 12
57 17 3
57 20 2
57 22 4
57 23 8
57 24 10
57 26 10
57 28 6
57 30 10
57 32 7
57 33 11
57 35 5
57 37 2
57 38 3
57 40 1
57 42 3
57 45 12
57 46 3
57 47 12
57 48 3
57 49 10
57 50 10
57 54 10
57 56 12
58 0 6
58 2 1
58 8 8
58 11 5
58 12 12
58 17 2
58 18 3
58 20 11
58 23 2
58 25 4
58 28 11
58 29 6
58 30 5
58 31 7
58 37 1
58 38 4
58 39 7
58 40 4
58 41 7
58 43 4
58 44 2
58 49 9
58 51 9
58 52 10
58 54 7
58 55 6
58 57 5
59 0 8
59 1 3
59 3 2
59 4 9
59 5 3
59 8 5
59 10 12
59 13 4
59 15 10
59 16 12
59 18 4
59 20 2
59 21 6
59 22 8
59 23 7
59 27 11
59 32 6
59 34 4
59 35 6
59 36 2
59 40 4
59 41 10
59 44 10
59 46 12
59 47 6
59 48 7
59 50 3
59 56 2
59 58 2
