40
1 0 3
2 0 4
3 0 6
3 1 4
4 2 3
4 3 4
5 0 3
5 3 6
5 4 6
6 0 6
6 2 1
6 4 2
6 5 1
7 1 2
7 2 4
7 4 4
7 5 2
8 3 1
8 4 1
8 6 3
8 7 4
9 0 5
9 4 2
9 5 2
9 6 2
9 8 3
10 0 2
10 3 4
10 7 2
10 9 4
11 0 1
11 1 2
11 2 4
11 6 5
11 9 1
11 10 4
12 0 1
12 2 4
12 6 3
12 7 2
12 10 5
12 11 4
13 1 3
13 4 5
13 5 1
13 7 2
13 8 1
13 10 1
13 11 5
13 12 3
14 0 6
14 4 3
14 5 3
14 6 4
14 8 1
14 11 5
15 0 3
15 1 1
15 2 5
15 3 5
15 4 6
15 5 4
15 6 4
15 8 1
15 9 2
15 10 3
15 12 5
15 14 2
16 8 5
16 10 5
16 11 2
16 13 4
16 14 1
16 15 5
17 5 2
17 7 2
17 8 4
17 9 4
17 12 6
18 0 5
18 3 2
18 5 5
18 8 5
18 9 1
18 13 4
18 15 5
19 0 6
19 1 6
19 4 4
19 6 4
19 10 5
19 11 4
20 1 2
20 4 3
20 6 1
20 8 1
20 10 6
20 13 6
20 14 5
20 16 4
20 17 6
20 18 4
21 4 1
21 6 4
21 7 6
21 8 1
21 9 2
21 12 4
21 19 2
22 2 3
22 6 6
22 7 5
22 8 2
22 10 3
22 14 4
22 15 4
22 18 5
23 1 1
23 2 6
23 5 3
23 9 6
23 10 4
23 11 5
23 16 3
23 19 5
24 3 2
24 4 4
24 5 1
24 6 1
24 7 4
24 8 3
24 10 6
24 11 4
24 12 1
24 13 5
24 14 4
24 15 6
24 17 4
24 21 1
24 22 3
25 0 2
25 1 1
25 6 6
25 9 4
25 13 6
25 17 6
25 19 1
25 20 1
25 22 5
26 0 3
26 1 4
26 3 3
26 4 1
26 8 1
26 11 4
26 15 5
26 18 1
26 19 6
26 20 6
26 21 5
26 22 1
26 25 1
27 2 1
27 7 5
27 10 6
27 11 4
27 12 6
27 13 2
27 14 2
27 15 5
27 16 1
27 18 2
27 19 1
27 23 5
27 25 6
27 26 5
28 0 3
28 2 2
28 3 3
28 4 4
28 5 4
28 6 1
28 7 4
28 8 2
28 9 6
28 10 5
28 11 2
28 13 2
28 14 5
28 17 2
28 19 2
28 22 5
28 23 4
28 24 6
28 26 6
28 27 6
29 3 6
29 4 3
29 5 4
29 8 2
29 12 6
29 13 3
29 14 3
29 15 3
29 19 6
29 20 3
29 21 4
29 25 2
29 26 4
29 27 2
30 0 1
30 1 2
30 2 4
30 3 4
30 4 2
30 5 1
30 6 1
30 12 4
30 13 1
30 18 3
30 22 5
30 23 6
30 24 3
30 25 2
30 26 3
30 27 6
30 29 5
31 0 4
31 8 6
31 9 5
31 13 5
31 14 2
31 15 2
31 16 2
31 19 6
31 20 5
31 25 6
31 26 5
31 29 4
31 30 6
32 2 5
32 3 5
32 4 2
32 6 6
32 7 1
32 8 6
32 10 4
32 12 5
32 13 2
32 14 1
32 15 5
32 16 6
32 18 3
32 20 6
32 22 2
32 24 6
32 25 2
32 26 1
33 0 6
33 2 3
33 4 3
33 5 3
33 6 1
33 10 5
33 15 2
33 16 3
33 17 4
33 18 5
33 21 1
33 23 6
33 24 4
33 26 5
33 27 5
33 28 5
33 30 3
33 31 4
33 32 3
34 1 6
34 2 6
34 5 1
34 7 5
34 10 2
34 13 2
34 15 4
34 16 2
34 17 3
34 18 5
34 22 1
34 24 6
34 28 5
34 31 6
34 32 5
35 0 4
35 1 2
35 5 4
35 8 4
35 10 6
35 11 2
35 12 4
35 13 5
35 14 2
35 18 3
35 19 2
35 20 5
35 24 3
35 25 4
35 30 4
35 31 6
35 34 4
36 1 6
36 2 2
36 3 3
36 4 5
36 7 1
36 9 6
36 11 3
36 15 3
36 17 3
36 19 2
36 20 6
36 21 1
36 29 4
36 32 6
36 33 3
36 34 3
37 3 4
37 4 6
37 6 1
37 8 3
37 9 2
37 10 6
37 11 5
37 16 2
37 17 1
37 18 6
37 20 5
37 21 6
37 23 6
37 24 4
37 25 6
37 27 1
37 28 5
37 30 1
37 31 4
37 32 3
37 33 2
37 35 6
38 4 6
38 5 5
38 8 4
38 9 2
38 11 6
38 13 6
38 15 1
38 16 2
38 18 5
38 19 2
38 21 6
38 22 1
38 28 2
38 32 1
38 33 1
38 35 3
38 36 4
39 0 1
39 3 5
39 4 6
39 6 1
39 7 2
39 8 3
39 10 6
39 13 5
39 14 3
39 15 4
39 16 4
39 19 4
39 23 6
39 25 1
39 31 6
39 32 3
39 33 5
39 34 2
39 35 2
39 36 6
