30
2 0 1
2 1 1
3 0 1
3 1 1
3 2 1
4 0 1
4 1 1
4 2 1
4 3 1
5 3 1
6 1 1
6 2 1
6 3 1
6 5 1
7 3 1
7 4 1
7 5 1
7 6 1
8 0 1
8 4 1
8 5 1
9 0 1
9 3 1
9 4 1
9 6 1
10 1 1
10 5 1
10 6 1
10 7 1
10 9 1
11 5 1
11 6 1
12 0 1
12 1 1
12 4 1
12 5 1
12 7 1
12 11 1
13 1 1
13 2 1
13 3 1
13 4 1
13 8 1
13 12 1
14 0 1
14 1 1
14 2 1
14 3 1
14 4 1
14 5 1
14 8 1
14 11 1
14 12 1
15 0 1
15 1 1
15 2 1
15 3 1
15 4 1
15 5 1
15 7 1
15 9 1
15 10 1
15 11 1
15 13 1
15 14 1
16 2 1
16 3 1
16 6 1
16 7 1
16 8 1
16 9 1
16 10 1
16 13 1
16 14 1
17 6 1
17 9 1
17 10 1
17 12 1
17 13 1
17 15 1
18 0 1
18 2 1
18 4 1
18 6 1
18 7 1
18 10 1
18 11 1
18 14 1
18 16 1
18 17 1
19 0 1
19 2 1
19 4 1
19 6 1
19 7 1
19 11 1
19 12 1
19 14 1
19 16 1
19 17 1
20 4 1
20 5 1
20 6 1
20 10 1
20 13 1
20 14 1
20 16 1
21 1 1
21 2 1
21 6 1
21 7 1
21 9 1
21 10 1
21 13 1
21 14 1
21 16 1
21 18 1
21 19 1
21 20 1
22 1 1
22 5 1
22 6 1
22 7 1
22 9 1
22 10 1
22 14 1
22 16 1
22 17 1
23 0 1
23 1 1
23 2 1
23 3 1
23 4 1
23 6 1
23 7 1
23 9 1
23 11 1
23 14 1
23 15 1
23 16 1
23 19 1
23 20 1
23 21 1
23 22 1
24 1 1
24 4 1
24 5 1
24 6 1
24 7 1
24 8 1
24 10 1
24 13 1
24 15 1
24 16 1
24 18 1
24 20 1
24 22 1
24 23 1
25 0 1
25 1 1
25 2 1
25 3 1
25 4 1
25 6 1
25 7 1
25 8 1
25 11 1
25 12 1
25 13 1
25 15 1
25 16 1
25 18 1
25 20 1
25 22 1
25 23 1
26 1 1
26 2 1
26 6 1
26 7 1
26 8 1
26 9 1
26 10 1
26 13 1
26 15 1
26 16 1
26 17 1
26 19 1
26 20 1
26 22 1
26 24 1
27 1 1
27 4 1
27 6 1
27 7 1
27 8 1
27 11 1
27 13 1
27 14 1
27 17 1
27 18 1
27 21 1
27 24 1
27 25 1
27 26 1
28 1 1
28 3 1
28 5 1
28 11 1
28 14 1
28 16 1
28 17 1
28 18 1
28 19 1
28 20 1
28 21 1
28 26 1
29 0 1
29 1 1
29 7 1
29 12 1
29 13 1
29 16 1
29 19 1
29 20 1
29 21 1
29 22 1
29 23 1
29 25 1
29 27 1
