70
1 0 2
2 0 2
2 1 2
3 0 3
3 1 3
3 2 1
4 0 1
4 1 3
4 2 4
4 3 4
5 0 1
5 1 4
5 2 2
5 3 4
5 4 1
6 0 2
6 1 4
6 2 2
6 3 4
6 4 2
6 5 1
7 0 4
7 1 4
7 2 3
7 3 2
7 4 2
7 5 4
7 6 3
8 0 2
8 1 2
8 2 3
8 3 3
8 4 3
8 5 2
8 6 1
8 7 2
9 0 2
9 1 3
9 2 4
9 3 2
9 4 3
9 5 3
9 6 4
9 7 4
9 8 4
10 0 1
10 1 1
10 2 2
10 3 2
10 4 1
10 5 2
10 6 3
10 7 3
10 8 1
10 9 2
11 0 2
11 1 4
11 2 2
11 3 2
11 4 3
11 5 3
11 6 3
11 7 2
11 8 3
11 9 1
11 10 3
12 0 4
12 1 3
12 2 4
12 3 3
12 4 2
12 5 3
12 6 1
12 7 2
12 8 1
12 9 1
12 10 3
12 11 4
13 0 1
13 1 3
13 2 1
13 3 2
13 4 1
13 5 3
13 6 1
13 7 2
13 8 3
13 9 2
13 10 3
13 11 2
13 12 1
14 0 4
14 1 3
14 2 3
14 3 3
14 4 1
14 5 3
14 6 2
14 7 3
14 8 1
14 9 3
14 10 1
14 11 4
14 12 1
14 13 2
15 0 3
15 1 1
15 2 1
15 3 3
15 4 3
15 5 3
15 6 3
15 7 3
15 8 2
15 9 2
15 10 4
15 11 3
15 12 4
15 13 2
15 14 2
16 0 4
16 1 1
16 2 3
16 3 4
16 4 4
16 5 4
16 6 2
16 7 1
16 8 1
16 9 2
16 10 2
16 11 4
16 12 2
16 13 1
16 14 2
16 15 2
17 0 3
17 1 2
17 2 4
17 3 1
17 4 4
17 5 3
17 6 1
17 7 4
17 8 3
17 9 1
17 10 2
17 11 2
17 12 1
17 13 3
17 14 3
17 15 4
17 16 3
18 0 3
18 1 2
18 2 1
18 3 4
18 4 1
18 5 1
18 6 3
18 7 3
18 8 1
18 9 3
18 10 2
18 11 3
18 12 3
18 13 1
18 14 4
18 15 3
18 16 2
18 17 3
19 0 4
19 1 3
19 2 1
19 3 1
19 4 3
19 5 4
19 6 4
19 7 1
19 8 3
19 9 4
19 10 2
19 11 4
19 12 4
19 13 2
19 14 2
19 15 3
19 16 2
19 17 4
19 18 3
20 0 1
20 1 4
20 2 1
20 3 4
20 4 4
20 5 2
20 6 1
20 7 2
20 8 1
20 9 2
20 10 4
20 11 2
20 12 2
20 13 3
20 14 1
20 15 4
20 16 4
20 17 4
20 18 1
20 19 3
21 0 3
21 1 4
21 2 4
21 3 2
21 4 1
21 5 4
21 6 3
21 7 4
21 8 1
21 9 1
21 10 2
21 11 1
21 12 1
21 13 3
21 14 3
21 15 3
21 16 1
21 17 2
21 18 2
21 19 4
21 20 2
22 0 4
22 1 1
22 2 3
22 3 2
22 4 2
22 5 4
22 6 2
22 7 3
22 8 1
22 9 2
22 10 4
22 11 1
22 12 4
22 13 1
22 14 3
22 15 3
22 16 3
22 17 2
22 18 3
22 19 3
22 20 1
22 21 3
23 0 4
23 1 2
23 2 1
23 3 3
23 4 4
23 5 1
23 6 1
23 7 4
23 8 2
23 9 3
23 10 4
23 11 2
23 12 3
23 13 1
23 14 4
23 15 3
23 16 3
23 17 3
23 18 4
23 19 4
23 20 1
23 21 2
23 22 1
24 0 3
24 1 4
24 2 4
24 3 3
24 4 2
24 5 2
24 6 4
24 7 1
24 8 2
24 9 3
24 10 3
24 11 4
24 12 4
24 13 3
24 14 3
24 15 1
24 16 1
24 17 1
24 18 1
24 19 4
24 20 4
24 21 2
24 22 2
24 23 4
25 0 2
25 1 1
25 2 1
25 3 4
25 4 1
25 5 2
25 6 2
25 7 4
25 8 2
25 9 3
25 10 3
25 11 1
25 12 1
25 13 3
25 14 1
25 15 4
25 16 2
25 17 2
25 18 3
25 19 4
25 20 4
25 21 4
25 22 2
25 23 2
25 24 3
26 0 4
26 1 4
26 2 2
26 3 1
26 4 3
26 5 3
26 6 1
26 7 4
26 8 3
26 9 3
26 10 4
26 11 1
26 12 3
26 13 1
26 14 4
26 15 3
26 16 2
26 17 2
26 18 1
26 19 3
26 20 1
26 21 4
26 22 3
26 23 3
26 24 3
26 25 2
27 0 4
27 1 3
27 2 4
27 3 2
27 4 2
27 5 1
27 6 4
27 7 4
27 8 2
27 9 3
27 10 3
27 11 4
27 12 1
27 13 4
27 14 2
27 15 2
27 16 2
27 17 1
27 18 4
27 19 4
27 20 1
27 21 2
27 22 3
27 23 1
27 24 4
27 25 3
27 26 1
28 0 1
28 1 1
28 2 4
28 3 1
28 4 4
28 5 2
28 6 3
28 7 4
28 8 3
28 9 2
28 10 3
28 11 2
28 12 1
28 13 2
28 14 2
28 15 2
28 16 3
28 17 1
28 18 3
28 19 1
28 20 3
28 21 3
28 22 3
28 23 2
28 24 2
28 25 3
28 26 2
28 27 4
29 0 2
29 1 3
29 2 2
29 3 1
29 4 3
29 5 1
29 6 4
29 7 2
29 8 3
29 9 3
29 10 3
29 11 1
29 12 2
29 13 2
29 14 1
29 15 4
29 16 3
29 17 3
29 18 2
29 19 3
29 20 3
29 21 2
29 22 2
29 23 2
29 24 2
29 25 1
29 26 2
29 27 2
29 28 4
30 0 1
30 1 3
30 2 4
30 3 2
30 4 1
30 5 3
30 6 3
30 7 1
30 8 3
30 9 1
30 10 2
30 11 3
30 12 1
30 13 4
30 14 1
30 15 1
30 16 4
30 17 3
30 18 3
30 19 2
30 20 2
30 21 4
30 22 3
30 23 2
30 24 4
30 25 4
30 26 2
30 27 3
30 28 1
30 29 1
31 0 1
31 1 1
31 2 2
31 3 1
31 4 4
31 5 1
31 6 2
31 7 4
31 8 1
31 9 3
31 10 2
31 11 2
31 12 2
31 13 4
31 14 4
31 15 4
31 16 4
31 17 1
31 18 3
31 19 3
31 20 1
31 21 4
31 22 3
31 23 3
31 24 2
31 25 1
31 26 2
31 27 3
31 28 2
31 29 2
31 30 2
32 0 4
32 1 2
32 2 1
32 3 1
32 4 4
32 5 4
32 6 4
32 7 3
32 8 1
32 9 3
32 10 2
32 11 3
32 12 4
32 13 2
32 14 3
32 15 3
32 16 2
32 17 1
32 18 3
32 19 3
32 20 4
32 21 4
32 22 4
32 23 1
32 24 2
32 25 2
32 26 4
32 27 2
32 28 2
32 29 4
32 30 1
32 31 4
33 0 3
33 1 2
33 2 3
33 3 2
33 4 1
33 5 2
33 6 4
33 7 2
33 8 4
33 9 1
33 10 4
33 11 2
33 12 3
33 13 3
33 14 1
33 15 2
33 16 2
33 17 1
33 18 4
33 19 1
33 20 3
33 21 1
33 22 4
33 23 2
33 24 2
33 25 1
33 26 3
33 27 1
33 28 2
33 29 4
33 30 3
33 31 2
33 32 2
34 0 3
34 1 1
34 2 4
34 3 3
34 4 4
34 5 2
34 6 4
34 7 4
34 8 1
34 9 1
34 10 2
34 11 4
34 12 3
34 13 3
34 14 1
34 15 4
34 16 1
34 17 2
34 18 1
34 19 2
34 20 1
34 21 4
34 22 1
34 23 2
34 24 2
34 25 1
34 26 3
34 27 4
34 28 1
34 29 1
34 30 2
34 31 3
34 32 3
34 33 1
35 0 3
35 1 2
35 2 1
35 3 4
35 4 1
35 5 2
35 6 4
35 7 2
35 8 2
35 9 4
35 10 4
35 11 2
35 12 3
35 13 2
35 14 3
35 15 1
35 16 3
35 17 4
35 18 4
35 19 4
35 20 2
35 21 2
35 22 1
35 23 4
35 24 1
35 25 3
35 26 3
35 27 4
35 28 1
35 29 4
35 30 3
35 31 3
35 32 4
35 33 3
35 34 4
36 0 1
36 1 3
36 2 2
36 3 1
36 4 3
36 5 3
36 6 4
36 7 2
36 8 2
36 9 2
36 10 3
36 11 3
36 12 2
36 13 4
36 14 2
36 15 3
36 16 1
36 17 2
36 18 2
36 19 2
36 20 3
36 21 2
36 22 1
36 23 1
36 24 3
36 25 1
36 26 1
36 27 4
36 28 1
36 29 4
36 30 3
36 31 2
36 32 4
36 33 2
36 34 2
36 35 3
37 0 1
37 1 3
37 2 2
37 3 2
37 4 3
37 5 4
37 6 2
37 7 1
37 8 2
37 9 1
37 10 4
37 11 1
37 12 3
37 13 2
37 14 2
37 15 2
37 16 3
37 17 3
37 18 2
37 19 1
37 20 2
37 21 4
37 22 2
37 23 4
37 24 1
37 25 2
37 26 2
37 27 1
37 28 3
37 29 2
37 30 3
37 31 2
37 32 2
37 33 3
37 34 1
37 35 1
37 36 1
38 0 3
38 1 2
38 2 4
38 3 2
38 4 4
38 5 4
38 6 2
38 7 3
38 8 2
38 9 3
38 10 3
38 11 3
38 12 2
38 13 2
38 14 2
38 15 4
38 16 3
38 17 1
38 18 3
38 19 4
38 20 1
38 21 1
38 22 2
38 23 4
38 24 4
38 25 3
38 26 2
38 27 4
38 28 4
38 29 2
38 30 3
38 31 1
38 32 1
38 33 1
38 34 4
38 35 4
38 36 4
38 37 2
39 0 1
39 1 1
39 2 4
39 3 1
39 4 1
39 5 2
39 6 4
39 7 4
39 8 3
39 9 1
39 10 2
39 11 2
39 12 4
39 13 1
39 14 2
39 15 1
39 16 1
39 17 3
39 18 4
39 19 1
39 20 2
39 21 3
39 22 2
39 23 2
39 24 3
39 25 3
39 26 1
39 27 2
39 28 3
39 29 2
39 30 3
39 31 2
39 32 4
39 33 2
39 34 3
39 35 3
39 36 4
39 37 2
39 38 2
40 0 3
40 1 1
40 2 3
40 3 4
40 4 3
40 5 1
40 6 4
40 7 3
40 8 3
40 9 4
40 10 4
40 11 2
40 12 1
40 13 3
40 14 4
40 15 3
40 16 2
40 17 3
40 18 3
40 19 3
40 20 3
40 21 4
40 22 1
40 23 4
40 24 3
40 25 3
40 26 3
40 27 2
40 28 4
40 29 3
40 30 4
40 31 4
40 32 2
40 33 1
40 34 3
40 35 3
40 36 1
40 37 2
40 38 2
40 39 3
41 0 1
41 1 1
41 2 2
41 3 3
41 4 4
41 5 4
41 6 3
41 7 1
41 8 4
41 9 1
41 10 1
41 11 3
41 12 2
41 13 2
41 14 3
41 15 2
41 16 4
41 17 1
41 18 4
41 19 4
41 20 3
41 21 3
41 22 3
41 23 3
41 24 1
41 25 4
41 26 2
41 27 1
41 28 4
41 29 2
41 30 2
41 31 1
41 32 4
41 33 1
41 34 4
41 35 3
41 36 4
41 37 3
41 38 4
41 39 4
41 40 4
42 0 4
42 1 4
42 2 3
42 3 2
42 4 4
42 5 2
42 6 2
42 7 4
42 8 2
42 9 3
42 10 2
42 11 4
42 12 1
42 13 4
42 14 1
42 15 4
42 16 4
42 17 2
42 18 4
42 19 1
42 20 4
42 21 2
42 22 3
42 23 2
42 24 4
42 25 4
42 26 1
42 27 4
42 28 2
42 29 3
42 30 3
42 31 3
42 32 4
42 33 1
42 34 1
42 35 2
42 36 3
42 37 1
42 38 2
42 39 4
42 40 2
42 41 2
43 0 3
43 1 1
43 2 3
43 3 1
43 4 4
43 5 4
43 6 4
43 7 1
43 8 3
43 9 1
43 10 3
43 11 1
43 12 3
43 13 3
43 14 4
43 15 3
43 16 3
43 17 1
43 18 4
43 19 3
43 20 3
43 21 3
43 22 4
43 23 1
43 24 4
43 25 3
43 26 2
43 27 3
43 28 2
43 29 1
43 30 3
43 31 4
43 32 2
43 33 2
43 34 2
43 35 2
43 36 1
43 37 3
43 38 2
43 39 2
43 40 2
43 41 2
43 42 2
44 0 1
44 1 4
44 2 3
44 3 2
44 4 2
44 5 2
44 6 2
44 7 1
44 8 1
44 9 1
44 10 2
44 11 1
44 12 4
44 13 4
44 14 4
44 15 1
44 16 1
44 17 3
44 18 3
44 19 2
44 20 1
44 21 4
44 22 2
44 23 4
44 24 4
44 25 3
44 26 1
44 27 2
44 28 1
44 29 4
44 30 3
44 31 1
44 32 3
44 33 1
44 34 1
44 35 1
44 36 2
44 37 4
44 38 2
44 39 3
44 40 2
44 41 2
44 42 1
44 43 1
45 0 2
45 1 1
45 2 3
45 3 2
45 4 2
45 5 1
45 6 3
45 7 2
45 8 3
45 9 2
45 10 2
45 11 2
45 12 4
45 13 4
45 14 1
45 15 1
45 16 2
45 17 1
45 18 2
45 19 3
45 20 2
45 21 1
45 22 2
45 23 4
45 24 4
45 25 1
45 26 2
45 27 4
45 28 2
45 29 4
45 30 3
45 31 1
45 32 4
45 33 2
45 34 3
45 35 4
45 36 3
45 37 3
45 38 3
45 39 4
45 40 2
45 41 1
45 42 1
45 43 1
45 44 3
46 0 4
46 1 1
46 2 2
46 3 1
46 4 4
46 5 1
46 6 1
46 7 2
46 8 4
46 9 1
46 10 3
46 11 1
46 12 3
46 13 3
46 14 4
46 15 1
46 16 3
46 17 2
46 18 1
46 19 2
46 20 4
46 21 4
46 22 2
46 23 1
46 24 1
46 25 4
46 26 2
46 27 3
46 28 3
46 29 2
46 30 4
46 31 1
46 32 2
46 33 3
46 34 4
46 35 3
46 36 4
46 37 4
46 38 1
46 39 4
46 40 4
46 41 4
46 42 3
46 43 1
46 44 4
46 45 2
47 0 3
47 1 3
47 2 3
47 3 3
47 4 3
47 5 3
47 6 4
47 7 3
47 8 1
47 9 3
47 10 4
47 11 4
47 12 2
47 13 4
47 14 1
47 15 2
47 16 4
47 17 3
47 18 1
47 19 2
47 20 2
47 21 1
47 22 2
47 23 1
47 24 4
47 25 1
47 26 2
47 27 2
47 28 2
47 29 3
47 30 2
47 31 4
47 32 2
47 33 2
47 34 4
47 35 3
47 36 4
47 37 2
47 38 2
47 39 1
47 40 1
47 41 1
47 42 1
47 43 4
47 44 2
47 45 1
47 46 4
48 0 2
48 1 1
48 2 3
48 3 2
48 4 1
48 5 1
48 6 4
48 7 3
48 8 4
48 9 4
48 10 1
48 11 1
48 12 4
48 13 3
48 14 3
48 15 3
48 16 3
48 17 4
48 18 2
48 19 3
48 20 2
48 21 3
48 22 2
48 23 2
48 24 4
48 25 1
48 26 2
48 27 1
48 28 2
48 29 4
48 30 1
48 31 1
48 32 4
48 33 4
48 34 3
48 35 2
48 36 2
48 37 4
48 38 4
48 39 4
48 40 2
48 41 3
48 42 2
48 43 2
48 44 4
48 45 4
48 46 2
48 47 2
49 0 1
49 1 3
49 2 3
49 3 2
49 4 3
49 5 3
49 6 3
49 7 2
49 8 4
49 9 3
49 10 2
49 11 1
49 12 1
49 13 1
49 14 4
49 15 4
49 16 4
49 17 2
49 18 3
49 19 1
49 20 2
49 21 4
49 22 4
49 23 4
49 24 2
49 25 3
49 26 4
49 27 2
49 28 4
49 29 1
49 30 4
49 31 4
49 32 4
49 33 2
49 34 4
49 35 4
49 36 3
49 37 1
49 38 1
49 39 3
49 40 4
49 41 3
49 42 3
49 43 4
49 44 1
49 45 4
49 46 4
49 47 1
49 48 2
50 0 3
50 1 1
50 2 3
50 3 2
50 4 4
50 5 1
50 6 1
50 7 4
50 8 2
50 9 2
50 10 3
50 11 1
50 12 4
50 13 3
50 14 2
50 15 2
50 16 4
50 17 3
50 18 4
50 19 3
50 20 3
50 21 2
50 22 3
50 23 2
50 24 4
50 25 3
50 26 3
50 27 3
50 28 2
50 29 4
50 30 2
50 31 1
50 32 2
50 33 4
50 34 3
50 35 2
50 36 2
50 37 2
50 38 2
50 39 4
50 40 1
50 41 3
50 42 3
50 43 2
50 44 1
50 45 1
50 46 2
50 47 3
50 48 3
50 49 3
51 0 2
51 1 1
51 2 2
51 3 4
51 4 2
51 5 2
51 6 3
51 7 2
51 8 2
51 9 4
51 10 2
51 11 4
51 12 1
51 13 4
51 14 4
51 15 3
51 16 4
51 17 4
51 18 2
51 19 1
51 20 2
51 21 4
51 22 3
51 23 2
51 24 2
51 25 4
51 26 4
51 27 1
51 28 1
51 29 2
51 30 4
51 31 2
51 32 2
51 33 1
51 34 2
51 35 4
51 36 2
51 37 3
51 38 1
51 39 4
51 40 4
51 41 3
51 42 1
51 43 3
51 44 1
51 45 1
51 46 3
51 47 3
51 48 1
51 49 2
51 50 2
52 0 1
52 1 1
52 2 1
52 3 4
52 4 2
52 5 3
52 6 3
52 7 2
52 8 4
52 9 2
52 10 2
52 11 3
52 12 4
52 13 3
52 14 3
52 15 2
52 16 3
52 17 4
52 18 4
52 19 4
52 20 3
52 21 1
52 22 1
52 23 1
52 24 2
52 25 2
52 26 4
52 27 3
52 28 2
52 29 2
52 30 3
52 31 4
52 32 4
52 33 4
52 34 2
52 35 1
52 36 1
52 37 4
52 38 3
52 39 4
52 40 2
52 41 3
52 42 1
52 43 3
52 44 4
52 45 3
52 46 1
52 47 1
52 48 2
52 49 4
52 50 3
52 51 4
53 0 4
53 1 2
53 2 3
53 3 4
53 4 4
53 5 3
53 6 3
53 7 4
53 8 3
53 9 2
53 10 4
53 11 3
53 12 4
53 13 1
53 14 2
53 15 2
53 16 2
53 17 4
53 18 3
53 19 4
53 20 4
53 21 2
53 22 2
53 23 1
53 24 4
53 25 1
53 26 2
53 27 4
53 28 2
53 29 3
53 30 4
53 31 3
53 32 1
53 33 3
53 34 3
53 35 1
53 36 4
53 37 3
53 38 3
53 39 3
53 40 1
53 41 1
53 42 2
53 43 3
53 44 1
53 45 1
53 46 4
53 47 4
53 48 2
53 49 3
53 50 1
53 51 4
53 52 2
54 0 1
54 1 2
54 2 1
54 3 1
54 4 2
54 5 3
54 6 3
54 7 3
54 8 1
54 9 3
54 10 2
54 11 2
54 12 1
54 13 4
54 14 1
54 15 3
54 16 2
54 17 4
54 18 2
54 19 3
54 20 4
54 21 1
54 22 2
54 23 3
54 24 2
54 25 4
54 26 2
54 27 2
54 28 1
54 29 1
54 30 1
54 31 1
54 32 2
54 33 4
54 34 1
54 35 1
54 36 1
54 37 1
54 38 1
54 39 4
54 40 3
54 41 3
54 42 1
54 43 3
54 44 1
54 45 2
54 46 4
54 47 1
54 48 4
54 49 4
54 50 2
54 51 3
54 52 4
54 53 1
55 0 4
55 1 3
55 2 3
55 3 3
55 4 4
55 5 1
55 6 3
55 7 4
55 8 3
55 9 1
55 10 1
55 11 2
55 12 3
55 13 1
55 14 2
55 15 2
55 16 3
55 17 1
55 18 1
55 19 1
55 20 4
55 21 1
55 22 2
55 23 1
55 24 3
55 25 4
55 26 1
55 27 4
55 28 2
55 29 2
55 30 4
55 31 4
55 32 1
55 33 3
55 34 1
55 35 2
55 36 1
55 37 4
55 38 3
55 39 1
55 40 4
55 41 3
55 42 1
55 43 3
55 44 2
55 45 1
55 46 4
55 47 4
55 48 1
55 49 1
55 50 3
55 51 4
55 52 1
55 53 1
55 54 4
56 0 4
56 1 3
56 2 1
56 3 1
56 4 2
56 5 2
56 6 4
56 7 3
56 8 4
56 9 3
56 10 1
56 11 4
56 12 2
56 13 3
56 14 3
56 15 2
56 16 2
56 17 3
56 18 2
56 19 2
56 20 1
56 21 1
56 22 4
56 23 3
56 24 3
56 25 2
56 26 1
56 27 2
56 28 2
56 29 3
56 30 1
56 31 3
56 32 3
56 33 4
56 34 4
56 35 4
56 36 1
56 37 1
56 38 1
56 39 3
56 40 2
56 41 4
56 42 3
56 43 1
56 44 4
56 45 2
56 46 1
56 47 3
56 48 4
56 49 3
56 50 4
56 51 3
56 52 1
56 53 2
56 54 4
56 55 3
57 0 2
57 1 2
57 2 2
57 3 1
57 4 2
57 5 4
57 6 4
57 7 1
57 8 2
57 9 1
57 10 2
57 11 3
57 12 1
57 13 1
57 14 3
57 15 4
57 16 1
57 17 1
57 18 1
57 19 3
57 20 2
57 21 2
57 22 1
57 23 2
57 24 4
57 25 3
57 26 1
57 27 1
57 28 2
57 29 4
57 30 2
57 31 2
57 32 2
57 33 4
57 34 2
57 35 2
57 36 4
57 37 4
57 38 4
57 39 2
57 40 2
57 41 3
57 42 3
57 43 3
57 44 2
57 45 2
57 46 2
57 47 3
57 48 4
57 49 1
57 50 4
57 51 3
57 52 2
57 53 1
57 54 1
57 55 1
57 56 1
58 0 4
58 1 2
58 2 3
58 3 1
58 4 1
58 5 1
58 6 3
58 7 4
58 8 2
58 9 1
58 10 2
58 11 3
58 12 4
58 13 2
58 14 2
58 15 3
58 16 3
58 17 1
58 18 2
58 19 1
58 20 3
58 21 4
58 22 2
58 23 1
58 24 2
58 25 1
58 26 3
58 27 4
58 28 2
58 29 3
58 30 4
58 31 1
58 32 4
58 33 4
58 34 4
58 35 3
58 36 4
58 37 2
58 38 4
58 39 3
58 40 1
58 41 1
58 42 2
58 43 1
58 44 4
58 45 4
58 46 1
58 47 3
58 48 2
58 49 3
58 50 1
58 51 3
58 52 3
58 53 2
58 54 4
58 55 2
58 56 1
58 57 3
59 0 2
59 1 1
59 2 2
59 3 1
59 4 2
59 5 4
59 6 1
59 7 2
59 8 1
59 9 2
59 10 1
59 11 1
59 12 4
59 13 4
59 14 3
59 15 1
59 16 4
59 17 3
59 18 1
59 19 4
59 20 2
59 21 2
59 22 4
59 23 2
59 24 2
59 25 2
59 26 2
59 27 3
59 28 3
59 29 3
59 30 4
59 31 3
59 32 2
59 33 1
59 34 1
59 35 3
59 36 2
59 37 2
59 38 1
59 39 3
59 40 3
59 41 2
59 42 4
59 43 2
59 44 4
59 45 1
59 46 2
59 47 3
59 48 4
59 49 1
59 50 2
59 51 1
59 52 3
59 53 2
59 54 2
59 55 1
59 56 3
59 57 1
59 58 1
60 0 3
60 1 1
60 2 2
60 3 2
60 4 1
60 5 2
60 6 3
60 7 3
60 8 1
60 9 2
60 10 1
60 11 2
60 12 2
60 13 2
60 14 3
60 15 4
60 16 2
60 17 4
60 18 1
60 19 2
60 20 4
60 21 4
60 22 1
60 23 2
60 24 3
60 25 3
60 26 3
60 27 1
60 28 2
60 29 3
60 30 2
60 31 4
60 32 3
60 33 2
60 34 2
60 35 3
60 36 3
60 37 4
60 38 3
60 39 3
60 40 2
60 41 3
60 42 3
60 43 2
60 44 1
60 45 3
60 46 2
60 47 3
60 48 1
60 49 4
60 50 1
60 51 2
60 52 3
60 53 1
60 54 4
60 55 4
60 56 4
60 57 1
60 58 1
60 59 4
61 0 4
61 1 3
61 2 4
61 3 3
61 4 3
61 5 2
61 6 1
61 7 3
61 8 3
61 9 4
61 10 1
61 11 1
61 12 3
61 13 2
61 14 2
61 15 1
61 16 1
61 17 4
61 18 1
61 19 3
61 20 4
61 21 4
61 22 4
61 23 3
61 24 2
61 25 4
61 26 4
61 27 3
61 28 4
61 29 4
61 30 4
61 31 2
61 32 3
61 33 4
61 34 3
61 35 2
61 36 1
61 37 3
61 38 2
61 39 3
61 40 2
61 41 1
61 42 3
61 43 4
61 44 2
61 45 3
61 46 2
61 47 1
61 48 2
61 49 3
61 50 3
61 51 2
61 52 3
61 53 4
61 54 2
61 55 4
61 56 1
61 57 1
61 58 1
61 59 3
61 60 3
62 0 2
62 1 3
62 2 3
62 3 3
62 4 4
62 5 4
62 6 3
62 7 3
62 8 2
62 9 3
62 10 2
62 11 3
62 12 3
62 13 1
62 14 3
62 15 3
62 16 2
62 17 3
62 18 2
62 19 4
62 20 1
62 21 3
62 22 4
62 23 3
62 24 1
62 25 3
62 26 4
62 27 1
62 28 1
62 29 4
62 30 3
62 31 1
62 32 2
62 33 2
62 34 3
62 35 1
62 36 3
62 37 4
62 38 2
62 39 1
62 40 4
62 41 3
62 42 1
62 43 1
62 44 3
62 45 1
62 46 3
62 47 4
62 48 4
62 49 4
62 50 3
62 51 1
62 52 4
62 53 4
62 54 2
62 55 4
62 56 3
62 57 2
62 58 3
62 59 4
62 60 3
62 61 2
63 0 2
63 1 2
63 2 2
63 3 2
63 4 1
63 5 1
63 6 3
63 7 2
63 8 3
63 9 3
63 10 1
63 11 2
63 12 1
63 13 3
63 14 4
63 15 4
63 16 2
63 17 2
63 18 4
63 19 3
63 20 4
63 21 1
63 22 4
63 23 4
63 24 1
63 25 2
63 26 2
63 27 3
63 28 2
63 29 4
63 30 1
63 31 2
63 32 3
63 33 3
63 34 1
63 35 3
63 36 1
63 37 4
63 38 2
63 39 1
63 40 3
63 41 1
63 42 2
63 43 2
63 44 2
63 45 3
63 46 4
63 47 2
63 48 2
63 49 3
63 50 2
63 51 1
63 52 2
63 53 3
63 54 3
63 55 1
63 56 3
63 57 1
63 58 3
63 59 1
63 60 2
63 61 1
63 62 3
64 0 3
64 1 1
64 2 4
64 3 1
64 4 4
64 5 3
64 6 4
64 7 1
64 8 3
64 9 1
64 10 4
64 11 4
64 12 3
64 13 1
64 14 2
64 15 2
64 16 4
64 17 4
64 18 3
64 19 4
64 20 4
64 21 2
64 22 3
64 23 1
64 24 3
64 25 1
64 26 1
64 27 3
64 28 3
64 29 4
64 30 2
64 31 4
64 32 4
64 33 2
64 34 4
64 35 1
64 36 1
64 37 4
64 38 2
64 39 4
64 40 3
64 41 3
64 42 2
64 43 1
64 44 2
64 45 1
64 46 4
64 47 4
64 48 4
64 49 3
64 50 3
64 51 1
64 52 2
64 53 4
64 54 1
64 55 1
64 56 1
64 57 1
64 58 2
64 59 2
64 60 2
64 61 1
64 62 1
64 63 2
65 0 2
65 1 1
65 2 1
65 3 4
65 4 1
65 5 4
65 6 2
65 7 3
65 8 2
65 9 1
65 10 2
65 11 4
65 12 1
65 13 1
65 14 1
65 15 4
65 16 1
65 17 2
65 18 3
65 19 1
65 20 4
65 21 3
65 22 4
65 23 4
65 24 3
65 25 2
65 26 1
65 27 2
65 28 3
65 29 2
65 30 4
65 31 3
65 32 1
65 33 1
65 34 3
65 35 1
65 36 1
65 37 1
65 38 1
65 39 2
65 40 1
65 41 4
65 42 2
65 43 2
65 44 4
65 45 4
65 46 3
65 47 2
65 48 2
65 49 1
65 50 4
65 51 2
65 52 3
65 53 4
65 54 3
65 55 2
65 56 1
65 57 4
65 58 2
65 59 4
65 60 4
65 61 1
65 62 1
65 63 4
65 64 1
66 0 1
66 1 2
66 2 1
66 3 4
66 4 3
66 5 3
66 6 2
66 7 1
66 8 2
66 9 4
66 10 3
66 11 3
66 12 2
66 13 3
66 14 3
66 15 1
66 16 3
66 17 3
66 18 3
66 19 4
66 20 2
66 21 3
66 22 2
66 23 1
66 24 3
66 25 3
66 26 2
66 27 3
66 28 2
66 29 1
66 30 1
66 31 4
66 32 1
66 33 4
66 34 4
66 35 2
66 36 3
66 37 2
66 38 1
66 39 2
66 40 2
66 41 2
66 42 1
66 43 3
66 44 2
66 45 3
66 46 3
66 47 2
66 48 3
66 49 4
66 50 3
66 51 4
66 52 1
66 53 2
66 54 4
66 55 1
66 56 4
66 57 2
66 58 1
66 59 3
66 60 4
66 61 3
66 62 1
66 63 4
66 64 1
66 65 3
67 0 1
67 1 1
67 2 4
67 3 3
67 4 2
67 5 1
67 6 1
67 7 4
67 8 1
67 9 4
67 10 2
67 11 3
67 12 3
67 13 1
67 14 2
67 15 2
67 16 1
67 17 3
67 18 4
67 19 2
67 20 4
67 21 1
67 22 2
67 23 1
67 24 4
67 25 1
67 26 1
67 27 1
67 28 4
67 29 2
67 30 3
67 31 1
67 32 4
67 33 2
67 34 4
67 35 4
67 36 3
67 37 2
67 38 2
67 39 3
67 40 4
67 41 3
67 42 1
67 43 1
67 44 3
67 45 3
67 46 4
67 47 1
67 48 4
67 49 4
67 50 3
67 51 3
67 52 2
67 53 2
67 54 4
67 55 2
67 56 1
67 57 1
67 58 4
67 59 3
67 60 2
67 61 4
67 62 1
67 63 4
67 64 3
67 65 2
67 66 1
68 0 4
68 1 1
68 2 1
68 3 4
68 4 2
68 5 1
68 6 2
68 7 4
68 8 1
68 9 1
68 10 1
68 11 1
68 12 2
68 13 3
68 14 1
68 15 3
68 16 4
68 17 1
68 18 3
68 19 4
68 20 4
68 21 3
68 22 3
68 23 3
68 24 3
68 25 3
68 26 1
68 27 2
68 28 1
68 29 1
68 30 3
68 31 2
68 32 4
68 33 2
68 34 2
68 35 3
68 36 2
68 37 4
68 38 1
68 39 3
68 40 1
68 41 4
68 42 2
68 43 2
68 44 3
68 45 3
68 46 1
68 47 2
68 48 2
68 49 4
68 50 2
68 51 3
68 52 3
68 53 2
68 54 4
68 55 3
68 56 3
68 57 2
68 58 1
68 59 4
68 60 1
68 61 2
68 62 2
68 63 3
68 64 3
68 65 1
68 66 4
68 67 4
69 0 3
69 1 1
69 2 2
69 3 4
69 4 4
69 5 2
69 6 3
69 7 2
69 8 1
69 9 1
69 10 3
69 11 3
69 12 4
69 13 2
69 14 1
69 15 3
69 16 4
69 17 1
69 18 1
69 19 1
69 20 4
69 21 3
69 22 3
69 23 3
69 24 4
69 25 4
69 26 4
69 27 3
69 28 1
69 29 3
69 30 3
69 31 3
69 32 3
69 33 4
69 34 1
69 35 1
69 36 2
69 37 4
69 38 3
69 39 3
69 40 4
69 41 3
69 42 4
69 43 3
69 44 2
69 45 4
69 46 3
69 47 4
69 48 1
69 49 4
69 50 3
69 51 4
69 52 1
69 53 4
69 54 3
69 55 1
69 56 1
69 57 1
69 58 3
69 59 4
69 60 3
69 61 2
69 62 2
69 63 1
69 64 1
69 65 4
69 66 4
69 67 4
69 68 4
