30
2 0 3
3 1 4
3 2 3
4 0 3
4 3 5
5 0 3
5 1 4
6 0 1
6 4 5
6 5 3
7 0 5
7 4 5
7 5 4
7 6 2
8 1 4
8 2 5
8 3 2
8 4 2
8 5 3
8 7 2
9 0 1
9 4 2
9 7 3
10 0 1
10 2 4
10 3 1
10 4 1
10 6 4
10 9 2
11 1 4
11 2 3
11 9 1
12 0 4
12 3 4
12 8 2
12 11 3
13 3 5
13 7 1
13 9 2
13 10 4
13 11 5
14 0 1
14 1 5
14 4 5
14 5 1
14 6 3
14 9 2
15 1 4
15 2 2
15 3 5
15 10 1
15 12 3
15 13 3
16 2 2
16 3 1
16 4 2
16 6 4
16 7 3
16 9 1
16 10 2
16 11 5
16 12 4
16 13 3
16 15 1
17 1 4
17 4 3
17 5 4
17 6 3
17 7 3
17 11 2
17 12 2
18 0 5
18 1 3
18 2 4
18 4 2
18 6 2
18 7 3
18 8 3
18 9 4
18 10 1
18 14 4
18 17 5
19 0 4
19 3 1
19 4 5
19 7 1
19 8 5
19 13 5
19 15 3
19 16 5
19 17 1
20 0 5
20 2 1
20 7 4
20 12 2
20 14 4
20 15 3
20 18 2
20 19 3
21 0 5
21 1 1
21 2 4
21 4 2
21 5 3
21 6 5
21 9 4
21 10 1
21 13 1
21 14 4
21 18 1
21 19 1
21 20 1
22 0 3
22 9 1
22 10 5
22 11 1
22 14 3
22 16 4
22 17 5
22 18 5
22 20 5
23 1 2
23 2 4
23 3 5
23 5 4
23 8 3
23 11 2
23 13 4
23 15 3
23 18 2
23 19 4
23 21 2
24 0 4
24 1 5
24 3 2
24 4 3
24 5 3
24 6 5
24 8 1
24 10 1
24 11 2
24 14 5
24 15 4
25 2 4
25 3 1
25 4 1
25 5 2
25 6 2
25 7 1
25 9 2
25 10 4
25 11 1
25 13 3
25 14 5
25 20 5
25 21 5
25 24 2
26 0 4
26 5 2
26 6 3
26 13 1
26 14 2
26 15 1
26 16 2
26 20 1
26 21 2
26 22 4
26 25 4
27 0 2
27 5 2
27 6 2
27 9 2
27 11 5
27 13 5
27 15 2
27 18 5
27 20 1
27 21 4
27 24 5
27 25 1
27 26 3
28 0 2
28 2 5
28 6 3
28 8 1
28 9 4
28 10 3
28 11 1
28 12 1
28 13 2
28 15 2
28 16 5
28 17 1
28 19 3
28 23 4
28 24 2
29 1 5
29 3 5
29 5 2
29 6 4
29 8 4
29 9 5
29 15 1
29 16 2
29 17 5
29 18 5
29 19 1
29 20 1
29 21 3
29 23 2
29 26 3
29 27 1
29 28 2
