40
2 1 3
3 0 2
4 1 2
5 2 2
5 3 1
5 4 1
6 0 3
6 3 2
6 5 2
7 2 1
7 3 3
7 4 1
7 5 3
7 6 2
8 5 3
8 6 3
9 0 1
9 1 3
9 3 3
9 4 1
9 5 2
9 7 2
9 8 3
10 3 2
10 4 1
10 6 1
10 7 2
10 9 1
11 0 2
11 1 2
11 3 3
11 5 2
11 7 2
11 8 2
12 0 3
12 1 3
12 2 2
12 3 1
12 4 3
12 5 1
12 8 1
12 9 1
12 11 1
13 2 2
13 3 2
13 4 3
13 5 2
13 7 2
13 8 2
13 9 2
13 10 1
14 0 2
14 1 2
14 2 3
14 3 3
14 6 2
14 8 1
14 9 1
14 10 1
14 11 1
14 12 2
14 13 1
15 1 3
15 3 2
15 5 3
15 8 1
15 10 1
15 13 3
16 2 2
16 3 1
16 4 3
16 5 2
16 7 3
16 10 1
16 11 2
16 12 1
16 14 2
17 4 1
17 5 2
17 6 2
17 9 3
17 10 1
17 12 1
17 15 1
17 16 3
18 0 3
18 2 1
18 3 2
18 4 3
18 6 3
18 10 3
19 3 2
19 5 3
19 7 3
19 10 3
19 15 1
19 16 3
19 17 2
19 18 3
20 0 3
20 1 3
20 2 3
20 3 2
20 9 1
20 11 3
20 12 2
20 18 2
20 19 1
21 1 3
21 2 1
21 3 2
21 4 3
21 6 3
21 10 2
21 11 1
21 13 2
21 14 1
21 15 3
21 17 1
21 18 2
21 19 1
21 20 1
22 0 3
22 1 3
22 2 2
22 3 3
22 5 2
22 7 3
22 8 2
22 9 1
22 11 3
22 14 3
22 15 3
22 16 1
22 17 3
22 19 3
22 20 1
23 1 3
23 5 1
23 7 3
23 10 3
23 11 1
23 13 1
23 14 1
23 15 1
23 16 3
23 17 1
23 18 3
23 19 2
23 20 2
23 21 3
24 2 3
24 3 1
24 5 3
24 7 3
24 8 1
24 9 2
24 10 2
24 12 1
24 14 3
24 16 2
24 18 3
25 0 3
25 1 1
25 4 2
25 7 2
25 8 3
25 10 3
25 11 2
25 14 3
25 15 1
25 19 2
25 21 1
25 23 3
26 3 2
26 11 3
26 12 2
26 14 1
26 19 1
26 21 2
26 22 2
26 23 2
26 24 2
27 0 2
27 2 3
27 3 3
27 4 1
27 7 3
27 9 3
27 10 2
27 11 2
27 13 2
27 14 1
27 17 2
27 19 1
27 20 2
27 23 2
27 25 1
28 2 2
28 4 1
28 5 1
28 7 1
28 8 3
28 10 1
28 11 3
28 14 2
28 19 3
28 20 3
28 21 3
28 22 1
28 23 1
28 26 1
29 0 1
29 4 2
29 6 1
29 8 1
29 9 2
29 10 3
29 12 1
29 14 2
29 15 3
29 17 2
29 19 3
29 20 1
29 22 1
29 24 3
29 25 1
29 26 2
29 27 2
29 28 2
30 1 2
30 6 3
30 9 2
30 10 1
30 11 3
30 14 1
30 15 1
30 16 2
30 18 1
30 19 2
30 20 1
30 23 1
30 25 3
30 27 2
31 5 3
31 8 2
31 10 1
31 11 1
31 12 2
31 15 1
31 16 3
31 17 3
31 18 1
31 19 3
31 22 1
31 23 1
31 24 1
31 27 2
31 29 2
31 30 1
32 1 1
32 2 2
32 3 3
32 7 3
32 9 2
32 10 3
32 11 1
32 13 1
32 15 3
32 17 2
32 18 1
32 21 1
32 23 3
32 24 3
32 26 2
32 27 3
33 1 2
33 2 3
33 8 3
33 9 2
33 12 2
33 14 2
33 16 3
33 17 3
33 18 3
33 20 1
33 21 3
33 22 2
33 23 1
33 25 3
33 27 3
33 30 3
33 32 2
34 1 1
34 2 2
34 4 2
34 8 3
34 9 3
34 12 3
34 13 1
34 14 1
34 15 2
34 16 2
34 17 1
34 19 1
34 20 2
34 21 2
34 25 1
34 28 1
34 32 2
35 0 3
35 3 3
35 4 3
35 5 2
35 7 2
35 14 1
35 16 3
35 18 1
35 19 1
35 20 1
35 21 3
35 22 3
35 23 1
35 27 3
35 29 3
35 30 1
36 0 1
36 2 1
36 5 1
36 6 1
36 8 3
36 10 3
36 13 1
36 15 3
36 16 2
36 17 2
36 18 3
36 19 3
36 21 3
36 23 2
36 25 1
36 32 1
36 34 2
36 35 1
37 0 2
37 1 3
37 6 3
37 9 1
37 10 2
37 11 3
37 13 2
37 15 2
37 16 1
37 17 3
37 18 3
37 19 2
37 24 2
37 27 1
37 31 2
37 32 3
37 33 3
37 35 2
38 2 2
38 3 2
38 4 1
38 5 1
38 6 3
38 9 2
38 11 2
38 12 2
38 18 1
38 19 1
38 20 2
38 23 1
38 27 3
38 30 1
38 33 2
38 34 2
38 35 1
38 37 2
39 0 1
39 1 2
39 2 2
39 3 3
39 6 1
39 7 3
39 8 3
39 10 1
39 13 2
39 14 2
39 16 2
39 22 1
39 27 2
39 29 2
39 30 2
39 31 3
39 32 3
39 33 2
