20
1 0 7
2 1 1
3 2 4
4 0 2
4 2 4
4 3 7
5 3 3
6 0 6
6 5 2
7 0 5
7 2 5
7 4 5
7 5 2
8 1 3
8 2 5
9 0 5
9 2 3
9 3 6
9 4 3
9 5 4
9 6 3
10 0 4
10 1 3
10 2 3
10 3 4
10 5 5
10 7 7
10 8 5
11 1 2
11 3 4
11 5 5
11 6 3
11 7 1
11 8 1
12 0 3
12 1 7
12 3 7
12 4 7
12 7 6
12 9 6
12 10 3
13 3 7
13 5 1
13 7 5
13 9 7
13 10 4
13 11 1
14 2 7
14 3 2
14 6 3
14 7 7
14 8 7
14 9 3
14 13 1
15 0 4
15 1 6
15 3 4
15 5 1
15 6 1
15 7 1
15 11 5
15 13 3
15 14 5
16 0 6
16 1 7
16 4 6
16 5 5
16 6 1
16 7 2
16 8 3
16 9 3
16 10 4
16 11 6
16 13 1
17 0 5
17 1 6
17 6 1
17 7 7
17 8 7
17 9 4
17 10 3
17 12 1
17 13 3
17 16 2
18 0 5
18 4 4
18 5 1
18 7 4
18 8 6
18 9 7
19 3 3
19 4 5
19 8 1
19 10 2
19 12 7
19 14 2
19 16 4
19 17 3
