20
2 0 6
3 2 4
4 0 5
4 1 3
4 2 4
5 3 4
6 0 2
6 3 1
6 4 7
6 5 2
7 0 6
7 1 5
7 2 6
7 3 1
7 5 3
8 0 1
8 1 6
8 2 1
8 5 2
9 0 4
9 1 6
9 4 6
9 6 6
9 7 1
9 8 2
10 2 2
10 4 1
10 5 7
10 6 7
10 7 6
10 8 1
11 1 3
11 5 6
11 6 7
11 7 2
11 8 5
12 4 2
12 7 4
12 11 7
13 0 2
13 3 7
13 6 1
13 12 2
14 0 5
14 1 7
14 2 3
14 3 3
14 4 3
14 5 5
14 6 4
14 7 5
14 8 5
14 9 5
14 11 5
14 12 5
15 2 4
15 7 2
15 10 6
15 14 2
16 0 6
16 2 1
16 6 6
16 8 7
16 9 6
16 12 6
16 13 6
16 15 7
17 0 2
17 1 1
17 5 6
17 6 5
17 7 5
17 12 3
17 16 7
18 6 1
18 9 6
18 10 6
18 11 6
18 14 7
18 17 2
19 0 5
19 2 6
19 3 6
19 4 7
19 7 6
19 8 4
19 11 4
19 13 1
19 16 6
