15
1 0 1
2 0 1
2 1 1
3 0 2
3 1 4
3 2 1
4 0 1
4 1 4
4 2 2
4 3 4
5 0 1
5 1 1
5 2 2
5 3 1
5 4 3
6 0 4
6 1 3
6 2 3
6 3 1
6 4 2
6 5 1
7 0 4
7 1 2
7 2 4
7 3 3
7 4 1
7 5 1
7 6 3
8 0 1
8 1 1
8 2 1
8 3 4
8 4 3
8 5 1
8 6 1
8 7 3
9 0 3
9 1 3
9 2 3
9 3 1
9 4 2
9 5 4
9 6 1
9 7 1
9 8 4
10 0 4
10 1 4
10 2 3
10 3 4
10 4 1
10 5 2
10 6 3
10 7 4
10 8 1
10 9 4
11 0 4
11 1 2
11 2 4
11 3 1
11 4 2
11 5 1
11 6 1
11 7 1
11 8 2
11 9 1
11 10 4
12 0 3
12 1 3
12 2 4
12 3 1
12 4 4
12 5 2
12 6 3
12 7 4
12 8 2
12 9 3
12 10 2
12 11 3
13 0 2
13 1 2
13 2 4
13 3 3
13 4 3
13 5 2
13 6 4
13 7 1
13 8 4
13 9 4
13 10 2
13 11 4
13 12 2
14 0 4
14 1 2
14 2 1
14 3 3
14 4 2
14 5 3
14 6 1
14 7 2
14 8 3
14 9 3
14 10 2
14 11 2
14 12 2
14 13 4
