40
3 1 1
3 2 1
4 1 1
5 1 1
5 2 1
5 3 1
6 1 1
6 3 1
6 4 1
6 5 1
7 0 1
7 1 1
7 3 1
7 5 1
8 5 1
9 0 1
9 1 1
9 2 1
9 3 1
9 4 1
9 5 1
9 6 1
9 7 1
9 8 1
10 1 1
10 3 1
10 5 1
10 6 1
10 8 1
10 9 1
11 5 1
11 7 1
11 8 1
12 0 1
12 1 1
12 3 1
12 4 1
12 6 1
12 7 1
12 8 1
13 0 1
13 6 1
13 8 1
13 12 1
14 0 1
14 2 1
14 4 1
14 5 1
14 6 1
14 12 1
14 13 1
15 2 1
15 8 1
15 10 1
15 11 1
15 12 1
15 13 1
15 14 1
16 0 1
16 3 1
16 4 1
16 5 1
16 6 1
16 7 1
16 8 1
16 9 1
16 10 1
16 11 1
16 12 1
16 14 1
17 1 1
17 4 1
17 8 1
17 10 1
17 11 1
17 12 1
17 13 1
17 14 1
17 15 1
17 16 1
18 1 1
18 3 1
18 5 1
18 9 1
18 13 1
18 14 1
18 17 1
19 2 1
19 3 1
19 5 1
19 9 1
19 15 1
19 17 1
19 18 1
20 1 1
20 4 1
20 6 1
20 8 1
20 10 1
20 12 1
20 16 1
20 18 1
21 1 1
21 2 1
21 9 1
21 12 1
21 15 1
21 19 1
21 20 1
22 1 1
22 2 1
22 3 1
22 4 1
22 5 1
22 9 1
22 15 1
22 16 1
22 21 1
23 0 1
23 1 1
23 2 1
23 4 1
23 6 1
23 7 1
23 11 1
23 12 1
23 13 1
23 15 1
23 16 1
23 17 1
23 20 1
23 21 1
23 22 1
24 1 1
24 2 1
24 3 1
24 4 1
24 9 1
24 12 1
24 14 1
24 16 1
24 17 1
24 18 1
24 19 1
24 20 1
24 21 1
25 0 1
25 5 1
25 6 1
25 11 1
25 12 1
25 16 1
25 18 1
25 22 1
26 2 1
26 3 1
26 5 1
26 7 1
26 8 1
26 9 1
26 10 1
26 15 1
26 20 1
27 0 1
27 2 1
27 3 1
27 4 1
27 5 1
27 6 1
27 7 1
27 8 1
27 9 1
27 10 1
27 11 1
27 13 1
27 14 1
27 16 1
27 20 1
27 22 1
27 25 1
27 26 1
28 1 1
28 2 1
28 4 1
28 5 1
28 7 1
28 9 1
28 10 1
28 12 1
28 15 1
28 17 1
28 18 1
28 20 1
28 21 1
28 25 1
28 27 1
29 1 1
29 2 1
29 4 1
29 5 1
29 7 1
29 8 1
29 13 1
29 15 1
29 17 1
29 18 1
29 19 1
29 21 1
29 23 1
29 24 1
29 26 1
29 27 1
29 28 1
30 0 1
30 4 1
30 7 1
30 10 1
30 11 1
30 13 1
30 16 1
30 17 1
30 18 1
30 21 1
30 24 1
30 26 1
31 5 1
31 7 1
31 8 1
31 9 1
31 10 1
31 13 1
31 14 1
31 15 1
31 19 1
31 25 1
31 26 1
31 27 1
31 29 1
32 1 1
32 4 1
32 9 1
32 11 1
32 14 1
32 15 1
32 16 1
32 18 1
32 19 1
32 20 1
32 21 1
32 22 1
32 23 1
32 24 1
32 26 1
32 27 1
32 30 1
33 6 1
33 10 1
33 11 1
33 12 1
33 13 1
33 15 1
33 16 1
33 17 1
33 20 1
33 21 1
33 22 1
33 25 1
33 26 1
33 29 1
33 30 1
34 0 1
34 3 1
34 5 1
34 7 1
34 9 1
34 11 1
34 13 1
34 16 1
34 17 1
34 19 1
34 21 1
34 22 1
34 23 1
34 32 1
34 33 1
35 1 1
35 2 1
35 4 1
35 10 1
35 11 1
35 12 1
35 15 1
35 17 1
35 19 1
35 21 1
35 24 1
35 25 1
35 26 1
35 27 1
35 29 1
35 30 1
35 31 1
35 34 1
36 2 1
36 3 1
36 4 1
36 5 1
36 7 1
36 9 1
36 10 1
36 12 1
36 13 1
36 15 1
36 18 1
36 20 1
36 21 1
36 22 1
36 23 1
36 27 1
36 30 1
36 32 1
36 34 1
36 35 1
37 0 1
37 1 1
37 2 1
37 3 1
37 4 1
37 8 1
37 12 1
37 14 1
37 16 1
37 17 1
37 18 1
37 23 1
37 24 1
37 25 1
37 28 1
37 30 1
37 31 1
37 32 1
37 33 1
37 34 1
37 36 1
38 0 1
38 2 1
38 3 1
38 4 1
38 9 1
38 11 1
38 13 1
38 15 1
38 16 1
38 17 1
38 18 1
38 19 1
38 20 1
38 23 1
38 24 1
38 25 1
38 26 1
38 27 1
38 30 1
38 31 1
38 37 1
39 0 1
39 6 1
39 7 1
39 9 1
39 11 1
39 12 1
39 14 1
39 15 1
39 17 1
39 18 1
39 21 1
39 23 1
39 24 1
39 25 1
39 28 1
39 29 1
39 31 1
39 32 1
39 33 1
39 34 1
39 36 1
39 37 1
