40
1 0 5
2 0 6
2 1 8
4 0 6
4 3 3
5 0 5
5 1 4
5 4 1
6 0 7
6 3 4
6 5 1
7 0 5
7 2 2
7 5 5
7 6 3
8 0 8
8 1 3
8 3 3
8 4 2
8 6 6
9 0 7
9 1 8
9 2 4
9 3 8
9 6 7
9 7 2
9 8 8
10 4 1
10 8 3
10 9 7
11 1 2
11 3 2
11 4 3
11 6 2
11 7 2
11 8 8
11 9 7
12 1 8
12 2 1
12 3 3
12 5 1
12 10 1
13 0 3
13 1 8
13 2 3
13 5 5
13 7 5
13 11 2
13 12 5
14 5 4
14 8 7
14 10 8
14 12 4
15 2 8
15 3 3
15 4 3
15 5 2
15 9 5
15 10 1
15 14 7
16 0 8
16 1 7
16 3 1
16 4 4
16 8 6
16 9 8
16 12 3
16 13 4
16 14 5
17 1 6
17 9 3
17 10 7
17 12 4
17 13 6
17 14 2
17 15 6
17 16 6
18 3 6
18 4 6
18 5 2
18 8 5
18 9 8
18 11 2
18 12 8
18 15 7
18 16 5
19 1 6
19 4 7
19 7 1
19 8 3
19 9 1
19 13 6
19 14 7
19 16 5
20 2 6
20 4 7
20 7 8
20 8 8
20 10 5
20 11 1
20 14 1
20 17 3
20 18 2
21 0 1
21 1 8
21 2 6
21 4 4
21 5 7
21 7 1
21 8 7
21 10 3
21 16 2
22 0 3
22 2 7
22 4 3
22 5 3
22 6 2
22 7 2
22 8 4
22 9 8
22 10 5
22 12 8
22 15 2
22 16 4
22 17 5
22 18 4
22 19 7
22 20 7
23 0 7
23 2 8
23 3 6
23 5 4
23 7 4
23 10 8
23 11 4
23 13 3
23 17 6
23 18 5
23 20 8
23 22 7
24 1 4
24 4 7
24 5 6
24 10 2
24 11 3
24 14 7
24 15 6
24 16 3
24 17 4
24 21 7
25 0 7
25 1 5
25 2 5
25 4 7
25 10 5
25 12 5
25 13 3
25 14 8
25 15 3
25 16 1
25 17 6
25 19 7
25 21 4
25 24 6
26 0 8
26 1 1
26 3 1
26 6 7
26 8 6
26 11 6
26 12 3
26 14 6
26 15 3
26 17 3
26 23 1
26 25 2
27 0 4
27 1 1
27 2 5
27 5 3
27 6 3
27 7 1
27 9 7
27 10 5
27 12 5
27 13 6
27 14 1
27 17 6
27 18 2
27 19 7
27 20 5
27 23 5
28 3 3
28 4 8
28 10 8
28 11 5
28 14 5
28 16 1
28 18 3
28 22 1
28 24 5
28 26 2
29 0 4
29 1 1
29 2 6
29 3 3
29 4 8
29 5 6
29 6 5
29 8 6
29 10 4
29 11 1
29 12 4
29 13 1
29 15 6
29 20 1
29 25 6
29 26 3
29 28 6
30 3 5
30 6 7
30 7 3
30 9 3
30 10 3
30 16 5
30 17 5
30 18 3
30 20 2
30 21 6
30 24 4
30 26 3
30 27 7
31 3 1
31 4 6
31 5 1
31 6 3
31 8 2
31 10 7
31 12 5
31 14 1
31 15 4
31 16 2
31 19 8
31 20 8
31 21 7
31 25 3
31 27 6
31 28 8
31 29 4
32 3 8
32 4 3
32 7 5
32 9 3
32 10 1
32 12 7
32 13 4
32 17 1
32 19 1
32 20 2
32 22 2
32 24 8
32 26 2
32 27 8
32 29 2
32 30 1
32 31 5
33 0 1
33 7 3
33 8 5
33 9 6
33 11 3
33 12 5
33 16 1
33 17 8
33 18 1
33 22 7
33 23 4
33 25 5
33 28 2
33 32 3
34 0 1
34 2 2
34 4 5
34 10 7
34 12 2
34 13 1
34 15 2
34 16 5
34 18 3
34 23 5
34 24 3
34 25 4
34 28 3
34 29 5
34 33 2
35 6 2
35 7 8
35 8 3
35 11 1
35 12 7
35 13 1
35 14 3
35 15 7
35 16 4
35 17 4
35 18 3
35 20 7
35 22 3
35 23 6
35 24 6
35 25 7
35 29 5
35 30 5
35 33 1
36 0 2
36 5 3
36 6 1
36 7 6
36 9 6
36 10 3
36 18 4
36 19 2
36 23 7
36 24 2
36 25 4
36 27 1
36 28 8
36 29 2
36 30 6
36 31 5
36 32 8
36 33 6
36 34 1
36 35 2
37 0 6
37 3 1
37 4 4
37 6 5
37 7 2
37 9 2
37 10 7
37 13 8
37 14 3
37 15 1
37 18 1
37 25 8
37 26 2
37 27 4
37 29 5
37 31 5
37 34 1
37 36 1
38 2 1
38 3 3
38 7 5
38 14 4
38 17 7
38 21 5
38 23 5
38 26 3
38 28 3
38 29 2
38 32 8
38 33 5
38 34 2
38 35 1
38 37 4
39 1 7
39 4 1
39 6 2
39 8 8
39 9 3
39 10 7
39 11 6
39 12 6
39 13 1
39 14 8
39 15 4
39 16 5
39 18 4
39 19 1
39 21 1
39 22 6
39 23 8
39 26 8
39 29 2
39 30 3
39 33 1
39 36 7
