60
1 0 1
2 0 1
2 1 2
3 0 2
3 1 1
3 2 2
4 0 2
4 1 1
4 2 2
4 3 3
5 0 3
5 1 3
5 2 1
5 3 2
5 4 2
6 0 1
6 1 1
6 2 1
6 3 2
6 4 3
6 5 3
7 0 1
7 1 1
7 2 3
7 3 1
7 4 1
7 5 2
7 6 2
8 0 2
8 1 1
8 2 3
8 3 1
8 4 1
8 5 1
8 6 3
8 7 2
9 0 1
9 1 3
9 2 1
9 3 1
9 4 3
9 5 1
9 6 2
9 7 2
9 8 3
10 0 1
10 1 3
10 2 1
10 3 2
10 4 3
10 5 2
10 6 3
10 7 1
10 8 2
10 9 3
11 0 2
11 1 2
11 2 3
11 3 2
11 4 2
11 5 1
11 6 2
11 7 1
11 8 3
11 9 1
11 10 3
12 0 3
12 1 1
12 2 3
12 3 2
12 4 2
12 5 1
12 6 1
12 7 2
12 8 1
12 9 1
12 10 2
12 11 2
13 0 1
13 1 1
13 2 1
13 3 1
13 4 1
13 5 3
13 6 2
13 7 1
13 8 3
13 9 1
13 10 3
13 11 2
13 12 2
14 0 3
14 1 2
14 2 3
14 3 1
14 4 1
14 5 2
14 6 1
14 7 1
14 8 2
14 9 1
14 10 1
14 11 1
14 12 2
14 13 3
15 0 2
15 1 2
15 2 3
15 3 1
15 4 2
15 5 2
15 6 3
15 7 3
15 8 1
15 9 1
15 10 1
15 11 2
15 12 2
15 13 3
15 14 1
16 0 1
16 1 1
16 2 3
16 3 2
16 4 1
16 5 2
16 6 1
16 7 2
16 8 2
16 9 1
16 10 2
16 11 3
16 12 1
16 13 3
16 14 2
16 15 2
17 0 3
17 1 2
17 2 2
17 3 2
17 4 1
17 5 2
17 6 2
17 7 1
17 8 1
17 9 2
17 10 1
17 11 3
17 12 2
17 13 3
17 14 1
17 15 1
17 16 1
18 0 1
18 1 1
18 2 2
18 3 1
18 4 3
18 5 3
18 6 1
18 7 2
18 8 3
18 9 2
18 10 1
18 11 3
18 12 1
18 13 1
18 14 1
18 15 2
18 16 1
18 17 3
19 0 1
19 1 2
19 2 3
19 3 2
19 4 1
19 5 3
19 6 3
19 7 1
19 8 3
19 9 1
19 10 1
19 11 2
19 12 3
19 13 1
19 14 3
19 15 1
19 16 1
19 17 2
19 18 2
20 0 2
20 1 3
20 2 3
20 3 3
20 4 3
20 5 3
20 6 2
20 7 3
20 8 1
20 9 2
20 10 3
20 11 1
20 12 3
20 13 3
20 14 1
20 15 3
20 16 3
20 17 3
20 18 1
20 19 1
21 0 3
21 1 3
21 2 1
21 3 1
21 4 2
21 5 1
21 6 3
21 7 2
21 8 1
21 9 3
21 10 3
21 11 3
21 12 3
21 13 1
21 14 1
21 15 2
21 16 1
21 17 3
21 18 1
21 19 3
21 20 3
22 0 3
22 1 2
22 2 3
22 3 2
22 4 2
22 5 2
22 6 3
22 7 1
22 8 3
22 9 3
22 10 2
22 11 2
22 12 3
22 13 3
22 14 1
22 15 2
22 16 3
22 17 2
22 18 2
22 19 2
22 20 2
22 21 1
23 0 2
23 1 3
23 2 1
23 3 1
23 4 1
23 5 2
23 6 1
23 7 2
23 8 2
23 9 3
23 10 2
23 11 2
23 12 2
23 13 2
23 14 2
23 15 1
23 16 3
23 17 3
23 18 3
23 19 2
23 20 1
23 21 1
23 22 1
24 0 3
24 1 3
24 2 2
24 3 1
24 4 3
24 5 2
24 6 1
24 7 2
24 8 2
24 9 2
24 10 3
24 11 1
24 12 2
24 13 1
24 14 1
24 15 1
24 16 2
24 17 2
24 18 2
24 19 2
24 20 3
24 21 1
24 22 1
24 23 2
25 0 3
25 1 2
25 2 1
25 3 1
25 4 2
25 5 3
25 6 3
25 7 3
25 8 2
25 9 2
25 10 2
25 11 2
25 12 3
25 13 2
25 14 1
25 15 2
25 16 1
25 17 3
25 18 1
25 19 1
25 20 3
25 21 3
25 22 1
25 23 2
25 24 3
26 0 1
26 1 1
26 2 1
26 3 3
26 4 1
26 5 3
26 6 2
26 7 3
26 8 3
26 9 1
26 10 1
26 11 2
26 12 1
26 13 2
26 14 1
26 15 3
26 16 1
26 17 2
26 18 2
26 19 1
26 20 2
26 21 1
26 22 1
26 23 2
26 24 1
26 25 1
27 0 2
27 1 1
27 2 3
27 3 1
27 4 3
27 5 1
27 6 3
27 7 1
27 8 1
27 9 3
27 10 2
27 11 2
27 12 1
27 13 2
27 14 3
27 15 2
27 16 1
27 17 3
27 18 3
27 19 3
27 20 2
27 21 1
27 22 3
27 23 2
27 24 1
27 25 2
27 26 2
28 0 1
28 1 1
28 2 1
28 3 3
28 4 1
28 5 2
28 6 1
28 7 1
28 8 1
28 9 2
28 10 1
28 11 1
28 12 1
28 13 3
28 14 1
28 15 2
28 16 2
28 17 3
28 18 2
28 19 2
28 20 2
28 21 2
28 22 1
28 23 1
28 24 2
28 25 3
28 26 1
28 27 1
29 0 1
29 1 3
29 2 3
29 3 3
29 4 1
29 5 3
29 6 3
29 7 2
29 8 2
29 9 1
29 10 2
29 11 3
29 12 2
29 13 1
29 14 2
29 15 3
29 16 2
29 17 1
29 18 3
29 19 3
29 20 1
29 21 1
29 22 2
29 23 3
29 24 3
29 25 1
29 26 1
29 27 1
29 28 1
30 0 3
30 1 3
30 2 2
30 3 2
30 4 2
30 5 2
30 6 1
30 7 3
30 8 1
30 9 3
30 10 3
30 11 1
30 12 2
30 13 1
30 14 3
30 15 1
30 16 3
30 17 1
30 18 1
30 19 2
30 20 1
30 21 2
30 22 1
30 23 2
30 24 1
30 25 1
30 26 3
30 27 1
30 28 1
30 29 3
31 0 2
31 1 3
31 2 1
31 3 1
31 4 2
31 5 1
31 6 1
31 7 3
31 8 3
31 9 1
31 10 1
31 11 2
31 12 1
31 13 1
31 14 3
31 15 2
31 16 2
31 17 1
31 18 1
31 19 3
31 20 3
31 21 1
31 22 1
31 23 1
31 24 2
31 25 3
31 26 1
31 27 3
31 28 2
31 29 1
31 30 3
32 0 2
32 1 1
32 2 2
32 3 3
32 4 1
32 5 3
32 6 3
32 7 3
32 8 3
32 9 1
32 10 1
32 11 3
32 12 2
32 13 3
32 14 3
32 15 3
32 16 2
32 17 1
32 18 3
32 19 1
32 20 1
32 21 3
32 22 3
32 23 3
32 24 3
32 25 1
32 26 3
32 27 1
32 28 3
32 29 1
32 30 2
32 31 3
33 0 2
33 1 3
33 2 1
33 3 3
33 4 2
33 5 1
33 6 3
33 7 1
33 8 3
33 9 1
33 10 2
33 11 2
33 12 2
33 13 2
33 14 3
33 15 3
33 16 1
33 17 3
33 18 1
33 19 1
33 20 2
33 21 2
33 22 3
33 23 3
33 24 3
33 25 2
33 26 3
33 27 2
33 28 1
33 29 1
33 30 2
33 31 3
33 32 1
34 0 2
34 1 3
34 2 1
34 3 3
34 4 3
34 5 3
34 6 1
34 7 2
34 8 2
34 9 1
34 10 1
34 11 2
34 12 2
34 13 1
34 14 1
34 15 2
34 16 3
34 17 1
34 18 3
34 19 1
34 20 1
34 21 3
34 22 3
34 23 3
34 24 3
34 25 2
34 26 1
34 27 3
34 28 2
34 29 2
34 30 3
34 31 1
34 32 3
34 33 2
35 0 2
35 1 3
35 2 1
35 3 1
35 4 3
35 5 3
35 6 3
35 7 3
35 8 1
35 9 1
35 10 1
35 11 2
35 12 3
35 13 2
35 14 2
35 15 2
35 16 3
35 17 3
35 18 1
35 19 1
35 20 1
35 21 2
35 22 3
35 23 1
35 24 2
35 25 2
35 26 1
35 27 1
35 28 3
35 29 1
35 30 2
35 31 1
35 32 1
35 33 3
35 34 3
36 0 3
36 1 1
36 2 1
36 3 3
36 4 1
36 5 3
36 6 2
36 7 1
36 8 2
36 9 2
36 10 2
36 11 1
36 12 2
36 13 3
36 14 2
36 15 3
36 16 2
36 17 2
36 18 1
36 19 2
36 20 1
36 21 1
36 22 1
36 23 1
36 24 3
36 25 2
36 26 3
36 27 2
36 28 3
36 29 2
36 30 3
36 31 3
36 32 3
36 33 1
36 34 3
36 35 3
37 0 2
37 1 2
37 2 3
37 3 1
37 4 3
37 5 1
37 6 3
37 7 3
37 8 2
37 9 2
37 10 2
37 11 1
37 12 2
37 13 2
37 14 2
37 15 1
37 16 2
37 17 3
37 18 2
37 19 3
37 20 2
37 21 1
37 22 1
37 23 1
37 24 1
37 25 3
37 26 1
37 27 1
37 28 2
37 29 3
37 30 3
37 31 2
37 32 2
37 33 3
37 34 2
37 35 2
37 36 1
38 0 3
38 1 3
38 2 3
38 3 3
38 4 1
38 5 3
38 6 2
38 7 2
38 8 3
38 9 2
38 10 3
38 11 2
38 12 2
38 13 1
38 14 2
38 15 3
38 16 2
38 17 2
38 18 3
38 19 2
38 20 3
38 21 1
38 22 2
38 23 3
38 24 1
38 25 2
38 26 1
38 27 1
38 28 2
38 29 3
38 30 1
38 31 2
38 32 3
38 33 1
38 34 2
38 35 3
38 36 3
38 37 1
39 0 2
39 1 3
39 2 3
39 3 1
39 4 1
39 5 3
39 6 3
39 7 3
39 8 2
39 9 2
39 10 1
39 11 3
39 12 2
39 13 2
39 14 1
39 15 2
39 16 3
39 17 3
39 18 3
39 19 1
39 20 2
39 21 1
39 22 3
39 23 3
39 24 1
39 25 2
39 26 2
39 27 1
39 28 3
39 29 3
39 30 3
39 31 1
39 32 2
39 33 1
39 34 1
39 35 3
39 36 2
39 37 2
39 38 1
40 0 2
40 1 1
40 2 3
40 3 3
40 4 1
40 5 3
40 6 3
40 7 3
40 8 1
40 9 1
40 10 2
40 11 2
40 12 2
40 13 2
40 14 1
40 15 2
40 16 1
40 17 3
40 18 1
40 19 1
40 20 1
40 21 1
40 22 3
40 23 3
40 24 3
40 25 3
40 26 2
40 27 2
40 28 3
40 29 3
40 30 3
40 31 1
40 32 1
40 33 3
40 34 3
40 35 3
40 36 3
40 37 3
40 38 2
40 39 1
41 0 2
41 1 1
41 2 2
41 3 2
41 4 2
41 5 1
41 6 3
41 7 3
41 8 2
41 9 3
41 10 2
41 11 2
41 12 2
41 13 1
41 14 3
41 15 3
41 16 3
41 17 2
41 18 2
41 19 1
41 20 2
41 21 1
41 22 1
41 23 3
41 24 2
41 25 2
41 26 2
41 27 3
41 28 3
41 29 2
41 30 3
41 31 1
41 32 1
41 33 3
41 34 1
41 35 3
41 36 1
41 37 3
41 38 3
41 39 2
41 40 2
42 0 2
42 1 2
42 2 3
42 3 3
42 4 3
42 5 3
42 6 2
42 7 1
42 8 3
42 9 2
42 10 1
42 11 1
42 12 3
42 13 1
42 14 2
42 15 1
42 16 3
42 17 1
42 18 2
42 19 3
42 20 3
42 21 3
42 22 2
42 23 1
42 24 3
42 25 2
42 26 1
42 27 3
42 28 2
42 29 1
42 30 2
42 31 2
42 32 3
42 33 3
42 34 3
42 35 3
42 36 2
42 37 1
42 38 3
42 39 1
42 40 1
42 41 1
43 0 3
43 1 3
43 2 3
43 3 2
43 4 2
43 5 2
43 6 3
43 7 3
43 8 1
43 9 3
43 10 3
43 11 3
43 12 2
43 13 2
43 14 3
43 15 2
43 16 2
43 17 3
43 18 2
43 19 3
43 20 2
43 21 1
43 22 3
43 23 3
43 24 2
43 25 1
43 26 2
43 27 2
43 28 2
43 29 1
43 30 3
43 31 1
43 32 3
43 33 3
43 34 3
43 35 2
43 36 3
43 37 2
43 38 1
43 39 2
43 40 2
43 41 1
43 42 3
44 0 3
44 1 3
44 2 2
44 3 2
44 4 1
44 5 1
44 6 2
44 7 1
44 8 1
44 9 1
44 10 2
44 11 3
44 12 2
44 13 3
44 14 1
44 15 2
44 16 2
44 17 1
44 18 2
44 19 2
44 20 2
44 21 1
44 22 2
44 23 2
44 24 3
44 25 3
44 26 1
44 27 2
44 28 1
44 29 2
44 30 1
44 31 2
44 32 3
44 33 1
44 34 3
44 35 1
44 36 3
44 37 1
44 38 3
44 39 1
44 40 3
44 41 2
44 42 2
44 43 2
45 0 3
45 1 2
45 2 3
45 3 2
45 4 1
45 5 3
45 6 3
45 7 1
45 8 1
45 9 3
45 10 1
45 11 2
45 12 2
45 13 3
45 14 1
45 15 1
45 16 2
45 17 2
45 18 3
45 19 3
45 20 1
45 21 3
45 22 1
45 23 3
45 24 3
45 25 1
45 26 1
45 27 3
45 28 2
45 29 1
45 30 2
45 31 2
45 32 1
45 33 2
45 34 1
45 35 2
45 36 2
45 37 2
45 38 1
45 39 1
45 40 1
45 41 2
45 42 3
45 43 2
45 44 1
46 0 1
46 1 2
46 2 3
46 3 3
46 4 3
46 5 2
46 6 2
46 7 1
46 8 3
46 9 2
46 10 2
46 11 1
46 12 2
46 13 3
46 14 2
46 15 3
46 16 2
46 17 3
46 18 3
46 19 2
46 20 1
46 21 3
46 22 3
46 23 1
46 24 2
46 25 1
46 26 2
46 27 2
46 28 3
46 29 1
46 30 2
46 31 1
46 32 3
46 33 2
46 34 2
46 35 3
46 36 1
46 37 1
46 38 2
46 39 3
46 40 3
46 41 3
46 42 3
46 43 3
46 44 2
46 45 2
47 0 1
47 1 1
47 2 2
47 3 2
47 4 3
47 5 2
47 6 3
47 7 3
47 8 3
47 9 1
47 10 1
47 11 2
47 12 3
47 13 1
47 14 2
47 15 3
47 16 3
47 17 1
47 18 3
47 19 3
47 20 2
47 21 3
47 22 2
47 23 1
47 24 3
47 25 3
47 26 3
47 27 3
47 28 3
47 29 1
47 30 3
47 31 2
47 32 3
47 33 3
47 34 3
47 35 1
47 36 1
47 37 1
47 38 3
47 39 3
47 40 2
47 41 2
47 42 3
47 43 1
47 44 2
47 45 1
47 46 1
48 0 2
48 1 3
48 2 1
48 3 1
48 4 3
48 5 1
48 6 2
48 7 2
48 8 1
48 9 3
48 10 1
48 11 2
48 12 2
48 13 1
48 14 1
48 15 1
48 16 2
48 17 2
48 18 3
48 19 1
48 20 2
48 21 2
48 22 2
48 23 3
48 24 1
48 25 2
48 26 3
48 27 3
48 28 2
48 29 1
48 30 2
48 31 3
48 32 3
48 33 1
48 34 2
48 35 3
48 36 1
48 37 3
48 38 1
48 39 1
48 40 2
48 41 1
48 42 2
48 43 2
48 44 2
48 45 2
48 46 2
48 47 2
49 0 2
49 1 1
49 2 1
49 3 3
49 4 3
49 5 2
49 6 1
49 7 3
49 8 1
49 9 3
49 10 1
49 11 1
49 12 2
49 13 3
49 14 1
49 15 2
49 16 1
49 17 2
49 18 1
49 19 3
49 20 1
49 21 2
49 22 3
49 23 2
49 24 2
49 25 2
49 26 1
49 27 2
49 28 1
49 29 3
49 30 1
49 31 3
49 32 2
49 33 1
49 34 1
49 35 1
49 36 2
49 37 1
49 38 3
49 39 3
49 40 3
49 41 2
49 42 1
49 43 2
49 44 1
49 45 1
49 46 2
49 47 2
49 48 1
50 0 3
50 1 1
50 2 3
50 3 3
50 4 3
50 5 3
50 6 3
50 7 2
50 8 1
50 9 1
50 10 3
50 11 3
50 12 1
50 13 1
50 14 2
50 15 2
50 16 3
50 17 3
50 18 1
50 19 2
50 20 3
50 21 1
50 22 2
50 23 2
50 24 2
50 25 3
50 26 2
50 27 3
50 28 3
50 29 1
50 30 3
50 31 1
50 32 3
50 33 1
50 34 3
50 35 1
50 36 3
50 37 1
50 38 3
50 39 2
50 40 2
50 41 3
50 42 2
50 43 2
50 44 1
50 45 3
50 46 1
50 47 1
50 48 3
50 49 3
51 0 3
51 1 3
51 2 2
51 3 1
51 4 2
51 5 3
51 6 3
51 7 2
51 8 1
51 9 1
51 10 3
51 11 2
51 12 1
51 13 1
51 14 3
51 15 3
51 16 3
51 17 2
51 18 3
51 19 1
51 20 2
51 21 3
51 22 3
51 23 1
51 24 1
51 25 1
51 26 1
51 27 2
51 28 3
51 29 2
51 30 2
51 31 2
51 32 1
51 33 3
51 34 3
51 35 2
51 36 1
51 37 3
51 38 3
51 39 2
51 40 2
51 41 3
51 42 2
51 43 2
51 44 2
51 45 3
51 46 2
51 47 2
51 48 2
51 49 3
51 50 1
52 0 1
52 1 2
52 2 3
52 3 2
52 4 1
52 5 2
52 6 2
52 7 2
52 8 1
52 9 3
52 10 2
52 11 3
52 12 3
52 13 3
52 14 2
52 15 1
52 16 3
52 17 3
52 18 2
52 19 2
52 20 1
52 21 1
52 22 1
52 23 3
52 24 3
52 25 1
52 26 2
52 27 1
52 28 3
52 29 1
52 30 1
52 31 1
52 32 1
52 33 3
52 34 3
52 35 1
52 36 1
52 37 3
52 38 3
52 39 3
52 40 3
52 41 2
52 42 3
52 43 2
52 44 3
52 45 3
52 46 3
52 47 3
52 48 3
52 49 2
52 50 2
52 51 1
53 0 3
53 1 2
53 2 3
53 3 3
53 4 1
53 5 1
53 6 2
53 7 3
53 8 1
53 9 3
53 10 2
53 11 1
53 12 2
53 13 3
53 14 2
53 15 1
53 16 1
53 17 2
53 18 3
53 19 1
53 20 3
53 21 3
53 22 1
53 23 3
53 24 3
53 25 3
53 26 2
53 27 1
53 28 3
53 29 2
53 30 1
53 31 3
53 32 2
53 33 3
53 34 1
53 35 3
53 36 2
53 37 3
53 38 2
53 39 3
53 40 1
53 41 3
53 42 3
53 43 1
53 44 1
53 45 3
53 46 2
53 47 2
53 48 1
53 49 2
53 50 1
53 51 1
53 52 2
54 0 3
54 1 1
54 2 1
54 3 2
54 4 1
54 5 3
54 6 3
54 7 2
54 8 3
54 9 2
54 10 2
54 11 1
54 12 1
54 13 1
54 14 2
54 15 1
54 16 2
54 17 1
54 18 1
54 19 2
54 20 1
54 21 1
54 22 2
54 23 1
54 24 2
54 25 3
54 26 1
54 27 1
54 28 2
54 29 2
54 30 2
54 31 2
54 32 1
54 33 1
54 34 1
54 35 3
54 36 2
54 37 2
54 38 3
54 39 2
54 40 2
54 41 1
54 42 2
54 43 1
54 44 2
54 45 1
54 46 2
54 47 3
54 48 3
54 49 3
54 50 2
54 51 1
54 52 3
54 53 2
55 0 2
55 1 2
55 2 2
55 3 1
55 4 2
55 5 3
55 6 3
55 7 1
55 8 3
55 9 3
55 10 3
55 11 1
55 12 2
55 13 1
55 14 2
55 15 2
55 16 2
55 17 2
55 18 2
55 19 2
55 20 3
55 21 2
55 22 2
55 23 3
55 24 3
55 25 1
55 26 1
55 27 3
55 28 3
55 29 2
55 30 3
55 31 2
55 32 2
55 33 1
55 34 3
55 35 3
55 36 1
55 37 1
55 38 2
55 39 3
55 40 1
55 41 1
55 42 1
55 43 3
55 44 1
55 45 3
55 46 3
55 47 2
55 48 1
55 49 2
55 50 1
55 51 1
55 52 2
55 53 2
55 54 1
56 0 2
56 1 2
56 2 1
56 3 1
56 4 2
56 5 3
56 6 3
56 7 2
56 8 1
56 9 2
56 10 2
56 11 1
56 12 1
56 13 1
56 14 1
56 15 2
56 16 2
56 17 3
56 18 1
56 19 3
56 20 2
56 21 2
56 22 2
56 23 2
56 24 1
56 25 3
56 26 1
56 27 1
56 28 1
56 29 1
56 30 1
56 31 2
56 32 3
56 33 3
56 34 1
56 35 3
56 36 1
56 37 3
56 38 3
56 39 1
56 40 2
56 41 3
56 42 3
56 43 1
56 44 1
56 45 2
56 46 1
56 47 2
56 48 2
56 49 1
56 50 1
56 51 1
56 52 2
56 53 1
56 54 3
56 55 3
57 0 3
57 1 2
57 2 3
57 3 3
57 4 1
57 5 2
57 6 1
57 7 1
57 8 2
57 9 3
57 10 2
57 11 2
57 12 3
57 13 2
57 14 3
57 15 2
57 16 2
57 17 1
57 18 2
57 19 3
57 20 1
57 21 1
57 22 2
57 23 1
57 24 1
57 25 2
57 26 3
57 27 2
57 28 3
57 29 1
57 30 3
57 31 3
57 32 2
57 33 1
57 34 1
57 35 3
57 36 1
57 37 1
57 38 3
57 39 2
57 40 2
57 41 1
57 42 1
57 43 2
57 44 2
57 45 2
57 46 3
57 47 1
57 48 3
57 49 1
57 50 1
57 51 1
57 52 1
57 53 1
57 54 2
57 55 2
57 56 1
58 0 2
58 1 3
58 2 3
58 3 3
58 4 2
58 5 3
58 6 2
58 7 1
58 8 1
58 9 3
58 10 1
58 11 3
58 12 1
58 13 1
58 14 3
58 15 3
58 16 2
58 17 1
58 18 2
58 19 1
58 20 2
58 21 3
58 22 1
58 23 1
58 24 3
58 25 3
58 26 1
58 27 1
58 28 1
58 29 3
58 30 3
58 31 3
58 32 3
58 33 1
58 34 1
58 35 2
58 36 3
58 37 2
58 38 3
58 39 3
58 40 2
58 41 2
58 42 2
58 43 2
58 44 3
58 45 3
58 46 1
58 47 2
58 48 2
58 49 2
58 50 2
58 51 1
58 52 3
58 53 2
58 54 3
58 55 3
58 56 2
58 57 2
59 0 1
59 1 2
59 2 3
59 3 1
59 4 1
59 5 3
59 6 2
59 7 1
59 8 1
59 9 1
59 10 3
59 11 2
59 12 3
59 13 2
59 14 2
59 15 1
59 16 1
59 17 1
59 18 3
59 19 2
59 20 1
59 21 1
59 22 3
59 23 3
59 24 3
59 25 1
59 26 1
59 27 1
59 28 1
59 29 3
59 30 2
59 31 1
59 32 1
59 33 3
59 34 1
59 35 1
59 36 3
59 37 1
59 38 3
59 39 2
59 40 2
59 41 1
59 42 3
59 43 3
59 44 1
59 45 2
59 46 1
59 47 2
59 48 3
59 49 1
59 50 1
59 51 2
59 52 2
59 53 3
59 54 3
59 55 3
59 56 3
59 57 2
59 58 3
