60
1 0 1
2 0 2
2 1 2
3 0 1
3 1 2
3 2 2
4 0 2
4 1 1
4 2 1
4 3 1
5 0 1
5 1 2
5 2 1
5 3 1
5 4 2
6 0 1
6 1 1
6 2 2
6 3 2
6 4 2
6 5 2
7 0 1
7 1 1
7 2 2
7 3 1
7 4 1
7 5 1
7 6 2
8 0 1
8 1 2
8 2 2
8 3 2
8 4 1
8 5 2
8 6 2
8 7 2
9 0 1
9 1 2
9 2 2
9 3 1
9 4 2
9 5 2
9 6 1
9 7 2
9 8 2
10 0 1
10 1 2
10 2 2
10 3 1
10 4 2
10 5 2
10 6 1
10 7 2
10 8 2
10 9 1
11 0 2
11 1 1
11 2 1
11 3 2
11 4 1
11 5 1
11 6 1
11 7 2
11 8 2
11 9 2
11 10 2
12 0 2
12 1 2
12 2 1
12 3 2
12 4 1
12 5 1
12 6 1
12 7 2
12 8 2
12 9 1
12 10 2
12 11 2
13 0 2
13 1 2
13 2 1
13 3 1
13 4 1
13 5 1
13 6 2
13 7 1
13 8 1
13 9 2
13 10 2
13 11 1
13 12 1
14 0 1
14 1 1
14 2 2
14 3 1
14 4 2
14 5 1
14 6 2
14 7 2
14 8 1
14 9 1
14 10 1
14 11 1
14 12 1
14 13 2
15 0 1
15 1 2
15 2 1
15 3 1
15 4 1
15 5 2
15 6 2
15 7 1
15 8 1
15 9 1
15 10 2
15 11 2
15 12 1
15 13 2
15 14 2
16 0 2
16 1 1
16 2 1
16 3 1
16 4 1
16 5 2
16 6 1
16 7 2
16 8 1
16 9 1
16 10 1
16 11 1
16 12 2
16 13 2
16 14 2
16 15 2
17 0 2
17 1 1
17 2 1
17 3 2
17 4 1
17 5 2
17 6 1
17 7 2
17 8 2
17 9 1
17 10 2
17 11 2
17 12 2
17 13 2
17 14 1
17 15 1
17 16 2
18 0 2
18 1 2
18 2 1
18 3 1
18 4 1
18 5 1
18 6 1
18 7 2
18 8 1
18 9 2
18 10 2
18 11 1
18 12 1
18 13 2
18 14 1
18 15 2
18 16 2
18 17 2
19 0 2
19 1 2
19 2 2
19 3 2
19 4 2
19 5 1
19 6 1
19 7 1
19 8 2
19 9 1
19 10 2
19 11 1
19 12 1
19 13 1
19 14 2
19 15 2
19 16 2
19 17 1
19 18 1
20 0 1
20 1 1
20 2 2
20 3 1
20 4 2
20 5 1
20 6 2
20 7 1
20 8 1
20 9 1
20 10 2
20 11 2
20 12 2
20 13 1
20 14 1
20 15 2
20 16 1
20 17 1
20 18 1
20 19 1
21 0 2
21 1 2
21 2 1
21 3 1
21 4 1
21 5 2
21 6 1
21 7 1
21 8 1
21 9 2
21 10 2
21 11 1
21 12 2
21 13 1
21 14 1
21 15 1
21 16 1
21 17 2
21 18 2
21 19 1
21 20 1
22 0 1
22 1 1
22 2 2
22 3 1
22 4 1
22 5 1
22 6 1
22 7 1
22 8 2
22 9 1
22 10 2
22 11 2
22 12 1
22 13 2
22 14 1
22 15 1
22 16 2
22 17 2
22 18 1
22 19 2
22 20 2
22 21 2
23 0 1
23 1 2
23 2 1
23 3 2
23 4 1
23 5 1
23 6 1
23 7 2
23 8 1
23 9 1
23 10 1
23 11 1
23 12 2
23 13 2
23 14 1
23 15 2
23 16 2
23 17 2
23 18 2
23 19 1
23 20 1
23 21 1
23 22 1
24 0 1
24 1 2
24 2 2
24 3 1
24 4 2
24 5 1
24 6 1
24 7 2
24 8 2
24 9 2
24 10 2
24 11 1
24 12 1
24 13 2
24 14 1
24 15 1
24 16 1
24 17 2
24 18 2
24 19 2
24 20 2
24 21 2
24 22 2
24 23 1
25 0 2
25 1 1
25 2 1
25 3 1
25 4 2
25 5 2
25 6 1
25 7 1
25 8 2
25 9 1
25 10 2
25 11 1
25 12 2
25 13 2
25 14 1
25 15 1
25 16 1
25 17 2
25 18 1
25 19 1
25 20 2
25 21 1
25 22 1
25 23 1
25 24 1
26 0 2
26 1 1
26 2 1
26 3 2
26 4 1
26 5 1
26 6 2
26 7 2
26 8 2
26 9 2
26 10 2
26 11 1
26 12 2
26 13 2
26 14 1
26 15 1
26 16 2
26 17 2
26 18 1
26 19 2
26 20 1
26 21 2
26 22 2
26 23 1
26 24 1
26 25 1
27 0 2
27 1 2
27 2 2
27 3 2
27 4 1
27 5 1
27 6 2
27 7 1
27 8 2
27 9 1
27 10 1
27 11 1
27 12 1
27 13 2
27 14 2
27 15 2
27 16 1
27 17 2
27 18 2
27 19 2
27 20 1
27 21 2
27 22 2
27 23 1
27 24 1
27 25 1
27 26 2
28 0 2
28 1 2
28 2 1
28 3 1
28 4 1
28 5 1
28 6 2
28 7 2
28 8 2
28 9 1
28 10 1
28 11 2
28 12 2
28 13 2
28 14 2
28 15 1
28 16 2
28 17 1
28 18 2
28 19 1
28 20 1
28 21 2
28 22 2
28 23 1
28 24 1
28 25 1
28 26 1
28 27 1
29 0 2
29 1 2
29 2 2
29 3 1
29 4 1
29 5 2
29 6 2
29 7 2
29 8 2
29 9 1
29 10 2
29 11 2
29 12 1
29 13 2
29 14 2
29 15 1
29 16 1
29 17 1
29 18 2
29 19 1
29 20 1
29 21 1
29 22 2
29 23 1
29 24 2
29 25 1
29 26 2
29 27 2
29 28 2
30 0 1
30 1 2
30 2 1
30 3 2
30 4 1
30 5 2
30 6 1
30 7 1
30 8 1
30 9 1
30 10 2
30 11 1
30 12 1
30 13 1
30 14 2
30 15 2
30 16 2
30 17 1
30 18 2
30 19 1
30 20 2
30 21 2
30 22 1
30 23 1
30 24 1
30 25 2
30 26 1
30 27 2
30 28 2
30 29 1
31 0 1
31 1 2
31 2 2
31 3 1
31 4 1
31 5 1
31 6 2
31 7 1
31 8 2
31 9 2
31 10 2
31 11 2
31 12 1
31 13 2
31 14 1
31 15 1
31 16 1
31 17 1
31 18 2
31 19 2
31 20 1
31 21 1
31 22 2
31 23 2
31 24 2
31 25 2
31 26 1
31 27 2
31 28 2
31 29 1
31 30 1
32 0 1
32 1 2
32 2 2
32 3 2
32 4 2
32 5 2
32 6 2
32 7 2
32 8 2
32 9 1
32 10 1
32 11 2
32 12 2
32 13 1
32 14 2
32 15 1
32 16 1
32 17 1
32 18 2
32 19 1
32 20 1
32 21 1
32 22 2
32 23 1
32 24 1
32 25 1
32 26 1
32 27 1
32 28 1
32 29 1
32 30 1
32 31 2
33 0 1
33 1 2
33 2 1
33 3 2
33 4 1
33 5 2
33 6 2
33 7 2
33 8 1
33 9 1
33 10 1
33 11 2
33 12 1
33 13 1
33 14 1
33 15 2
33 16 1
33 17 1
33 18 1
33 19 2
33 20 2
33 21 1
33 22 2
33 23 2
33 24 1
33 25 2
33 26 1
33 27 2
33 28 2
33 29 1
33 30 2
33 31 2
33 32 2
34 0 1
34 1 2
34 2 2
34 3 1
34 4 1
34 5 2
34 6 1
34 7 2
34 8 2
34 9 2
34 10 2
34 11 2
34 12 1
34 13 2
34 14 1
34 15 2
34 16 2
34 17 1
34 18 1
34 19 1
34 20 2
34 21 1
34 22 2
34 23 1
34 24 1
34 25 2
34 26 2
34 27 2
34 28 1
34 29 1
34 30 1
34 31 2
34 32 2
34 33 2
35 0 1
35 1 2
35 2 2
35 3 2
35 4 1
35 5 1
35 6 1
35 7 1
35 8 1
35 9 1
35 10 2
35 11 1
35 12 2
35 13 2
35 14 1
35 15 1
35 16 1
35 17 1
35 18 2
35 19 2
35 20 1
35 21 2
35 22 2
35 23 1
35 24 1
35 25 1
35 26 1
35 27 2
35 28 2
35 29 1
35 30 2
35 31 1
35 32 2
35 33 2
35 34 1
36 0 1
36 1 2
36 2 2
36 3 1
36 4 1
36 5 2
36 6 1
36 7 1
36 8 1
36 9 2
36 10 2
36 11 1
36 12 1
36 13 2
36 14 2
36 15 1
36 16 2
36 17 1
36 18 2
36 19 1
36 20 2
36 21 1
36 22 1
36 23 1
36 24 1
36 25 2
36 26 2
36 27 1
36 28 2
36 29 1
36 30 2
36 31 1
36 32 1
36 33 1
36 34 1
36 35 2
37 0 1
37 1 2
37 2 1
37 3 2
37 4 1
37 5 1
37 6 1
37 7 1
37 8 1
37 9 1
37 10 2
37 11 1
37 12 2
37 13 2
37 14 1
37 15 1
37 16 1
37 17 1
37 18 2
37 19 2
37 20 1
37 21 1
37 22 2
37 23 2
37 24 2
37 25 2
37 26 2
37 27 1
37 28 1
37 29 1
37 30 2
37 31 1
37 32 2
37 33 1
37 34 1
37 35 2
37 36 1
38 0 1
38 1 1
38 2 1
38 3 2
38 4 1
38 5 2
38 6 1
38 7 1
38 8 1
38 9 2
38 10 1
38 11 2
38 12 1
38 13 1
38 14 2
38 15 2
38 16 1
38 17 1
38 18 2
38 19 2
38 20 2
38 21 1
38 22 2
38 23 1
38 24 1
38 25 1
38 26 2
38 27 2
38 28 1
38 29 1
38 30 1
38 31 1
38 32 2
38 33 1
38 34 1
38 35 1
38 36 2
38 37 2
39 0 2
39 1 1
39 2 2
39 3 1
39 4 2
39 5 2
39 6 2
39 7 1
39 8 1
39 9 1
39 10 2
39 11 1
39 12 1
39 13 2
39 14 1
39 15 1
39 16 1
39 17 1
39 18 1
39 19 2
39 20 2
39 21 1
39 22 1
39 23 2
39 24 1
39 25 1
39 26 2
39 27 1
39 28 2
39 29 2
39 30 1
39 31 2
39 32 2
39 33 2
39 34 2
39 35 1
39 36 2
39 37 2
39 38 2
40 0 2
40 1 2
40 2 1
40 3 2
40 4 2
40 5 2
40 6 2
40 7 1
40 8 2
40 9 1
40 10 2
40 11 2
40 12 2
40 13 1
40 14 2
40 15 1
40 16 2
40 17 1
40 18 1
40 19 1
40 20 2
40 21 2
40 22 2
40 23 2
40 24 2
40 25 2
40 26 2
40 27 2
40 28 2
40 29 2
40 30 2
40 31 2
40 32 1
40 33 2
40 34 1
40 35 1
40 36 1
40 37 1
40 38 1
40 39 1
41 0 1
41 1 1
41 2 2
41 3 1
41 4 1
41 5 1
41 6 2
41 7 2
41 8 1
41 9 2
41 10 2
41 11 1
41 12 2
41 13 2
41 14 1
41 15 2
41 16 1
41 17 2
41 18 2
41 19 1
41 20 1
41 21 2
41 22 2
41 23 2
41 24 1
41 25 1
41 26 1
41 27 1
41 28 2
41 29 2
41 30 2
41 31 1
41 32 1
41 33 1
41 34 2
41 35 1
41 36 2
41 37 1
41 38 1
41 39 2
41 40 1
42 0 2
42 1 1
42 2 1
42 3 2
42 4 2
42 5 2
42 6 1
42 7 1
42 8 2
42 9 1
42 10 1
42 11 1
42 12 2
42 13 1
42 14 2
42 15 2
42 16 1
42 17 1
42 18 1
42 19 1
42 20 2
42 21 1
42 22 1
42 23 2
42 24 2
42 25 2
42 26 2
42 27 2
42 28 2
42 29 1
42 30 1
42 31 2
42 32 2
42 33 1
42 34 2
42 35 1
42 36 2
42 37 2
42 38 2
42 39 1
42 40 1
42 41 2
43 0 1
43 1 1
43 2 2
43 3 1
43 4 2
43 5 2
43 6 2
43 7 2
43 8 1
43 9 1
43 10 2
43 11 2
43 12 1
43 13 1
43 14 2
43 15 1
43 16 2
43 17 2
43 18 1
43 19 2
43 20 2
43 21 2
43 22 2
43 23 1
43 24 2
43 25 2
43 26 2
43 27 2
43 28 1
43 29 1
43 30 1
43 31 1
43 32 2
43 33 2
43 34 1
43 35 1
43 36 1
43 37 2
43 38 2
43 39 1
43 40 1
43 41 1
43 42 1
44 0 1
44 1 2
44 2 2
44 3 1
44 4 1
44 5 1
44 6 2
44 7 2
44 8 1
44 9 2
44 10 1
44 11 2
44 12 1
44 13 2
44 14 1
44 15 2
44 16 2
44 17 1
44 18 1
44 19 1
44 20 1
44 21 2
44 22 1
44 23 1
44 24 2
44 25 1
44 26 2
44 27 2
44 28 1
44 29 1
44 30 1
44 31 1
44 32 2
44 33 1
44 34 1
44 35 1
44 36 2
44 37 2
44 38 1
44 39 2
44 40 2
44 41 2
44 42 2
44 43 2
45 0 2
45 1 1
45 2 1
45 3 2
45 4 1
45 5 1
45 6 2
45 7 2
45 8 1
45 9 1
45 10 1
45 11 1
45 12 1
45 13 2
45 14 2
45 15 1
45 16 1
45 17 1
45 18 1
45 19 1
45 20 1
45 21 1
45 22 1
45 23 2
45 24 1
45 25 1
45 26 1
45 27 1
45 28 2
45 29 1
45 30 2
45 31 1
45 32 1
45 33 1
45 34 1
45 35 2
45 36 1
45 37 1
45 38 2
45 39 1
45 40 1
45 41 1
45 42 1
45 43 2
45 44 1
46 0 2
46 1 2
46 2 1
46 3 1
46 4 1
46 5 1
46 6 2
46 7 1
46 8 1
46 9 2
46 10 1
46 11 2
46 12 1
46 13 1
46 14 1
46 15 2
46 16 1
46 17 2
46 18 2
46 19 2
46 20 1
46 21 2
46 22 1
46 23 1
46 24 1
46 25 2
46 26 1
46 27 1
46 28 1
46 29 1
46 30 1
46 31 1
46 32 1
46 33 1
46 34 1
46 35 1
46 36 2
46 37 2
46 38 2
46 39 1
46 40 2
46 41 1
46 42 2
46 43 2
46 44 1
46 45 2
47 0 1
47 1 2
47 2 2
47 3 1
47 4 1
47 5 2
47 6 1
47 7 1
47 8 1
47 9 2
47 10 2
47 11 2
47 12 1
47 13 2
47 14 1
47 15 1
47 16 2
47 17 1
47 18 1
47 19 2
47 20 2
47 21 1
47 22 2
47 23 2
47 24 2
47 25 2
47 26 1
47 27 2
47 28 2
47 29 2
47 30 2
47 31 1
47 32 1
47 33 1
47 34 2
47 35 1
47 36 2
47 37 2
47 38 2
47 39 1
47 40 2
47 41 1
47 42 1
47 43 2
47 44 1
47 45 2
47 46 1
48 0 1
48 1 2
48 2 1
48 3 2
48 4 2
48 5 2
48 6 2
48 7 2
48 8 1
48 9 2
48 10 2
48 11 2
48 12 1
48 13 2
48 14 2
48 15 2
48 16 2
48 17 2
48 18 1
48 19 1
48 20 2
48 21 2
48 22 1
48 23 1
48 24 1
48 25 2
48 26 2
48 27 1
48 28 1
48 29 1
48 30 1
48 31 2
48 32 1
48 33 1
48 34 1
48 35 1
48 36 2
48 37 1
48 38 1
48 39 1
48 40 2
48 41 1
48 42 1
48 43 1
48 44 2
48 45 2
48 46 2
48 47 2
49 0 2
49 1 1
49 2 1
49 3 2
49 4 2
49 5 1
49 6 1
49 7 2
49 8 2
49 9 2
49 10 1
49 11 2
49 12 1
49 13 1
49 14 1
49 15 2
49 16 2
49 17 1
49 18 1
49 19 2
49 20 1
49 21 2
49 22 1
49 23 1
49 24 1
49 25 2
49 26 2
49 27 1
49 28 1
49 29 1
49 30 2
49 31 2
49 32 2
49 33 2
49 34 2
49 35 1
49 36 2
49 37 1
49 38 1
49 39 2
49 40 2
49 41 2
49 42 1
49 43 1
49 44 1
49 45 1
49 46 1
49 47 2
49 48 1
50 0 1
50 1 1
50 2 1
50 3 2
50 4 2
50 5 2
50 6 2
50 7 1
50 8 1
50 9 1
50 10 1
50 11 2
50 12 1
50 13 1
50 14 2
50 15 1
50 16 2
50 17 1
50 18 1
50 19 2
50 20 2
50 21 2
50 22 2
50 23 1
50 24 2
50 25 2
50 26 1
50 27 1
50 28 2
50 29 1
50 30 1
50 31 1
50 32 2
50 33 1
50 34 2
50 35 1
50 36 1
50 37 2
50 38 2
50 39 1
50 40 2
50 41 1
50 42 2
50 43 1
50 44 1
50 45 1
50 46 1
50 47 1
50 48 2
50 49 1
51 0 1
51 1 2
51 2 2
51 3 2
51 4 2
51 5 1
51 6 1
51 7 2
51 8 2
51 9 2
51 10 2
51 11 2
51 12 1
51 13 1
51 14 1
51 15 2
51 16 2
51 17 1
51 18 1
51 19 2
51 20 1
51 21 1
51 22 1
51 23 1
51 24 2
51 25 2
51 26 2
51 27 2
51 28 1
51 29 2
51 30 2
51 31 2
51 32 2
51 33 1
51 34 1
51 35 2
51 36 1
51 37 2
51 38 1
51 39 2
51 40 1
51 41 1
51 42 2
51 43 2
51 44 2
51 45 2
51 46 2
51 47 1
51 48 2
51 49 2
51 50 2
52 0 1
52 1 1
52 2 1
52 3 1
52 4 2
52 5 1
52 6 1
52 7 1
52 8 1
52 9 2
52 10 1
52 11 1
52 12 1
52 13 2
52 14 2
52 15 1
52 16 2
52 17 1
52 18 2
52 19 2
52 20 1
52 21 1
52 22 1
52 23 1
52 24 1
52 25 1
52 26 2
52 27 1
52 28 1
52 29 1
52 30 1
52 31 1
52 32 2
52 33 1
52 34 1
52 35 1
52 36 2
52 37 2
52 38 1
52 39 2
52 40 1
52 41 2
52 42 2
52 43 2
52 44 2
52 45 1
52 46 2
52 47 1
52 48 1
52 49 1
52 50 1
52 51 2
53 0 1
53 1 1
53 2 1
53 3 1
53 4 2
53 5 1
53 6 2
53 7 1
53 8 2
53 9 1
53 10 1
53 11 1
53 12 1
53 13 1
53 14 2
53 15 2
53 16 2
53 17 1
53 18 1
53 19 2
53 20 1
53 21 1
53 22 2
53 23 1
53 24 2
53 25 2
53 26 1
53 27 2
53 28 2
53 29 2
53 30 1
53 31 1
53 32 2
53 33 1
53 34 1
53 35 1
53 36 1
53 37 2
53 38 1
53 39 1
53 40 1
53 41 2
53 42 1
53 43 1
53 44 1
53 45 1
53 46 1
53 47 1
53 48 2
53 49 2
53 50 2
53 51 2
53 52 2
54 0 1
54 1 1
54 2 1
54 3 1
54 4 1
54 5 2
54 6 1
54 7 2
54 8 1
54 9 2
54 10 2
54 11 1
54 12 2
54 13 1
54 14 1
54 15 1
54 16 1
54 17 2
54 18 1
54 19 2
54 20 1
54 21 2
54 22 2
54 23 2
54 24 2
54 25 1
54 26 1
54 27 2
54 28 2
54 29 2
54 30 1
54 31 1
54 32 2
54 33 2
54 34 2
54 35 1
54 36 2
54 37 1
54 38 1
54 39 1
54 40 2
54 41 2
54 42 1
54 43 1
54 44 1
54 45 1
54 46 2
54 47 2
54 48 2
54 49 1
54 50 2
54 51 2
54 52 2
54 53 1
55 0 1
55 1 2
55 2 1
55 3 1
55 4 1
55 5 2
55 6 2
55 7 1
55 8 2
55 9 1
55 10 1
55 11 1
55 12 2
55 13 1
55 14 1
55 15 2
55 16 2
55 17 1
55 18 2
55 19 2
55 20 1
55 21 2
55 22 1
55 23 1
55 24 2
55 25 2
55 26 2
55 27 1
55 28 2
55 29 2
55 30 1
55 31 2
55 32 1
55 33 2
55 34 1
55 35 1
55 36 1
55 37 2
55 38 2
55 39 1
55 40 1
55 41 2
55 42 1
55 43 1
55 44 2
55 45 1
55 46 2
55 47 1
55 48 1
55 49 1
55 50 1
55 51 2
55 52 1
55 53 1
55 54 1
56 0 1
56 1 1
56 2 1
56 3 2
56 4 1
56 5 1
56 6 2
56 7 1
56 8 2
56 9 1
56 10 2
56 11 2
56 12 1
56 13 1
56 14 1
56 15 1
56 16 1
56 17 2
56 18 2
56 19 2
56 20 2
56 21 2
56 22 1
56 23 2
56 24 1
56 25 1
56 26 1
56 27 2
56 28 1
56 29 1
56 30 1
56 31 2
56 32 2
56 33 1
56 34 2
56 35 2
56 36 1
56 37 2
56 38 2
56 39 2
56 40 1
56 41 1
56 42 2
56 43 2
56 44 1
56 45 2
56 46 2
56 47 2
56 48 1
56 49 1
56 50 1
56 51 2
56 52 1
56 53 2
56 54 2
56 55 2
57 0 1
57 1 1
57 2 1
57 3 2
57 4 1
57 5 2
57 6 2
57 7 1
57 8 2
57 9 1
57 10 2
57 11 1
57 12 1
57 13 1
57 14 1
57 15 2
57 16 2
57 17 2
57 18 2
57 19 2
57 20 1
57 21 1
57 22 1
57 23 1
57 24 1
57 25 2
57 26 1
57 27 1
57 28 1
57 29 1
57 30 2
57 31 1
57 32 1
57 33 1
57 34 1
57 35 1
57 36 2
57 37 1
57 38 1
57 39 2
57 40 2
57 41 2
57 42 1
57 43 2
57 44 1
57 45 1
57 46 1
57 47 2
57 48 2
57 49 1
57 50 2
57 51 1
57 52 2
57 53 1
57 54 2
57 55 1
57 56 1
58 0 2
58 1 2
58 2 2
58 3 1
58 4 1
58 5 1
58 6 1
58 7 1
58 8 1
58 9 1
58 10 2
58 11 1
58 12 1
58 13 1
58 14 2
58 15 1
58 16 1
58 17 2
58 18 1
58 19 2
58 20 1
58 21 2
58 22 2
58 23 1
58 24 2
58 25 1
58 26 1
58 27 1
58 28 1
58 29 2
58 30 1
58 31 1
58 32 2
58 33 2
58 34 1
58 35 2
58 36 2
58 37 1
58 38 1
58 39 1
58 40 1
58 41 1
58 42 2
58 43 1
58 44 2
58 45 2
58 46 1
58 47 2
58 48 1
58 49 2
58 50 2
58 51 2
58 52 1
58 53 1
58 54 1
58 55 1
58 56 2
58 57 2
59 0 1
59 1 2
59 2 1
59 3 2
59 4 1
59 5 2
59 6 2
59 7 1
59 8 2
59 9 1
59 10 1
59 11 2
59 12 2
59 13 1
59 14 1
59 15 1
59 16 1
59 17 2
59 18 1
59 19 1
59 20 2
59 21 1
59 22 1
59 23 1
59 24 1
59 25 1
59 26 1
59 27 2
59 28 1
59 29 2
59 30 2
59 31 2
59 32 2
59 33 1
59 34 2
59 35 2
59 36 1
59 37 2
59 38 1
59 39 2
59 40 1
59 41 1
59 42 2
59 43 2
59 44 1
59 45 2
59 46 1
59 47 1
59 48 1
59 49 2
59 50 1
59 51 1
59 52 1
59 53 2
59 54 2
59 55 2
59 56 1
59 57 2
59 58 1
