70
1 0 1
2 0 1
2 1 1
3 0 1
4 0 1
4 2 1
5 0 1
5 2 1
5 3 1
6 0 1
6 3 1
7 6 1
8 0 1
8 5 1
8 7 1
9 0 1
9 1 1
9 3 1
9 8 1
10 0 1
10 1 1
10 3 1
10 4 1
10 5 1
10 6 1
11 0 1
11 8 1
12 0 1
12 2 1
12 3 1
12 4 1
12 7 1
12 8 1
12 10 1
13 0 1
13 1 1
13 2 1
13 4 1
13 7 1
13 9 1
13 11 1
14 0 1
14 2 1
14 3 1
14 4 1
14 5 1
14 6 1
14 7 1
14 8 1
14 9 1
14 10 1
14 12 1
14 13 1
15 0 1
15 3 1
15 6 1
15 8 1
15 9 1
15 11 1
15 12 1
15 14 1
16 0 1
16 2 1
16 6 1
16 8 1
16 12 1
17 0 1
17 1 1
17 3 1
17 4 1
17 6 1
17 7 1
17 8 1
17 12 1
17 13 1
17 14 1
18 1 1
18 2 1
18 3 1
18 4 1
18 6 1
18 8 1
18 9 1
18 10 1
18 11 1
18 13 1
18 14 1
18 15 1
19 0 1
19 2 1
19 3 1
19 4 1
19 8 1
19 13 1
19 14 1
19 16 1
19 18 1
20 1 1
20 2 1
20 7 1
20 10 1
20 12 1
20 19 1
21 0 1
21 4 1
21 6 1
21 7 1
21 8 1
21 11 1
21 15 1
21 17 1
21 19 1
21 20 1
22 3 1
22 4 1
22 5 1
22 6 1
22 7 1
22 10 1
22 12 1
22 13 1
22 16 1
22 21 1
23 0 1
23 1 1
23 3 1
23 5 1
23 7 1
23 12 1
23 13 1
23 17 1
23 18 1
23 21 1
24 1 1
24 2 1
24 6 1
24 8 1
24 9 1
24 10 1
24 11 1
24 12 1
24 14 1
24 18 1
24 19 1
24 22 1
25 0 1
25 3 1
25 5 1
25 6 1
25 7 1
25 9 1
25 10 1
25 13 1
25 17 1
25 19 1
25 22 1
25 24 1
26 0 1
26 1 1
26 2 1
26 3 1
26 6 1
26 9 1
26 11 1
26 13 1
26 21 1
26 22 1
26 23 1
26 24 1
26 25 1
27 0 1
27 2 1
27 6 1
27 11 1
27 14 1
27 15 1
27 20 1
27 24 1
28 0 1
28 1 1
28 3 1
28 6 1
28 7 1
28 12 1
28 13 1
28 15 1
28 16 1
28 17 1
28 18 1
28 19 1
28 20 1
28 22 1
28 23 1
28 25 1
28 26 1
29 0 1
29 1 1
29 6 1
29 7 1
29 8 1
29 9 1
29 11 1
29 17 1
29 18 1
29 21 1
29 23 1
29 24 1
29 25 1
30 1 1
30 2 1
30 3 1
30 11 1
30 13 1
30 22 1
30 25 1
30 26 1
30 27 1
30 28 1
31 0 1
31 1 1
31 2 1
31 3 1
31 5 1
31 7 1
31 8 1
31 9 1
31 13 1
31 14 1
31 15 1
31 16 1
31 18 1
31 20 1
31 21 1
31 22 1
31 25 1
31 26 1
31 27 1
32 1 1
32 4 1
32 6 1
32 7 1
32 9 1
32 10 1
32 11 1
32 14 1
32 15 1
32 16 1
32 17 1
32 18 1
32 19 1
32 22 1
32 27 1
32 29 1
33 0 1
33 4 1
33 6 1
33 8 1
33 10 1
33 12 1
33 13 1
33 15 1
33 16 1
33 19 1
33 20 1
33 21 1
33 22 1
33 23 1
33 26 1
33 29 1
33 30 1
33 32 1
34 1 1
34 7 1
34 10 1
34 11 1
34 13 1
34 15 1
34 17 1
34 21 1
34 22 1
34 28 1
34 29 1
34 33 1
35 2 1
35 6 1
35 8 1
35 11 1
35 13 1
35 14 1
35 16 1
35 17 1
35 18 1
35 19 1
35 20 1
35 25 1
35 27 1
35 28 1
36 1 1
36 4 1
36 8 1
36 9 1
36 10 1
36 12 1
36 13 1
36 14 1
36 15 1
36 19 1
36 25 1
36 27 1
36 31 1
36 34 1
36 35 1
37 0 1
37 3 1
37 5 1
37 6 1
37 7 1
37 8 1
37 11 1
37 13 1
37 15 1
37 16 1
37 17 1
37 18 1
37 20 1
37 21 1
37 23 1
37 24 1
37 25 1
37 26 1
37 29 1
38 2 1
38 13 1
38 16 1
38 18 1
38 20 1
38 24 1
38 26 1
38 28 1
38 29 1
38 32 1
38 33 1
39 0 1
39 1 1
39 4 1
39 10 1
39 11 1
39 12 1
39 13 1
39 17 1
39 19 1
39 20 1
39 22 1
39 23 1
39 24 1
39 26 1
39 29 1
39 31 1
39 32 1
39 34 1
39 35 1
39 38 1
40 0 1
40 3 1
40 4 1
40 5 1
40 6 1
40 7 1
40 11 1
40 14 1
40 16 1
40 17 1
40 19 1
40 23 1
40 24 1
40 26 1
40 28 1
40 31 1
40 34 1
40 35 1
40 36 1
41 1 1
41 2 1
41 8 1
41 11 1
41 12 1
41 14 1
41 15 1
41 18 1
41 21 1
41 22 1
41 24 1
41 25 1
41 31 1
41 32 1
41 35 1
41 36 1
41 37 1
41 38 1
41 39 1
42 1 1
42 4 1
42 6 1
42 8 1
42 10 1
42 12 1
42 14 1
42 22 1
42 23 1
42 24 1
42 26 1
42 27 1
42 28 1
42 30 1
42 32 1
42 33 1
42 34 1
42 35 1
42 36 1
42 37 1
42 39 1
42 40 1
43 0 1
43 1 1
43 4 1
43 5 1
43 9 1
43 10 1
43 14 1
43 16 1
43 19 1
43 20 1
43 22 1
43 23 1
43 24 1
43 26 1
43 27 1
43 29 1
43 30 1
43 33 1
43 36 1
43 39 1
43 40 1
43 41 1
44 0 1
44 1 1
44 3 1
44 4 1
44 7 1
44 10 1
44 13 1
44 14 1
44 18 1
44 19 1
44 20 1
44 24 1
44 25 1
44 26 1
44 27 1
44 29 1
44 31 1
44 32 1
44 33 1
44 34 1
44 40 1
44 41 1
44 43 1
45 1 1
45 3 1
45 4 1
45 5 1
45 8 1
45 9 1
45 11 1
45 12 1
45 13 1
45 14 1
45 15 1
45 17 1
45 18 1
45 19 1
45 20 1
45 21 1
45 24 1
45 25 1
45 28 1
45 30 1
45 31 1
45 33 1
45 34 1
45 36 1
45 39 1
45 44 1
46 1 1
46 3 1
46 8 1
46 10 1
46 16 1
46 18 1
46 19 1
46 20 1
46 22 1
46 24 1
46 29 1
46 30 1
46 31 1
46 32 1
46 33 1
46 35 1
46 37 1
46 39 1
46 41 1
46 42 1
46 44 1
46 45 1
47 2 1
47 3 1
47 6 1
47 8 1
47 12 1
47 17 1
47 21 1
47 27 1
47 29 1
47 35 1
47 36 1
47 37 1
47 38 1
47 40 1
47 41 1
47 44 1
47 46 1
48 0 1
48 1 1
48 4 1
48 5 1
48 6 1
48 9 1
48 11 1
48 13 1
48 15 1
48 19 1
48 21 1
48 22 1
48 23 1
48 25 1
48 26 1
48 27 1
48 28 1
48 29 1
48 30 1
48 32 1
48 34 1
48 35 1
48 41 1
48 42 1
48 43 1
48 44 1
48 45 1
48 46 1
49 2 1
49 3 1
49 4 1
49 6 1
49 10 1
49 11 1
49 13 1
49 17 1
49 18 1
49 22 1
49 24 1
49 29 1
49 30 1
49 31 1
49 33 1
49 36 1
49 38 1
49 41 1
49 44 1
49 47 1
49 48 1
50 1 1
50 3 1
50 4 1
50 5 1
50 7 1
50 8 1
50 9 1
50 10 1
50 11 1
50 13 1
50 18 1
50 19 1
50 20 1
50 22 1
50 23 1
50 26 1
50 27 1
50 29 1
50 30 1
50 31 1
50 32 1
50 41 1
50 42 1
50 43 1
50 44 1
50 46 1
50 47 1
50 48 1
51 1 1
51 3 1
51 5 1
51 6 1
51 9 1
51 11 1
51 12 1
51 14 1
51 21 1
51 24 1
51 25 1
51 36 1
51 39 1
51 42 1
51 44 1
51 45 1
51 47 1
51 48 1
52 0 1
52 6 1
52 7 1
52 8 1
52 12 1
52 15 1
52 16 1
52 17 1
52 21 1
52 22 1
52 24 1
52 25 1
52 26 1
52 27 1
52 30 1
52 31 1
52 34 1
52 38 1
52 39 1
52 41 1
52 43 1
52 45 1
52 46 1
52 48 1
53 0 1
53 3 1
53 5 1
53 6 1
53 8 1
53 9 1
53 11 1
53 12 1
53 13 1
53 17 1
53 18 1
53 22 1
53 23 1
53 24 1
53 26 1
53 27 1
53 28 1
53 29 1
53 32 1
53 34 1
53 35 1
53 36 1
53 38 1
53 39 1
53 41 1
53 43 1
53 44 1
53 46 1
53 47 1
53 49 1
53 50 1
53 52 1
54 0 1
54 1 1
54 2 1
54 4 1
54 6 1
54 8 1
54 9 1
54 12 1
54 13 1
54 15 1
54 17 1
54 19 1
54 20 1
54 21 1
54 24 1
54 26 1
54 34 1
54 37 1
54 38 1
54 39 1
54 41 1
54 42 1
54 44 1
54 47 1
54 48 1
54 49 1
54 53 1
55 0 1
55 1 1
55 3 1
55 4 1
55 5 1
55 7 1
55 9 1
55 11 1
55 18 1
55 19 1
55 22 1
55 23 1
55 24 1
55 25 1
55 28 1
55 29 1
55 30 1
55 31 1
55 32 1
55 35 1
55 37 1
55 40 1
55 43 1
55 44 1
55 47 1
55 48 1
55 49 1
55 50 1
56 1 1
56 3 1
56 10 1
56 13 1
56 14 1
56 15 1
56 16 1
56 17 1
56 18 1
56 19 1
56 20 1
56 22 1
56 24 1
56 27 1
56 28 1
56 33 1
56 34 1
56 41 1
56 43 1
56 44 1
56 45 1
56 46 1
56 48 1
56 50 1
56 52 1
57 1 1
57 2 1
57 4 1
57 5 1
57 6 1
57 7 1
57 10 1
57 11 1
57 13 1
57 14 1
57 15 1
57 17 1
57 23 1
57 25 1
57 26 1
57 28 1
57 29 1
57 31 1
57 35 1
57 36 1
57 37 1
57 38 1
57 41 1
57 43 1
57 48 1
57 51 1
57 52 1
57 55 1
58 1 1
58 2 1
58 3 1
58 11 1
58 12 1
58 15 1
58 17 1
58 20 1
58 21 1
58 23 1
58 26 1
58 29 1
58 33 1
58 34 1
58 35 1
58 36 1
58 38 1
58 40 1
58 42 1
58 43 1
58 44 1
58 46 1
58 47 1
58 49 1
58 50 1
58 53 1
58 55 1
58 56 1
58 57 1
59 3 1
59 4 1
59 5 1
59 8 1
59 9 1
59 10 1
59 12 1
59 14 1
59 15 1
59 17 1
59 18 1
59 19 1
59 21 1
59 23 1
59 24 1
59 26 1
59 27 1
59 28 1
59 29 1
59 30 1
59 31 1
59 32 1
59 34 1
59 36 1
59 38 1
59 39 1
59 43 1
59 44 1
59 47 1
59 48 1
59 49 1
59 50 1
59 52 1
59 55 1
60 0 1
60 1 1
60 2 1
60 3 1
60 4 1
60 6 1
60 9 1
60 11 1
60 12 1
60 13 1
60 14 1
60 15 1
60 16 1
60 17 1
60 19 1
60 20 1
60 21 1
60 23 1
60 24 1
60 25 1
60 26 1
60 27 1
60 28 1
60 30 1
60 31 1
60 32 1
60 36 1
60 39 1
60 41 1
60 46 1
60 47 1
60 48 1
60 50 1
60 51 1
60 52 1
60 55 1
60 56 1
60 58 1
61 2 1
61 5 1
61 6 1
61 9 1
61 10 1
61 11 1
61 13 1
61 21 1
61 22 1
61 25 1
61 26 1
61 28 1
61 32 1
61 33 1
61 34 1
61 38 1
61 39 1
61 40 1
61 41 1
61 42 1
61 47 1
61 49 1
61 51 1
61 52 1
61 55 1
61 59 1
62 0 1
62 1 1
62 7 1
62 9 1
62 10 1
62 13 1
62 14 1
62 22 1
62 24 1
62 29 1
62 30 1
62 33 1
62 34 1
62 37 1
62 41 1
62 42 1
62 43 1
62 44 1
62 47 1
62 49 1
62 51 1
62 52 1
62 54 1
62 55 1
62 56 1
62 57 1
62 61 1
63 1 1
63 3 1
63 13 1
63 14 1
63 20 1
63 22 1
63 28 1
63 29 1
63 37 1
63 38 1
63 41 1
63 45 1
63 46 1
63 47 1
63 48 1
63 50 1
63 53 1
63 57 1
63 58 1
63 59 1
64 0 1
64 1 1
64 3 1
64 4 1
64 6 1
64 9 1
64 10 1
64 11 1
64 12 1
64 16 1
64 18 1
64 20 1
64 23 1
64 25 1
64 27 1
64 28 1
64 30 1
64 33 1
64 35 1
64 36 1
64 37 1
64 38 1
64 40 1
64 41 1
64 47 1
64 50 1
64 52 1
64 53 1
64 55 1
64 60 1
65 1 1
65 2 1
65 3 1
65 4 1
65 6 1
65 8 1
65 9 1
65 10 1
65 11 1
65 12 1
65 14 1
65 16 1
65 18 1
65 19 1
65 20 1
65 23 1
65 28 1
65 29 1
65 30 1
65 31 1
65 32 1
65 33 1
65 35 1
65 38 1
65 40 1
65 41 1
65 42 1
65 46 1
65 48 1
65 50 1
65 53 1
65 54 1
65 56 1
65 57 1
65 59 1
65 60 1
65 61 1
65 63 1
65 64 1
66 0 1
66 1 1
66 5 1
66 7 1
66 8 1
66 10 1
66 12 1
66 14 1
66 15 1
66 17 1
66 22 1
66 24 1
66 25 1
66 26 1
66 28 1
66 30 1
66 31 1
66 33 1
66 36 1
66 38 1
66 41 1
66 42 1
66 43 1
66 45 1
66 46 1
66 48 1
66 52 1
66 53 1
66 54 1
66 55 1
66 56 1
66 57 1
66 58 1
66 59 1
66 60 1
66 61 1
66 63 1
66 64 1
66 65 1
67 0 1
67 5 1
67 6 1
67 11 1
67 16 1
67 17 1
67 18 1
67 22 1
67 24 1
67 25 1
67 26 1
67 27 1
67 28 1
67 33 1
67 34 1
67 35 1
67 36 1
67 38 1
67 41 1
67 42 1
67 43 1
67 46 1
67 47 1
67 49 1
67 53 1
67 55 1
67 56 1
67 58 1
67 60 1
67 62 1
67 63 1
67 66 1
68 0 1
68 1 1
68 2 1
68 3 1
68 4 1
68 5 1
68 7 1
68 8 1
68 10 1
68 11 1
68 12 1
68 15 1
68 19 1
68 24 1
68 25 1
68 26 1
68 29 1
68 31 1
68 32 1
68 37 1
68 38 1
68 43 1
68 44 1
68 49 1
68 50 1
68 51 1
68 52 1
68 54 1
68 56 1
68 57 1
68 58 1
68 60 1
68 61 1
69 5 1
69 8 1
69 11 1
69 13 1
69 15 1
69 16 1
69 18 1
69 19 1
69 21 1
69 23 1
69 24 1
69 25 1
69 29 1
69 30 1
69 33 1
69 35 1
69 37 1
69 39 1
69 43 1
69 45 1
69 46 1
69 47 1
69 48 1
69 49 1
69 50 1
69 53 1
69 55 1
69 57 1
69 60 1
69 63 1
69 65 1
69 66 1
69 67 1
69 68 1
