30
1 0 1
2 0 3
3 0 1
3 2 1
4 1 2
4 3 3
5 1 3
6 1 3
6 2 3
6 3 2
6 4 1
6 5 2
7 2 1
7 4 3
7 5 3
8 2 3
8 3 3
8 4 3
8 5 2
8 6 3
8 7 3
9 0 3
9 3 1
9 5 2
10 0 1
10 1 3
10 4 2
10 5 3
11 1 3
11 2 3
11 3 1
11 4 1
11 6 3
11 8 2
11 10 3
12 1 1
12 3 2
12 5 1
12 6 2
12 11 1
13 1 1
13 2 3
13 5 3
13 8 3
13 12 1
14 1 3
14 2 2
14 3 2
14 6 3
14 7 1
14 8 2
14 10 1
14 12 1
14 13 1
15 3 3
15 4 3
15 5 2
15 6 1
15 8 3
15 10 1
15 11 1
15 12 1
15 13 3
15 14 2
16 1 2
16 3 1
16 4 2
16 5 3
16 6 3
16 7 1
16 12 1
17 3 3
17 5 1
17 6 2
17 7 1
17 8 2
17 9 1
17 12 3
17 14 1
17 16 2
18 0 2
18 6 2
18 9 1
18 11 1
18 13 2
18 16 1
19 1 1
19 2 3
19 5 1
19 6 3
19 7 1
19 8 3
19 9 2
19 11 1
19 12 2
19 13 3
19 15 3
19 16 2
19 17 1
20 1 2
20 3 1
20 5 2
20 6 2
20 14 3
20 18 3
21 0 2
21 1 1
21 2 3
21 3 1
21 4 2
21 5 3
21 6 1
21 9 1
21 10 3
21 11 2
21 14 1
21 16 3
21 18 1
22 0 3
22 3 1
22 6 1
22 7 3
22 9 1
22 10 3
22 11 2
22 14 3
22 15 2
22 16 1
22 17 1
22 19 1
22 20 2
23 0 1
23 1 1
23 3 2
23 4 1
23 6 3
23 9 2
23 12 1
23 13 2
23 16 2
23 18 1
23 19 3
24 1 1
24 3 2
24 4 2
24 5 2
24 6 2
24 9 1
24 14 2
24 19 2
24 21 1
24 22 3
25 3 2
25 11 3
25 12 3
25 15 2
25 17 1
25 18 1
25 21 2
25 22 3
26 0 3
26 2 1
26 3 3
26 4 3
26 5 3
26 6 2
26 7 3
26 9 2
26 10 3
26 11 1
26 12 1
26 13 3
26 15 2
26 17 3
26 23 2
26 24 3
26 25 3
27 1 2
27 3 2
27 5 2
27 6 1
27 10 1
27 13 3
27 19 3
27 20 1
27 21 2
27 23 3
27 24 1
27 25 1
28 0 1
28 1 1
28 6 1
28 7 3
28 9 1
28 10 2
28 12 1
28 18 3
28 19 2
28 20 2
28 22 2
28 27 1
29 3 1
29 4 2
29 5 2
29 6 1
29 8 1
29 9 3
29 10 1
29 11 1
29 15 3
29 16 1
29 18 3
29 20 2
29 21 1
29 22 1
29 23 1
29 25 1
29 27 3
29 28 2
