40
1 0 3
2 0 11
2 1 10
3 0 6
3 1 8
3 2 7
4 0 7
4 1 2
4 2 10
4 3 2
5 0 6
5 1 11
5 2 3
5 3 4
5 4 9
6 0 12
6 1 4
6 2 7
6 3 12
6 4 8
6 5 12
7 0 8
7 1 3
7 2 5
7 3 1
7 4 3
7 5 11
7 6 1
8 0 1
8 1 2
8 2 5
8 3 4
8 4 9
8 5 5
8 6 6
8 7 11
9 0 1
9 1 4
9 2 6
9 3 11
9 4 11
9 5 10
9 6 1
9 7 5
9 8 4
10 0 12
10 1 11
10 2 7
10 3 2
10 4 8
10 5 12
10 6 10
10 7 6
10 8 12
10 9 4
11 0 4
11 1 1
11 2 10
11 3 9
11 4 2
11 5 4
11 6 2
11 7 3
11 8 3
11 9 6
11 10 4
12 0 1
12 1 5
12 2 8
12 3 6
12 4 10
12 5 3
12 6 4
12 7 2
12 8 4
12 9 8
12 10 8
12 11 6
13 0 10
13 1 1
13 2 12
13 3 1
13 4 1
13 5 1
13 6 1
13 7 4
13 8 10
13 9 3
13 10 7
13 11 3
13 12 12
14 0 9
14 1 4
14 2 4
14 3 1
14 4 9
14 5 9
14 6 2
14 7 1
14 8 3
14 9 6
14 10 4
14 11 7
14 12 6
14 13 6
15 0 3
15 1 7
15 2 12
15 3 3
15 4 12
15 5 12
15 6 3
15 7 3
15 8 1
15 9 7
15 10 5
15 11 3
15 12 7
15 13 1
15 14 10
16 0 12
16 1 10
16 2 5
16 3 3
16 4 8
16 5 4
16 6 8
16 7 3
16 8 3
16 9 5
16 10 5
16 11 9
16 12 3
16 13 7
16 14 4
16 15 3
17 0 12
17 1 4
17 2 7
17 3 2
17 4 1
17 5 4
17 6 6
17 7 3
17 8 4
17 9 5
17 10 4
17 11 7
17 12 8
17 13 9
17 14 1
17 15 4
17 16 11
18 0 12
18 1 5
18 2 3
18 3 5
18 4 5
18 5 3
18 6 4
18 7 10
18 8 7
18 9 6
18 10 12
18 11 4
18 12 3
18 13 10
18 14 4
18 15 8
18 16 2
18 17 1
19 0 10
19 1 2
19 2 7
19 3 12
19 4 7
19 5 9
19 6 12
19 7 3
19 8 6
19 9 4
19 10 6
19 11 6
19 12 11
19 13 4
19 14 7
19 15 6
19 16 7
19 17 4
19 18 2
20 0 3
20 1 6
20 2 8
20 3 9
20 4 2
20 5 1
20 6 5
20 7 11
20 8 5
20 9 9
20 10 4
20 11 9
20 12 9
20 13 2
20 14 12
20 15 4
20 16 6
20 17 3
20 18 10
20 19 3
21 0 5
21 1 7
21 2 5
21 3 8
21 4 7
21 5 2
21 6 4
21 7 7
21 8 5
21 9 1
21 10 8
21 11 5
21 12 3
21 13 10
21 14 8
21 15 7
21 16 7
21 17 1
21 18 10
21 19 3
21 20 6
22 0 7
22 1 6
22 2 11
22 3 4
22 4 11
22 5 3
22 6 3
22 7 7
22 8 6
22 9 6
22 10 2
22 11 11
22 12 7
22 13 1
22 14 5
22 15 9
22 16 2
22 17 4
22 18 12
22 19 2
22 20 8
22 21 2
23 0 5
23 1 9
23 2 6
23 3 2
23 4 5
23 5 12
23 6 4
23 7 8
23 8 3
23 9 9
23 10 9
23 11 9
23 12 10
23 13 3
23 14 3
23 15 10
23 16 3
23 17 7
23 18 9
23 19 7
23 20 4
23 21 9
23 22 1
24 0 5
24 1 11
24 2 1
24 3 7
24 4 5
24 5 11
24 6 7
24 7 11
24 8 10
24 9 1
24 10 5
24 11 10
24 12 11
24 13 1
24 14 12
24 15 3
24 16 8
24 17 11
24 18 8
24 19 12
24 20 3
24 21 5
24 22 8
24 23 8
25 0 4
25 1 3
25 2 7
25 3 5
25 4 3
25 5 7
25 6 7
25 7 1
25 8 8
25 9 5
25 10 7
25 11 12
25 12 1
25 13 3
25 14 4
25 15 5
25 16 10
25 17 9
25 18 4
25 19 12
25 20 9
25 21 7
25 22 12
25 23 6
25 24 4
26 0 1
26 1 11
26 2 11
26 3 10
26 4 6
26 5 5
26 6 11
26 7 9
26 8 1
26 9 1
26 10 12
26 11 6
26 12 3
26 13 1
26 14 4
26 15 5
26 16 11
26 17 9
26 18 6
26 19 1
26 20 8
26 21 4
26 22 4
26 23 7
26 24 4
26 25 11
27 0 6
27 1 12
27 2 4
27 3 5
27 4 1
27 5 5
27 6 7
27 7 10
27 8 7
27 9 10
27 10 8
27 11 8
27 12 10
27 13 5
27 14 6
27 15 12
27 16 7
27 17 2
27 18 10
27 19 3
27 20 6
27 21 4
27 22 7
27 23 10
27 24 3
27 25 4
27 26 5
28 0 8
28 1 5
28 2 5
28 3 9
28 4 9
28 5 2
28 6 10
28 7 11
28 8 5
28 9 6
28 10 3
28 11 1
28 12 9
28 13 11
28 14 2
28 15 1
28 16 5
28 17 4
28 18 10
28 19 10
28 20 11
28 21 6
28 22 12
28 23 11
28 24 11
28 25 11
28 26 6
28 27 12
29 0 4
29 1 3
29 2 3
29 3 9
29 4 6
29 5 11
29 6 9
29 7 7
29 8 2
29 9 1
29 10 6
29 11 10
29 12 2
29 13 6
29 14 4
29 15 10
29 16 4
29 17 11
29 18 10
29 19 6
29 20 8
29 21 2
29 22 10
29 23 5
29 24 4
29 25 5
29 26 5
29 27 1
29 28 1
30 0 11
30 1 5
30 2 7
30 3 3
30 4 8
30 5 10
30 6 11
30 7 4
30 8 8
30 9 8
30 10 11
30 11 12
30 12 5
30 13 2
30 14 10
30 15 1
30 16 9
30 17 6
30 18 10
30 19 1
30 20 4
30 21 4
30 22 2
30 23 8
30 24 3
30 25 12
30 26 10
30 27 1
30 28 9
30 29 4
31 0 11
31 1 4
31 2 12
31 3 1
31 4 2
31 5 9
31 6 3
31 7 5
31 8 11
31 9 3
31 10 5
31 11 3
31 12 8
31 13 6
31 14 6
31 15 9
31 16 4
31 17 5
31 18 3
31 19 5
31 20 4
31 21 11
31 22 12
31 23 2
31 24 7
31 25 12
31 26 12
31 27 3
31 28 5
31 29 1
31 30 5
32 0 5
32 1 9
32 2 3
32 3 6
32 4 11
32 5 3
32 6 4
32 7 7
32 8 12
32 9 12
32 10 4
32 11 7
32 12 12
32 13 9
32 14 12
32 15 7
32 16 10
32 17 8
32 18 9
32 19 7
32 20 1
32 21 2
32 22 1
32 23 12
32 24 1
32 25 7
32 26 3
32 27 7
32 28 1
32 29 7
32 30 2
32 31 7
33 0 4
33 1 11
33 2 10
33 3 12
33 4 5
33 5 5
33 6 4
33 7 12
33 8 4
33 9 7
33 10 7
33 11 6
33 12 1
33 13 11
33 14 3
33 15 8
33 16 11
33 17 9
33 18 3
33 19 7
33 20 3
33 21 6
33 22 1
33 23 4
33 24 6
33 25 4
33 26 11
33 27 8
33 28 11
33 29 3
33 30 1
33 31 12
33 32 6
34 0 12
34 1 11
34 2 4
34 3 2
34 4 9
34 5 5
34 6 3
34 7 12
34 8 3
34 9 5
34 10 5
34 11 3
34 12 8
34 13 10
34 14 8
34 15 7
34 16 3
34 17 11
34 18 6
34 19 7
34 20 8
34 21 10
34 22 3
34 23 12
34 24 10
34 25 4
34 26 8
34 27 8
34 28 7
34 29 6
34 30 6
34 31 5
34 32 7
34 33 7
35 0 9
35 1 10
35 2 4
35 3 10
35 4 6
35 5 12
35 6 8
35 7 11
35 8 9
35 9 5
35 10 12
35 11 8
35 12 2
35 13 3
35 14 3
35 15 4
35 16 7
35 17 5
35 18 2
35 19 12
35 20 9
35 21 9
35 22 3
35 23 9
35 24 12
35 25 1
35 26 8
35 27 6
35 28 12
35 29 7
35 30 4
35 31 6
35 32 4
35 33 2
35 34 6
36 0 11
36 1 5
36 2 10
36 3 5
36 4 10
36 5 8
36 6 12
36 7 9
36 8 2
36 9 3
36 10 5
36 11 4
36 12 12
36 13 3
36 14 8
36 15 5
36 16 8
36 17 9
36 18 10
36 19 6
36 20 11
36 21 9
36 22 2
36 23 9
36 24 2
36 25 6
36 26 8
36 27 7
36 28 4
36 29 6
36 30 6
36 31 6
36 32 5
36 33 9
36 34 6
36 35 10
37 0 12
37 1 12
37 2 5
37 3 12
37 4 1
37 5 7
37 6 11
37 7 4
37 8 6
37 9 10
37 10 11
37 11 12
37 12 5
37 13 9
37 14 8
37 15 6
37 16 5
37 17 11
37 18 7
37 19 11
37 20 9
37 21 12
37 22 5
37 23 9
37 24 3
37 25 4
37 26 1
37 27 5
37 28 12
37 29 7
37 30 3
37 31 1
37 32 8
37 33 4
37 34 5
37 35 5
37 36 4
38 0 1
38 1 8
38 2 5
38 3 1
38 4 8
38 5 2
38 6 1
38 7 12
38 8 11
38 9 4
38 10 9
38 11 1
38 12 10
38 13 12
38 14 12
38 15 2
38 16 4
38 17 1
38 18 7
38 19 4
38 20 11
38 21 9
38 22 2
38 23 6
38 24 12
38 25 7
38 26 1
38 27 4
38 28 10
38 29 5
38 30 8
38 31 11
38 32 1
38 33 9
38 34 8
38 35 1
38 36 7
38 37 8
39 0 9
39 1 8
39 2 1
39 3 4
39 4 4
39 5 3
39 6 9
39 7 7
39 8 10
39 9 4
39 10 11
39 11 12
39 12 9
39 13 9
39 14 12
39 15 11
39 16 5
39 17 8
39 18 12
39 19 11
39 20 2
39 21 8
39 22 2
39 23 2
39 24 10
39 25 12
39 26 2
39 27 2
39 28 6
39 29 3
39 30 7
39 31 1
39 32 9
39 33 5
39 34 4
39 35 5
39 36 11
39 37 8
39 38 10
