60
1 0 6
2 0 1
2 1 11
3 0 4
3 1 8
3 2 3
4 0 4
4 1 1
4 2 1
4 3 9
5 0 11
5 1 5
5 2 10
5 3 10
5 4 7
6 0 2
6 1 7
6 2 2
6 3 10
6 4 10
6 5 7
7 0 11
7 1 10
7 2 10
7 3 10
7 4 12
7 5 10
7 6 1
8 0 5
8 1 1
8 2 7
8 3 3
8 4 11
8 5 8
8 6 1
8 7 2
9 0 1
9 1 11
9 2 6
9 3 9
9 4 12
9 5 10
9 6 5
9 7 7
9 8 3
10 0 11
10 1 10
10 2 6
10 3 12
10 4 10
10 5 6
10 6 4
10 7 6
10 8 9
10 9 6
11 0 10
11 1 9
11 2 6
11 3 10
11 4 5
11 5 6
11 6 2
11 7 3
11 8 10
11 9 7
11 10 11
12 0 4
12 1 11
12 2 5
12 3 9
12 4 4
12 5 10
12 6 7
12 7 6
12 8 3
12 9 8
12 10 9
12 11 8
13 0 7
13 1 12
13 2 12
13 3 2
13 4 2
13 5 8
13 6 11
13 7 6
13 8 9
13 9 12
13 10 5
13 11 5
13 12 4
14 0 11
14 1 9
14 2 12
14 3 2
14 4 6
14 5 6
14 6 2
14 7 9
14 8 12
14 9 11
14 10 8
14 11 6
14 12 11
14 13 11
15 0 11
15 1 7
15 2 9
15 3 5
15 4 2
15 5 4
15 6 10
15 7 2
15 8 9
15 9 10
15 10 10
15 11 4
15 12 6
15 13 8
15 14 11
16 0 7
16 1 1
16 2 11
16 3 4
16 4 8
16 5 11
16 6 3
16 7 6
16 8 9
16 9 7
16 10 3
16 11 9
16 12 2
16 13 12
16 14 1
16 15 1
17 0 12
17 1 8
17 2 6
17 3 1
17 4 1
17 5 10
17 6 11
17 7 5
17 8 9
17 9 6
17 10 3
17 11 1
17 12 4
17 13 1
17 14 9
17 15 11
17 16 6
18 0 5
18 1 4
18 2 10
18 3 6
18 4 5
18 5 8
18 6 10
18 7 12
18 8 10
18 9 2
18 10 7
18 11 1
18 12 8
18 13 2
18 14 6
18 15 8
18 16 8
18 17 11
19 0 8
19 1 8
19 2 1
19 3 1
19 4 5
19 5 5
19 6 3
19 7 2
19 8 4
19 9 4
19 10 4
19 11 1
19 12 3
19 13 2
19 14 7
19 15 7
19 16 8
19 17 10
19 18 3
20 0 10
20 1 4
20 2 11
20 3 4
20 4 7
20 5 6
20 6 6
20 7 9
20 8 3
20 9 6
20 10 9
20 11 1
20 12 1
20 13 4
20 14 6
20 15 8
20 16 7
20 17 6
20 18 4
20 19 12
21 0 11
21 1 2
21 2 8
21 3 1
21 4 9
21 5 3
21 6 10
21 7 2
21 8 8
21 9 10
21 10 10
21 11 12
21 12 3
21 13 1
21 14 5
21 15 9
21 16 9
21 17 2
21 18 6
21 19 8
21 20 3
22 0 7
22 1 8
22 2 4
22 3 5
22 4 7
22 5 10
22 6 9
22 7 9
22 8 8
22 9 11
22 10 6
22 11 7
22 12 10
22 13 2
22 14 10
22 15 12
22 16 4
22 17 7
22 18 6
22 19 7
22 20 7
22 21 12
23 0 2
23 1 7
23 2 12
23 3 3
23 4 3
23 5 7
23 6 12
23 7 11
23 8 8
23 9 5
23 10 1
23 11 6
23 12 12
23 13 5
23 14 4
23 15 2
23 16 11
23 17 11
23 18 4
23 19 10
23 20 6
23 21 5
23 22 3
24 0 10
24 1 9
24 2 5
24 3 10
24 4 2
24 5 8
24 6 1
24 7 2
24 8 12
24 9 1
24 10 1
24 11 2
24 12 3
24 13 4
24 14 8
24 15 9
24 16 7
24 17 5
24 18 6
24 19 1
24 20 9
24 21 6
24 22 12
24 23 1
25 0 9
25 1 11
25 2 10
25 3 3
25 4 10
25 5 5
25 6 7
25 7 8
25 8 7
25 9 4
25 10 3
25 11 10
25 12 4
25 13 10
25 14 12
25 15 10
25 16 7
25 17 10
25 18 3
25 19 12
25 20 1
25 21 8
25 22 4
25 23 8
25 24 12
26 0 2
26 1 2
26 2 9
26 3 6
26 4 6
26 5 7
26 6 9
26 7 11
26 8 9
26 9 11
26 10 7
26 11 7
26 12 5
26 13 2
26 14 9
26 15 4
26 16 6
26 17 10
26 18 2
26 19 3
26 20 10
26 21 5
26 22 6
26 23 11
26 24 11
26 25 12
27 0 1
27 1 12
27 2 11
27 3 5
27 4 3
27 5 4
27 6 2
27 7 5
27 8 7
27 9 12
27 10 12
27 11 10
27 12 6
27 13 6
27 14 4
27 15 10
27 16 4
27 17 12
27 18 12
27 19 10
27 20 4
27 21 10
27 22 7
27 23 3
27 24 3
27 25 8
27 26 9
28 0 4
28 1 1
28 2 7
28 3 6
28 4 12
28 5 2
28 6 12
28 7 10
28 8 2
28 9 4
28 10 2
28 11 5
28 12 12
28 13 11
28 14 10
28 15 3
28 16 1
28 17 7
28 18 3
28 19 10
28 20 11
28 21 11
28 22 6
28 23 2
28 24 2
28 25 6
28 26 8
28 27 11
29 0 3
29 1 1
29 2 11
29 3 8
29 4 2
29 5 10
29 6 6
29 7 2
29 8 6
29 9 12
29 10 8
29 11 12
29 12 4
29 13 7
29 14 12
29 15 7
29 16 9
29 17 5
29 18 9
29 19 8
29 20 7
29 21 7
29 22 3
29 23 11
29 24 5
29 25 4
29 26 7
29 27 6
29 28 10
30 0 6
30 1 12
30 2 1
30 3 3
30 4 2
30 5 5
30 6 12
30 7 9
30 8 10
30 9 1
30 10 9
30 11 3
30 12 3
30 13 9
30 14 11
30 15 7
30 16 1
30 17 2
30 18 9
30 19 1
30 20 3
30 21 6
30 22 6
30 23 8
30 24 9
30 25 3
30 26 4
30 27 12
30 28 10
30 29 12
31 0 8
31 1 6
31 2 3
31 3 8
31 4 7
31 5 12
31 6 2
31 7 1
31 8 10
31 9 2
31 10 4
31 11 8
31 12 5
31 13 1
31 14 3
31 15 10
31 16 9
31 17 2
31 18 7
31 19 9
31 20 6
31 21 7
31 22 8
31 23 8
31 24 5
31 25 9
31 26 8
31 27 3
31 28 3
31 29 3
31 30 2
32 0 5
32 1 6
32 2 9
32 3 11
32 4 11
32 5 10
32 6 11
32 7 2
32 8 10
32 9 7
32 10 9
32 11 3
32 12 10
32 13 4
32 14 7
32 15 4
32 16 3
32 17 3
32 18 12
32 19 9
32 20 6
32 21 10
32 22 10
32 23 5
32 24 1
32 25 4
32 26 4
32 27 3
32 28 8
32 29 9
32 30 9
32 31 10
33 0 8
33 1 11
33 2 9
33 3 2
33 4 6
33 5 1
33 6 7
33 7 3
33 8 9
33 9 12
33 10 12
33 11 6
33 12 12
33 13 10
33 14 12
33 15 3
33 16 12
33 17 10
33 18 4
33 19 11
33 20 10
33 21 1
33 22 7
33 23 2
33 24 11
33 25 5
33 26 4
33 27 7
33 28 11
33 29 2
33 30 11
33 31 12
33 32 4
34 0 11
34 1 8
34 2 7
34 3 3
34 4 5
34 5 11
34 6 8
34 7 10
34 8 12
34 9 4
34 10 6
34 11 8
34 12 2
34 13 1
34 14 4
34 15 8
34 16 2
34 17 1
34 18 3
34 19 8
34 20 8
34 21 5
34 22 8
34 23 4
34 24 2
34 25 12
34 26 1
34 27 10
34 28 3
34 29 2
34 30 2
34 31 10
34 32 4
34 33 11
35 0 3
35 1 5
35 2 4
35 3 8
35 4 8
35 5 12
35 6 9
35 7 3
35 8 4
35 9 12
35 10 6
35 11 3
35 12 4
35 13 3
35 14 6
35 15 12
35 16 3
35 17 4
35 18 1
35 19 9
35 20 6
35 21 10
35 22 1
35 23 7
35 24 10
35 25 10
35 26 2
35 27 3
35 28 4
35 29 3
35 30 9
35 31 8
35 32 9
35 33 4
35 34 12
36 0 2
36 1 4
36 2 10
36 3 1
36 4 1
36 5 5
36 6 12
36 7 6
36 8 12
36 9 7
36 10 3
36 11 12
36 12 6
36 13 2
36 14 4
36 15 9
36 16 10
36 17 2
36 18 7
36 19 6
36 20 4
36 21 5
36 22 9
36 23 3
36 24 10
36 25 11
36 26 2
36 27 5
36 28 2
36 29 1
36 30 2
36 31 1
36 32 2
36 33 5
36 34 10
36 35 5
37 0 7
37 1 9
37 2 2
37 3 11
37 4 6
37 5 4
37 6 4
37 7 5
37 8 9
37 9 3
37 10 7
37 11 3
37 12 6
37 13 10
37 14 12
37 15 9
37 16 9
37 17 6
37 18 9
37 19 12
37 20 11
37 21 3
37 22 9
37 23 5
37 24 5
37 25 8
37 26 3
37 27 5
37 28 8
37 29 7
37 30 11
37 31 2
37 32 9
37 33 7
37 34 8
37 35 9
37 36 9
38 0 3
38 1 7
38 2 2
38 3 1
38 4 4
38 5 1
38 6 7
38 7 2
38 8 5
38 9 11
38 10 12
38 11 9
38 12 3
38 13 12
38 14 9
38 15 12
38 16 12
38 17 8
38 18 2
38 19 3
38 20 1
38 21 6
38 22 3
38 23 1
38 24 11
38 25 7
38 26 5
38 27 7
38 28 4
38 29 10
38 30 6
38 31 4
38 32 10
38 33 10
38 34 10
38 35 9
38 36 4
38 37 8
39 0 10
39 1 7
39 2 4
39 3 5
39 4 12
39 5 5
39 6 12
39 7 3
39 8 1
39 9 9
39 10 10
39 11 8
39 12 6
39 13 9
39 14 12
39 15 11
39 16 11
39 17 9
39 18 12
39 19 7
39 20 11
39 21 11
39 22 7
39 23 8
39 24 3
39 25 4
39 26 11
39 27 4
39 28 10
39 29 9
39 30 3
39 31 5
39 32 4
39 33 2
39 34 5
39 35 6
39 36 3
39 37 3
39 38 11
40 0 11
40 1 2
40 2 3
40 3 4
40 4 11
40 5 8
40 6 11
40 7 2
40 8 7
40 9 10
40 10 6
40 11 11
40 12 5
40 13 11
40 14 9
40 15 10
40 16 1
40 17 4
40 18 2
40 19 9
40 20 10
40 21 6
40 22 10
40 23 1
40 24 11
40 25 4
40 26 4
40 27 9
40 28 5
40 29 8
40 30 6
40 31 5
40 32 6
40 33 1
40 34 7
40 35 11
40 36 7
40 37 1
40 38 12
40 39 4
41 0 10
41 1 6
41 2 7
41 3 12
41 4 2
41 5 4
41 6 6
41 7 7
41 8 6
41 9 1
41 10 9
41 11 10
41 12 5
41 13 7
41 14 5
41 15 8
41 16 12
41 17 3
41 18 10
41 19 12
41 20 2
41 21 6
41 22 8
41 23 8
41 24 3
41 25 4
41 26 11
41 27 8
41 28 11
41 29 5
41 30 8
41 31 12
41 32 10
41 33 12
41 34 9
41 35 10
41 36 7
41 37 1
41 38 7
41 39 2
41 40 1
42 0 2
42 1 1
42 2 1
42 3 3
42 4 9
42 5 5
42 6 8
42 7 6
42 8 10
42 9 4
42 10 7
42 11 7
42 12 6
42 13 11
42 14 6
42 15 6
42 16 4
42 17 3
42 18 5
42 19 12
42 20 2
42 21 8
42 22 7
42 23 6
42 24 7
42 25 12
42 26 1
42 27 3
42 28 11
42 29 9
42 30 8
42 31 2
42 32 1
42 33 6
42 34 12
42 35 10
42 36 9
42 37 4
42 38 8
42 39 4
42 40 2
42 41 9
43 0 5
43 1 5
43 2 7
43 3 6
43 4 8
43 5 8
43 6 8
43 7 7
43 8 7
43 9 12
43 10 12
43 11 1
43 12 12
43 13 9
43 14 11
43 15 4
43 16 6
43 17 8
43 18 12
43 19 7
43 20 10
43 21 9
43 22 5
43 23 1
43 24 10
43 25 8
43 26 3
43 27 8
43 28 7
43 29 8
43 30 5
43 31 8
43 32 1
43 33 11
43 34 8
43 35 12
43 36 5
43 37 4
43 38 4
43 39 7
43 40 10
43 41 7
43 42 5
44 0 10
44 1 10
44 2 12
44 3 5
44 4 4
44 5 9
44 6 2
44 7 5
44 8 8
44 9 9
44 10 10
44 11 6
44 12 2
44 13 11
44 14 12
44 15 10
44 16 7
44 17 12
44 18 2
44 19 11
44 20 8
44 21 3
44 22 11
44 23 11
44 24 12
44 25 5
44 26 3
44 27 9
44 28 9
44 29 5
44 30 2
44 31 6
44 32 2
44 33 1
44 34 4
44 35 10
44 36 12
44 37 3
44 38 11
44 39 6
44 40 3
44 41 4
44 42 10
44 43 4
45 0 9
45 1 2
45 2 3
45 3 5
45 4 12
45 5 11
45 6 6
45 7 9
45 8 10
45 9 3
45 10 7
45 11 3
45 12 3
45 13 11
45 14 7
45 15 6
45 16 8
45 17 9
45 18 7
45 19 3
45 20 8
45 21 4
45 22 2
45 23 6
45 24 8
45 25 5
45 26 9
45 27 1
45 28 6
45 29 6
45 30 2
45 31 8
45 32 9
45 33 8
45 34 4
45 35 2
45 36 5
45 37 8
45 38 11
45 39 12
45 40 1
45 41 3
45 42 9
45 43 7
45 44 3
46 0 3
46 1 8
46 2 1
46 3 12
46 4 7
46 5 7
46 6 2
46 7 3
46 8 1
46 9 8
46 10 1
46 11 5
46 12 12
46 13 1
46 14 5
46 15 12
46 16 9
46 17 3
46 18 10
46 19 8
46 20 6
46 21 12
46 22 2
46 23 10
46 24 11
46 25 6
46 26 7
46 27 8
46 28 10
46 29 3
46 30 7
46 31 5
46 32 3
46 33 5
46 34 2
46 35 5
46 36 5
46 37 7
46 38 12
46 39 12
46 40 5
46 41 9
46 42 3
46 43 11
46 44 7
46 45 6
47 0 8
47 1 12
47 2 5
47 3 2
47 4 4
47 5 7
47 6 11
47 7 6
47 8 4
47 9 5
47 10 3
47 11 5
47 12 12
47 13 6
47 14 4
47 15 2
47 16 6
47 17 10
47 18 8
47 19 5
47 20 3
47 21 11
47 22 2
47 23 12
47 24 4
47 25 12
47 26 3
47 27 2
47 28 1
47 29 7
47 30 12
47 31 6
47 32 5
47 33 2
47 34 3
47 35 4
47 36 5
47 37 12
47 38 1
47 39 7
47 40 8
47 41 10
47 42 7
47 43 7
47 44 3
47 45 6
47 46 4
48 0 8
48 1 1
48 2 4
48 3 4
48 4 8
48 5 8
48 6 9
48 7 4
48 8 11
48 9 9
48 10 7
48 11 9
48 12 1
48 13 5
48 14 5
48 15 8
48 16 5
48 17 2
48 18 7
48 19 9
48 20 4
48 21 4
48 22 1
48 23 1
48 24 4
48 25 9
48 26 11
48 27 7
48 28 1
48 29 12
48 30 2
48 31 9
48 32 1
48 33 11
48 34 2
48 35 1
48 36 7
48 37 5
48 38 4
48 39 3
48 40 9
48 41 12
48 42 8
48 43 9
48 44 5
48 45 4
48 46 8
48 47 1
49 0 12
49 1 3
49 2 3
49 3 4
49 4 9
49 5 6
49 6 12
49 7 8
49 8 3
49 9 11
49 10 7
49 11 11
49 12 4
49 13 4
49 14 11
49 15 10
49 16 3
49 17 6
49 18 2
49 19 7
49 20 11
49 21 2
49 22 10
49 23 2
49 24 9
49 25 1
49 26 1
49 27 1
49 28 4
49 29 6
49 30 3
49 31 1
49 32 12
49 33 11
49 34 10
49 35 6
49 36 4
49 37 7
49 38 3
49 39 2
49 40 10
49 41 12
49 42 7
49 43 12
49 44 8
49 45 4
49 46 5
49 47 12
49 48 2
50 0 11
50 1 5
50 2 2
50 3 8
50 4 2
50 5 7
50 6 10
50 7 3
50 8 1
50 9 5
50 10 3
50 11 5
50 12 6
50 13 11
50 14 6
50 15 3
50 16 3
50 17 7
50 18 12
50 19 9
50 20 1
50 21 4
50 22 9
50 23 1
50 24 4
50 25 11
50 26 11
50 27 8
50 28 7
50 29 2
50 30 5
50 31 4
50 32 5
50 33 5
50 34 11
50 35 12
50 36 1
50 37 8
50 38 4
50 39 4
50 40 9
50 41 11
50 42 4
50 43 5
50 44 5
50 45 1
50 46 3
50 47 5
50 48 9
50 49 1
51 0 7
51 1 5
51 2 5
51 3 1
51 4 9
51 5 5
51 6 7
51 7 1
51 8 4
51 9 8
51 10 9
51 11 7
51 12 8
51 13 12
51 14 4
51 15 7
51 16 5
51 17 2
51 18 8
51 19 9
51 20 6
51 21 9
51 22 11
51 23 2
51 24 1
51 25 3
51 26 2
51 27 10
51 28 1
51 29 12
51 30 10
51 31 6
51 32 4
51 33 7
51 34 10
51 35 9
51 36 1
51 37 9
51 38 9
51 39 7
51 40 4
51 41 2
51 42 5
51 43 9
51 44 9
51 45 10
51 46 10
51 47 7
51 48 10
51 49 12
51 50 5
52 0 4
52 1 3
52 2 11
52 3 12
52 4 4
52 5 8
52 6 11
52 7 10
52 8 6
52 9 7
52 10 4
52 11 12
52 12 12
52 13 9
52 14 1
52 15 3
52 16 12
52 17 12
52 18 4
52 19 12
52 20 3
52 21 8
52 22 10
52 23 2
52 24 7
52 25 9
52 26 12
52 27 4
52 28 1
52 29 7
52 30 9
52 31 5
52 32 4
52 33 12
52 34 9
52 35 2
52 36 11
52 37 5
52 38 4
52 39 2
52 40 12
52 41 1
52 42 3
52 43 4
52 44 3
52 45 9
52 46 4
52 47 3
52 48 8
52 49 8
52 50 8
52 51 8
53 0 9
53 1 1
53 2 9
53 3 4
53 4 6
53 5 3
53 6 10
53 7 10
53 8 6
53 9 6
53 10 12
53 11 4
53 12 1
53 13 12
53 14 6
53 15 12
53 16 7
53 17 4
53 18 4
53 19 11
53 20 6
53 21 6
53 22 1
53 23 2
53 24 9
53 25 6
53 26 3
53 27 9
53 28 8
53 29 8
53 30 5
53 31 11
53 32 11
53 33 9
53 34 9
53 35 12
53 36 6
53 37 5
53 38 3
53 39 1
53 40 3
53 41 5
53 42 2
53 43 5
53 44 4
53 45 9
53 46 1
53 47 7
53 48 1
53 49 1
53 50 4
53 51 3
53 52 3
54 0 3
54 1 9
54 2 12
54 3 2
54 4 1
54 5 12
54 6 5
54 7 3
54 8 4
54 9 12
54 10 12
54 11 2
54 12 10
54 13 11
54 14 2
54 15 11
54 16 12
54 17 11
54 18 6
54 19 4
54 20 5
54 21 2
54 22 1
54 23 1
54 24 8
54 25 3
54 26 6
54 27 6
54 28 9
54 29 10
54 30 4
54 31 9
54 32 4
54 33 5
54 34 4
54 35 11
54 36 12
54 37 3
54 38 10
54 39 2
54 40 3
54 41 3
54 42 11
54 43 1
54 44 7
54 45 1
54 46 11
54 47 4
54 48 1
54 49 11
54 50 1
54 51 3
54 52 6
54 53 6
55 0 2
55 1 5
55 2 2
55 3 4
55 4 5
55 5 7
55 6 5
55 7 3
55 8 5
55 9 5
55 10 11
55 11 8
55 12 9
55 13 6
55 14 4
55 15 6
55 16 2
55 17 5
55 18 4
55 19 6
55 20 4
55 21 5
55 22 2
55 23 10
55 24 2
55 25 7
55 26 1
55 27 10
55 28 2
55 29 2
55 30 9
55 31 11
55 32 6
55 33 5
55 34 2
55 35 2
55 36 3
55 37 1
55 38 9
55 39 3
55 40 7
55 41 8
55 42 6
55 43 10
55 44 10
55 45 8
55 46 4
55 47 9
55 48 7
55 49 8
55 50 9
55 51 12
55 52 7
55 53 10
55 54 7
56 0 5
56 1 12
56 2 10
56 3 5
56 4 8
56 5 8
56 6 8
56 7 11
56 8 7
56 9 6
56 10 6
56 11 5
56 12 1
56 13 12
56 14 6
56 15 6
56 16 3
56 17 8
56 18 8
56 19 9
56 20 11
56 21 9
56 22 5
56 23 11
56 24 7
56 25 2
56 26 2
56 27 10
56 28 7
56 29 6
56 30 4
56 31 8
56 32 10
56 33 11
56 34 10
56 35 12
56 36 9
56 37 5
56 38 8
56 39 4
56 40 9
56 41 10
56 42 7
56 43 4
56 44 1
56 45 8
56 46 12
56 47 12
56 48 4
56 49 6
56 50 4
56 51 4
56 52 3
56 53 6
56 54 8
56 55 6
57 0 9
57 1 2
57 2 9
57 3 9
57 4 10
57 5 6
57 6 5
57 7 9
57 8 6
57 9 5
57 10 9
57 11 4
57 12 3
57 13 9
57 14 2
57 15 3
57 16 10
57 17 9
57 18 6
57 19 8
57 20 11
57 21 12
57 22 3
57 23 2
57 24 7
57 25 2
57 26 3
57 27 12
57 28 8
57 29 9
57 30 2
57 31 5
57 32 9
57 33 7
57 34 10
57 35 1
57 36 6
57 37 2
57 38 8
57 39 10
57 40 1
57 41 3
57 42 2
57 43 2
57 44 11
57 45 10
57 46 6
57 47 4
57 48 3
57 49 10
57 50 8
57 51 8
57 52 11
57 53 10
57 54 9
57 55 7
57 56 6
58 0 6
58 1 5
58 2 2
58 3 3
58 4 6
58 5 10
58 6 2
58 7 10
58 8 3
58 9 3
58 10 8
58 11 2
58 12 6
58 13 1
58 14 4
58 15 10
58 16 1
58 17 9
58 18 10
58 19 1
58 20 11
58 21 10
58 22 8
58 23 5
58 24 10
58 25 5
58 26 10
58 27 4
58 28 5
58 29 10
58 30 12
58 31 2
58 32 11
58 33 7
58 34 4
58 35 2
58 36 6
58 37 11
58 38 10
58 39 8
58 40 6
58 41 12
58 42 8
58 43 2
58 44 5
58 45 6
58 46 1
58 47 1
58 48 6
58 49 7
58 50 9
58 51 3
58 52 2
58 53 7
58 54 8
58 55 3
58 56 7
58 57 1
59 0 11
59 1 6
59 2 10
59 3 8
59 4 7
59 5 11
59 6 11
59 7 5
59 8 5
59 9 10
59 10 6
59 11 9
59 12 9
59 13 8
59 14 4
59 15 3
59 16 4
59 17 6
59 18 1
59 19 2
59 20 2
59 21 3
59 22 10
59 23 6
59 24 6
59 25 6
59 26 5
59 27 9
59 28 12
59 29 10
59 30 1
59 31 12
59 32 8
59 33 7
59 34 5
59 35 4
59 36 11
59 37 10
59 38 4
59 39 3
59 40 1
59 41 7
59 42 9
59 43 10
59 44 6
59 45 7
59 46 5
59 47 7
59 48 1
59 49 12
59 50 7
59 51 9
59 52 9
59 53 10
59 54 2
59 55 6
59 56 6
59 57 9
59 58 4
