40
1 0 5
2 0 4
2 1 2
3 0 3
3 1 3
3 2 1
4 0 3
4 1 4
4 2 3
4 3 2
5 0 2
5 1 4
5 2 5
5 3 2
5 4 3
6 0 3
6 1 5
6 2 5
6 3 5
6 4 5
6 5 4
7 0 5
7 1 4
7 2 5
7 3 3
7 4 5
7 5 2
7 6 3
8 0 2
8 1 4
8 2 2
8 3 5
8 4 4
8 5 3
8 6 1
8 7 3
9 0 3
9 1 1
9 2 5
9 3 5
9 4 5
9 5 4
9 6 1
9 7 3
9 8 3
10 0 4
10 1 3
10 2 1
10 3 2
10 4 3
10 5 4
10 6 5
10 7 1
10 8 4
10 9 1
11 0 2
11 1 2
11 2 2
11 3 2
11 4 5
11 5 4
11 6 5
11 7 5
11 8 3
11 9 4
11 10 3
12 0 4
12 1 1
12 2 5
12 3 5
12 4 4
12 5 2
12 6 3
12 7 5
12 8 4
12 9 3
12 10 1
12 11 4
13 0 4
13 1 2
13 2 4
13 3 4
13 4 5
13 5 1
13 6 2
13 7 3
13 8 5
13 9 3
13 10 5
13 11 4
13 12 4
14 0 3
14 1 5
14 2 1
14 3 3
14 4 5
14 5 2
14 6 3
14 7 2
14 8 1
14 9 5
14 10 1
14 11 1
14 12 2
14 13 2
15 0 1
15 1 2
15 2 1
15 3 2
15 4 5
15 5 5
15 6 4
15 7 3
15 8 2
15 9 5
15 10 3
15 11 3
15 12 3
15 13 5
15 14 5
16 0 4
16 1 2
16 2 5
16 3 4
16 4 4
16 5 2
16 6 2
16 7 2
16 8 2
16 9 5
16 10 2
16 11 3
16 12 2
16 13 1
16 14 5
16 15 1
17 0 5
17 1 4
17 2 3
17 3 4
17 4 2
17 5 2
17 6 3
17 7 3
17 8 5
17 9 3
17 10 5
17 11 1
17 12 2
17 13 2
17 14 2
17 15 5
17 16 5
18 0 5
18 1 5
18 2 2
18 3 3
18 4 4
18 5 4
18 6 3
18 7 1
18 8 1
18 9 5
18 10 5
18 11 5
18 12 2
18 13 3
18 14 4
18 15 3
18 16 5
18 17 1
19 0 2
19 1 2
19 2 5
19 3 3
19 4 2
19 5 2
19 6 2
19 7 5
19 8 1
19 9 1
19 10 3
19 11 1
19 12 4
19 13 2
19 14 2
19 15 2
19 16 1
19 17 1
19 18 5
20 0 4
20 1 5
20 2 4
20 3 3
20 4 5
20 5 4
20 6 1
20 7 2
20 8 2
20 9 4
20 10 3
20 11 1
20 12 4
20 13 2
20 14 5
20 15 1
20 16 2
20 17 5
20 18 2
20 19 1
21 0 3
21 1 1
21 2 5
21 3 1
21 4 2
21 5 2
21 6 2
21 7 1
21 8 4
21 9 3
21 10 5
21 11 5
21 12 1
21 13 3
21 14 3
21 15 2
21 16 2
21 17 4
21 18 2
21 19 4
21 20 3
22 0 3
22 1 3
22 2 4
22 3 3
22 4 1
22 5 4
22 6 1
22 7 2
22 8 3
22 9 5
22 10 4
22 11 2
22 12 1
22 13 5
22 14 5
22 15 4
22 16 2
22 17 2
22 18 1
22 19 1
22 20 1
22 21 3
23 0 3
23 1 4
23 2 3
23 3 2
23 4 4
23 5 3
23 6 5
23 7 4
23 8 4
23 9 4
23 10 5
23 11 5
23 12 2
23 13 3
23 14 4
23 15 4
23 16 2
23 17 4
23 18 2
23 19 5
23 20 3
23 21 2
23 22 3
24 0 2
24 1 1
24 2 4
24 3 3
24 4 1
24 5 5
24 6 3
24 7 3
24 8 1
24 9 5
24 10 2
24 11 5
24 12 5
24 13 1
24 14 1
24 15 2
24 16 4
24 17 1
24 18 5
24 19 1
24 20 3
24 21 5
24 22 1
24 23 1
25 0 4
25 1 4
25 2 1
25 3 3
25 4 1
25 5 1
25 6 3
25 7 4
25 8 4
25 9 5
25 10 2
25 11 5
25 12 3
25 13 2
25 14 4
25 15 5
25 16 2
25 17 2
25 18 4
25 19 1
25 20 4
25 21 4
25 22 3
25 23 5
25 24 3
26 0 1
26 1 3
26 2 2
26 3 3
26 4 2
26 5 2
26 6 3
26 7 2
26 8 1
26 9 3
26 10 4
26 11 4
26 12 1
26 13 4
26 14 5
26 15 3
26 16 5
26 17 4
26 18 4
26 19 5
26 20 3
26 21 4
26 22 4
26 23 1
26 24 5
26 25 3
27 0 1
27 1 5
27 2 5
27 3 4
27 4 5
27 5 5
27 6 5
27 7 3
27 8 1
27 9 1
27 10 5
27 11 3
27 12 2
27 13 4
27 14 5
27 15 4
27 16 4
27 17 5
27 18 5
27 19 2
27 20 2
27 21 4
27 22 2
27 23 5
27 24 2
27 25 5
27 26 4
28 0 2
28 1 1
28 2 4
28 3 3
28 4 2
28 5 2
28 6 3
28 7 1
28 8 3
28 9 5
28 10 2
28 11 2
28 12 4
28 13 2
28 14 2
28 15 1
28 16 5
28 17 3
28 18 2
28 19 5
28 20 4
28 21 5
28 22 3
28 23 2
28 24 2
28 25 3
28 26 5
28 27 1
29 0 4
29 1 3
29 2 2
29 3 5
29 4 4
29 5 5
29 6 2
29 7 3
29 8 4
29 9 2
29 10 1
29 11 2
29 12 4
29 13 2
29 14 5
29 15 1
29 16 5
29 17 2
29 18 1
29 19 1
29 20 1
29 21 4
29 22 5
29 23 3
29 24 5
29 25 5
29 26 4
29 27 4
29 28 3
30 0 1
30 1 5
30 2 3
30 3 3
30 4 2
30 5 5
30 6 5
30 7 3
30 8 2
30 9 3
30 10 3
30 11 2
30 12 3
30 13 4
30 14 5
30 15 5
30 16 3
30 17 2
30 18 4
30 19 2
30 20 3
30 21 5
30 22 3
30 23 2
30 24 3
30 25 2
30 26 2
30 27 1
30 28 2
30 29 4
31 0 4
31 1 3
31 2 4
31 3 3
31 4 5
31 5 2
31 6 3
31 7 2
31 8 1
31 9 5
31 10 1
31 11 3
31 12 2
31 13 2
31 14 5
31 15 2
31 16 2
31 17 5
31 18 4
31 19 2
31 20 1
31 21 5
31 22 5
31 23 1
31 24 3
31 25 2
31 26 1
31 27 1
31 28 3
31 29 4
31 30 2
32 0 4
32 1 1
32 2 2
32 3 3
32 4 3
32 5 3
32 6 4
32 7 3
32 8 4
32 9 1
32 10 3
32 11 5
32 12 3
32 13 5
32 14 1
32 15 1
32 16 3
32 17 2
32 18 1
32 19 3
32 20 1
32 21 2
32 22 3
32 23 5
32 24 3
32 25 2
32 26 3
32 27 4
32 28 5
32 29 3
32 30 3
32 31 1
33 0 5
33 1 2
33 2 3
33 3 1
33 4 2
33 5 5
33 6 4
33 7 5
33 8 5
33 9 5
33 10 1
33 11 5
33 12 2
33 13 5
33 14 4
33 15 1
33 16 3
33 17 1
33 18 1
33 19 4
33 20 1
33 21 5
33 22 3
33 23 2
33 24 3
33 25 2
33 26 3
33 27 2
33 28 2
33 29 3
33 30 4
33 31 3
33 32 3
34 0 3
34 1 2
34 2 3
34 3 1
34 4 3
34 5 1
34 6 2
34 7 3
34 8 4
34 9 5
34 10 5
34 11 1
34 12 2
34 13 3
34 14 1
34 15 2
34 16 4
34 17 5
34 18 4
34 19 3
34 20 2
34 21 4
34 22 5
34 23 2
34 24 2
34 25 5
34 26 5
34 27 3
34 28 2
34 29 1
34 30 2
34 31 2
34 32 3
34 33 1
35 0 1
35 1 2
35 2 4
35 3 3
35 4 2
35 5 5
35 6 3
35 7 1
35 8 4
35 9 1
35 10 5
35 11 2
35 12 5
35 13 5
35 14 1
35 15 3
35 16 1
35 17 2
35 18 2
35 19 1
35 20 5
35 21 2
35 22 3
35 23 3
35 24 1
35 25 1
35 26 1
35 27 5
35 28 2
35 29 4
35 30 3
35 31 5
35 32 4
35 33 1
35 34 1
36 0 4
36 1 5
36 2 1
36 3 2
36 4 2
36 5 2
36 6 1
36 7 2
36 8 4
36 9 4
36 10 4
36 11 4
36 12 1
36 13 2
36 14 2
36 15 5
36 16 5
36 17 2
36 18 4
36 19 4
36 20 5
36 21 2
36 22 1
36 23 3
36 24 2
36 25 1
36 26 5
36 27 1
36 28 2
36 29 3
36 30 4
36 31 3
36 32 1
36 33 1
36 34 3
36 35 4
37 0 3
37 1 4
37 2 1
37 3 4
37 4 4
37 5 5
37 6 1
37 7 5
37 8 2
37 9 3
37 10 5
37 11 3
37 12 5
37 13 4
37 14 5
37 15 4
37 16 3
37 17 5
37 18 5
37 19 5
37 20 5
37 21 1
37 22 2
37 23 2
37 24 5
37 25 2
37 26 1
37 27 1
37 28 4
37 29 2
37 30 5
37 31 5
37 32 4
37 33 5
37 34 4
37 35 4
37 36 3
38 0 3
38 1 4
38 2 3
38 3 4
38 4 5
38 5 4
38 6 5
38 7 2
38 8 3
38 9 4
38 10 1
38 11 5
38 12 5
38 13 1
38 14 5
38 15 1
38 16 5
38 17 2
38 18 1
38 19 3
38 20 4
38 21 4
38 22 4
38 23 2
38 24 4
38 25 3
38 26 1
38 27 2
38 28 4
38 29 1
38 30 1
38 31 2
38 32 4
38 33 2
38 34 3
38 35 2
38 36 3
38 37 3
39 0 1
39 1 4
39 2 5
39 3 1
39 4 4
39 5 1
39 6 5
39 7 1
39 8 5
39 9 2
39 10 3
39 11 5
39 12 5
39 13 3
39 14 2
39 15 1
39 16 5
39 17 5
39 18 3
39 19 2
39 20 5
39 21 4
39 22 1
39 23 3
39 24 4
39 25 3
39 26 4
39 27 1
39 28 5
39 29 1
39 30 1
39 31 1
39 32 2
39 33 2
39 34 5
39 35 4
39 36 3
39 37 1
39 38 4
