20
1 0 3
2 0 1
2 1 2
3 0 4
3 1 5
3 2 1
4 0 4
4 1 4
4 2 1
4 3 4
5 0 5
5 1 4
5 2 1
5 3 1
5 4 4
6 0 4
6 1 1
6 2 4
6 3 5
6 4 5
6 5 4
7 0 1
7 1 1
7 2 3
7 3 3
7 4 2
7 5 3
7 6 2
8 0 2
8 1 3
8 2 3
8 3 4
8 4 3
8 5 4
8 6 2
8 7 2
9 0 3
9 1 3
9 2 2
9 3 3
9 4 3
9 5 5
9 6 4
9 7 1
9 8 1
10 0 3
10 1 1
10 2 4
10 3 2
10 4 4
10 5 2
10 6 4
10 7 5
10 8 2
10 9 1
11 0 5
11 1 2
11 2 4
11 3 5
11 4 4
11 5 2
11 6 3
11 7 4
11 8 5
11 9 2
11 10 4
12 0 3
12 1 1
12 2 3
12 3 5
12 4 2
12 5 5
12 6 3
12 7 2
12 8 4
12 9 5
12 10 1
12 11 4
13 0 4
13 1 2
13 2 4
13 3 5
13 4 2
13 5 2
13 6 3
13 7 3
13 8 2
13 9 2
13 10 4
13 11 5
13 12 5
14 0 5
14 1 4
14 2 3
14 3 5
14 4 4
14 5 1
14 6 3
14 7 2
14 8 3
14 9 1
14 10 1
14 11 3
14 12 2
14 13 2
15 0 5
15 1 4
15 2 3
15 3 4
15 4 4
15 5 3
15 6 5
15 7 5
15 8 5
15 9 4
15 10 1
15 11 4
15 12 1
15 13 3
15 14 5
16 0 3
16 1 4
16 2 4
16 3 2
16 4 4
16 5 3
16 6 3
16 7 1
16 8 2
16 9 4
16 10 2
16 11 1
16 12 2
16 13 2
16 14 4
16 15 2
17 0 5
17 1 4
17 2 3
17 3 2
17 4 1
17 5 5
17 6 5
17 7 5
17 8 4
17 9 4
17 10 2
17 11 1
17 12 1
17 13 1
17 14 2
17 15 3
17 16 1
18 0 3
18 1 4
18 2 3
18 3 1
18 4 4
18 5 5
18 6 3
18 7 2
18 8 1
18 9 2
18 10 3
18 11 2
18 12 4
18 13 5
18 14 1
18 15 5
18 16 1
18 17 1
19 0 2
19 1 1
19 2 5
19 3 2
19 4 4
19 5 5
19 6 5
19 7 3
19 8 3
19 9 2
19 10 1
19 11 4
19 12 2
19 13 4
19 14 4
19 15 4
19 16 1
19 17 5
19 18 5
