20
1 0 1
2 0 3
2 1 2
3 0 3
3 1 3
3 2 3
4 0 1
4 1 2
4 2 1
4 3 1
5 0 1
5 1 3
5 2 1
5 3 1
5 4 2
6 0 3
6 1 1
6 2 3
6 3 1
6 4 2
6 5 1
7 0 3
7 1 2
7 2 2
7 3 1
7 4 1
7 5 1
7 6 3
8 0 2
8 1 2
8 2 3
8 3 2
8 4 3
8 5 3
8 6 3
8 7 1
9 0 1
9 1 2
9 2 1
9 3 3
9 4 3
9 5 1
9 6 2
9 7 3
9 8 1
10 0 1
10 1 2
10 2 1
10 3 3
10 4 1
10 5 1
10 6 2
10 7 3
10 8 3
10 9 3
11 0 1
11 1 2
11 2 1
11 3 3
11 4 3
11 5 2
11 6 3
11 7 2
11 8 2
11 9 3
11 10 2
12 0 3
12 1 3
12 2 2
12 3 1
12 4 1
12 5 2
12 6 1
12 7 1
12 8 1
12 9 1
12 10 3
12 11 1
13 0 3
13 1 1
13 2 2
13 3 1
13 4 2
13 5 2
13 6 1
13 7 3
13 8 1
13 9 2
13 10 3
13 11 3
13 12 3
14 0 1
14 1 2
14 2 2
14 3 1
14 4 2
14 5 2
14 6 3
14 7 1
14 8 3
14 9 1
14 10 3
14 11 1
14 12 3
14 13 1
15 0 1
15 1 2
15 2 2
15 3 3
15 4 3
15 5 3
15 6 2
15 7 1
15 8 2
15 9 1
15 10 2
15 11 2
15 12 2
15 13 3
15 14 3
16 0 3
16 1 2
16 2 3
16 3 3
16 4 2
16 5 1
16 6 2
16 7 2
16 8 3
16 9 1
16 10 3
16 11 2
16 12 2
16 13 2
16 14 3
16 15 2
17 0 3
17 1 3
17 2 1
17 3 3
17 4 2
17 5 3
17 6 3
17 7 3
17 8 1
17 9 1
17 10 2
17 11 1
17 12 2
17 13 2
17 14 3
17 15 2
17 16 2
18 0 1
18 1 2
18 2 3
18 3 2
18 4 2
18 5 3
18 6 3
18 7 2
18 8 3
18 9 1
18 10 2
18 11 2
18 12 1
18 13 2
18 14 3
18 15 1
18 16 3
18 17 3
19 0 1
19 1 2
19 2 3
19 3 2
19 4 2
19 5 3
19 6 3
19 7 2
19 8 2
19 9 3
19 10 2
19 11 2
19 12 1
19 13 3
19 14 2
19 15 2
19 16 3
19 17 3
19 18 2
