60
1 0 1
2 1 2
3 2 1
4 0 3
4 2 1
5 1 1
5 3 2
6 0 3
6 1 1
6 4 1
7 1 3
7 3 1
7 4 3
8 0 1
8 2 2
8 7 2
9 1 1
10 1 2
10 2 3
10 3 2
10 7 1
11 3 2
11 5 1
11 6 1
11 7 3
12 2 1
12 3 2
12 4 1
13 2 2
13 4 1
13 5 1
13 12 1
14 5 2
14 7 2
14 8 3
14 9 3
15 0 1
15 2 2
15 3 2
15 4 1
15 7 2
15 8 3
15 9 2
15 10 2
15 11 1
15 14 1
16 0 3
16 3 3
16 4 3
16 8 2
16 10 1
16 11 2
16 12 2
16 14 2
16 15 1
17 0 3
17 4 2
17 5 3
17 6 1
17 8 1
17 9 2
17 11 2
17 12 2
18 1 3
18 2 2
18 3 3
18 4 1
18 8 2
18 9 3
18 10 3
18 12 2
18 13 1
18 14 1
18 15 2
19 3 2
19 5 3
19 9 2
19 10 1
19 11 2
19 12 1
19 13 2
19 15 3
19 16 3
19 17 1
19 18 2
20 2 2
20 3 1
20 4 2
20 6 2
20 10 2
20 12 2
20 14 1
20 15 2
20 16 1
20 18 2
20 19 1
21 0 2
21 2 3
21 5 3
21 6 3
21 7 3
21 12 3
21 16 1
21 19 1
21 20 2
22 0 2
22 1 1
22 3 2
22 5 3
22 7 1
22 9 3
22 12 1
22 14 1
22 15 3
22 16 3
22 19 2
23 0 3
23 2 3
23 3 1
23 6 1
23 9 3
23 13 2
23 15 3
23 16 1
23 18 3
23 19 2
23 20 2
24 1 2
24 2 2
24 4 2
24 5 2
24 6 1
24 7 2
24 8 2
24 11 2
24 12 1
24 13 3
24 15 2
24 17 1
24 19 2
25 1 3
25 2 2
25 6 1
25 7 1
25 8 1
25 9 2
25 10 1
25 15 2
25 16 2
25 19 3
25 20 2
25 22 2
25 23 1
25 24 3
26 3 3
26 5 1
26 7 2
26 9 1
26 10 3
26 11 2
26 12 2
26 13 3
26 16 2
26 18 1
26 20 1
26 22 3
26 24 3
27 1 3
27 2 2
27 3 1
27 4 2
27 5 3
27 6 2
27 14 1
27 16 2
27 19 3
27 22 3
27 23 2
28 0 3
28 4 2
28 5 3
28 7 3
28 8 3
28 10 2
28 12 1
28 13 1
28 14 3
28 16 3
28 17 3
28 19 2
28 20 3
28 22 2
28 23 3
28 24 3
28 25 2
28 26 1
28 27 2
29 0 3
29 1 2
29 4 3
29 7 1
29 8 2
29 12 2
29 13 3
29 14 1
29 15 3
29 18 3
29 19 3
29 21 2
29 23 1
29 26 1
30 0 1
30 2 3
30 3 1
30 4 2
30 5 1
30 10 2
30 12 1
30 13 2
30 16 3
30 17 1
30 18 3
30 19 1
30 20 2
30 21 3
30 24 1
30 25 1
30 28 3
30 29 1
31 1 3
31 5 2
31 7 1
31 13 3
31 22 3
31 23 2
31 25 2
31 27 2
31 28 1
31 29 3
31 30 3
32 0 3
32 2 3
32 3 1
32 5 1
32 6 2
32 8 3
32 12 2
32 13 2
32 15 1
32 16 3
32 22 1
32 25 3
32 27 2
32 28 2
32 29 1
32 31 2
33 3 1
33 4 2
33 6 2
33 7 2
33 12 2
33 13 1
33 14 1
33 15 1
33 16 2
33 19 2
33 20 3
33 21 3
33 23 1
33 24 3
33 26 2
33 29 2
33 31 3
33 32 3
34 0 2
34 3 3
34 4 3
34 5 2
34 7 2
34 8 1
34 9 3
34 11 3
34 12 2
34 16 1
34 17 3
34 18 3
34 22 2
34 23 3
34 24 1
34 26 1
34 27 1
35 1 1
35 4 2
35 9 2
35 10 3
35 12 1
35 13 1
35 15 2
35 18 2
35 19 3
35 20 2
35 21 1
35 22 3
35 23 2
35 24 3
35 26 2
35 28 3
35 32 1
36 1 3
36 4 2
36 5 3
36 6 1
36 8 1
36 9 3
36 11 3
36 13 1
36 14 3
36 15 1
36 16 3
36 18 2
36 23 1
36 25 2
36 26 3
36 27 1
36 32 2
36 34 2
37 0 1
37 2 2
37 3 3
37 4 3
37 7 3
37 9 2
37 12 1
37 13 1
37 15 1
37 16 2
37 20 1
37 22 1
37 25 1
37 27 2
37 29 2
37 30 2
37 31 1
37 32 3
37 33 3
37 35 2
37 36 3
38 1 1
38 2 1
38 5 2
38 8 1
38 10 1
38 12 3
38 13 2
38 15 1
38 17 1
38 18 2
38 19 3
38 20 1
38 22 3
38 23 3
38 24 3
38 25 3
38 28 1
38 31 3
38 33 3
38 34 1
39 0 2
39 1 2
39 2 2
39 10 2
39 12 3
39 13 3
39 16 2
39 17 1
39 18 1
39 21 3
39 22 3
39 25 1
39 26 2
39 28 1
39 30 2
39 37 1
40 0 1
40 1 1
40 2 1
40 5 2
40 6 2
40 7 1
40 9 3
40 10 1
40 11 2
40 12 1
40 15 3
40 17 2
40 18 1
40 19 3
40 20 3
40 21 3
40 22 3
40 23 1
40 26 3
40 30 3
40 31 1
40 32 1
40 34 2
40 35 1
41 0 3
41 1 2
41 3 1
41 5 2
41 8 2
41 9 2
41 12 3
41 13 1
41 14 2
41 15 1
41 18 3
41 20 2
41 27 1
41 28 1
41 29 2
41 35 3
41 36 1
42 2 2
42 7 2
42 10 2
42 11 1
42 13 3
42 20 2
42 21 3
42 22 3
42 23 1
42 25 2
42 29 1
42 30 2
42 31 2
42 32 1
42 34 3
42 39 3
43 0 1
43 1 1
43 3 2
43 5 3
43 11 1
43 12 1
43 13 2
43 14 1
43 16 1
43 17 1
43 19 1
43 25 2
43 26 2
43 27 1
43 29 2
43 30 3
43 31 1
43 32 1
43 36 3
43 37 3
43 38 1
43 40 2
43 41 3
43 42 3
44 1 3
44 4 2
44 5 2
44 8 3
44 9 3
44 10 3
44 13 2
44 17 3
44 21 2
44 24 1
44 28 3
44 29 2
44 31 2
44 33 2
44 35 1
44 36 3
44 38 1
44 41 2
45 0 1
45 4 1
45 7 1
45 8 1
45 9 3
45 10 1
45 12 3
45 15 3
45 17 2
45 18 3
45 21 1
45 23 1
45 25 3
45 29 3
45 30 2
45 32 2
45 33 1
45 37 2
45 42 3
45 43 1
45 44 3
46 1 1
46 4 3
46 6 1
46 7 1
46 8 1
46 12 2
46 14 3
46 15 3
46 16 3
46 18 3
46 20 2
46 21 3
46 22 2
46 24 1
46 27 3
46 29 2
46 33 2
46 35 1
46 41 1
46 42 3
46 43 2
46 44 2
47 0 3
47 3 2
47 5 3
47 6 3
47 7 3
47 8 1
47 9 2
47 12 2
47 13 2
47 16 1
47 17 1
47 18 3
47 19 3
47 20 3
47 24 1
47 25 2
47 28 3
47 30 2
47 31 2
47 32 1
47 33 2
47 35 3
47 38 3
47 41 1
47 42 2
47 43 1
47 44 3
47 46 3
48 0 1
48 1 1
48 2 3
48 4 1
48 10 1
48 11 1
48 12 1
48 13 1
48 16 3
48 18 3
48 19 1
48 20 1
48 22 2
48 31 1
48 32 1
48 34 1
48 37 2
48 41 1
48 42 3
48 44 3
48 47 2
49 3 2
49 4 1
49 5 1
49 6 3
49 7 3
49 8 3
49 12 3
49 13 3
49 14 2
49 15 1
49 17 2
49 18 3
49 19 1
49 20 2
49 23 2
49 25 2
49 26 2
49 28 1
49 29 3
49 31 2
49 33 1
49 34 1
49 35 2
49 36 3
49 37 3
49 40 3
49 41 3
49 42 3
49 43 2
49 47 1
50 1 3
50 2 1
50 6 2
50 7 3
50 9 3
50 10 2
50 11 3
50 13 1
50 15 1
50 17 1
50 18 2
50 19 2
50 20 2
50 21 2
50 22 2
50 23 2
50 27 3
50 28 2
50 29 2
50 30 1
50 32 2
50 33 1
50 37 1
50 38 3
50 40 2
50 42 3
50 43 3
50 46 1
51 1 1
51 2 2
51 9 2
51 12 2
51 13 3
51 14 3
51 19 3
51 22 2
51 25 3
51 26 3
51 27 2
51 32 2
51 34 2
51 35 1
51 36 3
51 39 3
51 41 1
51 43 2
51 45 2
52 0 1
52 1 3
52 2 3
52 3 3
52 4 1
52 5 2
52 8 2
52 10 1
52 11 1
52 16 3
52 18 3
52 19 2
52 20 2
52 21 1
52 22 3
52 23 1
52 25 1
52 29 3
52 30 2
52 33 1
52 35 1
52 37 3
52 39 2
52 40 3
52 41 2
52 43 2
52 49 3
53 0 2
53 2 3
53 3 2
53 4 2
53 5 2
53 8 1
53 11 2
53 13 2
53 14 1
53 15 2
53 16 3
53 19 3
53 20 1
53 24 3
53 28 2
53 30 3
53 31 2
53 33 1
53 34 3
53 37 2
53 38 1
53 39 3
53 41 1
53 44 2
53 45 1
53 47 2
53 52 1
54 11 1
54 12 2
54 13 2
54 14 3
54 18 2
54 20 2
54 21 3
54 22 3
54 23 1
54 25 1
54 26 3
54 27 1
54 28 1
54 30 3
54 31 3
54 32 3
54 35 3
54 36 1
54 38 2
54 42 3
54 45 2
54 46 2
54 48 3
54 49 1
54 50 2
55 0 1
55 2 1
55 5 3
55 6 2
55 8 2
55 11 2
55 12 2
55 13 3
55 17 2
55 18 1
55 20 3
55 21 1
55 22 3
55 23 3
55 25 2
55 26 2
55 27 1
55 28 2
55 30 2
55 31 2
55 32 3
55 33 1
55 34 1
55 36 1
55 39 2
55 41 2
55 43 1
55 44 2
55 47 1
55 48 1
55 49 1
56 0 3
56 1 3
56 2 1
56 3 3
56 4 2
56 5 1
56 6 3
56 7 2
56 9 1
56 11 2
56 13 1
56 14 3
56 16 1
56 19 2
56 21 1
56 22 1
56 23 2
56 26 1
56 27 3
56 29 2
56 31 2
56 32 2
56 33 1
56 34 2
56 35 1
56 39 1
56 41 2
56 45 1
56 47 1
56 54 1
57 0 2
57 1 3
57 2 2
57 6 2
57 7 1
57 8 1
57 9 1
57 10 1
57 11 2
57 12 1
57 14 1
57 16 2
57 18 1
57 20 2
57 22 2
57 24 2
57 25 3
57 26 2
57 27 2
57 30 2
57 32 3
57 33 3
57 34 3
57 35 2
57 36 3
57 37 1
57 39 2
57 41 2
57 42 3
57 43 1
57 44 1
57 46 1
57 47 1
57 50 3
57 51 3
57 52 2
57 53 2
57 54 3
57 56 1
58 4 1
58 5 3
58 7 3
58 8 1
58 12 2
58 14 3
58 16 3
58 18 1
58 19 3
58 20 1
58 22 2
58 23 2
58 24 3
58 27 2
58 28 1
58 29 3
58 30 3
58 31 2
58 32 3
58 35 1
58 37 3
58 40 2
58 41 1
58 43 1
58 44 1
58 47 1
58 49 2
58 52 2
58 53 2
58 55 3
58 56 2
59 0 3
59 1 2
59 2 1
59 7 1
59 8 1
59 9 2
59 11 3
59 12 2
59 13 1
59 15 2
59 17 1
59 18 2
59 21 2
59 23 3
59 26 3
59 28 3
59 29 2
59 32 2
59 33 2
59 35 1
59 37 2
59 39 1
59 40 2
59 43 2
59 44 1
59 45 3
59 48 3
59 51 3
59 52 3
59 53 2
59 57 1
