60
2 1 6
3 1 2
4 0 5
4 2 4
5 0 1
6 0 2
6 1 1
6 2 3
6 4 1
7 2 3
7 3 5
7 4 1
7 5 3
8 2 2
8 4 2
8 6 3
9 0 7
9 3 3
9 6 6
9 7 6
10 1 4
10 2 6
10 4 4
10 5 2
10 6 7
10 9 4
11 0 6
11 1 1
11 2 2
11 3 2
11 4 1
11 8 2
11 9 5
11 10 3
12 0 1
12 1 3
12 2 1
12 3 7
12 4 5
12 5 2
12 6 7
12 9 7
13 0 3
13 5 5
13 9 3
13 10 1
13 11 6
13 12 7
14 1 4
14 3 5
14 5 3
14 6 1
14 8 2
14 9 4
14 10 1
14 11 7
14 12 5
14 13 6
15 0 5
15 3 1
15 5 7
15 10 3
15 11 4
15 13 3
16 0 4
16 8 2
16 10 6
16 11 2
16 12 3
16 15 6
17 1 1
17 3 3
17 5 1
17 9 2
17 10 5
17 11 7
17 13 4
17 14 3
17 15 3
18 0 2
18 9 5
18 10 2
18 11 2
18 12 2
18 13 7
18 14 4
18 17 1
19 1 5
19 3 5
19 4 3
19 7 5
19 8 7
19 10 5
19 11 4
19 14 1
19 16 3
19 18 2
20 0 5
20 1 3
20 2 3
20 3 5
20 4 6
20 6 2
20 7 6
20 8 5
20 9 6
20 10 1
20 12 6
20 15 7
21 4 3
21 5 6
21 6 3
21 7 2
21 9 5
21 11 5
21 13 6
21 16 4
21 19 7
22 0 2
22 1 5
22 2 5
22 3 5
22 7 3
22 8 3
22 9 5
22 11 7
22 17 7
22 18 4
22 20 6
22 21 2
23 0 6
23 2 2
23 5 7
23 7 4
23 8 4
23 11 7
23 12 4
23 16 1
23 17 2
23 18 4
23 19 6
23 22 3
24 0 3
24 1 7
24 2 5
24 9 3
24 12 6
24 13 4
24 14 2
24 18 6
24 21 2
24 23 1
25 0 3
25 4 4
25 5 2
25 6 1
25 7 5
25 9 6
25 10 4
25 13 7
25 16 7
25 19 1
25 20 4
25 21 6
25 23 4
26 1 6
26 3 4
26 4 3
26 6 2
26 7 2
26 12 1
26 14 5
26 15 6
26 17 1
26 18 1
26 20 1
26 21 7
26 22 4
26 24 4
26 25 4
27 0 7
27 3 7
27 5 4
27 6 2
27 7 2
27 9 4
27 10 2
27 12 4
27 14 7
27 16 7
27 17 1
27 18 7
27 20 4
27 22 7
27 23 4
27 25 7
28 0 4
28 2 6
28 3 7
28 4 3
28 5 6
28 8 3
28 11 3
28 14 1
28 15 6
28 21 4
28 22 2
28 26 3
29 3 2
29 5 7
29 7 4
29 9 7
29 10 5
29 11 2
29 12 5
29 17 5
29 18 5
29 19 6
29 21 2
29 24 1
29 25 7
29 26 6
29 27 6
29 28 1
30 2 4
30 3 7
30 4 4
30 8 4
30 9 5
30 10 4
30 12 4
30 13 3
30 15 5
30 16 6
30 17 5
30 21 7
30 23 4
30 26 4
30 29 4
31 2 4
31 4 1
31 5 4
31 6 1
31 7 1
31 10 7
31 11 1
31 13 2
31 15 7
31 16 3
31 20 1
31 22 4
31 24 1
31 25 2
31 26 1
31 28 3
31 30 4
32 0 6
32 2 7
32 3 5
32 4 6
32 5 2
32 6 3
32 7 7
32 8 3
32 9 1
32 12 1
32 18 5
32 22 7
32 23 3
32 24 1
32 27 4
32 30 3
33 2 7
33 4 7
33 8 7
33 11 2
33 13 7
33 16 7
33 19 3
33 21 3
33 22 5
33 23 6
33 25 1
33 26 2
33 28 5
33 29 4
34 0 4
34 3 2
34 4 6
34 6 5
34 8 7
34 9 3
34 11 3
34 12 2
34 16 3
34 18 6
34 19 3
34 22 4
34 23 3
34 25 7
34 31 7
35 0 3
35 3 6
35 4 3
35 6 5
35 11 3
35 12 2
35 14 3
35 16 7
35 18 4
35 20 5
35 21 1
35 27 1
35 33 5
36 2 4
36 8 4
36 9 2
36 12 5
36 13 7
36 15 4
36 17 5
36 18 4
36 19 6
36 20 5
36 21 4
36 24 3
36 26 1
36 28 1
36 30 6
36 32 6
36 33 1
36 34 3
36 35 7
37 2 1
37 3 1
37 8 7
37 10 4
37 14 2
37 16 1
37 17 6
37 18 3
37 20 1
37 21 1
37 22 4
37 25 6
37 26 2
37 27 2
37 29 4
37 30 4
37 32 4
37 33 7
38 0 2
38 1 3
38 3 2
38 9 2
38 11 3
38 16 3
38 17 7
38 22 5
38 23 2
38 25 3
38 26 5
38 27 5
38 30 2
38 33 3
38 36 3
38 37 7
39 0 2
39 1 7
39 3 4
39 4 6
39 6 6
39 7 7
39 9 5
39 10 5
39 11 3
39 13 3
39 14 4
39 19 2
39 21 4
39 22 6
39 23 5
39 25 6
39 27 1
39 29 5
39 31 1
39 32 6
39 33 4
39 36 1
39 37 3
39 38 3
40 0 2
40 1 7
40 5 1
40 6 3
40 7 6
40 10 6
40 13 1
40 14 7
40 16 7
40 17 1
40 21 6
40 23 2
40 25 1
40 27 4
40 28 4
40 31 3
40 33 6
40 35 4
40 37 4
40 38 1
40 39 4
41 0 1
41 1 1
41 2 3
41 6 3
41 12 7
41 13 4
41 14 2
41 17 5
41 18 1
41 19 7
41 20 6
41 21 6
41 23 3
41 26 7
41 30 7
41 31 6
41 32 2
41 34 6
41 38 7
41 39 6
41 40 4
42 0 7
42 1 6
42 3 6
42 5 3
42 6 1
42 7 1
42 9 7
42 11 4
42 13 3
42 14 7
42 15 4
42 17 1
42 18 2
42 19 1
42 20 3
42 21 6
42 25 6
42 26 3
42 29 3
42 31 7
42 33 2
42 36 6
42 37 7
42 39 4
43 0 1
43 1 6
43 2 4
43 6 3
43 7 7
43 12 1
43 14 1
43 19 6
43 21 6
43 22 5
43 23 7
43 24 2
43 27 4
43 28 5
43 29 5
43 33 3
43 37 5
43 40 3
43 42 5
44 0 3
44 2 3
44 4 6
44 5 2
44 6 1
44 8 4
44 9 4
44 10 7
44 13 1
44 15 1
44 17 5
44 18 4
44 19 3
44 24 5
44 30 6
44 31 4
44 34 1
44 39 1
44 40 7
44 41 3
44 42 3
45 1 6
45 5 1
45 7 5
45 8 4
45 9 7
45 11 2
45 12 4
45 14 3
45 16 5
45 21 7
45 25 6
45 26 1
45 27 1
45 31 3
45 32 1
45 37 1
45 38 4
45 40 7
45 42 7
45 43 5
46 1 3
46 2 2
46 6 2
46 7 7
46 8 4
46 9 3
46 11 3
46 12 2
46 13 6
46 14 6
46 16 7
46 17 6
46 18 7
46 19 7
46 23 7
46 24 5
46 25 6
46 26 2
46 27 4
46 31 3
46 32 3
46 33 3
46 35 6
46 36 1
46 39 3
46 40 4
46 41 2
46 42 5
46 43 2
46 45 3
47 0 4
47 1 4
47 4 7
47 5 4
47 12 4
47 13 7
47 14 7
47 15 2
47 16 6
47 17 3
47 18 3
47 20 2
47 24 4
47 25 3
47 28 3
47 29 3
47 31 1
47 34 7
47 38 5
47 40 5
47 41 3
47 43 6
47 44 2
47 46 2
48 4 3
48 6 3
48 7 6
48 8 3
48 9 4
48 10 5
48 14 6
48 15 2
48 16 4
48 17 6
48 22 6
48 23 1
48 24 4
48 25 1
48 26 7
48 27 3
48 28 7
48 32 2
48 33 6
48 34 6
48 35 4
48 36 4
48 39 6
48 43 5
49 0 4
49 1 4
49 2 6
49 3 2
49 7 6
49 9 3
49 10 2
49 14 2
49 15 1
49 16 2
49 20 7
49 22 1
49 24 1
49 25 1
49 26 1
49 29 5
49 30 7
49 31 2
49 32 1
49 35 1
49 36 6
49 39 4
49 40 4
49 41 3
49 43 7
49 45 4
49 47 6
50 0 5
50 2 4
50 4 3
50 7 5
50 8 5
50 9 1
50 11 2
50 12 6
50 14 1
50 20 4
50 23 4
50 26 4
50 28 6
50 38 3
50 39 6
50 47 3
50 49 4
51 0 3
51 3 2
51 4 7
51 5 2
51 6 1
51 8 3
51 11 2
51 13 2
51 16 3
51 18 4
51 19 7
51 20 4
51 21 2
51 22 5
51 24 7
51 25 5
51 26 5
51 27 1
51 29 2
51 33 1
51 36 7
51 38 3
51 39 4
51 41 4
51 42 6
51 50 3
52 0 4
52 3 4
52 5 5
52 7 2
52 8 4
52 9 4
52 10 1
52 11 4
52 12 4
52 20 6
52 22 4
52 23 5
52 24 1
52 28 5
52 29 5
52 31 2
52 32 6
52 33 7
52 35 3
52 36 2
52 37 6
52 40 5
52 42 3
52 43 4
52 45 6
52 47 1
52 48 3
52 51 5
53 4 6
53 11 5
53 12 3
53 13 3
53 14 1
53 15 5
53 16 2
53 17 2
53 18 4
53 20 3
53 24 1
53 25 3
53 29 3
53 33 4
53 34 1
53 39 3
53 40 1
53 42 5
53 43 6
53 45 6
53 46 3
53 49 1
53 51 1
53 52 3
54 0 2
54 1 6
54 2 4
54 4 2
54 5 1
54 6 3
54 7 1
54 8 5
54 9 6
54 11 3
54 12 4
54 13 6
54 14 6
54 18 7
54 20 1
54 21 1
54 22 6
54 23 6
54 25 3
54 28 3
54 36 4
54 37 2
54 39 4
54 41 5
54 45 5
54 50 7
54 51 7
54 52 4
54 53 4
55 0 2
55 1 2
55 6 3
55 7 7
55 8 4
55 9 5
55 10 4
55 11 6
55 14 6
55 18 3
55 20 1
55 21 1
55 23 4
55 24 4
55 26 5
55 27 5
55 29 4
55 30 3
55 31 2
55 32 6
55 33 5
55 37 2
55 42 2
55 45 6
55 47 3
55 48 3
55 49 3
55 50 2
55 51 6
55 52 6
56 5 1
56 6 7
56 7 7
56 9 3
56 12 3
56 18 2
56 19 5
56 20 4
56 21 5
56 23 6
56 25 4
56 26 3
56 27 4
56 28 4
56 31 7
56 32 2
56 35 5
56 37 3
56 39 5
56 40 5
56 44 6
56 45 7
56 47 7
56 52 3
56 55 3
57 1 1
57 2 4
57 3 6
57 5 7
57 7 1
57 11 1
57 13 5
57 17 1
57 19 1
57 21 2
57 22 1
57 23 2
57 26 5
57 35 6
57 37 7
57 40 2
57 44 6
57 46 5
57 47 2
57 48 6
57 51 4
57 52 7
57 53 4
57 54 5
57 56 1
58 3 7
58 5 5
58 8 1
58 9 1
58 10 5
58 12 1
58 13 7
58 15 3
58 17 2
58 19 4
58 20 6
58 23 6
58 27 4
58 28 3
58 29 4
58 31 5
58 32 6
58 35 7
58 36 3
58 41 1
58 47 6
58 51 5
58 52 5
58 56 7
58 57 6
59 1 7
59 4 4
59 5 3
59 6 6
59 9 4
59 11 7
59 12 2
59 13 2
59 15 2
59 19 7
59 21 4
59 22 5
59 23 5
59 26 5
59 27 4
59 28 1
59 30 5
59 31 7
59 32 6
59 34 3
59 36 2
59 37 7
59 40 1
59 41 7
59 44 2
59 46 3
59 47 6
59 49 6
59 50 5
59 51 5
59 54 3
59 55 4
59 56 2
59 57 2
59 58 1
