30
1 0 2
2 0 2
2 1 2
3 0 4
3 1 4
3 2 3
4 0 4
4 1 4
4 2 1
4 3 3
5 0 3
5 1 3
5 2 4
5 3 1
5 4 4
6 0 4
6 1 1
6 2 3
6 3 2
6 4 2
6 5 4
7 0 3
7 1 4
7 2 1
7 3 3
7 4 1
7 5 3
7 6 1
8 0 2
8 1 3
8 2 4
8 3 4
8 4 4
8 5 3
8 6 4
8 7 3
9 0 1
9 1 2
9 2 1
9 3 1
9 4 3
9 5 3
9 6 4
9 7 4
9 8 4
10 0 2
10 1 3
10 2 4
10 3 1
10 4 2
10 5 3
10 6 2
10 7 1
10 8 2
10 9 2
11 0 2
11 1 1
11 2 4
11 3 2
11 4 4
11 5 3
11 6 4
11 7 3
11 8 4
11 9 2
11 10 1
12 0 3
12 1 3
12 2 4
12 3 2
12 4 2
12 5 4
12 6 2
12 7 1
12 8 4
12 9 3
12 10 3
12 11 2
13 0 1
13 1 3
13 2 2
13 3 2
13 4 3
13 5 4
13 6 2
13 7 4
13 8 3
13 9 1
13 10 2
13 11 2
13 12 4
14 0 3
14 1 4
14 2 3
14 3 4
14 4 2
14 5 3
14 6 3
14 7 3
14 8 3
14 9 2
14 10 1
14 11 2
14 12 1
14 13 2
15 0 2
15 1 4
15 2 2
15 3 1
15 4 4
15 5 3
15 6 1
15 7 3
15 8 3
15 9 1
15 10 2
15 11 1
15 12 2
15 13 3
15 14 1
16 0 2
16 1 1
16 2 4
16 3 4
16 4 1
16 5 4
16 6 3
16 7 1
16 8 4
16 9 4
16 10 4
16 11 1
16 12 2
16 13 3
16 14 1
16 15 1
17 0 3
17 1 4
17 2 1
17 3 3
17 4 4
17 5 1
17 6 3
17 7 3
17 8 1
17 9 1
17 10 1
17 11 1
17 12 3
17 13 1
17 14 1
17 15 2
17 16 1
18 0 3
18 1 2
18 2 3
18 3 1
18 4 4
18 5 1
18 6 4
18 7 3
18 8 4
18 9 3
18 10 1
18 11 1
18 12 3
18 13 4
18 14 2
18 15 1
18 16 4
18 17 2
19 0 4
19 1 3
19 2 4
19 3 3
19 4 2
19 5 4
19 6 4
19 7 2
19 8 4
19 9 3
19 10 3
19 11 3
19 12 1
19 13 4
19 14 1
19 15 3
19 16 1
19 17 1
19 18 3
20 0 1
20 1 4
20 2 2
20 3 3
20 4 3
20 5 4
20 6 2
20 7 1
20 8 1
20 9 1
20 10 1
20 11 1
20 12 3
20 13 4
20 14 4
20 15 3
20 16 2
20 17 4
20 18 4
20 19 3
21 0 3
21 1 4
21 2 3
21 3 3
21 4 2
21 5 1
21 6 2
21 7 4
21 8 2
21 9 2
21 10 1
21 11 2
21 12 3
21 13 4
21 14 2
21 15 2
21 16 1
21 17 2
21 18 2
21 19 3
21 20 2
22 0 2
22 1 2
22 2 2
22 3 4
22 4 2
22 5 3
22 6 4
22 7 4
22 8 2
22 9 2
22 10 3
22 11 1
22 12 2
22 13 4
22 14 2
22 15 4
22 16 3
22 17 1
22 18 4
22 19 3
22 20 2
22 21 1
23 0 3
23 1 4
23 2 3
23 3 4
23 4 3
23 5 4
23 6 1
23 7 2
23 8 4
23 9 4
23 10 2
23 11 2
23 12 3
23 13 3
23 14 2
23 15 4
23 16 1
23 17 2
23 18 1
23 19 4
23 20 2
23 21 3
23 22 1
24 0 2
24 1 1
24 2 1
24 3 1
24 4 1
24 5 4
24 6 1
24 7 1
24 8 3
24 9 4
24 10 1
24 11 1
24 12 1
24 13 4
24 14 1
24 15 2
24 16 3
24 17 3
24 18 2
24 19 3
24 20 4
24 21 4
24 22 4
24 23 1
25 0 4
25 1 2
25 2 1
25 3 4
25 4 1
25 5 4
25 6 2
25 7 2
25 8 1
25 9 3
25 10 2
25 11 1
25 12 1
25 13 1
25 14 4
25 15 1
25 16 2
25 17 4
25 18 2
25 19 1
25 20 3
25 21 3
25 22 1
25 23 4
25 24 2
26 0 1
26 1 2
26 2 3
26 3 2
26 4 2
26 5 4
26 6 4
26 7 4
26 8 4
26 9 3
26 10 1
26 11 4
26 12 1
26 13 4
26 14 3
26 15 1
26 16 4
26 17 1
26 18 3
26 19 4
26 20 2
26 21 1
26 22 4
26 23 1
26 24 4
26 25 1
27 0 2
27 1 4
27 2 1
27 3 2
27 4 4
27 5 3
27 6 4
27 7 3
27 8 1
27 9 2
27 10 3
27 11 2
27 12 2
27 13 1
27 14 4
27 15 1
27 16 2
27 17 1
27 18 3
27 19 3
27 20 2
27 21 3
27 22 2
27 23 4
27 24 2
27 25 3
27 26 2
28 0 3
28 1 4
28 2 1
28 3 2
28 4 4
28 5 1
28 6 3
28 7 3
28 8 3
28 9 4
28 10 2
28 11 1
28 12 2
28 13 1
28 14 1
28 15 3
28 16 4
28 17 3
28 18 2
28 19 2
28 20 1
28 21 2
28 22 4
28 23 1
28 24 2
28 25 3
28 26 2
28 27 1
29 0 4
29 1 3
29 2 3
29 3 1
29 4 1
29 5 3
29 6 1
29 7 1
29 8 1
29 9 2
29 10 1
29 11 3
29 12 1
29 13 1
29 14 1
29 15 1
29 16 3
29 17 4
29 18 2
29 19 1
29 20 3
29 21 2
29 22 1
29 23 1
29 24 3
29 25 3
29 26 3
29 27 2
29 28 2
