70
1 0 1
2 0 4
3 1 2
4 0 2
4 2 5
4 3 8
5 1 8
6 1 6
6 2 4
6 4 1
7 0 5
7 1 3
7 2 1
7 3 2
7 4 1
7 6 4
8 1 1
8 2 7
8 3 1
8 5 3
8 7 8
9 0 1
9 3 1
9 4 2
9 6 3
10 0 4
10 1 7
10 2 4
10 6 6
11 0 4
11 2 3
11 6 4
11 7 4
11 10 2
12 1 1
12 3 1
12 9 7
12 11 2
13 4 4
13 5 2
13 7 2
13 8 1
13 9 7
13 12 7
14 1 5
14 5 6
14 6 4
14 7 4
14 8 7
14 9 2
14 10 6
14 11 5
14 12 2
14 13 6
15 1 3
15 3 3
15 5 6
15 6 1
15 7 2
15 8 5
15 9 4
15 12 6
15 14 8
16 1 8
16 3 3
16 5 1
16 8 6
16 9 2
16 10 4
16 12 1
16 14 2
17 0 6
17 1 1
17 2 1
17 4 6
17 7 2
17 9 6
17 10 6
17 11 3
17 12 1
17 13 8
17 14 5
17 16 1
18 0 1
18 2 2
18 9 4
18 10 6
18 15 5
18 16 4
18 17 6
19 0 6
19 1 1
19 2 3
19 6 8
19 9 8
19 10 4
19 12 3
19 14 1
19 15 4
19 16 7
20 0 4
20 1 8
20 5 8
20 10 8
20 12 2
20 14 7
20 17 8
20 18 2
21 2 3
21 3 2
21 5 6
21 6 5
21 8 6
21 9 1
21 10 3
21 11 6
21 12 8
21 13 6
21 14 1
21 15 7
21 19 2
22 5 1
22 6 8
22 7 7
22 8 3
22 12 8
22 14 6
22 15 5
22 18 7
22 21 7
23 1 6
23 3 6
23 5 6
23 6 2
23 10 4
23 11 7
23 13 1
23 14 8
23 15 5
23 17 3
23 19 3
23 20 8
23 21 3
24 0 6
24 1 7
24 2 4
24 3 3
24 4 8
24 7 8
24 8 4
24 12 5
24 14 8
24 16 5
24 18 5
24 21 5
24 22 7
24 23 6
25 4 4
25 5 2
25 6 2
25 7 3
25 8 1
25 12 8
25 15 8
25 17 4
25 21 7
26 1 1
26 2 3
26 3 4
26 5 4
26 6 3
26 12 1
26 14 4
26 16 1
26 18 5
26 21 5
26 23 2
26 25 1
27 1 3
27 4 3
27 6 1
27 8 1
27 10 7
27 12 4
27 13 6
27 17 8
27 19 6
27 20 5
27 22 2
27 23 6
27 24 4
27 25 5
27 26 3
28 0 8
28 2 2
28 4 8
28 5 6
28 8 2
28 10 1
28 11 1
28 12 5
28 13 4
28 17 8
28 19 1
28 20 6
28 21 8
29 0 4
29 3 4
29 7 2
29 10 2
29 11 2
29 12 2
29 13 3
29 17 8
29 18 6
29 25 3
29 26 4
30 0 2
30 1 1
30 2 4
30 5 8
30 7 3
30 11 7
30 12 4
30 14 2
30 17 5
30 19 6
30 20 2
30 21 7
30 24 1
30 25 3
30 27 5
30 28 8
30 29 3
31 0 1
31 3 4
31 6 6
31 7 3
31 14 8
31 15 2
31 16 7
31 20 7
31 22 7
31 26 4
31 27 2
31 28 1
31 29 8
31 30 4
32 0 4
32 4 5
32 5 6
32 7 6
32 9 7
32 11 2
32 12 8
32 16 8
32 17 4
32 19 4
32 20 6
32 21 4
32 22 3
32 23 7
32 26 1
32 27 1
32 28 2
32 30 8
33 1 8
33 2 5
33 3 2
33 4 6
33 5 6
33 6 1
33 7 3
33 9 3
33 12 6
33 13 7
33 16 7
33 17 3
33 18 8
33 19 2
33 20 8
33 21 6
33 25 6
33 27 5
33 28 7
33 29 3
33 32 4
34 1 5
34 2 4
34 3 6
34 6 4
34 7 5
34 11 8
34 14 7
34 17 4
34 18 6
34 19 2
34 20 8
34 24 4
34 26 7
34 27 4
34 30 5
34 31 5
34 32 3
35 4 1
35 5 4
35 6 2
35 8 6
35 12 4
35 14 2
35 19 1
35 20 4
35 23 3
35 28 1
35 31 1
35 34 4
36 0 1
36 2 6
36 3 7
36 4 1
36 9 4
36 10 4
36 14 2
36 15 1
36 18 3
36 20 3
36 21 1
36 24 7
36 25 4
36 26 8
36 28 5
36 30 3
36 31 8
36 33 4
36 35 1
37 1 8
37 2 8
37 4 7
37 6 3
37 7 1
37 10 2
37 12 3
37 14 3
37 17 8
37 18 1
37 20 1
37 22 2
37 23 2
37 26 7
37 27 4
37 28 7
37 29 7
37 31 1
37 32 7
37 33 2
37 34 4
37 36 3
38 1 1
38 4 6
38 6 3
38 8 8
38 9 6
38 13 7
38 17 4
38 18 8
38 19 7
38 22 7
38 23 2
38 26 8
38 27 1
38 29 6
38 30 6
38 31 7
38 32 2
38 35 3
38 36 8
38 37 8
39 0 7
39 1 8
39 3 3
39 4 1
39 11 7
39 14 1
39 16 7
39 17 5
39 18 8
39 19 8
39 21 2
39 28 3
39 31 7
39 34 6
39 36 5
40 1 6
40 5 1
40 8 4
40 9 4
40 10 6
40 11 6
40 12 4
40 14 4
40 15 3
40 17 1
40 18 6
40 19 2
40 23 4
40 26 6
40 28 1
40 30 3
40 31 3
40 33 2
40 35 3
40 38 5
41 0 3
41 1 5
41 3 1
41 4 1
41 6 5
41 7 1
41 8 1
41 12 5
41 15 3
41 16 6
41 18 6
41 19 1
41 22 2
41 24 2
41 25 3
41 26 4
41 28 4
41 29 3
41 33 2
41 34 8
41 35 6
41 36 2
41 37 3
42 0 7
42 1 6
42 2 8
42 4 4
42 5 3
42 6 6
42 7 6
42 11 3
42 12 5
42 16 2
42 17 1
42 18 7
42 19 1
42 20 3
42 21 3
42 22 7
42 25 6
42 26 5
42 30 1
42 33 2
42 35 7
42 36 7
42 38 2
42 39 7
43 0 1
43 1 4
43 2 6
43 4 3
43 5 4
43 6 8
43 9 2
43 10 3
43 11 7
43 12 5
43 13 7
43 14 6
43 16 1
43 17 8
43 18 6
43 25 8
43 28 8
43 29 7
43 31 7
43 32 4
43 34 5
43 36 8
43 37 6
44 0 6
44 1 5
44 2 6
44 3 5
44 6 6
44 8 8
44 10 7
44 11 3
44 12 7
44 13 2
44 14 6
44 15 2
44 20 8
44 24 4
44 27 2
44 28 8
44 31 3
44 32 6
44 33 1
44 34 7
44 36 4
44 37 4
44 40 2
44 41 2
44 42 2
45 4 5
45 7 3
45 8 7
45 11 5
45 12 7
45 14 5
45 20 6
45 21 3
45 22 1
45 25 6
45 26 6
45 27 8
45 31 2
45 32 2
45 33 5
45 34 5
45 37 4
45 38 1
45 40 6
45 41 3
45 43 1
45 44 2
46 0 4
46 1 2
46 6 3
46 8 1
46 12 1
46 13 1
46 14 8
46 16 8
46 18 3
46 19 5
46 20 7
46 24 8
46 25 5
46 26 7
46 27 3
46 28 5
46 29 8
46 30 8
46 32 6
46 34 3
46 36 7
46 39 1
46 40 4
46 42 1
46 43 7
46 44 5
46 45 4
47 4 8
47 5 5
47 6 8
47 9 1
47 10 8
47 14 8
47 16 1
47 17 8
47 18 6
47 19 3
47 20 4
47 21 1
47 24 1
47 25 6
47 26 4
47 28 8
47 29 8
47 31 4
47 32 1
47 35 2
47 39 5
47 40 4
47 44 6
48 0 7
48 1 3
48 3 4
48 7 5
48 8 7
48 11 1
48 14 6
48 15 3
48 16 6
48 17 1
48 18 4
48 19 3
48 20 2
48 22 6
48 24 5
48 26 6
48 27 8
48 28 3
48 30 4
48 36 3
48 37 6
48 38 3
48 41 5
48 43 1
48 44 6
48 47 5
49 0 1
49 3 2
49 4 3
49 5 3
49 9 1
49 11 4
49 14 8
49 15 1
49 17 1
49 18 7
49 20 8
49 23 6
49 24 7
49 27 3
49 28 5
49 30 3
49 32 5
49 35 2
49 37 7
49 38 1
49 39 2
49 40 6
49 42 1
49 43 1
49 44 3
50 2 4
50 3 8
50 4 1
50 5 4
50 6 1
50 8 5
50 9 8
50 10 8
50 11 2
50 12 3
50 13 8
50 15 7
50 20 2
50 24 1
50 27 6
50 35 3
50 39 7
50 42 4
50 45 2
50 46 2
50 47 2
50 48 5
51 0 2
51 4 6
51 7 8
51 12 1
51 13 7
51 14 5
51 15 6
51 16 4
51 18 7
51 19 5
51 21 7
51 22 6
51 25 2
51 26 4
51 32 5
51 35 2
51 37 7
51 44 3
51 45 4
51 46 6
51 47 5
51 49 5
52 1 6
52 6 1
52 7 3
52 8 2
52 11 1
52 12 3
52 13 2
52 14 8
52 16 4
52 17 8
52 18 4
52 20 2
52 21 6
52 22 3
52 23 5
52 26 8
52 27 4
52 31 3
52 32 4
52 33 2
52 35 5
52 36 8
52 37 4
52 38 4
52 40 6
52 44 4
52 46 5
52 51 5
53 2 8
53 4 1
53 6 5
53 7 8
53 11 7
53 12 5
53 13 5
53 17 2
53 21 1
53 25 7
53 27 8
53 29 4
53 31 6
53 33 7
53 34 6
53 36 4
53 40 1
53 41 1
53 43 1
53 46 2
53 49 5
53 50 2
53 51 4
53 52 2
54 0 5
54 1 6
54 2 6
54 6 2
54 7 3
54 8 1
54 9 8
54 10 2
54 12 4
54 14 8
54 16 6
54 19 2
54 23 3
54 24 4
54 25 6
54 28 8
54 29 3
54 31 5
54 32 6
54 33 5
54 34 7
54 40 5
54 41 4
54 42 6
54 43 7
54 45 8
54 46 3
54 47 1
54 48 6
54 49 8
54 50 5
54 53 1
55 0 7
55 1 7
55 4 6
55 5 2
55 6 6
55 10 1
55 12 8
55 14 3
55 15 2
55 19 3
55 24 7
55 27 4
55 30 6
55 32 1
55 35 4
55 37 3
55 38 3
55 39 8
55 40 4
55 41 5
55 43 5
55 44 6
55 45 7
55 46 5
55 48 7
55 49 8
55 51 8
55 52 4
55 54 2
56 1 8
56 3 4
56 4 1
56 6 3
56 7 8
56 8 7
56 12 8
56 14 2
56 15 2
56 16 8
56 17 8
56 20 3
56 22 5
56 23 2
56 24 4
56 25 8
56 29 1
56 30 3
56 32 3
56 33 2
56 35 7
56 36 7
56 37 8
56 38 7
56 39 6
56 40 2
56 41 5
56 46 7
56 48 3
56 49 1
56 50 3
56 51 3
56 52 3
56 53 3
56 55 1
57 1 3
57 2 7
57 3 8
57 5 3
57 12 1
57 15 2
57 16 2
57 19 1
57 23 5
57 25 6
57 27 8
57 28 2
57 33 7
57 34 7
57 36 4
57 37 4
57 38 1
57 43 2
57 45 5
57 46 4
57 49 4
57 52 6
58 2 7
58 4 2
58 6 1
58 7 8
58 9 4
58 10 6
58 11 4
58 12 3
58 13 1
58 15 6
58 17 5
58 18 7
58 20 5
58 21 3
58 22 5
58 23 2
58 27 1
58 28 6
58 36 7
58 38 8
58 40 5
58 41 6
58 44 8
58 47 5
58 51 4
58 52 3
58 55 4
58 57 2
59 1 6
59 2 2
59 4 2
59 7 2
59 9 2
59 11 8
59 12 7
59 14 3
59 15 8
59 16 3
59 17 8
59 18 2
59 19 1
59 23 2
59 24 8
59 26 1
59 28 8
59 30 6
59 32 6
59 34 7
59 35 4
59 36 5
59 39 7
59 41 2
59 42 8
59 46 5
59 47 5
59 50 7
59 53 4
59 54 6
59 55 8
60 3 5
60 11 4
60 17 2
60 18 2
60 26 5
60 27 8
60 30 6
60 32 5
60 34 5
60 35 2
60 38 6
60 39 6
60 40 1
60 42 7
60 48 5
60 50 6
60 51 8
60 55 1
61 0 7
61 2 2
61 5 3
61 6 2
61 7 6
61 8 5
61 13 2
61 15 7
61 19 8
61 23 2
61 31 4
61 32 6
61 36 2
61 39 7
61 47 5
61 48 4
61 49 6
61 53 2
61 55 4
61 56 6
61 59 3
61 60 3
62 0 8
62 4 1
62 9 8
62 10 7
62 12 7
62 15 7
62 19 2
62 20 8
62 22 2
62 23 3
62 24 1
62 27 3
62 28 6
62 31 2
62 32 4
62 34 2
62 37 5
62 41 4
62 43 7
62 44 1
62 47 5
62 53 6
62 54 7
62 59 1
62 60 2
62 61 2
63 0 8
63 7 2
63 10 4
63 11 8
63 13 8
63 15 4
63 16 1
63 19 5
63 21 5
63 23 5
63 24 7
63 26 6
63 31 8
63 33 8
63 35 5
63 36 7
63 40 6
63 43 5
63 44 6
63 45 2
63 50 7
63 53 7
63 54 5
63 55 2
63 57 6
63 58 1
63 62 4
64 0 6
64 1 6
64 3 2
64 4 7
64 6 7
64 7 3
64 11 3
64 12 4
64 13 4
64 14 6
64 19 6
64 20 8
64 21 4
64 23 7
64 25 7
64 27 7
64 29 5
64 32 4
64 33 1
64 38 2
64 39 3
64 40 2
64 41 2
64 42 7
64 43 5
64 44 1
64 46 7
64 48 8
64 49 1
64 51 1
64 52 7
64 53 2
64 54 4
64 58 4
64 60 7
64 61 7
65 0 8
65 1 2
65 6 8
65 7 7
65 8 6
65 12 6
65 13 5
65 15 5
65 18 6
65 23 1
65 28 3
65 29 2
65 30 5
65 33 8
65 34 1
65 37 2
65 39 7
65 40 1
65 41 4
65 42 7
65 43 8
65 44 5
65 48 2
65 50 7
65 51 6
65 53 2
65 54 8
65 55 7
65 57 1
65 60 6
65 61 1
66 0 5
66 1 1
66 3 5
66 4 3
66 5 1
66 8 8
66 9 3
66 10 2
66 11 5
66 13 6
66 14 2
66 17 4
66 18 5
66 19 4
66 20 5
66 25 5
66 27 6
66 28 7
66 29 2
66 30 7
66 31 4
66 33 2
66 35 7
66 38 4
66 40 4
66 41 2
66 43 8
66 48 4
66 50 2
66 53 1
66 54 1
66 57 5
66 58 7
66 59 7
66 63 6
66 64 8
66 65 4
67 0 5
67 2 7
67 5 5
67 11 8
67 12 2
67 14 2
67 17 3
67 19 3
67 22 7
67 25 8
67 31 4
67 32 8
67 35 5
67 39 7
67 40 4
67 43 5
67 44 1
67 48 2
67 51 4
67 54 8
67 55 1
67 61 4
67 62 7
67 63 3
67 64 4
68 2 2
68 3 8
68 5 3
68 11 3
68 12 3
68 13 4
68 14 4
68 24 4
68 25 5
68 26 5
68 27 3
68 29 7
68 30 7
68 33 6
68 34 6
68 35 4
68 41 2
68 42 2
68 43 1
68 44 7
68 46 4
68 48 1
68 53 3
68 58 2
68 59 4
68 63 7
68 64 7
68 65 5
68 66 4
68 67 3
69 0 8
69 1 8
69 6 5
69 10 8
69 14 7
69 16 5
69 18 2
69 20 5
69 21 8
69 22 4
69 23 6
69 24 5
69 26 4
69 27 3
69 29 1
69 33 2
69 34 3
69 38 4
69 40 1
69 42 4
69 43 2
69 45 8
69 49 1
69 53 6
69 58 6
69 60 8
69 61 5
69 64 4
69 65 7
69 67 2
