70
1 0 6
2 0 5
2 1 5
3 0 4
3 2 4
4 1 7
4 2 3
5 0 2
6 1 1
6 2 7
6 4 7
7 0 5
7 1 3
7 2 7
7 3 1
7 4 7
7 6 1
8 1 4
8 2 5
8 4 4
8 5 2
8 6 2
8 7 6
9 4 5
9 6 5
9 7 1
10 0 1
10 1 1
10 5 1
10 6 1
10 7 4
10 9 5
11 0 4
11 1 6
11 2 1
11 5 5
11 6 1
11 10 7
12 0 4
12 5 2
12 6 4
12 10 5
13 0 3
13 2 2
13 6 1
13 7 2
13 11 2
14 0 7
14 2 7
14 3 7
14 8 2
14 9 4
14 11 6
15 1 3
15 2 3
15 3 5
15 7 1
15 10 7
15 11 6
15 13 5
16 2 1
16 3 1
16 9 1
16 11 7
16 12 1
16 15 4
17 2 6
17 7 3
17 10 7
17 13 4
17 14 1
17 15 6
17 16 1
18 0 6
18 2 6
18 3 1
18 4 4
18 7 1
18 12 1
18 14 3
18 15 3
19 0 5
19 1 5
19 5 6
19 7 3
19 8 7
19 10 4
19 12 4
19 15 7
19 16 5
19 17 4
20 1 6
20 3 3
20 5 7
20 6 3
20 8 4
20 11 2
20 16 5
20 17 3
20 18 3
20 19 4
21 0 4
21 2 7
21 6 7
21 7 1
21 8 4
21 10 2
21 12 2
21 15 4
21 16 7
21 17 4
21 19 1
21 20 6
22 0 4
22 5 4
22 10 3
22 11 5
22 13 2
22 14 1
22 15 6
22 20 4
23 1 3
23 7 3
23 8 7
23 9 2
23 12 2
23 15 3
23 18 4
23 22 3
24 2 1
24 3 1
24 4 4
24 5 3
24 8 4
24 11 1
24 12 7
24 13 5
24 18 6
24 19 6
24 20 7
24 23 3
25 1 5
25 5 2
25 6 6
25 7 3
25 8 4
25 9 1
25 10 2
25 14 6
25 15 7
25 16 2
25 20 7
25 22 6
25 23 1
25 24 4
26 0 3
26 1 4
26 2 6
26 4 7
26 5 2
26 10 1
26 11 6
26 12 7
26 13 7
26 15 5
26 16 6
26 18 6
26 19 1
26 20 1
26 21 4
26 23 7
26 24 3
26 25 2
27 0 4
27 2 4
27 5 1
27 8 1
27 9 2
27 10 2
27 11 3
27 14 4
27 15 3
27 16 3
27 17 4
27 18 3
27 20 7
27 21 5
27 22 3
27 26 6
28 0 5
28 2 6
28 3 3
28 4 1
28 6 6
28 7 5
28 9 5
28 11 2
28 12 7
28 13 5
28 16 4
28 17 7
28 18 5
28 19 1
28 20 7
28 22 1
28 23 7
28 25 6
29 0 3
29 1 4
29 2 6
29 3 2
29 6 6
29 8 2
29 9 1
29 11 3
29 15 1
29 18 1
29 19 1
29 25 4
29 26 5
30 0 1
30 1 5
30 2 1
30 3 6
30 4 6
30 6 1
30 7 5
30 8 5
30 10 2
30 12 3
30 13 4
30 14 2
30 16 4
30 17 3
30 18 5
30 20 1
30 24 5
30 27 6
30 28 5
31 1 3
31 4 6
31 5 1
31 8 5
31 9 3
31 12 4
31 15 4
31 22 7
31 23 2
31 25 6
31 26 3
32 0 2
32 2 7
32 5 4
32 6 5
32 9 7
32 12 7
32 14 6
32 15 5
32 17 6
32 19 1
32 20 2
32 21 5
32 23 1
32 24 4
32 25 7
32 26 6
32 29 3
32 30 3
33 0 1
33 2 4
33 4 5
33 5 7
33 6 5
33 8 3
33 10 5
33 13 4
33 20 4
33 21 7
33 24 6
33 25 2
33 31 7
33 32 4
34 0 7
34 1 6
34 2 5
34 4 6
34 6 2
34 10 5
34 14 4
34 15 2
34 16 7
34 17 7
34 20 2
34 24 6
34 25 5
34 27 2
34 28 5
34 32 2
35 0 2
35 6 4
35 9 1
35 10 3
35 11 1
35 15 1
35 17 3
35 19 2
35 21 1
35 23 3
35 25 1
35 26 5
35 28 3
35 29 1
35 30 7
35 34 7
36 0 5
36 2 1
36 6 7
36 7 6
36 10 7
36 12 6
36 14 2
36 18 1
36 21 4
36 22 7
36 26 7
36 27 3
36 28 6
36 30 7
36 32 4
37 1 6
37 4 2
37 5 5
37 7 7
37 9 7
37 12 1
37 15 1
37 17 2
37 19 6
37 20 5
37 21 4
37 22 3
37 24 3
37 32 2
37 33 6
38 0 1
38 2 6
38 4 4
38 5 7
38 6 7
38 7 2
38 9 1
38 11 7
38 14 1
38 18 1
38 22 2
38 23 5
38 25 6
38 27 4
38 28 6
38 29 5
38 30 6
38 35 2
38 37 3
39 1 6
39 2 2
39 3 4
39 4 5
39 7 5
39 9 7
39 13 4
39 15 6
39 16 7
39 18 2
39 19 2
39 21 7
39 23 4
39 27 3
39 28 5
39 30 2
39 31 5
39 33 4
39 34 2
39 38 5
40 0 6
40 2 3
40 6 5
40 7 6
40 8 3
40 12 2
40 13 6
40 14 3
40 18 1
40 21 7
40 24 4
40 25 6
40 33 4
40 34 4
40 35 3
40 39 2
41 0 3
41 4 1
41 5 6
41 6 1
41 7 3
41 9 6
41 12 5
41 14 4
41 16 7
41 18 5
41 19 2
41 20 6
41 21 1
41 23 5
41 25 1
41 26 7
41 27 1
41 28 5
41 34 2
41 35 4
41 36 7
41 40 4
42 0 4
42 1 3
42 2 7
42 3 7
42 6 4
42 9 6
42 11 4
42 13 3
42 14 3
42 16 5
42 17 7
42 18 5
42 19 1
42 22 7
42 23 3
42 24 1
42 29 6
42 30 4
42 33 6
42 34 1
42 36 1
42 40 4
42 41 4
43 0 4
43 5 6
43 7 7
43 8 4
43 9 4
43 12 4
43 14 6
43 17 5
43 18 4
43 23 7
43 24 6
43 25 7
43 26 5
43 32 6
43 35 4
43 36 6
43 38 6
43 41 7
44 0 6
44 1 3
44 2 6
44 4 7
44 9 6
44 13 6
44 15 6
44 16 2
44 17 3
44 22 5
44 26 5
44 30 1
44 36 7
44 37 4
44 38 5
44 40 1
44 42 7
44 43 1
45 0 3
45 3 3
45 6 5
45 8 2
45 9 5
45 10 4
45 12 3
45 15 7
45 18 5
45 19 6
45 21 2
45 23 5
45 24 5
45 25 6
45 27 5
45 29 7
45 30 2
45 32 7
45 33 2
45 35 5
45 36 1
45 37 3
45 40 4
45 43 6
46 0 4
46 1 6
46 5 4
46 6 4
46 8 7
46 11 2
46 12 6
46 13 4
46 14 7
46 16 2
46 18 7
46 19 7
46 20 1
46 24 2
46 27 6
46 30 3
46 31 3
46 32 3
46 35 5
46 37 7
46 38 4
46 45 2
47 2 6
47 3 4
47 4 3
47 8 7
47 9 1
47 10 6
47 12 1
47 15 6
47 16 3
47 17 1
47 19 2
47 22 4
47 24 5
47 25 7
47 26 2
47 27 6
47 28 2
47 29 4
47 33 6
47 34 5
47 35 5
47 40 7
47 45 6
47 46 3
48 1 7
48 2 4
48 4 7
48 5 7
48 6 2
48 8 1
48 9 3
48 11 6
48 15 2
48 16 5
48 18 5
48 19 5
48 23 5
48 26 1
48 29 6
48 30 5
48 31 6
48 32 3
48 34 1
48 35 7
48 36 1
48 37 7
48 38 4
48 41 6
48 42 7
48 43 2
48 44 5
48 45 6
48 46 3
49 0 6
49 9 1
49 11 4
49 20 2
49 21 3
49 22 7
49 32 5
49 33 2
49 36 2
49 37 4
49 38 2
49 39 2
49 41 4
49 42 4
49 43 4
49 45 6
49 47 7
49 48 3
50 0 7
50 2 3
50 3 7
50 4 3
50 7 3
50 8 1
50 10 6
50 11 3
50 12 4
50 15 4
50 19 7
50 21 4
50 22 7
50 23 2
50 24 3
50 26 4
50 27 4
50 29 3
50 30 7
50 31 5
50 34 2
50 36 4
50 37 4
50 39 6
50 41 1
50 42 7
50 44 3
50 45 3
50 47 2
50 48 6
51 3 4
51 5 4
51 6 2
51 8 1
51 12 6
51 15 5
51 16 7
51 18 4
51 19 4
51 20 1
51 21 6
51 24 7
51 25 3
51 28 5
51 31 3
51 35 5
51 36 2
51 39 3
51 40 2
51 41 3
52 0 4
52 3 1
52 6 5
52 7 1
52 8 7
52 10 7
52 11 4
52 12 5
52 16 6
52 18 7
52 20 7
52 21 2
52 23 4
52 24 3
52 25 4
52 28 3
52 29 2
52 30 3
52 31 2
52 32 4
52 37 7
52 40 7
52 41 1
52 43 6
52 45 5
52 48 1
52 51 6
53 0 7
53 1 1
53 2 7
53 5 7
53 6 7
53 11 5
53 13 7
53 16 2
53 19 1
53 20 6
53 21 3
53 23 6
53 27 5
53 30 4
53 32 4
53 33 6
53 34 2
53 35 4
53 36 1
53 37 6
53 38 3
53 39 5
53 40 2
53 41 2
53 44 2
53 46 3
53 49 5
53 50 6
53 51 1
53 52 4
54 2 3
54 7 6
54 8 1
54 10 1
54 11 2
54 12 3
54 15 3
54 17 4
54 18 6
54 21 6
54 22 1
54 23 7
54 25 3
54 29 1
54 31 1
54 33 7
54 34 3
54 35 4
54 40 2
54 41 5
54 42 6
54 43 4
54 44 2
54 48 4
54 50 7
54 51 4
54 53 5
55 0 1
55 3 7
55 9 1
55 11 2
55 15 5
55 16 2
55 19 5
55 20 4
55 24 1
55 25 6
55 26 6
55 27 5
55 28 1
55 29 2
55 30 2
55 38 7
55 44 6
55 46 3
55 47 2
55 50 1
55 51 4
55 53 3
56 1 4
56 5 6
56 9 2
56 13 3
56 14 5
56 15 6
56 20 3
56 21 4
56 26 4
56 27 7
56 30 3
56 31 1
56 33 5
56 35 6
56 37 4
56 38 7
56 40 1
56 43 6
56 47 5
56 51 6
56 53 5
56 55 4
57 2 7
57 3 2
57 5 5
57 6 5
57 7 5
57 8 6
57 11 5
57 12 1
57 13 5
57 14 2
57 16 1
57 19 7
57 20 4
57 23 2
57 24 6
57 25 5
57 26 4
57 31 5
57 33 6
57 37 4
57 38 3
57 39 2
57 41 5
57 43 1
57 50 6
57 51 6
57 52 7
57 53 4
57 54 7
57 55 4
57 56 3
58 0 5
58 3 2
58 5 1
58 7 6
58 9 4
58 10 7
58 13 6
58 14 1
58 17 5
58 19 7
58 20 5
58 21 4
58 22 1
58 23 7
58 24 4
58 31 1
58 33 2
58 34 4
58 35 4
58 37 3
58 38 1
58 39 4
58 42 7
58 43 5
58 44 5
58 46 3
58 47 5
58 49 4
58 50 6
58 52 6
58 53 5
58 54 7
58 55 5
58 56 5
59 0 2
59 1 2
59 3 4
59 6 3
59 8 4
59 9 2
59 10 3
59 14 6
59 15 3
59 16 5
59 17 2
59 19 1
59 20 6
59 21 7
59 22 6
59 23 7
59 25 4
59 26 5
59 27 7
59 29 3
59 30 4
59 31 6
59 33 7
59 35 2
59 36 1
59 37 6
59 40 2
59 41 5
59 42 5
59 44 4
59 45 6
59 46 7
59 52 7
59 53 2
59 56 2
60 1 7
60 2 2
60 3 2
60 4 4
60 8 6
60 9 7
60 15 5
60 17 4
60 20 5
60 30 7
60 31 7
60 33 4
60 37 5
60 38 2
60 39 5
60 43 4
60 44 2
60 45 6
60 47 1
60 52 2
60 56 6
60 57 7
60 58 6
61 1 2
61 3 2
61 5 3
61 12 3
61 13 2
61 14 7
61 17 6
61 18 1
61 19 5
61 20 5
61 21 6
61 22 7
61 25 4
61 26 7
61 27 2
61 29 3
61 30 3
61 31 2
61 32 5
61 35 2
61 40 6
61 41 7
61 42 5
61 44 2
61 45 6
61 50 7
61 52 4
61 53 1
61 56 5
61 58 7
61 59 2
61 60 7
62 4 4
62 5 3
62 10 7
62 11 5
62 12 2
62 13 7
62 14 3
62 16 2
62 17 4
62 18 4
62 20 6
62 21 2
62 22 2
62 25 7
62 26 1
62 27 5
62 30 7
62 35 3
62 36 4
62 39 2
62 40 1
62 41 3
62 43 7
62 44 5
62 45 2
62 46 7
62 47 2
62 48 7
62 51 1
62 52 4
62 53 2
62 54 2
62 57 4
62 58 1
63 0 3
63 5 1
63 6 7
63 7 1
63 8 6
63 11 2
63 15 5
63 16 2
63 17 1
63 18 7
63 20 6
63 22 4
63 32 1
63 34 3
63 41 7
63 42 6
63 45 6
63 46 6
63 47 3
63 48 2
63 49 7
63 50 7
63 52 6
63 53 4
63 55 2
63 58 7
63 59 1
63 60 7
63 61 2
63 62 3
64 0 5
64 2 4
64 5 1
64 6 6
64 11 7
64 12 5
64 14 5
64 16 5
64 20 1
64 23 7
64 24 5
64 26 2
64 27 7
64 29 4
64 30 2
64 31 5
64 35 7
64 37 3
64 42 2
64 45 5
64 48 6
64 49 5
64 50 3
64 51 1
64 54 4
64 55 6
64 56 5
64 59 6
64 61 1
65 0 6
65 2 2
65 3 4
65 4 1
65 6 5
65 7 7
65 8 6
65 10 6
65 11 4
65 15 3
65 17 2
65 18 6
65 23 1
65 24 2
65 25 4
65 27 5
65 28 5
65 29 5
65 33 1
65 34 1
65 36 5
65 39 3
65 40 6
65 42 3
65 48 4
65 49 3
65 50 6
65 53 1
65 59 2
65 60 2
65 61 4
65 62 5
66 0 3
66 1 6
66 2 2
66 4 5
66 10 2
66 12 2
66 13 5
66 14 6
66 16 5
66 19 4
66 26 3
66 27 7
66 28 3
66 30 6
66 33 1
66 34 2
66 36 6
66 39 2
66 41 1
66 42 5
66 44 5
66 48 1
66 49 3
66 56 4
66 57 2
66 58 2
66 59 3
66 60 3
66 62 2
66 65 2
67 5 6
67 6 5
67 8 6
67 9 4
67 11 1
67 12 1
67 13 7
67 15 2
67 16 4
67 18 3
67 19 5
67 23 7
67 25 1
67 30 3
67 33 2
67 34 6
67 36 4
67 38 4
67 39 3
67 40 3
67 41 7
67 42 6
67 45 7
67 46 4
67 47 1
67 49 4
67 51 7
67 54 3
67 55 7
67 60 2
67 61 5
67 66 1
68 3 1
68 10 2
68 11 2
68 12 3
68 13 2
68 14 2
68 15 2
68 16 1
68 17 4
68 18 7
68 21 2
68 23 7
68 27 6
68 28 3
68 29 5
68 31 6
68 33 4
68 34 7
68 36 1
68 39 5
68 46 3
68 49 4
68 52 5
68 53 1
68 54 5
68 55 3
68 60 1
68 63 5
68 64 3
68 66 5
69 2 2
69 4 3
69 5 7
69 6 5
69 7 6
69 9 2
69 10 2
69 11 3
69 12 7
69 15 6
69 16 5
69 17 4
69 18 1
69 23 3
69 27 6
69 28 7
69 29 4
69 32 5
69 35 5
69 37 4
69 39 5
69 40 1
69 42 5
69 45 4
69 47 4
69 48 5
69 51 5
69 53 6
69 54 7
69 55 3
69 57 2
69 59 2
69 61 4
69 62 7
69 64 1
69 65 6
69 68 2
