30
1 0 1
2 0 9
2 1 4
3 0 9
3 1 7
3 2 7
4 0 5
4 1 3
4 2 6
4 3 8
5 0 5
5 1 8
5 2 1
5 3 4
5 4 1
6 0 3
6 1 6
6 2 6
6 3 9
6 4 5
6 5 9
7 0 6
7 1 8
7 2 5
7 3 10
7 4 2
7 5 9
7 6 5
8 0 2
8 1 6
8 2 2
8 3 9
8 4 10
8 5 5
8 6 9
8 7 1
9 0 7
9 1 6
9 2 1
9 3 6
9 4 1
9 5 1
9 6 9
9 7 4
9 8 7
10 0 5
10 1 8
10 2 10
10 3 7
10 4 8
10 5 10
10 6 8
10 7 8
10 8 1
10 9 5
11 0 7
11 1 10
11 2 4
11 3 3
11 4 8
11 5 3
11 6 4
11 7 1
11 8 8
11 9 1
11 10 8
12 0 3
12 1 4
12 2 7
12 3 9
12 4 8
12 5 1
12 6 7
12 7 3
12 8 7
12 9 3
12 10 10
12 11 9
13 0 1
13 1 2
13 2 5
13 3 9
13 4 1
13 5 9
13 6 3
13 7 8
13 8 4
13 9 4
13 10 1
13 11 1
13 12 9
14 0 7
14 1 4
14 2 2
14 3 10
14 4 9
14 5 7
14 6 3
14 7 10
14 8 6
14 9 8
14 10 5
14 11 2
14 12 7
14 13 9
15 0 10
15 1 6
15 2 1
15 3 7
15 4 4
15 5 6
15 6 10
15 7 7
15 8 3
15 9 5
15 10 6
15 11 10
15 12 7
15 13 1
15 14 8
16 0 5
16 1 9
16 2 5
16 3 6
16 4 2
16 5 3
16 6 6
16 7 8
16 8 10
16 9 9
16 10 8
16 11 2
16 12 2
16 13 1
16 14 8
16 15 6
17 0 8
17 1 5
17 2 8
17 3 7
17 4 5
17 5 2
17 6 1
17 7 10
17 8 3
17 9 5
17 10 2
17 11 2
17 12 1
17 13 2
17 14 5
17 15 8
17 16 2
18 0 5
18 1 4
18 2 9
18 3 1
18 4 10
18 5 5
18 6 7
18 7 6
18 8 4
18 9 10
18 10 7
18 11 5
18 12 9
18 13 9
18 14 7
18 15 4
18 16 7
18 17 8
19 0 3
19 1 8
19 2 7
19 3 7
19 4 3
19 5 7
19 6 9
19 7 3
19 8 3
19 9 4
19 10 6
19 11 4
19 12 6
19 13 3
19 14 10
19 15 5
19 16 6
19 17 3
19 18 2
20 0 3
20 1 1
20 2 1
20 3 8
20 4 9
20 5 2
20 6 2
20 7 4
20 8 5
20 9 1
20 10 2
20 11 4
20 12 8
20 13 5
20 14 1
20 15 6
20 16 3
20 17 4
20 18 4
20 19 8
21 0 1
21 1 8
21 2 8
21 3 10
21 4 7
21 5 9
21 6 7
21 7 5
21 8 4
21 9 9
21 10 1
21 11 3
21 12 1
21 13 9
21 14 9
21 15 4
21 16 3
21 17 8
21 18 4
21 19 7
21 20 5
22 0 4
22 1 3
22 2 9
22 3 6
22 4 1
22 5 4
22 6 4
22 7 2
22 8 10
22 9 2
22 10 5
22 11 8
22 12 6
22 13 9
22 14 3
22 15 1
22 16 4
22 17 1
22 18 3
22 19 9
22 20 1
22 21 6
23 0 4
23 1 10
23 2 1
23 3 3
23 4 8
23 5 10
23 6 9
23 7 8
23 8 8
23 9 9
23 10 2
23 11 10
23 12 1
23 13 6
23 14 7
23 15 4
23 16 9
23 17 2
23 18 10
23 19 6
23 20 8
23 21 9
23 22 8
24 0 1
24 1 2
24 2 1
24 3 3
24 4 5
24 5 4
24 6 1
24 7 3
24 8 9
24 9 9
24 10 6
24 11 9
24 12 2
24 13 10
24 14 5
24 15 6
24 16 2
24 17 1
24 18 6
24 19 3
24 20 4
24 21 10
24 22 10
24 23 2
25 0 1
25 1 5
25 2 3
25 3 5
25 4 6
25 5 2
25 6 3
25 7 3
25 8 4
25 9 10
25 10 7
25 11 5
25 12 8
25 13 8
25 14 6
25 15 9
25 16 5
25 17 8
25 18 1
25 19 8
25 20 4
25 21 7
25 22 8
25 23 3
25 24 1
26 0 1
26 1 7
26 2 7
26 3 4
26 4 2
26 5 10
26 6 2
26 7 2
26 8 5
26 9 9
26 10 4
26 11 3
26 12 6
26 13 2
26 14 1
26 15 4
26 16 4
26 17 7
26 18 2
26 19 2
26 20 2
26 21 8
26 22 8
26 23 10
26 24 8
26 25 9
27 0 8
27 1 10
27 2 9
27 3 3
27 4 7
27 5 8
27 6 9
27 7 7
27 8 9
27 9 2
27 10 3
27 11 5
27 12 1
27 13 6
27 14 9
27 15 4
27 16 6
27 17 3
27 18 5
27 19 10
27 20 6
27 21 7
27 22 5
27 23 3
27 24 3
27 25 3
27 26 10
28 0 3
28 1 9
28 2 9
28 3 3
28 4 2
28 5 10
28 6 7
28 7 2
28 8 8
28 9 8
28 10 2
28 11 9
28 12 10
28 13 7
28 14 1
28 15 2
28 16 4
28 17 10
28 18 4
28 19 3
28 20 3
28 21 10
28 22 3
28 23 7
28 24 10
28 25 4
28 26 9
28 27 8
29 0 1
29 1 5
29 2 8
29 3 1
29 4 6
29 5 6
29 6 7
29 7 5
29 8 8
29 9 3
29 10 6
29 11 2
29 12 6
29 13 7
29 14 8
29 15 1
29 16 4
29 17 3
29 18 5
29 19 5
29 20 9
29 21 7
29 22 8
29 23 8
29 24 10
29 25 8
29 26 9
29 27 1
29 28 9
