70
1 0 7
2 0 3
2 1 5
3 0 7
3 1 5
3 2 5
4 0 1
4 1 8
4 2 7
4 3 6
5 0 7
5 1 5
5 2 3
5 3 2
5 4 9
6 0 5
6 1 5
6 2 6
6 3 2
6 4 3
6 5 2
7 0 6
7 1 9
7 2 8
7 3 7
7 4 6
7 5 2
7 6 2
8 0 8
8 1 9
8 2 8
8 3 3
8 4 1
8 5 5
8 6 8
8 7 1
9 0 5
9 1 7
9 2 9
9 3 7
9 4 5
9 5 9
9 6 7
9 7 5
9 8 5
10 0 8
10 1 3
10 2 3
10 3 7
10 4 5
10 5 8
10 6 5
10 7 6
10 8 5
10 9 9
11 0 7
11 1 2
11 2 6
11 3 7
11 4 2
11 5 5
11 6 2
11 7 3
11 8 4
11 9 1
11 10 4
12 0 8
12 1 7
12 2 6
12 3 1
12 4 7
12 5 1
12 6 2
12 7 9
12 8 3
12 9 7
12 10 9
12 11 9
13 0 7
13 1 4
13 2 1
13 3 7
13 4 8
13 5 5
13 6 7
13 7 2
13 8 3
13 9 5
13 10 9
13 11 1
13 12 3
14 0 1
14 1 9
14 2 5
14 3 5
14 4 3
14 5 9
14 6 4
14 7 5
14 8 2
14 9 1
14 10 4
14 11 6
14 12 6
14 13 1
15 0 4
15 1 7
15 2 1
15 3 5
15 4 9
15 5 6
15 6 8
15 7 6
15 8 1
15 9 9
15 10 6
15 11 1
15 12 4
15 13 4
15 14 6
16 0 1
16 1 1
16 2 1
16 3 4
16 4 7
16 5 6
16 6 7
16 7 8
16 8 6
16 9 2
16 10 6
16 11 9
16 12 6
16 13 2
16 14 4
16 15 8
17 0 5
17 1 5
17 2 1
17 3 4
17 4 8
17 5 6
17 6 2
17 7 4
17 8 8
17 9 5
17 10 8
17 11 1
17 12 3
17 13 6
17 14 4
17 15 5
17 16 8
18 0 7
18 1 2
18 2 8
18 3 6
18 4 1
18 5 5
18 6 8
18 7 5
18 8 9
18 9 6
18 10 6
18 11 8
18 12 9
18 13 6
18 14 8
18 15 3
18 16 5
18 17 3
19 0 9
19 1 9
19 2 4
19 3 2
19 4 9
19 5 9
19 6 7
19 7 2
19 8 3
19 9 9
19 10 4
19 11 6
19 12 7
19 13 5
19 14 5
19 15 6
19 16 4
19 17 8
19 18 2
20 0 7
20 1 8
20 2 2
20 3 5
20 4 5
20 5 1
20 6 8
20 7 8
20 8 1
20 9 5
20 10 1
20 11 7
20 12 2
20 13 7
20 14 8
20 15 5
20 16 1
20 17 9
20 18 6
20 19 8
21 0 9
21 1 9
21 2 4
21 3 6
21 4 4
21 5 7
21 6 2
21 7 8
21 8 4
21 9 5
21 10 6
21 11 1
21 12 7
21 13 8
21 14 4
21 15 5
21 16 8
21 17 4
21 18 5
21 19 9
21 20 4
22 0 7
22 1 2
22 2 8
22 3 7
22 4 2
22 5 3
22 6 7
22 7 7
22 8 7
22 9 9
22 10 7
22 11 7
22 12 8
22 13 7
22 14 1
22 15 2
22 16 2
22 17 7
22 18 3
22 19 4
22 20 2
22 21 3
23 0 3
23 1 9
23 2 2
23 3 4
23 4 8
23 5 6
23 6 1
23 7 7
23 8 6
23 9 9
23 10 3
23 11 2
23 12 2
23 13 6
23 14 8
23 15 7
23 16 6
23 17 7
23 18 9
23 19 5
23 20 3
23 21 5
23 22 1
24 0 7
24 1 8
24 2 8
24 3 2
24 4 8
24 5 1
24 6 8
24 7 5
24 8 4
24 9 2
24 10 9
24 11 8
24 12 9
24 13 7
24 14 7
24 15 3
24 16 1
24 17 8
24 18 6
24 19 7
24 20 2
24 21 1
24 22 9
24 23 7
25 0 6
25 1 9
25 2 4
25 3 9
25 4 8
25 5 2
25 6 9
25 7 3
25 8 6
25 9 9
25 10 7
25 11 8
25 12 5
25 13 4
25 14 9
25 15 1
25 16 9
25 17 1
25 18 4
25 19 1
25 20 3
25 21 9
25 22 7
25 23 4
25 24 2
26 0 8
26 1 5
26 2 1
26 3 4
26 4 4
26 5 1
26 6 2
26 7 7
26 8 2
26 9 9
26 10 4
26 11 9
26 12 1
26 13 1
26 14 6
26 15 3
26 16 9
26 17 1
26 18 7
26 19 5
26 20 2
26 21 1
26 22 4
26 23 4
26 24 2
26 25 6
27 0 7
27 1 9
27 2 2
27 3 9
27 4 3
27 5 1
27 6 5
27 7 5
27 8 4
27 9 8
27 10 9
27 11 4
27 12 9
27 13 5
27 14 5
27 15 1
27 16 3
27 17 7
27 18 8
27 19 1
27 20 3
27 21 7
27 22 6
27 23 9
27 24 9
27 25 9
27 26 8
28 0 2
28 1 8
28 2 2
28 3 3
28 4 2
28 5 5
28 6 8
28 7 3
28 8 1
28 9 9
28 10 5
28 11 6
28 12 6
28 13 5
28 14 7
28 15 1
28 16 7
28 17 5
28 18 6
28 19 1
28 20 1
28 21 7
28 22 1
28 23 3
28 24 4
28 25 9
28 26 4
28 27 9
29 0 2
29 1 1
29 2 3
29 3 5
29 4 5
29 5 2
29 6 9
29 7 2
29 8 9
29 9 9
29 10 1
29 11 2
29 12 2
29 13 8
29 14 6
29 15 2
29 16 5
29 17 5
29 18 2
29 19 5
29 20 7
29 21 7
29 22 4
29 23 3
29 24 7
29 25 3
29 26 6
29 27 3
29 28 7
30 0 2
30 1 6
30 2 8
30 3 6
30 4 9
30 5 1
30 6 5
30 7 5
30 8 4
30 9 5
30 10 6
30 11 8
30 12 9
30 13 5
30 14 6
30 15 6
30 16 8
30 17 9
30 18 1
30 19 7
30 20 8
30 21 5
30 22 2
30 23 9
30 24 6
30 25 9
30 26 3
30 27 9
30 28 9
30 29 9
31 0 6
31 1 7
31 2 5
31 3 3
31 4 4
31 5 4
31 6 9
31 7 1
31 8 7
31 9 8
31 10 7
31 11 3
31 12 3
31 13 1
31 14 9
31 15 5
31 16 3
31 17 3
31 18 6
31 19 3
31 20 5
31 21 5
31 22 1
31 23 4
31 24 7
31 25 6
31 26 3
31 27 8
31 28 5
31 29 3
31 30 2
32 0 4
32 1 7
32 2 7
32 3 7
32 4 8
32 5 3
32 6 1
32 7 2
32 8 9
32 9 2
32 10 9
32 11 8
32 12 8
32 13 9
32 14 3
32 15 7
32 16 7
32 17 4
32 18 6
32 19 8
32 20 6
32 21 8
32 22 3
32 23 2
32 24 8
32 25 5
32 26 2
32 27 3
32 28 6
32 29 7
32 30 9
32 31 1
33 0 6
33 1 7
33 2 4
33 3 1
33 4 8
33 5 5
33 6 2
33 7 2
33 8 7
33 9 8
33 10 4
33 11 8
33 12 2
33 13 9
33 14 5
33 15 4
33 16 2
33 17 1
33 18 8
33 19 8
33 20 9
33 21 9
33 22 6
33 23 5
33 24 1
33 25 5
33 26 1
33 27 8
33 28 7
33 29 8
33 30 7
33 31 4
33 32 1
34 0 3
34 1 6
34 2 6
34 3 4
34 4 9
34 5 9
34 6 2
34 7 7
34 8 2
34 9 5
34 10 6
34 11 4
34 12 4
34 13 3
34 14 2
34 15 1
34 16 5
34 17 4
34 18 7
34 19 6
34 20 7
34 21 7
34 22 1
34 23 1
34 24 3
34 25 9
34 26 2
34 27 4
34 28 1
34 29 9
34 30 6
34 31 2
34 32 6
34 33 4
35 0 2
35 1 7
35 2 8
35 3 1
35 4 4
35 5 4
35 6 3
35 7 5
35 8 9
35 9 6
35 10 7
35 11 9
35 12 5
35 13 5
35 14 8
35 15 1
35 16 1
35 17 2
35 18 1
35 19 6
35 20 1
35 21 8
35 22 5
35 23 3
35 24 4
35 25 8
35 26 5
35 27 1
35 28 7
35 29 2
35 30 4
35 31 8
35 32 1
35 33 3
35 34 4
36 0 9
36 1 8
36 2 6
36 3 2
36 4 1
36 5 4
36 6 8
36 7 3
36 8 2
36 9 7
36 10 2
36 11 2
36 12 2
36 13 2
36 14 8
36 15 9
36 16 2
36 17 1
36 18 7
36 19 6
36 20 4
36 21 4
36 22 5
36 23 2
36 24 1
36 25 3
36 26 2
36 27 5
36 28 7
36 29 9
36 30 2
36 31 7
36 32 9
36 33 2
36 34 2
36 35 7
37 0 6
37 1 3
37 2 2
37 3 3
37 4 5
37 5 3
37 6 9
37 7 1
37 8 8
37 9 4
37 10 9
37 11 9
37 12 5
37 13 5
37 14 1
37 15 7
37 16 5
37 17 3
37 18 9
37 19 9
37 20 1
37 21 2
37 22 6
37 23 9
37 24 3
37 25 8
37 26 9
37 27 7
37 28 2
37 29 7
37 30 7
37 31 3
37 32 8
37 33 2
37 34 2
37 35 8
37 36 4
38 0 2
38 1 1
38 2 3
38 3 4
38 4 7
38 5 6
38 6 7
38 7 6
38 8 3
38 9 5
38 10 7
38 11 3
38 12 3
38 13 8
38 14 5
38 15 4
38 16 4
38 17 6
38 18 9
38 19 9
38 20 3
38 21 5
38 22 9
38 23 5
38 24 3
38 25 9
38 26 2
38 27 9
38 28 7
38 29 4
38 30 5
38 31 2
38 32 3
38 33 3
38 34 4
38 35 2
38 36 1
38 37 5
39 0 5
39 1 6
39 2 7
39 3 9
39 4 9
39 5 3
39 6 7
39 7 3
39 8 2
39 9 9
39 10 3
39 11 7
39 12 8
39 13 1
39 14 6
39 15 8
39 16 7
39 17 3
39 18 9
39 19 4
39 20 8
39 21 3
39 22 3
39 23 6
39 24 8
39 25 8
39 26 1
39 27 9
39 28 1
39 29 5
39 30 8
39 31 8
39 32 1
39 33 1
39 34 5
39 35 9
39 36 2
39 37 2
39 38 3
40 0 7
40 1 8
40 2 2
40 3 2
40 4 8
40 5 6
40 6 6
40 7 5
40 8 3
40 9 9
40 10 6
40 11 2
40 12 9
40 13 4
40 14 6
40 15 2
40 16 6
40 17 6
40 18 9
40 19 5
40 20 9
40 21 9
40 22 2
40 23 1
40 24 8
40 25 5
40 26 7
40 27 7
40 28 2
40 29 5
40 30 4
40 31 8
40 32 7
40 33 7
40 34 6
40 35 6
40 36 2
40 37 2
40 38 1
40 39 4
41 0 1
41 1 6
41 2 7
41 3 6
41 4 6
41 5 8
41 6 6
41 7 2
41 8 9
41 9 1
41 10 5
41 11 1
41 12 8
41 13 4
41 14 1
41 15 9
41 16 5
41 17 7
41 18 5
41 19 4
41 20 1
41 21 4
41 22 2
41 23 7
41 24 2
41 25 5
41 26 3
41 27 7
41 28 8
41 29 5
41 30 9
41 31 8
41 32 3
41 33 4
41 34 5
41 35 3
41 36 4
41 37 9
41 38 9
41 39 1
41 40 2
42 0 8
42 1 1
42 2 6
42 3 3
42 4 4
42 5 2
42 6 3
42 7 4
42 8 6
42 9 1
42 10 8
42 11 7
42 12 3
42 13 6
42 14 1
42 15 7
42 16 3
42 17 1
42 18 5
42 19 2
42 20 6
42 21 7
42 22 1
42 23 2
42 24 3
42 25 6
42 26 8
42 27 1
42 28 1
42 29 3
42 30 7
42 31 3
42 32 6
42 33 5
42 34 2
42 35 3
42 36 6
42 37 5
42 38 1
42 39 6
42 40 3
42 41 4
43 0 1
43 1 9
43 2 1
43 3 4
43 4 9
43 5 9
43 6 1
43 7 1
43 8 9
43 9 7
43 10 6
43 11 4
43 12 9
43 13 5
43 14 9
43 15 3
43 16 2
43 17 5
43 18 1
43 19 9
43 20 7
43 21 9
43 22 5
43 23 9
43 24 9
43 25 1
43 26 1
43 27 2
43 28 5
43 29 8
43 30 2
43 31 1
43 32 5
43 33 8
43 34 1
43 35 3
43 36 5
43 37 4
43 38 1
43 39 2
43 40 2
43 41 3
43 42 7
44 0 5
44 1 1
44 2 7
44 3 7
44 4 5
44 5 7
44 6 8
44 7 4
44 8 2
44 9 8
44 10 7
44 11 4
44 12 6
44 13 2
44 14 8
44 15 4
44 16 7
44 17 6
44 18 1
44 19 4
44 20 5
44 21 6
44 22 2
44 23 8
44 24 2
44 25 5
44 26 2
44 27 7
44 28 4
44 29 4
44 30 1
44 31 6
44 32 5
44 33 4
44 34 1
44 35 6
44 36 5
44 37 2
44 38 3
44 39 5
44 40 6
44 41 2
44 42 1
44 43 2
45 0 6
45 1 3
45 2 8
45 3 3
45 4 7
45 5 5
45 6 6
45 7 3
45 8 6
45 9 4
45 10 1
45 11 7
45 12 5
45 13 5
45 14 3
45 15 9
45 16 2
45 17 7
45 18 5
45 19 4
45 20 7
45 21 4
45 22 9
45 23 4
45 24 8
45 25 3
45 26 4
45 27 4
45 28 6
45 29 9
45 30 2
45 31 8
45 32 3
45 33 2
45 34 3
45 35 9
45 36 3
45 37 4
45 38 8
45 39 8
45 40 3
45 41 7
45 42 5
45 43 7
45 44 8
46 0 6
46 1 8
46 2 8
46 3 6
46 4 8
46 5 1
46 6 1
46 7 4
46 8 8
46 9 5
46 10 8
46 11 4
46 12 8
46 13 3
46 14 9
46 15 9
46 16 4
46 17 1
46 18 8
46 19 7
46 20 9
46 21 8
46 22 5
46 23 1
46 24 8
46 25 4
46 26 9
46 27 2
46 28 5
46 29 1
46 30 3
46 31 9
46 32 4
46 33 7
46 34 9
46 35 8
46 36 7
46 37 2
46 38 8
46 39 4
46 40 8
46 41 8
46 42 3
46 43 3
46 44 6
46 45 1
47 0 6
47 1 6
47 2 7
47 3 6
47 4 5
47 5 8
47 6 3
47 7 4
47 8 3
47 9 9
47 10 4
47 11 8
47 12 9
47 13 9
47 14 7
47 15 1
47 16 6
47 17 4
47 18 9
47 19 2
47 20 6
47 21 7
47 22 5
47 23 1
47 24 9
47 25 4
47 26 5
47 27 5
47 28 7
47 29 6
47 30 3
47 31 6
47 32 9
47 33 9
47 34 9
47 35 8
47 36 4
47 37 1
47 38 2
47 39 9
47 40 2
47 41 7
47 42 1
47 43 6
47 44 9
47 45 3
47 46 9
48 0 1
48 1 1
48 2 2
48 3 6
48 4 5
48 5 5
48 6 3
48 7 1
48 8 2
48 9 4
48 10 4
48 11 8
48 12 1
48 13 7
48 14 6
48 15 5
48 16 5
48 17 2
48 18 3
48 19 9
48 20 4
48 21 9
48 22 5
48 23 5
48 24 3
48 25 4
48 26 7
48 27 5
48 28 9
48 29 3
48 30 9
48 31 6
48 32 1
48 33 6
48 34 5
48 35 8
48 36 3
48 37 1
48 38 1
48 39 7
48 40 1
48 41 3
48 42 1
48 43 2
48 44 9
48 45 1
48 46 9
48 47 1
49 0 7
49 1 9
49 2 4
49 3 2
49 4 6
49 5 9
49 6 6
49 7 4
49 8 5
49 9 5
49 10 1
49 11 5
49 12 8
49 13 8
49 14 9
49 15 9
49 16 4
49 17 2
49 18 1
49 19 3
49 20 3
49 21 8
49 22 4
49 23 3
49 24 5
49 25 8
49 26 4
49 27 4
49 28 8
49 29 9
49 30 8
49 31 9
49 32 8
49 33 6
49 34 4
49 35 7
49 36 5
49 37 2
49 38 6
49 39 2
49 40 2
49 41 1
49 42 5
49 43 4
49 44 9
49 45 7
49 46 3
49 47 4
49 48 5
50 0 9
50 1 5
50 2 8
50 3 9
50 4 5
50 5 4
50 6 4
50 7 3
50 8 6
50 9 5
50 10 2
50 11 9
50 12 9
50 13 4
50 14 2
50 15 8
50 16 9
50 17 1
50 18 3
50 19 7
50 20 7
50 21 7
50 22 7
50 23 8
50 24 9
50 25 9
50 26 6
50 27 3
50 28 2
50 29 7
50 30 1
50 31 7
50 32 2
50 33 7
50 34 1
50 35 8
50 36 1
50 37 4
50 38 6
50 39 9
50 40 1
50 41 9
50 42 1
50 43 4
50 44 4
50 45 8
50 46 7
50 47 9
50 48 8
50 49 2
51 0 6
51 1 8
51 2 2
51 3 3
51 4 7
51 5 4
51 6 6
51 7 2
51 8 6
51 9 6
51 10 4
51 11 9
51 12 4
51 13 8
51 14 1
51 15 4
51 16 4
51 17 2
51 18 6
51 19 3
51 20 7
51 21 4
51 22 4
51 23 1
51 24 9
51 25 8
51 26 1
51 27 7
51 28 1
51 29 6
51 30 5
51 31 7
51 32 1
51 33 5
51 34 4
51 35 9
51 36 9
51 37 7
51 38 9
51 39 8
51 40 3
51 41 7
51 42 8
51 43 3
51 44 1
51 45 1
51 46 4
51 47 4
51 48 1
51 49 1
51 50 2
52 0 2
52 1 2
52 2 5
52 3 1
52 4 4
52 5 3
52 6 5
52 7 5
52 8 1
52 9 7
52 10 2
52 11 7
52 12 1
52 13 2
52 14 9
52 15 9
52 16 4
52 17 4
52 18 6
52 19 7
52 20 9
52 21 8
52 22 8
52 23 7
52 24 8
52 25 9
52 26 7
52 27 2
52 28 1
52 29 2
52 30 8
52 31 5
52 32 5
52 33 9
52 34 5
52 35 7
52 36 2
52 37 9
52 38 2
52 39 9
52 40 1
52 41 8
52 42 3
52 43 4
52 44 2
52 45 4
52 46 7
52 47 6
52 48 9
52 49 5
52 50 6
52 51 6
53 0 5
53 1 8
53 2 3
53 3 1
53 4 9
53 5 8
53 6 6
53 7 7
53 8 6
53 9 9
53 10 9
53 11 4
53 12 8
53 13 2
53 14 6
53 15 2
53 16 8
53 17 9
53 18 8
53 19 7
53 20 5
53 21 7
53 22 3
53 23 2
53 24 2
53 25 4
53 26 6
53 27 2
53 28 2
53 29 8
53 30 3
53 31 6
53 32 8
53 33 4
53 34 4
53 35 5
53 36 7
53 37 8
53 38 4
53 39 9
53 40 8
53 41 5
53 42 5
53 43 9
53 44 6
53 45 2
53 46 2
53 47 4
53 48 9
53 49 8
53 50 8
53 51 4
53 52 8
54 0 5
54 1 4
54 2 5
54 3 9
54 4 7
54 5 4
54 6 1
54 7 1
54 8 3
54 9 7
54 10 4
54 11 7
54 12 2
54 13 6
54 14 5
54 15 3
54 16 7
54 17 8
54 18 5
54 19 9
54 20 1
54 21 6
54 22 3
54 23 3
54 24 3
54 25 1
54 26 2
54 27 2
54 28 7
54 29 5
54 30 4
54 31 9
54 32 5
54 33 6
54 34 8
54 35 1
54 36 6
54 37 1
54 38 3
54 39 4
54 40 5
54 41 5
54 42 9
54 43 1
54 44 5
54 45 9
54 46 8
54 47 2
54 48 9
54 49 7
54 50 2
54 51 7
54 52 3
54 53 1
55 0 7
55 1 3
55 2 3
55 3 3
55 4 2
55 5 4
55 6 4
55 7 7
55 8 7
55 9 4
55 10 3
55 11 5
55 12 4
55 13 6
55 14 2
55 15 2
55 16 9
55 17 3
55 18 7
55 19 8
55 20 5
55 21 4
55 22 2
55 23 6
55 24 8
55 25 1
55 26 8
55 27 7
55 28 9
55 29 3
55 30 9
55 31 2
55 32 1
55 33 6
55 34 3
55 35 3
55 36 8
55 37 3
55 38 9
55 39 6
55 40 4
55 41 7
55 42 5
55 43 2
55 44 4
55 45 5
55 46 2
55 47 6
55 48 1
55 49 6
55 50 2
55 51 3
55 52 8
55 53 9
55 54 4
56 0 3
56 1 1
56 2 7
56 3 3
56 4 7
56 5 4
56 6 7
56 7 8
56 8 2
56 9 5
56 10 2
56 11 8
56 12 3
56 13 2
56 14 4
56 15 6
56 16 1
56 17 9
56 18 2
56 19 2
56 20 1
56 21 1
56 22 7
56 23 8
56 24 6
56 25 4
56 26 5
56 27 8
56 28 4
56 29 4
56 30 4
56 31 6
56 32 2
56 33 4
56 34 8
56 35 8
56 36 2
56 37 7
56 38 6
56 39 9
56 40 2
56 41 3
56 42 9
56 43 6
56 44 7
56 45 1
56 46 7
56 47 3
56 48 9
56 49 2
56 50 7
56 51 8
56 52 3
56 53 9
56 54 9
56 55 9
57 0 3
57 1 3
57 2 2
57 3 6
57 4 6
57 5 1
57 6 8
57 7 3
57 8 9
57 9 8
57 10 8
57 11 2
57 12 1
57 13 6
57 14 3
57 15 9
57 16 1
57 17 9
57 18 9
57 19 6
57 20 7
57 21 7
57 22 5
57 23 5
57 24 4
57 25 6
57 26 8
57 27 2
57 28 8
57 29 5
57 30 7
57 31 5
57 32 2
57 33 8
57 34 3
57 35 4
57 36 6
57 37 3
57 38 7
57 39 2
57 40 1
57 41 4
57 42 2
57 43 6
57 44 6
57 45 3
57 46 2
57 47 6
57 48 7
57 49 8
57 50 3
57 51 7
57 52 7
57 53 5
57 54 9
57 55 4
57 56 7
58 0 3
58 1 5
58 2 6
58 3 2
58 4 9
58 5 2
58 6 8
58 7 3
58 8 3
58 9 3
58 10 5
58 11 9
58 12 7
58 13 1
58 14 9
58 15 8
58 16 1
58 17 7
58 18 3
58 19 9
58 20 8
58 21 5
58 22 2
58 23 5
58 24 5
58 25 3
58 26 7
58 27 9
58 28 4
58 29 2
58 30 5
58 31 3
58 32 8
58 33 2
58 34 3
58 35 4
58 36 4
58 37 1
58 38 6
58 39 9
58 40 7
58 41 8
58 42 7
58 43 3
58 44 5
58 45 4
58 46 3
58 47 9
58 48 7
58 49 2
58 50 9
58 51 7
58 52 4
58 53 4
58 54 5
58 55 5
58 56 2
58 57 6
59 0 6
59 1 4
59 2 4
59 3 2
59 4 6
59 5 4
59 6 7
59 7 4
59 8 8
59 9 1
59 10 5
59 11 4
59 12 3
59 13 1
59 14 1
59 15 5
59 16 8
59 17 8
59 18 6
59 19 1
59 20 5
59 21 3
59 22 1
59 23 6
59 24 1
59 25 6
59 26 3
59 27 4
59 28 2
59 29 9
59 30 7
59 31 9
59 32 7
59 33 5
59 34 8
59 35 7
59 36 8
59 37 8
59 38 2
59 39 1
59 40 4
59 41 3
59 42 7
59 43 9
59 44 6
59 45 3
59 46 8
59 47 4
59 48 4
59 49 8
59 50 2
59 51 7
59 52 6
59 53 8
59 54 3
59 55 4
59 56 2
59 57 5
59 58 7
60 0 9
60 1 2
60 2 9
60 3 9
60 4 9
60 5 5
60 6 1
60 7 7
60 8 5
60 9 5
60 10 6
60 11 1
60 12 2
60 13 7
60 14 2
60 15 6
60 16 4
60 17 8
60 18 6
60 19 3
60 20 7
60 21 6
60 22 8
60 23 6
60 24 4
60 25 5
60 26 2
60 27 4
60 28 4
60 29 6
60 30 2
60 31 1
60 32 5
60 33 6
60 34 5
60 35 9
60 36 4
60 37 4
60 38 4
60 39 4
60 40 2
60 41 1
60 42 1
60 43 7
60 44 6
60 45 5
60 46 4
60 47 6
60 48 8
60 49 5
60 50 9
60 51 2
60 52 8
60 53 1
60 54 4
60 55 7
60 56 6
60 57 4
60 58 1
60 59 7
61 0 5
61 1 6
61 2 2
61 3 4
61 4 5
61 5 1
61 6 9
61 7 5
61 8 5
61 9 1
61 10 7
61 11 5
61 12 6
61 13 7
61 14 2
61 15 2
61 16 3
61 17 9
61 18 2
61 19 2
61 20 3
61 21 4
61 22 1
61 23 4
61 24 9
61 25 9
61 26 8
61 27 5
61 28 8
61 29 8
61 30 9
61 31 9
61 32 1
61 33 9
61 34 2
61 35 6
61 36 1
61 37 3
61 38 6
61 39 6
61 40 6
61 41 8
61 42 9
61 43 9
61 44 6
61 45 8
61 46 3
61 47 4
61 48 8
61 49 2
61 50 3
61 51 9
61 52 8
61 53 2
61 54 7
61 55 6
61 56 6
61 57 7
61 58 6
61 59 4
61 60 6
62 0 8
62 1 7
62 2 3
62 3 9
62 4 1
62 5 3
62 6 2
62 7 2
62 8 9
62 9 2
62 10 5
62 11 3
62 12 9
62 13 4
62 14 1
62 15 4
62 16 4
62 17 3
62 18 9
62 19 8
62 20 7
62 21 1
62 22 8
62 23 5
62 24 9
62 25 2
62 26 5
62 27 6
62 28 9
62 29 8
62 30 4
62 31 7
62 32 8
62 33 1
62 34 9
62 35 4
62 36 6
62 37 3
62 38 4
62 39 2
62 40 7
62 41 6
62 42 8
62 43 1
62 44 5
62 45 9
62 46 5
62 47 4
62 48 1
62 49 1
62 50 4
62 51 3
62 52 5
62 53 8
62 54 6
62 55 2
62 56 3
62 57 3
62 58 7
62 59 1
62 60 7
62 61 2
63 0 3
63 1 8
63 2 2
63 3 2
63 4 3
63 5 3
63 6 1
63 7 6
63 8 5
63 9 1
63 10 3
63 11 5
63 12 1
63 13 4
63 14 8
63 15 9
63 16 7
63 17 3
63 18 3
63 19 1
63 20 4
63 21 7
63 22 7
63 23 5
63 24 2
63 25 3
63 26 1
63 27 7
63 28 2
63 29 3
63 30 9
63 31 9
63 32 9
63 33 2
63 34 2
63 35 3
63 36 8
63 37 2
63 38 8
63 39 9
63 40 9
63 41 3
63 42 9
63 43 3
63 44 8
63 45 6
63 46 2
63 47 7
63 48 4
63 49 4
63 50 7
63 51 4
63 52 5
63 53 1
63 54 1
63 55 8
63 56 1
63 57 1
63 58 3
63 59 2
63 60 6
63 61 4
63 62 5
64 0 1
64 1 7
64 2 8
64 3 4
64 4 3
64 5 7
64 6 4
64 7 8
64 8 3
64 9 5
64 10 6
64 11 7
64 12 9
64 13 7
64 14 8
64 15 9
64 16 1
64 17 4
64 18 5
64 19 7
64 20 3
64 21 4
64 22 1
64 23 1
64 24 7
64 25 6
64 26 9
64 27 2
64 28 1
64 29 8
64 30 8
64 31 2
64 32 5
64 33 1
64 34 6
64 35 1
64 36 9
64 37 3
64 38 8
64 39 7
64 40 1
64 41 9
64 42 9
64 43 4
64 44 1
64 45 8
64 46 7
64 47 1
64 48 7
64 49 8
64 50 7
64 51 8
64 52 1
64 53 2
64 54 1
64 55 6
64 56 1
64 57 9
64 58 3
64 59 2
64 60 7
64 61 2
64 62 5
64 63 6
65 0 9
65 1 8
65 2 9
65 3 4
65 4 4
65 5 3
65 6 6
65 7 5
65 8 7
65 9 6
65 10 4
65 11 1
65 12 5
65 13 3
65 14 6
65 15 5
65 16 6
65 17 1
65 18 4
65 19 8
65 20 6
65 21 1
65 22 9
65 23 3
65 24 6
65 25 5
65 26 4
65 27 4
65 28 9
65 29 7
65 30 4
65 31 1
65 32 1
65 33 6
65 34 3
65 35 9
65 36 6
65 37 5
65 38 7
65 39 8
65 40 6
65 41 2
65 42 1
65 43 2
65 44 9
65 45 6
65 46 4
65 47 5
65 48 3
65 49 1
65 50 8
65 51 7
65 52 4
65 53 4
65 54 7
65 55 8
65 56 5
65 57 5
65 58 1
65 59 1
65 60 2
65 61 1
65 62 8
65 63 5
65 64 5
66 0 9
66 1 8
66 2 1
66 3 4
66 4 7
66 5 9
66 6 5
66 7 5
66 8 1
66 9 2
66 10 7
66 11 5
66 12 2
66 13 1
66 14 4
66 15 2
66 16 9
66 17 6
66 18 4
66 19 1
66 20 3
66 21 1
66 22 5
66 23 2
66 24 2
66 25 1
66 26 9
66 27 2
66 28 4
66 29 3
66 30 2
66 31 1
66 32 4
66 33 8
66 34 7
66 35 6
66 36 7
66 37 4
66 38 8
66 39 4
66 40 7
66 41 5
66 42 8
66 43 5
66 44 4
66 45 9
66 46 4
66 47 5
66 48 5
66 49 4
66 50 7
66 51 9
66 52 4
66 53 8
66 54 4
66 55 1
66 56 2
66 57 3
66 58 6
66 59 4
66 60 3
66 61 9
66 62 9
66 63 5
66 64 2
66 65 8
67 0 1
67 1 6
67 2 4
67 3 3
67 4 6
67 5 6
67 6 9
67 7 8
67 8 6
67 9 3
67 10 2
67 11 1
67 12 6
67 13 3
67 14 4
67 15 3
67 16 6
67 17 6
67 18 5
67 19 6
67 20 1
67 21 4
67 22 4
67 23 6
67 24 2
67 25 2
67 26 4
67 27 1
67 28 1
67 29 4
67 30 2
67 31 4
67 32 6
67 33 4
67 34 8
67 35 8
67 36 6
67 37 7
67 38 5
67 39 6
67 40 3
67 41 9
67 42 8
67 43 6
67 44 9
67 45 6
67 46 8
67 47 5
67 48 5
67 49 4
67 50 5
67 51 6
67 52 8
67 53 6
67 54 8
67 55 8
67 56 3
67 57 4
67 58 8
67 59 8
67 60 6
67 61 9
67 62 8
67 63 9
67 64 2
67 65 7
67 66 5
68 0 2
68 1 6
68 2 3
68 3 5
68 4 6
68 5 3
68 6 9
68 7 6
68 8 7
68 9 8
68 10 3
68 11 4
68 12 7
68 13 5
68 14 1
68 15 7
68 16 5
68 17 9
68 18 6
68 19 3
68 20 4
68 21 8
68 22 7
68 23 8
68 24 7
68 25 3
68 26 1
68 27 9
68 28 9
68 29 6
68 30 5
68 31 7
68 32 3
68 33 1
68 34 9
68 35 7
68 36 4
68 37 4
68 38 2
68 39 9
68 40 7
68 41 4
68 42 6
68 43 2
68 44 5
68 45 6
68 46 5
68 47 2
68 48 8
68 49 6
68 50 3
68 51 6
68 52 6
68 53 3
68 54 9
68 55 4
68 56 4
68 57 5
68 58 2
68 59 8
68 60 6
68 61 7
68 62 2
68 63 9
68 64 6
68 65 6
68 66 1
68 67 9
69 0 8
69 1 5
69 2 2
69 3 1
69 4 2
69 5 4
69 6 7
69 7 6
69 8 4
69 9 9
69 10 8
69 11 2
69 12 3
69 13 6
69 14 7
69 15 5
69 16 1
69 17 1
69 18 7
69 19 5
69 20 4
69 21 7
69 22 1
69 23 2
69 24 8
69 25 4
69 26 2
69 27 6
69 28 5
69 29 8
69 30 2
69 31 6
69 32 9
69 33 1
69 34 4
69 35 3
69 36 2
69 37 7
69 38 2
69 39 5
69 40 1
69 41 1
69 42 6
69 43 6
69 44 8
69 45 4
69 46 9
69 47 2
69 48 2
69 49 8
69 50 5
69 51 1
69 52 3
69 53 2
69 54 2
69 55 6
69 56 9
69 57 2
69 58 5
69 59 7
69 60 7
69 61 7
69 62 8
69 63 8
69 64 9
69 65 1
69 66 6
69 67 6
69 68 6
