60
2 0 6
3 0 3
4 0 6
5 0 7
5 1 6
5 2 4
5 3 5
6 1 8
6 3 4
6 5 4
7 0 1
7 1 4
7 5 2
8 0 6
8 1 4
8 3 5
8 4 1
8 5 9
8 7 5
9 1 1
9 2 2
9 3 4
9 5 3
9 7 9
9 8 7
10 0 9
10 2 4
10 4 5
10 9 4
11 0 4
11 1 1
11 2 6
11 3 4
11 7 8
11 9 3
11 10 9
12 0 9
12 1 9
12 2 6
12 4 4
12 5 9
12 7 4
12 8 7
13 0 5
13 1 2
13 2 2
13 3 9
13 4 1
13 5 7
13 6 4
13 7 5
13 8 1
13 10 7
13 12 7
14 1 3
14 3 9
14 5 1
14 9 8
14 10 5
15 0 5
15 2 2
15 6 8
15 9 4
15 10 5
15 11 6
15 14 7
16 2 3
16 4 8
16 5 4
16 6 1
16 8 2
16 9 5
16 10 3
16 13 9
17 0 7
17 5 6
17 6 4
17 8 3
17 9 9
17 10 7
17 11 7
17 12 8
17 14 2
18 0 9
18 1 2
18 3 2
18 4 8
18 5 5
18 8 4
18 10 2
18 12 1
18 13 4
18 14 2
18 15 9
19 0 2
19 2 2
19 4 9
19 5 8
19 6 5
19 7 1
19 9 5
19 12 5
19 13 5
19 15 7
19 16 2
19 17 3
20 0 3
20 2 4
20 3 5
20 4 4
20 5 8
20 7 3
20 8 4
20 12 2
20 14 8
20 15 6
20 17 2
20 18 1
20 19 6
21 3 2
21 7 3
21 15 1
21 16 5
21 17 7
21 19 3
22 1 7
22 2 6
22 3 9
22 5 6
22 6 1
22 8 6
22 9 9
22 12 1
22 19 4
23 5 7
23 6 2
23 9 4
23 10 6
23 14 3
23 16 9
23 17 4
23 20 3
23 21 8
23 22 5
24 1 4
24 2 7
24 3 7
24 7 5
24 8 7
24 10 5
24 11 5
24 12 4
24 16 2
24 19 3
24 20 4
24 21 5
24 23 5
25 1 8
25 2 4
25 3 2
25 6 1
25 8 6
25 9 7
25 11 9
25 13 4
25 17 5
25 18 4
25 20 6
25 21 4
25 24 6
26 1 1
26 6 5
26 7 4
26 8 4
26 10 1
26 12 5
26 13 3
26 16 6
26 18 8
26 21 7
26 24 1
27 1 9
27 2 5
27 4 1
27 5 5
27 6 9
27 7 1
27 9 7
27 10 6
27 11 6
27 12 4
27 13 7
27 14 6
27 15 4
27 17 4
27 22 8
27 24 2
28 1 9
28 3 5
28 4 1
28 5 6
28 8 2
28 10 6
28 11 5
28 15 4
28 17 9
28 23 8
28 26 4
28 27 8
29 3 9
29 4 4
29 5 7
29 6 6
29 9 3
29 10 5
29 11 2
29 14 2
29 15 1
29 17 2
29 22 6
29 25 6
29 26 1
29 27 4
29 28 2
30 0 6
30 1 4
30 4 3
30 7 8
30 11 9
30 17 9
30 20 3
30 21 4
30 23 1
30 26 5
30 27 2
31 0 8
31 1 1
31 4 4
31 5 3
31 6 7
31 8 6
31 9 8
31 15 6
31 16 1
31 21 3
31 22 6
31 23 1
31 24 3
31 25 8
31 27 6
31 28 4
32 1 8
32 2 1
32 6 1
32 8 7
32 9 4
32 11 6
32 13 8
32 14 3
32 15 2
32 17 1
32 20 7
32 21 9
32 23 9
32 27 6
32 30 9
32 31 1
33 0 7
33 1 8
33 3 9
33 4 3
33 5 7
33 7 2
33 8 7
33 9 8
33 10 4
33 12 3
33 14 6
33 15 6
33 17 8
33 18 9
33 19 3
33 21 1
33 23 8
33 25 8
33 26 7
33 27 7
33 28 9
33 31 5
33 32 1
34 0 2
34 1 6
34 3 9
34 4 2
34 5 7
34 6 5
34 7 1
34 8 8
34 12 8
34 14 4
34 16 3
34 17 8
34 19 6
34 21 2
34 22 1
34 23 1
34 25 1
34 27 8
34 29 6
34 31 1
34 32 2
35 3 7
35 5 2
35 6 1
35 7 4
35 8 7
35 9 4
35 11 8
35 12 1
35 14 1
35 15 6
35 16 9
35 19 2
35 22 6
35 24 7
35 26 9
35 27 2
35 28 4
35 32 1
35 33 9
35 34 5
36 0 6
36 1 7
36 2 1
36 3 5
36 5 3
36 6 7
36 8 1
36 9 9
36 10 7
36 11 6
36 14 1
36 15 3
36 16 8
36 18 2
36 19 3
36 20 7
36 23 7
36 24 9
36 25 2
36 27 8
36 30 6
36 32 5
36 33 1
36 34 5
36 35 5
37 2 8
37 3 9
37 4 3
37 5 3
37 8 2
37 11 2
37 12 5
37 20 3
37 24 3
37 25 7
37 30 5
37 31 9
37 34 7
37 35 2
38 0 8
38 2 2
38 5 9
38 7 5
38 9 9
38 11 7
38 12 7
38 13 6
38 16 5
38 17 9
38 20 4
38 21 7
38 23 8
38 24 6
38 25 1
38 26 9
38 28 7
38 30 6
38 31 1
38 32 9
38 33 8
38 35 4
39 5 9
39 6 4
39 8 2
39 9 1
39 10 5
39 12 8
39 14 4
39 15 9
39 18 5
39 19 6
39 20 5
39 21 2
39 22 6
39 24 6
39 25 4
39 26 9
39 28 4
39 33 6
39 34 2
39 35 5
40 3 2
40 5 2
40 6 3
40 7 6
40 9 7
40 10 6
40 11 1
40 12 6
40 13 6
40 15 2
40 16 4
40 17 8
40 18 9
40 19 4
40 20 7
40 21 2
40 23 6
40 27 4
40 28 9
40 29 8
40 32 6
40 35 2
40 36 1
40 39 4
41 1 8
41 2 1
41 3 7
41 8 9
41 10 6
41 13 1
41 14 4
41 15 5
41 22 1
41 23 7
41 24 5
41 25 6
41 26 1
41 28 6
41 31 6
41 33 8
41 34 6
41 35 2
41 37 6
41 38 2
41 39 3
42 0 8
42 3 4
42 6 7
42 7 2
42 8 5
42 9 9
42 10 8
42 11 6
42 12 5
42 13 8
42 14 4
42 15 1
42 16 8
42 22 9
42 26 4
42 27 1
42 31 5
42 33 1
42 34 5
42 36 1
42 37 4
42 38 2
42 41 9
43 0 6
43 1 2
43 2 2
43 3 5
43 5 9
43 8 1
43 9 3
43 12 1
43 14 6
43 15 1
43 18 6
43 19 8
43 23 7
43 24 1
43 27 9
43 31 2
43 34 1
43 41 4
43 42 4
44 3 9
44 4 9
44 7 3
44 10 1
44 15 4
44 17 3
44 18 2
44 21 8
44 23 2
44 25 9
44 26 5
44 28 2
44 29 4
44 31 4
45 1 3
45 2 3
45 3 8
45 5 1
45 6 1
45 9 4
45 11 3
45 12 2
45 15 4
45 22 9
45 24 5
45 27 7
45 28 1
45 29 7
45 30 4
45 31 7
45 32 2
45 33 4
45 37 2
45 38 9
45 39 5
45 41 5
45 42 2
46 0 2
46 1 7
46 2 9
46 6 8
46 9 9
46 10 7
46 12 7
46 13 4
46 15 9
46 17 4
46 18 9
46 22 4
46 23 1
46 31 2
46 32 1
46 33 9
46 35 8
46 37 8
46 38 1
46 39 9
46 41 2
46 42 5
46 43 3
46 44 1
47 0 5
47 2 7
47 3 1
47 6 2
47 7 9
47 9 3
47 11 5
47 13 4
47 16 6
47 20 4
47 21 9
47 22 8
47 23 1
47 26 2
47 27 9
47 28 4
47 30 5
47 32 8
47 35 9
47 38 9
47 40 8
47 44 3
47 46 6
48 1 5
48 5 4
48 7 8
48 8 4
48 9 6
48 12 4
48 13 3
48 14 7
48 15 4
48 16 8
48 19 1
48 21 5
48 22 6
48 23 6
48 24 2
48 25 8
48 26 9
48 28 8
48 30 7
48 32 1
48 33 4
48 34 4
48 35 9
48 36 4
48 37 1
48 38 1
48 39 9
48 41 1
48 42 8
48 43 8
48 44 1
48 45 9
48 47 3
49 3 5
49 7 3
49 8 4
49 9 4
49 11 3
49 12 7
49 17 7
49 20 3
49 21 3
49 23 7
49 24 3
49 25 1
49 28 8
49 29 9
49 30 1
49 31 5
49 33 2
49 34 1
49 35 4
49 36 9
49 37 8
49 38 9
49 40 8
49 43 9
49 44 5
49 45 9
49 46 7
49 47 6
50 0 9
50 5 6
50 8 6
50 10 9
50 13 9
50 15 5
50 17 3
50 18 3
50 19 1
50 20 5
50 21 9
50 22 5
50 23 4
50 26 3
50 28 4
50 30 2
50 32 8
50 33 8
50 36 6
50 39 8
50 41 8
50 42 5
50 43 1
50 44 3
50 45 7
50 46 5
50 47 3
51 0 4
51 1 2
51 4 9
51 6 2
51 8 7
51 9 1
51 11 5
51 12 7
51 15 1
51 19 8
51 21 8
51 22 9
51 23 1
51 25 9
51 27 4
51 32 8
51 33 4
51 34 1
51 35 9
51 40 1
51 41 4
51 42 1
51 44 2
51 49 3
52 1 2
52 2 1
52 4 2
52 5 4
52 6 3
52 8 6
52 13 1
52 14 3
52 15 3
52 16 7
52 18 9
52 20 6
52 24 6
52 27 7
52 28 6
52 29 6
52 32 6
52 34 4
52 35 5
52 37 1
52 40 5
52 41 7
52 42 9
52 45 7
52 47 1
52 51 5
53 3 8
53 4 7
53 10 8
53 13 8
53 14 3
53 15 2
53 18 7
53 19 6
53 20 9
53 21 5
53 22 8
53 25 2
53 30 5
53 33 3
53 34 8
53 35 4
53 38 5
53 40 2
53 42 6
53 43 5
53 44 2
53 50 8
54 2 8
54 5 2
54 7 7
54 10 9
54 11 9
54 12 1
54 14 1
54 15 4
54 16 2
54 17 8
54 18 2
54 21 9
54 24 5
54 27 1
54 28 7
54 29 7
54 30 2
54 34 6
54 40 8
54 41 1
54 42 4
54 44 6
54 45 7
54 47 5
54 48 9
54 49 2
54 50 2
54 51 8
54 52 4
54 53 6
55 1 3
55 2 5
55 3 8
55 5 2
55 6 2
55 8 3
55 9 3
55 10 6
55 11 6
55 13 2
55 15 5
55 16 7
55 18 8
55 19 7
55 23 4
55 24 2
55 25 1
55 28 9
55 29 3
55 31 4
55 35 8
55 37 1
55 43 2
55 44 9
55 46 3
55 47 1
55 48 5
55 50 8
55 52 4
56 1 4
56 4 7
56 7 2
56 8 6
56 10 8
56 13 2
56 17 9
56 19 9
56 20 5
56 21 3
56 22 1
56 23 2
56 26 9
56 27 3
56 28 9
56 29 9
56 32 7
56 33 6
56 35 9
56 36 7
56 38 8
56 41 9
56 43 1
56 46 8
56 51 9
56 52 5
56 54 1
56 55 5
57 0 2
57 1 8
57 2 3
57 5 1
57 8 6
57 10 1
57 11 5
57 12 8
57 14 8
57 17 9
57 18 5
57 19 5
57 22 7
57 23 1
57 25 5
57 26 5
57 28 5
57 30 6
57 33 5
57 34 1
57 37 4
57 38 5
57 40 5
57 41 7
57 44 1
57 45 1
57 46 1
57 51 3
57 52 2
57 53 4
57 54 6
57 55 9
57 56 2
58 0 8
58 2 7
58 4 3
58 5 3
58 7 8
58 8 2
58 9 3
58 11 4
58 12 7
58 14 8
58 17 4
58 19 2
58 23 1
58 27 5
58 28 7
58 29 7
58 30 1
58 31 3
58 32 5
58 36 8
58 37 5
58 38 6
58 39 5
58 41 9
58 42 6
58 45 9
58 47 2
58 48 1
58 50 2
58 52 2
58 53 8
58 56 7
58 57 5
59 2 1
59 3 8
59 4 6
59 5 8
59 7 5
59 10 5
59 12 2
59 14 4
59 16 3
59 19 3
59 27 8
59 29 8
59 30 5
59 31 6
59 38 4
59 40 2
59 41 7
59 42 8
59 43 1
59 45 2
59 53 5
