60
1 0 1
3 0 1
4 0 1
4 1 1
4 2 1
5 0 1
5 2 1
5 4 1
6 3 1
7 2 1
7 3 1
7 4 1
7 5 1
7 6 1
8 0 1
8 2 1
8 4 1
8 6 1
8 7 1
9 1 1
9 6 1
9 7 1
10 0 1
10 3 1
10 4 1
10 5 1
11 3 1
11 7 1
11 8 1
12 0 1
12 1 1
12 2 1
12 3 1
12 4 1
12 8 1
13 5 1
13 11 1
14 1 1
14 4 1
14 5 1
14 6 1
14 7 1
14 8 1
14 11 1
14 12 1
15 0 1
15 3 1
15 4 1
15 6 1
15 8 1
15 9 1
15 10 1
16 1 1
16 3 1
16 4 1
16 10 1
16 11 1
16 12 1
16 15 1
17 1 1
17 5 1
17 6 1
17 8 1
17 15 1
18 0 1
18 1 1
18 2 1
18 4 1
18 9 1
18 10 1
18 12 1
18 13 1
18 14 1
18 15 1
18 16 1
18 17 1
19 4 1
19 5 1
19 8 1
19 9 1
19 13 1
19 15 1
19 17 1
20 3 1
20 4 1
20 5 1
20 7 1
20 8 1
20 10 1
20 11 1
20 12 1
20 13 1
20 16 1
20 17 1
20 18 1
21 1 1
21 2 1
21 3 1
21 5 1
21 7 1
21 11 1
21 12 1
21 14 1
21 15 1
22 1 1
22 3 1
22 5 1
22 7 1
22 9 1
22 10 1
22 13 1
22 14 1
22 17 1
22 19 1
22 20 1
23 0 1
23 2 1
23 3 1
23 4 1
23 5 1
23 7 1
23 10 1
23 12 1
23 13 1
23 14 1
23 16 1
23 17 1
23 19 1
23 20 1
23 21 1
24 0 1
24 1 1
24 2 1
24 5 1
24 6 1
24 8 1
24 9 1
24 11 1
24 13 1
24 14 1
24 15 1
24 18 1
24 19 1
24 20 1
24 22 1
24 23 1
25 4 1
25 5 1
25 6 1
25 7 1
25 8 1
25 9 1
25 10 1
25 11 1
25 12 1
25 15 1
25 17 1
25 19 1
25 20 1
25 21 1
25 22 1
25 23 1
26 1 1
26 2 1
26 3 1
26 4 1
26 6 1
26 7 1
26 8 1
26 11 1
26 12 1
26 13 1
26 14 1
26 18 1
26 19 1
26 21 1
26 22 1
26 23 1
26 24 1
27 2 1
27 5 1
27 6 1
27 7 1
27 8 1
27 11 1
27 13 1
27 16 1
27 17 1
27 19 1
27 23 1
27 24 1
27 25 1
28 0 1
28 2 1
28 4 1
28 5 1
28 6 1
28 7 1
28 12 1
28 15 1
28 17 1
28 18 1
28 19 1
28 21 1
28 24 1
28 26 1
28 27 1
29 2 1
29 4 1
29 11 1
29 15 1
29 17 1
29 19 1
29 23 1
29 25 1
30 1 1
30 6 1
30 7 1
30 10 1
30 11 1
30 13 1
30 14 1
30 15 1
30 19 1
30 21 1
30 25 1
30 29 1
31 0 1
31 1 1
31 3 1
31 5 1
31 6 1
31 9 1
31 11 1
31 14 1
31 16 1
31 18 1
31 19 1
31 24 1
31 25 1
31 26 1
31 27 1
31 28 1
31 29 1
32 3 1
32 4 1
32 5 1
32 6 1
32 11 1
32 13 1
32 14 1
32 15 1
32 16 1
32 18 1
32 21 1
32 23 1
32 24 1
32 25 1
32 26 1
32 28 1
32 30 1
32 31 1
33 2 1
33 3 1
33 6 1
33 8 1
33 9 1
33 15 1
33 16 1
33 17 1
33 18 1
33 19 1
33 20 1
33 21 1
33 23 1
33 24 1
33 27 1
33 28 1
33 30 1
33 31 1
34 4 1
34 5 1
34 6 1
34 7 1
34 8 1
34 10 1
34 13 1
34 14 1
34 15 1
34 17 1
34 18 1
34 19 1
34 21 1
34 24 1
34 25 1
34 29 1
34 30 1
34 31 1
35 0 1
35 5 1
35 7 1
35 12 1
35 14 1
35 16 1
35 17 1
35 18 1
35 20 1
35 22 1
35 24 1
35 25 1
35 26 1
35 28 1
35 32 1
35 33 1
36 0 1
36 1 1
36 4 1
36 6 1
36 8 1
36 9 1
36 12 1
36 13 1
36 18 1
36 19 1
36 20 1
36 21 1
36 28 1
36 29 1
36 31 1
37 0 1
37 1 1
37 4 1
37 5 1
37 6 1
37 7 1
37 8 1
37 12 1
37 13 1
37 14 1
37 15 1
37 16 1
37 22 1
37 23 1
37 24 1
37 25 1
37 26 1
37 28 1
37 29 1
37 30 1
37 31 1
37 32 1
37 33 1
37 35 1
37 36 1
38 0 1
38 1 1
38 2 1
38 4 1
38 5 1
38 6 1
38 7 1
38 8 1
38 11 1
38 15 1
38 17 1
38 18 1
38 20 1
38 22 1
38 23 1
38 24 1
38 25 1
38 26 1
38 28 1
38 29 1
38 31 1
38 33 1
38 34 1
39 1 1
39 2 1
39 5 1
39 11 1
39 12 1
39 13 1
39 16 1
39 17 1
39 20 1
39 22 1
39 25 1
39 28 1
39 38 1
40 3 1
40 4 1
40 5 1
40 9 1
40 10 1
40 11 1
40 13 1
40 16 1
40 17 1
40 18 1
40 20 1
40 21 1
40 22 1
40 23 1
40 24 1
40 27 1
40 29 1
40 31 1
40 32 1
40 33 1
40 34 1
40 36 1
40 39 1
41 2 1
41 3 1
41 4 1
41 5 1
41 7 1
41 8 1
41 10 1
41 15 1
41 16 1
41 18 1
41 19 1
41 20 1
41 22 1
41 23 1
41 26 1
41 28 1
41 30 1
41 31 1
41 32 1
41 36 1
42 0 1
42 3 1
42 4 1
42 6 1
42 7 1
42 9 1
42 10 1
42 11 1
42 13 1
42 14 1
42 16 1
42 18 1
42 19 1
42 21 1
42 23 1
42 24 1
42 29 1
42 31 1
42 33 1
42 34 1
42 35 1
42 36 1
42 37 1
42 38 1
42 40 1
43 2 1
43 4 1
43 5 1
43 6 1
43 7 1
43 8 1
43 10 1
43 11 1
43 12 1
43 14 1
43 15 1
43 17 1
43 19 1
43 22 1
43 26 1
43 30 1
43 33 1
43 35 1
43 37 1
43 40 1
43 41 1
44 1 1
44 4 1
44 5 1
44 7 1
44 10 1
44 11 1
44 13 1
44 16 1
44 19 1
44 22 1
44 25 1
44 27 1
44 29 1
44 30 1
44 31 1
44 35 1
44 36 1
44 38 1
44 41 1
44 42 1
44 43 1
45 0 1
45 3 1
45 4 1
45 6 1
45 7 1
45 8 1
45 11 1
45 17 1
45 18 1
45 19 1
45 20 1
45 21 1
45 23 1
45 31 1
45 32 1
45 33 1
45 41 1
46 0 1
46 1 1
46 2 1
46 6 1
46 10 1
46 12 1
46 14 1
46 15 1
46 16 1
46 17 1
46 18 1
46 19 1
46 21 1
46 23 1
46 24 1
46 28 1
46 29 1
46 30 1
46 31 1
46 33 1
46 35 1
46 36 1
46 40 1
46 41 1
46 44 1
46 45 1
47 3 1
47 6 1
47 7 1
47 11 1
47 12 1
47 13 1
47 14 1
47 15 1
47 18 1
47 19 1
47 21 1
47 23 1
47 31 1
47 32 1
47 38 1
47 39 1
47 40 1
47 41 1
47 44 1
47 45 1
48 0 1
48 2 1
48 3 1
48 6 1
48 11 1
48 12 1
48 14 1
48 17 1
48 18 1
48 21 1
48 22 1
48 23 1
48 24 1
48 27 1
48 28 1
48 29 1
48 31 1
48 32 1
48 34 1
48 36 1
48 38 1
48 41 1
48 43 1
48 44 1
49 2 1
49 4 1
49 6 1
49 7 1
49 8 1
49 14 1
49 17 1
49 18 1
49 19 1
49 22 1
49 23 1
49 24 1
49 25 1
49 33 1
49 34 1
49 35 1
49 37 1
49 38 1
49 39 1
49 42 1
49 43 1
49 45 1
49 47 1
50 1 1
50 5 1
50 7 1
50 9 1
50 13 1
50 16 1
50 17 1
50 18 1
50 19 1
50 21 1
50 22 1
50 25 1
50 26 1
50 27 1
50 31 1
50 34 1
50 36 1
50 37 1
50 39 1
50 42 1
50 43 1
50 44 1
51 0 1
51 1 1
51 3 1
51 4 1
51 6 1
51 8 1
51 9 1
51 10 1
51 13 1
51 21 1
51 22 1
51 23 1
51 24 1
51 26 1
51 28 1
51 30 1
51 31 1
51 33 1
51 34 1
51 35 1
51 36 1
51 37 1
51 38 1
51 40 1
51 42 1
51 43 1
51 46 1
51 47 1
51 48 1
51 49 1
51 50 1
52 1 1
52 4 1
52 5 1
52 6 1
52 7 1
52 11 1
52 12 1
52 14 1
52 18 1
52 20 1
52 21 1
52 22 1
52 23 1
52 25 1
52 28 1
52 29 1
52 30 1
52 31 1
52 32 1
52 34 1
52 35 1
52 36 1
52 37 1
52 38 1
52 39 1
52 40 1
52 41 1
52 46 1
52 49 1
52 50 1
52 51 1
53 0 1
53 2 1
53 3 1
53 4 1
53 7 1
53 9 1
53 10 1
53 14 1
53 15 1
53 16 1
53 17 1
53 18 1
53 19 1
53 20 1
53 27 1
53 28 1
53 29 1
53 31 1
53 33 1
53 35 1
53 36 1
53 39 1
53 40 1
53 42 1
53 43 1
53 44 1
53 50 1
53 52 1
54 0 1
54 1 1
54 4 1
54 7 1
54 8 1
54 10 1
54 11 1
54 12 1
54 13 1
54 14 1
54 16 1
54 18 1
54 21 1
54 23 1
54 27 1
54 31 1
54 32 1
54 33 1
54 34 1
54 35 1
54 37 1
54 38 1
54 39 1
54 40 1
54 41 1
54 43 1
54 48 1
54 50 1
54 51 1
54 52 1
54 53 1
55 1 1
55 2 1
55 3 1
55 6 1
55 8 1
55 9 1
55 11 1
55 12 1
55 13 1
55 15 1
55 16 1
55 17 1
55 18 1
55 20 1
55 23 1
55 26 1
55 29 1
55 35 1
55 37 1
55 42 1
55 47 1
55 50 1
55 53 1
56 0 1
56 1 1
56 5 1
56 6 1
56 9 1
56 13 1
56 14 1
56 16 1
56 17 1
56 18 1
56 19 1
56 20 1
56 21 1
56 25 1
56 26 1
56 31 1
56 33 1
56 34 1
56 35 1
56 36 1
56 37 1
56 41 1
56 42 1
56 43 1
56 45 1
56 46 1
56 50 1
56 51 1
56 52 1
56 53 1
56 55 1
57 8 1
57 9 1
57 10 1
57 11 1
57 14 1
57 15 1
57 17 1
57 18 1
57 19 1
57 20 1
57 21 1
57 23 1
57 24 1
57 25 1
57 27 1
57 33 1
57 35 1
57 37 1
57 38 1
57 40 1
57 41 1
57 42 1
57 43 1
57 44 1
57 45 1
57 46 1
57 48 1
57 49 1
57 50 1
57 51 1
57 52 1
57 53 1
57 54 1
57 55 1
58 5 1
58 7 1
58 8 1
58 10 1
58 11 1
58 14 1
58 15 1
58 16 1
58 17 1
58 20 1
58 26 1
58 27 1
58 28 1
58 30 1
58 32 1
58 34 1
58 35 1
58 37 1
58 38 1
58 39 1
58 41 1
58 43 1
58 44 1
58 48 1
58 49 1
58 51 1
58 52 1
58 53 1
58 54 1
58 57 1
59 1 1
59 2 1
59 3 1
59 4 1
59 11 1
59 12 1
59 14 1
59 16 1
59 17 1
59 19 1
59 21 1
59 23 1
59 24 1
59 25 1
59 26 1
59 29 1
59 31 1
59 32 1
59 34 1
59 35 1
59 37 1
59 39 1
59 40 1
59 41 1
59 43 1
59 44 1
59 45 1
59 46 1
59 49 1
59 51 1
59 55 1
