20
1 0 7
2 0 2
2 1 6
3 1 10
3 2 11
4 1 6
4 2 4
6 2 9
6 3 3
6 4 1
6 5 4
7 6 12
8 0 10
8 1 10
8 4 8
8 5 3
8 6 3
8 7 9
9 1 5
9 3 1
9 7 1
10 5 7
10 6 9
10 7 9
11 0 10
11 1 9
11 3 12
11 4 2
11 5 4
11 6 10
11 8 11
11 9 7
12 0 9
12 1 12
12 2 6
12 3 11
12 4 5
13 0 3
13 3 8
13 5 11
13 6 1
13 7 2
13 8 4
13 11 5
14 1 8
14 2 8
14 5 12
14 6 6
14 11 4
14 12 12
14 13 7
15 4 6
15 6 10
15 11 7
15 13 4
15 14 2
16 2 12
16 7 8
16 8 11
16 9 8
16 10 2
16 11 9
16 12 7
16 13 7
16 14 11
16 15 7
17 0 12
17 1 8
17 4 6
17 7 9
17 8 1
17 10 5
17 14 2
17 16 12
18 2 7
18 3 5
18 4 6
18 5 1
18 7 1
18 9 7
18 12 1
19 0 3
19 1 9
19 2 4
19 3 8
19 5 10
19 6 8
19 7 8
19 9 7
19 12 4
19 13 1
19 16 4
19 18 5
