20
1 0 8
2 0 10
2 1 6
3 0 4
3 1 3
3 2 2
4 0 1
4 1 7
4 2 7
4 3 5
5 0 7
5 1 4
5 2 4
5 3 6
5 4 7
6 0 6
6 1 1
6 2 1
6 3 2
6 4 2
6 5 7
7 0 9
7 1 9
7 2 3
7 3 6
7 4 4
7 5 10
7 6 5
8 0 7
8 1 3
8 2 7
8 3 8
8 4 2
8 5 4
8 6 6
8 7 8
9 0 8
9 1 9
9 2 2
9 3 2
9 4 1
9 5 9
9 6 9
9 7 10
9 8 6
10 0 2
10 1 6
10 2 4
10 3 10
10 4 6
10 5 4
10 6 4
10 7 6
10 8 1
10 9 7
11 0 9
11 1 8
11 2 4
11 3 2
11 4 4
11 5 8
11 6 8
11 7 10
11 8 7
11 9 9
11 10 1
12 0 10
12 1 6
12 2 5
12 3 10
12 4 2
12 5 2
12 6 1
12 7 7
12 8 1
12 9 4
12 10 4
12 11 8
13 0 7
13 1 5
13 2 10
13 3 1
13 4 3
13 5 10
13 6 2
13 7 2
13 8 1
13 9 4
13 10 5
13 11 2
13 12 10
14 0 7
14 1 1
14 2 5
14 3 5
14 4 8
14 5 8
14 6 10
14 7 9
14 8 5
14 9 9
14 10 1
14 11 9
14 12 7
14 13 6
15 0 5
15 1 1
15 2 7
15 3 9
15 4 4
15 5 10
15 6 7
15 7 2
15 8 6
15 9 1
15 10 1
15 11 10
15 12 8
15 13 3
15 14 2
16 0 8
16 1 4
16 2 1
16 3 8
16 4 7
16 5 4
16 6 3
16 7 8
16 8 5
16 9 8
16 10 3
16 11 9
16 12 10
16 13 1
16 14 9
16 15 8
17 0 9
17 1 8
17 2 9
17 3 7
17 4 7
17 5 9
17 6 3
17 7 3
17 8 7
17 9 3
17 10 2
17 11 1
17 12 9
17 13 1
17 14 8
17 15 10
17 16 10
18 0 3
18 1 9
18 2 6
18 3 1
18 4 3
18 5 6
18 6 8
18 7 3
18 8 6
18 9 9
18 10 8
18 11 10
18 12 4
18 13 1
18 14 10
18 15 1
18 16 8
18 17 5
19 0 3
19 1 3
19 2 3
19 3 4
19 4 2
19 5 1
19 6 8
19 7 5
19 8 7
19 9 7
19 10 9
19 11 9
19 12 10
19 13 3
19 14 1
19 15 3
19 16 1
19 17 5
19 18 8
