30
2 0 1
3 0 8
4 1 6
4 2 5
4 3 7
5 1 5
5 2 3
5 4 6
6 0 3
6 1 8
6 3 3
7 0 6
7 1 5
7 2 8
7 3 3
7 5 3
7 6 8
8 0 2
8 2 5
8 3 7
8 5 7
9 0 4
9 4 8
9 6 1
9 7 1
10 2 8
10 3 4
10 4 2
10 6 3
10 8 7
11 2 2
11 5 8
11 6 7
11 9 1
12 5 4
12 6 3
12 7 6
12 8 5
12 9 2
13 0 1
13 2 3
13 4 7
13 5 4
13 6 1
13 8 1
13 10 8
13 12 1
14 0 2
14 1 5
14 4 4
14 9 6
14 11 6
14 12 4
14 13 5
15 1 3
15 2 1
15 11 2
15 12 3
15 14 7
16 0 2
16 1 7
16 2 4
16 5 2
16 6 6
16 7 6
16 9 5
16 10 7
16 12 5
16 15 1
17 1 8
17 3 5
17 5 5
17 6 2
17 8 1
17 10 3
17 11 8
17 13 1
17 14 4
17 15 2
18 1 4
18 2 2
18 5 1
18 7 8
18 8 1
18 9 5
18 16 6
18 17 7
19 0 6
19 3 1
19 4 5
19 5 5
19 8 2
19 10 8
19 11 5
19 12 6
19 13 3
19 14 2
19 16 5
20 2 6
20 4 1
20 6 3
20 7 1
20 8 7
20 9 1
20 10 4
20 11 7
20 12 4
20 13 3
20 14 1
20 15 3
20 17 1
20 19 3
21 0 5
21 1 8
21 2 7
21 3 4
21 8 6
21 10 3
21 11 6
21 13 4
21 15 3
21 16 5
22 0 7
22 1 5
22 5 5
22 6 7
22 7 7
22 11 6
22 13 5
22 15 4
22 16 6
22 17 4
22 18 5
22 19 4
23 0 6
23 2 1
23 3 4
23 4 1
23 8 5
23 9 7
23 10 5
23 13 4
23 17 7
23 18 8
23 19 4
23 20 5
23 22 7
24 0 4
24 1 5
24 2 1
24 6 7
24 7 1
24 8 1
24 11 3
24 12 2
24 14 6
24 15 2
24 16 8
24 18 2
24 19 5
24 23 4
25 0 7
25 1 5
25 3 7
25 4 7
25 5 1
25 8 5
25 9 3
25 10 4
25 11 7
25 12 5
25 15 1
25 16 3
25 17 8
25 18 1
25 19 4
25 23 1
25 24 4
26 1 1
26 9 7
26 10 5
26 11 7
26 12 1
26 13 3
26 14 3
26 15 1
26 16 8
26 17 7
26 18 8
26 20 1
26 21 8
26 22 8
26 23 7
27 0 5
27 1 1
27 2 3
27 3 8
27 4 5
27 6 7
27 10 5
27 12 1
27 13 4
27 15 3
27 17 4
27 20 4
27 21 6
27 23 2
27 24 8
27 25 6
27 26 6
28 0 8
28 2 7
28 3 4
28 6 7
28 9 2
28 11 8
28 15 1
28 16 7
28 18 6
28 19 1
28 20 7
28 21 6
28 23 5
28 25 3
28 26 2
29 0 3
29 1 8
29 4 8
29 9 1
29 10 2
29 11 8
29 12 1
29 13 1
29 16 4
29 17 1
29 18 4
29 21 2
29 24 8
29 25 5
29 28 2
