70
1 0 5
3 2 1
4 2 7
4 3 6
5 1 8
5 2 3
5 3 6
6 4 6
7 3 1
7 6 4
8 0 7
8 1 5
8 3 4
8 4 2
8 6 2
8 7 2
9 1 5
9 2 4
9 4 2
9 6 7
9 7 5
10 0 1
10 1 2
10 2 1
10 3 7
10 5 4
10 7 4
10 8 2
11 0 2
11 2 5
11 7 7
11 8 3
11 10 2
12 1 6
12 2 4
12 4 2
12 5 3
12 6 5
12 7 3
12 9 5
12 10 4
12 11 6
13 1 2
13 2 7
13 4 7
13 6 7
13 7 1
13 10 3
13 12 3
14 7 8
14 10 1
14 11 3
15 2 5
15 3 8
15 4 2
15 9 6
15 12 1
16 0 5
16 1 6
16 2 3
16 3 5
16 5 8
16 7 2
16 9 2
16 11 4
16 12 4
16 13 7
16 14 8
16 15 2
17 1 7
17 2 6
17 6 7
17 7 6
17 8 5
17 9 1
17 11 6
17 12 3
17 13 1
17 14 6
17 15 8
18 1 2
18 7 7
18 8 8
18 10 2
18 11 3
18 13 4
18 14 4
18 16 4
18 17 7
19 0 1
19 2 8
19 3 3
19 6 3
19 8 1
19 10 2
19 11 8
19 12 7
19 14 3
19 16 5
19 17 8
20 2 7
20 3 2
20 6 3
20 9 6
20 12 5
20 13 2
20 15 3
20 16 8
20 17 4
21 0 7
21 3 4
21 4 1
21 5 5
21 8 3
21 9 3
21 10 4
21 12 8
21 13 3
21 14 4
21 18 7
21 20 8
22 0 4
22 4 7
22 6 2
22 7 2
22 12 7
23 0 3
23 1 5
23 2 7
23 3 5
23 5 7
23 7 6
23 9 7
23 10 7
23 11 8
23 12 2
23 13 6
23 14 7
23 18 5
23 19 1
23 20 3
24 0 1
24 2 2
24 3 1
24 5 6
24 6 8
24 9 1
24 10 5
24 11 3
24 15 1
24 16 7
24 19 6
24 21 7
24 22 7
24 23 6
25 4 4
25 6 7
25 7 5
25 8 5
25 12 7
25 13 5
25 14 8
25 15 4
25 16 4
25 18 6
25 21 7
25 22 2
26 2 1
26 3 5
26 5 5
26 7 5
26 12 2
26 13 4
26 14 1
26 15 4
26 16 2
26 19 5
27 0 2
27 2 7
27 3 4
27 4 4
27 5 5
27 6 3
27 8 5
27 10 8
27 13 6
27 15 7
27 16 3
27 19 4
27 20 3
27 22 1
27 23 7
27 24 5
27 25 4
28 1 8
28 2 4
28 3 7
28 7 1
28 8 4
28 9 1
28 10 5
28 11 6
28 13 4
28 14 7
28 17 6
28 18 3
28 21 4
28 22 4
28 23 3
28 27 2
29 1 8
29 5 6
29 9 5
29 10 5
29 11 5
29 13 2
29 14 6
29 16 6
29 19 3
29 20 4
29 21 1
29 24 5
29 25 1
29 27 3
30 3 8
30 10 2
30 12 1
30 13 8
30 17 6
30 21 2
30 23 5
30 26 7
30 27 4
30 29 1
31 0 8
31 1 5
31 2 8
31 3 6
31 4 1
31 7 3
31 8 3
31 10 3
31 14 5
31 16 7
31 17 1
31 25 3
32 6 1
32 9 6
32 11 1
32 12 4
32 15 4
32 20 2
32 21 6
32 24 2
32 26 3
32 28 2
33 1 8
33 4 3
33 5 3
33 9 8
33 10 5
33 11 5
33 13 5
33 17 4
33 19 6
33 22 7
33 24 5
33 28 4
33 31 1
33 32 7
34 1 5
34 3 7
34 6 7
34 7 5
34 8 7
34 9 8
34 11 8
34 21 2
34 22 5
34 23 4
34 25 6
34 26 4
34 27 8
34 28 4
34 29 7
34 31 2
34 32 6
35 0 1
35 1 7
35 2 8
35 3 4
35 4 5
35 5 5
35 8 8
35 9 2
35 12 1
35 18 3
35 19 8
35 22 5
35 24 1
35 25 6
35 27 1
35 28 5
35 32 5
36 0 3
36 1 6
36 2 6
36 4 5
36 5 1
36 11 2
36 12 5
36 15 8
36 16 6
36 21 7
36 22 7
36 25 5
36 26 2
36 29 6
36 30 3
36 31 3
36 32 5
36 33 4
36 35 6
37 2 7
37 7 8
37 8 1
37 9 7
37 10 5
37 11 1
37 15 4
37 16 3
37 17 5
37 21 7
37 24 8
37 25 7
37 26 1
37 27 5
37 28 2
37 32 6
37 34 1
37 35 5
38 0 6
38 4 5
38 5 3
38 9 6
38 10 6
38 11 4
38 13 5
38 14 5
38 15 4
38 16 1
38 17 2
38 18 3
38 21 2
38 23 8
38 25 4
38 27 4
38 30 3
38 31 1
38 34 3
38 36 5
38 37 4
39 0 7
39 2 4
39 3 2
39 4 7
39 8 2
39 10 7
39 14 1
39 15 4
39 19 3
39 20 2
39 21 6
39 24 8
39 27 4
39 29 7
39 32 7
39 33 8
39 36 8
40 3 6
40 4 4
40 5 4
40 6 7
40 9 6
40 10 4
40 14 3
40 20 6
40 22 2
40 23 7
40 26 3
40 31 3
40 34 4
40 35 7
40 36 6
40 37 2
41 0 3
41 3 8
41 4 7
41 6 3
41 8 4
41 11 2
41 13 7
41 16 1
41 17 3
41 19 4
41 21 8
41 23 6
41 25 7
41 26 2
41 27 5
41 29 1
41 31 6
41 32 4
41 34 3
41 35 3
41 38 2
41 40 1
42 1 6
42 4 8
42 6 3
42 9 5
42 10 6
42 12 5
42 13 6
42 16 7
42 17 1
42 21 2
42 23 4
42 26 6
42 27 1
42 28 2
42 29 2
42 31 5
42 35 8
42 37 6
42 39 4
42 40 1
42 41 7
43 0 5
43 1 3
43 2 7
43 4 6
43 5 8
43 7 4
43 8 6
43 11 3
43 18 6
43 22 8
43 26 5
43 28 6
43 30 3
43 32 8
43 33 5
43 36 8
43 37 3
43 38 5
43 39 1
43 40 5
43 41 5
44 0 4
44 4 5
44 5 5
44 6 3
44 12 8
44 14 8
44 15 8
44 16 7
44 17 7
44 18 5
44 19 5
44 21 3
44 23 1
44 24 8
44 26 7
44 31 6
44 33 1
44 34 4
44 39 3
44 40 7
44 42 5
45 0 3
45 8 4
45 10 1
45 14 1
45 16 1
45 21 6
45 22 5
45 24 8
45 26 6
45 27 6
45 30 6
45 32 4
45 36 1
45 39 2
45 40 3
45 41 1
45 43 5
46 1 8
46 2 8
46 3 2
46 9 6
46 13 3
46 14 4
46 15 7
46 18 7
46 20 1
46 25 3
46 26 3
46 27 8
46 28 4
46 32 5
46 33 8
46 34 4
46 35 4
46 36 4
46 37 5
46 38 2
46 39 3
46 41 5
46 42 8
46 43 7
46 45 8
47 1 6
47 3 1
47 4 1
47 6 3
47 9 6
47 13 1
47 17 5
47 18 3
47 19 2
47 20 5
47 21 1
47 22 8
47 23 7
47 24 3
47 25 3
47 26 1
47 28 5
47 29 2
47 30 6
47 31 4
47 33 5
47 34 2
47 35 8
47 38 5
47 39 7
47 40 5
48 0 8
48 2 1
48 6 1
48 10 3
48 11 4
48 12 1
48 13 6
48 14 4
48 15 6
48 16 1
48 19 3
48 21 5
48 22 8
48 28 4
48 29 4
48 31 2
48 33 1
48 34 8
48 35 1
48 36 8
48 37 4
48 40 1
48 41 2
48 42 2
48 43 8
48 44 3
48 45 7
48 46 3
49 0 5
49 2 8
49 3 1
49 7 3
49 8 3
49 9 4
49 10 1
49 11 6
49 12 8
49 14 3
49 15 1
49 18 3
49 20 8
49 25 1
49 26 5
49 29 8
49 30 4
49 31 2
49 33 8
49 36 7
49 38 4
49 39 1
49 40 5
49 42 2
49 43 6
49 44 6
50 0 2
50 2 1
50 5 8
50 7 5
50 10 7
50 11 2
50 15 2
50 16 8
50 19 6
50 20 4
50 22 7
50 23 5
50 25 2
50 32 3
50 33 2
50 34 3
50 36 8
50 43 4
50 44 1
50 45 6
50 46 1
51 0 8
51 1 1
51 5 2
51 6 8
51 8 3
51 9 8
51 10 3
51 11 5
51 15 4
51 18 7
51 20 5
51 21 5
51 28 1
51 32 6
51 35 1
51 36 3
51 38 1
51 41 1
51 42 8
51 43 2
51 44 1
51 45 7
51 46 3
51 48 2
51 49 3
51 50 8
52 3 3
52 4 6
52 5 2
52 8 4
52 11 2
52 13 3
52 18 6
52 21 2
52 26 6
52 29 7
52 37 7
52 43 2
52 44 1
52 45 3
52 46 4
52 48 3
52 50 2
52 51 6
53 0 5
53 5 5
53 6 1
53 7 6
53 11 4
53 13 3
53 14 8
53 18 5
53 20 7
53 21 7
53 22 7
53 24 6
53 25 7
53 32 6
53 33 3
53 35 2
53 36 4
53 38 7
53 40 6
53 42 6
53 44 7
53 46 2
53 48 1
53 50 8
53 51 3
54 2 8
54 4 1
54 5 4
54 6 7
54 8 3
54 10 4
54 14 5
54 15 2
54 18 8
54 20 1
54 21 4
54 22 8
54 23 2
54 24 3
54 26 1
54 27 4
54 28 7
54 29 3
54 31 7
54 32 3
54 33 5
54 35 5
54 38 3
54 39 3
54 41 2
54 42 7
54 43 8
54 45 2
54 48 8
54 51 5
55 1 8
55 3 7
55 6 2
55 7 1
55 8 7
55 9 4
55 10 4
55 11 7
55 13 4
55 19 8
55 21 5
55 23 4
55 30 2
55 31 6
55 35 1
55 36 6
55 37 6
55 38 6
55 48 2
55 49 8
55 50 7
55 51 5
55 52 1
55 53 2
55 54 1
56 4 3
56 5 1
56 8 6
56 10 2
56 11 8
56 13 7
56 14 6
56 16 1
56 19 5
56 20 5
56 21 3
56 22 2
56 23 1
56 24 8
56 27 1
56 28 2
56 30 5
56 35 2
56 38 7
56 39 4
56 40 5
56 42 7
56 45 1
56 48 5
56 49 7
56 51 8
56 54 6
57 0 7
57 1 7
57 2 2
57 3 8
57 5 8
57 10 4
57 11 5
57 12 7
57 15 1
57 16 7
57 19 4
57 20 6
57 22 8
57 31 6
57 32 2
57 35 1
57 36 8
57 38 6
57 40 1
57 47 7
57 50 3
57 51 4
57 53 8
57 56 4
58 3 1
58 4 1
58 5 7
58 6 4
58 8 7
58 10 7
58 11 6
58 14 3
58 15 6
58 24 2
58 25 5
58 27 2
58 29 6
58 30 3
58 31 2
58 36 3
58 37 7
58 41 8
58 43 4
58 45 8
58 48 1
58 51 7
58 53 7
58 56 6
59 1 7
59 3 2
59 4 3
59 6 1
59 7 7
59 9 5
59 11 1
59 13 4
59 17 3
59 20 8
59 26 2
59 30 4
59 31 1
59 32 7
59 33 7
59 36 3
59 37 7
59 38 7
59 44 2
59 48 1
59 49 1
59 52 2
59 54 2
59 57 7
59 58 2
60 5 8
60 7 4
60 8 1
60 9 2
60 10 1
60 13 5
60 14 1
60 17 8
60 23 8
60 27 5
60 28 3
60 31 3
60 32 6
60 41 4
60 43 6
60 44 4
60 45 4
60 47 8
60 48 6
60 51 5
60 52 1
60 56 3
61 2 4
61 3 6
61 5 8
61 9 1
61 10 2
61 11 6
61 13 5
61 14 8
61 15 1
61 16 4
61 17 4
61 18 1
61 20 3
61 21 6
61 22 6
61 24 8
61 27 3
61 31 4
61 35 6
61 36 4
61 37 8
61 40 1
61 41 8
61 42 8
61 46 2
61 47 5
61 48 5
61 49 1
61 50 2
61 51 2
61 52 4
61 54 2
61 55 7
61 59 1
61 60 2
62 0 7
62 2 5
62 3 4
62 6 6
62 7 8
62 8 8
62 9 7
62 10 7
62 13 8
62 18 4
62 19 8
62 23 8
62 25 2
62 28 6
62 29 7
62 30 3
62 31 1
62 34 2
62 35 7
62 41 5
62 42 4
62 48 7
62 49 1
62 50 5
62 51 8
62 52 4
62 53 2
62 54 7
62 55 8
62 56 8
62 59 1
62 61 3
63 0 4
63 4 6
63 6 7
63 8 6
63 11 5
63 13 5
63 16 5
63 17 4
63 19 5
63 20 4
63 25 4
63 27 6
63 28 1
63 30 2
63 33 4
63 34 1
63 35 2
63 36 1
63 38 3
63 39 2
63 44 6
63 46 2
63 47 3
63 48 3
63 50 4
63 51 1
63 54 2
63 55 6
63 56 1
63 59 3
64 2 8
64 3 6
64 5 4
64 6 3
64 9 8
64 11 5
64 12 6
64 13 5
64 14 7
64 15 4
64 17 3
64 20 4
64 22 2
64 24 8
64 26 5
64 30 5
64 32 5
64 33 8
64 34 4
64 36 6
64 42 6
64 43 7
64 44 8
64 48 6
64 52 5
64 54 2
64 55 2
64 56 2
64 58 8
64 63 4
65 1 2
65 3 2
65 4 2
65 6 5
65 7 3
65 8 6
65 9 2
65 10 4
65 11 4
65 14 7
65 15 3
65 16 5
65 17 7
65 18 8
65 22 1
65 24 7
65 25 1
65 26 6
65 27 4
65 30 6
65 31 7
65 32 4
65 33 7
65 36 8
65 39 8
65 40 1
65 42 5
65 43 3
65 45 7
65 46 4
65 47 5
65 49 7
65 51 3
65 58 5
65 59 7
65 60 4
65 62 8
65 64 4
66 6 4
66 10 4
66 11 1
66 12 8
66 13 2
66 20 3
66 21 7
66 22 2
66 23 8
66 25 4
66 27 8
66 28 4
66 29 4
66 30 3
66 37 2
66 39 3
66 40 4
66 43 3
66 44 4
66 46 6
66 49 8
66 50 1
66 52 8
66 53 8
66 56 6
66 57 1
66 60 7
66 61 6
66 65 7
67 0 4
67 5 2
67 6 4
67 10 7
67 12 1
67 15 1
67 16 4
67 18 3
67 21 7
67 22 5
67 27 3
67 31 4
67 32 1
67 33 6
67 34 7
67 35 3
67 39 8
67 40 8
67 43 6
67 44 5
67 46 8
67 47 5
67 50 3
67 51 6
67 52 7
67 54 2
67 55 3
67 57 6
67 59 3
67 60 7
67 63 5
67 64 8
67 65 5
68 0 1
68 4 4
68 5 7
68 6 7
68 8 3
68 9 2
68 10 4
68 11 5
68 12 6
68 14 4
68 15 3
68 19 4
68 21 8
68 23 3
68 24 7
68 25 2
68 26 5
68 27 1
68 30 4
68 31 5
68 33 4
68 34 8
68 36 8
68 49 1
68 55 5
68 57 3
68 58 6
68 59 7
68 60 1
68 61 8
68 63 6
68 66 5
68 67 1
69 2 3
69 4 4
69 5 5
69 6 8
69 7 8
69 8 3
69 14 4
69 15 7
69 16 5
69 17 5
69 18 7
69 19 8
69 20 1
69 21 4
69 25 3
69 26 4
69 27 3
69 32 2
69 33 5
69 36 2
69 37 6
69 40 5
69 42 8
69 44 5
69 46 5
69 47 7
69 49 4
69 55 3
69 57 7
69 58 3
69 65 1
69 66 1
69 67 5
