30
1 0 4
2 0 1
2 1 3
3 0 6
3 1 3
3 2 4
4 0 4
4 1 3
4 2 1
4 3 4
5 0 3
5 1 2
5 2 6
5 3 2
5 4 4
6 0 3
6 1 2
6 2 6
6 3 1
6 4 4
6 5 3
7 0 2
7 1 4
7 2 1
7 3 1
7 4 1
7 5 4
7 6 4
8 0 3
8 1 1
8 2 3
8 3 1
8 4 5
8 5 6
8 6 4
8 7 5
9 0 3
9 1 2
9 2 3
9 3 6
9 4 1
9 5 6
9 6 2
9 7 3
9 8 2
10 0 5
10 1 5
10 2 4
10 3 2
10 4 2
10 5 3
10 6 5
10 7 6
10 8 3
10 9 5
11 0 5
11 1 1
11 2 3
11 3 4
11 4 4
11 5 2
11 6 5
11 7 6
11 8 3
11 9 4
11 10 3
12 0 5
12 1 4
12 2 4
12 3 5
12 4 3
12 5 6
12 6 4
12 7 1
12 8 6
12 9 1
12 10 6
12 11 6
13 0 6
13 1 3
13 2 1
13 3 5
13 4 4
13 5 5
13 6 1
13 7 1
13 8 1
13 9 5
13 10 1
13 11 1
13 12 2
14 0 2
14 1 3
14 2 4
14 3 4
14 4 5
14 5 4
14 6 4
14 7 5
14 8 2
14 9 3
14 10 4
14 11 2
14 12 4
14 13 1
15 0 4
15 1 5
15 2 5
15 3 5
15 4 4
15 5 3
15 6 3
15 7 2
15 8 2
15 9 4
15 10 4
15 11 2
15 12 6
15 13 6
15 14 6
16 0 1
16 1 6
16 2 5
16 3 1
16 4 4
16 5 1
16 6 5
16 7 6
16 8 1
16 9 3
16 10 4
16 11 3
16 12 5
16 13 4
16 14 3
16 15 3
17 0 4
17 1 3
17 2 2
17 3 2
17 4 1
17 5 1
17 6 1
17 7 2
17 8 5
17 9 3
17 10 3
17 11 1
17 12 3
17 13 2
17 14 6
17 15 3
17 16 4
18 0 5
18 1 4
18 2 4
18 3 6
18 4 5
18 5 5
18 6 3
18 7 3
18 8 5
18 9 5
18 10 6
18 11 3
18 12 4
18 13 6
18 14 4
18 15 3
18 16 4
18 17 2
19 0 6
19 1 1
19 2 4
19 3 3
19 4 4
19 5 2
19 6 4
19 7 6
19 8 2
19 9 5
19 10 1
19 11 2
19 12 6
19 13 6
19 14 1
19 15 5
19 16 5
19 17 6
19 18 4
20 0 3
20 1 5
20 2 2
20 3 1
20 4 5
20 5 5
20 6 3
20 7 3
20 8 1
20 9 3
20 10 5
20 11 4
20 12 1
20 13 6
20 14 2
20 15 1
20 16 1
20 17 1
20 18 4
20 19 5
21 0 3
21 1 6
21 2 6
21 3 3
21 4 6
21 5 3
21 6 4
21 7 6
21 8 6
21 9 2
21 10 5
21 11 3
21 12 3
21 13 5
21 14 5
21 15 2
21 16 1
21 17 1
21 18 2
21 19 6
21 20 6
22 0 1
22 1 6
22 2 4
22 3 6
22 4 4
22 5 3
22 6 1
22 7 3
22 8 4
22 9 2
22 10 2
22 11 6
22 12 4
22 13 1
22 14 3
22 15 2
22 16 3
22 17 6
22 18 6
22 19 6
22 20 4
22 21 5
23 0 3
23 1 5
23 2 1
23 3 5
23 4 6
23 5 2
23 6 4
23 7 3
23 8 5
23 9 2
23 10 3
23 11 2
23 12 6
23 13 2
23 14 3
23 15 6
23 16 3
23 17 4
23 18 6
23 19 1
23 20 2
23 21 1
23 22 4
24 0 5
24 1 4
24 2 6
24 3 3
24 4 5
24 5 6
24 6 6
24 7 2
24 8 2
24 9 1
24 10 6
24 11 2
24 12 2
24 13 5
24 14 5
24 15 1
24 16 4
24 17 3
24 18 3
24 19 6
24 20 5
24 21 3
24 22 2
24 23 4
25 0 3
25 1 5
25 2 2
25 3 5
25 4 5
25 5 6
25 6 4
25 7 5
25 8 4
25 9 6
25 10 4
25 11 1
25 12 3
25 13 1
25 14 2
25 15 1
25 16 6
25 17 4
25 18 6
25 19 6
25 20 3
25 21 6
25 22 2
25 23 2
25 24 1
26 0 4
26 1 1
26 2 3
26 3 2
26 4 2
26 5 2
26 6 2
26 7 1
26 8 3
26 9 1
26 10 3
26 11 4
26 12 5
26 13 4
26 14 5
26 15 5
26 16 6
26 17 2
26 18 6
26 19 6
26 20 1
26 21 2
26 22 6
26 23 2
26 24 3
26 25 4
27 0 6
27 1 3
27 2 5
27 3 6
27 4 1
27 5 2
27 6 2
27 7 3
27 8 4
27 9 2
27 10 6
27 11 6
27 12 5
27 13 6
27 14 2
27 15 1
27 16 1
27 17 1
27 18 2
27 19 5
27 20 2
27 21 5
27 22 3
27 23 6
27 24 4
27 25 1
27 26 4
28 0 2
28 1 4
28 2 6
28 3 4
28 4 2
28 5 3
28 6 2
28 7 5
28 8 6
28 9 6
28 10 3
28 11 2
28 12 4
28 13 3
28 14 6
28 15 3
28 16 1
28 17 6
28 18 3
28 19 3
28 20 1
28 21 4
28 22 4
28 23 2
28 24 1
28 25 3
28 26 5
28 27 3
29 0 6
29 1 4
29 2 1
29 3 6
29 4 4
29 5 5
29 6 6
29 7 3
29 8 3
29 9 3
29 10 2
29 11 2
29 12 1
29 13 2
29 14 2
29 15 1
29 16 3
29 17 4
29 18 2
29 19 3
29 20 5
29 21 1
29 22 5
29 23 5
29 24 5
29 25 6
29 26 4
29 27 3
29 28 4
