40
3 0 12
4 1 3
4 2 7
4 3 8
5 3 4
5 4 4
6 0 13
6 3 7
6 4 7
7 0 11
7 1 8
7 3 9
7 5 5
7 6 7
8 0 9
8 1 3
8 4 5
8 5 12
9 1 6
9 2 3
9 4 11
9 8 7
10 0 1
10 3 9
10 6 11
10 7 6
10 8 7
10 9 5
11 3 1
11 5 4
11 7 3
12 0 5
12 4 3
12 6 12
12 8 4
13 0 5
13 2 4
13 3 12
13 7 3
13 8 5
13 10 10
14 0 5
14 3 10
14 4 5
14 6 7
14 9 8
14 10 3
14 11 12
14 13 10
15 0 2
15 1 4
15 4 3
15 6 13
15 10 9
15 11 2
15 13 12
15 14 3
16 2 8
16 7 13
16 9 12
16 10 6
16 11 4
16 12 3
17 0 1
17 2 8
17 3 3
17 6 12
17 8 3
17 9 8
17 10 4
17 11 9
17 13 1
17 14 6
17 16 8
18 1 1
18 2 1
18 4 11
18 6 8
18 8 11
18 10 8
18 11 11
18 14 5
19 0 4
19 5 10
19 6 7
19 7 7
19 8 9
19 10 2
19 11 5
19 14 8
19 15 9
19 16 11
20 3 8
20 4 1
20 10 3
20 11 6
20 13 2
20 14 1
20 15 3
20 17 8
20 18 5
21 1 1
21 3 10
21 5 3
21 6 3
21 7 4
21 8 12
21 9 7
21 12 4
21 14 3
21 15 9
21 16 11
21 17 8
21 18 11
21 19 11
21 20 5
22 3 4
22 5 2
22 9 5
22 12 13
22 13 9
22 14 11
22 17 4
23 1 3
23 6 6
23 8 12
23 9 13
23 10 4
23 12 13
23 14 9
23 15 6
23 19 2
24 0 10
24 3 6
24 4 7
24 7 9
24 11 8
24 13 6
24 17 11
24 18 7
24 22 11
24 23 2
25 0 11
25 2 10
25 9 5
25 10 12
25 12 8
25 18 5
25 24 7
26 0 4
26 2 11
26 4 1
26 5 4
26 6 1
26 10 3
26 12 6
26 15 6
26 16 11
26 17 2
26 19 3
26 24 13
26 25 2
27 0 5
27 1 3
27 2 6
27 4 2
27 7 1
27 9 6
27 11 9
27 12 6
27 13 12
27 14 7
27 15 6
27 20 5
27 24 4
28 0 9
28 1 4
28 2 5
28 5 6
28 10 6
28 11 13
28 13 8
28 14 12
28 16 9
28 17 13
28 21 4
28 23 10
28 24 6
28 25 2
29 1 9
29 3 7
29 4 1
29 9 4
29 10 13
29 11 8
29 12 6
29 13 1
29 14 2
29 16 7
29 21 7
29 25 5
29 26 2
29 28 5
30 2 8
30 3 6
30 8 5
30 11 2
30 13 10
30 14 1
30 16 6
30 18 7
30 19 11
30 21 9
30 23 12
30 24 11
30 26 1
31 2 1
31 9 13
31 10 1
31 12 5
31 14 4
31 15 6
31 18 12
31 19 13
31 21 1
31 22 7
31 23 7
31 24 8
31 30 5
32 1 3
32 4 13
32 5 1
32 6 13
32 7 11
32 11 3
32 12 11
32 16 6
32 17 7
32 18 13
32 19 5
32 21 4
32 22 8
32 26 1
32 27 13
32 28 6
33 0 4
33 3 7
33 5 2
33 15 4
33 16 4
33 19 8
33 20 11
33 22 4
33 23 4
33 26 13
33 27 3
33 28 4
33 31 6
34 0 4
34 1 8
34 2 6
34 3 11
34 4 3
34 9 9
34 10 1
34 11 5
34 12 10
34 13 5
34 14 10
34 15 2
34 17 4
34 18 12
34 19 10
34 20 10
34 22 8
34 23 8
34 25 5
34 28 2
34 29 9
34 30 6
34 33 3
35 1 13
35 2 2
35 3 13
35 5 6
35 6 9
35 7 7
35 20 10
35 21 6
35 22 12
35 23 2
35 25 8
35 26 7
35 29 8
35 30 7
35 31 3
35 32 7
36 3 12
36 4 9
36 7 9
36 8 7
36 9 13
36 10 3
36 11 7
36 12 4
36 16 8
36 17 13
36 20 10
36 25 2
36 26 9
36 27 2
36 29 5
37 1 11
37 3 10
37 4 13
37 5 3
37 6 4
37 8 3
37 10 9
37 11 8
37 12 11
37 14 2
37 18 3
37 19 3
37 20 10
37 22 3
37 25 2
37 28 9
37 30 12
37 34 3
37 35 9
37 36 4
38 1 6
38 8 6
38 10 7
38 11 7
38 12 6
38 18 6
38 20 10
38 26 4
38 28 2
38 31 11
38 32 12
38 33 6
38 34 8
39 1 13
39 3 12
39 9 1
39 12 5
39 13 2
39 16 12
39 17 3
39 20 11
39 23 8
39 25 1
39 29 12
39 37 6
39 38 6
