70
1 0 5
2 0 10
2 1 9
3 0 10
3 1 3
3 2 4
4 0 10
4 1 3
4 2 5
4 3 6
5 0 4
5 1 5
5 2 7
5 3 4
5 4 4
6 0 8
6 1 4
6 2 8
6 3 3
6 4 5
6 5 3
7 0 10
7 1 2
7 2 4
7 3 4
7 4 6
7 5 2
7 6 10
8 0 2
8 1 9
8 2 2
8 3 3
8 4 7
8 5 7
8 6 1
8 7 8
9 0 1
9 1 3
9 2 6
9 3 8
9 4 9
9 5 5
9 6 9
9 7 5
9 8 8
10 0 10
10 1 7
10 2 2
10 3 1
10 4 5
10 5 10
10 6 8
10 7 5
10 8 9
10 9 6
11 0 6
11 1 8
11 2 5
11 3 4
11 4 7
11 5 1
11 6 10
11 7 8
11 8 3
11 9 7
11 10 9
12 0 3
12 1 3
12 2 10
12 3 4
12 4 6
12 5 9
12 6 10
12 7 2
12 8 6
12 9 6
12 10 1
12 11 1
13 0 6
13 1 6
13 2 2
13 3 2
13 4 8
13 5 9
13 6 4
13 7 9
13 8 2
13 9 7
13 10 8
13 11 5
13 12 2
14 0 5
14 1 1
14 2 5
14 3 7
14 4 10
14 5 5
14 6 9
14 7 8
14 8 6
14 9 1
14 10 10
14 11 6
14 12 8
14 13 5
15 0 1
15 1 1
15 2 2
15 3 7
15 4 3
15 5 6
15 6 3
15 7 1
15 8 8
15 9 6
15 10 4
15 11 9
15 12 8
15 13 1
15 14 5
16 0 2
16 1 3
16 2 4
16 3 7
16 4 3
16 5 6
16 6 7
16 7 6
16 8 8
16 9 5
16 10 10
16 11 5
16 12 10
16 13 3
16 14 4
16 15 9
17 0 4
17 1 1
17 2 1
17 3 6
17 4 8
17 5 7
17 6 2
17 7 7
17 8 4
17 9 2
17 10 10
17 11 1
17 12 7
17 13 8
17 14 4
17 15 4
17 16 6
18 0 1
18 1 7
18 2 2
18 3 2
18 4 5
18 5 5
18 6 9
18 7 2
18 8 9
18 9 4
18 10 8
18 11 8
18 12 10
18 13 6
18 14 5
18 15 8
18 16 3
18 17 10
19 0 8
19 1 3
19 2 8
19 3 5
19 4 3
19 5 6
19 6 2
19 7 3
19 8 7
19 9 8
19 10 10
19 11 3
19 12 9
19 13 10
19 14 7
19 15 8
19 16 2
19 17 1
19 18 9
20 0 7
20 1 5
20 2 1
20 3 5
20 4 7
20 5 1
20 6 5
20 7 4
20 8 6
20 9 4
20 10 1
20 11 2
20 12 6
20 13 8
20 14 7
20 15 7
20 16 1
20 17 8
20 18 9
20 19 8
21 0 6
21 1 5
21 2 3
21 3 1
21 4 7
21 5 7
21 6 7
21 7 9
21 8 6
21 9 9
21 10 10
21 11 9
21 12 3
21 13 6
21 14 8
21 15 2
21 16 4
21 17 3
21 18 2
21 19 2
21 20 9
22 0 9
22 1 10
22 2 9
22 3 6
22 4 3
22 5 6
22 6 5
22 7 5
22 8 4
22 9 7
22 10 3
22 11 2
22 12 3
22 13 8
22 14 1
22 15 8
22 16 8
22 17 6
22 18 2
22 19 2
22 20 1
22 21 7
23 0 3
23 1 6
23 2 10
23 3 4
23 4 5
23 5 3
23 6 6
23 7 9
23 8 3
23 9 9
23 10 8
23 11 10
23 12 6
23 13 5
23 14 8
23 15 3
23 16 1
23 17 10
23 18 8
23 19 3
23 20 4
23 21 3
23 22 1
24 0 3
24 1 8
24 2 7
24 3 7
24 4 2
24 5 5
24 6 3
24 7 2
24 8 3
24 9 8
24 10 3
24 11 4
24 12 8
24 13 9
24 14 10
24 15 6
24 16 9
24 17 3
24 18 4
24 19 10
24 20 4
24 21 1
24 22 10
24 23 6
25 0 4
25 1 8
25 2 1
25 3 4
25 4 7
25 5 4
25 6 8
25 7 4
25 8 7
25 9 7
25 10 2
25 11 5
25 12 10
25 13 6
25 14 3
25 15 2
25 16 10
25 17 9
25 18 8
25 19 7
25 20 7
25 21 4
25 22 2
25 23 6
25 24 5
26 0 10
26 1 7
26 2 10
26 3 3
26 4 4
26 5 9
26 6 2
26 7 10
26 8 10
26 9 4
26 10 6
26 11 8
26 12 4
26 13 9
26 14 10
26 15 6
26 16 4
26 17 4
26 18 1
26 19 4
26 20 2
26 21 2
26 22 9
26 23 4
26 24 4
26 25 3
27 0 7
27 1 9
27 2 6
27 3 5
27 4 7
27 5 9
27 6 6
27 7 8
27 8 8
27 9 8
27 10 8
27 11 3
27 12 10
27 13 3
27 14 6
27 15 2
27 16 5
27 17 7
27 18 4
27 19 5
27 20 4
27 21 7
27 22 4
27 23 3
27 24 5
27 25 10
27 26 1
28 0 3
28 1 5
28 2 9
28 3 4
28 4 1
28 5 9
28 6 2
28 7 8
28 8 10
28 9 9
28 10 1
28 11 6
28 12 1
28 13 2
28 14 6
28 15 1
28 16 10
28 17 1
28 18 4
28 19 2
28 20 9
28 21 10
28 22 8
28 23 4
28 24 3
28 25 8
28 26 9
28 27 8
29 0 4
29 1 4
29 2 6
29 3 2
29 4 5
29 5 8
29 6 2
29 7 3
29 8 6
29 9 1
29 10 1
29 11 2
29 12 8
29 13 3
29 14 9
29 15 3
29 16 4
29 17 1
29 18 4
29 19 3
29 20 5
29 21 10
29 22 3
29 23 2
29 24 9
29 25 6
29 26 8
29 27 9
29 28 1
30 0 4
30 1 3
30 2 9
30 3 6
30 4 3
30 5 6
30 6 1
30 7 5
30 8 5
30 9 2
30 10 2
30 11 3
30 12 10
30 13 3
30 14 3
30 15 10
30 16 3
30 17 1
30 18 5
30 19 2
30 20 2
30 21 7
30 22 6
30 23 10
30 24 7
30 25 6
30 26 6
30 27 5
30 28 10
30 29 3
31 0 4
31 1 8
31 2 4
31 3 6
31 4 7
31 5 6
31 6 6
31 7 1
31 8 5
31 9 1
31 10 4
31 11 8
31 12 9
31 13 4
31 14 7
31 15 4
31 16 3
31 17 1
31 18 7
31 19 1
31 20 3
31 21 4
31 22 6
31 23 7
31 24 8
31 25 8
31 26 2
31 27 2
31 28 1
31 29 9
31 30 1
32 0 3
32 1 2
32 2 4
32 3 3
32 4 2
32 5 8
32 6 7
32 7 8
32 8 9
32 9 4
32 10 7
32 11 3
32 12 8
32 13 2
32 14 5
32 15 9
32 16 7
32 17 3
32 18 5
32 19 9
32 20 1
32 21 4
32 22 3
32 23 10
32 24 2
32 25 7
32 26 3
32 27 5
32 28 4
32 29 9
32 30 5
32 31 7
33 0 9
33 1 4
33 2 6
33 3 1
33 4 1
33 5 9
33 6 4
33 7 5
33 8 7
33 9 10
33 10 5
33 11 5
33 12 8
33 13 10
33 14 10
33 15 9
33 16 5
33 17 7
33 18 9
33 19 8
33 20 3
33 21 3
33 22 6
33 23 2
33 24 5
33 25 5
33 26 3
33 27 7
33 28 6
33 29 3
33 30 10
33 31 7
33 32 3
34 0 5
34 1 6
34 2 1
34 3 4
34 4 7
34 5 1
34 6 8
34 7 3
34 8 10
34 9 7
34 10 5
34 11 4
34 12 2
34 13 4
34 14 5
34 15 3
34 16 5
34 17 8
34 18 6
34 19 8
34 20 3
34 21 9
34 22 1
34 23 6
34 24 6
34 25 10
34 26 10
34 27 1
34 28 7
34 29 7
34 30 1
34 31 7
34 32 6
34 33 3
35 0 5
35 1 4
35 2 2
35 3 6
35 4 5
35 5 9
35 6 1
35 7 3
35 8 8
35 9 2
35 10 4
35 11 9
35 12 1
35 13 9
35 14 7
35 15 4
35 16 1
35 17 8
35 18 7
35 19 5
35 20 3
35 21 1
35 22 9
35 23 3
35 24 5
35 25 8
35 26 3
35 27 4
35 28 10
35 29 9
35 30 4
35 31 6
35 32 3
35 33 5
35 34 4
36 0 2
36 1 6
36 2 10
36 3 5
36 4 8
36 5 1
36 6 6
36 7 4
36 8 3
36 9 4
36 10 4
36 11 3
36 12 10
36 13 6
36 14 1
36 15 3
36 16 8
36 17 6
36 18 10
36 19 10
36 20 7
36 21 4
36 22 3
36 23 3
36 24 9
36 25 3
36 26 2
36 27 5
36 28 4
36 29 5
36 30 5
36 31 4
36 32 7
36 33 6
36 34 7
36 35 5
37 0 7
37 1 7
37 2 7
37 3 10
37 4 5
37 5 2
37 6 7
37 7 2
37 8 9
37 9 6
37 10 7
37 11 8
37 12 3
37 13 6
37 14 1
37 15 4
37 16 8
37 17 1
37 18 5
37 19 9
37 20 7
37 21 10
37 22 4
37 23 5
37 24 8
37 25 4
37 26 10
37 27 6
37 28 7
37 29 4
37 30 7
37 31 5
37 32 4
37 33 6
37 34 9
37 35 7
37 36 2
38 0 1
38 1 3
38 2 10
38 3 10
38 4 3
38 5 5
38 6 9
38 7 10
38 8 6
38 9 9
38 10 4
38 11 4
38 12 6
38 13 3
38 14 2
38 15 7
38 16 4
38 17 3
38 18 9
38 19 6
38 20 6
38 21 1
38 22 3
38 23 5
38 24 6
38 25 9
38 26 4
38 27 7
38 28 1
38 29 10
38 30 10
38 31 5
38 32 5
38 33 9
38 34 4
38 35 3
38 36 2
38 37 1
39 0 6
39 1 1
39 2 4
39 3 7
39 4 5
39 5 2
39 6 2
39 7 3
39 8 2
39 9 8
39 10 2
39 11 8
39 12 8
39 13 7
39 14 10
39 15 9
39 16 8
39 17 7
39 18 6
39 19 9
39 20 3
39 21 4
39 22 8
39 23 10
39 24 6
39 25 6
39 26 6
39 27 8
39 28 1
39 29 8
39 30 10
39 31 2
39 32 9
39 33 7
39 34 2
39 35 1
39 36 7
39 37 7
39 38 2
40 0 2
40 1 7
40 2 5
40 3 6
40 4 7
40 5 5
40 6 10
40 7 4
40 8 7
40 9 8
40 10 2
40 11 9
40 12 6
40 13 10
40 14 2
40 15 3
40 16 7
40 17 6
40 18 6
40 19 5
40 20 1
40 21 1
40 22 9
40 23 1
40 24 4
40 25 7
40 26 5
40 27 1
40 28 10
40 29 10
40 30 8
40 31 5
40 32 5
40 33 7
40 34 9
40 35 6
40 36 3
40 37 1
40 38 10
40 39 2
41 0 7
41 1 9
41 2 9
41 3 10
41 4 4
41 5 10
41 6 8
41 7 4
41 8 3
41 9 3
41 10 6
41 11 1
41 12 8
41 13 7
41 14 2
41 15 2
41 16 8
41 17 2
41 18 3
41 19 3
41 20 7
41 21 3
41 22 9
41 23 5
41 24 7
41 25 7
41 26 7
41 27 1
41 28 3
41 29 4
41 30 5
41 31 10
41 32 6
41 33 5
41 34 5
41 35 6
41 36 10
41 37 1
41 38 5
41 39 1
41 40 3
42 0 1
42 1 4
42 2 9
42 3 8
42 4 3
42 5 2
42 6 2
42 7 8
42 8 7
42 9 8
42 10 10
42 11 9
42 12 3
42 13 7
42 14 3
42 15 10
42 16 4
42 17 7
42 18 10
42 19 1
42 20 1
42 21 2
42 22 2
42 23 8
42 24 5
42 25 5
42 26 2
42 27 10
42 28 6
42 29 9
42 30 2
42 31 2
42 32 8
42 33 10
42 34 3
42 35 5
42 36 3
42 37 9
42 38 6
42 39 6
42 40 2
42 41 4
43 0 7
43 1 4
43 2 5
43 3 6
43 4 7
43 5 1
43 6 4
43 7 5
43 8 3
43 9 7
43 10 10
43 11 4
43 12 7
43 13 1
43 14 6
43 15 8
43 16 4
43 17 5
43 18 6
43 19 2
43 20 10
43 21 3
43 22 2
43 23 10
43 24 7
43 25 2
43 26 6
43 27 3
43 28 1
43 29 8
43 30 9
43 31 3
43 32 3
43 33 5
43 34 4
43 35 4
43 36 8
43 37 5
43 38 7
43 39 10
43 40 5
43 41 2
43 42 10
44 0 6
44 1 8
44 2 3
44 3 4
44 4 8
44 5 2
44 6 8
44 7 1
44 8 4
44 9 7
44 10 9
44 11 3
44 12 9
44 13 7
44 14 2
44 15 9
44 16 5
44 17 7
44 18 3
44 19 2
44 20 8
44 21 4
44 22 9
44 23 8
44 24 10
44 25 6
44 26 6
44 27 7
44 28 6
44 29 4
44 30 9
44 31 6
44 32 1
44 33 4
44 34 1
44 35 7
44 36 6
44 37 9
44 38 4
44 39 10
44 40 4
44 41 5
44 42 3
44 43 4
45 0 2
45 1 3
45 2 1
45 3 2
45 4 7
45 5 9
45 6 8
45 7 2
45 8 7
45 9 2
45 10 3
45 11 9
45 12 1
45 13 6
45 14 3
45 15 3
45 16 1
45 17 8
45 18 10
45 19 7
45 20 10
45 21 10
45 22 4
45 23 3
45 24 1
45 25 2
45 26 8
45 27 7
45 28 1
45 29 8
45 30 8
45 31 1
45 32 4
45 33 9
45 34 7
45 35 7
45 36 6
45 37 5
45 38 4
45 39 1
45 40 7
45 41 9
45 42 9
45 43 5
45 44 9
46 0 7
46 1 9
46 2 3
46 3 10
46 4 8
46 5 3
46 6 9
46 7 1
46 8 2
46 9 4
46 10 8
46 11 2
46 12 10
46 13 3
46 14 8
46 15 9
46 16 1
46 17 3
46 18 6
46 19 2
46 20 4
46 21 3
46 22 4
46 23 2
46 24 4
46 25 4
46 26 4
46 27 6
46 28 6
46 29 2
46 30 9
46 31 3
46 32 5
46 33 2
46 34 3
46 35 7
46 36 1
46 37 4
46 38 8
46 39 8
46 40 4
46 41 7
46 42 10
46 43 7
46 44 5
46 45 4
47 0 4
47 1 2
47 2 8
47 3 10
47 4 8
47 5 8
47 6 9
47 7 8
47 8 8
47 9 5
47 10 9
47 11 7
47 12 10
47 13 3
47 14 9
47 15 6
47 16 5
47 17 4
47 18 3
47 19 7
47 20 9
47 21 4
47 22 9
47 23 1
47 24 9
47 25 2
47 26 5
47 27 5
47 28 7
47 29 1
47 30 5
47 31 8
47 32 2
47 33 3
47 34 4
47 35 9
47 36 6
47 37 10
47 38 10
47 39 1
47 40 4
47 41 1
47 42 8
47 43 10
47 44 2
47 45 2
47 46 6
48 0 3
48 1 4
48 2 4
48 3 6
48 4 1
48 5 1
48 6 6
48 7 3
48 8 6
48 9 8
48 10 1
48 11 5
48 12 9
48 13 3
48 14 8
48 15 6
48 16 8
48 17 10
48 18 1
48 19 6
48 20 7
48 21 9
48 22 3
48 23 7
48 24 8
48 25 3
48 26 7
48 27 8
48 28 7
48 29 1
48 30 1
48 31 9
48 32 5
48 33 1
48 34 5
48 35 5
48 36 8
48 37 1
48 38 2
48 39 2
48 40 7
48 41 5
48 42 10
48 43 2
48 44 9
48 45 5
48 46 4
48 47 9
49 0 9
49 1 3
49 2 3
49 3 7
49 4 1
49 5 7
49 6 10
49 7 2
49 8 8
49 9 3
49 10 10
49 11 2
49 12 3
49 13 7
49 14 6
49 15 9
49 16 4
49 17 3
49 18 8
49 19 10
49 20 3
49 21 7
49 22 3
49 23 6
49 24 7
49 25 6
49 26 9
49 27 8
49 28 4
49 29 9
49 30 6
49 31 10
49 32 7
49 33 9
49 34 6
49 35 6
49 36 9
49 37 3
49 38 4
49 39 1
49 40 1
49 41 2
49 42 3
49 43 5
49 44 4
49 45 1
49 46 8
49 47 5
49 48 6
50 0 3
50 1 5
50 2 10
50 3 2
50 4 3
50 5 7
50 6 1
50 7 1
50 8 1
50 9 7
50 10 5
50 11 7
50 12 8
50 13 6
50 14 3
50 15 3
50 16 9
50 17 10
50 18 7
50 19 3
50 20 8
50 21 3
50 22 6
50 23 2
50 24 3
50 25 1
50 26 2
50 27 10
50 28 2
50 29 3
50 30 5
50 31 3
50 32 8
50 33 9
50 34 3
50 35 8
50 36 4
50 37 2
50 38 1
50 39 9
50 40 10
50 41 4
50 42 4
50 43 4
50 44 7
50 45 2
50 46 6
50 47 3
50 48 9
50 49 7
51 0 5
51 1 6
51 2 7
51 3 5
51 4 6
51 5 2
51 6 4
51 7 5
51 8 2
51 9 5
51 10 7
51 11 4
51 12 9
51 13 1
51 14 6
51 15 1
51 16 2
51 17 4
51 18 10
51 19 2
51 20 1
51 21 9
51 22 1
51 23 3
51 24 10
51 25 9
51 26 9
51 27 8
51 28 3
51 29 1
51 30 9
51 31 5
51 32 7
51 33 3
51 34 5
51 35 5
51 36 10
51 37 10
51 38 4
51 39 6
51 40 8
51 41 9
51 42 4
51 43 8
51 44 10
51 45 5
51 46 1
51 47 3
51 48 2
51 49 4
51 50 7
52 0 4
52 1 1
52 2 4
52 3 4
52 4 9
52 5 5
52 6 10
52 7 4
52 8 8
52 9 5
52 10 8
52 11 9
52 12 6
52 13 8
52 14 8
52 15 4
52 16 4
52 17 7
52 18 2
52 19 8
52 20 3
52 21 1
52 22 10
52 23 10
52 24 9
52 25 6
52 26 8
52 27 2
52 28 8
52 29 4
52 30 7
52 31 2
52 32 6
52 33 10
52 34 9
52 35 1
52 36 3
52 37 4
52 38 4
52 39 4
52 40 5
52 41 6
52 42 6
52 43 7
52 44 4
52 45 1
52 46 3
52 47 2
52 48 1
52 49 6
52 50 6
52 51 4
53 0 6
53 1 9
53 2 6
53 3 9
53 4 3
53 5 10
53 6 6
53 7 6
53 8 5
53 9 6
53 10 4
53 11 8
53 12 1
53 13 6
53 14 1
53 15 10
53 16 1
53 17 1
53 18 1
53 19 9
53 20 4
53 21 6
53 22 7
53 23 3
53 24 10
53 25 2
53 26 4
53 27 4
53 28 5
53 29 3
53 30 1
53 31 2
53 32 7
53 33 8
53 34 7
53 35 5
53 36 7
53 37 6
53 38 5
53 39 7
53 40 6
53 41 5
53 42 7
53 43 2
53 44 8
53 45 1
53 46 8
53 47 2
53 48 9
53 49 2
53 50 9
53 51 6
53 52 5
54 0 1
54 1 9
54 2 7
54 3 5
54 4 4
54 5 2
54 6 4
54 7 6
54 8 7
54 9 1
54 10 7
54 11 3
54 12 8
54 13 2
54 14 1
54 15 5
54 16 2
54 17 7
54 18 5
54 19 10
54 20 8
54 21 10
54 22 1
54 23 1
54 24 1
54 25 3
54 26 7
54 27 3
54 28 9
54 29 1
54 30 1
54 31 1
54 32 4
54 33 2
54 34 7
54 35 5
54 36 9
54 37 10
54 38 1
54 39 8
54 40 5
54 41 4
54 42 6
54 43 5
54 44 9
54 45 8
54 46 7
54 47 4
54 48 2
54 49 9
54 50 5
54 51 7
54 52 3
54 53 2
55 0 9
55 1 5
55 2 4
55 3 5
55 4 2
55 5 9
55 6 8
55 7 6
55 8 1
55 9 3
55 10 7
55 11 5
55 12 2
55 13 10
55 14 10
55 15 10
55 16 1
55 17 8
55 18 1
55 19 5
55 20 7
55 21 3
55 22 5
55 23 6
55 24 1
55 25 1
55 26 10
55 27 4
55 28 3
55 29 4
55 30 1
55 31 10
55 32 3
55 33 4
55 34 6
55 35 10
55 36 9
55 37 6
55 38 6
55 39 9
55 40 6
55 41 9
55 42 2
55 43 2
55 44 1
55 45 4
55 46 8
55 47 6
55 48 8
55 49 10
55 50 1
55 51 8
55 52 6
55 53 5
55 54 9
56 0 3
56 1 4
56 2 8
56 3 4
56 4 5
56 5 4
56 6 2
56 7 10
56 8 4
56 9 2
56 10 3
56 11 4
56 12 5
56 13 6
56 14 9
56 15 4
56 16 10
56 17 1
56 18 7
56 19 7
56 20 9
56 21 10
56 22 1
56 23 1
56 24 4
56 25 10
56 26 4
56 27 8
56 28 4
56 29 7
56 30 8
56 31 7
56 32 6
56 33 9
56 34 2
56 35 7
56 36 5
56 37 5
56 38 3
56 39 2
56 40 8
56 41 8
56 42 2
56 43 9
56 44 5
56 45 9
56 46 8
56 47 7
56 48 3
56 49 6
56 50 7
56 51 9
56 52 1
56 53 8
56 54 1
56 55 10
57 0 7
57 1 3
57 2 2
57 3 4
57 4 10
57 5 8
57 6 3
57 7 7
57 8 4
57 9 10
57 10 8
57 11 2
57 12 7
57 13 8
57 14 6
57 15 9
57 16 2
57 17 9
57 18 5
57 19 9
57 20 8
57 21 7
57 22 10
57 23 1
57 24 10
57 25 5
57 26 1
57 27 4
57 28 8
57 29 2
57 30 7
57 31 2
57 32 3
57 33 2
57 34 3
57 35 1
57 36 2
57 37 2
57 38 3
57 39 5
57 40 4
57 41 10
57 42 9
57 43 7
57 44 1
57 45 7
57 46 4
57 47 9
57 48 5
57 49 2
57 50 3
57 51 10
57 52 7
57 53 7
57 54 2
57 55 7
57 56 8
58 0 7
58 1 6
58 2 2
58 3 1
58 4 5
58 5 2
58 6 3
58 7 9
58 8 2
58 9 2
58 10 9
58 11 3
58 12 1
58 13 5
58 14 2
58 15 1
58 16 7
58 17 8
58 18 4
58 19 8
58 20 6
58 21 9
58 22 7
58 23 2
58 24 7
58 25 4
58 26 7
58 27 8
58 28 3
58 29 1
58 30 8
58 31 6
58 32 5
58 33 3
58 34 4
58 35 9
58 36 3
58 37 4
58 38 7
58 39 1
58 40 8
58 41 5
58 42 5
58 43 10
58 44 1
58 45 5
58 46 8
58 47 1
58 48 9
58 49 9
58 50 2
58 51 9
58 52 5
58 53 3
58 54 5
58 55 1
58 56 3
58 57 6
59 0 7
59 1 8
59 2 9
59 3 7
59 4 7
59 5 10
59 6 9
59 7 4
59 8 10
59 9 7
59 10 1
59 11 6
59 12 9
59 13 7
59 14 4
59 15 5
59 16 7
59 17 10
59 18 10
59 19 6
59 20 3
59 21 9
59 22 2
59 23 1
59 24 10
59 25 10
59 26 6
59 27 7
59 28 2
59 29 9
59 30 2
59 31 9
59 32 7
59 33 7
59 34 1
59 35 5
59 36 4
59 37 4
59 38 8
59 39 6
59 40 3
59 41 1
59 42 9
59 43 8
59 44 7
59 45 8
59 46 3
59 47 10
59 48 10
59 49 7
59 50 9
59 51 9
59 52 9
59 53 8
59 54 7
59 55 6
59 56 4
59 57 8
59 58 8
60 0 6
60 1 2
60 2 10
60 3 6
60 4 5
60 5 1
60 6 8
60 7 9
60 8 2
60 9 9
60 10 9
60 11 1
60 12 9
60 13 6
60 14 5
60 15 9
60 16 7
60 17 4
60 18 8
60 19 8
60 20 9
60 21 6
60 22 8
60 23 9
60 24 8
60 25 1
60 26 9
60 27 5
60 28 3
60 29 5
60 30 1
60 31 7
60 32 10
60 33 7
60 34 10
60 35 7
60 36 1
60 37 7
60 38 7
60 39 4
60 40 5
60 41 4
60 42 8
60 43 8
60 44 6
60 45 1
60 46 5
60 47 2
60 48 1
60 49 7
60 50 7
60 51 10
60 52 10
60 53 8
60 54 10
60 55 6
60 56 10
60 57 9
60 58 7
60 59 5
61 0 1
61 1 4
61 2 1
61 3 2
61 4 2
61 5 6
61 6 4
61 7 8
61 8 8
61 9 2
61 10 10
61 11 6
61 12 9
61 13 3
61 14 7
61 15 2
61 16 2
61 17 3
61 18 2
61 19 5
61 20 9
61 21 10
61 22 4
61 23 8
61 24 1
61 25 4
61 26 6
61 27 6
61 28 5
61 29 8
61 30 8
61 31 8
61 32 4
61 33 8
61 34 3
61 35 8
61 36 4
61 37 1
61 38 4
61 39 6
61 40 6
61 41 7
61 42 10
61 43 2
61 44 8
61 45 4
61 46 3
61 47 2
61 48 7
61 49 7
61 50 2
61 51 5
61 52 3
61 53 9
61 54 5
61 55 4
61 56 6
61 57 2
61 58 2
61 59 4
61 60 10
62 0 4
62 1 2
62 2 8
62 3 2
62 4 1
62 5 6
62 6 7
62 7 7
62 8 5
62 9 2
62 10 1
62 11 4
62 12 1
62 13 4
62 14 9
62 15 8
62 16 5
62 17 10
62 18 1
62 19 9
62 20 6
62 21 6
62 22 8
62 23 9
62 24 4
62 25 9
62 26 4
62 27 2
62 28 6
62 29 4
62 30 3
62 31 9
62 32 8
62 33 6
62 34 5
62 35 5
62 36 2
62 37 1
62 38 2
62 39 1
62 40 4
62 41 2
62 42 2
62 43 1
62 44 7
62 45 9
62 46 3
62 47 8
62 48 7
62 49 8
62 50 3
62 51 4
62 52 5
62 53 4
62 54 6
62 55 1
62 56 5
62 57 5
62 58 4
62 59 3
62 60 1
62 61 5
63 0 3
63 1 4
63 2 6
63 3 5
63 4 2
63 5 6
63 6 4
63 7 3
63 8 3
63 9 10
63 10 9
63 11 1
63 12 1
63 13 8
63 14 7
63 15 1
63 16 2
63 17 4
63 18 4
63 19 7
63 20 8
63 21 8
63 22 10
63 23 7
63 24 2
63 25 9
63 26 7
63 27 6
63 28 2
63 29 10
63 30 5
63 31 8
63 32 4
63 33 10
63 34 3
63 35 2
63 36 3
63 37 7
63 38 5
63 39 2
63 40 6
63 41 8
63 42 9
63 43 8
63 44 5
63 45 10
63 46 6
63 47 6
63 48 1
63 49 6
63 50 7
63 51 4
63 52 9
63 53 9
63 54 6
63 55 6
63 56 5
63 57 3
63 58 8
63 59 1
63 60 8
63 61 4
63 62 6
64 0 7
64 1 3
64 2 1
64 3 3
64 4 1
64 5 9
64 6 5
64 7 1
64 8 7
64 9 9
64 10 8
64 11 1
64 12 2
64 13 6
64 14 6
64 15 6
64 16 2
64 17 7
64 18 2
64 19 4
64 20 9
64 21 2
64 22 7
64 23 6
64 24 5
64 25 1
64 26 2
64 27 5
64 28 7
64 29 6
64 30 8
64 31 10
64 32 2
64 33 5
64 34 8
64 35 1
64 36 9
64 37 3
64 38 7
64 39 8
64 40 2
64 41 6
64 42 6
64 43 1
64 44 6
64 45 5
64 46 4
64 47 6
64 48 3
64 49 5
64 50 10
64 51 2
64 52 7
64 53 5
64 54 8
64 55 8
64 56 2
64 57 7
64 58 1
64 59 10
64 60 6
64 61 6
64 62 5
64 63 9
65 0 5
65 1 3
65 2 4
65 3 1
65 4 5
65 5 9
65 6 10
65 7 1
65 8 6
65 9 7
65 10 9
65 11 6
65 12 5
65 13 10
65 14 9
65 15 6
65 16 7
65 17 1
65 18 10
65 19 8
65 20 3
65 21 2
65 22 3
65 23 3
65 24 3
65 25 5
65 26 5
65 27 9
65 28 3
65 29 4
65 30 5
65 31 2
65 32 6
65 33 6
65 34 2
65 35 6
65 36 5
65 37 7
65 38 2
65 39 8
65 40 4
65 41 2
65 42 3
65 43 8
65 44 3
65 45 1
65 46 7
65 47 7
65 48 1
65 49 7
65 50 3
65 51 4
65 52 3
65 53 7
65 54 1
65 55 6
65 56 9
65 57 6
65 58 6
65 59 3
65 60 3
65 61 9
65 62 1
65 63 8
65 64 2
66 0 4
66 1 10
66 2 10
66 3 1
66 4 9
66 5 6
66 6 9
66 7 1
66 8 9
66 9 3
66 10 2
66 11 6
66 12 10
66 13 2
66 14 3
66 15 8
66 16 1
66 17 5
66 18 10
66 19 6
66 20 9
66 21 2
66 22 2
66 23 2
66 24 7
66 25 5
66 26 4
66 27 5
66 28 4
66 29 6
66 30 7
66 31 10
66 32 2
66 33 9
66 34 7
66 35 4
66 36 9
66 37 1
66 38 3
66 39 1
66 40 10
66 41 10
66 42 9
66 43 6
66 44 1
66 45 6
66 46 1
66 47 5
66 48 10
66 49 7
66 50 8
66 51 5
66 52 1
66 53 5
66 54 1
66 55 4
66 56 6
66 57 9
66 58 10
66 59 2
66 60 10
66 61 10
66 62 2
66 63 9
66 64 2
66 65 10
67 0 6
67 1 5
67 2 5
67 3 9
67 4 1
67 5 9
67 6 7
67 7 8
67 8 7
67 9 9
67 10 6
67 11 1
67 12 6
67 13 6
67 14 8
67 15 8
67 16 1
67 17 9
67 18 3
67 19 1
67 20 7
67 21 9
67 22 2
67 23 5
67 24 1
67 25 4
67 26 6
67 27 3
67 28 9
67 29 9
67 30 4
67 31 7
67 32 1
67 33 6
67 34 8
67 35 5
67 36 8
67 37 4
67 38 1
67 39 7
67 40 7
67 41 8
67 42 1
67 43 10
67 44 9
67 45 3
67 46 7
67 47 6
67 48 3
67 49 4
67 50 4
67 51 8
67 52 2
67 53 6
67 54 7
67 55 5
67 56 1
67 57 7
67 58 3
67 59 9
67 60 2
67 61 6
67 62 7
67 63 9
67 64 2
67 65 4
67 66 9
68 0 10
68 1 4
68 2 8
68 3 6
68 4 4
68 5 5
68 6 3
68 7 3
68 8 8
68 9 3
68 10 1
68 11 3
68 12 8
68 13 9
68 14 7
68 15 3
68 16 6
68 17 3
68 18 7
68 19 9
68 20 10
68 21 6
68 22 9
68 23 10
68 24 3
68 25 2
68 26 9
68 27 3
68 28 2
68 29 7
68 30 8
68 31 4
68 32 9
68 33 2
68 34 2
68 35 4
68 36 5
68 37 4
68 38 8
68 39 7
68 40 5
68 41 6
68 42 1
68 43 5
68 44 6
68 45 3
68 46 2
68 47 10
68 48 5
68 49 2
68 50 4
68 51 9
68 52 9
68 53 8
68 54 6
68 55 3
68 56 6
68 57 6
68 58 7
68 59 5
68 60 7
68 61 6
68 62 4
68 63 2
68 64 8
68 65 9
68 66 3
68 67 7
69 0 9
69 1 8
69 2 6
69 3 1
69 4 7
69 5 3
69 6 4
69 7 2
69 8 2
69 9 3
69 10 8
69 11 9
69 12 3
69 13 8
69 14 6
69 15 9
69 16 7
69 17 8
69 18 8
69 19 1
69 20 8
69 21 5
69 22 8
69 23 1
69 24 8
69 25 8
69 26 8
69 27 10
69 28 8
69 29 7
69 30 6
69 31 1
69 32 4
69 33 10
69 34 3
69 35 3
69 36 5
69 37 2
69 38 9
69 39 4
69 40 5
69 41 2
69 42 4
69 43 8
69 44 7
69 45 4
69 46 1
69 47 9
69 48 5
69 49 3
69 50 10
69 51 8
69 52 3
69 53 10
69 54 8
69 55 5
69 56 6
69 57 4
69 58 4
69 59 2
69 60 7
69 61 2
69 62 8
69 63 8
69 64 3
69 65 4
69 66 1
69 67 10
69 68 5
