15
1 0 6
2 0 3
2 1 1
3 0 8
3 1 9
3 2 1
4 0 6
4 1 8
4 2 2
4 3 6
5 0 5
5 1 6
5 2 8
5 3 8
5 4 5
6 0 9
6 1 5
6 2 7
6 3 1
6 4 6
6 5 6
7 0 2
7 1 9
7 2 6
7 3 1
7 4 5
7 5 6
7 6 9
8 0 6
8 1 5
8 2 1
8 3 8
8 4 6
8 5 6
8 6 8
8 7 9
9 0 4
9 1 7
9 2 6
9 3 7
9 4 9
9 5 3
9 6 8
9 7 9
9 8 4
10 0 7
10 1 7
10 2 6
10 3 6
10 4 8
10 5 5
10 6 8
10 7 8
10 8 7
10 9 2
11 0 3
11 1 2
11 2 1
11 3 3
11 4 6
11 5 4
11 6 2
11 7 4
11 8 1
11 9 9
11 10 6
12 0 7
12 1 7
12 2 3
12 3 1
12 4 3
12 5 6
12 6 8
12 7 3
12 8 9
12 9 6
12 10 3
12 11 9
13 0 8
13 1 2
13 2 5
13 3 8
13 4 7
13 5 9
13 6 9
13 7 1
13 8 8
13 9 1
13 10 4
13 11 1
13 12 6
14 0 5
14 1 8
14 2 6
14 3 5
14 4 2
14 5 5
14 6 9
14 7 2
14 8 1
14 9 9
14 10 2
14 11 1
14 12 5
14 13 9
