30
1 0 5
2 0 4
2 1 10
3 0 3
3 1 7
3 2 10
4 0 9
4 1 6
4 2 2
4 3 3
5 0 1
5 1 3
5 2 11
5 3 7
5 4 4
6 0 5
6 1 1
6 2 2
6 3 4
6 4 2
6 5 4
7 0 11
7 1 7
7 2 1
7 3 7
7 4 10
7 5 4
7 6 2
8 0 10
8 1 11
8 2 1
8 3 7
8 4 3
8 5 9
8 6 8
8 7 5
9 0 2
9 1 2
9 2 4
9 3 3
9 4 4
9 5 10
9 6 5
9 7 7
9 8 2
10 0 11
10 1 9
10 2 1
10 3 1
10 4 10
10 5 11
10 6 10
10 7 11
10 8 3
10 9 1
11 0 7
11 1 6
11 2 5
11 3 7
11 4 8
11 5 5
11 6 2
11 7 3
11 8 3
11 9 2
11 10 11
12 0 3
12 1 11
12 2 11
12 3 5
12 4 10
12 5 11
12 6 8
12 7 1
12 8 8
12 9 3
12 10 3
12 11 10
13 0 3
13 1 11
13 2 10
13 3 2
13 4 6
13 5 11
13 6 4
13 7 5
13 8 2
13 9 2
13 10 6
13 11 2
13 12 4
14 0 1
14 1 9
14 2 9
14 3 2
14 4 2
14 5 8
14 6 7
14 7 8
14 8 3
14 9 7
14 10 1
14 11 5
14 12 1
14 13 9
15 0 11
15 1 2
15 2 10
15 3 9
15 4 4
15 5 4
15 6 11
15 7 2
15 8 7
15 9 1
15 10 11
15 11 6
15 12 1
15 13 6
15 14 3
16 0 9
16 1 5
16 2 6
16 3 8
16 4 7
16 5 7
16 6 3
16 7 2
16 8 9
16 9 8
16 10 11
16 11 9
16 12 4
16 13 3
16 14 10
16 15 7
17 0 2
17 1 6
17 2 10
17 3 7
17 4 10
17 5 10
17 6 1
17 7 8
17 8 3
17 9 2
17 10 8
17 11 5
17 12 4
17 13 4
17 14 9
17 15 3
17 16 4
18 0 10
18 1 5
18 2 9
18 3 2
18 4 3
18 5 5
18 6 10
18 7 10
18 8 7
18 9 10
18 10 3
18 11 10
18 12 10
18 13 6
18 14 5
18 15 4
18 16 9
18 17 6
19 0 1
19 1 5
19 2 2
19 3 10
19 4 10
19 5 6
19 6 2
19 7 4
19 8 8
19 9 1
19 10 8
19 11 8
19 12 5
19 13 2
19 14 11
19 15 2
19 16 11
19 17 1
19 18 7
20 0 9
20 1 9
20 2 8
20 3 6
20 4 3
20 5 3
20 6 6
20 7 4
20 8 5
20 9 8
20 10 7
20 11 3
20 12 11
20 13 3
20 14 6
20 15 5
20 16 3
20 17 11
20 18 2
20 19 4
21 0 8
21 1 8
21 2 5
21 3 9
21 4 2
21 5 6
21 6 1
21 7 5
21 8 11
21 9 6
21 10 6
21 11 10
21 12 8
21 13 6
21 14 3
21 15 2
21 16 2
21 17 3
21 18 10
21 19 6
21 20 9
22 0 2
22 1 3
22 2 4
22 3 11
22 4 3
22 5 8
22 6 5
22 7 2
22 8 3
22 9 1
22 10 11
22 11 8
22 12 11
22 13 5
22 14 8
22 15 8
22 16 2
22 17 4
22 18 6
22 19 10
22 20 1
22 21 11
23 0 10
23 1 6
23 2 6
23 3 10
23 4 9
23 5 7
23 6 4
23 7 11
23 8 9
23 9 3
23 10 7
23 11 9
23 12 8
23 13 1
23 14 3
23 15 9
23 16 4
23 17 1
23 18 8
23 19 8
23 20 11
23 21 5
23 22 7
24 0 6
24 1 4
24 2 7
24 3 3
24 4 1
24 5 6
24 6 8
24 7 5
24 8 1
24 9 3
24 10 7
24 11 5
24 12 9
24 13 10
24 14 1
24 15 6
24 16 11
24 17 8
24 18 8
24 19 5
24 20 9
24 21 1
24 22 6
24 23 7
25 0 10
25 1 1
25 2 1
25 3 10
25 4 4
25 5 9
25 6 10
25 7 9
25 8 2
25 9 9
25 10 2
25 11 6
25 12 10
25 13 3
25 14 10
25 15 2
25 16 8
25 17 11
25 18 4
25 19 5
25 20 4
25 21 4
25 22 1
25 23 4
25 24 1
26 0 2
26 1 1
26 2 10
26 3 10
26 4 8
26 5 3
26 6 7
26 7 10
26 8 4
26 9 6
26 10 10
26 11 3
26 12 7
26 13 9
26 14 6
26 15 8
26 16 11
26 17 9
26 18 6
26 19 9
26 20 1
26 21 5
26 22 3
26 23 6
26 24 11
26 25 9
27 0 4
27 1 9
27 2 1
27 3 9
27 4 6
27 5 6
27 6 11
27 7 5
27 8 4
27 9 3
27 10 1
27 11 6
27 12 2
27 13 1
27 14 6
27 15 10
27 16 1
27 17 6
27 18 7
27 19 8
27 20 4
27 21 8
27 22 9
27 23 8
27 24 6
27 25 1
27 26 11
28 0 10
28 1 3
28 2 6
28 3 11
28 4 9
28 5 9
28 6 1
28 7 4
28 8 7
28 9 8
28 10 6
28 11 2
28 12 8
28 13 2
28 14 5
28 15 10
28 16 4
28 17 2
28 18 2
28 19 10
28 20 1
28 21 1
28 22 1
28 23 7
28 24 10
28 25 5
28 26 7
28 27 5
29 0 4
29 1 6
29 2 3
29 3 5
29 4 1
29 5 6
29 6 2
29 7 9
29 8 10
29 9 10
29 10 11
29 11 2
29 12 8
29 13 5
29 14 1
29 15 6
29 16 9
29 17 6
29 18 10
29 19 11
29 20 8
29 21 1
29 22 1
29 23 10
29 24 10
29 25 11
29 26 5
29 27 5
29 28 11
