70
2 1 4
3 0 2
3 1 1
4 1 5
4 3 4
5 1 2
5 2 3
5 3 1
6 0 2
6 2 2
7 3 1
7 4 5
7 5 1
7 6 4
8 5 4
8 6 3
8 7 5
9 0 3
9 2 4
9 3 5
9 5 4
9 6 3
10 0 3
10 1 2
10 4 5
10 5 3
10 8 5
10 9 1
11 0 5
11 3 1
11 5 4
11 8 4
12 1 5
12 2 5
12 3 2
12 5 5
12 6 5
12 7 3
12 8 5
12 11 5
13 0 1
13 3 5
13 4 5
13 6 1
13 10 4
13 11 3
14 3 2
14 6 4
14 8 1
14 9 2
14 11 1
14 12 4
14 13 4
15 0 1
15 1 5
15 2 5
15 3 5
15 4 4
15 5 5
15 7 4
15 8 2
15 11 5
15 12 3
15 13 5
16 2 2
16 4 4
16 6 3
16 8 3
16 9 4
16 12 3
16 14 5
17 1 1
17 3 2
17 9 3
17 11 2
17 12 5
17 15 1
17 16 2
18 0 2
18 1 1
18 2 1
18 3 2
18 4 3
18 11 4
18 15 4
18 16 3
19 0 2
19 2 1
19 3 3
19 5 4
19 14 2
19 17 1
20 1 5
20 2 4
20 4 3
20 6 1
20 7 3
20 8 3
20 10 2
20 11 2
20 12 1
20 13 1
20 14 2
20 17 2
20 19 3
21 1 2
21 2 4
21 4 2
21 6 2
21 7 3
21 8 2
21 10 5
21 14 3
21 17 4
21 18 1
22 0 3
22 3 4
22 4 4
22 5 1
22 6 3
22 7 5
22 8 1
22 13 5
22 17 5
22 19 4
22 20 5
23 1 4
23 3 1
23 4 3
23 7 4
23 9 1
23 13 4
23 14 1
23 15 4
23 16 3
23 19 3
23 22 2
24 0 2
24 4 5
24 8 3
24 9 2
24 10 3
24 11 2
24 13 5
24 15 4
24 18 2
24 20 4
24 21 4
24 22 1
24 23 3
25 0 1
25 3 3
25 4 4
25 6 4
25 8 1
25 9 3
25 10 1
25 11 1
25 18 1
25 20 4
25 24 2
26 0 5
26 1 4
26 2 5
26 4 3
26 5 4
26 8 5
26 9 5
26 11 1
26 12 2
26 14 4
26 15 1
26 19 5
26 21 1
26 22 4
26 23 2
26 24 1
26 25 1
27 1 3
27 11 4
27 12 4
27 13 5
27 14 1
27 15 3
27 17 2
27 18 1
27 22 3
27 25 5
27 26 1
28 2 2
28 4 5
28 6 4
28 7 1
28 8 1
28 9 4
28 13 3
28 17 5
28 19 3
28 20 3
28 23 5
28 25 4
28 27 1
29 0 3
29 1 5
29 2 5
29 3 5
29 4 1
29 5 2
29 11 3
29 12 3
29 13 2
29 14 2
29 15 3
29 16 5
29 17 3
29 22 2
29 23 5
29 25 2
30 0 1
30 1 4
30 5 4
30 6 4
30 7 2
30 8 5
30 9 5
30 12 1
30 16 4
30 17 3
30 18 2
30 20 3
30 21 3
30 23 5
30 28 2
30 29 2
31 1 2
31 4 5
31 6 3
31 7 1
31 8 5
31 10 1
31 11 3
31 12 2
31 13 3
31 15 1
31 16 3
31 17 5
31 18 4
31 19 4
31 22 3
31 27 1
31 28 4
32 0 3
32 2 3
32 3 1
32 5 5
32 8 5
32 10 2
32 12 1
32 14 1
32 17 4
32 19 3
32 20 2
32 26 2
32 27 5
32 28 2
33 2 4
33 3 2
33 6 3
33 10 4
33 11 3
33 20 2
33 21 5
33 27 1
33 28 3
33 29 5
33 32 5
34 0 5
34 7 3
34 8 5
34 10 4
34 11 4
34 13 1
34 16 5
34 18 3
34 21 4
34 22 4
34 23 2
34 26 5
34 27 1
34 28 5
34 29 3
34 30 1
35 0 3
35 1 4
35 5 5
35 7 4
35 9 3
35 11 3
35 12 1
35 13 3
35 15 1
35 18 1
35 20 2
35 24 4
35 25 3
35 26 2
35 29 2
35 31 5
36 3 4
36 5 2
36 6 5
36 7 4
36 8 5
36 11 1
36 12 1
36 13 2
36 14 4
36 15 4
36 16 1
36 18 3
36 20 2
36 26 4
36 28 5
36 30 2
36 32 2
36 33 4
37 0 3
37 2 5
37 3 2
37 5 5
37 7 2
37 9 1
37 16 3
37 17 3
37 20 1
37 21 3
37 22 3
37 24 4
37 25 3
37 28 4
37 29 1
37 30 1
37 31 4
37 32 3
37 35 5
37 36 2
38 4 3
38 5 5
38 6 3
38 8 2
38 10 1
38 11 2
38 12 5
38 14 5
38 18 1
38 20 3
38 22 4
38 24 3
38 26 3
38 28 5
38 35 2
38 36 4
38 37 1
39 0 3
39 2 2
39 4 3
39 5 1
39 7 3
39 9 1
39 11 2
39 12 5
39 13 4
39 14 4
39 15 3
39 16 5
39 17 2
39 18 4
39 20 4
39 21 1
39 23 2
39 25 1
39 26 2
39 29 3
39 30 3
39 31 3
39 33 4
39 34 1
39 35 1
39 37 3
39 38 5
40 0 5
40 1 5
40 2 2
40 4 2
40 7 5
40 11 5
40 12 5
40 14 1
40 20 4
40 22 2
40 26 4
40 27 1
40 28 4
40 29 3
40 32 2
40 34 1
40 35 4
40 37 1
41 1 2
41 3 4
41 4 4
41 7 2
41 8 3
41 12 1
41 16 3
41 18 2
41 21 2
41 23 1
41 24 5
41 25 3
41 26 5
41 27 5
41 30 2
41 31 2
41 36 2
41 40 3
42 0 1
42 1 4
42 2 3
42 3 2
42 6 3
42 7 4
42 8 1
42 10 2
42 11 3
42 14 3
42 15 3
42 16 4
42 17 3
42 19 2
42 21 3
42 23 5
42 25 3
42 28 4
42 30 2
42 31 3
42 32 4
42 33 5
42 34 3
42 36 2
42 37 2
42 40 5
43 1 2
43 4 1
43 6 3
43 8 3
43 10 5
43 12 3
43 15 3
43 18 2
43 19 1
43 24 4
43 25 3
43 31 2
43 34 5
43 39 2
43 41 3
43 42 5
44 0 4
44 3 1
44 4 5
44 6 3
44 8 3
44 10 4
44 11 3
44 12 5
44 15 4
44 16 3
44 17 5
44 18 2
44 19 4
44 20 3
44 21 2
44 22 1
44 23 5
44 27 1
44 28 1
44 29 4
44 30 3
44 31 5
44 32 5
44 33 3
44 34 3
44 36 3
44 37 3
44 38 4
44 41 5
44 42 2
45 0 3
45 1 2
45 2 3
45 3 4
45 4 4
45 7 4
45 8 2
45 12 2
45 13 5
45 14 2
45 15 2
45 18 1
45 20 5
45 21 5
45 25 4
45 26 4
45 27 1
45 32 2
45 33 2
45 34 5
45 36 3
45 37 3
45 40 3
45 43 3
45 44 2
46 0 4
46 2 1
46 4 4
46 8 3
46 9 2
46 11 1
46 12 1
46 13 5
46 18 1
46 21 4
46 23 4
46 24 4
46 25 2
46 26 4
46 28 4
46 34 2
46 36 1
46 37 4
46 38 3
46 40 3
46 41 1
46 44 4
47 1 3
47 2 4
47 4 5
47 5 3
47 6 2
47 8 1
47 9 2
47 10 5
47 11 4
47 13 2
47 14 3
47 19 3
47 20 4
47 21 5
47 23 2
47 27 2
47 28 2
47 31 1
47 38 5
47 40 4
47 44 1
47 45 5
47 46 3
48 0 1
48 1 3
48 6 3
48 7 5
48 8 4
48 12 2
48 13 4
48 16 3
48 17 1
48 19 1
48 20 3
48 24 2
48 27 4
48 32 5
48 36 4
48 37 3
48 39 5
48 42 2
48 44 1
48 46 2
49 0 5
49 1 4
49 2 1
49 10 3
49 11 2
49 13 4
49 14 5
49 17 1
49 18 1
49 19 5
49 20 1
49 22 4
49 25 1
49 26 1
49 29 1
49 30 4
49 31 2
49 32 2
49 33 1
49 35 2
49 38 3
49 39 1
49 40 1
49 44 3
49 45 3
49 46 3
49 47 2
50 1 1
50 2 5
50 6 2
50 7 2
50 8 2
50 11 1
50 14 4
50 15 3
50 16 5
50 17 4
50 18 5
50 19 3
50 24 1
50 26 2
50 28 3
50 30 3
50 31 2
50 32 4
50 34 4
50 35 2
50 36 4
50 38 1
50 39 4
50 40 1
50 42 2
50 44 2
50 47 4
50 49 2
51 1 5
51 4 1
51 7 2
51 9 3
51 11 3
51 17 1
51 19 5
51 24 1
51 25 1
51 27 5
51 28 1
51 29 4
51 30 5
51 31 1
51 33 1
51 34 4
51 35 5
51 36 3
51 37 3
51 38 2
51 41 1
51 42 1
51 44 4
51 45 4
51 46 2
51 47 1
51 49 3
52 0 1
52 2 1
52 3 3
52 5 3
52 6 2
52 9 4
52 11 1
52 17 3
52 19 1
52 20 5
52 22 4
52 27 2
52 28 1
52 33 2
52 34 2
52 39 4
52 40 1
52 45 2
52 46 5
52 47 2
52 48 3
53 0 1
53 1 2
53 2 1
53 4 2
53 7 1
53 8 1
53 12 2
53 15 2
53 16 2
53 17 1
53 19 4
53 22 1
53 25 5
53 26 3
53 30 5
53 31 1
53 35 5
53 36 4
53 37 3
53 38 4
53 42 2
53 43 3
53 44 3
53 45 4
53 48 4
54 0 1
54 2 2
54 3 3
54 7 5
54 8 3
54 9 1
54 10 1
54 14 4
54 17 5
54 19 1
54 20 5
54 21 5
54 22 5
54 24 4
54 25 3
54 27 2
54 28 1
54 29 4
54 30 2
54 33 5
54 36 3
54 41 2
54 45 5
54 49 3
54 50 3
54 51 4
54 52 3
55 0 5
55 1 2
55 3 2
55 6 4
55 7 3
55 9 1
55 12 1
55 16 3
55 25 2
55 27 4
55 29 1
55 31 2
55 32 5
55 33 4
55 35 4
55 38 1
55 39 3
55 40 2
55 44 5
55 45 4
55 46 3
55 53 1
56 0 5
56 1 5
56 4 1
56 5 5
56 8 5
56 9 4
56 12 2
56 13 5
56 16 3
56 20 3
56 25 5
56 27 2
56 28 1
56 38 3
56 40 4
56 42 2
56 44 4
56 46 3
56 50 3
56 51 4
56 54 3
56 55 3
57 0 4
57 6 3
57 8 2
57 13 4
57 16 5
57 19 1
57 24 2
57 25 4
57 26 3
57 27 4
57 29 3
57 31 4
57 32 1
57 38 5
57 40 2
57 42 5
57 44 5
57 48 3
57 51 2
57 52 5
57 53 1
58 0 1
58 3 3
58 6 5
58 7 5
58 10 1
58 13 1
58 14 2
58 17 1
58 21 1
58 22 3
58 23 3
58 25 3
58 26 5
58 30 4
58 31 5
58 33 4
58 34 3
58 35 1
58 36 3
58 42 2
58 44 5
58 45 2
58 46 1
58 47 4
58 48 2
58 50 5
58 51 1
58 52 2
58 55 4
58 56 3
59 1 1
59 2 3
59 3 4
59 6 4
59 9 4
59 10 5
59 11 1
59 14 2
59 15 3
59 17 5
59 19 3
59 20 4
59 22 1
59 23 2
59 24 5
59 28 4
59 29 5
59 31 5
59 32 4
59 33 5
59 35 3
59 36 3
59 39 1
59 41 2
59 42 5
59 43 4
59 45 1
59 46 4
59 47 3
59 49 1
59 50 5
59 52 1
59 54 4
59 55 3
59 56 1
59 57 5
59 58 3
60 0 1
60 1 2
60 2 4
60 4 3
60 5 2
60 6 5
60 8 4
60 9 2
60 12 5
60 13 1
60 15 2
60 18 1
60 23 4
60 25 5
60 27 5
60 28 1
60 29 4
60 32 2
60 34 5
60 36 1
60 40 5
60 49 4
60 50 5
60 51 5
60 53 5
60 54 5
60 56 3
60 59 2
61 0 1
61 1 2
61 6 4
61 9 1
61 11 3
61 12 4
61 13 4
61 16 4
61 17 4
61 19 1
61 21 2
61 26 4
61 28 3
61 29 1
61 30 4
61 31 5
61 32 5
61 34 2
61 37 5
61 38 2
61 39 1
61 42 4
61 44 1
61 45 3
61 46 4
61 48 5
61 49 2
61 53 2
61 55 3
61 57 5
61 58 3
62 0 2
62 1 4
62 2 3
62 3 1
62 5 1
62 6 2
62 7 1
62 8 2
62 9 2
62 11 2
62 13 1
62 17 3
62 18 2
62 19 5
62 21 2
62 22 2
62 23 4
62 26 4
62 27 4
62 29 5
62 30 2
62 31 1
62 32 3
62 37 5
62 38 5
62 39 1
62 40 2
62 41 5
62 42 3
62 46 4
62 49 1
62 50 4
62 53 2
62 55 5
62 58 1
62 59 5
62 61 1
63 0 2
63 1 2
63 2 5
63 5 1
63 6 2
63 7 2
63 8 1
63 11 5
63 12 3
63 13 4
63 16 1
63 18 2
63 22 2
63 24 4
63 26 5
63 27 1
63 30 1
63 32 2
63 34 5
63 35 3
63 37 1
63 46 4
63 48 3
63 49 4
63 50 1
63 51 3
63 53 4
63 54 5
63 56 4
63 58 4
63 59 5
63 61 3
63 62 1
64 0 4
64 1 3
64 2 1
64 4 1
64 5 5
64 10 3
64 12 1
64 13 1
64 14 5
64 16 4
64 18 4
64 20 5
64 23 2
64 27 4
64 31 4
64 33 4
64 34 2
64 35 3
64 39 4
64 41 5
64 42 4
64 43 2
64 44 3
64 49 1
64 51 1
64 53 2
64 54 4
64 56 1
64 57 1
64 59 4
65 0 3
65 1 4
65 2 1
65 4 4
65 5 4
65 7 4
65 8 1
65 9 3
65 11 2
65 12 2
65 14 4
65 20 3
65 21 1
65 23 4
65 24 3
65 26 5
65 30 1
65 33 2
65 34 2
65 35 4
65 36 5
65 39 5
65 42 1
65 49 3
65 50 3
65 51 1
65 52 4
65 54 5
65 55 4
65 56 4
65 59 1
65 61 4
65 63 5
65 64 3
66 0 3
66 1 2
66 2 5
66 3 3
66 5 3
66 8 3
66 9 4
66 10 3
66 11 1
66 12 1
66 13 3
66 14 1
66 16 1
66 17 5
66 23 1
66 24 3
66 26 4
66 27 2
66 28 5
66 29 2
66 30 5
66 31 3
66 32 5
66 35 5
66 41 5
66 48 2
66 49 3
66 50 2
66 54 3
66 56 5
66 59 1
66 60 1
67 0 4
67 1 2
67 4 1
67 6 4
67 7 5
67 9 2
67 10 3
67 14 2
67 19 3
67 20 2
67 22 3
67 23 1
67 27 1
67 28 1
67 29 3
67 36 1
67 37 1
67 38 4
67 39 4
67 41 5
67 42 1
67 45 2
67 46 1
67 49 4
67 54 2
67 56 3
67 58 2
67 62 4
67 64 4
67 66 3
68 1 5
68 3 2
68 4 1
68 5 5
68 6 5
68 8 5
68 13 1
68 14 2
68 19 4
68 21 5
68 24 2
68 26 1
68 28 3
68 33 1
68 34 1
68 37 2
68 40 4
68 44 5
68 45 5
68 47 2
68 48 2
68 52 3
68 53 5
68 55 2
68 61 1
68 64 5
68 65 2
69 0 4
69 2 1
69 3 2
69 5 5
69 6 2
69 7 5
69 8 1
69 11 2
69 12 5
69 15 1
69 17 2
69 19 2
69 21 1
69 23 2
69 24 3
69 26 2
69 28 3
69 29 2
69 30 2
69 33 5
69 34 2
69 36 5
69 37 4
69 40 3
69 43 5
69 44 3
69 45 3
69 46 3
69 50 3
69 51 5
69 52 4
69 53 2
69 54 5
69 57 3
69 61 3
69 62 5
69 63 4
69 67 5
