20
1 0 1
2 0 4
3 2 4
5 2 1
6 0 4
6 1 4
6 2 2
6 5 5
7 0 5
8 1 5
8 3 3
8 4 5
8 7 6
9 1 1
9 2 4
9 3 5
9 4 3
9 5 2
9 7 1
10 2 3
10 4 3
10 5 2
10 6 3
10 7 1
10 8 3
11 0 6
11 2 1
11 3 6
11 7 2
11 8 3
12 0 1
12 4 5
12 6 5
12 7 4
12 8 1
13 1 4
13 3 4
13 4 6
13 8 3
13 9 1
13 10 2
13 11 1
14 1 3
14 4 6
14 5 2
14 6 2
14 9 1
14 10 2
14 11 6
14 12 5
14 13 6
15 1 2
15 2 3
15 3 4
15 4 2
15 5 4
15 6 2
15 7 5
15 8 3
15 9 2
15 10 5
15 13 1
16 1 1
16 3 3
16 4 6
16 5 5
16 7 4
16 13 1
16 14 4
17 4 3
17 5 5
17 6 1
17 7 3
17 8 2
17 10 5
17 11 4
17 12 4
17 14 2
17 15 4
17 16 2
18 4 3
18 8 2
18 9 4
18 10 3
18 11 3
18 12 4
18 14 5
18 15 3
19 0 2
19 5 5
19 7 5
19 8 5
19 9 4
19 11 4
19 15 4
