30
1 0 3
3 0 4
3 2 2
4 0 7
4 1 6
5 0 9
5 4 9
6 1 10
6 4 6
7 3 7
8 1 2
8 3 14
9 0 6
9 1 12
9 2 6
9 3 1
9 4 9
9 5 5
9 7 10
10 0 10
10 3 9
10 6 2
10 7 9
10 8 11
11 7 5
11 8 6
12 0 3
12 1 6
12 2 5
12 5 9
12 7 13
12 8 3
13 3 7
13 4 10
13 5 9
13 7 11
13 8 5
13 9 11
14 0 13
14 4 8
14 5 4
14 7 3
14 9 10
14 10 9
14 11 12
14 13 9
15 1 9
15 3 2
15 4 8
15 5 9
15 6 3
15 7 12
15 9 11
15 10 5
15 11 12
15 13 2
16 0 1
16 3 10
16 6 3
16 10 2
16 11 14
16 12 14
16 13 5
17 0 4
17 2 2
17 6 8
17 9 7
17 10 3
17 12 10
17 13 8
18 1 11
18 3 1
18 6 5
18 8 9
18 10 7
18 15 13
18 16 1
19 0 13
19 2 2
19 3 3
19 8 12
19 9 9
19 10 1
19 11 10
19 12 8
19 14 9
19 18 7
20 0 3
20 2 14
20 5 4
20 6 6
20 7 10
20 8 7
20 10 13
20 11 13
20 12 1
20 13 7
20 17 12
20 19 1
21 3 9
21 4 9
21 5 7
21 6 10
21 8 6
21 15 14
21 16 8
21 17 9
21 20 7
22 5 11
22 6 8
22 7 1
22 8 6
22 10 5
22 11 6
22 12 1
22 18 2
23 1 9
23 5 6
23 9 10
23 12 3
23 14 6
23 16 4
23 18 2
23 20 5
23 21 6
23 22 10
24 2 6
24 3 14
24 4 3
24 5 10
24 6 5
24 7 14
24 8 2
24 11 3
24 12 5
24 14 4
24 17 14
24 18 4
24 19 5
24 21 9
24 22 3
25 0 4
25 2 10
25 4 5
25 5 11
25 6 3
25 7 9
25 9 4
25 13 12
25 14 13
25 15 10
25 18 11
25 19 12
25 20 3
25 21 8
25 22 12
25 23 1
25 24 14
26 0 4
26 1 5
26 3 13
26 4 4
26 5 6
26 7 2
26 9 6
26 11 10
26 13 4
26 14 11
26 19 6
26 22 6
26 23 2
26 24 14
27 0 2
27 2 13
27 3 13
27 4 10
27 7 7
27 10 14
27 11 3
27 15 2
27 16 6
27 17 14
27 18 7
27 19 6
27 20 6
27 22 14
27 23 5
27 24 2
27 25 10
27 26 6
28 0 2
28 5 10
28 6 14
28 8 7
28 10 6
28 12 10
28 16 4
28 17 14
28 20 10
28 21 11
28 22 3
28 23 13
28 25 12
28 27 6
29 1 12
29 2 8
29 3 11
29 4 2
29 5 10
29 9 11
29 10 6
29 12 5
29 13 14
29 14 14
29 15 11
29 16 8
29 17 14
29 25 4
