60
2 0 5
3 2 13
4 0 5
4 1 5
5 2 4
5 4 11
6 0 4
6 1 9
6 2 3
6 3 1
7 2 8
7 5 2
8 0 5
8 2 8
8 3 6
9 0 1
9 2 7
9 3 7
9 4 12
9 6 9
9 7 5
9 8 3
10 3 13
10 4 11
10 5 1
10 6 5
10 7 7
10 8 2
11 3 7
11 8 3
11 9 8
11 10 5
12 0 1
12 2 2
12 3 11
12 4 2
12 5 10
12 6 13
12 7 11
12 8 13
12 9 4
13 1 7
13 2 2
13 5 6
13 6 9
13 9 1
13 10 8
13 11 1
13 12 5
14 0 6
14 1 7
14 2 10
14 5 12
14 7 8
14 9 1
14 10 2
14 12 3
15 2 8
15 3 1
15 5 8
15 8 5
15 9 11
15 10 1
15 12 12
15 14 9
16 0 11
16 2 7
16 3 12
16 4 2
16 6 6
16 8 9
16 10 8
16 11 2
16 12 2
16 14 4
16 15 13
17 12 5
17 13 8
17 14 1
17 15 8
18 0 12
18 3 7
18 6 11
18 8 7
18 9 6
18 10 7
18 13 8
19 6 5
19 9 7
19 10 7
19 11 7
19 12 13
19 17 3
20 0 2
20 4 7
20 5 7
20 6 1
20 7 5
20 11 11
20 13 4
20 16 9
20 18 13
21 3 1
21 4 11
21 5 6
21 6 10
21 7 7
21 10 13
21 11 8
21 13 1
21 15 5
21 19 8
21 20 11
22 2 2
22 4 10
22 5 1
22 8 3
22 11 5
22 13 11
22 14 7
22 17 12
22 18 9
22 20 5
23 0 6
23 3 7
23 4 7
23 5 3
23 9 13
23 10 11
23 11 5
23 13 8
23 14 12
23 17 2
23 18 2
23 21 4
23 22 13
24 2 6
24 6 2
24 7 1
24 11 9
24 13 10
24 14 12
24 18 3
24 19 1
24 21 7
24 23 10
25 4 12
25 5 7
25 8 6
25 10 13
25 11 13
25 12 6
25 13 7
25 14 5
25 15 11
25 16 13
25 17 8
25 18 1
26 3 10
26 5 8
26 6 10
26 7 8
26 13 5
26 14 7
26 15 3
26 17 8
26 18 4
26 19 13
26 21 8
26 22 6
27 0 11
27 2 3
27 4 11
27 8 1
27 10 12
27 12 3
27 14 10
27 16 10
27 17 12
27 18 2
27 19 7
27 20 6
27 21 9
27 23 12
27 24 13
27 25 6
28 0 8
28 1 2
28 5 9
28 6 2
28 7 11
28 9 3
28 12 10
28 13 10
28 17 13
28 18 1
28 19 3
28 22 8
28 23 8
28 24 8
28 25 7
28 27 10
29 1 8
29 2 6
29 3 13
29 4 11
29 5 13
29 9 13
29 10 5
29 13 6
29 18 4
29 21 2
29 22 9
29 26 4
29 27 9
29 28 12
30 0 2
30 1 9
30 2 3
30 6 1
30 8 8
30 9 4
30 11 10
30 13 12
30 15 8
30 18 6
30 20 9
30 21 3
30 22 12
30 23 12
30 28 4
30 29 6
31 2 9
31 3 10
31 6 4
31 7 9
31 8 2
31 11 10
31 13 3
31 14 11
31 15 8
31 18 2
31 19 7
31 22 5
31 24 6
31 25 6
31 26 4
31 27 5
31 30 2
32 0 9
32 1 7
32 4 7
32 8 11
32 9 7
32 10 4
32 11 6
32 23 10
32 26 13
32 29 11
32 30 9
32 31 13
33 4 10
33 6 9
33 7 7
33 8 13
33 9 8
33 10 6
33 12 12
33 13 8
33 14 8
33 15 4
33 16 11
33 18 1
33 19 3
33 20 11
33 21 4
33 22 13
33 23 1
33 24 10
33 27 8
33 28 9
33 29 12
34 0 2
34 2 4
34 3 2
34 7 9
34 10 9
34 12 9
34 13 5
34 14 10
34 15 11
34 18 3
34 22 1
34 23 10
34 25 1
34 26 4
34 30 9
34 31 13
35 1 2
35 2 5
35 4 8
35 7 7
35 9 4
35 13 4
35 14 4
35 15 7
35 18 4
35 21 7
35 24 7
35 25 6
35 29 9
35 30 1
35 31 5
35 32 3
36 0 9
36 1 7
36 2 2
36 5 10
36 7 8
36 10 3
36 11 2
36 14 11
36 16 7
36 22 12
36 23 8
36 24 1
36 27 7
36 28 13
36 29 12
36 31 7
36 32 9
36 34 10
36 35 6
37 3 5
37 6 8
37 8 1
37 12 8
37 13 13
37 14 5
37 16 7
37 17 12
37 18 2
37 22 10
37 23 5
37 25 13
37 26 5
37 28 10
37 29 2
37 31 5
37 36 6
38 0 2
38 1 12
38 2 5
38 3 6
38 4 2
38 6 4
38 10 1
38 13 3
38 17 3
38 18 10
38 20 9
38 21 11
38 25 2
38 26 13
38 27 11
38 30 11
38 32 1
38 34 3
38 35 6
39 0 8
39 2 10
39 3 4
39 6 1
39 7 2
39 9 8
39 10 5
39 12 11
39 13 11
39 19 3
39 20 3
39 21 9
39 22 9
39 24 3
39 26 11
39 27 10
39 31 2
39 33 9
39 34 2
39 35 12
39 37 10
40 0 11
40 3 12
40 4 10
40 5 12
40 6 6
40 11 10
40 14 13
40 15 9
40 17 3
40 20 11
40 21 1
40 24 3
40 25 9
40 26 4
40 27 4
40 28 4
40 32 5
40 33 10
40 36 13
40 39 12
41 0 9
41 1 5
41 5 9
41 7 11
41 8 5
41 10 6
41 11 5
41 12 13
41 18 5
41 19 5
41 20 6
41 21 11
41 22 6
41 23 9
41 24 9
41 25 6
41 27 11
41 28 6
41 30 9
41 31 4
41 36 9
41 38 9
41 39 10
42 2 4
42 3 12
42 4 2
42 6 9
42 7 4
42 8 1
42 10 7
42 12 2
42 14 12
42 15 4
42 24 12
42 25 6
42 26 3
42 27 11
42 35 9
42 38 8
43 4 10
43 5 3
43 7 5
43 8 10
43 12 6
43 13 11
43 16 12
43 17 9
43 23 2
43 25 6
43 26 8
43 27 13
43 30 3
43 34 12
43 35 3
43 39 5
43 42 7
44 3 5
44 4 3
44 5 13
44 7 3
44 8 7
44 9 3
44 10 13
44 12 9
44 14 13
44 16 1
44 19 10
44 21 3
44 24 7
44 25 9
44 26 2
44 27 2
44 31 10
44 32 11
44 33 5
44 34 7
44 35 12
44 36 4
44 37 10
44 39 12
44 40 12
44 42 13
44 43 6
45 1 12
45 2 11
45 4 11
45 5 7
45 6 3
45 9 9
45 11 13
45 12 12
45 14 7
45 16 5
45 17 12
45 18 1
45 19 6
45 22 2
45 24 11
45 25 2
45 27 10
45 30 5
45 31 3
45 33 10
45 34 12
45 35 4
45 37 12
45 38 4
45 40 3
45 42 11
45 43 7
46 0 6
46 3 12
46 5 7
46 8 3
46 9 6
46 10 2
46 13 12
46 18 9
46 21 11
46 22 3
46 25 5
46 29 13
46 30 9
46 31 9
46 32 7
46 34 6
46 36 3
46 37 3
46 38 6
46 41 7
46 43 4
46 44 9
47 0 12
47 1 2
47 5 11
47 6 12
47 7 5
47 8 2
47 11 1
47 12 9
47 14 6
47 16 12
47 18 5
47 20 8
47 21 4
47 22 1
47 23 2
47 24 4
47 25 2
47 27 11
47 31 1
47 33 2
47 35 6
47 38 13
47 40 6
47 41 6
47 43 10
47 44 8
48 0 6
48 1 6
48 3 13
48 7 12
48 8 11
48 10 5
48 11 9
48 13 10
48 14 13
48 17 4
48 20 4
48 23 7
48 24 5
48 27 6
48 29 6
48 30 4
48 31 7
48 33 7
48 36 11
48 37 7
48 38 2
48 39 1
48 40 5
48 42 2
48 43 13
48 44 2
48 45 4
48 46 1
49 0 4
49 10 8
49 11 3
49 14 7
49 16 2
49 17 3
49 21 7
49 25 3
49 28 5
49 29 1
49 30 11
49 31 4
49 41 9
49 43 12
49 46 1
49 47 9
50 0 6
50 1 1
50 4 8
50 6 13
50 9 2
50 10 13
50 13 9
50 14 10
50 15 9
50 16 1
50 17 2
50 19 5
50 24 11
50 26 4
50 27 10
50 31 7
50 35 2
50 39 1
50 44 11
50 46 11
50 47 5
50 49 4
51 0 1
51 2 11
51 3 11
51 7 9
51 9 1
51 10 2
51 11 7
51 13 2
51 14 5
51 16 1
51 19 6
51 22 11
51 23 12
51 24 5
51 25 11
51 27 9
51 30 9
51 31 4
51 33 6
51 34 3
51 41 7
51 42 6
51 44 12
51 45 7
51 46 4
51 49 7
51 50 8
52 1 7
52 2 5
52 3 11
52 6 9
52 8 6
52 10 5
52 11 10
52 12 7
52 13 4
52 16 13
52 20 11
52 22 11
52 23 13
52 24 5
52 26 3
52 27 1
52 29 1
52 30 10
52 31 6
52 32 4
52 34 4
52 35 5
52 36 4
52 37 5
52 39 6
52 43 9
52 45 6
52 46 3
52 47 4
52 48 6
53 0 3
53 3 11
53 4 8
53 6 5
53 8 13
53 9 11
53 11 9
53 12 11
53 13 1
53 14 7
53 16 2
53 17 1
53 19 12
53 20 9
53 22 4
53 24 3
53 25 8
53 28 9
53 29 5
53 31 13
53 35 12
53 37 4
53 38 10
53 39 12
53 43 10
53 45 1
53 48 7
53 52 11
54 0 7
54 1 4
54 5 6
54 6 10
54 10 11
54 12 4
54 15 1
54 21 2
54 22 2
54 23 7
54 25 8
54 26 4
54 29 7
54 30 11
54 32 1
54 34 12
54 35 12
54 36 3
54 38 12
54 39 3
54 40 3
54 42 7
54 43 9
54 45 10
54 46 1
54 48 9
54 49 5
54 50 1
55 2 3
55 5 3
55 6 3
55 8 4
55 10 7
55 13 2
55 20 3
55 25 3
55 29 4
55 30 10
55 31 6
55 32 7
55 35 5
55 36 1
55 37 8
55 38 11
55 39 9
55 40 2
55 41 1
55 42 1
55 43 10
55 44 8
55 46 4
55 50 5
55 51 2
55 52 13
56 1 12
56 2 1
56 3 3
56 6 9
56 7 4
56 9 10
56 10 6
56 13 9
56 14 12
56 20 6
56 21 9
56 22 7
56 25 2
56 27 6
56 28 11
56 29 1
56 32 2
56 37 12
56 38 7
56 41 2
56 43 4
56 44 2
56 46 10
56 48 6
56 49 13
56 50 13
56 54 8
57 0 5
57 1 13
57 5 4
57 6 4
57 7 10
57 9 9
57 10 2
57 13 5
57 16 8
57 18 6
57 19 3
57 20 12
57 21 3
57 22 7
57 24 7
57 25 3
57 27 4
57 28 1
57 30 10
57 31 7
57 32 4
57 37 9
57 38 13
57 39 7
57 41 13
57 44 10
57 45 5
57 46 7
57 47 6
57 48 1
57 49 7
57 50 5
57 51 11
57 54 13
57 55 13
57 56 1
58 1 8
58 2 5
58 8 13
58 9 5
58 10 12
58 12 2
58 14 11
58 16 13
58 18 7
58 19 4
58 22 12
58 23 4
58 25 9
58 26 4
58 27 6
58 29 9
58 30 2
58 31 12
58 32 12
58 33 13
58 34 11
58 35 5
58 39 3
58 40 7
58 42 9
58 44 1
58 48 11
58 50 2
58 51 12
58 52 4
58 54 7
58 56 6
59 0 3
59 1 11
59 2 4
59 3 7
59 8 2
59 10 1
59 12 9
59 17 8
59 18 8
59 20 12
59 22 7
59 23 5
59 24 4
59 27 13
59 28 8
59 29 12
59 31 5
59 34 9
59 36 9
59 37 11
59 38 7
59 39 9
59 40 7
59 42 10
59 43 3
59 44 4
59 45 13
59 47 5
59 50 1
59 52 8
59 53 5
59 54 12
59 55 11
59 57 5
