70
1 0 4
5 1 2
5 3 1
6 4 5
6 5 1
7 6 1
8 1 1
8 4 7
8 5 1
8 7 2
9 3 3
9 4 5
9 5 3
9 8 3
10 1 7
10 5 6
10 6 4
10 7 5
10 8 1
11 0 1
11 1 7
11 2 2
11 3 4
11 6 3
11 7 1
12 4 2
12 6 5
12 10 3
12 11 6
13 0 1
13 4 2
13 8 4
13 10 6
13 11 1
14 0 7
14 1 1
14 5 3
14 10 6
14 11 6
14 13 4
15 0 7
15 1 1
15 2 6
15 7 6
15 9 6
15 14 2
16 1 5
16 5 3
16 10 5
16 11 6
16 14 2
16 15 1
17 0 4
17 1 6
17 3 2
17 10 3
17 11 5
17 13 6
17 14 7
17 15 2
17 16 7
18 3 7
18 6 7
18 7 5
18 8 1
18 9 5
18 10 4
18 13 7
18 15 7
18 16 4
18 17 6
19 0 2
19 6 5
19 7 5
19 8 2
19 9 1
19 10 4
19 13 1
19 14 3
19 17 6
19 18 4
20 1 5
20 2 1
20 3 5
20 4 2
20 6 7
20 7 6
20 11 7
20 12 5
20 14 5
20 16 6
20 17 6
20 18 2
20 19 5
21 1 4
21 7 4
21 8 6
21 11 4
21 12 1
21 13 1
21 17 1
21 20 6
22 0 3
22 2 2
22 3 2
22 4 1
22 7 3
22 9 4
22 13 3
22 14 5
22 16 6
22 20 5
23 2 3
23 3 1
23 4 2
23 8 1
23 9 3
23 11 6
23 15 3
23 16 3
23 17 7
23 19 1
23 21 2
24 2 5
24 3 4
24 4 4
24 5 6
24 7 1
24 9 1
24 11 2
24 15 4
24 18 5
24 19 4
24 20 1
24 21 2
24 23 1
25 1 6
25 4 3
25 5 6
25 9 2
25 10 2
25 11 3
25 12 4
25 14 4
25 22 2
25 23 4
25 24 1
26 1 4
26 3 1
26 6 2
26 8 2
26 10 5
26 11 2
26 12 1
26 13 6
26 18 6
26 19 6
26 21 2
26 23 7
26 24 4
27 0 5
27 1 1
27 6 3
27 8 6
27 9 1
27 11 5
27 13 1
27 15 3
27 16 3
27 17 3
27 19 4
27 20 7
27 21 3
27 22 2
27 23 5
27 24 4
28 0 1
28 2 3
28 3 6
28 4 2
28 7 3
28 8 4
28 10 2
28 11 4
28 14 1
28 16 6
28 18 3
28 20 6
28 21 5
28 23 2
28 24 3
29 1 7
29 2 3
29 3 1
29 6 5
29 8 7
29 9 6
29 10 7
29 12 6
29 14 5
29 15 5
29 16 1
29 20 5
29 21 5
29 24 4
29 27 4
29 28 3
30 0 4
30 1 2
30 3 6
30 5 5
30 7 6
30 8 4
30 11 5
30 12 1
30 13 4
30 19 6
30 21 6
30 22 2
30 25 3
30 26 7
30 27 4
31 1 2
31 8 3
31 9 5
31 10 7
31 14 1
31 15 7
31 16 7
31 19 7
31 20 3
31 22 3
31 23 7
31 27 3
31 29 6
31 30 5
32 0 5
32 3 7
32 7 1
32 9 4
32 12 5
32 13 7
32 15 4
32 16 7
32 17 3
32 19 5
32 20 2
32 21 5
32 25 2
32 26 3
32 29 7
32 30 5
32 31 6
33 0 7
33 1 6
33 2 7
33 3 2
33 5 1
33 8 4
33 9 4
33 10 2
33 11 1
33 17 1
33 20 5
33 24 4
33 25 3
33 27 7
33 28 4
33 30 5
33 31 1
33 32 7
34 0 2
34 1 7
34 2 5
34 3 5
34 7 2
34 8 7
34 9 6
34 10 7
34 11 3
34 16 2
34 18 7
34 22 6
34 23 2
34 25 1
34 26 2
34 28 4
34 29 5
34 31 3
34 32 4
34 33 7
35 0 5
35 1 6
35 3 6
35 4 5
35 5 4
35 7 1
35 9 6
35 12 6
35 14 3
35 15 3
35 18 2
35 24 1
35 25 2
35 26 5
35 28 4
35 29 1
35 30 3
35 32 3
36 2 5
36 4 5
36 6 3
36 8 2
36 9 6
36 11 3
36 12 2
36 13 5
36 15 5
36 18 2
36 20 2
36 21 4
36 22 2
36 27 2
36 28 5
36 30 6
36 32 6
36 35 6
37 0 3
37 1 4
37 2 7
37 4 6
37 5 2
37 10 5
37 11 3
37 16 7
37 27 5
37 28 7
37 31 4
37 32 7
37 35 6
38 3 4
38 6 3
38 8 4
38 9 3
38 14 3
38 15 6
38 26 1
38 28 5
38 30 6
38 31 7
38 32 5
38 33 1
38 35 3
38 36 2
39 0 4
39 5 2
39 9 7
39 10 7
39 11 4
39 12 1
39 14 3
39 15 4
39 16 6
39 17 1
39 20 1
39 25 2
39 28 7
39 29 3
39 30 1
39 32 7
39 34 7
39 35 5
40 0 1
40 1 5
40 3 2
40 5 6
40 6 4
40 7 4
40 8 5
40 9 7
40 10 7
40 11 5
40 13 4
40 18 2
40 19 5
40 20 1
40 21 6
40 25 6
40 26 4
40 27 3
40 28 4
40 31 5
40 32 2
40 34 7
40 35 7
40 36 4
40 37 2
40 38 5
40 39 6
41 0 5
41 1 2
41 2 3
41 6 6
41 8 4
41 13 7
41 14 3
41 15 5
41 16 6
41 17 3
41 19 7
41 20 1
41 21 7
41 27 2
41 28 4
41 31 5
41 32 6
41 34 5
41 35 7
41 37 7
41 39 4
42 0 1
42 2 3
42 3 1
42 6 4
42 8 1
42 9 4
42 12 4
42 13 5
42 14 6
42 18 6
42 19 1
42 20 6
42 21 2
42 23 6
42 24 5
42 27 3
42 28 1
42 32 5
42 39 5
42 41 1
43 0 5
43 2 4
43 4 5
43 5 1
43 6 7
43 8 2
43 10 2
43 11 3
43 12 5
43 17 4
43 18 5
43 20 3
43 21 1
43 23 1
43 24 5
43 25 1
43 30 1
43 33 3
43 35 1
43 37 4
43 40 3
43 41 2
44 2 5
44 9 3
44 10 1
44 12 1
44 13 7
44 15 6
44 16 4
44 18 6
44 19 4
44 22 3
44 23 1
44 24 6
44 27 3
44 28 4
44 29 6
44 30 2
44 31 6
44 36 7
44 40 6
44 42 7
44 43 4
45 1 3
45 5 5
45 6 6
45 10 1
45 11 2
45 12 6
45 15 1
45 16 1
45 17 4
45 20 6
45 21 5
45 22 2
45 23 3
45 25 3
45 26 6
45 27 6
45 28 4
45 29 4
45 31 2
45 34 6
45 37 3
45 38 6
45 44 3
46 1 7
46 2 6
46 3 7
46 4 1
46 5 4
46 6 2
46 8 3
46 10 6
46 14 4
46 15 2
46 16 3
46 20 4
46 21 1
46 23 7
46 26 5
46 30 6
46 31 5
46 33 1
46 34 1
46 35 1
46 36 1
46 37 6
46 39 2
46 40 3
46 41 4
46 43 3
47 1 5
47 3 4
47 4 3
47 6 6
47 7 4
47 11 2
47 12 7
47 13 6
47 15 7
47 16 5
47 23 7
47 24 7
47 25 4
47 27 7
47 28 2
47 31 7
47 32 5
47 40 7
47 41 3
47 43 4
48 0 3
48 1 1
48 2 1
48 9 2
48 14 1
48 15 4
48 16 4
48 17 6
48 18 7
48 19 1
48 23 7
48 29 6
48 30 2
48 31 2
48 33 7
48 34 4
48 35 3
48 37 7
48 42 2
48 44 6
48 45 3
48 47 6
49 2 7
49 3 5
49 6 4
49 9 6
49 10 1
49 11 5
49 13 4
49 18 5
49 22 7
49 23 2
49 25 2
49 26 5
49 27 4
49 29 3
49 30 5
49 31 7
49 32 7
49 33 5
49 34 6
49 36 7
49 38 7
49 39 2
49 41 5
49 42 7
49 43 5
49 47 6
49 48 6
50 0 3
50 2 7
50 4 4
50 5 3
50 7 1
50 9 4
50 10 7
50 11 5
50 13 3
50 14 1
50 19 2
50 20 7
50 22 2
50 25 5
50 28 2
50 29 5
50 30 3
50 33 4
50 35 2
50 36 6
50 38 6
50 39 7
50 42 3
50 44 6
50 48 1
51 0 2
51 1 6
51 4 1
51 6 4
51 8 6
51 10 3
51 11 5
51 12 1
51 13 6
51 14 2
51 16 5
51 17 1
51 18 3
51 19 3
51 21 7
51 22 2
51 23 3
51 24 2
51 25 7
51 26 1
51 27 1
51 28 3
51 32 2
51 33 1
51 36 7
51 37 3
51 38 5
51 39 3
51 41 2
51 42 4
51 44 1
51 47 4
51 50 1
52 0 2
52 2 6
52 4 5
52 5 7
52 7 5
52 8 1
52 10 2
52 11 1
52 12 1
52 15 5
52 16 4
52 17 1
52 19 3
52 20 4
52 24 5
52 25 1
52 26 3
52 27 1
52 28 7
52 30 2
52 32 5
52 34 5
52 35 5
52 37 1
52 39 2
52 40 1
52 41 7
52 45 1
52 47 4
52 48 5
52 50 5
52 51 2
53 1 3
53 4 7
53 6 3
53 7 2
53 9 6
53 10 4
53 11 7
53 18 5
53 21 4
53 22 6
53 24 7
53 31 4
53 32 6
53 35 7
53 37 6
53 40 4
53 42 1
53 43 4
53 45 4
53 47 4
53 49 5
53 52 1
54 1 7
54 2 3
54 3 4
54 7 2
54 9 7
54 10 6
54 11 3
54 12 3
54 18 1
54 19 6
54 21 5
54 22 2
54 25 1
54 28 3
54 31 2
54 38 6
54 39 7
54 40 2
54 43 2
54 44 2
54 46 3
54 50 1
54 51 7
54 53 3
55 0 3
55 1 5
55 5 4
55 8 5
55 9 6
55 11 6
55 12 6
55 13 2
55 14 5
55 17 3
55 20 5
55 21 7
55 22 5
55 23 3
55 26 5
55 27 5
55 33 5
55 35 5
55 36 7
55 40 3
55 43 6
55 45 6
55 46 2
55 49 4
55 51 6
55 52 4
55 53 6
55 54 5
56 1 2
56 2 3
56 4 6
56 6 2
56 7 2
56 8 4
56 9 3
56 11 1
56 14 7
56 15 1
56 19 5
56 26 7
56 28 6
56 30 7
56 31 6
56 33 7
56 34 6
56 35 1
56 36 6
56 37 5
56 43 6
56 44 6
56 45 1
56 46 2
56 47 7
56 48 1
57 0 1
57 1 4
57 2 4
57 6 1
57 8 3
57 9 2
57 10 2
57 13 5
57 14 1
57 16 1
57 19 6
57 20 6
57 23 4
57 29 4
57 31 1
57 32 4
57 33 6
57 34 3
57 35 3
57 36 1
57 37 5
57 38 2
57 41 6
57 45 3
57 48 5
57 50 6
57 51 2
57 52 6
57 54 7
57 55 6
58 0 7
58 1 6
58 2 3
58 3 6
58 4 6
58 5 5
58 10 5
58 13 4
58 14 1
58 17 1
58 18 3
58 19 2
58 20 2
58 21 5
58 22 5
58 25 4
58 26 1
58 27 1
58 28 6
58 31 1
58 35 6
58 36 4
58 38 4
58 40 4
58 42 6
58 43 7
58 45 4
58 46 4
58 47 1
58 48 4
58 50 3
58 52 2
58 54 2
58 55 3
58 56 6
59 3 6
59 5 2
59 6 5
59 8 6
59 9 7
59 10 1
59 12 1
59 13 3
59 15 2
59 16 1
59 18 4
59 19 5
59 20 6
59 22 6
59 23 4
59 24 3
59 26 3
59 29 5
59 32 7
59 33 2
59 34 4
59 35 2
59 36 2
59 37 3
59 38 5
59 40 2
59 41 6
59 45 1
59 49 3
59 50 3
59 53 4
59 54 5
60 0 1
60 1 1
60 2 5
60 5 2
60 8 6
60 10 4
60 12 7
60 15 7
60 21 1
60 22 1
60 23 6
60 26 1
60 27 1
60 28 6
60 29 2
60 30 5
60 32 2
60 33 7
60 34 4
60 36 7
60 38 3
60 42 2
60 43 6
60 46 3
60 47 6
60 48 6
60 49 7
60 50 6
60 55 7
60 56 6
60 57 5
61 0 1
61 4 7
61 6 6
61 7 5
61 8 6
61 14 5
61 15 7
61 16 2
61 17 7
61 19 7
61 20 5
61 21 2
61 22 2
61 25 1
61 26 2
61 29 3
61 30 2
61 32 2
61 33 4
61 34 3
61 35 3
61 37 2
61 41 3
61 42 2
61 43 3
61 48 1
61 49 3
61 53 7
61 60 5
62 1 5
62 2 2
62 4 4
62 5 4
62 6 4
62 7 5
62 8 2
62 10 3
62 12 2
62 13 6
62 14 2
62 15 7
62 16 3
62 17 3
62 18 7
62 22 1
62 24 5
62 25 5
62 29 2
62 35 7
62 36 3
62 38 1
62 40 4
62 42 5
62 46 4
62 48 3
62 49 5
62 50 1
62 52 4
62 56 4
62 60 5
62 61 4
63 3 7
63 6 2
63 10 6
63 11 1
63 12 3
63 16 2
63 21 4
63 24 2
63 25 4
63 27 5
63 30 6
63 36 5
63 41 6
63 42 4
63 43 1
63 44 5
63 45 3
63 47 6
63 48 7
63 49 7
63 51 1
63 52 3
63 53 4
63 54 3
63 57 7
63 58 2
63 60 2
63 62 1
64 1 1
64 2 6
64 3 5
64 4 4
64 5 2
64 9 1
64 10 1
64 12 6
64 16 3
64 17 1
64 20 4
64 22 7
64 24 1
64 27 5
64 28 2
64 38 6
64 40 4
64 41 5
64 42 2
64 43 1
64 44 6
64 46 5
64 51 2
64 54 3
64 60 7
64 63 5
65 0 1
65 1 6
65 4 6
65 9 1
65 12 3
65 19 4
65 21 2
65 22 2
65 24 6
65 25 1
65 26 6
65 28 5
65 29 5
65 30 7
65 33 3
65 34 2
65 35 7
65 39 4
65 40 4
65 41 3
65 47 4
65 48 1
65 50 3
65 51 2
65 53 7
65 54 7
65 56 6
65 63 6
66 0 7
66 2 5
66 7 7
66 8 3
66 11 1
66 14 4
66 15 2
66 17 7
66 20 1
66 21 6
66 24 2
66 27 3
66 28 7
66 32 4
66 37 3
66 39 6
66 41 3
66 42 4
66 44 6
66 45 2
66 46 6
66 47 1
66 48 5
66 53 6
66 55 2
66 56 6
66 57 4
66 58 5
66 64 3
67 1 5
67 4 4
67 6 2
67 7 4
67 8 1
67 10 6
67 12 2
67 18 3
67 23 1
67 27 2
67 29 4
67 31 6
67 32 2
67 33 5
67 34 4
67 35 2
67 36 5
67 39 6
67 40 3
67 41 6
67 44 2
67 45 7
67 47 5
67 48 3
67 50 1
67 52 6
67 54 1
67 55 6
67 57 4
67 59 3
67 61 6
67 66 3
68 2 5
68 4 4
68 5 1
68 6 3
68 8 5
68 9 4
68 10 5
68 11 7
68 14 1
68 17 2
68 19 2
68 21 7
68 22 1
68 26 7
68 27 4
68 28 1
68 29 4
68 32 4
68 35 5
68 37 1
68 39 3
68 42 4
68 44 3
68 45 1
68 46 6
68 49 4
68 50 2
68 51 2
68 54 3
68 56 6
68 59 2
68 61 4
68 63 5
68 64 5
68 67 4
69 0 6
69 2 3
69 4 3
69 5 6
69 6 1
69 7 6
69 9 7
69 11 3
69 12 5
69 18 5
69 24 1
69 25 1
69 28 4
69 29 2
69 30 6
69 31 3
69 32 6
69 35 5
69 36 4
69 38 7
69 39 2
69 40 1
69 41 5
69 42 3
69 43 1
69 45 5
69 48 6
69 49 6
69 50 7
69 51 4
69 52 2
69 54 6
69 56 3
69 58 3
69 59 5
69 61 6
69 63 6
69 64 1
69 65 7
69 67 7
