40
1 0 4
2 1 7
3 1 3
4 2 5
4 3 10
5 1 11
5 2 10
5 3 6
6 3 9
6 5 1
7 2 7
7 3 11
8 3 11
8 6 3
9 0 10
9 2 4
9 4 7
10 1 13
10 3 8
10 4 13
10 5 13
10 8 2
10 9 13
11 0 11
11 1 6
11 2 7
11 4 4
11 9 8
11 10 13
12 0 10
12 1 1
12 4 5
12 5 9
12 6 11
12 9 6
12 11 8
13 0 6
13 2 6
13 3 4
13 5 6
13 9 1
13 11 5
14 4 1
14 7 10
14 9 10
15 5 6
15 6 1
15 8 5
15 9 10
15 12 12
15 13 11
16 1 3
16 8 8
16 10 4
16 12 11
16 15 3
17 2 5
17 3 7
17 4 5
17 5 1
17 6 4
17 7 10
17 12 2
17 14 3
17 15 11
18 1 11
18 4 7
18 5 13
18 8 6
18 9 12
18 13 6
18 14 7
18 15 13
18 16 2
19 0 5
19 1 7
19 2 1
19 3 2
19 5 7
19 6 1
19 7 9
19 8 7
19 10 6
19 11 4
19 13 11
19 14 1
20 0 5
20 2 10
20 4 12
20 6 5
20 7 8
20 8 12
20 13 2
20 14 4
20 17 12
21 1 7
21 2 10
21 3 11
21 4 11
21 5 1
21 6 1
21 9 9
21 10 11
21 11 10
21 12 2
21 13 10
21 14 7
21 16 13
21 17 5
21 18 4
22 0 4
22 2 5
22 3 9
22 4 8
22 8 8
22 9 11
22 12 12
22 13 8
22 14 1
22 16 11
22 18 6
22 19 6
23 0 7
23 2 4
23 3 12
23 5 1
23 7 8
23 8 4
23 10 6
23 11 2
23 12 4
23 13 1
23 15 6
23 17 13
23 20 11
23 21 2
24 2 13
24 3 5
24 7 12
24 8 4
24 10 4
24 11 2
24 12 10
24 13 1
24 14 9
24 16 5
24 20 1
24 22 8
24 23 5
25 3 8
25 4 10
25 5 8
25 6 5
25 7 7
25 9 13
25 10 9
25 11 9
25 12 10
25 13 12
25 15 11
25 18 10
25 20 6
25 23 8
25 24 2
26 2 3
26 7 13
26 8 8
26 9 6
26 11 4
26 12 12
26 13 10
26 14 9
26 15 6
26 17 5
26 18 5
26 23 5
26 24 6
26 25 8
27 2 8
27 4 1
27 8 6
27 9 3
27 11 11
27 12 9
27 19 5
27 22 10
27 23 12
27 24 6
27 26 7
28 0 11
28 1 2
28 2 3
28 3 13
28 5 5
28 8 6
28 12 9
28 13 6
28 15 3
28 20 4
28 21 8
28 23 5
28 24 9
28 25 4
28 26 5
29 1 8
29 2 6
29 3 1
29 5 3
29 6 12
29 8 4
29 10 9
29 11 10
29 13 9
29 14 12
29 22 2
29 23 11
29 24 5
29 27 4
30 0 5
30 1 7
30 3 6
30 4 12
30 11 13
30 13 1
30 15 9
30 17 5
30 20 9
30 21 11
30 22 4
30 25 2
30 29 4
31 1 9
31 3 2
31 4 5
31 5 3
31 6 7
31 11 3
31 12 5
31 13 3
31 14 10
31 17 7
31 18 12
31 21 12
31 26 10
31 28 4
31 30 6
32 1 11
32 2 13
32 3 9
32 4 7
32 5 3
32 9 10
32 14 6
32 15 1
32 16 2
32 17 8
32 19 1
32 21 1
32 22 2
32 23 12
32 25 3
32 26 2
32 29 7
32 30 7
32 31 12
33 0 13
33 1 2
33 2 4
33 3 8
33 4 13
33 6 8
33 10 9
33 11 11
33 12 1
33 15 4
33 17 1
33 18 13
33 22 5
33 23 5
33 24 5
33 27 8
33 30 2
33 31 8
34 3 13
34 6 13
34 7 7
34 11 11
34 13 2
34 16 4
34 18 10
34 19 1
34 28 12
34 29 9
34 30 5
34 32 8
34 33 10
35 0 11
35 2 11
35 4 11
35 6 1
35 9 7
35 11 4
35 12 10
35 14 12
35 16 8
35 22 8
35 27 2
35 29 12
35 31 10
35 32 1
36 2 2
36 9 4
36 10 11
36 12 7
36 13 2
36 16 1
36 20 4
36 21 12
36 22 7
36 23 11
36 25 12
36 29 11
36 31 12
36 33 10
36 35 13
37 2 10
37 3 11
37 6 11
37 9 12
37 10 6
37 15 13
37 18 1
37 19 7
37 21 11
37 22 5
37 28 13
37 29 5
37 33 3
37 34 8
38 2 5
38 4 3
38 6 10
38 8 4
38 9 2
38 10 13
38 14 2
38 18 4
38 20 10
38 23 8
38 30 6
38 34 8
38 35 6
38 36 10
39 0 13
39 2 7
39 5 6
39 8 11
39 11 3
39 12 12
39 13 13
39 15 10
39 16 2
39 17 3
39 18 2
39 19 12
39 20 4
39 21 5
39 24 10
39 25 12
39 26 2
39 27 8
39 28 8
39 29 1
39 31 7
39 32 4
39 33 9
39 35 11
39 36 11
39 38 11
