40
1 0 7
2 0 3
2 1 6
3 0 5
3 1 4
3 2 6
4 0 4
4 1 9
4 2 2
4 3 6
5 0 7
5 1 8
5 2 2
5 3 2
5 4 7
6 0 3
6 1 2
6 2 3
6 3 3
6 4 9
6 5 1
7 0 6
7 1 5
7 2 3
7 3 1
7 4 2
7 5 9
7 6 3
8 0 1
8 1 7
8 2 6
8 3 3
8 4 5
8 5 6
8 6 8
8 7 1
9 0 4
9 1 5
9 2 2
9 3 5
9 4 3
9 5 4
9 6 2
9 7 4
9 8 9
10 0 9
10 1 4
10 2 1
10 3 4
10 4 7
10 5 9
10 6 9
10 7 5
10 8 2
10 9 5
11 0 2
11 1 4
11 2 9
11 3 2
11 4 6
11 5 9
11 6 6
11 7 9
11 8 3
11 9 3
11 10 5
12 0 4
12 1 8
12 2 8
12 3 5
12 4 5
12 5 4
12 6 1
12 7 7
12 8 9
12 9 2
12 10 9
12 11 6
13 0 1
13 1 2
13 2 7
13 3 3
13 4 2
13 5 4
13 6 4
13 7 5
13 8 2
13 9 2
13 10 8
13 11 9
13 12 4
14 0 8
14 1 3
14 2 2
14 3 5
14 4 4
14 5 3
14 6 4
14 7 3
14 8 3
14 9 5
14 10 1
14 11 5
14 12 3
14 13 7
15 0 2
15 1 5
15 2 4
15 3 9
15 4 1
15 5 8
15 6 1
15 7 5
15 8 6
15 9 6
15 10 7
15 11 4
15 12 2
15 13 1
15 14 1
16 0 1
16 1 7
16 2 2
16 3 7
16 4 2
16 5 8
16 6 1
16 7 8
16 8 1
16 9 9
16 10 7
16 11 7
16 12 5
16 13 8
16 14 7
16 15 7
17 0 7
17 1 3
17 2 3
17 3 4
17 4 8
17 5 1
17 6 4
17 7 3
17 8 3
17 9 1
17 10 4
17 11 3
17 12 4
17 13 1
17 14 3
17 15 2
17 16 8
18 0 7
18 1 3
18 2 1
18 3 6
18 4 5
18 5 6
18 6 8
18 7 8
18 8 4
18 9 9
18 10 7
18 11 6
18 12 6
18 13 3
18 14 6
18 15 1
18 16 5
18 17 9
19 0 8
19 1 1
19 2 2
19 3 1
19 4 7
19 5 7
19 6 2
19 7 3
19 8 6
19 9 5
19 10 9
19 11 8
19 12 6
19 13 5
19 14 1
19 15 6
19 16 3
19 17 9
19 18 9
20 0 4
20 1 4
20 2 7
20 3 8
20 4 1
20 5 9
20 6 9
20 7 5
20 8 6
20 9 6
20 10 7
20 11 8
20 12 5
20 13 9
20 14 2
20 15 3
20 16 4
20 17 5
20 18 4
20 19 4
21 0 3
21 1 8
21 2 8
21 3 8
21 4 9
21 5 4
21 6 9
21 7 8
21 8 4
21 9 8
21 10 2
21 11 4
21 12 1
21 13 1
21 14 4
21 15 8
21 16 5
21 17 7
21 18 9
21 19 4
21 20 5
22 0 6
22 1 7
22 2 8
22 3 2
22 4 7
22 5 9
22 6 7
22 7 7
22 8 1
22 9 1
22 10 5
22 11 8
22 12 6
22 13 8
22 14 6
22 15 6
22 16 5
22 17 3
22 18 2
22 19 1
22 20 3
22 21 4
23 0 5
23 1 1
23 2 9
23 3 7
23 4 8
23 5 3
23 6 3
23 7 9
23 8 1
23 9 8
23 10 6
23 11 3
23 12 7
23 13 3
23 14 4
23 15 1
23 16 3
23 17 4
23 18 5
23 19 1
23 20 2
23 21 3
23 22 4
24 0 2
24 1 2
24 2 9
24 3 6
24 4 6
24 5 2
24 6 5
24 7 9
24 8 2
24 9 2
24 10 1
24 11 7
24 12 4
24 13 3
24 14 9
24 15 6
24 16 8
24 17 3
24 18 6
24 19 3
24 20 4
24 21 2
24 22 9
24 23 9
25 0 4
25 1 3
25 2 9
25 3 2
25 4 7
25 5 2
25 6 8
25 7 3
25 8 1
25 9 9
25 10 8
25 11 2
25 12 4
25 13 8
25 14 8
25 15 5
25 16 8
25 17 7
25 18 5
25 19 5
25 20 9
25 21 4
25 22 3
25 23 4
25 24 2
26 0 3
26 1 8
26 2 9
26 3 9
26 4 8
26 5 8
26 6 4
26 7 4
26 8 7
26 9 9
26 10 2
26 11 7
26 12 7
26 13 6
26 14 4
26 15 8
26 16 1
26 17 8
26 18 8
26 19 9
26 20 9
26 21 4
26 22 9
26 23 4
26 24 3
26 25 6
27 0 5
27 1 4
27 2 3
27 3 4
27 4 6
27 5 6
27 6 2
27 7 4
27 8 3
27 9 4
27 10 1
27 11 6
27 12 5
27 13 4
27 14 2
27 15 4
27 16 1
27 17 7
27 18 9
27 19 8
27 20 4
27 21 8
27 22 4
27 23 8
27 24 3
27 25 6
27 26 1
28 0 4
28 1 4
28 2 3
28 3 4
28 4 3
28 5 2
28 6 6
28 7 5
28 8 3
28 9 9
28 10 5
28 11 4
28 12 9
28 13 6
28 14 8
28 15 9
28 16 4
28 17 6
28 18 5
28 19 9
28 20 6
28 21 6
28 22 4
28 23 7
28 24 5
28 25 4
28 26 6
28 27 1
29 0 8
29 1 2
29 2 4
29 3 1
29 4 1
29 5 2
29 6 9
29 7 3
29 8 4
29 9 4
29 10 1
29 11 3
29 12 2
29 13 3
29 14 9
29 15 8
29 16 2
29 17 3
29 18 9
29 19 1
29 20 3
29 21 6
29 22 2
29 23 2
29 24 2
29 25 6
29 26 1
29 27 1
29 28 4
30 0 9
30 1 5
30 2 6
30 3 6
30 4 5
30 5 3
30 6 5
30 7 4
30 8 6
30 9 6
30 10 3
30 11 7
30 12 5
30 13 1
30 14 5
30 15 3
30 16 7
30 17 7
30 18 8
30 19 7
30 20 4
30 21 9
30 22 3
30 23 7
30 24 9
30 25 5
30 26 2
30 27 2
30 28 6
30 29 3
31 0 7
31 1 8
31 2 5
31 3 7
31 4 2
31 5 7
31 6 4
31 7 5
31 8 5
31 9 2
31 10 8
31 11 5
31 12 2
31 13 9
31 14 3
31 15 7
31 16 1
31 17 5
31 18 6
31 19 1
31 20 8
31 21 5
31 22 5
31 23 9
31 24 9
31 25 7
31 26 5
31 27 1
31 28 5
31 29 4
31 30 4
32 0 8
32 1 8
32 2 6
32 3 8
32 4 1
32 5 6
32 6 6
32 7 4
32 8 3
32 9 1
32 10 1
32 11 2
32 12 8
32 13 6
32 14 8
32 15 8
32 16 5
32 17 4
32 18 6
32 19 2
32 20 6
32 21 5
32 22 4
32 23 8
32 24 1
32 25 8
32 26 4
32 27 2
32 28 3
32 29 7
32 30 2
32 31 2
33 0 3
33 1 4
33 2 5
33 3 7
33 4 4
33 5 3
33 6 2
33 7 7
33 8 8
33 9 8
33 10 7
33 11 2
33 12 8
33 13 9
33 14 7
33 15 5
33 16 4
33 17 2
33 18 1
33 19 9
33 20 5
33 21 5
33 22 7
33 23 1
33 24 6
33 25 7
33 26 6
33 27 4
33 28 4
33 29 8
33 30 2
33 31 3
33 32 8
34 0 8
34 1 9
34 2 7
34 3 6
34 4 2
34 5 2
34 6 7
34 7 2
34 8 4
34 9 9
34 10 4
34 11 7
34 12 6
34 13 6
34 14 9
34 15 1
34 16 9
34 17 8
34 18 9
34 19 1
34 20 6
34 21 1
34 22 3
34 23 8
34 24 3
34 25 9
34 26 4
34 27 3
34 28 2
34 29 5
34 30 8
34 31 9
34 32 7
34 33 2
35 0 4
35 1 4
35 2 6
35 3 4
35 4 2
35 5 1
35 6 2
35 7 4
35 8 8
35 9 5
35 10 9
35 11 9
35 12 4
35 13 7
35 14 4
35 15 3
35 16 2
35 17 8
35 18 3
35 19 4
35 20 7
35 21 3
35 22 5
35 23 4
35 24 6
35 25 1
35 26 4
35 27 7
35 28 5
35 29 3
35 30 4
35 31 3
35 32 9
35 33 7
35 34 5
36 0 3
36 1 1
36 2 9
36 3 9
36 4 4
36 5 1
36 6 8
36 7 2
36 8 8
36 9 5
36 10 5
36 11 1
36 12 3
36 13 5
36 14 2
36 15 8
36 16 2
36 17 8
36 18 9
36 19 2
36 20 5
36 21 4
36 22 5
36 23 6
36 24 9
36 25 5
36 26 8
36 27 9
36 28 7
36 29 1
36 30 8
36 31 4
36 32 5
36 33 8
36 34 9
36 35 9
37 0 2
37 1 7
37 2 1
37 3 9
37 4 6
37 5 4
37 6 4
37 7 4
37 8 2
37 9 8
37 10 7
37 11 4
37 12 5
37 13 2
37 14 9
37 15 6
37 16 2
37 17 7
37 18 5
37 19 9
37 20 2
37 21 8
37 22 8
37 23 6
37 24 6
37 25 4
37 26 9
37 27 6
37 28 7
37 29 2
37 30 5
37 31 3
37 32 2
37 33 1
37 34 2
37 35 8
37 36 9
38 0 5
38 1 1
38 2 5
38 3 9
38 4 3
38 5 7
38 6 3
38 7 7
38 8 3
38 9 7
38 10 2
38 11 8
38 12 5
38 13 6
38 14 6
38 15 6
38 16 3
38 17 4
38 18 8
38 19 3
38 20 5
38 21 7
38 22 9
38 23 8
38 24 6
38 25 5
38 26 9
38 27 8
38 28 3
38 29 1
38 30 7
38 31 6
38 32 2
38 33 4
38 34 1
38 35 3
38 36 7
38 37 5
39 0 6
39 1 5
39 2 6
39 3 7
39 4 6
39 5 7
39 6 3
39 7 1
39 8 6
39 9 9
39 10 3
39 11 6
39 12 1
39 13 7
39 14 7
39 15 5
39 16 8
39 17 8
39 18 8
39 19 1
39 20 9
39 21 5
39 22 8
39 23 7
39 24 9
39 25 5
39 26 9
39 27 3
39 28 5
39 29 5
39 30 7
39 31 8
39 32 1
39 33 8
39 34 4
39 35 4
39 36 3
39 37 5
39 38 8
