20
1 0 2
2 0 9
3 0 8
3 1 9
3 2 1
4 1 3
4 3 8
5 3 9
6 1 1
7 1 3
7 2 8
7 3 1
7 6 3
8 1 3
8 2 5
8 5 7
9 0 7
9 1 1
9 2 7
9 3 1
9 6 4
9 7 8
9 8 8
10 0 8
10 1 1
10 2 1
10 3 4
10 5 3
10 6 4
10 7 9
10 8 4
11 0 7
11 1 3
11 2 1
11 4 2
11 6 3
11 9 7
11 10 9
12 2 6
12 3 3
12 9 5
12 10 2
12 11 1
13 0 4
13 2 1
13 4 1
13 5 6
13 6 8
13 7 8
13 8 4
13 12 4
14 3 9
14 4 6
14 6 1
14 8 5
14 10 1
14 11 3
15 0 1
15 2 2
15 3 2
15 6 6
15 7 6
15 8 9
15 11 3
15 12 2
15 14 8
16 0 4
16 4 7
16 6 9
16 7 6
16 8 8
16 9 2
16 10 1
16 11 8
16 13 6
16 14 5
16 15 7
17 4 6
17 6 4
17 10 2
17 11 4
17 13 2
17 14 9
17 15 3
17 16 1
18 1 2
18 3 9
18 4 6
18 5 9
18 7 4
18 11 6
18 12 1
18 15 4
19 1 8
19 3 2
19 4 4
19 7 2
19 9 3
19 10 3
19 11 8
19 13 5
19 14 5
19 16 1
