20
1 0 3
2 0 8
2 1 5
3 0 1
3 1 5
3 2 5
4 0 6
4 1 1
4 2 8
4 3 1
5 0 3
5 1 8
5 2 5
5 3 8
5 4 3
6 0 7
6 1 6
6 2 6
6 3 3
6 4 7
6 5 4
7 0 8
7 1 2
7 2 3
7 3 3
7 4 7
7 5 6
7 6 7
8 0 8
8 1 8
8 2 1
8 3 4
8 4 8
8 5 7
8 6 7
8 7 4
9 0 3
9 1 5
9 2 5
9 3 7
9 4 5
9 5 6
9 6 1
9 7 6
9 8 5
10 0 8
10 1 3
10 2 5
10 3 2
10 4 8
10 5 7
10 6 1
10 7 6
10 8 4
10 9 1
11 0 8
11 1 8
11 2 1
11 3 7
11 4 8
11 5 7
11 6 3
11 7 3
11 8 3
11 9 7
11 10 2
12 0 6
12 1 1
12 2 8
12 3 2
12 4 5
12 5 8
12 6 1
12 7 6
12 8 8
12 9 6
12 10 7
12 11 4
13 0 2
13 1 8
13 2 5
13 3 3
13 4 4
13 5 6
13 6 2
13 7 1
13 8 8
13 9 3
13 10 1
13 11 3
13 12 5
14 0 5
14 1 5
14 2 8
14 3 7
14 4 7
14 5 1
14 6 3
14 7 1
14 8 1
14 9 1
14 10 8
14 11 6
14 12 1
14 13 8
15 0 1
15 1 5
15 2 3
15 3 1
15 4 5
15 5 6
15 6 7
15 7 4
15 8 4
15 9 5
15 10 2
15 11 8
15 12 3
15 13 1
15 14 8
16 0 4
16 1 3
16 2 4
16 3 6
16 4 1
16 5 5
16 6 6
16 7 6
16 8 7
16 9 3
16 10 7
16 11 8
16 12 2
16 13 5
16 14 6
16 15 1
17 0 2
17 1 8
17 2 7
17 3 4
17 4 8
17 5 8
17 6 8
17 7 1
17 8 4
17 9 3
17 10 6
17 11 6
17 12 6
17 13 7
17 14 1
17 15 1
17 16 6
18 0 2
18 1 8
18 2 4
18 3 3
18 4 8
18 5 2
18 6 4
18 7 7
18 8 7
18 9 3
18 10 3
18 11 3
18 12 1
18 13 5
18 14 4
18 15 2
18 16 2
18 17 2
19 0 2
19 1 2
19 2 5
19 3 7
19 4 5
19 5 4
19 6 2
19 7 5
19 8 5
19 9 2
19 10 6
19 11 8
19 12 4
19 13 1
19 14 7
19 15 5
19 16 6
19 17 8
19 18 1
