70
1 0 1
2 0 1
2 1 2
3 0 1
3 1 1
3 2 1
4 0 1
4 1 1
4 2 2
4 3 2
5 0 2
5 1 2
5 2 2
5 3 2
5 4 2
6 0 2
6 1 1
6 2 1
6 3 1
6 4 1
6 5 2
7 0 2
7 1 2
7 2 2
7 3 1
7 4 2
7 5 2
7 6 2
8 0 1
8 1 2
8 2 1
8 3 2
8 4 1
8 5 2
8 6 1
8 7 1
9 0 2
9 1 2
9 2 2
9 3 2
9 4 2
9 5 2
9 6 1
9 7 2
9 8 2
10 0 1
10 1 1
10 2 2
10 3 2
10 4 1
10 5 1
10 6 2
10 7 2
10 8 2
10 9 1
11 0 2
11 1 2
11 2 2
11 3 2
11 4 2
11 5 1
11 6 1
11 7 1
11 8 2
11 9 1
11 10 1
12 0 2
12 1 1
12 2 1
12 3 1
12 4 2
12 5 1
12 6 1
12 7 1
12 8 1
12 9 1
12 10 1
12 11 2
13 0 2
13 1 1
13 2 1
13 3 1
13 4 1
13 5 2
13 6 2
13 7 2
13 8 2
13 9 1
13 10 2
13 11 2
13 12 2
14 0 1
14 1 1
14 2 1
14 3 2
14 4 2
14 5 1
14 6 1
14 7 1
14 8 1
14 9 1
14 10 1
14 11 2
14 12 1
14 13 2
15 0 1
15 1 2
15 2 2
15 3 2
15 4 1
15 5 1
15 6 1
15 7 2
15 8 2
15 9 1
15 10 2
15 11 2
15 12 2
15 13 1
15 14 2
16 0 2
16 1 1
16 2 1
16 3 1
16 4 2
16 5 2
16 6 1
16 7 1
16 8 1
16 9 1
16 10 2
16 11 2
16 12 2
16 13 1
16 14 2
16 15 2
17 0 1
17 1 1
17 2 1
17 3 2
17 4 1
17 5 1
17 6 2
17 7 2
17 8 2
17 9 1
17 10 2
17 11 2
17 12 2
17 13 1
17 14 2
17 15 1
17 16 1
18 0 1
18 1 2
18 2 1
18 3 1
18 4 2
18 5 2
18 6 2
18 7 1
18 8 2
18 9 2
18 10 2
18 11 2
18 12 1
18 13 2
18 14 2
18 15 1
18 16 1
18 17 2
19 0 2
19 1 2
19 2 2
19 3 2
19 4 1
19 5 2
19 6 1
19 7 2
19 8 2
19 9 1
19 10 2
19 11 1
19 12 1
19 13 1
19 14 1
19 15 2
19 16 2
19 17 2
19 18 2
20 0 2
20 1 2
20 2 2
20 3 1
20 4 1
20 5 2
20 6 1
20 7 1
20 8 2
20 9 2
20 10 1
20 11 2
20 12 2
20 13 1
20 14 2
20 15 2
20 16 2
20 17 1
20 18 1
20 19 1
21 0 2
21 1 2
21 2 1
21 3 1
21 4 1
21 5 2
21 6 2
21 7 1
21 8 2
21 9 2
21 10 2
21 11 1
21 12 2
21 13 1
21 14 1
21 15 1
21 16 2
21 17 2
21 18 1
21 19 2
21 20 1
22 0 2
22 1 2
22 2 1
22 3 1
22 4 1
22 5 2
22 6 1
22 7 1
22 8 2
22 9 1
22 10 2
22 11 1
22 12 2
22 13 1
22 14 1
22 15 2
22 16 1
22 17 1
22 18 2
22 19 2
22 20 2
22 21 2
23 0 2
23 1 2
23 2 1
23 3 1
23 4 2
23 5 2
23 6 2
23 7 1
23 8 1
23 9 2
23 10 1
23 11 1
23 12 1
23 13 2
23 14 1
23 15 2
23 16 2
23 17 2
23 18 1
23 19 2
23 20 2
23 21 2
23 22 1
24 0 2
24 1 2
24 2 1
24 3 1
24 4 2
24 5 1
24 6 1
24 7 2
24 8 1
24 9 1
24 10 1
24 11 2
24 12 1
24 13 2
24 14 2
24 15 1
24 16 2
24 17 1
24 18 1
24 19 1
24 20 1
24 21 1
24 22 1
24 23 1
25 0 2
25 1 1
25 2 2
25 3 1
25 4 1
25 5 2
25 6 2
25 7 2
25 8 2
25 9 1
25 10 1
25 11 1
25 12 1
25 13 1
25 14 2
25 15 2
25 16 1
25 17 2
25 18 1
25 19 1
25 20 1
25 21 1
25 22 1
25 23 1
25 24 2
26 0 1
26 1 1
26 2 1
26 3 2
26 4 2
26 5 2
26 6 1
26 7 2
26 8 2
26 9 1
26 10 2
26 11 2
26 12 2
26 13 1
26 14 1
26 15 1
26 16 1
26 17 1
26 18 2
26 19 2
26 20 2
26 21 2
26 22 2
26 23 1
26 24 2
26 25 2
27 0 2
27 1 1
27 2 2
27 3 2
27 4 1
27 5 2
27 6 1
27 7 1
27 8 1
27 9 2
27 10 2
27 11 2
27 12 1
27 13 1
27 14 1
27 15 2
27 16 1
27 17 2
27 18 1
27 19 1
27 20 2
27 21 1
27 22 2
27 23 1
27 24 2
27 25 2
27 26 1
28 0 1
28 1 1
28 2 1
28 3 1
28 4 2
28 5 1
28 6 2
28 7 1
28 8 1
28 9 1
28 10 2
28 11 1
28 12 2
28 13 2
28 14 1
28 15 1
28 16 1
28 17 2
28 18 1
28 19 1
28 20 1
28 21 1
28 22 1
28 23 2
28 24 2
28 25 1
28 26 1
28 27 1
29 0 2
29 1 1
29 2 1
29 3 2
29 4 1
29 5 1
29 6 1
29 7 2
29 8 1
29 9 2
29 10 2
29 11 1
29 12 2
29 13 1
29 14 2
29 15 1
29 16 2
29 17 1
29 18 1
29 19 2
29 20 1
29 21 1
29 22 2
29 23 2
29 24 2
29 25 2
29 26 2
29 27 1
29 28 1
30 0 2
30 1 2
30 2 1
30 3 2
30 4 1
30 5 2
30 6 1
30 7 2
30 8 1
30 9 2
30 10 2
30 11 1
30 12 1
30 13 2
30 14 2
30 15 1
30 16 1
30 17 2
30 18 2
30 19 1
30 20 1
30 21 1
30 22 2
30 23 2
30 24 1
30 25 1
30 26 2
30 27 1
30 28 1
30 29 1
31 0 2
31 1 1
31 2 2
31 3 1
31 4 1
31 5 2
31 6 2
31 7 2
31 8 1
31 9 1
31 10 1
31 11 1
31 12 2
31 13 1
31 14 2
31 15 1
31 16 1
31 17 1
31 18 2
31 19 2
31 20 1
31 21 2
31 22 2
31 23 1
31 24 2
31 25 1
31 26 1
31 27 1
31 28 1
31 29 1
31 30 1
32 0 1
32 1 2
32 2 1
32 3 2
32 4 1
32 5 2
32 6 2
32 7 1
32 8 1
32 9 2
32 10 1
32 11 1
32 12 1
32 13 1
32 14 2
32 15 1
32 16 2
32 17 1
32 18 1
32 19 2
32 20 1
32 21 2
32 22 1
32 23 1
32 24 1
32 25 1
32 26 2
32 27 1
32 28 1
32 29 1
32 30 2
32 31 2
33 0 1
33 1 2
33 2 2
33 3 1
33 4 2
33 5 1
33 6 2
33 7 2
33 8 2
33 9 2
33 10 1
33 11 1
33 12 2
33 13 2
33 14 1
33 15 1
33 16 1
33 17 2
33 18 1
33 19 2
33 20 1
33 21 2
33 22 2
33 23 2
33 24 1
33 25 2
33 26 1
33 27 1
33 28 1
33 29 2
33 30 1
33 31 2
33 32 1
34 0 2
34 1 1
34 2 1
34 3 2
34 4 2
34 5 1
34 6 2
34 7 2
34 8 1
34 9 1
34 10 1
34 11 2
34 12 2
34 13 1
34 14 2
34 15 1
34 16 1
34 17 1
34 18 2
34 19 1
34 20 1
34 21 2
34 22 2
34 23 1
34 24 2
34 25 2
34 26 2
34 27 1
34 28 2
34 29 2
34 30 2
34 31 2
34 32 2
34 33 2
35 0 1
35 1 1
35 2 1
35 3 1
35 4 1
35 5 2
35 6 2
35 7 2
35 8 2
35 9 1
35 10 2
35 11 2
35 12 1
35 13 1
35 14 1
35 15 2
35 16 2
35 17 1
35 18 1
35 19 2
35 20 2
35 21 2
35 22 2
35 23 2
35 24 2
35 25 1
35 26 1
35 27 2
35 28 2
35 29 1
35 30 1
35 31 1
35 32 1
35 33 1
35 34 1
36 0 2
36 1 2
36 2 1
36 3 1
36 4 2
36 5 1
36 6 1
36 7 2
36 8 1
36 9 1
36 10 1
36 11 2
36 12 2
36 13 2
36 14 1
36 15 2
36 16 1
36 17 2
36 18 1
36 19 1
36 20 2
36 21 2
36 22 1
36 23 2
36 24 1
36 25 2
36 26 1
36 27 2
36 28 2
36 29 2
36 30 1
36 31 2
36 32 1
36 33 2
36 34 2
36 35 1
37 0 2
37 1 2
37 2 2
37 3 2
37 4 1
37 5 1
37 6 1
37 7 1
37 8 2
37 9 1
37 10 2
37 11 1
37 12 1
37 13 1
37 14 2
37 15 1
37 16 2
37 17 2
37 18 1
37 19 2
37 20 2
37 21 2
37 22 2
37 23 2
37 24 2
37 25 2
37 26 1
37 27 2
37 28 1
37 29 1
37 30 2
37 31 1
37 32 1
37 33 1
37 34 1
37 35 1
37 36 2
38 0 1
38 1 2
38 2 2
38 3 1
38 4 2
38 5 1
38 6 2
38 7 1
38 8 2
38 9 2
38 10 2
38 11 1
38 12 1
38 13 2
38 14 1
38 15 2
38 16 1
38 17 2
38 18 2
38 19 2
38 20 2
38 21 1
38 22 1
38 23 1
38 24 2
38 25 1
38 26 1
38 27 2
38 28 2
38 29 2
38 30 1
38 31 2
38 32 1
38 33 2
38 34 1
38 35 2
38 36 1
38 37 2
39 0 1
39 1 2
39 2 1
39 3 2
39 4 2
39 5 1
39 6 1
39 7 1
39 8 1
39 9 2
39 10 1
39 11 1
39 12 2
39 13 2
39 14 2
39 15 1
39 16 2
39 17 1
39 18 1
39 19 2
39 20 2
39 21 2
39 22 2
39 23 1
39 24 2
39 25 2
39 26 2
39 27 2
39 28 1
39 29 1
39 30 1
39 31 2
39 32 2
39 33 1
39 34 2
39 35 1
39 36 2
39 37 2
39 38 2
40 0 2
40 1 1
40 2 1
40 3 1
40 4 1
40 5 2
40 6 2
40 7 1
40 8 2
40 9 2
40 10 1
40 11 1
40 12 2
40 13 1
40 14 2
40 15 1
40 16 1
40 17 1
40 18 1
40 19 1
40 20 2
40 21 2
40 22 2
40 23 1
40 24 2
40 25 2
40 26 2
40 27 2
40 28 1
40 29 2
40 30 2
40 31 1
40 32 1
40 33 2
40 34 1
40 35 1
40 36 1
40 37 2
40 38 2
40 39 2
41 0 2
41 1 1
41 2 2
41 3 2
41 4 1
41 5 2
41 6 1
41 7 1
41 8 2
41 9 2
41 10 1
41 11 2
41 12 2
41 13 1
41 14 2
41 15 2
41 16 1
41 17 2
41 18 1
41 19 1
41 20 2
41 21 1
41 22 1
41 23 1
41 24 2
41 25 2
41 26 1
41 27 1
41 28 1
41 29 1
41 30 2
41 31 2
41 32 1
41 33 1
41 34 2
41 35 2
41 36 1
41 37 1
41 38 1
41 39 2
41 40 2
42 0 1
42 1 1
42 2 1
42 3 2
42 4 2
42 5 2
42 6 2
42 7 1
42 8 1
42 9 2
42 10 2
42 11 2
42 12 2
42 13 2
42 14 2
42 15 1
42 16 1
42 17 1
42 18 1
42 19 1
42 20 2
42 21 1
42 22 1
42 23 2
42 24 2
42 25 2
42 26 1
42 27 2
42 28 2
42 29 2
42 30 2
42 31 2
42 32 2
42 33 1
42 34 1
42 35 1
42 36 2
42 37 1
42 38 1
42 39 2
42 40 2
42 41 1
43 0 1
43 1 2
43 2 1
43 3 1
43 4 1
43 5 2
43 6 1
43 7 2
43 8 2
43 9 2
43 10 2
43 11 1
43 12 1
43 13 1
43 14 1
43 15 2
43 16 1
43 17 2
43 18 2
43 19 2
43 20 1
43 21 1
43 22 1
43 23 2
43 24 1
43 25 1
43 26 2
43 27 1
43 28 1
43 29 2
43 30 2
43 31 2
43 32 2
43 33 1
43 34 1
43 35 1
43 36 2
43 37 2
43 38 2
43 39 2
43 40 1
43 41 2
43 42 2
44 0 1
44 1 1
44 2 2
44 3 1
44 4 2
44 5 1
44 6 2
44 7 1
44 8 1
44 9 2
44 10 2
44 11 2
44 12 1
44 13 1
44 14 1
44 15 2
44 16 1
44 17 2
44 18 1
44 19 2
44 20 1
44 21 2
44 22 2
44 23 1
44 24 2
44 25 1
44 26 2
44 27 2
44 28 2
44 29 1
44 30 2
44 31 2
44 32 1
44 33 2
44 34 2
44 35 1
44 36 2
44 37 2
44 38 2
44 39 1
44 40 2
44 41 2
44 42 2
44 43 2
45 0 2
45 1 2
45 2 1
45 3 2
45 4 2
45 5 1
45 6 1
45 7 1
45 8 2
45 9 1
45 10 1
45 11 2
45 12 1
45 13 2
45 14 2
45 15 2
45 16 2
45 17 1
45 18 2
45 19 1
45 20 1
45 21 2
45 22 2
45 23 1
45 24 1
45 25 2
45 26 2
45 27 1
45 28 2
45 29 2
45 30 2
45 31 1
45 32 1
45 33 2
45 34 1
45 35 2
45 36 2
45 37 2
45 38 1
45 39 2
45 40 2
45 41 1
45 42 2
45 43 1
45 44 2
46 0 2
46 1 2
46 2 2
46 3 1
46 4 2
46 5 2
46 6 1
46 7 1
46 8 1
46 9 1
46 10 2
46 11 2
46 12 1
46 13 1
46 14 1
46 15 1
46 16 2
46 17 2
46 18 1
46 19 2
46 20 2
46 21 1
46 22 2
46 23 2
46 24 1
46 25 1
46 26 1
46 27 2
46 28 1
46 29 2
46 30 1
46 31 2
46 32 2
46 33 1
46 34 1
46 35 2
46 36 1
46 37 2
46 38 1
46 39 1
46 40 2
46 41 2
46 42 1
46 43 1
46 44 1
46 45 1
47 0 2
47 1 2
47 2 1
47 3 2
47 4 1
47 5 1
47 6 2
47 7 2
47 8 2
47 9 1
47 10 2
47 11 1
47 12 1
47 13 1
47 14 2
47 15 2
47 16 2
47 17 2
47 18 2
47 19 2
47 20 2
47 21 1
47 22 1
47 23 1
47 24 2
47 25 1
47 26 1
47 27 1
47 28 1
47 29 2
47 30 1
47 31 2
47 32 2
47 33 1
47 34 2
47 35 2
47 36 2
47 37 2
47 38 2
47 39 2
47 40 1
47 41 1
47 42 2
47 43 1
47 44 1
47 45 1
47 46 2
48 0 2
48 1 1
48 2 2
48 3 1
48 4 1
48 5 1
48 6 1
48 7 1
48 8 1
48 9 2
48 10 1
48 11 1
48 12 2
48 13 2
48 14 2
48 15 2
48 16 2
48 17 2
48 18 1
48 19 1
48 20 1
48 21 1
48 22 1
48 23 1
48 24 1
48 25 2
48 26 2
48 27 1
48 28 2
48 29 2
48 30 2
48 31 1
48 32 1
48 33 1
48 34 2
48 35 1
48 36 2
48 37 1
48 38 1
48 39 1
48 40 1
48 41 2
48 42 1
48 43 2
48 44 2
48 45 1
48 46 2
48 47 2
49 0 2
49 1 2
49 2 1
49 3 2
49 4 2
49 5 1
49 6 2
49 7 2
49 8 2
49 9 1
49 10 1
49 11 2
49 12 2
49 13 2
49 14 1
49 15 1
49 16 1
49 17 1
49 18 2
49 19 1
49 20 1
49 21 2
49 22 2
49 23 1
49 24 1
49 25 2
49 26 1
49 27 1
49 28 1
49 29 2
49 30 2
49 31 1
49 32 2
49 33 2
49 34 2
49 35 2
49 36 2
49 37 2
49 38 1
49 39 1
49 40 1
49 41 2
49 42 1
49 43 1
49 44 1
49 45 1
49 46 1
49 47 1
49 48 1
50 0 1
50 1 2
50 2 2
50 3 1
50 4 2
50 5 2
50 6 1
50 7 1
50 8 1
50 9 2
50 10 1
50 11 1
50 12 2
50 13 2
50 14 2
50 15 1
50 16 2
50 17 2
50 18 1
50 19 1
50 20 1
50 21 2
50 22 2
50 23 1
50 24 2
50 25 2
50 26 2
50 27 2
50 28 2
50 29 1
50 30 1
50 31 1
50 32 1
50 33 2
50 34 2
50 35 1
50 36 1
50 37 2
50 38 1
50 39 2
50 40 2
50 41 1
50 42 1
50 43 1
50 44 1
50 45 1
50 46 2
50 47 2
50 48 1
50 49 1
51 0 2
51 1 1
51 2 2
51 3 1
51 4 1
51 5 2
51 6 1
51 7 1
51 8 2
51 9 1
51 10 2
51 11 1
51 12 2
51 13 1
51 14 1
51 15 1
51 16 1
51 17 2
51 18 2
51 19 1
51 20 1
51 21 2
51 22 2
51 23 1
51 24 2
51 25 1
51 26 1
51 27 1
51 28 2
51 29 1
51 30 1
51 31 2
51 32 1
51 33 1
51 34 2
51 35 1
51 36 2
51 37 1
51 38 2
51 39 2
51 40 1
51 41 2
51 42 1
51 43 2
51 44 2
51 45 2
51 46 1
51 47 2
51 48 2
51 49 2
51 50 1
52 0 1
52 1 1
52 2 2
52 3 1
52 4 2
52 5 1
52 6 1
52 7 2
52 8 2
52 9 2
52 10 1
52 11 2
52 12 2
52 13 1
52 14 1
52 15 2
52 16 1
52 17 1
52 18 2
52 19 2
52 20 1
52 21 2
52 22 2
52 23 1
52 24 2
52 25 1
52 26 2
52 27 1
52 28 2
52 29 1
52 30 2
52 31 1
52 32 2
52 33 2
52 34 2
52 35 2
52 36 2
52 37 1
52 38 1
52 39 2
52 40 2
52 41 1
52 42 2
52 43 1
52 44 1
52 45 1
52 46 1
52 47 2
52 48 1
52 49 2
52 50 1
52 51 2
53 0 2
53 1 2
53 2 2
53 3 1
53 4 2
53 5 1
53 6 1
53 7 2
53 8 1
53 9 1
53 10 2
53 11 1
53 12 1
53 13 2
53 14 2
53 15 2
53 16 1
53 17 1
53 18 2
53 19 1
53 20 2
53 21 1
53 22 1
53 23 1
53 24 1
53 25 1
53 26 1
53 27 1
53 28 1
53 29 1
53 30 1
53 31 1
53 32 1
53 33 2
53 34 2
53 35 2
53 36 1
53 37 1
53 38 2
53 39 1
53 40 1
53 41 1
53 42 2
53 43 1
53 44 1
53 45 2
53 46 1
53 47 2
53 48 2
53 49 1
53 50 2
53 51 2
53 52 1
54 0 2
54 1 2
54 2 1
54 3 2
54 4 2
54 5 1
54 6 1
54 7 1
54 8 1
54 9 1
54 10 1
54 11 1
54 12 1
54 13 2
54 14 1
54 15 1
54 16 1
54 17 1
54 18 2
54 19 1
54 20 1
54 21 2
54 22 2
54 23 1
54 24 2
54 25 2
54 26 1
54 27 1
54 28 1
54 29 2
54 30 1
54 31 1
54 32 2
54 33 2
54 34 1
54 35 2
54 36 1
54 37 2
54 38 1
54 39 1
54 40 1
54 41 1
54 42 1
54 43 2
54 44 2
54 45 2
54 46 1
54 47 2
54 48 1
54 49 2
54 50 1
54 51 2
54 52 2
54 53 1
55 0 2
55 1 1
55 2 2
55 3 1
55 4 2
55 5 2
55 6 1
55 7 1
55 8 2
55 9 2
55 10 2
55 11 2
55 12 2
55 13 1
55 14 1
55 15 1
55 16 2
55 17 1
55 18 1
55 19 1
55 20 2
55 21 2
55 22 2
55 23 2
55 24 2
55 25 2
55 26 2
55 27 2
55 28 1
55 29 2
55 30 2
55 31 1
55 32 2
55 33 2
55 34 1
55 35 1
55 36 2
55 37 2
55 38 2
55 39 1
55 40 2
55 41 2
55 42 1
55 43 2
55 44 2
55 45 2
55 46 2
55 47 2
55 48 2
55 49 2
55 50 2
55 51 1
55 52 1
55 53 2
55 54 1
56 0 1
56 1 1
56 2 2
56 3 1
56 4 2
56 5 2
56 6 2
56 7 2
56 8 2
56 9 2
56 10 2
56 11 2
56 12 1
56 13 1
56 14 1
56 15 1
56 16 2
56 17 1
56 18 1
56 19 1
56 20 1
56 21 2
56 22 2
56 23 2
56 24 2
56 25 1
56 26 2
56 27 2
56 28 2
56 29 2
56 30 2
56 31 2
56 32 2
56 33 2
56 34 1
56 35 1
56 36 1
56 37 2
56 38 1
56 39 1
56 40 1
56 41 2
56 42 2
56 43 2
56 44 2
56 45 2
56 46 2
56 47 2
56 48 2
56 49 2
56 50 2
56 51 1
56 52 2
56 53 1
56 54 1
56 55 2
57 0 2
57 1 2
57 2 1
57 3 1
57 4 1
57 5 2
57 6 2
57 7 2
57 8 1
57 9 1
57 10 1
57 11 1
57 12 2
57 13 2
57 14 2
57 15 1
57 16 1
57 17 2
57 18 2
57 19 2
57 20 1
57 21 1
57 22 2
57 23 2
57 24 2
57 25 1
57 26 2
57 27 1
57 28 1
57 29 2
57 30 2
57 31 2
57 32 1
57 33 2
57 34 2
57 35 1
57 36 2
57 37 1
57 38 2
57 39 2
57 40 1
57 41 1
57 42 1
57 43 1
57 44 1
57 45 2
57 46 1
57 47 1
57 48 1
57 49 1
57 50 2
57 51 1
57 52 2
57 53 1
57 54 1
57 55 2
57 56 2
58 0 1
58 1 1
58 2 1
58 3 2
58 4 2
58 5 1
58 6 1
58 7 2
58 8 1
58 9 2
58 10 1
58 11 1
58 12 1
58 13 2
58 14 2
58 15 2
58 16 2
58 17 1
58 18 1
58 19 2
58 20 2
58 21 1
58 22 2
58 23 1
58 24 2
58 25 1
58 26 2
58 27 2
58 28 2
58 29 1
58 30 2
58 31 1
58 32 2
58 33 1
58 34 1
58 35 2
58 36 2
58 37 1
58 38 2
58 39 2
58 40 1
58 41 2
58 42 2
58 43 1
58 44 2
58 45 2
58 46 1
58 47 2
58 48 2
58 49 1
58 50 2
58 51 1
58 52 2
58 53 2
58 54 2
58 55 2
58 56 1
58 57 1
59 0 2
59 1 2
59 2 2
59 3 1
59 4 1
59 5 1
59 6 2
59 7 2
59 8 1
59 9 2
59 10 1
59 11 2
59 12 2
59 13 1
59 14 1
59 15 1
59 16 2
59 17 1
59 18 2
59 19 2
59 20 2
59 21 2
59 22 1
59 23 1
59 24 1
59 25 2
59 26 2
59 27 1
59 28 2
59 29 1
59 30 2
59 31 2
59 32 2
59 33 1
59 34 2
59 35 1
59 36 2
59 37 2
59 38 2
59 39 1
59 40 1
59 41 2
59 42 1
59 43 1
59 44 1
59 45 2
59 46 1
59 47 2
59 48 1
59 49 2
59 50 1
59 51 1
59 52 1
59 53 1
59 54 1
59 55 2
59 56 1
59 57 2
59 58 2
60 0 1
60 1 1
60 2 1
60 3 1
60 4 1
60 5 2
60 6 2
60 7 1
60 8 1
60 9 1
60 10 1
60 11 2
60 12 2
60 13 2
60 14 2
60 15 1
60 16 1
60 17 1
60 18 2
60 19 2
60 20 2
60 21 2
60 22 2
60 23 2
60 24 1
60 25 1
60 26 2
60 27 1
60 28 2
60 29 2
60 30 1
60 31 2
60 32 1
60 33 1
60 34 2
60 35 1
60 36 1
60 37 1
60 38 1
60 39 2
60 40 1
60 41 1
60 42 1
60 43 1
60 44 2
60 45 1
60 46 2
60 47 1
60 48 1
60 49 2
60 50 2
60 51 1
60 52 1
60 53 1
60 54 1
60 55 1
60 56 2
60 57 1
60 58 2
60 59 1
61 0 1
61 1 2
61 2 2
61 3 1
61 4 1
61 5 2
61 6 2
61 7 1
61 8 2
61 9 2
61 10 1
61 11 1
61 12 1
61 13 1
61 14 2
61 15 1
61 16 1
61 17 1
61 18 1
61 19 2
61 20 2
61 21 1
61 22 2
61 23 2
61 24 2
61 25 2
61 26 2
61 27 1
61 28 2
61 29 2
61 30 2
61 31 2
61 32 2
61 33 1
61 34 2
61 35 1
61 36 1
61 37 2
61 38 2
61 39 2
61 40 1
61 41 2
61 42 2
61 43 2
61 44 2
61 45 1
61 46 2
61 47 1
61 48 1
61 49 2
61 50 2
61 51 1
61 52 2
61 53 1
61 54 1
61 55 2
61 56 1
61 57 2
61 58 1
61 59 1
61 60 1
62 0 1
62 1 1
62 2 2
62 3 1
62 4 1
62 5 2
62 6 2
62 7 1
62 8 1
62 9 1
62 10 1
62 11 2
62 12 2
62 13 1
62 14 2
62 15 1
62 16 1
62 17 1
62 18 2
62 19 2
62 20 2
62 21 1
62 22 1
62 23 2
62 24 1
62 25 2
62 26 2
62 27 2
62 28 1
62 29 2
62 30 2
62 31 2
62 32 2
62 33 2
62 34 2
62 35 1
62 36 1
62 37 2
62 38 1
62 39 2
62 40 2
62 41 1
62 42 1
62 43 2
62 44 2
62 45 2
62 46 1
62 47 2
62 48 1
62 49 2
62 50 2
62 51 2
62 52 2
62 53 1
62 54 2
62 55 2
62 56 1
62 57 1
62 58 2
62 59 2
62 60 2
62 61 1
63 0 2
63 1 2
63 2 2
63 3 2
63 4 1
63 5 2
63 6 1
63 7 2
63 8 1
63 9 1
63 10 2
63 11 2
63 12 2
63 13 1
63 14 1
63 15 1
63 16 1
63 17 2
63 18 2
63 19 2
63 20 2
63 21 1
63 22 2
63 23 2
63 24 2
63 25 2
63 26 2
63 27 1
63 28 1
63 29 1
63 30 2
63 31 2
63 32 1
63 33 2
63 34 1
63 35 1
63 36 2
63 37 2
63 38 2
63 39 2
63 40 1
63 41 1
63 42 2
63 43 2
63 44 2
63 45 2
63 46 1
63 47 2
63 48 1
63 49 2
63 50 2
63 51 2
63 52 1
63 53 2
63 54 1
63 55 1
63 56 1
63 57 1
63 58 2
63 59 2
63 60 1
63 61 2
63 62 2
64 0 1
64 1 1
64 2 2
64 3 2
64 4 1
64 5 1
64 6 1
64 7 1
64 8 2
64 9 1
64 10 2
64 11 1
64 12 2
64 13 1
64 14 2
64 15 2
64 16 2
64 17 2
64 18 1
64 19 2
64 20 1
64 21 2
64 22 1
64 23 2
64 24 1
64 25 1
64 26 1
64 27 1
64 28 1
64 29 1
64 30 1
64 31 2
64 32 1
64 33 1
64 34 1
64 35 1
64 36 2
64 37 1
64 38 2
64 39 2
64 40 1
64 41 2
64 42 2
64 43 1
64 44 1
64 45 2
64 46 2
64 47 1
64 48 2
64 49 2
64 50 1
64 51 1
64 52 2
64 53 1
64 54 1
64 55 1
64 56 1
64 57 1
64 58 1
64 59 1
64 60 1
64 61 2
64 62 1
64 63 1
65 0 1
65 1 1
65 2 1
65 3 1
65 4 1
65 5 2
65 6 2
65 7 1
65 8 1
65 9 1
65 10 1
65 11 1
65 12 2
65 13 2
65 14 2
65 15 1
65 16 1
65 17 2
65 18 2
65 19 2
65 20 2
65 21 2
65 22 2
65 23 1
65 24 1
65 25 2
65 26 1
65 27 2
65 28 2
65 29 1
65 30 2
65 31 2
65 32 2
65 33 1
65 34 1
65 35 2
65 36 2
65 37 2
65 38 2
65 39 1
65 40 1
65 41 1
65 42 1
65 43 2
65 44 1
65 45 2
65 46 2
65 47 2
65 48 1
65 49 2
65 50 2
65 51 1
65 52 1
65 53 2
65 54 2
65 55 1
65 56 2
65 57 2
65 58 2
65 59 2
65 60 2
65 61 1
65 62 1
65 63 2
65 64 1
66 0 1
66 1 2
66 2 1
66 3 1
66 4 2
66 5 2
66 6 1
66 7 1
66 8 1
66 9 1
66 10 1
66 11 1
66 12 1
66 13 2
66 14 2
66 15 1
66 16 2
66 17 2
66 18 1
66 19 1
66 20 1
66 21 2
66 22 1
66 23 2
66 24 2
66 25 1
66 26 1
66 27 2
66 28 1
66 29 2
66 30 2
66 31 1
66 32 2
66 33 2
66 34 1
66 35 1
66 36 2
66 37 1
66 38 2
66 39 2
66 40 2
66 41 1
66 42 1
66 43 2
66 44 2
66 45 1
66 46 2
66 47 1
66 48 2
66 49 2
66 50 2
66 51 1
66 52 2
66 53 2
66 54 1
66 55 1
66 56 1
66 57 1
66 58 1
66 59 1
66 60 2
66 61 1
66 62 1
66 63 1
66 64 2
66 65 1
67 0 1
67 1 2
67 2 2
67 3 2
67 4 1
67 5 1
67 6 2
67 7 1
67 8 2
67 9 1
67 10 2
67 11 2
67 12 2
67 13 2
67 14 2
67 15 2
67 16 1
67 17 1
67 18 2
67 19 1
67 20 2
67 21 2
67 22 1
67 23 1
67 24 2
67 25 2
67 26 2
67 27 1
67 28 1
67 29 2
67 30 1
67 31 1
67 32 2
67 33 1
67 34 1
67 35 2
67 36 1
67 37 2
67 38 1
67 39 2
67 40 1
67 41 1
67 42 1
67 43 2
67 44 1
67 45 1
67 46 2
67 47 2
67 48 2
67 49 2
67 50 1
67 51 1
67 52 2
67 53 2
67 54 2
67 55 2
67 56 2
67 57 2
67 58 2
67 59 1
67 60 1
67 61 2
67 62 2
67 63 1
67 64 1
67 65 2
67 66 2
68 0 2
68 1 2
68 2 2
68 3 1
68 4 2
68 5 1
68 6 2
68 7 2
68 8 2
68 9 2
68 10 1
68 11 2
68 12 1
68 13 1
68 14 2
68 15 1
68 16 1
68 17 2
68 18 2
68 19 1
68 20 1
68 21 1
68 22 2
68 23 2
68 24 1
68 25 1
68 26 1
68 27 2
68 28 1
68 29 2
68 30 2
68 31 1
68 32 2
68 33 2
68 34 1
68 35 1
68 36 1
68 37 2
68 38 2
68 39 1
68 40 1
68 41 1
68 42 1
68 43 1
68 44 1
68 45 1
68 46 1
68 47 1
68 48 1
68 49 1
68 50 2
68 51 2
68 52 1
68 53 1
68 54 2
68 55 2
68 56 1
68 57 1
68 58 1
68 59 2
68 60 2
68 61 1
68 62 1
68 63 1
68 64 2
68 65 2
68 66 2
68 67 1
69 0 2
69 1 1
69 2 2
69 3 2
69 4 2
69 5 1
69 6 1
69 7 1
69 8 1
69 9 1
69 10 1
69 11 1
69 12 2
69 13 2
69 14 2
69 15 2
69 16 1
69 17 1
69 18 2
69 19 1
69 20 2
69 21 1
69 22 2
69 23 1
69 24 2
69 25 2
69 26 2
69 27 1
69 28 1
69 29 2
69 30 1
69 31 1
69 32 1
69 33 2
69 34 2
69 35 1
69 36 2
69 37 1
69 38 1
69 39 2
69 40 1
69 41 2
69 42 1
69 43 1
69 44 1
69 45 2
69 46 1
69 47 2
69 48 2
69 49 2
69 50 1
69 51 2
69 52 2
69 53 2
69 54 2
69 55 1
69 56 2
69 57 2
69 58 1
69 59 1
69 60 2
69 61 2
69 62 2
69 63 1
69 64 1
69 65 1
69 66 2
69 67 2
69 68 1
