60
2 0 1
3 0 2
3 1 2
3 2 1
4 0 2
4 1 2
4 2 1
5 3 2
5 4 1
6 1 1
6 2 1
6 5 2
7 2 1
7 5 1
7 6 2
8 0 1
8 1 1
8 2 1
8 3 2
8 4 1
8 6 2
9 1 2
9 3 2
9 4 2
9 5 2
9 8 2
10 0 1
10 1 1
10 2 1
10 3 1
10 5 1
10 9 1
11 1 2
11 3 1
11 7 1
11 8 1
11 9 2
12 1 2
12 5 2
12 9 1
13 2 2
13 3 2
13 4 2
13 5 1
13 7 2
13 8 2
13 9 2
13 11 2
14 2 1
14 3 1
14 5 2
14 7 2
14 11 1
14 12 2
15 0 2
15 2 2
15 4 1
15 9 1
15 10 2
15 11 1
16 4 1
16 9 2
16 14 1
16 15 2
17 3 2
17 5 2
17 7 1
17 12 2
17 13 2
17 15 1
17 16 2
18 0 2
18 1 1
18 2 1
18 11 1
18 12 1
18 13 2
18 14 1
18 15 1
18 17 2
19 0 2
19 6 2
19 7 2
19 8 1
19 9 2
19 13 1
19 17 2
19 18 2
20 2 1
20 3 1
20 4 1
20 7 2
20 9 2
20 11 2
20 13 2
20 16 1
20 19 1
21 3 2
21 4 1
21 6 2
21 7 2
21 10 1
21 11 2
21 12 1
21 13 2
21 15 1
21 19 2
22 1 1
22 4 1
22 5 2
22 6 2
22 7 2
22 9 2
22 10 1
22 12 2
22 14 1
22 16 1
22 17 2
22 19 1
22 21 2
23 3 2
23 4 1
23 7 2
23 10 2
23 11 2
23 12 1
23 13 2
23 15 2
23 17 1
23 21 2
24 3 2
24 6 1
24 7 2
24 8 1
24 14 2
24 15 2
24 16 1
24 17 1
24 21 2
24 22 2
24 23 1
25 1 1
25 2 1
25 7 2
25 8 1
25 10 2
25 14 1
25 16 1
25 21 1
26 6 2
26 11 2
26 12 1
26 14 1
26 15 1
26 16 2
26 17 2
26 19 1
26 22 2
26 25 1
27 0 2
27 2 2
27 4 1
27 6 1
27 7 1
27 8 2
27 12 1
27 13 2
27 14 2
27 15 2
27 17 2
27 18 2
27 20 2
27 21 2
27 22 2
27 24 1
28 3 1
28 4 1
28 5 2
28 8 2
28 10 2
28 11 1
28 13 1
28 21 2
28 25 1
29 0 2
29 3 1
29 6 2
29 7 2
29 13 1
29 14 1
29 15 1
29 17 2
29 21 1
29 24 1
29 26 1
30 0 1
30 2 2
30 3 1
30 4 1
30 5 2
30 8 1
30 9 1
30 11 2
30 12 1
30 14 1
30 15 2
30 16 2
30 17 1
30 21 2
30 22 1
30 23 1
30 24 2
31 0 1
31 1 2
31 2 1
31 4 2
31 5 1
31 6 2
31 7 1
31 10 1
31 11 2
31 13 2
31 14 2
31 15 2
31 16 2
31 17 2
31 20 2
31 21 2
31 22 2
31 24 1
31 25 2
31 30 1
32 0 2
32 1 2
32 2 1
32 3 2
32 7 2
32 11 1
32 18 1
32 19 1
32 20 1
32 22 1
32 23 1
32 25 1
32 26 2
32 27 1
32 28 2
32 30 1
33 0 1
33 4 2
33 6 1
33 8 2
33 9 1
33 10 1
33 11 2
33 14 2
33 16 1
33 19 2
33 20 2
33 21 2
33 26 1
33 29 1
33 30 2
34 0 2
34 2 1
34 6 2
34 8 1
34 10 1
34 12 1
34 13 2
34 16 1
34 18 1
34 22 1
34 25 2
34 27 2
34 31 1
34 32 1
34 33 2
35 0 2
35 2 2
35 4 2
35 9 1
35 11 2
35 13 2
35 16 1
35 17 2
35 18 1
35 19 2
35 22 1
35 23 1
35 24 1
35 25 1
35 27 1
35 32 1
35 33 2
36 1 1
36 4 2
36 7 1
36 13 1
36 15 2
36 16 2
36 17 2
36 18 1
36 20 2
36 27 2
36 32 2
36 33 2
36 34 2
36 35 2
37 2 1
37 3 2
37 5 1
37 6 1
37 7 1
37 9 1
37 10 2
37 11 1
37 12 2
37 19 1
37 21 2
37 23 1
37 24 2
37 27 1
37 30 2
37 31 1
37 32 1
37 34 1
37 35 1
37 36 2
38 0 1
38 1 2
38 2 1
38 3 2
38 4 2
38 5 1
38 6 1
38 9 1
38 13 2
38 14 2
38 16 2
38 18 2
38 21 1
38 22 2
38 23 1
38 24 2
38 27 2
38 28 2
38 31 1
38 32 1
38 33 1
38 34 2
38 37 1
39 2 2
39 4 2
39 6 1
39 9 1
39 10 1
39 11 1
39 12 2
39 15 1
39 16 1
39 17 2
39 22 2
39 23 1
39 24 1
39 25 1
39 27 1
39 28 1
39 31 1
39 33 2
39 34 2
39 36 1
39 37 1
39 38 1
40 0 1
40 3 2
40 4 1
40 6 1
40 7 1
40 9 1
40 11 2
40 13 2
40 15 2
40 17 1
40 18 1
40 23 2
40 26 1
40 29 2
40 32 2
40 34 1
40 35 2
40 36 1
40 37 1
41 4 2
41 7 2
41 8 1
41 13 1
41 16 1
41 22 2
41 23 2
41 24 2
41 27 2
41 28 1
41 30 1
41 33 1
41 35 1
41 39 2
42 1 1
42 3 1
42 4 1
42 8 2
42 9 2
42 11 2
42 13 1
42 14 2
42 19 2
42 22 2
42 23 1
42 26 2
42 27 1
42 28 1
42 30 1
42 31 1
42 32 1
42 39 1
42 41 2
43 4 1
43 5 2
43 6 1
43 9 1
43 10 1
43 11 2
43 12 1
43 13 1
43 14 2
43 16 2
43 18 2
43 23 2
43 25 2
43 26 2
43 30 2
43 31 2
43 34 2
43 35 2
43 36 1
44 1 2
44 2 1
44 5 2
44 8 2
44 9 1
44 11 1
44 12 2
44 14 1
44 17 2
44 18 1
44 19 1
44 20 1
44 21 2
44 23 1
44 24 2
44 30 2
44 31 1
44 33 1
44 34 2
44 37 2
44 39 1
44 41 2
44 43 2
45 1 2
45 7 1
45 9 1
45 13 1
45 15 2
45 16 1
45 17 1
45 21 1
45 22 2
45 25 1
45 28 1
45 29 2
45 30 2
45 40 1
45 42 2
45 43 2
45 44 1
46 3 1
46 5 1
46 7 1
46 8 1
46 13 2
46 16 1
46 17 1
46 18 1
46 21 2
46 24 1
46 26 1
46 30 2
46 31 2
46 32 2
46 35 1
46 36 1
46 37 2
46 38 1
46 43 1
46 44 1
47 0 2
47 2 2
47 5 1
47 6 2
47 10 2
47 13 2
47 16 2
47 18 1
47 20 1
47 21 1
47 22 1
47 23 1
47 25 1
47 26 1
47 28 2
47 29 2
47 35 1
47 37 1
47 39 1
47 42 2
47 44 2
47 46 1
48 0 1
48 1 1
48 3 2
48 5 2
48 6 2
48 9 1
48 11 1
48 12 2
48 13 1
48 15 2
48 16 1
48 18 1
48 19 2
48 20 2
48 21 2
48 24 1
48 25 1
48 27 2
48 28 2
48 30 2
48 31 2
48 33 1
48 36 2
48 38 1
48 39 2
48 40 1
48 42 2
48 44 1
48 46 2
48 47 2
49 2 1
49 3 2
49 6 1
49 7 1
49 9 2
49 11 2
49 12 1
49 14 2
49 15 2
49 16 2
49 17 2
49 19 1
49 20 1
49 22 2
49 25 1
49 30 2
49 31 2
49 33 1
49 35 1
49 36 1
49 37 1
49 42 1
49 44 2
49 45 2
49 46 1
50 0 1
50 2 1
50 3 2
50 4 2
50 7 1
50 9 2
50 12 2
50 13 2
50 14 1
50 16 1
50 22 1
50 24 2
50 26 2
50 29 2
50 30 1
50 31 1
50 32 2
50 34 2
50 37 2
50 41 2
50 44 1
50 47 1
51 0 1
51 6 1
51 8 2
51 11 1
51 12 2
51 16 1
51 23 2
51 25 1
51 26 2
51 27 1
51 28 1
51 31 1
51 32 1
51 34 1
51 35 2
51 36 1
51 37 2
51 39 2
51 41 2
51 42 1
52 1 2
52 2 2
52 6 2
52 7 2
52 8 1
52 9 1
52 11 1
52 14 1
52 15 1
52 20 2
52 21 2
52 22 1
52 24 1
52 26 1
52 28 2
52 29 1
52 30 1
52 33 2
52 38 1
52 40 1
52 46 2
52 49 1
52 50 1
53 0 2
53 1 2
53 2 1
53 3 2
53 5 1
53 7 1
53 9 2
53 10 1
53 16 2
53 17 1
53 18 1
53 19 1
53 21 2
53 22 1
53 23 1
53 29 1
53 30 2
53 32 2
53 33 1
53 34 2
53 35 1
53 39 2
53 41 2
53 45 2
53 46 2
53 47 1
53 49 2
53 51 2
53 52 2
54 10 2
54 12 1
54 14 2
54 16 2
54 17 2
54 19 2
54 21 1
54 22 1
54 24 2
54 25 1
54 26 1
54 30 1
54 31 2
54 33 2
54 36 1
54 37 2
54 38 2
54 39 2
54 40 1
54 43 2
54 45 1
54 48 2
54 49 2
54 52 2
55 3 1
55 4 1
55 5 2
55 7 2
55 8 1
55 10 2
55 11 2
55 14 1
55 15 1
55 16 1
55 19 2
55 20 1
55 21 1
55 22 1
55 23 1
55 27 2
55 28 1
55 29 2
55 30 1
55 31 1
55 35 1
55 44 2
55 45 1
55 46 1
55 48 1
55 50 2
56 0 2
56 1 1
56 3 1
56 4 1
56 5 1
56 6 2
56 9 1
56 13 1
56 15 1
56 16 2
56 17 1
56 18 1
56 19 1
56 21 1
56 22 1
56 23 2
56 24 2
56 25 2
56 28 2
56 32 1
56 35 2
56 37 2
56 38 2
56 41 2
56 42 1
56 44 2
56 45 1
56 46 2
56 47 2
56 50 2
57 0 2
57 1 2
57 3 2
57 6 2
57 7 2
57 23 2
57 25 2
57 26 2
57 29 1
57 33 1
57 35 2
57 41 2
57 42 1
57 43 2
57 45 2
57 48 1
57 52 1
57 53 2
57 54 2
57 55 1
58 3 1
58 4 2
58 6 1
58 7 1
58 11 2
58 14 1
58 15 2
58 16 2
58 22 1
58 25 2
58 28 1
58 30 2
58 31 2
58 33 2
58 35 1
58 36 1
58 41 1
58 43 2
58 45 1
58 46 2
58 48 2
58 50 1
58 53 1
58 54 1
58 55 1
58 56 2
58 57 2
59 0 2
59 3 2
59 5 2
59 7 2
59 8 1
59 10 1
59 14 2
59 15 2
59 16 2
59 17 2
59 18 2
59 28 1
59 31 1
59 32 1
59 33 2
59 39 1
59 40 1
59 41 2
59 42 1
59 44 1
59 46 2
59 49 2
59 54 1
59 55 1
