30
1 0 4
2 0 4
2 1 4
3 0 4
3 1 4
3 2 3
4 0 1
4 1 2
4 2 5
4 3 1
5 0 2
5 1 3
5 2 4
5 3 1
5 4 5
6 0 3
6 1 2
6 2 5
6 3 1
6 4 3
6 5 1
7 0 5
7 1 4
7 2 3
7 3 2
7 4 4
7 5 2
7 6 2
8 0 1
8 1 5
8 2 4
8 3 2
8 4 3
8 5 2
8 6 1
8 7 3
9 0 3
9 1 3
9 2 3
9 3 5
9 4 2
9 5 3
9 6 4
9 7 3
9 8 4
10 0 1
10 1 1
10 2 4
10 3 4
10 4 5
10 5 4
10 6 5
10 7 2
10 8 4
10 9 5
11 0 4
11 1 2
11 2 4
11 3 2
11 4 1
11 5 5
11 6 2
11 7 2
11 8 5
11 9 3
11 10 3
12 0 4
12 1 1
12 2 3
12 3 4
12 4 2
12 5 1
12 6 4
12 7 3
12 8 4
12 9 2
12 10 5
12 11 4
13 0 5
13 1 2
13 2 3
13 3 4
13 4 3
13 5 5
13 6 3
13 7 5
13 8 2
13 9 3
13 10 2
13 11 2
13 12 4
14 0 5
14 1 5
14 2 5
14 3 4
14 4 5
14 5 4
14 6 4
14 7 4
14 8 3
14 9 3
14 10 4
14 11 3
14 12 5
14 13 3
15 0 5
15 1 4
15 2 4
15 3 1
15 4 5
15 5 5
15 6 2
15 7 4
15 8 1
15 9 3
15 10 1
15 11 3
15 12 4
15 13 3
15 14 3
16 0 5
16 1 3
16 2 5
16 3 3
16 4 5
16 5 3
16 6 1
16 7 2
16 8 3
16 9 3
16 10 4
16 11 4
16 12 1
16 13 1
16 14 1
16 15 1
17 0 3
17 1 2
17 2 2
17 3 1
17 4 3
17 5 4
17 6 5
17 7 5
17 8 3
17 9 3
17 10 3
17 11 4
17 12 4
17 13 5
17 14 4
17 15 4
17 16 5
18 0 2
18 1 4
18 2 4
18 3 3
18 4 1
18 5 3
18 6 3
18 7 2
18 8 1
18 9 3
18 10 4
18 11 1
18 12 4
18 13 4
18 14 5
18 15 4
18 16 1
18 17 5
19 0 2
19 1 5
19 2 2
19 3 1
19 4 5
19 5 2
19 6 3
19 7 2
19 8 5
19 9 3
19 10 1
19 11 4
19 12 4
19 13 1
19 14 5
19 15 4
19 16 3
19 17 3
19 18 4
20 0 4
20 1 5
20 2 3
20 3 2
20 4 5
20 5 4
20 6 4
20 7 4
20 8 5
20 9 4
20 10 4
20 11 2
20 12 4
20 13 3
20 14 5
20 15 2
20 16 1
20 17 3
20 18 4
20 19 1
21 0 2
21 1 4
21 2 5
21 3 1
21 4 5
21 5 1
21 6 2
21 7 5
21 8 5
21 9 3
21 10 2
21 11 2
21 12 5
21 13 4
21 14 3
21 15 1
21 16 1
21 17 3
21 18 1
21 19 3
21 20 5
22 0 4
22 1 1
22 2 3
22 3 5
22 4 4
22 5 3
22 6 5
22 7 4
22 8 5
22 9 1
22 10 3
22 11 3
22 12 5
22 13 4
22 14 3
22 15 1
22 16 5
22 17 4
22 18 2
22 19 3
22 20 2
22 21 4
23 0 3
23 1 3
23 2 1
23 3 5
23 4 5
23 5 3
23 6 5
23 7 3
23 8 4
23 9 4
23 10 5
23 11 5
23 12 3
23 13 5
23 14 5
23 15 2
23 16 5
23 17 3
23 18 4
23 19 3
23 20 2
23 21 4
23 22 5
24 0 2
24 1 4
24 2 2
24 3 5
24 4 2
24 5 4
24 6 4
24 7 5
24 8 4
24 9 3
24 10 2
24 11 4
24 12 2
24 13 1
24 14 2
24 15 5
24 16 3
24 17 1
24 18 5
24 19 5
24 20 5
24 21 3
24 22 1
24 23 4
25 0 1
25 1 1
25 2 4
25 3 1
25 4 4
25 5 1
25 6 5
25 7 1
25 8 5
25 9 3
25 10 4
25 11 1
25 12 5
25 13 3
25 14 4
25 15 3
25 16 3
25 17 5
25 18 3
25 19 1
25 20 1
25 21 2
25 22 3
25 23 5
25 24 4
26 0 4
26 1 1
26 2 3
26 3 3
26 4 1
26 5 4
26 6 1
26 7 5
26 8 3
26 9 3
26 10 1
26 11 3
26 12 3
26 13 3
26 14 2
26 15 2
26 16 5
26 17 2
26 18 4
26 19 2
26 20 2
26 21 1
26 22 4
26 23 1
26 24 2
26 25 3
27 0 4
27 1 5
27 2 1
27 3 4
27 4 4
27 5 5
27 6 5
27 7 3
27 8 4
27 9 5
27 10 1
27 11 3
27 12 3
27 13 5
27 14 1
27 15 3
27 16 1
27 17 1
27 18 3
27 19 2
27 20 2
27 21 3
27 22 5
27 23 4
27 24 2
27 25 2
27 26 1
28 0 3
28 1 4
28 2 2
28 3 4
28 4 3
28 5 4
28 6 4
28 7 5
28 8 5
28 9 1
28 10 3
28 11 4
28 12 3
28 13 5
28 14 3
28 15 5
28 16 5
28 17 4
28 18 4
28 19 4
28 20 2
28 21 3
28 22 5
28 23 4
28 24 3
28 25 5
28 26 1
28 27 1
29 0 2
29 1 4
29 2 3
29 3 1
29 4 3
29 5 1
29 6 3
29 7 3
29 8 1
29 9 5
29 10 2
29 11 5
29 12 2
29 13 1
29 14 5
29 15 4
29 16 1
29 17 4
29 18 3
29 19 1
29 20 2
29 21 5
29 22 4
29 23 4
29 24 1
29 25 4
29 26 4
29 27 1
29 28 4
