40
1 0 5
2 0 2
2 1 4
3 0 6
3 1 5
3 2 1
4 0 1
4 1 3
4 2 4
4 3 2
5 0 4
5 1 4
5 2 3
5 3 5
5 4 1
6 0 3
6 1 6
6 2 1
6 3 1
6 4 5
6 5 5
7 0 6
7 1 5
7 2 3
7 3 5
7 4 6
7 5 6
7 6 6
8 0 3
8 1 3
8 2 2
8 3 6
8 4 5
8 5 1
8 6 3
8 7 2
9 0 6
9 1 1
9 2 1
9 3 5
9 4 2
9 5 2
9 6 5
9 7 5
9 8 1
10 0 3
10 1 3
10 2 3
10 3 3
10 4 4
10 5 4
10 6 2
10 7 4
10 8 3
10 9 5
11 0 1
11 1 3
11 2 4
11 3 5
11 4 4
11 5 1
11 6 1
11 7 6
11 8 2
11 9 4
11 10 5
12 0 5
12 1 6
12 2 3
12 3 6
12 4 1
12 5 3
12 6 4
12 7 2
12 8 2
12 9 2
12 10 4
12 11 4
13 0 2
13 1 1
13 2 4
13 3 5
13 4 1
13 5 5
13 6 6
13 7 6
13 8 1
13 9 1
13 10 3
13 11 2
13 12 2
14 0 2
14 1 4
14 2 6
14 3 1
14 4 4
14 5 6
14 6 5
14 7 3
14 8 1
14 9 5
14 10 1
14 11 4
14 12 6
14 13 5
15 0 2
15 1 1
15 2 2
15 3 5
15 4 6
15 5 2
15 6 5
15 7 4
15 8 4
15 9 5
15 10 1
15 11 1
15 12 4
15 13 1
15 14 2
16 0 6
16 1 6
16 2 3
16 3 2
16 4 6
16 5 2
16 6 2
16 7 2
16 8 1
16 9 2
16 10 1
16 11 5
16 12 3
16 13 2
16 14 3
16 15 4
17 0 1
17 1 3
17 2 1
17 3 6
17 4 5
17 5 6
17 6 2
17 7 1
17 8 3
17 9 2
17 10 1
17 11 4
17 12 5
17 13 2
17 14 1
17 15 3
17 16 4
18 0 4
18 1 2
18 2 6
18 3 3
18 4 4
18 5 1
18 6 3
18 7 5
18 8 2
18 9 5
18 10 4
18 11 2
18 12 2
18 13 5
18 14 2
18 15 5
18 16 3
18 17 5
19 0 4
19 1 3
19 2 1
19 3 1
19 4 4
19 5 6
19 6 2
19 7 4
19 8 2
19 9 6
19 10 3
19 11 3
19 12 4
19 13 6
19 14 5
19 15 3
19 16 4
19 17 2
19 18 6
20 0 6
20 1 6
20 2 6
20 3 4
20 4 5
20 5 4
20 6 6
20 7 1
20 8 2
20 9 4
20 10 6
20 11 3
20 12 5
20 13 4
20 14 4
20 15 4
20 16 6
20 17 1
20 18 4
20 19 1
21 0 2
21 1 6
21 2 3
21 3 4
21 4 4
21 5 4
21 6 2
21 7 2
21 8 1
21 9 2
21 10 1
21 11 4
21 12 1
21 13 4
21 14 3
21 15 6
21 16 3
21 17 2
21 18 4
21 19 6
21 20 1
22 0 3
22 1 4
22 2 5
22 3 4
22 4 6
22 5 6
22 6 4
22 7 4
22 8 6
22 9 3
22 10 2
22 11 2
22 12 3
22 13 3
22 14 6
22 15 1
22 16 4
22 17 4
22 18 2
22 19 6
22 20 2
22 21 2
23 0 6
23 1 1
23 2 3
23 3 5
23 4 2
23 5 1
23 6 1
23 7 5
23 8 3
23 9 4
23 10 2
23 11 3
23 12 6
23 13 3
23 14 4
23 15 5
23 16 3
23 17 5
23 18 1
23 19 5
23 20 1
23 21 5
23 22 4
24 0 1
24 1 4
24 2 6
24 3 1
24 4 5
24 5 5
24 6 1
24 7 5
24 8 2
24 9 4
24 10 3
24 11 6
24 12 6
24 13 1
24 14 3
24 15 1
24 16 3
24 17 4
24 18 5
24 19 4
24 20 1
24 21 3
24 22 4
24 23 1
25 0 5
25 1 4
25 2 1
25 3 3
25 4 3
25 5 4
25 6 5
25 7 6
25 8 2
25 9 5
25 10 1
25 11 6
25 12 2
25 13 6
25 14 1
25 15 4
25 16 1
25 17 2
25 18 5
25 19 3
25 20 1
25 21 5
25 22 2
25 23 1
25 24 4
26 0 4
26 1 6
26 2 3
26 3 5
26 4 4
26 5 6
26 6 2
26 7 6
26 8 4
26 9 3
26 10 1
26 11 2
26 12 5
26 13 3
26 14 5
26 15 4
26 16 6
26 17 5
26 18 1
26 19 5
26 20 6
26 21 2
26 22 1
26 23 6
26 24 1
26 25 2
27 0 1
27 1 6
27 2 3
27 3 4
27 4 6
27 5 4
27 6 5
27 7 2
27 8 4
27 9 4
27 10 2
27 11 5
27 12 4
27 13 4
27 14 5
27 15 5
27 16 3
27 17 6
27 18 5
27 19 2
27 20 5
27 21 5
27 22 3
27 23 4
27 24 1
27 25 5
27 26 4
28 0 5
28 1 5
28 2 6
28 3 6
28 4 1
28 5 3
28 6 4
28 7 4
28 8 5
28 9 3
28 10 6
28 11 3
28 12 4
28 13 1
28 14 3
28 15 6
28 16 5
28 17 2
28 18 6
28 19 5
28 20 6
28 21 4
28 22 3
28 23 5
28 24 4
28 25 4
28 26 2
28 27 6
29 0 3
29 1 3
29 2 3
29 3 5
29 4 1
29 5 6
29 6 1
29 7 1
29 8 2
29 9 2
29 10 3
29 11 2
29 12 3
29 13 1
29 14 4
29 15 1
29 16 6
29 17 4
29 18 2
29 19 1
29 20 5
29 21 1
29 22 5
29 23 5
29 24 4
29 25 5
29 26 6
29 27 1
29 28 6
30 0 4
30 1 6
30 2 5
30 3 5
30 4 2
30 5 1
30 6 2
30 7 6
30 8 3
30 9 1
30 10 5
30 11 5
30 12 5
30 13 6
30 14 4
30 15 2
30 16 3
30 17 6
30 18 4
30 19 2
30 20 6
30 21 1
30 22 4
30 23 4
30 24 4
30 25 1
30 26 5
30 27 4
30 28 6
30 29 6
31 0 2
31 1 3
31 2 2
31 3 3
31 4 1
31 5 4
31 6 5
31 7 2
31 8 2
31 9 2
31 10 6
31 11 5
31 12 4
31 13 4
31 14 4
31 15 6
31 16 5
31 17 6
31 18 1
31 19 6
31 20 2
31 21 4
31 22 3
31 23 6
31 24 6
31 25 5
31 26 1
31 27 4
31 28 3
31 29 6
31 30 4
32 0 2
32 1 2
32 2 5
32 3 5
32 4 6
32 5 5
32 6 4
32 7 4
32 8 2
32 9 1
32 10 6
32 11 5
32 12 5
32 13 5
32 14 6
32 15 4
32 16 5
32 17 6
32 18 2
32 19 4
32 20 1
32 21 4
32 22 1
32 23 2
32 24 1
32 25 6
32 26 6
32 27 6
32 28 2
32 29 2
32 30 3
32 31 5
33 0 4
33 1 1
33 2 5
33 3 4
33 4 1
33 5 3
33 6 5
33 7 5
33 8 1
33 9 6
33 10 6
33 11 3
33 12 5
33 13 5
33 14 2
33 15 1
33 16 3
33 17 5
33 18 3
33 19 5
33 20 4
33 21 4
33 22 1
33 23 4
33 24 6
33 25 4
33 26 5
33 27 3
33 28 6
33 29 3
33 30 1
33 31 5
33 32 2
34 0 6
34 1 1
34 2 1
34 3 2
34 4 1
34 5 2
34 6 4
34 7 4
34 8 1
34 9 2
34 10 5
34 11 3
34 12 2
34 13 1
34 14 1
34 15 5
34 16 3
34 17 1
34 18 5
34 19 1
34 20 2
34 21 2
34 22 5
34 23 4
34 24 4
34 25 3
34 26 6
34 27 4
34 28 6
34 29 1
34 30 1
34 31 6
34 32 3
34 33 4
35 0 1
35 1 4
35 2 2
35 3 1
35 4 5
35 5 2
35 6 4
35 7 3
35 8 1
35 9 2
35 10 6
35 11 3
35 12 1
35 13 3
35 14 2
35 15 4
35 16 1
35 17 5
35 18 1
35 19 5
35 20 6
35 21 1
35 22 6
35 23 6
35 24 5
35 25 4
35 26 1
35 27 1
35 28 4
35 29 6
35 30 4
35 31 1
35 32 4
35 33 1
35 34 4
36 0 5
36 1 6
36 2 1
36 3 2
36 4 5
36 5 5
36 6 2
36 7 6
36 8 6
36 9 4
36 10 4
36 11 4
36 12 1
36 13 6
36 14 5
36 15 6
36 16 1
36 17 5
36 18 2
36 19 4
36 20 6
36 21 5
36 22 5
36 23 1
36 24 3
36 25 5
36 26 5
36 27 1
36 28 4
36 29 3
36 30 5
36 31 4
36 32 1
36 33 5
36 34 1
36 35 4
37 0 4
37 1 3
37 2 2
37 3 1
37 4 3
37 5 2
37 6 6
37 7 6
37 8 5
37 9 2
37 10 6
37 11 1
37 12 1
37 13 6
37 14 2
37 15 5
37 16 2
37 17 5
37 18 1
37 19 3
37 20 2
37 21 5
37 22 3
37 23 1
37 24 4
37 25 1
37 26 5
37 27 6
37 28 6
37 29 2
37 30 4
37 31 2
37 32 5
37 33 1
37 34 4
37 35 1
37 36 2
38 0 6
38 1 5
38 2 6
38 3 3
38 4 2
38 5 4
38 6 2
38 7 3
38 8 3
38 9 2
38 10 5
38 11 2
38 12 1
38 13 6
38 14 5
38 15 6
38 16 6
38 17 3
38 18 4
38 19 1
38 20 1
38 21 4
38 22 2
38 23 1
38 24 5
38 25 1
38 26 2
38 27 6
38 28 3
38 29 5
38 30 4
38 31 6
38 32 5
38 33 3
38 34 3
38 35 1
38 36 4
38 37 6
39 0 6
39 1 3
39 2 4
39 3 4
39 4 4
39 5 1
39 6 3
39 7 4
39 8 3
39 9 5
39 10 5
39 11 2
39 12 4
39 13 5
39 14 4
39 15 6
39 16 4
39 17 6
39 18 4
39 19 1
39 20 6
39 21 5
39 22 2
39 23 6
39 24 4
39 25 6
39 26 1
39 27 1
39 28 6
39 29 2
39 30 2
39 31 2
39 32 5
39 33 6
39 34 5
39 35 6
39 36 1
39 37 1
39 38 5
