30
1 0 11
2 1 2
3 0 3
3 1 8
4 2 7
4 3 9
5 1 3
5 2 4
5 4 3
6 2 9
6 3 1
6 4 4
7 1 7
7 2 3
7 4 11
8 1 11
8 2 8
8 3 6
8 5 12
8 6 10
8 7 3
9 0 3
9 1 4
9 3 10
9 4 12
9 6 2
9 7 3
9 8 4
10 0 7
10 1 10
10 2 4
10 3 11
10 4 6
10 6 5
10 7 8
10 8 1
11 0 6
11 3 12
11 4 10
11 8 2
11 9 8
12 0 2
12 5 12
12 7 10
12 8 2
12 9 12
12 11 5
13 0 1
13 1 9
13 2 7
13 3 12
13 7 9
13 8 6
13 9 1
13 11 4
14 0 3
14 1 11
14 2 2
14 7 5
14 8 4
14 9 5
14 11 10
14 12 5
14 13 4
15 0 2
15 1 10
15 4 6
15 6 7
15 7 12
15 10 5
16 0 8
16 3 10
16 4 12
16 5 10
16 8 4
16 10 1
16 13 12
16 14 1
16 15 9
17 1 1
17 3 4
17 5 6
17 6 10
17 12 4
17 13 9
17 14 2
17 15 5
18 0 12
18 1 2
18 2 12
18 3 3
18 7 1
18 8 4
18 10 8
18 11 1
18 13 4
18 17 3
19 1 7
19 2 11
19 4 7
19 5 10
19 6 10
19 7 5
19 10 9
19 17 8
20 0 4
20 1 5
20 3 9
20 5 6
20 9 3
20 12 11
20 16 4
20 17 5
20 18 5
21 2 4
21 4 2
21 6 12
21 8 3
21 10 9
21 11 4
21 13 4
21 17 7
21 19 10
21 20 2
22 4 1
22 5 3
22 6 10
22 7 4
22 8 1
22 11 2
22 12 9
22 15 10
22 17 8
22 18 3
22 20 11
23 0 11
23 3 9
23 7 4
23 9 10
23 13 3
23 14 9
23 15 1
23 21 11
24 0 8
24 2 3
24 3 10
24 4 4
24 5 6
24 8 3
24 10 6
24 11 9
24 12 3
24 14 1
24 17 9
24 18 10
24 20 11
24 21 11
25 2 2
25 3 3
25 4 1
25 5 4
25 7 5
25 8 5
25 10 4
25 11 10
25 12 2
25 15 9
25 16 11
25 19 12
25 20 4
25 22 11
26 1 9
26 3 10
26 7 6
26 8 5
26 9 2
26 12 2
26 13 10
26 15 11
26 17 8
26 18 6
26 19 1
26 20 12
26 21 6
26 25 6
27 0 6
27 1 5
27 2 12
27 3 9
27 4 11
27 6 11
27 8 1
27 9 7
27 10 1
27 15 10
27 18 1
27 19 10
27 21 8
27 22 12
27 23 8
27 26 4
28 1 3
28 6 11
28 7 10
28 8 2
28 9 9
28 12 1
28 13 5
28 18 8
28 19 2
28 20 7
28 21 10
28 22 6
28 23 4
28 24 12
28 26 4
29 2 5
29 9 2
29 13 2
29 15 2
29 17 1
29 18 12
29 19 5
29 21 4
29 22 3
29 23 8
29 24 11
29 25 2
29 26 9
29 27 5
29 28 3
