30
1 0 2
2 0 3
2 1 2
3 0 1
3 1 1
3 2 2
4 0 2
4 1 3
4 2 1
4 3 3
5 0 2
5 1 2
5 2 2
5 3 1
5 4 1
6 0 2
6 1 3
6 2 1
6 3 2
6 4 2
6 5 1
7 0 3
7 1 1
7 2 1
7 3 1
7 4 2
7 5 2
7 6 3
8 0 2
8 1 1
8 2 2
8 3 1
8 4 1
8 5 1
8 6 2
8 7 3
9 0 1
9 1 1
9 2 1
9 3 1
9 4 3
9 5 3
9 6 3
9 7 1
9 8 1
10 0 3
10 1 2
10 2 2
10 3 2
10 4 1
10 5 2
10 6 2
10 7 3
10 8 1
10 9 1
11 0 3
11 1 1
11 2 2
11 3 1
11 4 3
11 5 2
11 6 3
11 7 3
11 8 3
11 9 2
11 10 1
12 0 3
12 1 3
12 2 2
12 3 1
12 4 2
12 5 3
12 6 2
12 7 2
12 8 1
12 9 1
12 10 1
12 11 2
13 0 1
13 1 2
13 2 2
13 3 1
13 4 1
13 5 1
13 6 2
13 7 3
13 8 1
13 9 3
13 10 3
13 11 3
13 12 1
14 0 3
14 1 3
14 2 3
14 3 1
14 4 1
14 5 2
14 6 1
14 7 3
14 8 3
14 9 2
14 10 3
14 11 1
14 12 3
14 13 2
15 0 3
15 1 1
15 2 1
15 3 2
15 4 3
15 5 2
15 6 1
15 7 2
15 8 1
15 9 1
15 10 3
15 11 3
15 12 1
15 13 3
15 14 3
16 0 1
16 1 1
16 2 2
16 3 1
16 4 1
16 5 2
16 6 1
16 7 2
16 8 1
16 9 1
16 10 2
16 11 1
16 12 1
16 13 1
16 14 3
16 15 2
17 0 3
17 1 1
17 2 2
17 3 2
17 4 3
17 5 1
17 6 3
17 7 1
17 8 2
17 9 2
17 10 1
17 11 2
17 12 2
17 13 1
17 14 1
17 15 3
17 16 3
18 0 1
18 1 2
18 2 3
18 3 2
18 4 2
18 5 3
18 6 2
18 7 2
18 8 1
18 9 2
18 10 3
18 11 1
18 12 3
18 13 3
18 14 3
18 15 1
18 16 3
18 17 3
19 0 1
19 1 1
19 2 1
19 3 1
19 4 1
19 5 3
19 6 3
19 7 3
19 8 2
19 9 2
19 10 3
19 11 3
19 12 2
19 13 1
19 14 3
19 15 1
19 16 3
19 17 1
19 18 3
20 0 2
20 1 3
20 2 2
20 3 1
20 4 2
20 5 3
20 6 1
20 7 3
20 8 1
20 9 1
20 10 1
20 11 3
20 12 1
20 13 1
20 14 3
20 15 2
20 16 2
20 17 3
20 18 2
20 19 3
21 0 3
21 1 1
21 2 1
21 3 1
21 4 3
21 5 3
21 6 2
21 7 3
21 8 3
21 9 3
21 10 2
21 11 3
21 12 1
21 13 1
21 14 3
21 15 1
21 16 3
21 17 3
21 18 3
21 19 2
21 20 3
22 0 3
22 1 1
22 2 1
22 3 1
22 4 1
22 5 2
22 6 3
22 7 2
22 8 1
22 9 3
22 10 2
22 11 2
22 12 1
22 13 1
22 14 1
22 15 2
22 16 1
22 17 1
22 18 3
22 19 1
22 20 3
22 21 3
23 0 3
23 1 1
23 2 1
23 3 2
23 4 3
23 5 2
23 6 3
23 7 1
23 8 2
23 9 2
23 10 2
23 11 1
23 12 3
23 13 2
23 14 2
23 15 3
23 16 1
23 17 1
23 18 3
23 19 3
23 20 2
23 21 3
23 22 3
24 0 2
24 1 3
24 2 3
24 3 2
24 4 2
24 5 1
24 6 2
24 7 2
24 8 3
24 9 1
24 10 3
24 11 3
24 12 3
24 13 2
24 14 3
24 15 2
24 16 3
24 17 1
24 18 3
24 19 2
24 20 1
24 21 3
24 22 1
24 23 1
25 0 3
25 1 2
25 2 2
25 3 2
25 4 3
25 5 2
25 6 1
25 7 3
25 8 1
25 9 2
25 10 3
25 11 3
25 12 1
25 13 1
25 14 2
25 15 3
25 16 1
25 17 3
25 18 3
25 19 3
25 20 3
25 21 1
25 22 1
25 23 3
25 24 1
26 0 1
26 1 3
26 2 1
26 3 1
26 4 1
26 5 3
26 6 1
26 7 1
26 8 1
26 9 2
26 10 2
26 11 3
26 12 2
26 13 1
26 14 2
26 15 1
26 16 3
26 17 2
26 18 1
26 19 1
26 20 3
26 21 2
26 22 3
26 23 2
26 24 1
26 25 3
27 0 1
27 1 2
27 2 1
27 3 2
27 4 1
27 5 1
27 6 1
27 7 3
27 8 3
27 9 1
27 10 2
27 11 1
27 12 1
27 13 3
27 14 2
27 15 2
27 16 3
27 17 2
27 18 3
27 19 1
27 20 2
27 21 3
27 22 1
27 23 3
27 24 1
27 25 2
27 26 2
28 0 1
28 1 1
28 2 1
28 3 3
28 4 3
28 5 3
28 6 1
28 7 1
28 8 1
28 9 1
28 10 3
28 11 3
28 12 3
28 13 2
28 14 1
28 15 2
28 16 3
28 17 3
28 18 1
28 19 1
28 20 2
28 21 1
28 22 3
28 23 3
28 24 3
28 25 3
28 26 3
28 27 1
29 0 2
29 1 1
29 2 2
29 3 1
29 4 2
29 5 3
29 6 1
29 7 2
29 8 2
29 9 3
29 10 2
29 11 2
29 12 2
29 13 1
29 14 1
29 15 2
29 16 3
29 17 1
29 18 1
29 19 1
29 20 3
29 21 2
29 22 1
29 23 3
29 24 2
29 25 2
29 26 1
29 27 3
29 28 3
