15
1 0 2
2 0 1
2 1 1
3 0 3
3 1 3
3 2 1
4 0 1
4 1 3
4 2 3
4 3 3
5 0 1
5 1 1
5 2 2
5 3 3
5 4 1
6 0 1
6 1 2
6 2 3
6 3 3
6 4 3
6 5 1
7 0 3
7 1 3
7 2 3
7 3 1
7 4 2
7 5 2
7 6 3
8 0 2
8 1 3
8 2 1
8 3 2
8 4 1
8 5 1
8 6 2
8 7 2
9 0 2
9 1 1
9 2 2
9 3 1
9 4 3
9 5 1
9 6 1
9 7 1
9 8 2
10 0 2
10 1 1
10 2 3
10 3 3
10 4 2
10 5 1
10 6 3
10 7 3
10 8 3
10 9 2
11 0 3
11 1 3
11 2 2
11 3 1
11 4 1
11 5 3
11 6 2
11 7 2
11 8 3
11 9 1
11 10 2
12 0 3
12 1 1
12 2 3
12 3 2
12 4 2
12 5 1
12 6 3
12 7 2
12 8 3
12 9 2
12 10 2
12 11 1
13 0 3
13 1 3
13 2 2
13 3 2
13 4 1
13 5 2
13 6 2
13 7 3
13 8 3
13 9 3
13 10 2
13 11 2
13 12 3
14 0 2
14 1 1
14 2 3
14 3 1
14 4 3
14 5 3
14 6 3
14 7 1
14 8 2
14 9 3
14 10 3
14 11 1
14 12 3
14 13 1
