40
2 1 3
3 2 2
4 3 4
5 1 3
5 2 1
5 3 1
5 4 3
6 1 1
6 2 1
6 4 2
7 1 1
7 3 4
7 5 4
7 6 1
8 0 2
8 1 5
8 3 2
8 6 5
9 2 3
9 3 5
9 5 1
9 8 4
10 2 2
10 3 4
11 0 3
11 1 2
11 2 1
11 3 4
11 4 4
11 5 3
11 8 1
11 10 3
12 2 3
12 3 2
12 4 2
12 6 4
12 9 4
12 10 2
12 11 5
13 2 1
13 3 3
13 4 4
13 7 4
13 8 4
13 9 4
13 11 5
14 1 1
14 3 2
14 5 3
14 7 5
14 8 3
14 9 3
14 11 4
15 0 5
15 1 4
15 4 5
15 10 1
15 11 4
16 3 3
16 6 2
16 7 1
16 10 1
16 14 2
17 0 4
17 2 1
17 11 3
17 12 4
17 13 3
17 14 2
17 16 5
18 0 2
18 1 1
18 3 5
18 5 1
18 6 5
18 9 3
18 11 2
18 12 4
18 14 5
18 15 4
19 0 3
19 1 1
19 3 5
19 4 2
19 5 4
19 7 2
19 13 5
19 14 2
19 16 2
19 18 2
20 0 4
20 3 2
20 4 3
20 9 1
20 10 4
20 12 5
20 15 1
20 17 2
21 0 3
21 1 4
21 3 1
21 4 1
21 10 2
21 11 5
21 14 4
21 15 2
21 16 5
21 17 5
21 18 2
21 19 2
21 20 4
22 0 3
22 1 4
22 2 4
22 3 2
22 4 2
22 5 2
22 7 2
22 8 3
22 9 4
22 10 3
22 11 4
22 17 1
22 18 3
22 19 4
22 20 3
23 0 3
23 1 2
23 6 1
23 7 1
23 8 3
23 10 1
23 11 3
23 15 2
23 17 4
23 18 5
23 19 4
23 21 5
23 22 4
24 3 1
24 5 3
24 6 4
24 7 4
24 11 3
24 12 3
24 13 4
24 14 3
24 15 2
24 16 2
24 17 4
24 19 5
24 23 1
25 0 5
25 2 2
25 3 1
25 7 1
25 9 3
25 10 3
25 12 4
25 14 2
25 15 4
25 16 3
25 17 3
25 22 4
25 23 3
26 0 2
26 6 1
26 7 4
26 12 2
26 13 3
26 14 3
26 16 5
26 20 3
26 21 3
26 23 3
26 25 5
27 0 5
27 1 4
27 2 3
27 3 3
27 4 3
27 5 5
27 6 2
27 8 3
27 14 5
27 15 5
27 17 5
27 18 1
27 20 3
27 24 4
27 26 5
28 1 2
28 2 2
28 5 5
28 7 4
28 8 2
28 10 1
28 11 4
28 12 4
28 13 3
28 14 3
28 15 5
28 16 3
28 17 5
28 18 5
28 19 3
28 23 1
28 27 5
29 2 2
29 6 2
29 8 2
29 11 5
29 13 4
29 15 5
29 21 1
29 22 1
29 23 1
29 24 2
29 26 4
29 27 1
29 28 1
30 5 4
30 6 3
30 9 3
30 12 2
30 13 4
30 14 2
30 16 4
30 17 4
30 21 1
30 23 3
30 28 5
31 1 1
31 5 3
31 6 3
31 8 1
31 12 4
31 13 3
31 14 2
31 15 4
31 17 1
31 18 5
31 19 2
31 20 3
31 21 5
31 23 5
31 24 4
31 25 4
31 29 5
32 0 3
32 2 2
32 3 5
32 6 4
32 7 3
32 9 4
32 10 5
32 12 3
32 13 2
32 14 1
32 15 2
32 16 2
32 17 5
32 20 3
32 23 3
32 24 5
32 25 1
32 27 2
32 30 2
32 31 5
33 4 4
33 5 5
33 7 2
33 8 4
33 10 4
33 12 5
33 14 1
33 15 1
33 16 2
33 19 1
33 20 5
33 21 4
33 22 3
33 24 1
33 25 5
33 28 4
33 30 4
34 0 2
34 1 4
34 2 4
34 4 1
34 5 4
34 7 5
34 8 3
34 9 2
34 11 3
34 12 3
34 13 2
34 14 5
34 15 5
34 23 2
34 24 5
34 27 2
34 28 2
34 32 3
34 33 1
35 2 5
35 3 5
35 4 3
35 5 5
35 7 5
35 10 5
35 12 5
35 14 5
35 17 5
35 20 3
35 21 5
35 22 2
35 26 3
35 27 3
35 29 3
35 31 2
35 32 2
35 33 3
36 0 1
36 1 5
36 3 1
36 4 3
36 12 2
36 13 1
36 14 5
36 17 5
36 18 1
36 20 1
36 23 5
36 24 5
36 25 1
36 27 2
36 29 1
36 32 2
36 33 2
37 1 5
37 2 3
37 3 5
37 4 4
37 7 4
37 9 2
37 11 2
37 13 2
37 14 3
37 15 4
37 17 5
37 18 3
37 21 2
37 28 2
37 29 1
37 31 4
37 33 4
38 0 1
38 4 3
38 6 2
38 10 1
38 11 1
38 14 1
38 15 2
38 20 5
38 22 1
38 23 2
38 24 2
38 25 5
38 27 5
38 30 4
38 31 4
38 32 3
38 34 1
38 35 2
39 1 5
39 2 1
39 6 3
39 7 2
39 16 5
39 17 2
39 19 1
39 20 5
39 21 5
39 22 4
39 23 4
39 24 5
39 25 5
39 26 5
39 31 4
39 32 5
39 35 1
39 38 2
