20
1 0 1
2 0 3
2 1 2
3 0 3
3 1 1
3 2 2
4 0 2
4 1 1
4 2 1
4 3 1
5 0 1
5 1 2
5 2 1
5 3 2
5 4 3
6 0 2
6 1 3
6 2 2
6 3 3
6 4 1
6 5 2
7 0 3
7 1 1
7 2 2
7 3 3
7 4 1
7 5 3
7 6 1
8 0 1
8 1 2
8 2 2
8 3 3
8 4 2
8 5 3
8 6 2
8 7 3
9 0 2
9 1 1
9 2 2
9 3 1
9 4 2
9 5 2
9 6 1
9 7 3
9 8 1
10 0 1
10 1 2
10 2 3
10 3 3
10 4 3
10 5 2
10 6 2
10 7 3
10 8 1
10 9 1
11 0 2
11 1 1
11 2 2
11 3 3
11 4 1
11 5 1
11 6 2
11 7 3
11 8 2
11 9 1
11 10 2
12 0 3
12 1 2
12 2 3
12 3 2
12 4 1
12 5 1
12 6 1
12 7 3
12 8 1
12 9 1
12 10 3
12 11 1
13 0 3
13 1 2
13 2 3
13 3 1
13 4 2
13 5 2
13 6 2
13 7 3
13 8 3
13 9 2
13 10 1
13 11 1
13 12 2
14 0 3
14 1 2
14 2 3
14 3 3
14 4 1
14 5 2
14 6 1
14 7 2
14 8 2
14 9 1
14 10 3
14 11 1
14 12 2
14 13 2
15 0 2
15 1 2
15 2 3
15 3 1
15 4 1
15 5 3
15 6 1
15 7 2
15 8 3
15 9 1
15 10 3
15 11 2
15 12 2
15 13 1
15 14 3
16 0 3
16 1 2
16 2 2
16 3 3
16 4 1
16 5 1
16 6 2
16 7 2
16 8 3
16 9 1
16 10 1
16 11 2
16 12 3
16 13 3
16 14 3
16 15 1
17 0 3
17 1 2
17 2 1
17 3 3
17 4 1
17 5 1
17 6 1
17 7 2
17 8 2
17 9 3
17 10 3
17 11 1
17 12 2
17 13 1
17 14 1
17 15 1
17 16 3
18 0 2
18 1 2
18 2 2
18 3 1
18 4 2
18 5 1
18 6 1
18 7 2
18 8 2
18 9 1
18 10 3
18 11 2
18 12 2
18 13 2
18 14 2
18 15 2
18 16 2
18 17 1
19 0 2
19 1 2
19 2 1
19 3 1
19 4 3
19 5 2
19 6 1
19 7 1
19 8 2
19 9 1
19 10 3
19 11 3
19 12 1
19 13 2
19 14 1
19 15 1
19 16 3
19 17 2
19 18 1
