40
2 0 1
2 1 1
3 2 1
4 1 1
4 2 1
5 0 1
5 1 1
5 4 1
6 1 1
6 4 1
6 5 1
7 0 1
7 2 1
7 4 1
7 5 1
7 6 1
8 0 1
8 2 1
8 3 1
8 4 1
8 5 1
8 6 1
9 0 1
9 1 1
9 4 1
9 5 1
9 6 1
9 7 1
9 8 1
10 0 1
10 2 1
10 5 1
10 6 1
10 8 1
10 9 1
11 0 1
11 1 1
11 2 1
11 8 1
12 0 1
12 2 1
12 3 1
12 4 1
12 7 1
12 9 1
12 10 1
12 11 1
13 1 1
13 4 1
13 6 1
13 7 1
13 8 1
13 10 1
13 11 1
13 12 1
14 2 1
14 3 1
14 5 1
14 6 1
14 7 1
14 8 1
14 12 1
14 13 1
15 7 1
15 12 1
16 2 1
16 4 1
16 6 1
16 9 1
16 11 1
16 12 1
16 15 1
17 0 1
17 1 1
17 2 1
17 7 1
17 8 1
17 9 1
17 10 1
17 11 1
17 12 1
17 13 1
17 15 1
17 16 1
18 3 1
18 8 1
18 12 1
18 13 1
18 14 1
19 1 1
19 2 1
19 3 1
19 4 1
19 6 1
19 9 1
19 10 1
19 12 1
19 15 1
19 17 1
20 1 1
20 2 1
20 3 1
20 4 1
20 5 1
20 8 1
20 10 1
20 13 1
20 14 1
20 15 1
20 16 1
20 18 1
21 4 1
21 7 1
21 8 1
21 10 1
21 12 1
21 13 1
21 14 1
21 15 1
21 17 1
21 20 1
22 2 1
22 3 1
22 5 1
22 6 1
22 7 1
22 8 1
22 9 1
22 11 1
22 13 1
22 17 1
22 19 1
22 21 1
23 1 1
23 2 1
23 5 1
23 8 1
23 11 1
23 13 1
23 14 1
23 16 1
23 17 1
23 20 1
23 21 1
23 22 1
24 1 1
24 3 1
24 4 1
24 8 1
24 10 1
24 11 1
24 12 1
24 15 1
24 17 1
24 19 1
24 20 1
24 21 1
24 23 1
25 1 1
25 5 1
25 6 1
25 8 1
25 11 1
25 12 1
25 14 1
25 15 1
25 17 1
25 19 1
25 20 1
25 21 1
25 22 1
26 0 1
26 2 1
26 4 1
26 6 1
26 9 1
26 10 1
26 11 1
26 12 1
26 14 1
26 16 1
26 17 1
26 23 1
26 24 1
27 0 1
27 1 1
27 6 1
27 7 1
27 8 1
27 10 1
27 12 1
27 13 1
27 16 1
27 17 1
27 19 1
27 20 1
27 22 1
27 23 1
27 24 1
28 1 1
28 2 1
28 3 1
28 5 1
28 7 1
28 8 1
28 12 1
28 13 1
28 14 1
28 15 1
28 17 1
28 18 1
28 20 1
28 21 1
28 22 1
28 24 1
28 25 1
28 26 1
28 27 1
29 0 1
29 3 1
29 4 1
29 6 1
29 7 1
29 10 1
29 17 1
29 18 1
29 19 1
29 20 1
29 21 1
29 22 1
29 24 1
29 25 1
29 26 1
29 27 1
29 28 1
30 0 1
30 2 1
30 3 1
30 4 1
30 6 1
30 7 1
30 11 1
30 14 1
30 15 1
30 18 1
30 19 1
30 20 1
30 26 1
30 27 1
31 2 1
31 5 1
31 7 1
31 8 1
31 9 1
31 15 1
31 17 1
31 18 1
31 23 1
31 25 1
31 28 1
31 30 1
32 0 1
32 5 1
32 6 1
32 7 1
32 8 1
32 10 1
32 11 1
32 12 1
32 13 1
32 14 1
32 15 1
32 23 1
32 26 1
32 27 1
32 28 1
32 29 1
33 1 1
33 3 1
33 5 1
33 6 1
33 7 1
33 9 1
33 12 1
33 20 1
33 21 1
33 25 1
33 28 1
33 30 1
33 31 1
34 1 1
34 2 1
34 4 1
34 7 1
34 10 1
34 12 1
34 13 1
34 14 1
34 16 1
34 17 1
34 18 1
34 19 1
34 21 1
34 22 1
34 23 1
34 24 1
34 27 1
34 31 1
34 33 1
35 0 1
35 1 1
35 3 1
35 4 1
35 6 1
35 7 1
35 8 1
35 10 1
35 11 1
35 12 1
35 13 1
35 15 1
35 19 1
35 22 1
35 23 1
35 24 1
35 25 1
35 26 1
35 27 1
35 31 1
35 32 1
35 34 1
36 0 1
36 1 1
36 2 1
36 3 1
36 6 1
36 7 1
36 8 1
36 11 1
36 12 1
36 15 1
36 16 1
36 17 1
36 18 1
36 19 1
36 22 1
36 23 1
36 24 1
36 29 1
36 31 1
36 32 1
36 34 1
36 35 1
37 1 1
37 4 1
37 5 1
37 6 1
37 7 1
37 9 1
37 10 1
37 11 1
37 12 1
37 13 1
37 14 1
37 15 1
37 16 1
37 19 1
37 24 1
37 25 1
37 26 1
37 28 1
37 29 1
37 32 1
37 36 1
38 1 1
38 4 1
38 5 1
38 7 1
38 8 1
38 10 1
38 15 1
38 17 1
38 19 1
38 20 1
38 22 1
38 23 1
38 24 1
38 25 1
38 26 1
38 27 1
38 29 1
38 31 1
38 34 1
38 35 1
39 0 1
39 1 1
39 2 1
39 3 1
39 4 1
39 5 1
39 6 1
39 9 1
39 11 1
39 18 1
39 19 1
39 23 1
39 31 1
39 32 1
39 33 1
39 35 1
39 38 1
