60
1 0 3
2 0 3
2 1 7
3 1 1
4 0 8
4 1 2
4 2 2
4 3 5
6 1 4
6 2 7
6 4 1
6 5 6
7 0 8
7 1 4
7 2 3
7 4 3
7 5 8
8 3 2
8 4 4
8 7 6
9 1 4
9 2 3
9 4 1
9 5 4
9 6 7
9 7 8
9 8 7
10 0 6
10 1 5
10 3 7
10 5 6
10 7 8
10 9 1
11 4 8
11 5 5
11 7 3
12 3 3
13 0 7
13 5 5
13 6 2
13 10 3
13 11 4
13 12 2
14 1 3
14 2 6
14 3 2
14 5 8
14 8 7
14 10 6
14 11 4
15 3 5
15 4 1
15 9 3
15 10 7
15 12 5
15 14 3
16 5 1
16 6 8
16 8 6
16 11 7
16 12 6
16 13 4
16 14 7
17 2 8
17 6 2
17 9 2
17 10 8
17 14 4
17 16 6
18 1 2
18 2 2
18 3 2
18 6 6
18 9 1
18 11 8
18 12 5
18 16 7
19 5 5
19 6 1
19 7 1
19 11 7
19 14 4
19 16 1
19 17 5
20 0 8
20 1 7
20 3 7
20 6 4
20 7 3
20 9 1
20 11 2
20 12 7
20 13 6
20 19 6
21 0 4
21 1 7
21 4 6
21 6 2
21 8 4
21 10 5
21 12 8
21 16 3
21 17 3
21 18 4
21 20 4
22 1 4
22 2 3
22 5 3
22 7 1
22 10 6
22 11 8
22 20 3
23 0 3
23 1 6
23 2 3
23 4 8
23 9 3
23 12 8
23 13 3
23 14 4
23 15 1
23 16 3
23 17 3
23 18 6
23 19 1
23 20 3
23 21 1
23 22 3
24 1 5
24 2 6
24 3 3
24 4 1
24 7 8
24 11 3
24 14 4
24 15 4
24 16 5
24 17 4
24 19 1
24 20 4
24 21 2
24 22 8
25 0 1
25 1 6
25 2 3
25 3 6
25 4 5
25 5 3
25 6 4
25 8 2
25 9 2
25 10 5
25 13 2
25 14 2
25 15 6
25 16 7
25 18 1
25 21 1
25 24 3
26 3 5
26 4 8
26 8 8
26 9 7
26 10 8
26 12 3
26 15 2
26 17 1
26 24 4
27 0 8
27 1 6
27 2 6
27 3 4
27 5 3
27 6 5
27 7 6
27 10 3
27 12 8
27 14 3
27 16 1
27 17 2
27 18 4
27 19 6
27 23 4
27 24 8
27 25 6
28 0 3
28 5 3
28 8 7
28 9 1
28 10 1
28 11 4
28 13 4
28 14 7
28 21 8
28 22 2
28 26 5
28 27 6
29 2 1
29 3 7
29 7 3
29 8 7
29 9 5
29 11 6
29 13 8
29 16 4
29 17 5
29 18 3
29 21 2
29 24 1
29 25 4
29 26 4
29 27 4
29 28 8
30 0 4
30 2 7
30 3 8
30 6 5
30 7 4
30 8 6
30 9 8
30 10 6
30 12 5
30 14 7
30 18 6
30 20 3
30 22 3
30 23 3
30 25 6
30 26 1
30 27 1
30 28 2
31 1 6
31 3 8
31 4 1
31 5 1
31 6 6
31 7 5
31 8 7
31 10 7
31 14 3
31 18 7
31 19 7
31 21 5
31 22 6
31 23 5
31 24 3
31 26 6
31 29 6
32 4 3
32 9 6
32 12 5
32 15 6
32 16 1
32 17 5
32 18 2
32 19 6
32 21 5
32 22 5
32 23 8
32 25 2
32 27 3
32 29 3
32 30 3
32 31 3
33 0 2
33 1 3
33 6 7
33 8 4
33 9 5
33 10 4
33 11 8
33 13 6
33 15 8
33 17 5
33 20 5
33 22 4
33 25 6
33 26 8
33 30 3
34 0 1
34 1 8
34 3 7
34 9 5
34 10 2
34 11 5
34 12 7
34 13 5
34 14 1
34 17 4
34 18 6
34 20 4
34 22 6
34 24 6
34 27 5
34 30 7
34 31 4
35 1 1
35 2 3
35 4 8
35 5 1
35 6 1
35 7 8
35 9 1
35 13 7
35 15 6
35 16 1
35 20 1
35 21 8
35 23 2
35 25 5
35 29 1
35 30 4
35 31 5
35 32 3
35 34 4
36 0 5
36 3 2
36 5 8
36 6 5
36 7 3
36 8 8
36 12 1
36 14 8
36 18 3
36 19 2
36 20 2
36 21 1
36 22 1
36 24 5
36 26 5
36 30 7
36 32 2
36 35 2
37 4 8
37 5 3
37 10 3
37 21 2
37 22 4
37 25 5
37 29 1
37 30 2
37 34 7
37 35 2
38 0 1
38 1 3
38 2 1
38 3 2
38 4 4
38 5 4
38 9 2
38 11 3
38 12 2
38 16 5
38 17 6
38 20 7
38 22 4
38 25 1
38 26 6
38 27 7
38 28 7
38 31 4
38 32 3
38 34 3
38 36 4
39 2 8
39 3 5
39 4 3
39 5 3
39 8 5
39 11 5
39 13 7
39 14 3
39 15 3
39 19 3
39 20 8
39 22 1
39 25 4
39 27 2
39 28 4
39 30 6
39 32 8
39 33 6
39 34 8
39 35 1
39 36 8
39 38 4
40 2 5
40 3 5
40 5 3
40 9 5
40 10 3
40 11 1
40 12 8
40 13 1
40 14 6
40 15 5
40 16 6
40 18 6
40 20 5
40 22 4
40 24 2
40 26 4
40 28 7
40 29 6
40 30 5
40 31 7
40 33 6
40 34 2
40 35 2
40 37 8
40 38 1
40 39 4
41 1 6
41 2 8
41 4 3
41 7 4
41 9 2
41 11 8
41 13 8
41 15 3
41 16 8
41 17 8
41 18 7
41 20 4
41 22 4
41 23 3
41 24 3
41 25 7
41 27 1
41 29 7
41 30 1
41 38 8
41 39 1
42 2 4
42 8 5
42 9 6
42 11 8
42 12 7
42 14 3
42 15 5
42 16 1
42 17 8
42 19 7
42 21 2
42 22 5
42 23 4
42 24 8
42 26 6
42 30 2
42 32 2
42 36 2
42 39 4
42 40 8
42 41 6
43 0 6
43 1 3
43 2 4
43 5 6
43 6 1
43 7 8
43 11 6
43 13 3
43 14 2
43 15 4
43 21 3
43 22 6
43 23 3
43 26 5
43 28 2
43 29 8
43 30 8
43 31 2
43 32 6
43 34 7
43 35 3
43 37 1
43 38 2
43 39 1
43 42 1
44 2 8
44 3 8
44 5 5
44 6 7
44 7 6
44 9 4
44 11 8
44 12 5
44 13 8
44 14 3
44 17 8
44 18 5
44 19 2
44 20 8
44 23 3
44 24 1
44 25 6
44 27 8
44 28 4
44 29 1
44 30 8
44 35 8
44 37 6
44 41 1
44 42 2
45 0 5
45 3 5
45 4 5
45 7 7
45 8 2
45 9 5
45 12 5
45 14 5
45 17 7
45 18 4
45 22 7
45 29 3
45 30 2
45 31 8
45 32 7
45 36 3
45 37 8
45 38 3
45 39 6
45 40 5
45 41 2
46 0 5
46 2 5
46 4 4
46 5 1
46 7 7
46 8 1
46 13 4
46 14 6
46 16 3
46 17 3
46 21 2
46 22 8
46 23 3
46 24 2
46 28 4
46 33 8
46 34 3
46 35 1
46 36 2
46 38 1
46 39 2
46 41 8
46 42 7
46 43 1
46 44 8
46 45 4
47 2 7
47 6 7
47 7 4
47 8 4
47 10 6
47 11 5
47 13 8
47 16 4
47 18 4
47 20 1
47 22 6
47 23 7
47 24 8
47 25 3
47 27 2
47 30 1
47 31 7
47 32 4
47 33 5
47 34 3
47 36 3
47 38 3
47 39 2
47 40 3
47 41 7
47 43 8
47 45 5
48 0 8
48 2 8
48 5 3
48 7 4
48 8 4
48 13 4
48 14 7
48 16 7
48 17 6
48 19 4
48 21 8
48 23 4
48 24 7
48 26 5
48 28 5
48 31 1
48 34 7
48 35 4
48 37 4
48 38 6
48 39 2
48 45 6
48 46 1
49 0 6
49 1 6
49 2 1
49 3 1
49 5 3
49 7 6
49 9 1
49 10 2
49 11 7
49 15 8
49 17 1
49 18 6
49 19 8
49 23 8
49 24 3
49 25 8
49 26 8
49 27 6
49 28 8
49 29 8
49 32 1
49 33 1
49 35 6
49 37 7
49 39 3
49 40 6
49 41 2
49 47 1
49 48 5
50 0 5
50 2 6
50 3 5
50 5 7
50 6 1
50 8 2
50 9 6
50 11 3
50 12 7
50 13 3
50 14 5
50 15 8
50 19 2
50 22 4
50 23 3
50 24 2
50 27 1
50 28 2
50 32 1
50 35 7
50 36 4
50 38 4
50 39 3
50 41 7
50 43 2
50 47 7
50 49 2
51 0 2
51 2 6
51 4 3
51 5 1
51 8 5
51 9 5
51 12 7
51 13 6
51 14 4
51 16 4
51 18 4
51 19 8
51 20 5
51 21 4
51 23 2
51 25 6
51 26 8
51 28 8
51 29 3
51 30 1
51 31 6
51 32 7
51 33 6
51 35 8
51 39 8
51 40 1
51 41 2
51 42 7
51 44 4
51 46 4
51 47 5
51 48 8
51 49 6
51 50 6
52 1 4
52 6 4
52 8 3
52 9 2
52 10 6
52 11 6
52 13 7
52 15 8
52 16 3
52 17 1
52 20 2
52 22 5
52 26 1
52 27 5
52 30 4
52 31 1
52 34 3
52 36 4
52 39 6
52 43 6
52 44 4
52 45 1
52 46 2
52 48 6
52 49 6
52 50 5
53 2 5
53 3 6
53 4 2
53 5 6
53 6 4
53 9 7
53 10 6
53 11 3
53 12 7
53 13 5
53 14 8
53 15 1
53 16 6
53 17 4
53 19 3
53 20 2
53 21 5
53 26 6
53 27 3
53 28 4
53 33 7
53 34 3
53 35 5
53 40 4
53 43 3
53 45 7
53 48 4
53 49 8
54 0 6
54 3 7
54 4 1
54 6 3
54 8 1
54 9 6
54 10 5
54 14 2
54 16 3
54 18 6
54 24 2
54 25 5
54 28 4
54 30 7
54 31 6
54 35 8
54 36 3
54 39 3
54 41 4
54 42 6
54 45 8
54 48 2
54 52 1
55 0 8
55 3 3
55 4 4
55 6 1
55 11 1
55 14 6
55 15 1
55 16 7
55 19 4
55 22 4
55 23 3
55 25 1
55 26 6
55 27 3
55 29 1
55 31 5
55 33 8
55 34 6
55 35 8
55 42 5
55 43 3
55 44 6
55 45 2
55 47 7
55 48 1
55 50 6
55 52 3
55 54 3
56 3 4
56 7 2
56 9 5
56 10 8
56 14 2
56 15 6
56 21 6
56 22 1
56 25 2
56 28 8
56 29 1
56 33 7
56 39 8
56 40 2
56 41 8
56 42 6
56 44 2
56 46 4
56 47 5
56 50 6
56 52 4
56 53 2
56 54 1
56 55 8
57 0 5
57 1 1
57 2 4
57 3 7
57 5 8
57 8 1
57 12 5
57 13 6
57 15 3
57 16 3
57 17 1
57 19 6
57 21 8
57 23 8
57 24 5
57 25 2
57 28 4
57 32 1
57 37 7
57 39 8
57 40 1
57 41 4
57 43 4
57 44 4
57 46 1
57 47 3
57 49 1
57 53 3
57 54 5
58 0 3
58 2 7
58 5 6
58 6 5
58 8 5
58 9 5
58 12 6
58 21 4
58 24 4
58 26 4
58 27 4
58 29 7
58 30 4
58 32 5
58 34 7
58 35 7
58 37 7
58 41 8
58 43 8
58 44 3
58 45 3
58 50 1
58 52 6
58 53 6
58 54 8
59 1 8
59 2 2
59 4 8
59 5 4
59 6 3
59 8 7
59 10 8
59 11 2
59 16 5
59 17 3
59 19 8
59 20 2
59 21 8
59 22 7
59 24 1
59 28 7
59 29 2
59 31 7
59 32 4
59 33 5
59 35 4
59 38 4
59 39 8
59 42 7
59 44 4
59 45 8
59 46 2
59 48 6
59 49 7
59 50 4
59 51 5
59 52 1
59 53 3
59 57 5
59 58 8
