70
1 0 7
2 0 5
2 1 7
3 0 7
3 1 2
3 2 7
4 0 8
4 1 7
4 2 3
4 3 8
5 0 2
5 1 10
5 2 3
5 3 1
5 4 8
6 0 9
6 1 8
6 2 6
6 3 2
6 4 7
6 5 6
7 0 4
7 1 4
7 2 4
7 3 9
7 4 6
7 5 6
7 6 6
8 0 2
8 1 2
8 2 4
8 3 9
8 4 3
8 5 9
8 6 1
8 7 1
9 0 7
9 1 8
9 2 2
9 3 9
9 4 10
9 5 10
9 6 9
9 7 1
9 8 1
10 0 6
10 1 8
10 2 10
10 3 10
10 4 5
10 5 9
10 6 10
10 7 3
10 8 4
10 9 10
11 0 2
11 1 2
11 2 7
11 3 10
11 4 7
11 5 5
11 6 8
11 7 8
11 8 3
11 9 3
11 10 7
12 0 4
12 1 10
12 2 4
12 3 2
12 4 4
12 5 2
12 6 7
12 7 1
12 8 4
12 9 10
12 10 2
12 11 4
13 0 2
13 1 4
13 2 5
13 3 4
13 4 1
13 5 9
13 6 6
13 7 8
13 8 10
13 9 4
13 10 4
13 11 4
13 12 9
14 0 6
14 1 5
14 2 4
14 3 8
14 4 7
14 5 4
14 6 10
14 7 3
14 8 8
14 9 3
14 10 2
14 11 2
14 12 2
14 13 6
15 0 10
15 1 6
15 2 7
15 3 8
15 4 4
15 5 4
15 6 2
15 7 9
15 8 1
15 9 8
15 10 4
15 11 8
15 12 2
15 13 4
15 14 7
16 0 1
16 1 9
16 2 1
16 3 7
16 4 7
16 5 7
16 6 6
16 7 9
16 8 8
16 9 5
16 10 5
16 11 9
16 12 8
16 13 10
16 14 4
16 15 10
17 0 7
17 1 2
17 2 6
17 3 2
17 4 6
17 5 3
17 6 2
17 7 10
17 8 5
17 9 4
17 10 6
17 11 9
17 12 10
17 13 1
17 14 1
17 15 3
17 16 4
18 0 4
18 1 9
18 2 7
18 3 6
18 4 10
18 5 5
18 6 2
18 7 2
18 8 4
18 9 8
18 10 9
18 11 1
18 12 9
18 13 6
18 14 6
18 15 2
18 16 2
18 17 1
19 0 6
19 1 3
19 2 1
19 3 3
19 4 4
19 5 2
19 6 10
19 7 1
19 8 4
19 9 1
19 10 10
19 11 2
19 12 4
19 13 3
19 14 5
19 15 2
19 16 2
19 17 7
19 18 2
20 0 6
20 1 6
20 2 7
20 3 9
20 4 10
20 5 10
20 6 6
20 7 7
20 8 6
20 9 6
20 10 2
20 11 7
20 12 9
20 13 1
20 14 10
20 15 10
20 16 10
20 17 2
20 18 4
20 19 3
21 0 4
21 1 3
21 2 6
21 3 2
21 4 6
21 5 3
21 6 3
21 7 7
21 8 6
21 9 7
21 10 10
21 11 8
21 12 10
21 13 4
21 14 2
21 15 2
21 16 9
21 17 8
21 18 4
21 19 2
21 20 5
22 0 9
22 1 5
22 2 4
22 3 4
22 4 4
22 5 2
22 6 10
22 7 1
22 8 8
22 9 9
22 10 7
22 11 4
22 12 2
22 13 8
22 14 6
22 15 5
22 16 1
22 17 5
22 18 7
22 19 2
22 20 3
22 21 6
23 0 8
23 1 4
23 2 5
23 3 4
23 4 7
23 5 9
23 6 1
23 7 6
23 8 8
23 9 10
23 10 8
23 11 8
23 12 7
23 13 8
23 14 1
23 15 10
23 16 1
23 17 9
23 18 10
23 19 10
23 20 7
23 21 3
23 22 10
24 0 3
24 1 7
24 2 5
24 3 8
24 4 3
24 5 4
24 6 1
24 7 10
24 8 9
24 9 3
24 10 3
24 11 10
24 12 3
24 13 9
24 14 3
24 15 8
24 16 8
24 17 6
24 18 5
24 19 10
24 20 2
24 21 9
24 22 7
24 23 4
25 0 7
25 1 1
25 2 2
25 3 7
25 4 9
25 5 2
25 6 10
25 7 8
25 8 2
25 9 8
25 10 2
25 11 1
25 12 6
25 13 2
25 14 1
25 15 4
25 16 9
25 17 8
25 18 6
25 19 2
25 20 4
25 21 3
25 22 7
25 23 10
25 24 4
26 0 7
26 1 7
26 2 1
26 3 5
26 4 3
26 5 2
26 6 3
26 7 7
26 8 3
26 9 8
26 10 1
26 11 1
26 12 4
26 13 3
26 14 5
26 15 8
26 16 2
26 17 5
26 18 4
26 19 3
26 20 6
26 21 9
26 22 3
26 23 9
26 24 1
26 25 10
27 0 5
27 1 6
27 2 2
27 3 7
27 4 5
27 5 1
27 6 4
27 7 7
27 8 2
27 9 8
27 10 3
27 11 8
27 12 7
27 13 8
27 14 9
27 15 9
27 16 3
27 17 2
27 18 10
27 19 6
27 20 1
27 21 7
27 22 9
27 23 2
27 24 5
27 25 8
27 26 2
28 0 2
28 1 4
28 2 7
28 3 7
28 4 10
28 5 4
28 6 9
28 7 8
28 8 9
28 9 4
28 10 3
28 11 3
28 12 7
28 13 1
28 14 7
28 15 2
28 16 3
28 17 5
28 18 5
28 19 4
28 20 4
28 21 5
28 22 8
28 23 9
28 24 1
28 25 4
28 26 7
28 27 8
29 0 2
29 1 9
29 2 1
29 3 5
29 4 10
29 5 2
29 6 2
29 7 3
29 8 9
29 9 2
29 10 6
29 11 9
29 12 5
29 13 3
29 14 3
29 15 1
29 16 1
29 17 5
29 18 10
29 19 6
29 20 8
29 21 3
29 22 4
29 23 7
29 24 8
29 25 9
29 26 10
29 27 10
29 28 4
30 0 9
30 1 6
30 2 3
30 3 9
30 4 1
30 5 5
30 6 9
30 7 9
30 8 7
30 9 5
30 10 5
30 11 9
30 12 3
30 13 10
30 14 1
30 15 6
30 16 6
30 17 10
30 18 8
30 19 5
30 20 1
30 21 6
30 22 4
30 23 10
30 24 3
30 25 10
30 26 2
30 27 9
30 28 2
30 29 1
31 0 7
31 1 7
31 2 8
31 3 8
31 4 6
31 5 9
31 6 2
31 7 10
31 8 6
31 9 3
31 10 10
31 11 7
31 12 5
31 13 5
31 14 4
31 15 4
31 16 1
31 17 10
31 18 2
31 19 4
31 20 2
31 21 10
31 22 2
31 23 5
31 24 8
31 25 2
31 26 5
31 27 4
31 28 4
31 29 7
31 30 9
32 0 8
32 1 7
32 2 4
32 3 9
32 4 1
32 5 9
32 6 10
32 7 2
32 8 4
32 9 5
32 10 6
32 11 3
32 12 8
32 13 3
32 14 10
32 15 2
32 16 8
32 17 6
32 18 9
32 19 5
32 20 4
32 21 2
32 22 10
32 23 6
32 24 7
32 25 1
32 26 2
32 27 10
32 28 3
32 29 10
32 30 6
32 31 1
33 0 4
33 1 3
33 2 2
33 3 2
33 4 6
33 5 3
33 6 10
33 7 4
33 8 2
33 9 1
33 10 5
33 11 4
33 12 6
33 13 6
33 14 8
33 15 8
33 16 2
33 17 10
33 18 10
33 19 6
33 20 8
33 21 2
33 22 5
33 23 8
33 24 9
33 25 7
33 26 9
33 27 9
33 28 1
33 29 6
33 30 9
33 31 6
33 32 7
34 0 9
34 1 8
34 2 5
34 3 3
34 4 7
34 5 7
34 6 9
34 7 5
34 8 3
34 9 2
34 10 5
34 11 9
34 12 2
34 13 9
34 14 9
34 15 1
34 16 6
34 17 5
34 18 6
34 19 6
34 20 8
34 21 1
34 22 8
34 23 9
34 24 10
34 25 6
34 26 8
34 27 6
34 28 8
34 29 10
34 30 3
34 31 10
34 32 2
34 33 3
35 0 4
35 1 6
35 2 5
35 3 5
35 4 9
35 5 8
35 6 7
35 7 5
35 8 10
35 9 9
35 10 8
35 11 1
35 12 3
35 13 7
35 14 1
35 15 6
35 16 8
35 17 2
35 18 6
35 19 10
35 20 6
35 21 9
35 22 2
35 23 5
35 24 2
35 25 10
35 26 3
35 27 3
35 28 6
35 29 7
35 30 9
35 31 5
35 32 1
35 33 5
35 34 9
36 0 2
36 1 10
36 2 10
36 3 8
36 4 5
36 5 3
36 6 5
36 7 10
36 8 9
36 9 3
36 10 7
36 11 1
36 12 9
36 13 10
36 14 8
36 15 4
36 16 10
36 17 9
36 18 9
36 19 1
36 20 1
36 21 3
36 22 6
36 23 2
36 24 10
36 25 1
36 26 5
36 27 8
36 28 3
36 29 6
36 30 3
36 31 4
36 32 5
36 33 1
36 34 3
36 35 7
37 0 3
37 1 1
37 2 1
37 3 9
37 4 4
37 5 4
37 6 1
37 7 2
37 8 10
37 9 7
37 10 1
37 11 10
37 12 10
37 13 1
37 14 2
37 15 5
37 16 5
37 17 6
37 18 2
37 19 5
37 20 8
37 21 4
37 22 1
37 23 4
37 24 1
37 25 10
37 26 6
37 27 1
37 28 4
37 29 9
37 30 2
37 31 4
37 32 4
37 33 10
37 34 3
37 35 5
37 36 7
38 0 9
38 1 2
38 2 7
38 3 6
38 4 4
38 5 5
38 6 7
38 7 6
38 8 10
38 9 8
38 10 6
38 11 10
38 12 1
38 13 3
38 14 6
38 15 4
38 16 4
38 17 4
38 18 4
38 19 2
38 20 3
38 21 1
38 22 3
38 23 7
38 24 6
38 25 3
38 26 10
38 27 3
38 28 4
38 29 2
38 30 10
38 31 8
38 32 4
38 33 8
38 34 10
38 35 9
38 36 5
38 37 5
39 0 8
39 1 1
39 2 3
39 3 5
39 4 1
39 5 3
39 6 2
39 7 7
39 8 6
39 9 8
39 10 6
39 11 10
39 12 8
39 13 3
39 14 3
39 15 7
39 16 3
39 17 3
39 18 8
39 19 10
39 20 6
39 21 3
39 22 5
39 23 10
39 24 3
39 25 6
39 26 2
39 27 3
39 28 8
39 29 5
39 30 2
39 31 2
39 32 3
39 33 3
39 34 3
39 35 9
39 36 2
39 37 10
39 38 5
40 0 8
40 1 8
40 2 6
40 3 6
40 4 6
40 5 4
40 6 10
40 7 4
40 8 3
40 9 8
40 10 9
40 11 3
40 12 9
40 13 2
40 14 7
40 15 3
40 16 10
40 17 5
40 18 3
40 19 4
40 20 6
40 21 8
40 22 2
40 23 4
40 24 5
40 25 7
40 26 8
40 27 5
40 28 4
40 29 2
40 30 2
40 31 7
40 32 3
40 33 7
40 34 6
40 35 7
40 36 3
40 37 6
40 38 8
40 39 8
41 0 6
41 1 4
41 2 5
41 3 4
41 4 3
41 5 2
41 6 5
41 7 1
41 8 4
41 9 1
41 10 10
41 11 1
41 12 3
41 13 6
41 14 7
41 15 3
41 16 10
41 17 9
41 18 3
41 19 7
41 20 5
41 21 7
41 22 5
41 23 5
41 24 9
41 25 4
41 26 10
41 27 8
41 28 1
41 29 2
41 30 9
41 31 2
41 32 2
41 33 7
41 34 4
41 35 2
41 36 2
41 37 2
41 38 2
41 39 3
41 40 5
42 0 3
42 1 1
42 2 5
42 3 8
42 4 7
42 5 10
42 6 9
42 7 5
42 8 3
42 9 10
42 10 6
42 11 6
42 12 7
42 13 6
42 14 7
42 15 6
42 16 7
42 17 10
42 18 4
42 19 2
42 20 1
42 21 5
42 22 5
42 23 5
42 24 9
42 25 8
42 26 3
42 27 3
42 28 10
42 29 4
42 30 8
42 31 3
42 32 1
42 33 4
42 34 8
42 35 4
42 36 7
42 37 8
42 38 4
42 39 6
42 40 5
42 41 3
43 0 2
43 1 1
43 2 6
43 3 9
43 4 9
43 5 4
43 6 5
43 7 2
43 8 6
43 9 7
43 10 8
43 11 1
43 12 3
43 13 1
43 14 3
43 15 7
43 16 5
43 17 8
43 18 8
43 19 5
43 20 8
43 21 5
43 22 8
43 23 10
43 24 3
43 25 10
43 26 4
43 27 9
43 28 4
43 29 10
43 30 2
43 31 6
43 32 9
43 33 9
43 34 4
43 35 6
43 36 3
43 37 1
43 38 8
43 39 8
43 40 5
43 41 7
43 42 8
44 0 1
44 1 1
44 2 8
44 3 5
44 4 3
44 5 4
44 6 4
44 7 6
44 8 7
44 9 9
44 10 6
44 11 9
44 12 1
44 13 9
44 14 9
44 15 7
44 16 4
44 17 5
44 18 5
44 19 4
44 20 4
44 21 5
44 22 7
44 23 5
44 24 3
44 25 1
44 26 5
44 27 2
44 28 2
44 29 10
44 30 8
44 31 6
44 32 9
44 33 7
44 34 1
44 35 8
44 36 1
44 37 6
44 38 2
44 39 2
44 40 5
44 41 3
44 42 5
44 43 5
45 0 1
45 1 4
45 2 1
45 3 6
45 4 5
45 5 7
45 6 5
45 7 10
45 8 4
45 9 1
45 10 8
45 11 1
45 12 2
45 13 7
45 14 9
45 15 2
45 16 3
45 17 8
45 18 4
45 19 8
45 20 6
45 21 10
45 22 6
45 23 10
45 24 5
45 25 8
45 26 5
45 27 10
45 28 4
45 29 1
45 30 4
45 31 7
45 32 5
45 33 1
45 34 8
45 35 7
45 36 6
45 37 6
45 38 9
45 39 8
45 40 6
45 41 6
45 42 10
45 43 2
45 44 10
46 0 3
46 1 7
46 2 7
46 3 10
46 4 8
46 5 5
46 6 7
46 7 3
46 8 8
46 9 4
46 10 1
46 11 4
46 12 9
46 13 7
46 14 2
46 15 1
46 16 3
46 17 1
46 18 6
46 19 3
46 20 2
46 21 6
46 22 1
46 23 9
46 24 2
46 25 1
46 26 4
46 27 5
46 28 2
46 29 2
46 30 2
46 31 5
46 32 4
46 33 3
46 34 5
46 35 5
46 36 10
46 37 7
46 38 5
46 39 6
46 40 7
46 41 4
46 42 6
46 43 3
46 44 8
46 45 5
47 0 2
47 1 4
47 2 8
47 3 7
47 4 5
47 5 8
47 6 7
47 7 1
47 8 8
47 9 7
47 10 10
47 11 7
47 12 2
47 13 4
47 14 9
47 15 10
47 16 1
47 17 9
47 18 7
47 19 10
47 20 5
47 21 10
47 22 2
47 23 5
47 24 2
47 25 8
47 26 3
47 27 10
47 28 10
47 29 8
47 30 2
47 31 3
47 32 2
47 33 7
47 34 2
47 35 1
47 36 5
47 37 7
47 38 7
47 39 1
47 40 2
47 41 5
47 42 2
47 43 7
47 44 1
47 45 10
47 46 8
48 0 7
48 1 1
48 2 4
48 3 1
48 4 10
48 5 2
48 6 5
48 7 1
48 8 2
48 9 1
48 10 5
48 11 6
48 12 10
48 13 9
48 14 9
48 15 6
48 16 6
48 17 3
48 18 8
48 19 8
48 20 6
48 21 5
48 22 4
48 23 10
48 24 5
48 25 5
48 26 3
48 27 8
48 28 3
48 29 6
48 30 9
48 31 3
48 32 2
48 33 8
48 34 2
48 35 8
48 36 4
48 37 1
48 38 7
48 39 10
48 40 1
48 41 2
48 42 7
48 43 3
48 44 9
48 45 9
48 46 8
48 47 3
49 0 6
49 1 2
49 2 5
49 3 4
49 4 3
49 5 1
49 6 9
49 7 10
49 8 9
49 9 1
49 10 9
49 11 2
49 12 7
49 13 7
49 14 3
49 15 8
49 16 10
49 17 9
49 18 6
49 19 7
49 20 8
49 21 1
49 22 6
49 23 9
49 24 6
49 25 8
49 26 8
49 27 7
49 28 9
49 29 6
49 30 9
49 31 2
49 32 3
49 33 4
49 34 9
49 35 4
49 36 3
49 37 6
49 38 6
49 39 8
49 40 7
49 41 1
49 42 1
49 43 5
49 44 1
49 45 6
49 46 6
49 47 2
49 48 8
50 0 2
50 1 5
50 2 1
50 3 5
50 4 1
50 5 1
50 6 4
50 7 1
50 8 7
50 9 3
50 10 3
50 11 10
50 12 1
50 13 2
50 14 4
50 15 2
50 16 8
50 17 2
50 18 4
50 19 3
50 20 7
50 21 1
50 22 8
50 23 3
50 24 4
50 25 8
50 26 7
50 27 5
50 28 10
50 29 7
50 30 7
50 31 9
50 32 6
50 33 9
50 34 5
50 35 2
50 36 10
50 37 1
50 38 5
50 39 10
50 40 7
50 41 8
50 42 10
50 43 8
50 44 6
50 45 1
50 46 9
50 47 4
50 48 8
50 49 3
51 0 3
51 1 1
51 2 6
51 3 5
51 4 10
51 5 4
51 6 7
51 7 6
51 8 5
51 9 9
51 10 4
51 11 10
51 12 1
51 13 4
51 14 7
51 15 10
51 16 7
51 17 1
51 18 5
51 19 9
51 20 5
51 21 3
51 22 8
51 23 10
51 24 10
51 25 2
51 26 5
51 27 3
51 28 7
51 29 4
51 30 1
51 31 3
51 32 5
51 33 4
51 34 8
51 35 8
51 36 6
51 37 3
51 38 10
51 39 6
51 40 6
51 41 7
51 42 7
51 43 5
51 44 3
51 45 10
51 46 1
51 47 9
51 48 9
51 49 6
51 50 1
52 0 2
52 1 10
52 2 1
52 3 10
52 4 3
52 5 5
52 6 9
52 7 2
52 8 8
52 9 2
52 10 9
52 11 8
52 12 7
52 13 10
52 14 2
52 15 2
52 16 3
52 17 10
52 18 9
52 19 10
52 20 9
52 21 6
52 22 4
52 23 6
52 24 8
52 25 5
52 26 1
52 27 9
52 28 1
52 29 8
52 30 3
52 31 1
52 32 6
52 33 6
52 34 7
52 35 3
52 36 3
52 37 7
52 38 5
52 39 1
52 40 5
52 41 6
52 42 10
52 43 9
52 44 8
52 45 1
52 46 3
52 47 6
52 48 1
52 49 8
52 50 2
52 51 7
53 0 8
53 1 4
53 2 3
53 3 7
53 4 4
53 5 8
53 6 1
53 7 9
53 8 3
53 9 5
53 10 10
53 11 3
53 12 4
53 13 3
53 14 3
53 15 5
53 16 7
53 17 8
53 18 10
53 19 10
53 20 6
53 21 7
53 22 10
53 23 7
53 24 7
53 25 10
53 26 2
53 27 10
53 28 3
53 29 5
53 30 6
53 31 5
53 32 10
53 33 4
53 34 8
53 35 3
53 36 5
53 37 6
53 38 4
53 39 7
53 40 5
53 41 8
53 42 5
53 43 1
53 44 5
53 45 7
53 46 3
53 47 2
53 48 5
53 49 9
53 50 4
53 51 2
53 52 10
54 0 7
54 1 10
54 2 5
54 3 6
54 4 7
54 5 3
54 6 4
54 7 6
54 8 6
54 9 6
54 10 8
54 11 9
54 12 2
54 13 2
54 14 6
54 15 10
54 16 9
54 17 10
54 18 7
54 19 3
54 20 3
54 21 5
54 22 3
54 23 2
54 24 6
54 25 6
54 26 6
54 27 8
54 28 6
54 29 10
54 30 8
54 31 4
54 32 1
54 33 3
54 34 2
54 35 3
54 36 7
54 37 4
54 38 6
54 39 7
54 40 4
54 41 7
54 42 3
54 43 8
54 44 9
54 45 3
54 46 2
54 47 2
54 48 7
54 49 5
54 50 3
54 51 8
54 52 2
54 53 6
55 0 9
55 1 4
55 2 4
55 3 4
55 4 4
55 5 3
55 6 5
55 7 8
55 8 3
55 9 6
55 10 8
55 11 8
55 12 7
55 13 10
55 14 6
55 15 1
55 16 2
55 17 4
55 18 9
55 19 5
55 20 6
55 21 2
55 22 10
55 23 7
55 24 3
55 25 10
55 26 7
55 27 3
55 28 8
55 29 4
55 30 4
55 31 9
55 32 2
55 33 9
55 34 2
55 35 8
55 36 9
55 37 9
55 38 4
55 39 7
55 40 8
55 41 6
55 42 6
55 43 5
55 44 6
55 45 8
55 46 8
55 47 3
55 48 4
55 49 4
55 50 9
55 51 3
55 52 3
55 53 7
55 54 9
56 0 4
56 1 4
56 2 6
56 3 1
56 4 10
56 5 6
56 6 4
56 7 1
56 8 5
56 9 7
56 10 1
56 11 7
56 12 2
56 13 7
56 14 1
56 15 8
56 16 3
56 17 4
56 18 3
56 19 8
56 20 7
56 21 1
56 22 2
56 23 1
56 24 4
56 25 1
56 26 7
56 27 5
56 28 3
56 29 8
56 30 9
56 31 1
56 32 2
56 33 5
56 34 4
56 35 7
56 36 8
56 37 2
56 38 9
56 39 2
56 40 8
56 41 9
56 42 2
56 43 2
56 44 10
56 45 6
56 46 1
56 47 5
56 48 10
56 49 2
56 50 8
56 51 2
56 52 6
56 53 8
56 54 3
56 55 6
57 0 7
57 1 7
57 2 7
57 3 5
57 4 3
57 5 1
57 6 1
57 7 5
57 8 7
57 9 7
57 10 9
57 11 7
57 12 10
57 13 3
57 14 6
57 15 4
57 16 7
57 17 2
57 18 7
57 19 3
57 20 4
57 21 8
57 22 5
57 23 4
57 24 5
57 25 5
57 26 8
57 27 9
57 28 7
57 29 8
57 30 8
57 31 6
57 32 10
57 33 9
57 34 8
57 35 9
57 36 8
57 37 1
57 38 6
57 39 4
57 40 3
57 41 3
57 42 9
57 43 8
57 44 3
57 45 1
57 46 10
57 47 3
57 48 5
57 49 9
57 50 8
57 51 10
57 52 3
57 53 4
57 54 7
57 55 10
57 56 2
58 0 6
58 1 10
58 2 3
58 3 10
58 4 4
58 5 4
58 6 7
58 7 1
58 8 7
58 9 7
58 10 1
58 11 6
58 12 10
58 13 2
58 14 10
58 15 1
58 16 4
58 17 9
58 18 8
58 19 2
58 20 8
58 21 9
58 22 9
58 23 9
58 24 1
58 25 7
58 26 4
58 27 4
58 28 5
58 29 2
58 30 4
58 31 9
58 32 1
58 33 6
58 34 3
58 35 6
58 36 3
58 37 2
58 38 4
58 39 7
58 40 4
58 41 9
58 42 5
58 43 2
58 44 6
58 45 3
58 46 7
58 47 8
58 48 3
58 49 7
58 50 5
58 51 5
58 52 1
58 53 7
58 54 6
58 55 5
58 56 4
58 57 1
59 0 9
59 1 10
59 2 3
59 3 9
59 4 1
59 5 5
59 6 1
59 7 5
59 8 4
59 9 1
59 10 2
59 11 6
59 12 4
59 13 2
59 14 4
59 15 3
59 16 8
59 17 10
59 18 9
59 19 8
59 20 7
59 21 5
59 22 1
59 23 3
59 24 1
59 25 6
59 26 6
59 27 1
59 28 7
59 29 10
59 30 1
59 31 5
59 32 7
59 33 9
59 34 6
59 35 7
59 36 1
59 37 10
59 38 7
59 39 10
59 40 5
59 41 9
59 42 9
59 43 7
59 44 9
59 45 3
59 46 2
59 47 1
59 48 5
59 49 10
59 50 4
59 51 1
59 52 1
59 53 7
59 54 5
59 55 9
59 56 6
59 57 1
59 58 1
60 0 1
60 1 3
60 2 6
60 3 1
60 4 10
60 5 3
60 6 5
60 7 9
60 8 10
60 9 6
60 10 9
60 11 7
60 12 1
60 13 3
60 14 8
60 15 2
60 16 7
60 17 4
60 18 9
60 19 10
60 20 6
60 21 1
60 22 10
60 23 6
60 24 8
60 25 9
60 26 3
60 27 1
60 28 9
60 29 7
60 30 9
60 31 8
60 32 7
60 33 10
60 34 6
60 35 5
60 36 1
60 37 6
60 38 10
60 39 6
60 40 8
60 41 3
60 42 3
60 43 5
60 44 5
60 45 2
60 46 10
60 47 5
60 48 7
60 49 4
60 50 8
60 51 10
60 52 6
60 53 9
60 54 1
60 55 10
60 56 6
60 57 5
60 58 2
60 59 8
61 0 7
61 1 2
61 2 9
61 3 4
61 4 1
61 5 6
61 6 8
61 7 6
61 8 5
61 9 6
61 10 4
61 11 3
61 12 3
61 13 4
61 14 4
61 15 9
61 16 7
61 17 6
61 18 10
61 19 3
61 20 7
61 21 8
61 22 1
61 23 2
61 24 6
61 25 8
61 26 2
61 27 4
61 28 4
61 29 2
61 30 7
61 31 2
61 32 5
61 33 3
61 34 3
61 35 7
61 36 4
61 37 7
61 38 2
61 39 1
61 40 4
61 41 8
61 42 5
61 43 2
61 44 2
61 45 9
61 46 1
61 47 4
61 48 9
61 49 3
61 50 8
61 51 4
61 52 9
61 53 3
61 54 4
61 55 1
61 56 4
61 57 4
61 58 9
61 59 1
61 60 4
62 0 5
62 1 8
62 2 1
62 3 4
62 4 10
62 5 8
62 6 5
62 7 6
62 8 1
62 9 8
62 10 9
62 11 9
62 12 4
62 13 3
62 14 9
62 15 3
62 16 1
62 17 1
62 18 4
62 19 7
62 20 7
62 21 1
62 22 6
62 23 5
62 24 4
62 25 6
62 26 9
62 27 3
62 28 8
62 29 8
62 30 5
62 31 1
62 32 3
62 33 5
62 34 8
62 35 3
62 36 7
62 37 3
62 38 8
62 39 3
62 40 3
62 41 8
62 42 5
62 43 6
62 44 9
62 45 5
62 46 10
62 47 6
62 48 6
62 49 7
62 50 1
62 51 3
62 52 7
62 53 2
62 54 7
62 55 1
62 56 7
62 57 9
62 58 1
62 59 7
62 60 5
62 61 10
63 0 5
63 1 6
63 2 10
63 3 8
63 4 4
63 5 6
63 6 2
63 7 3
63 8 4
63 9 2
63 10 7
63 11 1
63 12 7
63 13 6
63 14 2
63 15 1
63 16 5
63 17 1
63 18 3
63 19 8
63 20 2
63 21 10
63 22 5
63 23 7
63 24 2
63 25 6
63 26 2
63 27 5
63 28 7
63 29 6
63 30 5
63 31 2
63 32 7
63 33 10
63 34 10
63 35 4
63 36 6
63 37 3
63 38 6
63 39 2
63 40 1
63 41 1
63 42 2
63 43 6
63 44 9
63 45 3
63 46 6
63 47 4
63 48 4
63 49 9
63 50 2
63 51 4
63 52 1
63 53 5
63 54 6
63 55 7
63 56 8
63 57 2
63 58 9
63 59 7
63 60 9
63 61 5
63 62 7
64 0 5
64 1 2
64 2 5
64 3 8
64 4 3
64 5 7
64 6 7
64 7 3
64 8 4
64 9 2
64 10 6
64 11 4
64 12 10
64 13 4
64 14 5
64 15 6
64 16 7
64 17 7
64 18 5
64 19 3
64 20 4
64 21 6
64 22 6
64 23 6
64 24 5
64 25 4
64 26 3
64 27 1
64 28 8
64 29 2
64 30 4
64 31 5
64 32 4
64 33 6
64 34 7
64 35 1
64 36 4
64 37 10
64 38 7
64 39 6
64 40 5
64 41 9
64 42 7
64 43 4
64 44 5
64 45 10
64 46 1
64 47 6
64 48 5
64 49 1
64 50 8
64 51 7
64 52 4
64 53 7
64 54 1
64 55 4
64 56 6
64 57 10
64 58 4
64 59 4
64 60 8
64 61 10
64 62 9
64 63 1
65 0 9
65 1 6
65 2 8
65 3 2
65 4 10
65 5 8
65 6 3
65 7 1
65 8 8
65 9 7
65 10 5
65 11 6
65 12 7
65 13 1
65 14 3
65 15 3
65 16 2
65 17 2
65 18 7
65 19 3
65 20 5
65 21 10
65 22 8
65 23 5
65 24 6
65 25 5
65 26 1
65 27 10
65 28 6
65 29 9
65 30 7
65 31 9
65 32 6
65 33 3
65 34 1
65 35 5
65 36 7
65 37 9
65 38 8
65 39 1
65 40 4
65 41 7
65 42 4
65 43 7
65 44 1
65 45 6
65 46 10
65 47 10
65 48 2
65 49 4
65 50 2
65 51 8
65 52 7
65 53 9
65 54 6
65 55 6
65 56 10
65 57 9
65 58 8
65 59 3
65 60 8
65 61 2
65 62 8
65 63 8
65 64 8
66 0 10
66 1 4
66 2 1
66 3 2
66 4 9
66 5 2
66 6 10
66 7 3
66 8 5
66 9 2
66 10 7
66 11 2
66 12 5
66 13 3
66 14 9
66 15 6
66 16 4
66 17 4
66 18 6
66 19 1
66 20 3
66 21 6
66 22 1
66 23 3
66 24 9
66 25 9
66 26 7
66 27 3
66 28 2
66 29 2
66 30 8
66 31 5
66 32 8
66 33 5
66 34 5
66 35 7
66 36 7
66 37 1
66 38 7
66 39 7
66 40 7
66 41 2
66 42 7
66 43 9
66 44 3
66 45 10
66 46 2
66 47 3
66 48 7
66 49 10
66 50 4
66 51 5
66 52 6
66 53 2
66 54 10
66 55 7
66 56 10
66 57 2
66 58 8
66 59 7
66 60 7
66 61 3
66 62 4
66 63 7
66 64 1
66 65 4
67 0 10
67 1 1
67 2 9
67 3 3
67 4 9
67 5 6
67 6 2
67 7 2
67 8 6
67 9 1
67 10 8
67 11 7
67 12 3
67 13 6
67 14 10
67 15 9
67 16 9
67 17 7
67 18 5
67 19 10
67 20 10
67 21 2
67 22 1
67 23 4
67 24 2
67 25 9
67 26 2
67 27 9
67 28 8
67 29 10
67 30 9
67 31 10
67 32 3
67 33 8
67 34 3
67 35 8
67 36 8
67 37 4
67 38 9
67 39 3
67 40 6
67 41 3
67 42 4
67 43 6
67 44 5
67 45 6
67 46 4
67 47 2
67 48 8
67 49 9
67 50 2
67 51 3
67 52 4
67 53 3
67 54 10
67 55 8
67 56 3
67 57 3
67 58 9
67 59 2
67 60 6
67 61 10
67 62 9
67 63 4
67 64 2
67 65 5
67 66 9
68 0 3
68 1 10
68 2 7
68 3 10
68 4 8
68 5 3
68 6 3
68 7 10
68 8 4
68 9 3
68 10 3
68 11 2
68 12 1
68 13 3
68 14 1
68 15 9
68 16 5
68 17 7
68 18 2
68 19 6
68 20 9
68 21 2
68 22 10
68 23 3
68 24 6
68 25 8
68 26 6
68 27 7
68 28 8
68 29 1
68 30 10
68 31 1
68 32 10
68 33 5
68 34 2
68 35 2
68 36 2
68 37 4
68 38 3
68 39 10
68 40 3
68 41 6
68 42 8
68 43 8
68 44 7
68 45 7
68 46 7
68 47 2
68 48 8
68 49 9
68 50 1
68 51 4
68 52 6
68 53 9
68 54 7
68 55 10
68 56 6
68 57 8
68 58 6
68 59 4
68 60 10
68 61 4
68 62 8
68 63 1
68 64 4
68 65 8
68 66 2
68 67 1
69 0 1
69 1 10
69 2 9
69 3 7
69 4 10
69 5 6
69 6 6
69 7 7
69 8 2
69 9 4
69 10 6
69 11 3
69 12 10
69 13 1
69 14 2
69 15 1
69 16 4
69 17 8
69 18 8
69 19 3
69 20 9
69 21 10
69 22 10
69 23 5
69 24 6
69 25 5
69 26 1
69 27 1
69 28 9
69 29 3
69 30 4
69 31 3
69 32 1
69 33 9
69 34 10
69 35 3
69 36 10
69 37 7
69 38 1
69 39 3
69 40 6
69 41 9
69 42 9
69 43 7
69 44 6
69 45 8
69 46 3
69 47 5
69 48 5
69 49 9
69 50 8
69 51 3
69 52 2
69 53 1
69 54 1
69 55 10
69 56 4
69 57 9
69 58 2
69 59 3
69 60 7
69 61 6
69 62 10
69 63 6
69 64 4
69 65 3
69 66 4
69 67 2
69 68 6
