60
1 0 7
2 1 3
3 1 8
3 2 3
4 0 3
4 1 4
4 3 8
5 0 10
5 1 4
5 2 7
5 3 3
5 4 5
7 2 6
7 5 7
8 1 8
8 3 7
8 4 7
9 0 9
9 3 3
9 6 9
9 8 8
10 0 8
10 2 3
10 3 6
10 6 9
10 7 8
11 1 5
11 2 10
11 6 1
11 9 7
11 10 6
12 0 2
12 1 5
12 2 8
12 4 5
12 7 1
12 11 7
13 2 3
13 3 2
13 5 9
13 6 2
13 7 9
13 12 10
14 1 6
14 5 8
14 6 3
14 8 4
14 9 1
14 11 2
14 13 8
15 2 4
15 3 10
15 6 1
15 8 6
15 11 2
15 12 3
15 13 4
16 0 7
16 3 1
16 8 2
16 10 3
16 11 7
16 13 3
16 14 2
16 15 5
17 0 8
17 4 6
17 6 3
17 8 9
17 9 6
17 10 7
17 11 2
17 14 3
18 1 9
18 3 5
18 4 9
18 5 7
18 7 3
18 8 7
18 9 10
18 13 5
18 14 9
18 15 2
18 16 7
19 0 3
19 2 1
19 4 8
19 5 8
19 8 2
19 13 7
19 15 8
20 0 5
20 1 6
20 5 1
20 7 5
20 16 2
20 18 2
20 19 4
21 0 9
21 1 4
21 2 10
21 3 4
21 4 2
21 7 10
21 8 10
21 12 1
21 15 6
21 16 4
21 17 2
21 18 3
21 19 10
21 20 4
22 0 3
22 1 1
22 3 4
22 6 8
22 8 10
22 12 6
22 13 5
22 14 10
22 16 7
22 18 4
22 19 2
22 20 5
23 0 6
23 2 1
23 4 7
23 6 5
23 7 4
23 10 2
23 13 6
23 15 9
23 16 5
23 18 2
23 19 9
23 20 2
23 21 3
23 22 5
24 0 7
24 2 4
24 3 8
24 4 6
24 6 3
24 7 4
24 8 4
24 9 9
24 10 6
24 17 9
24 18 7
24 19 2
24 21 10
24 22 8
25 0 8
25 1 1
25 2 10
25 7 8
25 10 7
25 11 10
25 14 4
25 16 7
25 17 4
25 18 8
25 19 8
25 20 9
25 21 3
25 23 6
25 24 3
26 2 10
26 7 9
26 8 9
26 9 3
26 11 7
26 12 7
26 19 3
26 20 5
26 21 2
26 22 1
26 23 8
26 24 10
27 0 2
27 2 3
27 4 9
27 7 2
27 8 6
27 10 5
27 12 7
27 14 5
27 16 9
27 19 8
27 20 6
27 23 10
27 25 1
27 26 9
28 0 7
28 1 1
28 4 7
28 7 1
28 11 2
28 12 2
28 13 8
28 17 8
28 20 4
28 22 8
28 24 6
28 25 2
28 26 4
28 27 7
29 0 6
29 5 1
29 7 8
29 12 6
29 14 8
29 15 4
29 16 2
29 17 4
29 19 5
29 21 6
29 22 10
29 24 8
29 26 5
29 27 5
29 28 8
30 3 1
30 5 8
30 8 10
30 11 4
30 14 1
30 15 3
30 16 3
30 17 4
30 22 1
30 24 8
30 25 2
30 27 2
31 1 7
31 2 5
31 3 7
31 4 4
31 5 10
31 6 8
31 7 3
31 8 3
31 9 4
31 10 8
31 11 7
31 12 10
31 14 10
31 16 8
31 18 9
31 22 1
31 23 6
31 24 5
31 25 7
31 28 8
31 29 3
32 1 8
32 2 3
32 7 7
32 11 8
32 12 9
32 14 9
32 15 1
32 18 5
32 19 9
32 21 7
32 22 2
32 23 9
32 26 5
32 28 6
32 30 6
33 0 5
33 1 2
33 3 6
33 4 4
33 9 8
33 10 5
33 12 9
33 13 5
33 16 8
33 17 5
33 18 9
33 20 10
33 21 3
33 22 2
33 25 3
33 27 1
33 31 6
33 32 9
34 1 1
34 2 1
34 3 3
34 4 4
34 5 7
34 11 5
34 13 5
34 14 1
34 15 5
34 18 3
34 21 1
34 26 6
34 29 1
34 30 9
35 0 9
35 3 2
35 4 6
35 5 10
35 8 6
35 10 2
35 11 10
35 13 6
35 14 9
35 15 6
35 16 4
35 17 9
35 20 1
35 21 6
35 26 6
35 28 2
35 29 7
35 32 4
35 33 2
36 1 6
36 2 10
36 3 3
36 8 5
36 9 2
36 11 9
36 13 8
36 15 10
36 17 5
36 19 5
36 22 9
36 24 10
36 26 10
36 28 10
36 29 8
36 30 7
36 31 2
36 33 4
36 35 1
37 2 6
37 3 7
37 6 8
37 9 6
37 12 7
37 14 4
37 17 1
37 20 10
37 21 1
37 22 3
37 23 7
37 30 7
37 31 4
37 33 7
37 34 6
37 35 7
37 36 9
38 2 7
38 3 1
38 5 7
38 6 5
38 9 10
38 12 9
38 13 3
38 18 6
38 19 9
38 21 10
38 24 1
38 27 6
38 29 2
38 31 5
38 32 6
38 34 2
38 35 6
38 36 10
38 37 3
39 0 10
39 1 2
39 3 10
39 6 4
39 10 2
39 12 5
39 13 1
39 14 3
39 15 8
39 16 6
39 17 3
39 19 8
39 22 4
39 23 9
39 24 1
39 26 8
39 28 8
39 29 2
39 32 6
39 34 9
39 35 4
39 38 2
40 2 9
40 3 9
40 4 10
40 5 6
40 6 4
40 7 1
40 9 8
40 10 5
40 21 10
40 23 9
40 24 8
40 27 3
40 28 6
40 29 10
40 31 8
40 33 1
40 34 3
40 35 10
40 36 10
41 1 1
41 2 8
41 5 8
41 6 10
41 7 10
41 8 7
41 9 3
41 10 3
41 11 2
41 14 5
41 16 9
41 17 9
41 19 8
41 21 2
41 27 4
41 29 7
41 32 8
41 33 7
41 34 6
41 35 2
41 37 4
41 40 8
42 0 2
42 1 1
42 3 2
42 4 1
42 5 5
42 6 6
42 8 3
42 10 3
42 12 5
42 13 10
42 17 5
42 18 10
42 19 4
42 21 7
42 22 3
42 23 8
42 25 3
42 26 5
42 28 3
42 31 1
42 34 4
42 35 1
42 39 2
42 40 6
43 1 6
43 2 2
43 4 9
43 7 10
43 8 7
43 11 6
43 12 7
43 13 5
43 14 3
43 15 8
43 17 5
43 18 1
43 20 5
43 21 8
43 23 5
43 25 6
43 29 3
43 30 6
43 33 2
43 36 3
43 39 7
43 41 7
43 42 7
44 0 8
44 1 9
44 3 3
44 6 8
44 8 8
44 10 2
44 12 7
44 15 5
44 19 8
44 20 9
44 21 3
44 22 7
44 23 4
44 24 8
44 25 8
44 28 1
44 30 5
44 31 5
44 33 6
44 36 10
44 37 4
44 38 10
44 40 9
45 1 10
45 5 1
45 10 8
45 12 1
45 13 9
45 16 1
45 18 9
45 21 9
45 22 1
45 23 10
45 24 10
45 26 3
45 27 9
45 30 3
45 31 6
45 35 8
45 36 5
45 37 7
45 39 4
45 40 4
45 43 5
46 0 8
46 1 8
46 2 3
46 3 9
46 6 1
46 8 8
46 9 6
46 10 6
46 11 1
46 13 8
46 14 10
46 17 9
46 18 10
46 20 9
46 24 5
46 25 7
46 26 4
46 28 4
46 30 10
46 32 6
46 34 7
46 35 4
46 37 9
46 38 9
46 40 8
46 41 1
46 45 2
47 1 1
47 2 6
47 4 2
47 6 7
47 7 2
47 9 6
47 10 7
47 13 10
47 15 6
47 16 7
47 17 9
47 19 8
47 20 10
47 21 8
47 22 8
47 23 2
47 26 7
47 29 5
47 30 2
47 31 7
47 36 3
47 38 10
47 42 3
47 43 10
48 0 1
48 2 3
48 4 3
48 8 5
48 10 7
48 12 7
48 14 4
48 15 8
48 16 4
48 19 4
48 20 1
48 26 8
48 28 2
48 30 3
48 32 4
48 34 1
48 36 9
48 38 6
48 40 9
48 41 8
48 42 10
48 44 4
48 45 7
48 46 7
48 47 3
49 2 8
49 3 7
49 7 8
49 8 7
49 10 3
49 14 10
49 16 7
49 17 9
49 18 3
49 19 4
49 22 5
49 23 4
49 24 5
49 26 4
49 30 8
49 32 7
49 34 5
49 35 8
49 36 9
49 38 6
49 39 5
49 41 5
49 43 10
49 44 6
49 46 2
49 47 10
49 48 2
50 0 6
50 1 9
50 2 5
50 4 5
50 5 4
50 7 9
50 10 6
50 15 4
50 17 4
50 22 7
50 28 9
50 29 2
50 30 9
50 33 1
50 34 2
50 35 1
50 36 8
50 39 2
50 40 8
50 43 10
50 44 3
50 45 7
50 46 1
50 48 1
51 1 5
51 5 7
51 8 5
51 9 6
51 10 1
51 12 7
51 14 2
51 17 7
51 18 1
51 21 2
51 23 6
51 26 3
51 28 10
51 29 7
51 30 10
51 31 10
51 33 6
51 34 8
51 35 9
51 36 8
51 39 7
51 40 3
51 42 10
51 43 10
51 48 8
51 49 1
52 3 8
52 5 8
52 6 2
52 8 1
52 10 7
52 11 9
52 12 6
52 13 5
52 14 8
52 16 3
52 28 6
52 29 9
52 32 7
52 35 2
52 36 3
52 37 8
52 38 5
52 42 2
52 43 7
52 44 8
52 45 5
52 46 7
52 49 2
53 4 3
53 6 10
53 10 3
53 12 4
53 15 3
53 21 2
53 22 6
53 23 6
53 24 4
53 25 10
53 26 5
53 30 6
53 32 8
53 35 9
53 37 4
53 39 9
53 42 4
53 44 1
53 45 8
53 47 5
53 50 10
53 52 7
54 0 6
54 1 1
54 4 8
54 5 8
54 7 3
54 8 7
54 9 1
54 15 1
54 16 1
54 18 1
54 19 6
54 21 5
54 22 8
54 26 8
54 28 9
54 29 5
54 30 5
54 32 2
54 33 1
54 39 7
54 41 8
54 42 5
54 44 2
54 47 9
54 48 2
54 49 2
54 50 1
54 51 2
54 53 4
55 0 5
55 2 10
55 4 9
55 5 9
55 6 2
55 9 5
55 10 1
55 12 10
55 13 7
55 14 1
55 15 7
55 17 10
55 18 6
55 19 3
55 21 1
55 22 2
55 24 4
55 25 10
55 26 7
55 28 2
55 30 6
55 32 6
55 34 8
55 36 7
55 37 10
55 39 9
55 40 7
55 41 10
55 43 5
55 46 3
55 50 1
55 51 8
55 53 8
55 54 7
56 1 6
56 2 8
56 3 9
56 5 5
56 11 8
56 12 4
56 13 10
56 14 7
56 16 7
56 17 8
56 21 8
56 24 5
56 26 3
56 28 2
56 29 7
56 30 2
56 31 9
56 32 6
56 34 8
56 38 6
56 42 5
56 45 9
56 47 1
56 48 1
56 50 7
56 51 4
56 52 9
56 54 4
56 55 9
57 3 3
57 5 7
57 10 8
57 12 8
57 13 8
57 15 9
57 19 7
57 21 9
57 23 2
57 25 9
57 26 10
57 27 2
57 30 2
57 33 10
57 36 7
57 38 1
57 40 9
57 54 10
57 55 9
58 1 3
58 3 10
58 7 9
58 8 7
58 10 4
58 14 4
58 16 2
58 17 2
58 18 6
58 19 7
58 21 10
58 22 9
58 24 10
58 25 9
58 27 6
58 31 1
58 32 6
58 33 7
58 34 8
58 37 10
58 40 10
58 42 8
58 43 6
58 44 1
58 45 10
58 46 9
58 49 1
58 50 1
58 52 10
58 56 2
58 57 9
59 0 8
59 1 3
59 2 10
59 3 4
59 5 10
59 6 1
59 10 7
59 12 2
59 14 10
59 19 1
59 22 8
59 28 6
59 29 4
59 30 4
59 31 4
59 32 3
59 33 2
59 34 1
59 36 6
59 43 10
59 44 4
59 45 7
59 46 9
59 47 9
59 50 1
59 52 1
59 54 10
59 55 10
