15
1 0 2
2 0 2
2 1 4
3 0 1
3 1 4
3 2 1
4 0 2
4 1 3
4 2 3
4 3 2
5 0 4
5 1 2
5 2 1
5 3 4
5 4 3
6 0 4
6 1 3
6 2 2
6 3 1
6 4 2
6 5 3
7 0 2
7 1 3
7 2 4
7 3 2
7 4 4
7 5 4
7 6 3
8 0 1
8 1 1
8 2 3
8 3 2
8 4 2
8 5 2
8 6 3
8 7 4
9 0 4
9 1 4
9 2 1
9 3 4
9 4 4
9 5 4
9 6 2
9 7 1
9 8 4
10 0 2
10 1 4
10 2 4
10 3 1
10 4 4
10 5 1
10 6 2
10 7 3
10 8 4
10 9 1
11 0 2
11 1 2
11 2 4
11 3 2
11 4 4
11 5 2
11 6 3
11 7 3
11 8 4
11 9 1
11 10 4
12 0 3
12 1 4
12 2 2
12 3 2
12 4 1
12 5 2
12 6 3
12 7 2
12 8 3
12 9 2
12 10 1
12 11 2
13 0 2
13 1 1
13 2 3
13 3 3
13 4 4
13 5 3
13 6 1
13 7 3
13 8 4
13 9 1
13 10 1
13 11 4
13 12 1
14 0 4
14 1 3
14 2 2
14 3 4
14 4 2
14 5 1
14 6 1
14 7 2
14 8 2
14 9 3
14 10 4
14 11 4
14 12 1
14 13 2
