70
2 1 1
3 0 1
3 2 1
4 0 1
4 1 1
4 3 1
5 1 1
5 2 1
5 3 1
5 4 1
6 0 1
6 4 1
6 5 1
7 0 1
7 1 1
7 4 1
7 5 1
8 1 1
8 2 1
8 3 1
8 6 1
8 7 1
9 0 1
9 2 1
9 4 1
9 7 1
10 2 1
10 3 1
10 5 1
10 8 1
10 9 1
11 0 1
11 4 1
11 8 1
11 9 1
11 10 1
12 2 1
12 4 1
12 5 1
12 7 1
12 8 1
12 10 1
13 1 1
13 5 1
13 6 1
13 11 1
14 0 1
14 2 1
14 3 1
14 4 1
14 5 1
14 6 1
14 7 1
14 8 1
14 10 1
14 11 1
14 12 1
15 0 1
15 2 1
15 4 1
15 7 1
15 8 1
15 11 1
15 12 1
15 13 1
16 0 1
16 5 1
16 6 1
17 0 1
17 3 1
17 8 1
17 9 1
17 11 1
17 15 1
17 16 1
18 0 1
18 1 1
18 2 1
18 4 1
18 7 1
18 9 1
18 10 1
18 11 1
18 15 1
19 1 1
19 2 1
19 7 1
19 8 1
19 12 1
19 13 1
19 15 1
20 0 1
20 4 1
20 5 1
20 8 1
20 9 1
20 11 1
20 14 1
20 15 1
20 19 1
21 0 1
21 5 1
21 6 1
21 7 1
21 12 1
21 14 1
21 16 1
21 17 1
21 18 1
22 0 1
22 1 1
22 4 1
22 7 1
22 8 1
22 9 1
22 10 1
22 15 1
22 18 1
22 20 1
22 21 1
23 2 1
23 5 1
23 11 1
23 12 1
23 14 1
23 17 1
23 19 1
23 21 1
23 22 1
24 4 1
24 6 1
24 8 1
24 9 1
24 10 1
24 12 1
24 14 1
24 15 1
24 17 1
24 19 1
24 23 1
25 0 1
25 2 1
25 4 1
25 5 1
25 12 1
25 15 1
25 17 1
25 18 1
25 21 1
25 22 1
26 1 1
26 2 1
26 6 1
26 7 1
26 9 1
26 10 1
26 11 1
26 14 1
26 16 1
26 19 1
26 22 1
26 23 1
26 24 1
27 1 1
27 2 1
27 3 1
27 5 1
27 7 1
27 11 1
27 13 1
27 23 1
28 0 1
28 1 1
28 5 1
28 6 1
28 7 1
28 8 1
28 15 1
28 16 1
28 17 1
28 18 1
28 19 1
28 20 1
28 22 1
28 23 1
28 25 1
28 26 1
29 1 1
29 2 1
29 3 1
29 11 1
29 20 1
29 21 1
29 23 1
29 25 1
30 0 1
30 1 1
30 3 1
30 4 1
30 8 1
30 9 1
30 11 1
30 12 1
30 13 1
30 19 1
30 20 1
30 21 1
30 22 1
30 23 1
30 24 1
30 28 1
30 29 1
31 2 1
31 3 1
31 4 1
31 5 1
31 8 1
31 10 1
31 11 1
31 15 1
31 16 1
31 18 1
31 20 1
31 21 1
31 24 1
31 25 1
31 26 1
31 28 1
32 0 1
32 1 1
32 11 1
32 14 1
32 23 1
32 25 1
32 27 1
32 28 1
33 1 1
33 3 1
33 4 1
33 8 1
33 9 1
33 12 1
33 16 1
33 20 1
33 28 1
33 32 1
34 0 1
34 1 1
34 2 1
34 3 1
34 6 1
34 8 1
34 10 1
34 12 1
34 14 1
34 15 1
34 16 1
34 19 1
34 20 1
34 23 1
34 25 1
34 26 1
34 29 1
34 30 1
34 33 1
35 2 1
35 3 1
35 4 1
35 7 1
35 8 1
35 9 1
35 11 1
35 12 1
35 17 1
35 19 1
35 20 1
35 22 1
35 23 1
35 24 1
35 34 1
36 0 1
36 1 1
36 5 1
36 6 1
36 8 1
36 12 1
36 14 1
36 16 1
36 17 1
36 18 1
36 20 1
36 23 1
36 25 1
36 27 1
36 32 1
36 33 1
37 0 1
37 2 1
37 8 1
37 12 1
37 13 1
37 15 1
37 16 1
37 20 1
37 24 1
37 26 1
37 28 1
37 29 1
37 30 1
37 31 1
37 32 1
37 33 1
37 36 1
38 0 1
38 1 1
38 2 1
38 3 1
38 4 1
38 5 1
38 7 1
38 8 1
38 10 1
38 14 1
38 15 1
38 17 1
38 19 1
38 25 1
38 26 1
38 27 1
38 28 1
38 29 1
38 31 1
38 32 1
38 33 1
38 37 1
39 3 1
39 4 1
39 7 1
39 8 1
39 9 1
39 10 1
39 13 1
39 16 1
39 18 1
39 19 1
39 21 1
39 22 1
39 23 1
39 29 1
39 33 1
39 34 1
39 35 1
39 37 1
40 3 1
40 4 1
40 5 1
40 6 1
40 10 1
40 12 1
40 13 1
40 14 1
40 15 1
40 17 1
40 20 1
40 22 1
40 26 1
40 31 1
40 32 1
40 33 1
40 34 1
40 35 1
40 36 1
40 38 1
41 0 1
41 1 1
41 3 1
41 4 1
41 5 1
41 6 1
41 7 1
41 8 1
41 9 1
41 10 1
41 11 1
41 12 1
41 14 1
41 16 1
41 17 1
41 18 1
41 19 1
41 22 1
41 25 1
41 28 1
41 30 1
41 33 1
41 36 1
41 39 1
41 40 1
42 2 1
42 6 1
42 9 1
42 10 1
42 11 1
42 12 1
42 14 1
42 18 1
42 20 1
42 22 1
42 25 1
42 32 1
42 34 1
42 38 1
42 39 1
42 40 1
43 1 1
43 4 1
43 5 1
43 9 1
43 10 1
43 11 1
43 14 1
43 15 1
43 19 1
43 20 1
43 22 1
43 24 1
43 26 1
43 27 1
43 29 1
43 30 1
43 31 1
43 33 1
43 34 1
43 35 1
43 36 1
43 38 1
43 39 1
44 1 1
44 3 1
44 7 1
44 9 1
44 13 1
44 14 1
44 18 1
44 19 1
44 21 1
44 22 1
44 25 1
44 26 1
44 27 1
44 28 1
44 29 1
44 30 1
44 33 1
44 34 1
44 35 1
44 36 1
44 39 1
44 40 1
44 41 1
44 42 1
45 1 1
45 2 1
45 3 1
45 4 1
45 5 1
45 10 1
45 11 1
45 14 1
45 15 1
45 16 1
45 17 1
45 18 1
45 19 1
45 20 1
45 22 1
45 23 1
45 26 1
45 27 1
45 30 1
45 37 1
45 39 1
45 43 1
45 44 1
46 1 1
46 2 1
46 3 1
46 5 1
46 6 1
46 9 1
46 10 1
46 11 1
46 12 1
46 18 1
46 19 1
46 21 1
46 24 1
46 25 1
46 29 1
46 31 1
46 32 1
46 34 1
46 35 1
46 36 1
46 38 1
46 40 1
46 42 1
46 43 1
46 45 1
47 2 1
47 3 1
47 5 1
47 7 1
47 9 1
47 10 1
47 12 1
47 15 1
47 16 1
47 18 1
47 20 1
47 21 1
47 22 1
47 23 1
47 24 1
47 28 1
47 33 1
47 35 1
47 38 1
47 39 1
47 40 1
47 41 1
47 42 1
47 44 1
48 0 1
48 2 1
48 9 1
48 10 1
48 11 1
48 12 1
48 14 1
48 15 1
48 16 1
48 17 1
48 18 1
48 19 1
48 20 1
48 23 1
48 24 1
48 25 1
48 27 1
48 30 1
48 31 1
48 32 1
48 33 1
48 34 1
48 35 1
48 38 1
48 39 1
48 41 1
48 42 1
48 43 1
48 47 1
49 2 1
49 4 1
49 5 1
49 6 1
49 11 1
49 12 1
49 13 1
49 15 1
49 17 1
49 19 1
49 20 1
49 23 1
49 28 1
49 29 1
49 31 1
49 33 1
49 35 1
49 38 1
49 41 1
49 44 1
49 45 1
49 46 1
49 48 1
50 0 1
50 4 1
50 6 1
50 7 1
50 8 1
50 11 1
50 12 1
50 13 1
50 17 1
50 18 1
50 19 1
50 20 1
50 21 1
50 23 1
50 27 1
50 28 1
50 29 1
50 31 1
50 32 1
50 33 1
50 35 1
50 39 1
50 40 1
50 41 1
50 45 1
50 49 1
51 0 1
51 1 1
51 3 1
51 5 1
51 8 1
51 9 1
51 11 1
51 16 1
51 17 1
51 19 1
51 23 1
51 24 1
51 26 1
51 27 1
51 29 1
51 30 1
51 31 1
51 32 1
51 34 1
51 37 1
51 40 1
51 41 1
51 45 1
51 47 1
51 48 1
51 49 1
51 50 1
52 1 1
52 3 1
52 4 1
52 5 1
52 6 1
52 7 1
52 8 1
52 11 1
52 14 1
52 15 1
52 19 1
52 20 1
52 24 1
52 28 1
52 31 1
52 32 1
52 34 1
52 35 1
52 41 1
52 42 1
52 44 1
52 45 1
52 46 1
52 49 1
53 3 1
53 4 1
53 6 1
53 11 1
53 16 1
53 18 1
53 20 1
53 21 1
53 24 1
53 25 1
53 26 1
53 30 1
53 33 1
53 35 1
53 41 1
53 43 1
53 44 1
53 45 1
53 46 1
53 47 1
53 51 1
53 52 1
54 2 1
54 3 1
54 6 1
54 7 1
54 8 1
54 10 1
54 14 1
54 16 1
54 18 1
54 19 1
54 20 1
54 21 1
54 22 1
54 24 1
54 25 1
54 29 1
54 31 1
54 32 1
54 34 1
54 35 1
54 36 1
54 38 1
54 41 1
54 42 1
54 44 1
54 45 1
54 46 1
54 51 1
54 52 1
54 53 1
55 2 1
55 3 1
55 5 1
55 9 1
55 13 1
55 15 1
55 16 1
55 17 1
55 18 1
55 21 1
55 26 1
55 27 1
55 29 1
55 30 1
55 32 1
55 33 1
55 35 1
55 37 1
55 38 1
55 39 1
55 41 1
55 45 1
55 46 1
55 48 1
55 49 1
55 53 1
55 54 1
56 1 1
56 2 1
56 3 1
56 6 1
56 7 1
56 8 1
56 10 1
56 11 1
56 12 1
56 13 1
56 15 1
56 16 1
56 17 1
56 21 1
56 22 1
56 24 1
56 25 1
56 28 1
56 29 1
56 30 1
56 32 1
56 33 1
56 34 1
56 35 1
56 37 1
56 41 1
56 45 1
56 46 1
56 47 1
56 48 1
56 49 1
56 50 1
56 51 1
56 53 1
56 55 1
57 0 1
57 1 1
57 2 1
57 4 1
57 8 1
57 9 1
57 14 1
57 16 1
57 19 1
57 22 1
57 23 1
57 24 1
57 25 1
57 28 1
57 33 1
57 34 1
57 36 1
57 37 1
57 38 1
57 42 1
57 45 1
57 46 1
57 48 1
57 51 1
57 53 1
57 54 1
57 55 1
57 56 1
58 0 1
58 1 1
58 3 1
58 12 1
58 13 1
58 17 1
58 18 1
58 21 1
58 24 1
58 25 1
58 26 1
58 27 1
58 28 1
58 30 1
58 31 1
58 32 1
58 34 1
58 35 1
58 36 1
58 41 1
58 43 1
58 44 1
58 48 1
58 51 1
58 53 1
58 54 1
58 55 1
58 56 1
58 57 1
59 0 1
59 1 1
59 2 1
59 4 1
59 11 1
59 12 1
59 13 1
59 19 1
59 20 1
59 21 1
59 22 1
59 23 1
59 25 1
59 28 1
59 34 1
59 37 1
59 38 1
59 40 1
59 42 1
59 44 1
59 45 1
59 46 1
59 47 1
59 49 1
59 51 1
59 52 1
59 53 1
59 56 1
59 57 1
59 58 1
60 2 1
60 3 1
60 4 1
60 5 1
60 8 1
60 9 1
60 11 1
60 12 1
60 14 1
60 18 1
60 19 1
60 21 1
60 22 1
60 23 1
60 24 1
60 25 1
60 27 1
60 29 1
60 30 1
60 31 1
60 32 1
60 33 1
60 34 1
60 38 1
60 45 1
60 47 1
60 48 1
60 50 1
60 51 1
60 52 1
60 53 1
60 56 1
60 57 1
61 0 1
61 3 1
61 4 1
61 5 1
61 6 1
61 7 1
61 8 1
61 11 1
61 13 1
61 15 1
61 16 1
61 18 1
61 20 1
61 21 1
61 24 1
61 28 1
61 31 1
61 32 1
61 36 1
61 38 1
61 41 1
61 42 1
61 43 1
61 45 1
61 46 1
61 48 1
61 51 1
61 52 1
61 53 1
61 54 1
61 55 1
61 57 1
61 60 1
62 3 1
62 4 1
62 7 1
62 8 1
62 10 1
62 13 1
62 14 1
62 15 1
62 17 1
62 19 1
62 22 1
62 23 1
62 26 1
62 28 1
62 31 1
62 33 1
62 35 1
62 36 1
62 38 1
62 39 1
62 41 1
62 42 1
62 46 1
62 47 1
62 48 1
62 49 1
62 50 1
62 51 1
62 52 1
62 55 1
62 56 1
62 57 1
62 60 1
63 1 1
63 3 1
63 4 1
63 5 1
63 6 1
63 8 1
63 9 1
63 10 1
63 11 1
63 12 1
63 13 1
63 15 1
63 16 1
63 18 1
63 21 1
63 22 1
63 24 1
63 25 1
63 26 1
63 28 1
63 29 1
63 32 1
63 33 1
63 34 1
63 35 1
63 37 1
63 38 1
63 39 1
63 40 1
63 41 1
63 43 1
63 44 1
63 45 1
63 46 1
63 50 1
63 51 1
63 52 1
63 55 1
63 57 1
63 58 1
63 59 1
63 60 1
63 61 1
64 0 1
64 1 1
64 8 1
64 9 1
64 10 1
64 11 1
64 12 1
64 14 1
64 16 1
64 19 1
64 20 1
64 21 1
64 22 1
64 28 1
64 31 1
64 33 1
64 36 1
64 37 1
64 38 1
64 42 1
64 43 1
64 45 1
64 47 1
64 49 1
64 50 1
64 51 1
64 55 1
64 56 1
64 61 1
64 62 1
65 0 1
65 1 1
65 4 1
65 5 1
65 6 1
65 10 1
65 11 1
65 13 1
65 15 1
65 16 1
65 18 1
65 24 1
65 25 1
65 30 1
65 34 1
65 35 1
65 37 1
65 38 1
65 40 1
65 46 1
65 49 1
65 50 1
65 51 1
65 52 1
65 55 1
65 57 1
65 59 1
65 61 1
65 62 1
65 63 1
66 3 1
66 8 1
66 12 1
66 14 1
66 15 1
66 16 1
66 17 1
66 19 1
66 23 1
66 29 1
66 31 1
66 35 1
66 40 1
66 41 1
66 42 1
66 43 1
66 44 1
66 46 1
66 49 1
66 53 1
66 54 1
66 56 1
66 57 1
66 58 1
66 62 1
66 63 1
66 64 1
67 5 1
67 7 1
67 8 1
67 9 1
67 11 1
67 15 1
67 16 1
67 17 1
67 19 1
67 22 1
67 23 1
67 26 1
67 28 1
67 29 1
67 32 1
67 33 1
67 34 1
67 36 1
67 37 1
67 42 1
67 43 1
67 45 1
67 48 1
67 52 1
67 53 1
67 64 1
68 0 1
68 1 1
68 2 1
68 4 1
68 5 1
68 7 1
68 12 1
68 15 1
68 20 1
68 22 1
68 24 1
68 25 1
68 26 1
68 30 1
68 39 1
68 40 1
68 42 1
68 43 1
68 44 1
68 47 1
68 48 1
68 49 1
68 50 1
68 53 1
68 54 1
68 55 1
68 56 1
68 61 1
68 62 1
68 65 1
68 67 1
69 3 1
69 4 1
69 5 1
69 7 1
69 8 1
69 10 1
69 12 1
69 14 1
69 16 1
69 18 1
69 23 1
69 24 1
69 26 1
69 28 1
69 32 1
69 33 1
69 35 1
69 36 1
69 40 1
69 41 1
69 43 1
69 47 1
69 48 1
69 49 1
69 52 1
69 56 1
69 57 1
69 60 1
69 61 1
69 62 1
69 65 1
