30
1 0 5
2 0 8
2 1 5
3 0 4
3 1 5
3 2 7
4 0 9
4 1 6
4 2 4
4 3 5
5 0 6
5 1 7
5 2 8
5 3 7
5 4 8
6 0 1
6 1 1
6 2 1
6 3 9
6 4 1
6 5 3
7 0 9
7 1 6
7 2 5
7 3 9
7 4 6
7 5 4
7 6 2
8 0 4
8 1 9
8 2 2
8 3 8
8 4 1
8 5 3
8 6 6
8 7 8
9 0 2
9 1 8
9 2 1
9 3 4
9 4 7
9 5 4
9 6 6
9 7 7
9 8 2
10 0 2
10 1 6
10 2 6
10 3 3
10 4 5
10 5 5
10 6 5
10 7 2
10 8 2
10 9 8
11 0 9
11 1 3
11 2 1
11 3 6
11 4 8
11 5 5
11 6 9
11 7 6
11 8 4
11 9 9
11 10 7
12 0 7
12 1 8
12 2 9
12 3 5
12 4 5
12 5 1
12 6 1
12 7 5
12 8 2
12 9 3
12 10 4
12 11 4
13 0 5
13 1 8
13 2 9
13 3 6
13 4 5
13 5 9
13 6 3
13 7 4
13 8 1
13 9 5
13 10 5
13 11 6
13 12 4
14 0 6
14 1 2
14 2 5
14 3 8
14 4 2
14 5 9
14 6 3
14 7 5
14 8 6
14 9 6
14 10 7
14 11 8
14 12 6
14 13 4
15 0 7
15 1 3
15 2 9
15 3 1
15 4 8
15 5 7
15 6 4
15 7 7
15 8 8
15 9 8
15 10 5
15 11 9
15 12 6
15 13 8
15 14 5
16 0 5
16 1 7
16 2 8
16 3 3
16 4 9
16 5 9
16 6 1
16 7 1
16 8 2
16 9 5
16 10 5
16 11 7
16 12 4
16 13 8
16 14 7
16 15 6
17 0 5
17 1 5
17 2 6
17 3 8
17 4 8
17 5 3
17 6 6
17 7 3
17 8 1
17 9 2
17 10 9
17 11 6
17 12 3
17 13 5
17 14 4
17 15 2
17 16 5
18 0 8
18 1 2
18 2 4
18 3 8
18 4 5
18 5 9
18 6 3
18 7 3
18 8 7
18 9 8
18 10 2
18 11 8
18 12 1
18 13 5
18 14 8
18 15 4
18 16 6
18 17 4
19 0 4
19 1 4
19 2 6
19 3 1
19 4 3
19 5 3
19 6 9
19 7 3
19 8 7
19 9 5
19 10 2
19 11 6
19 12 6
19 13 4
19 14 8
19 15 8
19 16 3
19 17 5
19 18 5
20 0 3
20 1 8
20 2 9
20 3 8
20 4 5
20 5 2
20 6 6
20 7 3
20 8 2
20 9 4
20 10 8
20 11 3
20 12 6
20 13 4
20 14 5
20 15 1
20 16 7
20 17 7
20 18 4
20 19 4
21 0 5
21 1 3
21 2 1
21 3 6
21 4 2
21 5 9
21 6 3
21 7 3
21 8 1
21 9 6
21 10 8
21 11 1
21 12 1
21 13 1
21 14 2
21 15 8
21 16 3
21 17 1
21 18 5
21 19 3
21 20 5
22 0 9
22 1 8
22 2 8
22 3 6
22 4 9
22 5 6
22 6 7
22 7 8
22 8 8
22 9 8
22 10 3
22 11 8
22 12 2
22 13 4
22 14 8
22 15 3
22 16 9
22 17 9
22 18 9
22 19 3
22 20 6
22 21 3
23 0 9
23 1 2
23 2 8
23 3 8
23 4 4
23 5 3
23 6 2
23 7 6
23 8 2
23 9 5
23 10 8
23 11 6
23 12 1
23 13 2
23 14 3
23 15 1
23 16 7
23 17 2
23 18 4
23 19 8
23 20 9
23 21 7
23 22 6
24 0 3
24 1 4
24 2 4
24 3 2
24 4 7
24 5 5
24 6 5
24 7 9
24 8 4
24 9 7
24 10 7
24 11 1
24 12 8
24 13 1
24 14 1
24 15 1
24 16 7
24 17 8
24 18 8
24 19 7
24 20 8
24 21 5
24 22 1
24 23 6
25 0 9
25 1 1
25 2 8
25 3 6
25 4 8
25 5 1
25 6 2
25 7 2
25 8 8
25 9 8
25 10 6
25 11 7
25 12 1
25 13 3
25 14 7
25 15 5
25 16 6
25 17 4
25 18 1
25 19 2
25 20 1
25 21 7
25 22 9
25 23 6
25 24 5
26 0 4
26 1 4
26 2 3
26 3 1
26 4 7
26 5 6
26 6 3
26 7 7
26 8 5
26 9 1
26 10 1
26 11 6
26 12 6
26 13 7
26 14 9
26 15 5
26 16 2
26 17 2
26 18 2
26 19 6
26 20 3
26 21 2
26 22 1
26 23 9
26 24 7
26 25 2
27 0 3
27 1 9
27 2 3
27 3 1
27 4 2
27 5 5
27 6 5
27 7 2
27 8 9
27 9 6
27 10 4
27 11 9
27 12 5
27 13 4
27 14 6
27 15 5
27 16 6
27 17 2
27 18 8
27 19 8
27 20 5
27 21 1
27 22 1
27 23 5
27 24 5
27 25 4
27 26 1
28 0 2
28 1 9
28 2 7
28 3 5
28 4 8
28 5 9
28 6 9
28 7 4
28 8 8
28 9 1
28 10 7
28 11 8
28 12 5
28 13 8
28 14 3
28 15 7
28 16 5
28 17 8
28 18 6
28 19 4
28 20 8
28 21 6
28 22 8
28 23 4
28 24 1
28 25 2
28 26 2
28 27 5
29 0 2
29 1 9
29 2 2
29 3 6
29 4 7
29 5 9
29 6 6
29 7 9
29 8 9
29 9 3
29 10 6
29 11 8
29 12 2
29 13 7
29 14 9
29 15 2
29 16 6
29 17 1
29 18 3
29 19 7
29 20 2
29 21 2
29 22 8
29 23 3
29 24 7
29 25 9
29 26 6
29 27 4
29 28 6
