60
1 0 7
2 0 2
2 1 6
3 0 7
3 1 7
3 2 4
4 0 5
4 1 7
4 2 4
4 3 5
5 0 1
5 1 5
5 2 5
5 3 5
5 4 4
6 0 5
6 1 6
6 2 1
6 3 5
6 4 3
6 5 1
7 0 5
7 1 6
7 2 3
7 3 1
7 4 1
7 5 6
7 6 4
8 0 7
8 1 3
8 2 2
8 3 3
8 4 3
8 5 7
8 6 6
8 7 1
9 0 1
9 1 5
9 2 3
9 3 5
9 4 2
9 5 1
9 6 6
9 7 6
9 8 1
10 0 1
10 1 5
10 2 4
10 3 6
10 4 2
10 5 1
10 6 1
10 7 5
10 8 5
10 9 4
11 0 5
11 1 7
11 2 5
11 3 2
11 4 4
11 5 4
11 6 5
11 7 1
11 8 6
11 9 3
11 10 6
12 0 7
12 1 1
12 2 6
12 3 7
12 4 4
12 5 3
12 6 3
12 7 7
12 8 7
12 9 1
12 10 3
12 11 2
13 0 6
13 1 7
13 2 6
13 3 6
13 4 6
13 5 6
13 6 7
13 7 6
13 8 1
13 9 1
13 10 4
13 11 4
13 12 2
14 0 5
14 1 3
14 2 1
14 3 4
14 4 1
14 5 6
14 6 1
14 7 6
14 8 6
14 9 1
14 10 4
14 11 1
14 12 7
14 13 4
15 0 2
15 1 1
15 2 7
15 3 1
15 4 5
15 5 3
15 6 1
15 7 4
15 8 4
15 9 4
15 10 5
15 11 4
15 12 4
15 13 3
15 14 1
16 0 3
16 1 1
16 2 3
16 3 7
16 4 7
16 5 7
16 6 6
16 7 7
16 8 2
16 9 5
16 10 1
16 11 2
16 12 4
16 13 6
16 14 4
16 15 4
17 0 7
17 1 2
17 2 2
17 3 4
17 4 3
17 5 2
17 6 2
17 7 3
17 8 7
17 9 5
17 10 6
17 11 4
17 12 1
17 13 3
17 14 3
17 15 2
17 16 5
18 0 6
18 1 4
18 2 4
18 3 5
18 4 5
18 5 4
18 6 4
18 7 3
18 8 5
18 9 5
18 10 6
18 11 3
18 12 3
18 13 4
18 14 1
18 15 6
18 16 7
18 17 2
19 0 7
19 1 5
19 2 6
19 3 5
19 4 4
19 5 5
19 6 7
19 7 6
19 8 1
19 9 6
19 10 4
19 11 7
19 12 5
19 13 5
19 14 2
19 15 7
19 16 3
19 17 1
19 18 7
20 0 3
20 1 5
20 2 7
20 3 1
20 4 7
20 5 4
20 6 6
20 7 3
20 8 5
20 9 2
20 10 6
20 11 5
20 12 4
20 13 6
20 14 3
20 15 2
20 16 3
20 17 7
20 18 5
20 19 2
21 0 7
21 1 4
21 2 1
21 3 7
21 4 3
21 5 7
21 6 2
21 7 1
21 8 1
21 9 3
21 10 6
21 11 2
21 12 2
21 13 6
21 14 6
21 15 7
21 16 1
21 17 4
21 18 5
21 19 4
21 20 5
22 0 6
22 1 1
22 2 5
22 3 6
22 4 1
22 5 1
22 6 7
22 7 6
22 8 3
22 9 7
22 10 4
22 11 7
22 12 6
22 13 6
22 14 5
22 15 3
22 16 7
22 17 5
22 18 7
22 19 1
22 20 7
22 21 7
23 0 4
23 1 6
23 2 5
23 3 2
23 4 1
23 5 6
23 6 2
23 7 4
23 8 2
23 9 5
23 10 3
23 11 4
23 12 2
23 13 6
23 14 2
23 15 2
23 16 6
23 17 5
23 18 5
23 19 4
23 20 4
23 21 6
23 22 4
24 0 1
24 1 5
24 2 2
24 3 5
24 4 1
24 5 5
24 6 1
24 7 5
24 8 1
24 9 6
24 10 7
24 11 1
24 12 2
24 13 6
24 14 7
24 15 6
24 16 6
24 17 7
24 18 5
24 19 1
24 20 6
24 21 5
24 22 4
24 23 5
25 0 3
25 1 4
25 2 3
25 3 3
25 4 4
25 5 6
25 6 4
25 7 1
25 8 3
25 9 2
25 10 7
25 11 2
25 12 5
25 13 4
25 14 4
25 15 7
25 16 4
25 17 6
25 18 5
25 19 5
25 20 2
25 21 3
25 22 5
25 23 2
25 24 7
26 0 3
26 1 4
26 2 5
26 3 5
26 4 3
26 5 5
26 6 4
26 7 2
26 8 2
26 9 2
26 10 2
26 11 3
26 12 3
26 13 2
26 14 3
26 15 5
26 16 3
26 17 5
26 18 7
26 19 2
26 20 5
26 21 5
26 22 6
26 23 3
26 24 7
26 25 5
27 0 2
27 1 6
27 2 6
27 3 6
27 4 7
27 5 1
27 6 2
27 7 5
27 8 7
27 9 7
27 10 3
27 11 3
27 12 1
27 13 3
27 14 5
27 15 5
27 16 2
27 17 5
27 18 4
27 19 7
27 20 6
27 21 5
27 22 1
27 23 1
27 24 5
27 25 4
27 26 5
28 0 2
28 1 1
28 2 6
28 3 3
28 4 1
28 5 3
28 6 4
28 7 5
28 8 6
28 9 7
28 10 2
28 11 4
28 12 1
28 13 7
28 14 5
28 15 2
28 16 4
28 17 5
28 18 2
28 19 3
28 20 3
28 21 5
28 22 7
28 23 5
28 24 2
28 25 5
28 26 7
28 27 4
29 0 7
29 1 5
29 2 7
29 3 7
29 4 6
29 5 5
29 6 2
29 7 1
29 8 1
29 9 1
29 10 6
29 11 4
29 12 3
29 13 7
29 14 5
29 15 3
29 16 1
29 17 3
29 18 4
29 19 3
29 20 2
29 21 2
29 22 5
29 23 1
29 24 1
29 25 5
29 26 4
29 27 3
29 28 3
30 0 5
30 1 1
30 2 6
30 3 3
30 4 7
30 5 1
30 6 3
30 7 3
30 8 4
30 9 1
30 10 4
30 11 2
30 12 7
30 13 5
30 14 5
30 15 7
30 16 4
30 17 7
30 18 1
30 19 2
30 20 7
30 21 7
30 22 6
30 23 3
30 24 6
30 25 6
30 26 2
30 27 1
30 28 6
30 29 2
31 0 6
31 1 4
31 2 2
31 3 1
31 4 6
31 5 7
31 6 6
31 7 6
31 8 5
31 9 4
31 10 3
31 11 3
31 12 2
31 13 5
31 14 4
31 15 6
31 16 6
31 17 3
31 18 3
31 19 5
31 20 5
31 21 5
31 22 1
31 23 6
31 24 6
31 25 2
31 26 6
31 27 4
31 28 6
31 29 6
31 30 5
32 0 3
32 1 7
32 2 4
32 3 3
32 4 6
32 5 5
32 6 2
32 7 7
32 8 6
32 9 1
32 10 4
32 11 7
32 12 1
32 13 3
32 14 3
32 15 6
32 16 1
32 17 4
32 18 5
32 19 1
32 20 4
32 21 2
32 22 4
32 23 6
32 24 7
32 25 5
32 26 5
32 27 6
32 28 3
32 29 5
32 30 5
32 31 1
33 0 3
33 1 7
33 2 3
33 3 4
33 4 1
33 5 2
33 6 1
33 7 6
33 8 2
33 9 4
33 10 3
33 11 7
33 12 5
33 13 3
33 14 3
33 15 2
33 16 4
33 17 3
33 18 4
33 19 6
33 20 7
33 21 6
33 22 5
33 23 3
33 24 5
33 25 2
33 26 6
33 27 4
33 28 3
33 29 3
33 30 6
33 31 4
33 32 7
34 0 5
34 1 7
34 2 7
34 3 7
34 4 2
34 5 2
34 6 6
34 7 7
34 8 2
34 9 1
34 10 7
34 11 3
34 12 7
34 13 2
34 14 2
34 15 7
34 16 7
34 17 4
34 18 1
34 19 6
34 20 4
34 21 2
34 22 1
34 23 1
34 24 6
34 25 4
34 26 2
34 27 1
34 28 5
34 29 7
34 30 4
34 31 2
34 32 4
34 33 6
35 0 2
35 1 6
35 2 5
35 3 4
35 4 3
35 5 3
35 6 3
35 7 7
35 8 2
35 9 6
35 10 1
35 11 1
35 12 4
35 13 4
35 14 7
35 15 4
35 16 1
35 17 1
35 18 6
35 19 2
35 20 6
35 21 7
35 22 2
35 23 7
35 24 7
35 25 6
35 26 6
35 27 4
35 28 4
35 29 3
35 30 2
35 31 2
35 32 5
35 33 3
35 34 1
36 0 7
36 1 7
36 2 2
36 3 4
36 4 2
36 5 2
36 6 6
36 7 3
36 8 4
36 9 2
36 10 3
36 11 7
36 12 7
36 13 6
36 14 5
36 15 6
36 16 5
36 17 6
36 18 5
36 19 3
36 20 7
36 21 4
36 22 6
36 23 1
36 24 7
36 25 7
36 26 1
36 27 7
36 28 7
36 29 7
36 30 1
36 31 1
36 32 3
36 33 2
36 34 2
36 35 7
37 0 7
37 1 1
37 2 3
37 3 4
37 4 2
37 5 6
37 6 2
37 7 5
37 8 2
37 9 2
37 10 6
37 11 7
37 12 3
37 13 7
37 14 7
37 15 6
37 16 4
37 17 2
37 18 6
37 19 4
37 20 5
37 21 7
37 22 4
37 23 1
37 24 3
37 25 4
37 26 3
37 27 2
37 28 1
37 29 7
37 30 3
37 31 3
37 32 5
37 33 5
37 34 4
37 35 3
37 36 7
38 0 5
38 1 4
38 2 4
38 3 6
38 4 3
38 5 7
38 6 7
38 7 5
38 8 6
38 9 7
38 10 5
38 11 2
38 12 2
38 13 3
38 14 6
38 15 4
38 16 5
38 17 2
38 18 3
38 19 7
38 20 7
38 21 7
38 22 6
38 23 2
38 24 6
38 25 1
38 26 6
38 27 4
38 28 1
38 29 5
38 30 5
38 31 1
38 32 5
38 33 7
38 34 1
38 35 7
38 36 5
38 37 3
39 0 1
39 1 6
39 2 2
39 3 2
39 4 6
39 5 7
39 6 5
39 7 6
39 8 6
39 9 3
39 10 3
39 11 7
39 12 3
39 13 2
39 14 5
39 15 2
39 16 1
39 17 4
39 18 6
39 19 5
39 20 3
39 21 6
39 22 7
39 23 1
39 24 6
39 25 7
39 26 5
39 27 5
39 28 6
39 29 3
39 30 4
39 31 2
39 32 7
39 33 1
39 34 7
39 35 2
39 36 1
39 37 3
39 38 3
40 0 2
40 1 6
40 2 3
40 3 6
40 4 2
40 5 6
40 6 5
40 7 6
40 8 5
40 9 1
40 10 3
40 11 3
40 12 4
40 13 4
40 14 1
40 15 6
40 16 1
40 17 4
40 18 2
40 19 7
40 20 4
40 21 3
40 22 6
40 23 4
40 24 5
40 25 2
40 26 1
40 27 1
40 28 1
40 29 5
40 30 7
40 31 7
40 32 1
40 33 5
40 34 4
40 35 5
40 36 4
40 37 1
40 38 3
40 39 1
41 0 1
41 1 7
41 2 6
41 3 5
41 4 7
41 5 6
41 6 2
41 7 2
41 8 3
41 9 3
41 10 5
41 11 6
41 12 6
41 13 5
41 14 3
41 15 4
41 16 5
41 17 2
41 18 4
41 19 2
41 20 7
41 21 3
41 22 1
41 23 7
41 24 5
41 25 6
41 26 4
41 27 5
41 28 1
41 29 6
41 30 6
41 31 6
41 32 7
41 33 2
41 34 1
41 35 5
41 36 4
41 37 5
41 38 4
41 39 7
41 40 6
42 0 4
42 1 3
42 2 7
42 3 7
42 4 3
42 5 1
42 6 5
42 7 1
42 8 5
42 9 5
42 10 3
42 11 7
42 12 2
42 13 3
42 14 7
42 15 4
42 16 5
42 17 1
42 18 3
42 19 1
42 20 1
42 21 2
42 22 7
42 23 3
42 24 5
42 25 1
42 26 7
42 27 3
42 28 1
42 29 4
42 30 2
42 31 7
42 32 5
42 33 4
42 34 7
42 35 1
42 36 5
42 37 3
42 38 5
42 39 5
42 40 3
42 41 4
43 0 3
43 1 7
43 2 3
43 3 5
43 4 6
43 5 6
43 6 4
43 7 3
43 8 7
43 9 7
43 10 3
43 11 3
43 12 2
43 13 2
43 14 6
43 15 3
43 16 4
43 17 6
43 18 3
43 19 7
43 20 7
43 21 4
43 22 6
43 23 4
43 24 5
43 25 7
43 26 2
43 27 6
43 28 6
43 29 1
43 30 4
43 31 6
43 32 2
43 33 1
43 34 5
43 35 3
43 36 3
43 37 1
43 38 5
43 39 5
43 40 5
43 41 6
43 42 6
44 0 5
44 1 6
44 2 5
44 3 5
44 4 2
44 5 4
44 6 7
44 7 2
44 8 2
44 9 2
44 10 6
44 11 6
44 12 1
44 13 2
44 14 1
44 15 3
44 16 7
44 17 4
44 18 7
44 19 5
44 20 7
44 21 5
44 22 6
44 23 6
44 24 1
44 25 4
44 26 3
44 27 1
44 28 5
44 29 2
44 30 6
44 31 3
44 32 7
44 33 4
44 34 6
44 35 2
44 36 2
44 37 3
44 38 4
44 39 1
44 40 2
44 41 5
44 42 4
44 43 2
45 0 6
45 1 6
45 2 1
45 3 1
45 4 3
45 5 1
45 6 2
45 7 5
45 8 2
45 9 4
45 10 5
45 11 1
45 12 6
45 13 4
45 14 3
45 15 7
45 16 1
45 17 4
45 18 4
45 19 6
45 20 6
45 21 7
45 22 2
45 23 6
45 24 1
45 25 1
45 26 2
45 27 4
45 28 7
45 29 3
45 30 4
45 31 6
45 32 4
45 33 4
45 34 5
45 35 5
45 36 4
45 37 7
45 38 3
45 39 3
45 40 3
45 41 5
45 42 3
45 43 1
45 44 6
46 0 4
46 1 1
46 2 7
46 3 7
46 4 2
46 5 1
46 6 2
46 7 7
46 8 6
46 9 7
46 10 4
46 11 6
46 12 4
46 13 3
46 14 7
46 15 1
46 16 6
46 17 2
46 18 6
46 19 4
46 20 1
46 21 6
46 22 6
46 23 6
46 24 5
46 25 3
46 26 5
46 27 7
46 28 5
46 29 1
46 30 5
46 31 7
46 32 5
46 33 5
46 34 6
46 35 5
46 36 3
46 37 4
46 38 7
46 39 1
46 40 6
46 41 6
46 42 7
46 43 7
46 44 1
46 45 7
47 0 7
47 1 5
47 2 6
47 3 3
47 4 2
47 5 5
47 6 5
47 7 7
47 8 2
47 9 6
47 10 6
47 11 6
47 12 5
47 13 1
47 14 4
47 15 6
47 16 3
47 17 1
47 18 2
47 19 3
47 20 1
47 21 5
47 22 1
47 23 7
47 24 5
47 25 2
47 26 1
47 27 7
47 28 1
47 29 3
47 30 5
47 31 6
47 32 2
47 33 1
47 34 4
47 35 2
47 36 5
47 37 2
47 38 2
47 39 2
47 40 6
47 41 4
47 42 1
47 43 3
47 44 4
47 45 5
47 46 3
48 0 4
48 1 2
48 2 2
48 3 6
48 4 2
48 5 2
48 6 4
48 7 3
48 8 7
48 9 4
48 10 6
48 11 4
48 12 1
48 13 1
48 14 5
48 15 7
48 16 5
48 17 5
48 18 7
48 19 7
48 20 6
48 21 5
48 22 6
48 23 3
48 24 5
48 25 6
48 26 2
48 27 3
48 28 4
48 29 2
48 30 2
48 31 1
48 32 2
48 33 2
48 34 4
48 35 5
48 36 1
48 37 1
48 38 2
48 39 4
48 40 7
48 41 6
48 42 7
48 43 6
48 44 5
48 45 2
48 46 2
48 47 1
49 0 5
49 1 6
49 2 5
49 3 4
49 4 1
49 5 7
49 6 4
49 7 5
49 8 6
49 9 1
49 10 2
49 11 7
49 12 2
49 13 2
49 14 5
49 15 1
49 16 1
49 17 1
49 18 1
49 19 1
49 20 1
49 21 3
49 22 5
49 23 1
49 24 1
49 25 1
49 26 2
49 27 3
49 28 5
49 29 2
49 30 4
49 31 4
49 32 7
49 33 1
49 34 3
49 35 7
49 36 1
49 37 2
49 38 1
49 39 2
49 40 4
49 41 3
49 42 3
49 43 7
49 44 5
49 45 1
49 46 7
49 47 4
49 48 5
50 0 2
50 1 4
50 2 5
50 3 5
50 4 1
50 5 1
50 6 2
50 7 4
50 8 4
50 9 2
50 10 7
50 11 2
50 12 5
50 13 5
50 14 5
50 15 1
50 16 7
50 17 1
50 18 1
50 19 1
50 20 6
50 21 2
50 22 7
50 23 1
50 24 1
50 25 5
50 26 1
50 27 3
50 28 5
50 29 3
50 30 5
50 31 1
50 32 5
50 33 1
50 34 6
50 35 5
50 36 2
50 37 7
50 38 3
50 39 5
50 40 2
50 41 7
50 42 4
50 43 3
50 44 6
50 45 5
50 46 5
50 47 4
50 48 5
50 49 1
51 0 4
51 1 6
51 2 5
51 3 4
51 4 5
51 5 6
51 6 6
51 7 6
51 8 7
51 9 5
51 10 5
51 11 5
51 12 6
51 13 1
51 14 3
51 15 2
51 16 1
51 17 4
51 18 2
51 19 3
51 20 1
51 21 2
51 22 7
51 23 7
51 24 3
51 25 3
51 26 6
51 27 6
51 28 3
51 29 2
51 30 2
51 31 5
51 32 7
51 33 2
51 34 5
51 35 5
51 36 2
51 37 7
51 38 1
51 39 4
51 40 4
51 41 7
51 42 4
51 43 4
51 44 4
51 45 4
51 46 3
51 47 7
51 48 7
51 49 6
51 50 1
52 0 3
52 1 6
52 2 7
52 3 2
52 4 5
52 5 1
52 6 2
52 7 6
52 8 4
52 9 6
52 10 2
52 11 3
52 12 6
52 13 1
52 14 3
52 15 5
52 16 4
52 17 1
52 18 2
52 19 1
52 20 1
52 21 3
52 22 1
52 23 3
52 24 2
52 25 6
52 26 5
52 27 3
52 28 3
52 29 4
52 30 3
52 31 4
52 32 4
52 33 7
52 34 7
52 35 3
52 36 5
52 37 1
52 38 7
52 39 4
52 40 4
52 41 4
52 42 5
52 43 4
52 44 4
52 45 6
52 46 6
52 47 6
52 48 5
52 49 6
52 50 2
52 51 2
53 0 2
53 1 3
53 2 4
53 3 1
53 4 2
53 5 3
53 6 4
53 7 7
53 8 3
53 9 4
53 10 4
53 11 6
53 12 5
53 13 3
53 14 4
53 15 4
53 16 5
53 17 2
53 18 6
53 19 7
53 20 3
53 21 3
53 22 6
53 23 5
53 24 2
53 25 3
53 26 2
53 27 4
53 28 2
53 29 5
53 30 5
53 31 7
53 32 6
53 33 1
53 34 6
53 35 7
53 36 7
53 37 4
53 38 7
53 39 4
53 40 7
53 41 3
53 42 2
53 43 5
53 44 4
53 45 2
53 46 1
53 47 3
53 48 5
53 49 1
53 50 5
53 51 4
53 52 7
54 0 5
54 1 1
54 2 5
54 3 4
54 4 4
54 5 4
54 6 4
54 7 7
54 8 5
54 9 2
54 10 1
54 11 6
54 12 3
54 13 7
54 14 1
54 15 2
54 16 6
54 17 7
54 18 2
54 19 4
54 20 7
54 21 7
54 22 4
54 23 5
54 24 1
54 25 3
54 26 4
54 27 1
54 28 7
54 29 3
54 30 3
54 31 4
54 32 3
54 33 1
54 34 4
54 35 5
54 36 6
54 37 7
54 38 3
54 39 5
54 40 4
54 41 1
54 42 6
54 43 2
54 44 3
54 45 4
54 46 2
54 47 1
54 48 2
54 49 2
54 50 2
54 51 1
54 52 6
54 53 3
55 0 2
55 1 4
55 2 6
55 3 7
55 4 1
55 5 1
55 6 3
55 7 7
55 8 7
55 9 7
55 10 5
55 11 4
55 12 3
55 13 4
55 14 5
55 15 1
55 16 4
55 17 1
55 18 5
55 19 2
55 20 1
55 21 4
55 22 7
55 23 6
55 24 4
55 25 5
55 26 5
55 27 1
55 28 2
55 29 3
55 30 1
55 31 7
55 32 2
55 33 6
55 34 3
55 35 7
55 36 3
55 37 4
55 38 7
55 39 1
55 40 2
55 41 5
55 42 4
55 43 1
55 44 6
55 45 6
55 46 3
55 47 1
55 48 7
55 49 2
55 50 6
55 51 4
55 52 3
55 53 2
55 54 3
56 0 3
56 1 3
56 2 4
56 3 6
56 4 1
56 5 6
56 6 1
56 7 6
56 8 3
56 9 6
56 10 4
56 11 3
56 12 2
56 13 4
56 14 4
56 15 4
56 16 4
56 17 4
56 18 7
56 19 3
56 20 7
56 21 6
56 22 2
56 23 3
56 24 2
56 25 2
56 26 6
56 27 6
56 28 3
56 29 5
56 30 4
56 31 7
56 32 2
56 33 6
56 34 2
56 35 2
56 36 5
56 37 3
56 38 2
56 39 7
56 40 1
56 41 1
56 42 1
56 43 2
56 44 3
56 45 2
56 46 6
56 47 5
56 48 6
56 49 5
56 50 1
56 51 5
56 52 5
56 53 4
56 54 4
56 55 6
57 0 3
57 1 7
57 2 4
57 3 3
57 4 5
57 5 1
57 6 1
57 7 7
57 8 3
57 9 2
57 10 2
57 11 2
57 12 4
57 13 1
57 14 2
57 15 5
57 16 3
57 17 1
57 18 4
57 19 2
57 20 2
57 21 4
57 22 7
57 23 4
57 24 3
57 25 7
57 26 5
57 27 4
57 28 5
57 29 1
57 30 1
57 31 4
57 32 4
57 33 1
57 34 1
57 35 5
57 36 5
57 37 2
57 38 7
57 39 4
57 40 4
57 41 4
57 42 5
57 43 5
57 44 6
57 45 5
57 46 1
57 47 2
57 48 5
57 49 6
57 50 5
57 51 4
57 52 4
57 53 6
57 54 2
57 55 4
57 56 6
58 0 7
58 1 4
58 2 7
58 3 6
58 4 3
58 5 3
58 6 7
58 7 1
58 8 2
58 9 1
58 10 7
58 11 6
58 12 7
58 13 4
58 14 4
58 15 1
58 16 6
58 17 5
58 18 5
58 19 3
58 20 6
58 21 3
58 22 4
58 23 2
58 24 5
58 25 4
58 26 3
58 27 6
58 28 4
58 29 2
58 30 7
58 31 2
58 32 6
58 33 6
58 34 3
58 35 4
58 36 7
58 37 6
58 38 4
58 39 7
58 40 7
58 41 2
58 42 7
58 43 7
58 44 3
58 45 6
58 46 7
58 47 5
58 48 6
58 49 2
58 50 3
58 51 2
58 52 7
58 53 5
58 54 1
58 55 1
58 56 4
58 57 4
59 0 4
59 1 4
59 2 6
59 3 5
59 4 4
59 5 5
59 6 6
59 7 4
59 8 4
59 9 6
59 10 2
59 11 1
59 12 7
59 13 2
59 14 3
59 15 6
59 16 3
59 17 4
59 18 1
59 19 7
59 20 3
59 21 7
59 22 3
59 23 4
59 24 2
59 25 2
59 26 7
59 27 4
59 28 2
59 29 4
59 30 3
59 31 1
59 32 2
59 33 3
59 34 1
59 35 5
59 36 3
59 37 1
59 38 1
59 39 3
59 40 1
59 41 1
59 42 2
59 43 3
59 44 7
59 45 7
59 46 6
59 47 2
59 48 2
59 49 6
59 50 7
59 51 4
59 52 4
59 53 2
59 54 2
59 55 3
59 56 3
59 57 1
59 58 5
