30
1 0 8
2 0 4
2 1 2
3 0 7
3 1 11
3 2 7
4 0 2
4 1 9
4 2 11
4 3 5
5 0 2
5 1 9
5 2 5
5 3 10
5 4 6
6 0 11
6 1 1
6 2 10
6 3 2
6 4 4
6 5 6
7 0 1
7 1 5
7 2 1
7 3 2
7 4 4
7 5 8
7 6 5
8 0 6
8 1 5
8 2 7
8 3 11
8 4 2
8 5 7
8 6 10
8 7 7
9 0 8
9 1 9
9 2 11
9 3 1
9 4 9
9 5 1
9 6 5
9 7 4
9 8 1
10 0 7
10 1 4
10 2 8
10 3 8
10 4 8
10 5 10
10 6 1
10 7 6
10 8 11
10 9 9
11 0 9
11 1 1
11 2 1
11 3 3
11 4 9
11 5 11
11 6 10
11 7 1
11 8 6
11 9 4
11 10 2
12 0 9
12 1 7
12 2 8
12 3 1
12 4 9
12 5 9
12 6 7
12 7 2
12 8 5
12 9 5
12 10 5
12 11 3
13 0 3
13 1 9
13 2 9
13 3 11
13 4 8
13 5 6
13 6 8
13 7 10
13 8 2
13 9 2
13 10 3
13 11 2
13 12 4
14 0 6
14 1 8
14 2 3
14 3 6
14 4 8
14 5 8
14 6 9
14 7 4
14 8 5
14 9 3
14 10 7
14 11 1
14 12 3
14 13 4
15 0 4
15 1 4
15 2 3
15 3 3
15 4 6
15 5 2
15 6 2
15 7 1
15 8 5
15 9 9
15 10 11
15 11 11
15 12 5
15 13 4
15 14 6
16 0 4
16 1 7
16 2 1
16 3 9
16 4 1
16 5 6
16 6 11
16 7 11
16 8 10
16 9 6
16 10 10
16 11 8
16 12 7
16 13 8
16 14 9
16 15 8
17 0 6
17 1 8
17 2 7
17 3 5
17 4 1
17 5 7
17 6 11
17 7 9
17 8 3
17 9 5
17 10 7
17 11 8
17 12 6
17 13 9
17 14 5
17 15 8
17 16 1
18 0 7
18 1 6
18 2 1
18 3 6
18 4 6
18 5 4
18 6 4
18 7 1
18 8 1
18 9 3
18 10 2
18 11 2
18 12 7
18 13 2
18 14 7
18 15 1
18 16 3
18 17 5
19 0 3
19 1 1
19 2 6
19 3 5
19 4 7
19 5 1
19 6 7
19 7 11
19 8 9
19 9 9
19 10 5
19 11 6
19 12 5
19 13 6
19 14 7
19 15 4
19 16 4
19 17 3
19 18 6
20 0 6
20 1 6
20 2 8
20 3 5
20 4 8
20 5 7
20 6 3
20 7 5
20 8 9
20 9 9
20 10 6
20 11 7
20 12 11
20 13 6
20 14 2
20 15 9
20 16 8
20 17 1
20 18 8
20 19 1
21 0 10
21 1 7
21 2 4
21 3 2
21 4 9
21 5 7
21 6 8
21 7 11
21 8 8
21 9 11
21 10 8
21 11 7
21 12 3
21 13 6
21 14 7
21 15 10
21 16 11
21 17 6
21 18 2
21 19 10
21 20 6
22 0 7
22 1 5
22 2 7
22 3 11
22 4 1
22 5 5
22 6 5
22 7 6
22 8 11
22 9 8
22 10 9
22 11 4
22 12 10
22 13 11
22 14 1
22 15 3
22 16 11
22 17 1
22 18 1
22 19 1
22 20 6
22 21 4
23 0 11
23 1 1
23 2 2
23 3 4
23 4 8
23 5 1
23 6 3
23 7 10
23 8 5
23 9 4
23 10 6
23 11 11
23 12 10
23 13 1
23 14 4
23 15 8
23 16 10
23 17 3
23 18 6
23 19 11
23 20 4
23 21 4
23 22 6
24 0 3
24 1 3
24 2 9
24 3 1
24 4 5
24 5 1
24 6 8
24 7 10
24 8 8
24 9 5
24 10 10
24 11 11
24 12 11
24 13 5
24 14 4
24 15 9
24 16 2
24 17 3
24 18 10
24 19 10
24 20 11
24 21 11
24 22 2
24 23 7
25 0 10
25 1 8
25 2 6
25 3 2
25 4 6
25 5 10
25 6 1
25 7 7
25 8 1
25 9 9
25 10 9
25 11 4
25 12 10
25 13 10
25 14 6
25 15 1
25 16 8
25 17 8
25 18 8
25 19 2
25 20 11
25 21 7
25 22 11
25 23 8
25 24 4
26 0 7
26 1 2
26 2 4
26 3 8
26 4 10
26 5 10
26 6 4
26 7 2
26 8 11
26 9 2
26 10 6
26 11 8
26 12 1
26 13 1
26 14 1
26 15 6
26 16 10
26 17 8
26 18 6
26 19 10
26 20 3
26 21 3
26 22 10
26 23 8
26 24 2
26 25 5
27 0 8
27 1 2
27 2 7
27 3 4
27 4 1
27 5 5
27 6 7
27 7 8
27 8 6
27 9 2
27 10 6
27 11 1
27 12 10
27 13 10
27 14 6
27 15 2
27 16 3
27 17 8
27 18 7
27 19 1
27 20 1
27 21 11
27 22 5
27 23 11
27 24 3
27 25 10
27 26 4
28 0 1
28 1 2
28 2 3
28 3 7
28 4 8
28 5 1
28 6 8
28 7 5
28 8 9
28 9 3
28 10 5
28 11 3
28 12 10
28 13 5
28 14 4
28 15 2
28 16 11
28 17 7
28 18 4
28 19 4
28 20 9
28 21 11
28 22 9
28 23 8
28 24 1
28 25 3
28 26 1
28 27 11
29 0 10
29 1 5
29 2 8
29 3 7
29 4 8
29 5 6
29 6 3
29 7 4
29 8 4
29 9 11
29 10 8
29 11 1
29 12 4
29 13 10
29 14 2
29 15 11
29 16 8
29 17 4
29 18 7
29 19 7
29 20 9
29 21 4
29 22 9
29 23 5
29 24 1
29 25 3
29 26 1
29 27 8
29 28 9
