15
1 0 3
2 0 4
2 1 1
3 0 2
3 1 2
3 2 2
4 0 2
4 1 2
4 2 2
4 3 1
5 0 1
5 1 2
5 2 3
5 3 4
5 4 4
6 0 3
6 1 4
6 2 1
6 3 1
6 4 3
6 5 2
7 0 3
7 1 1
7 2 4
7 3 4
7 4 4
7 5 1
7 6 4
8 0 1
8 1 2
8 2 1
8 3 4
8 4 4
8 5 3
8 6 1
8 7 2
9 0 4
9 1 1
9 2 4
9 3 2
9 4 4
9 5 3
9 6 4
9 7 1
9 8 1
10 0 4
10 1 2
10 2 3
10 3 3
10 4 3
10 5 3
10 6 4
10 7 4
10 8 4
10 9 2
11 0 4
11 1 4
11 2 2
11 3 1
11 4 2
11 5 3
11 6 2
11 7 1
11 8 4
11 9 2
11 10 4
12 0 1
12 1 2
12 2 3
12 3 3
12 4 3
12 5 1
12 6 4
12 7 1
12 8 4
12 9 2
12 10 4
12 11 1
13 0 1
13 1 4
13 2 2
13 3 3
13 4 2
13 5 4
13 6 1
13 7 2
13 8 3
13 9 1
13 10 1
13 11 1
13 12 1
14 0 4
14 1 1
14 2 1
14 3 2
14 4 1
14 5 4
14 6 3
14 7 3
14 8 3
14 9 2
14 10 1
14 11 4
14 12 2
14 13 2
