40
3 0 7
4 0 1
4 2 6
4 3 8
5 4 4
6 0 6
6 4 9
7 0 7
7 1 5
7 5 8
8 1 1
8 2 4
8 3 3
8 4 1
8 5 3
8 6 4
9 0 11
9 1 10
9 3 3
9 6 2
9 8 7
10 0 11
10 1 8
10 3 6
10 4 1
10 7 1
11 1 7
11 2 6
11 3 10
11 5 9
11 8 2
11 9 7
11 10 8
12 0 8
12 1 3
12 2 7
12 3 8
12 5 8
12 11 6
13 0 10
13 1 10
13 4 11
13 7 10
13 8 3
13 10 10
13 11 11
14 2 10
14 3 10
14 4 7
14 5 9
14 6 6
14 7 8
14 11 2
14 12 1
14 13 9
15 0 1
15 2 6
15 3 11
15 8 10
15 11 4
15 12 5
15 13 11
15 14 7
16 0 4
16 1 4
16 4 6
16 5 10
16 6 6
16 8 1
16 12 2
16 13 3
16 14 10
16 15 4
17 0 11
17 2 2
17 3 11
17 8 10
17 9 1
17 10 9
17 13 10
17 14 10
17 15 3
18 1 6
18 2 11
18 9 3
18 11 7
18 13 2
18 14 7
18 15 2
18 16 3
18 17 2
19 2 6
19 3 10
19 4 11
19 5 2
19 6 5
19 7 1
19 8 8
19 9 7
19 10 3
19 11 1
19 12 2
19 15 7
19 16 9
19 17 10
20 0 11
20 2 5
20 4 3
20 6 7
20 7 7
20 8 4
20 9 6
20 12 10
20 14 5
20 17 8
21 2 2
21 3 4
21 4 9
21 6 11
21 8 4
21 10 11
21 11 11
21 14 9
21 19 10
22 0 7
22 1 5
22 4 9
22 5 11
22 6 4
22 7 2
22 8 2
22 10 4
22 13 10
22 16 6
22 19 1
23 0 3
23 4 4
23 6 9
23 8 7
23 12 9
23 13 1
23 14 2
23 16 10
23 17 10
23 19 6
23 20 2
23 21 11
23 22 3
24 4 7
24 5 6
24 6 11
24 7 7
24 8 6
24 13 10
24 21 4
25 0 7
25 1 2
25 3 9
25 5 9
25 8 2
25 9 6
25 11 9
25 12 10
25 13 10
25 16 8
25 20 7
25 22 6
25 23 3
26 1 3
26 3 6
26 4 9
26 5 1
26 10 4
26 12 6
26 13 2
26 14 9
26 15 6
26 16 4
26 18 1
26 22 3
26 23 8
26 25 1
27 1 5
27 2 11
27 3 1
27 5 6
27 6 4
27 7 4
27 10 9
27 11 8
27 12 5
27 14 3
27 20 2
27 21 7
27 22 10
27 24 8
27 25 10
27 26 3
28 0 11
28 2 10
28 3 6
28 4 1
28 6 3
28 10 8
28 11 11
28 13 3
28 17 6
28 18 9
28 23 6
28 24 8
29 2 7
29 3 5
29 4 9
29 5 7
29 6 4
29 7 10
29 8 8
29 9 9
29 10 7
29 14 6
29 16 8
29 18 10
29 20 6
29 21 5
29 23 6
29 25 10
29 27 1
29 28 6
30 1 2
30 2 7
30 3 4
30 6 7
30 8 8
30 9 2
30 10 2
30 12 10
30 13 4
30 14 9
30 18 5
30 20 6
30 21 3
30 22 2
30 23 8
30 26 9
30 29 1
31 0 3
31 2 3
31 4 3
31 5 4
31 7 1
31 8 1
31 9 7
31 10 9
31 11 1
31 12 3
31 13 8
31 15 7
31 16 8
31 17 9
31 18 6
31 20 6
31 21 3
31 23 5
31 24 7
31 26 11
31 27 10
31 28 5
31 29 11
31 30 8
32 0 1
32 1 5
32 2 3
32 3 2
32 7 7
32 11 6
32 12 8
32 14 9
32 18 1
32 19 10
32 20 10
32 21 2
32 24 6
32 25 5
32 27 3
32 28 8
33 1 8
33 2 1
33 3 8
33 4 7
33 5 2
33 7 7
33 9 11
33 10 6
33 12 8
33 13 8
33 14 11
33 16 8
33 17 7
33 18 3
33 19 4
33 20 6
33 21 9
33 22 8
33 23 2
33 24 4
33 25 8
33 26 6
33 27 8
33 28 9
33 29 4
33 30 2
33 32 4
34 0 7
34 1 9
34 2 8
34 6 2
34 8 6
34 9 9
34 11 4
34 14 5
34 19 7
34 21 5
34 23 10
34 27 10
34 28 6
34 30 11
34 31 10
34 33 8
35 1 3
35 4 4
35 6 4
35 7 8
35 8 3
35 10 1
35 11 4
35 16 1
35 18 1
35 19 4
35 20 4
35 22 1
35 23 2
35 24 3
35 30 7
35 31 6
35 32 8
36 0 6
36 1 7
36 2 11
36 3 2
36 4 11
36 6 6
36 7 2
36 8 7
36 9 7
36 12 11
36 13 8
36 19 11
36 21 3
36 23 11
36 29 1
36 32 9
37 2 4
37 5 11
37 8 8
37 10 6
37 12 2
37 15 7
37 16 1
37 17 3
37 19 1
37 21 4
37 22 10
37 24 5
37 26 1
37 28 7
37 29 4
37 30 8
37 32 5
37 34 4
37 35 4
38 1 6
38 2 7
38 4 7
38 5 3
38 6 5
38 8 5
38 9 7
38 10 3
38 13 10
38 14 7
38 19 10
38 23 10
38 25 11
38 26 8
38 28 5
38 29 10
38 33 8
38 36 8
39 0 8
39 1 9
39 2 9
39 5 5
39 6 9
39 8 5
39 9 7
39 12 1
39 13 5
39 16 4
39 17 9
39 18 8
39 19 4
39 20 7
39 21 11
39 22 9
39 23 11
39 24 4
39 26 10
39 31 11
39 33 4
39 34 7
39 36 1
39 37 7
39 38 8
