60
1 0 2
2 0 2
2 1 1
3 0 1
3 1 2
3 2 2
4 0 1
4 1 1
4 2 2
4 3 1
5 0 2
5 1 2
5 2 1
5 3 1
5 4 2
6 0 1
6 1 1
6 2 1
6 3 1
6 4 1
6 5 1
7 0 1
7 1 2
7 2 1
7 3 2
7 4 1
7 5 2
7 6 1
8 0 1
8 1 2
8 2 1
8 3 1
8 4 2
8 5 1
8 6 2
8 7 1
9 0 2
9 1 1
9 2 1
9 3 1
9 4 1
9 5 2
9 6 1
9 7 1
9 8 1
10 0 2
10 1 1
10 2 2
10 3 1
10 4 2
10 5 2
10 6 1
10 7 1
10 8 2
10 9 1
11 0 2
11 1 1
11 2 1
11 3 2
11 4 1
11 5 2
11 6 1
11 7 1
11 8 2
11 9 1
11 10 1
12 0 1
12 1 2
12 2 2
12 3 2
12 4 2
12 5 2
12 6 1
12 7 2
12 8 1
12 9 1
12 10 1
12 11 1
13 0 1
13 1 1
13 2 1
13 3 1
13 4 1
13 5 1
13 6 2
13 7 2
13 8 1
13 9 1
13 10 2
13 11 2
13 12 2
14 0 2
14 1 1
14 2 1
14 3 1
14 4 2
14 5 1
14 6 2
14 7 2
14 8 2
14 9 2
14 10 2
14 11 1
14 12 1
14 13 2
15 0 2
15 1 1
15 2 2
15 3 1
15 4 1
15 5 1
15 6 2
15 7 2
15 8 2
15 9 1
15 10 1
15 11 1
15 12 2
15 13 1
15 14 1
16 0 1
16 1 2
16 2 2
16 3 1
16 4 1
16 5 1
16 6 2
16 7 1
16 8 2
16 9 1
16 10 2
16 11 2
16 12 2
16 13 1
16 14 2
16 15 2
17 0 2
17 1 1
17 2 2
17 3 2
17 4 1
17 5 2
17 6 2
17 7 1
17 8 1
17 9 1
17 10 1
17 11 1
17 12 1
17 13 2
17 14 2
17 15 2
17 16 2
18 0 1
18 1 2
18 2 1
18 3 2
18 4 2
18 5 2
18 6 1
18 7 1
18 8 1
18 9 2
18 10 1
18 11 1
18 12 2
18 13 2
18 14 1
18 15 1
18 16 1
18 17 1
19 0 1
19 1 1
19 2 2
19 3 1
19 4 1
19 5 2
19 6 2
19 7 2
19 8 1
19 9 2
19 10 2
19 11 2
19 12 1
19 13 1
19 14 1
19 15 2
19 16 2
19 17 1
19 18 1
20 0 2
20 1 1
20 2 1
20 3 2
20 4 2
20 5 2
20 6 1
20 7 1
20 8 2
20 9 2
20 10 1
20 11 2
20 12 1
20 13 2
20 14 2
20 15 2
20 16 1
20 17 2
20 18 1
20 19 1
21 0 1
21 1 2
21 2 2
21 3 1
21 4 1
21 5 1
21 6 1
21 7 1
21 8 2
21 9 1
21 10 2
21 11 1
21 12 1
21 13 2
21 14 2
21 15 2
21 16 2
21 17 2
21 18 1
21 19 2
21 20 1
22 0 2
22 1 1
22 2 2
22 3 2
22 4 1
22 5 1
22 6 1
22 7 2
22 8 2
22 9 2
22 10 1
22 11 1
22 12 2
22 13 1
22 14 1
22 15 1
22 16 2
22 17 2
22 18 1
22 19 2
22 20 2
22 21 1
23 0 1
23 1 1
23 2 1
23 3 2
23 4 2
23 5 2
23 6 2
23 7 1
23 8 1
23 9 2
23 10 1
23 11 1
23 12 1
23 13 2
23 14 2
23 15 1
23 16 2
23 17 2
23 18 2
23 19 2
23 20 1
23 21 1
23 22 1
24 0 2
24 1 1
24 2 1
24 3 1
24 4 1
24 5 2
24 6 2
24 7 2
24 8 2
24 9 2
24 10 2
24 11 1
24 12 2
24 13 2
24 14 2
24 15 2
24 16 2
24 17 1
24 18 1
24 19 2
24 20 1
24 21 2
24 22 2
24 23 1
25 0 1
25 1 2
25 2 1
25 3 1
25 4 2
25 5 2
25 6 2
25 7 2
25 8 2
25 9 2
25 10 2
25 11 2
25 12 1
25 13 2
25 14 2
25 15 2
25 16 1
25 17 1
25 18 1
25 19 2
25 20 2
25 21 2
25 22 2
25 23 2
25 24 1
26 0 1
26 1 2
26 2 1
26 3 2
26 4 2
26 5 1
26 6 1
26 7 2
26 8 2
26 9 1
26 10 2
26 11 2
26 12 1
26 13 1
26 14 2
26 15 1
26 16 1
26 17 1
26 18 2
26 19 2
26 20 1
26 21 1
26 22 1
26 23 2
26 24 2
26 25 1
27 0 2
27 1 1
27 2 1
27 3 2
27 4 1
27 5 1
27 6 2
27 7 2
27 8 1
27 9 1
27 10 2
27 11 2
27 12 2
27 13 2
27 14 2
27 15 1
27 16 2
27 17 2
27 18 2
27 19 2
27 20 1
27 21 2
27 22 2
27 23 2
27 24 1
27 25 1
27 26 1
28 0 1
28 1 1
28 2 2
28 3 1
28 4 2
28 5 1
28 6 2
28 7 1
28 8 2
28 9 2
28 10 2
28 11 2
28 12 2
28 13 2
28 14 2
28 15 2
28 16 1
28 17 2
28 18 1
28 19 1
28 20 2
28 21 2
28 22 1
28 23 2
28 24 1
28 25 1
28 26 1
28 27 1
29 0 2
29 1 1
29 2 1
29 3 2
29 4 1
29 5 2
29 6 1
29 7 1
29 8 1
29 9 1
29 10 1
29 11 1
29 12 2
29 13 1
29 14 2
29 15 1
29 16 1
29 17 1
29 18 1
29 19 1
29 20 2
29 21 1
29 22 2
29 23 2
29 24 2
29 25 1
29 26 1
29 27 1
29 28 1
30 0 2
30 1 2
30 2 1
30 3 1
30 4 1
30 5 1
30 6 1
30 7 2
30 8 2
30 9 2
30 10 1
30 11 1
30 12 2
30 13 2
30 14 1
30 15 1
30 16 2
30 17 1
30 18 1
30 19 2
30 20 2
30 21 2
30 22 2
30 23 2
30 24 1
30 25 1
30 26 2
30 27 2
30 28 1
30 29 1
31 0 1
31 1 1
31 2 1
31 3 1
31 4 1
31 5 2
31 6 1
31 7 2
31 8 2
31 9 1
31 10 1
31 11 2
31 12 2
31 13 2
31 14 2
31 15 1
31 16 2
31 17 1
31 18 2
31 19 1
31 20 2
31 21 1
31 22 1
31 23 2
31 24 2
31 25 2
31 26 1
31 27 2
31 28 1
31 29 2
31 30 1
32 0 1
32 1 2
32 2 2
32 3 2
32 4 1
32 5 2
32 6 2
32 7 1
32 8 2
32 9 2
32 10 2
32 11 2
32 12 1
32 13 1
32 14 1
32 15 2
32 16 2
32 17 1
32 18 1
32 19 2
32 20 2
32 21 1
32 22 2
32 23 1
32 24 1
32 25 1
32 26 1
32 27 1
32 28 1
32 29 2
32 30 1
32 31 2
33 0 1
33 1 2
33 2 1
33 3 2
33 4 1
33 5 1
33 6 1
33 7 1
33 8 2
33 9 1
33 10 2
33 11 2
33 12 1
33 13 2
33 14 2
33 15 1
33 16 2
33 17 1
33 18 1
33 19 1
33 20 1
33 21 1
33 22 1
33 23 1
33 24 1
33 25 1
33 26 1
33 27 1
33 28 1
33 29 2
33 30 1
33 31 2
33 32 1
34 0 1
34 1 1
34 2 2
34 3 1
34 4 2
34 5 2
34 6 1
34 7 2
34 8 2
34 9 2
34 10 2
34 11 2
34 12 2
34 13 1
34 14 1
34 15 1
34 16 1
34 17 2
34 18 1
34 19 2
34 20 1
34 21 2
34 22 2
34 23 1
34 24 2
34 25 2
34 26 2
34 27 1
34 28 1
34 29 1
34 30 1
34 31 2
34 32 1
34 33 2
35 0 1
35 1 2
35 2 2
35 3 1
35 4 1
35 5 2
35 6 1
35 7 2
35 8 2
35 9 1
35 10 1
35 11 2
35 12 1
35 13 1
35 14 2
35 15 2
35 16 1
35 17 2
35 18 1
35 19 2
35 20 2
35 21 2
35 22 2
35 23 2
35 24 1
35 25 1
35 26 1
35 27 2
35 28 1
35 29 1
35 30 1
35 31 1
35 32 2
35 33 1
35 34 1
36 0 2
36 1 2
36 2 2
36 3 2
36 4 1
36 5 1
36 6 1
36 7 1
36 8 2
36 9 1
36 10 1
36 11 2
36 12 1
36 13 2
36 14 2
36 15 1
36 16 1
36 17 1
36 18 2
36 19 1
36 20 1
36 21 1
36 22 1
36 23 1
36 24 2
36 25 1
36 26 1
36 27 2
36 28 1
36 29 1
36 30 1
36 31 2
36 32 1
36 33 1
36 34 2
36 35 1
37 0 2
37 1 2
37 2 1
37 3 2
37 4 1
37 5 2
37 6 2
37 7 2
37 8 2
37 9 2
37 10 2
37 11 1
37 12 1
37 13 1
37 14 2
37 15 1
37 16 2
37 17 2
37 18 2
37 19 2
37 20 1
37 21 2
37 22 2
37 23 1
37 24 2
37 25 2
37 26 1
37 27 2
37 28 2
37 29 2
37 30 2
37 31 1
37 32 1
37 33 2
37 34 1
37 35 2
37 36 2
38 0 1
38 1 1
38 2 1
38 3 1
38 4 1
38 5 2
38 6 2
38 7 1
38 8 1
38 9 2
38 10 2
38 11 1
38 12 1
38 13 1
38 14 1
38 15 2
38 16 2
38 17 2
38 18 1
38 19 2
38 20 2
38 21 1
38 22 2
38 23 1
38 24 1
38 25 2
38 26 1
38 27 2
38 28 2
38 29 1
38 30 1
38 31 2
38 32 2
38 33 2
38 34 2
38 35 2
38 36 1
38 37 2
39 0 2
39 1 1
39 2 1
39 3 1
39 4 2
39 5 2
39 6 1
39 7 1
39 8 1
39 9 2
39 10 2
39 11 1
39 12 1
39 13 2
39 14 2
39 15 2
39 16 2
39 17 1
39 18 2
39 19 2
39 20 1
39 21 1
39 22 1
39 23 2
39 24 1
39 25 2
39 26 2
39 27 1
39 28 1
39 29 2
39 30 1
39 31 1
39 32 1
39 33 2
39 34 1
39 35 1
39 36 2
39 37 1
39 38 2
40 0 2
40 1 2
40 2 2
40 3 2
40 4 2
40 5 2
40 6 2
40 7 2
40 8 2
40 9 2
40 10 2
40 11 1
40 12 1
40 13 2
40 14 1
40 15 1
40 16 2
40 17 2
40 18 1
40 19 1
40 20 1
40 21 2
40 22 2
40 23 1
40 24 2
40 25 1
40 26 2
40 27 1
40 28 2
40 29 1
40 30 2
40 31 2
40 32 1
40 33 2
40 34 1
40 35 1
40 36 1
40 37 2
40 38 2
40 39 1
41 0 1
41 1 1
41 2 1
41 3 2
41 4 2
41 5 1
41 6 2
41 7 2
41 8 2
41 9 2
41 10 1
41 11 2
41 12 1
41 13 1
41 14 2
41 15 1
41 16 2
41 17 1
41 18 1
41 19 1
41 20 1
41 21 2
41 22 1
41 23 2
41 24 2
41 25 2
41 26 2
41 27 2
41 28 1
41 29 1
41 30 1
41 31 1
41 32 1
41 33 1
41 34 2
41 35 1
41 36 1
41 37 1
41 38 1
41 39 2
41 40 2
42 0 2
42 1 1
42 2 1
42 3 2
42 4 2
42 5 2
42 6 1
42 7 2
42 8 2
42 9 1
42 10 2
42 11 2
42 12 1
42 13 1
42 14 1
42 15 1
42 16 1
42 17 1
42 18 1
42 19 1
42 20 1
42 21 2
42 22 2
42 23 2
42 24 1
42 25 1
42 26 1
42 27 2
42 28 1
42 29 1
42 30 2
42 31 2
42 32 1
42 33 1
42 34 2
42 35 1
42 36 2
42 37 1
42 38 1
42 39 1
42 40 1
42 41 1
43 0 2
43 1 2
43 2 1
43 3 1
43 4 2
43 5 1
43 6 1
43 7 2
43 8 1
43 9 1
43 10 2
43 11 2
43 12 1
43 13 1
43 14 2
43 15 1
43 16 2
43 17 2
43 18 2
43 19 1
43 20 1
43 21 1
43 22 2
43 23 1
43 24 2
43 25 2
43 26 2
43 27 1
43 28 2
43 29 2
43 30 2
43 31 2
43 32 2
43 33 1
43 34 2
43 35 2
43 36 1
43 37 2
43 38 2
43 39 1
43 40 2
43 41 1
43 42 1
44 0 1
44 1 2
44 2 1
44 3 2
44 4 1
44 5 1
44 6 1
44 7 2
44 8 2
44 9 1
44 10 2
44 11 2
44 12 1
44 13 1
44 14 1
44 15 2
44 16 2
44 17 1
44 18 1
44 19 2
44 20 1
44 21 2
44 22 1
44 23 2
44 24 1
44 25 1
44 26 1
44 27 2
44 28 1
44 29 2
44 30 2
44 31 2
44 32 1
44 33 1
44 34 2
44 35 1
44 36 2
44 37 2
44 38 2
44 39 1
44 40 1
44 41 2
44 42 2
44 43 1
45 0 2
45 1 2
45 2 1
45 3 2
45 4 1
45 5 2
45 6 2
45 7 1
45 8 1
45 9 2
45 10 2
45 11 2
45 12 2
45 13 2
45 14 1
45 15 2
45 16 1
45 17 1
45 18 2
45 19 1
45 20 1
45 21 1
45 22 1
45 23 1
45 24 1
45 25 2
45 26 1
45 27 1
45 28 2
45 29 2
45 30 1
45 31 2
45 32 2
45 33 2
45 34 1
45 35 2
45 36 2
45 37 1
45 38 1
45 39 2
45 40 2
45 41 2
45 42 2
45 43 2
45 44 2
46 0 1
46 1 1
46 2 1
46 3 2
46 4 2
46 5 2
46 6 2
46 7 1
46 8 2
46 9 2
46 10 2
46 11 2
46 12 1
46 13 1
46 14 1
46 15 1
46 16 1
46 17 1
46 18 1
46 19 2
46 20 1
46 21 2
46 22 1
46 23 2
46 24 1
46 25 1
46 26 2
46 27 2
46 28 1
46 29 1
46 30 1
46 31 2
46 32 1
46 33 1
46 34 2
46 35 2
46 36 2
46 37 2
46 38 2
46 39 2
46 40 2
46 41 2
46 42 1
46 43 1
46 44 1
46 45 2
47 0 2
47 1 1
47 2 1
47 3 2
47 4 2
47 5 1
47 6 2
47 7 2
47 8 2
47 9 1
47 10 1
47 11 2
47 12 1
47 13 2
47 14 2
47 15 2
47 16 2
47 17 1
47 18 1
47 19 2
47 20 1
47 21 2
47 22 2
47 23 1
47 24 1
47 25 1
47 26 1
47 27 1
47 28 1
47 29 2
47 30 1
47 31 1
47 32 1
47 33 1
47 34 2
47 35 2
47 36 2
47 37 2
47 38 1
47 39 1
47 40 2
47 41 2
47 42 1
47 43 1
47 44 2
47 45 1
47 46 2
48 0 1
48 1 1
48 2 1
48 3 1
48 4 2
48 5 2
48 6 1
48 7 2
48 8 1
48 9 1
48 10 2
48 11 1
48 12 2
48 13 2
48 14 1
48 15 1
48 16 1
48 17 2
48 18 1
48 19 2
48 20 2
48 21 2
48 22 1
48 23 2
48 24 1
48 25 1
48 26 1
48 27 2
48 28 1
48 29 1
48 30 2
48 31 2
48 32 2
48 33 2
48 34 2
48 35 1
48 36 2
48 37 1
48 38 1
48 39 2
48 40 2
48 41 2
48 42 1
48 43 2
48 44 1
48 45 2
48 46 2
48 47 1
49 0 2
49 1 2
49 2 2
49 3 1
49 4 1
49 5 2
49 6 1
49 7 2
49 8 2
49 9 2
49 10 2
49 11 2
49 12 2
49 13 2
49 14 2
49 15 1
49 16 1
49 17 2
49 18 2
49 19 1
49 20 2
49 21 1
49 22 2
49 23 1
49 24 1
49 25 1
49 26 2
49 27 2
49 28 2
49 29 2
49 30 1
49 31 1
49 32 2
49 33 1
49 34 2
49 35 1
49 36 2
49 37 2
49 38 1
49 39 2
49 40 2
49 41 2
49 42 1
49 43 2
49 44 1
49 45 2
49 46 2
49 47 2
49 48 1
50 0 2
50 1 2
50 2 2
50 3 2
50 4 1
50 5 2
50 6 2
50 7 1
50 8 1
50 9 2
50 10 2
50 11 1
50 12 2
50 13 1
50 14 2
50 15 2
50 16 1
50 17 2
50 18 2
50 19 1
50 20 2
50 21 2
50 22 2
50 23 1
50 24 2
50 25 2
50 26 2
50 27 1
50 28 1
50 29 1
50 30 2
50 31 2
50 32 2
50 33 2
50 34 1
50 35 2
50 36 2
50 37 1
50 38 2
50 39 1
50 40 1
50 41 1
50 42 1
50 43 1
50 44 1
50 45 2
50 46 1
50 47 1
50 48 1
50 49 2
51 0 2
51 1 1
51 2 1
51 3 2
51 4 1
51 5 2
51 6 1
51 7 2
51 8 2
51 9 1
51 10 2
51 11 1
51 12 2
51 13 1
51 14 2
51 15 1
51 16 1
51 17 1
51 18 2
51 19 2
51 20 1
51 21 2
51 22 1
51 23 1
51 24 2
51 25 2
51 26 2
51 27 2
51 28 1
51 29 1
51 30 1
51 31 1
51 32 2
51 33 1
51 34 2
51 35 1
51 36 1
51 37 2
51 38 2
51 39 1
51 40 2
51 41 2
51 42 1
51 43 2
51 44 2
51 45 2
51 46 2
51 47 2
51 48 1
51 49 1
51 50 2
52 0 1
52 1 2
52 2 2
52 3 2
52 4 2
52 5 1
52 6 1
52 7 2
52 8 2
52 9 1
52 10 2
52 11 2
52 12 2
52 13 2
52 14 1
52 15 2
52 16 2
52 17 1
52 18 1
52 19 1
52 20 1
52 21 1
52 22 1
52 23 2
52 24 2
52 25 2
52 26 2
52 27 1
52 28 2
52 29 1
52 30 1
52 31 1
52 32 2
52 33 1
52 34 2
52 35 1
52 36 2
52 37 1
52 38 2
52 39 2
52 40 1
52 41 2
52 42 1
52 43 1
52 44 1
52 45 1
52 46 2
52 47 2
52 48 1
52 49 2
52 50 2
52 51 1
53 0 2
53 1 2
53 2 1
53 3 1
53 4 1
53 5 2
53 6 1
53 7 2
53 8 2
53 9 1
53 10 2
53 11 1
53 12 2
53 13 2
53 14 2
53 15 1
53 16 2
53 17 2
53 18 1
53 19 1
53 20 1
53 21 2
53 22 2
53 23 1
53 24 1
53 25 1
53 26 1
53 27 1
53 28 1
53 29 2
53 30 1
53 31 2
53 32 1
53 33 2
53 34 2
53 35 1
53 36 2
53 37 1
53 38 1
53 39 1
53 40 1
53 41 1
53 42 1
53 43 2
53 44 2
53 45 1
53 46 2
53 47 2
53 48 2
53 49 2
53 50 2
53 51 1
53 52 2
54 0 1
54 1 1
54 2 1
54 3 1
54 4 2
54 5 2
54 6 2
54 7 2
54 8 1
54 9 1
54 10 2
54 11 1
54 12 1
54 13 1
54 14 2
54 15 1
54 16 2
54 17 2
54 18 2
54 19 2
54 20 1
54 21 1
54 22 1
54 23 1
54 24 1
54 25 2
54 26 1
54 27 1
54 28 2
54 29 1
54 30 2
54 31 2
54 32 1
54 33 1
54 34 2
54 35 1
54 36 1
54 37 1
54 38 2
54 39 2
54 40 1
54 41 2
54 42 2
54 43 2
54 44 2
54 45 2
54 46 2
54 47 2
54 48 2
54 49 1
54 50 1
54 51 1
54 52 2
54 53 1
55 0 2
55 1 1
55 2 2
55 3 2
55 4 2
55 5 1
55 6 2
55 7 1
55 8 1
55 9 1
55 10 1
55 11 1
55 12 2
55 13 1
55 14 2
55 15 1
55 16 1
55 17 2
55 18 2
55 19 2
55 20 2
55 21 1
55 22 1
55 23 1
55 24 2
55 25 1
55 26 1
55 27 1
55 28 1
55 29 1
55 30 1
55 31 1
55 32 1
55 33 1
55 34 1
55 35 2
55 36 1
55 37 2
55 38 1
55 39 1
55 40 2
55 41 1
55 42 2
55 43 1
55 44 1
55 45 2
55 46 2
55 47 2
55 48 1
55 49 1
55 50 2
55 51 1
55 52 2
55 53 1
55 54 2
56 0 1
56 1 1
56 2 2
56 3 1
56 4 1
56 5 2
56 6 1
56 7 2
56 8 1
56 9 2
56 10 1
56 11 1
56 12 2
56 13 2
56 14 2
56 15 1
56 16 2
56 17 2
56 18 1
56 19 2
56 20 2
56 21 1
56 22 2
56 23 1
56 24 2
56 25 1
56 26 2
56 27 2
56 28 1
56 29 2
56 30 1
56 31 2
56 32 1
56 33 1
56 34 2
56 35 2
56 36 2
56 37 2
56 38 1
56 39 1
56 40 2
56 41 2
56 42 2
56 43 2
56 44 2
56 45 1
56 46 2
56 47 1
56 48 1
56 49 1
56 50 2
56 51 1
56 52 1
56 53 2
56 54 2
56 55 1
57 0 1
57 1 2
57 2 2
57 3 2
57 4 1
57 5 2
57 6 2
57 7 2
57 8 2
57 9 2
57 10 2
57 11 1
57 12 1
57 13 1
57 14 1
57 15 2
57 16 2
57 17 1
57 18 2
57 19 2
57 20 1
57 21 1
57 22 2
57 23 2
57 24 1
57 25 1
57 26 1
57 27 2
57 28 2
57 29 1
57 30 1
57 31 1
57 32 2
57 33 1
57 34 1
57 35 1
57 36 2
57 37 1
57 38 2
57 39 1
57 40 1
57 41 1
57 42 2
57 43 2
57 44 1
57 45 1
57 46 1
57 47 1
57 48 1
57 49 2
57 50 2
57 51 2
57 52 1
57 53 2
57 54 1
57 55 1
57 56 2
58 0 2
58 1 1
58 2 1
58 3 2
58 4 2
58 5 2
58 6 1
58 7 1
58 8 2
58 9 1
58 10 1
58 11 1
58 12 1
58 13 1
58 14 2
58 15 2
58 16 1
58 17 2
58 18 1
58 19 1
58 20 1
58 21 1
58 22 1
58 23 2
58 24 1
58 25 2
58 26 1
58 27 2
58 28 2
58 29 2
58 30 1
58 31 2
58 32 1
58 33 2
58 34 1
58 35 1
58 36 1
58 37 1
58 38 2
58 39 2
58 40 1
58 41 2
58 42 2
58 43 2
58 44 2
58 45 1
58 46 2
58 47 1
58 48 1
58 49 2
58 50 1
58 51 2
58 52 1
58 53 2
58 54 2
58 55 2
58 56 2
58 57 1
59 0 2
59 1 1
59 2 1
59 3 1
59 4 1
59 5 2
59 6 1
59 7 1
59 8 1
59 9 2
59 10 2
59 11 1
59 12 2
59 13 2
59 14 1
59 15 1
59 16 2
59 17 1
59 18 1
59 19 1
59 20 2
59 21 1
59 22 1
59 23 1
59 24 1
59 25 2
59 26 1
59 27 2
59 28 2
59 29 1
59 30 2
59 31 2
59 32 1
59 33 1
59 34 1
59 35 1
59 36 1
59 37 2
59 38 1
59 39 2
59 40 1
59 41 2
59 42 1
59 43 1
59 44 1
59 45 1
59 46 1
59 47 2
59 48 1
59 49 2
59 50 1
59 51 1
59 52 1
59 53 2
59 54 1
59 55 1
59 56 2
59 57 1
59 58 1
