30
2 0 7
3 1 7
4 0 7
5 0 8
5 1 1
5 2 8
6 2 13
6 4 3
7 1 8
8 5 1
8 7 7
9 0 2
9 1 12
9 3 13
9 4 7
9 7 10
10 1 1
10 3 2
10 4 4
10 5 11
10 6 6
10 8 13
11 0 2
11 1 7
11 3 6
11 5 10
11 6 3
11 7 3
11 10 11
12 0 5
12 4 1
12 5 1
12 6 8
12 11 5
13 0 9
13 1 6
13 5 11
13 7 2
13 10 5
13 11 5
13 12 2
14 10 4
14 12 10
14 13 1
15 1 10
15 4 9
15 6 8
15 7 3
15 9 9
16 0 7
16 2 4
16 4 12
16 5 5
16 7 13
16 8 1
16 9 4
16 10 7
16 11 4
17 3 8
17 5 7
17 12 2
17 13 3
17 14 8
17 16 5
18 0 3
18 5 5
18 10 2
18 11 12
18 14 2
18 15 2
18 17 3
19 2 5
19 3 7
19 4 2
19 5 1
19 7 6
19 8 4
19 9 6
19 15 11
19 16 4
19 18 10
20 0 2
20 7 11
20 8 1
20 11 5
20 12 5
20 13 2
20 14 8
20 16 6
20 17 13
20 18 4
21 0 1
21 4 6
21 8 13
21 9 9
21 10 9
21 11 8
21 13 6
21 15 11
21 16 13
22 0 8
22 2 5
22 4 3
22 5 2
22 6 9
22 7 8
22 8 6
22 9 7
22 18 13
22 19 3
22 20 3
23 0 13
23 4 3
23 5 5
23 10 12
23 15 11
23 16 3
23 17 3
23 19 2
23 20 12
24 11 9
24 13 4
24 14 8
24 17 12
24 18 6
24 20 7
24 21 11
24 22 2
25 0 5
25 2 13
25 3 13
25 4 11
25 5 5
25 8 4
25 11 10
25 12 9
25 13 10
25 21 4
25 24 4
26 0 6
26 1 5
26 3 8
26 4 13
26 5 5
26 8 6
26 10 8
26 13 1
26 15 3
26 16 3
26 22 7
26 24 4
27 4 7
27 6 4
27 7 5
27 9 12
27 15 2
27 17 10
27 18 6
27 19 3
27 21 6
27 23 5
28 2 3
28 3 11
28 4 1
28 5 5
28 6 11
28 9 11
28 12 4
28 13 1
28 16 9
28 17 3
28 22 12
28 24 10
28 25 11
29 3 9
29 4 2
29 11 2
29 17 7
29 18 8
29 20 3
29 21 9
29 23 11
29 25 6
29 26 8
29 28 7
