40
1 0 4
2 0 4
2 1 2
3 0 4
3 1 1
3 2 1
4 0 2
4 1 5
4 2 1
4 3 3
5 0 5
5 1 3
5 2 5
5 3 3
5 4 4
6 0 5
6 1 5
6 2 4
6 3 4
6 4 5
6 5 5
7 0 4
7 1 4
7 2 4
7 3 2
7 4 5
7 5 4
7 6 1
8 0 4
8 1 1
8 2 3
8 3 5
8 4 2
8 5 1
8 6 5
8 7 3
9 0 3
9 1 4
9 2 1
9 3 2
9 4 4
9 5 2
9 6 1
9 7 4
9 8 5
10 0 1
10 1 3
10 2 5
10 3 4
10 4 1
10 5 2
10 6 4
10 7 4
10 8 1
10 9 5
11 0 5
11 1 2
11 2 1
11 3 4
11 4 1
11 5 2
11 6 3
11 7 1
11 8 4
11 9 3
11 10 5
12 0 3
12 1 4
12 2 5
12 3 4
12 4 1
12 5 2
12 6 4
12 7 4
12 8 3
12 9 4
12 10 3
12 11 3
13 0 1
13 1 3
13 2 5
13 3 2
13 4 2
13 5 5
13 6 4
13 7 1
13 8 4
13 9 1
13 10 1
13 11 4
13 12 5
14 0 5
14 1 5
14 2 4
14 3 5
14 4 3
14 5 3
14 6 1
14 7 4
14 8 3
14 9 2
14 10 2
14 11 1
14 12 1
14 13 1
15 0 4
15 1 4
15 2 2
15 3 2
15 4 1
15 5 4
15 6 3
15 7 5
15 8 4
15 9 3
15 10 2
15 11 4
15 12 5
15 13 1
15 14 3
16 0 1
16 1 1
16 2 2
16 3 2
16 4 3
16 5 3
16 6 4
16 7 1
16 8 4
16 9 3
16 10 3
16 11 3
16 12 5
16 13 5
16 14 2
16 15 2
17 0 3
17 1 3
17 2 1
17 3 2
17 4 4
17 5 3
17 6 1
17 7 1
17 8 3
17 9 5
17 10 1
17 11 5
17 12 5
17 13 4
17 14 1
17 15 5
17 16 5
18 0 5
18 1 1
18 2 5
18 3 4
18 4 2
18 5 2
18 6 1
18 7 2
18 8 4
18 9 3
18 10 1
18 11 2
18 12 2
18 13 3
18 14 1
18 15 1
18 16 5
18 17 4
19 0 5
19 1 2
19 2 5
19 3 2
19 4 2
19 5 2
19 6 1
19 7 1
19 8 5
19 9 3
19 10 3
19 11 4
19 12 3
19 13 2
19 14 5
19 15 1
19 16 5
19 17 4
19 18 4
20 0 3
20 1 2
20 2 5
20 3 3
20 4 2
20 5 5
20 6 2
20 7 2
20 8 1
20 9 5
20 10 1
20 11 1
20 12 5
20 13 2
20 14 1
20 15 1
20 16 4
20 17 2
20 18 2
20 19 4
21 0 3
21 1 4
21 2 1
21 3 5
21 4 3
21 5 3
21 6 4
21 7 4
21 8 2
21 9 1
21 10 5
21 11 2
21 12 3
21 13 2
21 14 4
21 15 4
21 16 2
21 17 2
21 18 1
21 19 1
21 20 3
22 0 4
22 1 4
22 2 1
22 3 4
22 4 3
22 5 3
22 6 2
22 7 4
22 8 2
22 9 2
22 10 2
22 11 2
22 12 1
22 13 1
22 14 1
22 15 5
22 16 2
22 17 4
22 18 1
22 19 2
22 20 5
22 21 3
23 0 4
23 1 2
23 2 2
23 3 1
23 4 5
23 5 2
23 6 5
23 7 5
23 8 5
23 9 5
23 10 4
23 11 3
23 12 5
23 13 1
23 14 2
23 15 1
23 16 3
23 17 1
23 18 4
23 19 1
23 20 4
23 21 4
23 22 3
24 0 2
24 1 3
24 2 4
24 3 1
24 4 1
24 5 4
24 6 2
24 7 2
24 8 4
24 9 5
24 10 4
24 11 4
24 12 1
24 13 5
24 14 3
24 15 5
24 16 2
24 17 1
24 18 1
24 19 3
24 20 4
24 21 5
24 22 2
24 23 2
25 0 4
25 1 4
25 2 2
25 3 4
25 4 5
25 5 3
25 6 2
25 7 5
25 8 4
25 9 2
25 10 5
25 11 5
25 12 3
25 13 3
25 14 3
25 15 1
25 16 4
25 17 5
25 18 3
25 19 3
25 20 2
25 21 1
25 22 5
25 23 2
25 24 2
26 0 4
26 1 4
26 2 5
26 3 1
26 4 1
26 5 1
26 6 5
26 7 1
26 8 2
26 9 4
26 10 2
26 11 5
26 12 4
26 13 1
26 14 3
26 15 2
26 16 3
26 17 4
26 18 2
26 19 4
26 20 2
26 21 2
26 22 3
26 23 2
26 24 2
26 25 1
27 0 5
27 1 4
27 2 4
27 3 1
27 4 5
27 5 3
27 6 2
27 7 5
27 8 4
27 9 1
27 10 5
27 11 4
27 12 3
27 13 3
27 14 5
27 15 3
27 16 3
27 17 4
27 18 1
27 19 4
27 20 3
27 21 2
27 22 3
27 23 5
27 24 4
27 25 1
27 26 5
28 0 1
28 1 3
28 2 5
28 3 4
28 4 2
28 5 4
28 6 3
28 7 3
28 8 4
28 9 4
28 10 3
28 11 5
28 12 2
28 13 5
28 14 3
28 15 2
28 16 2
28 17 5
28 18 1
28 19 3
28 20 2
28 21 5
28 22 4
28 23 5
28 24 5
28 25 1
28 26 1
28 27 2
29 0 3
29 1 1
29 2 3
29 3 5
29 4 5
29 5 5
29 6 1
29 7 5
29 8 5
29 9 3
29 10 4
29 11 3
29 12 1
29 13 4
29 14 4
29 15 4
29 16 5
29 17 1
29 18 1
29 19 3
29 20 2
29 21 1
29 22 1
29 23 4
29 24 2
29 25 2
29 26 5
29 27 5
29 28 1
30 0 3
30 1 5
30 2 2
30 3 4
30 4 1
30 5 3
30 6 2
30 7 5
30 8 5
30 9 4
30 10 2
30 11 3
30 12 3
30 13 2
30 14 4
30 15 2
30 16 2
30 17 4
30 18 1
30 19 1
30 20 1
30 21 4
30 22 3
30 23 3
30 24 4
30 25 3
30 26 2
30 27 3
30 28 4
30 29 3
31 0 4
31 1 1
31 2 3
31 3 3
31 4 3
31 5 1
31 6 4
31 7 3
31 8 3
31 9 2
31 10 5
31 11 3
31 12 1
31 13 5
31 14 2
31 15 1
31 16 4
31 17 4
31 18 4
31 19 5
31 20 2
31 21 3
31 22 4
31 23 5
31 24 3
31 25 3
31 26 5
31 27 3
31 28 2
31 29 1
31 30 3
32 0 2
32 1 1
32 2 5
32 3 4
32 4 2
32 5 2
32 6 2
32 7 2
32 8 1
32 9 3
32 10 1
32 11 5
32 12 2
32 13 3
32 14 4
32 15 5
32 16 2
32 17 4
32 18 4
32 19 2
32 20 5
32 21 5
32 22 1
32 23 5
32 24 5
32 25 3
32 26 1
32 27 5
32 28 2
32 29 5
32 30 4
32 31 5
33 0 4
33 1 2
33 2 5
33 3 4
33 4 1
33 5 1
33 6 3
33 7 1
33 8 3
33 9 3
33 10 5
33 11 2
33 12 5
33 13 1
33 14 4
33 15 1
33 16 5
33 17 5
33 18 1
33 19 3
33 20 3
33 21 4
33 22 4
33 23 4
33 24 1
33 25 2
33 26 1
33 27 4
33 28 4
33 29 4
33 30 3
33 31 1
33 32 1
34 0 4
34 1 5
34 2 1
34 3 3
34 4 3
34 5 1
34 6 2
34 7 2
34 8 4
34 9 5
34 10 5
34 11 1
34 12 1
34 13 2
34 14 3
34 15 1
34 16 5
34 17 1
34 18 5
34 19 5
34 20 1
34 21 2
34 22 3
34 23 4
34 24 5
34 25 1
34 26 4
34 27 3
34 28 5
34 29 2
34 30 5
34 31 1
34 32 2
34 33 1
35 0 1
35 1 3
35 2 1
35 3 4
35 4 4
35 5 3
35 6 5
35 7 3
35 8 5
35 9 4
35 10 4
35 11 2
35 12 2
35 13 5
35 14 4
35 15 1
35 16 1
35 17 3
35 18 1
35 19 4
35 20 1
35 21 2
35 22 2
35 23 4
35 24 1
35 25 1
35 26 2
35 27 1
35 28 3
35 29 2
35 30 3
35 31 1
35 32 1
35 33 5
35 34 3
36 0 1
36 1 4
36 2 1
36 3 5
36 4 2
36 5 5
36 6 5
36 7 2
36 8 4
36 9 1
36 10 3
36 11 1
36 12 3
36 13 5
36 14 5
36 15 4
36 16 4
36 17 3
36 18 5
36 19 5
36 20 4
36 21 1
36 22 4
36 23 5
36 24 4
36 25 5
36 26 3
36 27 4
36 28 4
36 29 2
36 30 3
36 31 1
36 32 3
36 33 5
36 34 4
36 35 4
37 0 5
37 1 4
37 2 2
37 3 3
37 4 4
37 5 3
37 6 1
37 7 5
37 8 2
37 9 4
37 10 4
37 11 3
37 12 2
37 13 4
37 14 1
37 15 2
37 16 3
37 17 1
37 18 1
37 19 4
37 20 3
37 21 5
37 22 3
37 23 3
37 24 5
37 25 4
37 26 2
37 27 5
37 28 4
37 29 5
37 30 3
37 31 4
37 32 3
37 33 3
37 34 5
37 35 2
37 36 1
38 0 5
38 1 1
38 2 1
38 3 4
38 4 1
38 5 4
38 6 5
38 7 2
38 8 1
38 9 4
38 10 2
38 11 4
38 12 5
38 13 1
38 14 3
38 15 1
38 16 1
38 17 2
38 18 4
38 19 1
38 20 5
38 21 1
38 22 2
38 23 2
38 24 1
38 25 4
38 26 4
38 27 2
38 28 2
38 29 3
38 30 5
38 31 2
38 32 5
38 33 3
38 34 1
38 35 2
38 36 2
38 37 3
39 0 4
39 1 2
39 2 4
39 3 1
39 4 4
39 5 2
39 6 2
39 7 5
39 8 2
39 9 4
39 10 3
39 11 4
39 12 1
39 13 3
39 14 1
39 15 5
39 16 2
39 17 2
39 18 2
39 19 4
39 20 5
39 21 1
39 22 5
39 23 4
39 24 5
39 25 2
39 26 4
39 27 2
39 28 5
39 29 4
39 30 3
39 31 2
39 32 1
39 33 1
39 34 1
39 35 3
39 36 2
39 37 2
39 38 5
