20
1 0 4
2 0 9
2 1 8
3 0 4
3 1 4
3 2 9
4 0 7
4 1 8
4 2 2
4 3 6
5 0 4
5 1 5
5 2 10
5 3 2
5 4 4
6 0 7
6 1 3
6 2 9
6 3 8
6 4 8
6 5 2
7 0 3
7 1 8
7 2 3
7 3 4
7 4 1
7 5 10
7 6 1
8 0 6
8 1 10
8 2 9
8 3 4
8 4 10
8 5 4
8 6 4
8 7 7
9 0 1
9 1 4
9 2 7
9 3 2
9 4 8
9 5 10
9 6 6
9 7 7
9 8 8
10 0 10
10 1 4
10 2 9
10 3 3
10 4 2
10 5 3
10 6 6
10 7 4
10 8 8
10 9 7
11 0 7
11 1 10
11 2 1
11 3 8
11 4 4
11 5 9
11 6 6
11 7 8
11 8 1
11 9 2
11 10 1
12 0 4
12 1 7
12 2 2
12 3 8
12 4 3
12 5 10
12 6 5
12 7 4
12 8 9
12 9 3
12 10 4
12 11 9
13 0 3
13 1 5
13 2 6
13 3 9
13 4 6
13 5 2
13 6 10
13 7 7
13 8 5
13 9 10
13 10 1
13 11 4
13 12 10
14 0 10
14 1 3
14 2 8
14 3 6
14 4 10
14 5 8
14 6 1
14 7 5
14 8 1
14 9 9
14 10 5
14 11 10
14 12 10
14 13 4
15 0 4
15 1 2
15 2 1
15 3 9
15 4 3
15 5 3
15 6 4
15 7 7
15 8 4
15 9 1
15 10 7
15 11 7
15 12 8
15 13 10
15 14 4
16 0 8
16 1 6
16 2 9
16 3 5
16 4 3
16 5 8
16 6 4
16 7 3
16 8 5
16 9 7
16 10 2
16 11 8
16 12 5
16 13 5
16 14 7
16 15 2
17 0 10
17 1 2
17 2 4
17 3 10
17 4 5
17 5 6
17 6 1
17 7 1
17 8 10
17 9 2
17 10 9
17 11 1
17 12 3
17 13 6
17 14 6
17 15 9
17 16 5
18 0 3
18 1 10
18 2 6
18 3 5
18 4 6
18 5 8
18 6 2
18 7 4
18 8 8
18 9 2
18 10 8
18 11 5
18 12 6
18 13 3
18 14 7
18 15 4
18 16 8
18 17 1
19 0 3
19 1 1
19 2 5
19 3 3
19 4 7
19 5 1
19 6 9
19 7 7
19 8 2
19 9 6
19 10 8
19 11 2
19 12 5
19 13 7
19 14 1
19 15 4
19 16 9
19 17 9
19 18 7
