70
2 1 11
4 2 1
5 1 2
6 1 4
6 3 8
6 5 1
7 0 7
7 2 2
8 1 8
8 2 5
8 5 2
8 6 9
8 7 1
9 0 10
9 3 3
9 4 4
9 5 9
9 7 8
10 3 10
10 4 2
10 5 9
10 8 8
10 9 3
11 0 3
11 1 6
11 2 6
11 4 3
11 6 5
11 7 1
11 8 11
11 9 8
12 3 11
12 4 10
12 6 3
12 7 10
12 8 1
12 9 3
13 2 8
13 4 10
13 7 3
13 9 8
13 11 4
13 12 11
14 0 1
14 1 9
14 2 9
14 5 6
14 7 6
14 11 3
15 2 3
15 3 3
15 4 5
15 5 8
15 6 4
15 7 9
15 9 11
15 10 6
15 13 8
16 4 9
16 6 6
16 8 10
16 9 1
16 10 4
16 12 7
16 13 5
16 14 2
16 15 6
17 0 9
17 1 7
17 2 10
17 4 3
17 5 8
17 6 4
17 9 9
17 13 4
17 15 5
18 1 10
18 4 2
18 7 3
18 8 2
18 9 9
18 11 6
18 13 8
18 14 1
18 15 11
19 1 3
19 3 9
19 4 8
19 7 7
19 8 2
19 9 10
19 10 8
19 11 6
19 12 2
19 13 9
19 14 2
19 15 4
19 17 4
19 18 6
20 5 6
20 6 11
20 7 9
20 8 4
20 13 6
20 15 7
20 17 10
20 18 3
20 19 1
21 2 5
21 4 6
21 7 6
21 9 5
21 13 3
21 14 2
21 15 2
21 18 10
22 0 1
22 1 7
22 4 10
22 5 3
22 6 7
22 12 9
22 14 10
22 17 8
22 18 5
22 19 8
23 0 9
23 4 4
23 5 4
23 10 4
23 15 8
23 19 10
23 21 5
24 0 6
24 2 11
24 3 3
24 6 7
24 7 8
24 8 3
24 9 2
24 10 3
24 16 7
24 19 2
24 20 6
24 21 11
24 23 8
25 1 2
25 4 4
25 9 10
25 10 9
25 11 6
25 13 1
25 14 2
25 19 1
25 20 3
25 24 7
26 0 6
26 4 4
26 10 4
26 16 7
26 21 10
26 23 2
26 24 1
27 0 3
27 1 9
27 2 7
27 3 8
27 8 6
27 9 10
27 10 6
27 11 1
27 12 7
27 13 11
27 16 5
27 19 10
27 21 3
27 24 7
27 25 8
27 26 3
28 1 5
28 3 3
28 4 11
28 6 8
28 7 2
28 9 9
28 10 7
28 11 8
28 13 5
28 14 8
28 15 11
28 16 8
28 17 8
28 20 5
28 21 10
28 22 10
28 23 1
28 24 9
28 25 3
28 26 8
28 27 10
29 1 5
29 2 9
29 6 6
29 10 3
29 12 2
29 17 9
29 18 3
29 19 4
29 20 6
29 21 3
29 22 1
29 23 1
29 24 4
29 26 11
29 28 4
30 1 4
30 8 5
30 12 11
30 16 8
30 17 1
30 18 5
30 19 1
30 24 8
31 0 10
31 2 5
31 4 3
31 5 10
31 9 2
31 10 9
31 13 1
31 15 3
31 18 10
31 19 1
31 20 11
31 21 8
31 23 10
31 25 3
31 26 3
31 28 1
31 29 10
32 0 1
32 1 10
32 2 9
32 4 10
32 6 2
32 7 7
32 8 9
32 10 6
32 15 2
32 17 11
32 18 3
32 20 5
32 22 6
32 23 1
32 25 1
32 26 6
32 28 11
32 29 1
32 31 1
33 0 7
33 2 6
33 3 2
33 5 10
33 7 4
33 11 8
33 13 5
33 18 11
33 19 1
33 21 9
33 22 9
33 24 1
33 28 8
33 30 9
33 31 10
34 1 11
34 2 11
34 5 4
34 6 3
34 7 1
34 8 8
34 11 9
34 13 5
34 14 6
34 15 11
34 16 8
34 18 4
34 20 9
34 23 9
34 24 8
34 25 2
34 27 10
34 32 4
34 33 10
35 0 10
35 1 10
35 2 11
35 7 6
35 10 4
35 11 4
35 12 6
35 13 10
35 14 1
35 18 5
35 21 9
35 23 8
35 24 9
35 27 5
35 29 3
35 31 6
35 32 7
36 0 4
36 1 9
36 3 2
36 6 2
36 8 1
36 10 9
36 11 2
36 12 3
36 14 11
36 15 4
36 18 4
36 20 9
36 21 11
36 25 2
36 28 5
36 30 1
36 31 9
36 32 5
36 33 8
36 35 2
37 0 1
37 1 4
37 4 8
37 5 8
37 6 5
37 7 3
37 10 7
37 11 10
37 15 11
37 16 7
37 19 9
37 24 1
37 27 7
37 31 11
37 33 9
37 34 1
37 36 1
38 3 5
38 5 9
38 6 11
38 9 1
38 13 9
38 14 10
38 16 10
38 20 7
38 21 9
38 22 1
38 25 9
38 26 7
38 28 4
38 29 1
38 30 5
38 33 7
38 35 9
38 36 10
39 2 6
39 4 9
39 6 8
39 7 6
39 8 11
39 11 10
39 12 8
39 13 3
39 17 8
39 21 8
39 22 2
39 23 5
39 25 4
39 27 8
39 31 4
39 33 5
39 34 3
39 35 2
40 0 10
40 4 3
40 5 4
40 6 8
40 9 7
40 11 6
40 12 2
40 15 4
40 18 2
40 19 9
40 21 4
40 22 7
40 25 8
40 26 6
40 29 2
40 32 3
40 34 6
40 35 7
41 2 2
41 3 10
41 5 6
41 7 10
41 8 10
41 9 10
41 11 8
41 12 3
41 14 6
41 15 6
41 16 6
41 17 10
41 18 10
41 19 3
41 21 3
41 24 5
41 25 4
41 30 10
41 31 5
41 33 1
41 35 5
41 36 9
41 39 7
42 3 9
42 5 8
42 9 1
42 10 8
42 12 9
42 15 1
42 17 1
42 19 6
42 20 10
42 23 9
42 24 5
42 25 2
42 27 2
42 28 10
42 29 2
42 30 8
42 38 5
43 0 11
43 5 3
43 6 7
43 8 6
43 9 1
43 13 7
43 14 4
43 15 5
43 16 7
43 18 3
43 19 10
43 21 2
43 23 3
43 26 3
43 28 3
43 30 5
43 31 9
43 32 9
43 33 11
43 35 2
43 37 1
43 39 10
43 41 2
44 3 2
44 4 8
44 6 1
44 8 10
44 10 2
44 11 6
44 12 4
44 19 1
44 20 7
44 21 7
44 22 5
44 24 8
44 26 10
44 27 2
44 29 4
44 33 2
44 34 4
44 35 8
44 37 5
44 38 11
44 39 7
44 40 1
44 43 5
45 4 2
45 6 7
45 7 10
45 9 2
45 10 8
45 11 1
45 12 11
45 15 9
45 16 1
45 17 4
45 20 10
45 22 1
45 26 5
45 27 11
45 32 9
45 34 7
45 35 3
45 36 2
45 41 5
45 43 1
45 44 3
46 3 11
46 8 11
46 14 10
46 15 5
46 17 9
46 19 11
46 21 11
46 29 2
46 31 8
46 34 2
46 35 2
46 36 1
46 37 10
46 40 7
46 44 10
47 1 2
47 2 7
47 3 6
47 4 5
47 7 9
47 9 5
47 12 2
47 13 1
47 14 10
47 15 7
47 20 6
47 21 9
47 22 1
47 23 3
47 25 7
47 28 9
47 29 6
47 30 11
47 31 9
47 32 11
47 35 11
47 37 10
47 41 4
47 44 7
47 46 8
48 0 6
48 3 2
48 4 6
48 5 2
48 6 9
48 7 4
48 9 7
48 11 7
48 12 4
48 16 1
48 17 9
48 19 6
48 21 10
48 22 8
48 23 3
48 24 6
48 29 11
48 30 11
48 31 4
48 32 6
48 35 8
48 37 4
48 38 5
48 42 6
48 44 6
48 46 8
49 3 10
49 4 8
49 7 5
49 9 9
49 14 3
49 17 9
49 22 3
49 26 1
49 27 6
49 28 5
49 29 2
49 30 10
49 32 4
49 34 8
49 35 2
49 38 9
49 40 4
49 48 3
50 0 10
50 1 9
50 2 3
50 3 2
50 4 1
50 7 3
50 8 9
50 9 8
50 11 5
50 12 7
50 14 8
50 15 3
50 16 1
50 21 11
50 22 7
50 26 10
50 27 6
50 32 3
50 34 10
50 35 8
50 38 4
50 42 10
50 44 3
50 45 8
50 46 7
50 48 7
50 49 9
51 1 7
51 4 2
51 6 11
51 9 3
51 11 10
51 12 4
51 13 2
51 14 4
51 16 6
51 17 7
51 19 6
51 23 11
51 27 1
51 28 9
51 29 7
51 30 1
51 32 1
51 34 9
51 35 9
51 36 6
51 37 10
51 38 6
51 39 9
51 40 3
51 41 11
51 43 4
51 44 1
51 45 7
51 47 8
51 50 7
52 2 5
52 4 4
52 7 6
52 10 6
52 16 7
52 17 8
52 22 11
52 25 10
52 31 4
52 32 2
52 35 1
52 37 1
52 39 1
52 42 11
52 43 4
52 44 5
52 46 5
52 47 8
52 48 5
52 49 8
53 1 5
53 2 1
53 3 4
53 4 4
53 7 4
53 8 6
53 9 4
53 12 7
53 15 4
53 17 1
53 18 8
53 19 9
53 25 9
53 26 1
53 27 7
53 29 2
53 30 8
53 31 3
53 33 3
53 40 8
53 42 3
53 43 11
53 45 11
53 46 3
53 48 6
53 50 8
53 51 1
54 0 2
54 2 5
54 7 5
54 8 2
54 9 5
54 10 4
54 13 4
54 14 2
54 15 5
54 16 2
54 20 8
54 29 8
54 31 11
54 35 6
54 36 7
54 37 5
54 39 6
54 44 4
54 45 1
54 48 3
54 49 8
54 53 1
55 1 11
55 2 5
55 4 8
55 6 8
55 7 9
55 9 9
55 12 1
55 13 6
55 15 6
55 16 2
55 19 2
55 27 5
55 28 6
55 29 5
55 34 8
55 35 5
55 36 11
55 37 2
55 39 10
55 40 11
55 41 8
55 42 7
55 43 9
55 44 3
55 47 10
55 48 3
55 50 10
55 51 2
55 54 9
56 0 3
56 1 6
56 4 6
56 5 8
56 6 10
56 8 10
56 10 9
56 11 7
56 13 8
56 14 10
56 16 4
56 21 11
56 26 10
56 27 1
56 28 8
56 31 10
56 35 7
56 37 1
56 40 10
56 41 11
56 44 9
56 45 4
56 47 2
56 50 7
56 51 1
56 52 10
56 53 7
56 54 4
56 55 10
57 2 2
57 3 7
57 4 10
57 9 3
57 10 9
57 16 2
57 18 11
57 20 10
57 21 8
57 22 11
57 25 8
57 27 1
57 30 4
57 31 8
57 33 3
57 34 7
57 35 10
57 36 8
57 37 11
57 40 7
57 41 1
57 44 8
57 45 4
57 46 5
57 48 4
57 50 4
57 51 8
58 3 7
58 6 4
58 7 8
58 9 9
58 11 10
58 14 2
58 15 9
58 16 9
58 17 10
58 18 3
58 19 11
58 21 5
58 22 2
58 25 9
58 26 2
58 31 3
58 32 8
58 33 5
58 34 10
58 35 8
58 36 6
58 37 7
58 39 6
58 41 10
58 43 5
58 44 6
58 45 10
58 47 2
58 48 8
58 51 3
58 52 4
58 53 1
58 55 6
59 1 5
59 3 10
59 14 1
59 15 1
59 16 5
59 19 5
59 24 3
59 25 7
59 26 4
59 28 9
59 32 6
59 34 11
59 36 9
59 37 11
59 38 5
59 39 7
59 42 6
59 43 7
59 44 3
59 51 1
59 52 1
59 53 8
59 55 3
60 2 9
60 7 11
60 8 6
60 9 1
60 10 11
60 11 7
60 13 5
60 14 10
60 16 7
60 17 9
60 20 4
60 21 6
60 23 2
60 25 5
60 27 6
60 30 2
60 33 5
60 34 3
60 35 10
60 36 2
60 39 3
60 40 4
60 41 10
60 44 1
60 46 5
60 50 6
60 55 10
61 0 8
61 3 9
61 4 11
61 7 3
61 8 5
61 9 5
61 10 3
61 11 7
61 12 6
61 13 6
61 15 11
61 17 5
61 20 2
61 23 10
61 25 11
61 26 10
61 27 1
61 29 10
61 36 8
61 37 1
61 38 5
61 39 8
61 40 11
61 41 1
61 42 2
61 43 8
61 44 8
61 45 2
61 46 1
61 48 11
61 51 11
61 53 1
61 56 6
61 57 11
62 2 11
62 7 9
62 9 9
62 10 6
62 13 3
62 14 1
62 16 4
62 17 5
62 18 3
62 19 10
62 20 2
62 24 2
62 26 5
62 29 9
62 30 8
62 32 5
62 34 2
62 39 6
62 40 8
62 42 10
62 44 1
62 46 9
62 48 11
62 49 2
62 52 8
62 53 2
62 54 9
62 55 11
62 56 11
62 57 7
62 59 7
62 61 1
63 0 3
63 6 8
63 8 10
63 10 5
63 12 7
63 15 7
63 16 5
63 18 5
63 20 5
63 22 6
63 25 3
63 30 9
63 32 9
63 37 5
63 38 5
63 40 10
63 43 11
63 44 8
63 50 9
63 51 8
63 52 5
63 53 4
63 55 6
63 56 10
63 59 8
64 1 5
64 2 8
64 3 10
64 5 10
64 7 7
64 8 11
64 9 2
64 10 10
64 11 3
64 12 2
64 13 1
64 14 4
64 15 5
64 16 5
64 17 5
64 18 10
64 19 4
64 22 4
64 24 11
64 29 1
64 30 10
64 31 11
64 34 7
64 39 11
64 43 2
64 44 4
64 45 4
64 47 10
64 49 7
64 52 4
64 53 6
64 54 11
64 56 6
64 57 4
64 58 2
64 59 1
64 60 4
64 62 3
64 63 7
65 2 11
65 5 4
65 14 1
65 15 5
65 18 8
65 20 10
65 21 2
65 25 10
65 27 9
65 28 3
65 30 2
65 33 3
65 34 4
65 35 6
65 38 2
65 40 10
65 42 9
65 43 4
65 44 6
65 45 10
65 47 6
65 48 1
65 49 8
65 50 6
65 52 7
65 53 7
65 54 2
65 55 10
65 56 1
65 58 5
65 61 9
65 62 8
65 64 5
66 0 11
66 3 11
66 6 2
66 7 8
66 13 4
66 15 6
66 17 10
66 18 8
66 19 2
66 22 2
66 24 8
66 27 9
66 28 8
66 29 7
66 30 1
66 31 10
66 34 8
66 36 1
66 39 8
66 41 7
66 42 4
66 46 4
66 47 7
66 48 10
66 49 1
66 50 8
66 51 11
66 52 8
66 54 10
66 55 8
66 57 2
66 60 4
66 63 4
66 64 7
67 6 6
67 8 4
67 11 1
67 12 4
67 16 11
67 17 8
67 18 11
67 19 1
67 20 4
67 24 9
67 28 3
67 29 10
67 30 9
67 32 4
67 33 4
67 36 7
67 37 2
67 38 9
67 42 4
67 46 2
67 47 10
67 55 6
67 58 6
67 59 10
67 60 5
67 61 7
67 62 9
68 0 11
68 2 5
68 3 3
68 4 10
68 5 4
68 6 8
68 7 5
68 13 5
68 15 10
68 16 2
68 17 10
68 19 4
68 22 1
68 24 8
68 26 6
68 30 8
68 36 8
68 38 5
68 39 7
68 42 5
68 43 4
68 44 7
68 45 11
68 46 10
68 47 7
68 48 2
68 51 8
68 55 7
68 56 6
68 57 10
68 58 11
68 59 1
68 62 6
68 65 5
68 66 4
69 1 6
69 2 7
69 5 8
69 11 3
69 12 5
69 14 9
69 18 3
69 19 11
69 20 11
69 22 4
69 27 7
69 28 5
69 31 1
69 33 6
69 35 5
69 40 5
69 41 10
69 42 10
69 46 3
69 48 4
69 50 8
69 51 11
69 53 2
69 55 3
69 56 6
69 58 1
69 59 11
69 61 3
69 62 4
69 64 8
69 66 4
69 68 10
