20
1 0 1
2 0 3
2 1 2
3 0 3
3 1 3
3 2 3
4 0 2
4 1 2
4 2 1
4 3 2
5 0 3
5 1 1
5 2 1
5 3 3
5 4 3
6 0 2
6 1 1
6 2 2
6 3 3
6 4 1
6 5 1
7 0 3
7 1 3
7 2 2
7 3 3
7 4 1
7 5 1
7 6 2
8 0 3
8 1 2
8 2 3
8 3 1
8 4 1
8 5 3
8 6 1
8 7 2
9 0 1
9 1 2
9 2 1
9 3 3
9 4 3
9 5 1
9 6 1
9 7 2
9 8 2
10 0 3
10 1 1
10 2 2
10 3 1
10 4 3
10 5 3
10 6 2
10 7 2
10 8 3
10 9 2
11 0 3
11 1 2
11 2 3
11 3 2
11 4 2
11 5 1
11 6 1
11 7 1
11 8 3
11 9 3
11 10 3
12 0 2
12 1 1
12 2 1
12 3 3
12 4 1
12 5 1
12 6 3
12 7 1
12 8 2
12 9 3
12 10 2
12 11 1
13 0 3
13 1 3
13 2 2
13 3 3
13 4 2
13 5 1
13 6 3
13 7 1
13 8 3
13 9 3
13 10 2
13 11 1
13 12 1
14 0 3
14 1 1
14 2 1
14 3 1
14 4 2
14 5 2
14 6 2
14 7 2
14 8 2
14 9 2
14 10 1
14 11 2
14 12 3
14 13 1
15 0 2
15 1 3
15 2 2
15 3 1
15 4 3
15 5 2
15 6 1
15 7 1
15 8 3
15 9 1
15 10 3
15 11 2
15 12 2
15 13 3
15 14 1
16 0 2
16 1 1
16 2 2
16 3 1
16 4 2
16 5 2
16 6 2
16 7 1
16 8 1
16 9 3
16 10 3
16 11 2
16 12 1
16 13 2
16 14 2
16 15 2
17 0 2
17 1 2
17 2 1
17 3 1
17 4 1
17 5 1
17 6 3
17 7 1
17 8 2
17 9 2
17 10 3
17 11 1
17 12 2
17 13 2
17 14 1
17 15 2
17 16 1
18 0 3
18 1 2
18 2 1
18 3 1
18 4 1
18 5 1
18 6 3
18 7 2
18 8 3
18 9 1
18 10 2
18 11 1
18 12 3
18 13 2
18 14 1
18 15 1
18 16 1
18 17 3
19 0 3
19 1 3
19 2 1
19 3 2
19 4 3
19 5 2
19 6 2
19 7 2
19 8 2
19 9 1
19 10 1
19 11 1
19 12 3
19 13 1
19 14 2
19 15 3
19 16 1
19 17 3
19 18 3
