30
1 0 10
2 0 12
2 1 9
3 0 9
3 1 1
3 2 5
4 0 6
4 1 6
4 2 2
4 3 6
5 0 14
5 1 8
5 2 2
5 3 3
5 4 13
6 0 2
6 1 7
6 2 4
6 3 3
6 4 7
6 5 1
7 0 4
7 1 4
7 2 7
7 3 7
7 4 3
7 5 11
7 6 3
8 0 11
8 1 10
8 2 3
8 3 7
8 4 14
8 5 5
8 6 3
8 7 14
9 0 8
9 1 11
9 2 11
9 3 2
9 4 7
9 5 10
9 6 1
9 7 14
9 8 1
10 0 9
10 1 12
10 2 6
10 3 3
10 4 12
10 5 14
10 6 5
10 7 2
10 8 9
10 9 13
11 0 1
11 1 10
11 2 1
11 3 14
11 4 7
11 5 13
11 6 11
11 7 13
11 8 4
11 9 6
11 10 8
12 0 11
12 1 7
12 2 13
12 3 8
12 4 1
12 5 11
12 6 12
12 7 8
12 8 4
12 9 14
12 10 10
12 11 9
13 0 9
13 1 14
13 2 14
13 3 2
13 4 5
13 5 6
13 6 7
13 7 8
13 8 1
13 9 2
13 10 4
13 11 7
13 12 6
14 0 1
14 1 3
14 2 8
14 3 2
14 4 7
14 5 4
14 6 1
14 7 12
14 8 3
14 9 1
14 10 13
14 11 8
14 12 8
14 13 2
15 0 4
15 1 8
15 2 9
15 3 13
15 4 8
15 5 11
15 6 8
15 7 6
15 8 3
15 9 9
15 10 6
15 11 1
15 12 6
15 13 7
15 14 3
16 0 12
16 1 14
16 2 5
16 3 12
16 4 8
16 5 7
16 6 9
16 7 9
16 8 1
16 9 3
16 10 2
16 11 2
16 12 8
16 13 8
16 14 1
16 15 9
17 0 1
17 1 3
17 2 13
17 3 8
17 4 1
17 5 12
17 6 9
17 7 12
17 8 11
17 9 7
17 10 1
17 11 9
17 12 7
17 13 3
17 14 11
17 15 7
17 16 11
18 0 7
18 1 7
18 2 11
18 3 6
18 4 2
18 5 14
18 6 12
18 7 1
18 8 2
18 9 6
18 10 13
18 11 9
18 12 11
18 13 10
18 14 9
18 15 6
18 16 3
18 17 13
19 0 13
19 1 2
19 2 4
19 3 3
19 4 13
19 5 6
19 6 2
19 7 6
19 8 10
19 9 14
19 10 13
19 11 4
19 12 6
19 13 11
19 14 6
19 15 12
19 16 5
19 17 11
19 18 10
20 0 2
20 1 6
20 2 9
20 3 5
20 4 8
20 5 12
20 6 13
20 7 5
20 8 12
20 9 4
20 10 11
20 11 2
20 12 4
20 13 4
20 14 10
20 15 9
20 16 11
20 17 7
20 18 7
20 19 1
21 0 13
21 1 10
21 2 4
21 3 1
21 4 1
21 5 3
21 6 12
21 7 7
21 8 10
21 9 14
21 10 2
21 11 5
21 12 11
21 13 14
21 14 12
21 15 13
21 16 7
21 17 9
21 18 7
21 19 9
21 20 2
22 0 5
22 1 8
22 2 14
22 3 2
22 4 11
22 5 8
22 6 11
22 7 5
22 8 9
22 9 2
22 10 9
22 11 4
22 12 9
22 13 4
22 14 13
22 15 1
22 16 11
22 17 4
22 18 12
22 19 7
22 20 5
22 21 3
23 0 12
23 1 9
23 2 3
23 3 6
23 4 4
23 5 12
23 6 9
23 7 11
23 8 13
23 9 2
23 10 7
23 11 11
23 12 10
23 13 5
23 14 9
23 15 12
23 16 4
23 17 14
23 18 11
23 19 10
23 20 2
23 21 4
23 22 14
24 0 4
24 1 14
24 2 7
24 3 11
24 4 4
24 5 8
24 6 8
24 7 12
24 8 14
24 9 11
24 10 1
24 11 13
24 12 12
24 13 14
24 14 1
24 15 3
24 16 7
24 17 14
24 18 9
24 19 8
24 20 3
24 21 1
24 22 14
24 23 4
25 0 14
25 1 9
25 2 2
25 3 6
25 4 8
25 5 2
25 6 3
25 7 14
25 8 11
25 9 6
25 10 2
25 11 7
25 12 6
25 13 14
25 14 4
25 15 3
25 16 11
25 17 11
25 18 1
25 19 8
25 20 14
25 21 1
25 22 3
25 23 4
25 24 4
26 0 8
26 1 3
26 2 11
26 3 12
26 4 9
26 5 14
26 6 4
26 7 7
26 8 1
26 9 3
26 10 9
26 11 3
26 12 8
26 13 5
26 14 14
26 15 5
26 16 7
26 17 1
26 18 8
26 19 1
26 20 4
26 21 13
26 22 5
26 23 10
26 24 5
26 25 6
27 0 12
27 1 3
27 2 5
27 3 14
27 4 8
27 5 1
27 6 8
27 7 3
27 8 6
27 9 6
27 10 12
27 11 1
27 12 3
27 13 10
27 14 6
27 15 12
27 16 13
27 17 10
27 18 9
27 19 13
27 20 14
27 21 6
27 22 12
27 23 11
27 24 3
27 25 4
27 26 10
28 0 5
28 1 7
28 2 14
28 3 14
28 4 4
28 5 13
28 6 1
28 7 11
28 8 8
28 9 3
28 10 6
28 11 7
28 12 10
28 13 1
28 14 8
28 15 4
28 16 8
28 17 5
28 18 2
28 19 11
28 20 7
28 21 3
28 22 4
28 23 13
28 24 3
28 25 1
28 26 7
28 27 1
29 0 10
29 1 10
29 2 2
29 3 1
29 4 2
29 5 12
29 6 11
29 7 10
29 8 2
29 9 9
29 10 7
29 11 2
29 12 7
29 13 13
29 14 1
29 15 14
29 16 7
29 17 14
29 18 7
29 19 8
29 20 9
29 21 1
29 22 13
29 23 2
29 24 6
29 25 1
29 26 7
29 27 11
29 28 4
