70
1 0 1
2 0 4
2 1 4
3 0 5
3 1 5
3 2 2
4 0 2
4 1 4
4 2 4
4 3 3
5 0 1
5 1 2
5 2 2
5 3 3
5 4 3
6 0 1
6 1 3
6 2 5
6 3 4
6 4 3
6 5 5
7 0 3
7 1 2
7 2 2
7 3 4
7 4 1
7 5 2
7 6 5
8 0 4
8 1 3
8 2 4
8 3 2
8 4 1
8 5 1
8 6 5
8 7 1
9 0 2
9 1 5
9 2 2
9 3 3
9 4 3
9 5 5
9 6 5
9 7 2
9 8 2
10 0 2
10 1 4
10 2 4
10 3 2
10 4 5
10 5 1
10 6 3
10 7 3
10 8 3
10 9 3
11 0 3
11 1 5
11 2 1
11 3 4
11 4 4
11 5 3
11 6 3
11 7 2
11 8 3
11 9 1
11 10 4
12 0 5
12 1 3
12 2 3
12 3 3
12 4 1
12 5 2
12 6 1
12 7 2
12 8 4
12 9 1
12 10 3
12 11 2
13 0 3
13 1 3
13 2 4
13 3 4
13 4 3
13 5 4
13 6 3
13 7 5
13 8 4
13 9 2
13 10 1
13 11 5
13 12 4
14 0 4
14 1 2
14 2 3
14 3 2
14 4 2
14 5 5
14 6 3
14 7 1
14 8 4
14 9 5
14 10 3
14 11 2
14 12 3
14 13 5
15 0 5
15 1 1
15 2 5
15 3 4
15 4 1
15 5 3
15 6 5
15 7 5
15 8 4
15 9 2
15 10 4
15 11 5
15 12 5
15 13 4
15 14 5
16 0 2
16 1 2
16 2 1
16 3 1
16 4 2
16 5 3
16 6 4
16 7 5
16 8 1
16 9 2
16 10 2
16 11 5
16 12 4
16 13 1
16 14 2
16 15 4
17 0 5
17 1 2
17 2 5
17 3 3
17 4 5
17 5 5
17 6 3
17 7 2
17 8 4
17 9 1
17 10 2
17 11 4
17 12 5
17 13 1
17 14 5
17 15 2
17 16 2
18 0 2
18 1 5
18 2 2
18 3 5
18 4 3
18 5 5
18 6 1
18 7 3
18 8 2
18 9 4
18 10 2
18 11 1
18 12 3
18 13 5
18 14 3
18 15 3
18 16 1
18 17 1
19 0 3
19 1 5
19 2 5
19 3 2
19 4 2
19 5 3
19 6 5
19 7 3
19 8 5
19 9 5
19 10 5
19 11 5
19 12 4
19 13 1
19 14 5
19 15 5
19 16 4
19 17 4
19 18 5
20 0 4
20 1 1
20 2 5
20 3 2
20 4 1
20 5 1
20 6 1
20 7 1
20 8 2
20 9 4
20 10 4
20 11 3
20 12 5
20 13 5
20 14 5
20 15 2
20 16 4
20 17 2
20 18 5
20 19 1
21 0 1
21 1 4
21 2 4
21 3 3
21 4 1
21 5 4
21 6 5
21 7 2
21 8 3
21 9 5
21 10 2
21 11 3
21 12 2
21 13 1
21 14 2
21 15 1
21 16 1
21 17 5
21 18 4
21 19 1
21 20 1
22 0 3
22 1 5
22 2 1
22 3 5
22 4 1
22 5 1
22 6 4
22 7 4
22 8 4
22 9 1
22 10 4
22 11 5
22 12 3
22 13 1
22 14 5
22 15 4
22 16 1
22 17 2
22 18 5
22 19 1
22 20 3
22 21 5
23 0 4
23 1 2
23 2 2
23 3 5
23 4 2
23 5 4
23 6 2
23 7 1
23 8 2
23 9 3
23 10 3
23 11 5
23 12 4
23 13 5
23 14 4
23 15 5
23 16 1
23 17 3
23 18 4
23 19 4
23 20 3
23 21 1
23 22 3
24 0 2
24 1 5
24 2 2
24 3 1
24 4 5
24 5 4
24 6 3
24 7 4
24 8 5
24 9 5
24 10 2
24 11 1
24 12 2
24 13 3
24 14 4
24 15 2
24 16 4
24 17 3
24 18 4
24 19 3
24 20 3
24 21 4
24 22 2
24 23 4
25 0 3
25 1 3
25 2 4
25 3 3
25 4 1
25 5 5
25 6 1
25 7 2
25 8 2
25 9 2
25 10 1
25 11 4
25 12 1
25 13 5
25 14 2
25 15 4
25 16 4
25 17 5
25 18 2
25 19 4
25 20 1
25 21 2
25 22 4
25 23 3
25 24 1
26 0 2
26 1 5
26 2 1
26 3 4
26 4 2
26 5 2
26 6 1
26 7 5
26 8 3
26 9 5
26 10 5
26 11 2
26 12 3
26 13 2
26 14 1
26 15 2
26 16 2
26 17 2
26 18 2
26 19 1
26 20 1
26 21 5
26 22 4
26 23 5
26 24 3
26 25 2
27 0 1
27 1 5
27 2 3
27 3 3
27 4 1
27 5 1
27 6 5
27 7 1
27 8 2
27 9 3
27 10 2
27 11 2
27 12 2
27 13 5
27 14 5
27 15 4
27 16 3
27 17 3
27 18 5
27 19 5
27 20 3
27 21 5
27 22 4
27 23 5
27 24 4
27 25 4
27 26 5
28 0 4
28 1 2
28 2 4
28 3 2
28 4 4
28 5 2
28 6 3
28 7 4
28 8 2
28 9 5
28 10 2
28 11 1
28 12 4
28 13 3
28 14 4
28 15 2
28 16 2
28 17 1
28 18 1
28 19 1
28 20 5
28 21 4
28 22 3
28 23 4
28 24 2
28 25 5
28 26 2
28 27 1
29 0 3
29 1 4
29 2 1
29 3 5
29 4 1
29 5 5
29 6 1
29 7 1
29 8 5
29 9 2
29 10 2
29 11 1
29 12 5
29 13 4
29 14 4
29 15 2
29 16 3
29 17 3
29 18 1
29 19 4
29 20 1
29 21 3
29 22 5
29 23 4
29 24 4
29 25 5
29 26 4
29 27 1
29 28 1
30 0 1
30 1 2
30 2 5
30 3 1
30 4 5
30 5 2
30 6 5
30 7 2
30 8 5
30 9 3
30 10 2
30 11 5
30 12 1
30 13 3
30 14 1
30 15 5
30 16 5
30 17 3
30 18 1
30 19 3
30 20 2
30 21 1
30 22 5
30 23 5
30 24 2
30 25 5
30 26 2
30 27 3
30 28 1
30 29 2
31 0 5
31 1 4
31 2 4
31 3 2
31 4 2
31 5 3
31 6 2
31 7 3
31 8 3
31 9 1
31 10 2
31 11 2
31 12 1
31 13 5
31 14 1
31 15 5
31 16 2
31 17 5
31 18 5
31 19 1
31 20 4
31 21 4
31 22 3
31 23 1
31 24 1
31 25 4
31 26 4
31 27 5
31 28 4
31 29 5
31 30 4
32 0 4
32 1 2
32 2 5
32 3 1
32 4 1
32 5 2
32 6 4
32 7 1
32 8 3
32 9 4
32 10 5
32 11 2
32 12 5
32 13 2
32 14 1
32 15 5
32 16 2
32 17 2
32 18 3
32 19 4
32 20 5
32 21 1
32 22 1
32 23 5
32 24 2
32 25 3
32 26 2
32 27 4
32 28 2
32 29 5
32 30 3
32 31 4
33 0 1
33 1 2
33 2 3
33 3 2
33 4 1
33 5 5
33 6 5
33 7 5
33 8 4
33 9 5
33 10 4
33 11 4
33 12 3
33 13 2
33 14 4
33 15 1
33 16 2
33 17 4
33 18 4
33 19 2
33 20 4
33 21 1
33 22 4
33 23 5
33 24 2
33 25 1
33 26 3
33 27 5
33 28 3
33 29 1
33 30 5
33 31 5
33 32 2
34 0 3
34 1 4
34 2 3
34 3 4
34 4 3
34 5 4
34 6 1
34 7 5
34 8 3
34 9 1
34 10 1
34 11 1
34 12 3
34 13 5
34 14 3
34 15 2
34 16 3
34 17 3
34 18 3
34 19 2
34 20 3
34 21 1
34 22 5
34 23 5
34 24 1
34 25 2
34 26 4
34 27 4
34 28 1
34 29 3
34 30 4
34 31 2
34 32 3
34 33 5
35 0 5
35 1 4
35 2 4
35 3 3
35 4 4
35 5 2
35 6 1
35 7 5
35 8 4
35 9 1
35 10 2
35 11 5
35 12 3
35 13 5
35 14 2
35 15 2
35 16 3
35 17 5
35 18 2
35 19 5
35 20 5
35 21 3
35 22 4
35 23 5
35 24 3
35 25 3
35 26 2
35 27 4
35 28 3
35 29 1
35 30 3
35 31 2
35 32 2
35 33 5
35 34 3
36 0 5
36 1 5
36 2 1
36 3 5
36 4 4
36 5 5
36 6 2
36 7 4
36 8 1
36 9 2
36 10 5
36 11 3
36 12 5
36 13 5
36 14 2
36 15 1
36 16 2
36 17 3
36 18 2
36 19 1
36 20 3
36 21 2
36 22 1
36 23 5
36 24 1
36 25 3
36 26 2
36 27 5
36 28 5
36 29 1
36 30 2
36 31 1
36 32 3
36 33 2
36 34 3
36 35 1
37 0 1
37 1 1
37 2 4
37 3 3
37 4 5
37 5 5
37 6 1
37 7 5
37 8 4
37 9 1
37 10 5
37 11 2
37 12 3
37 13 1
37 14 5
37 15 2
37 16 1
37 17 4
37 18 2
37 19 4
37 20 4
37 21 1
37 22 5
37 23 1
37 24 1
37 25 1
37 26 3
37 27 4
37 28 2
37 29 2
37 30 3
37 31 5
37 32 5
37 33 1
37 34 1
37 35 5
37 36 2
38 0 1
38 1 3
38 2 5
38 3 1
38 4 4
38 5 3
38 6 1
38 7 4
38 8 3
38 9 4
38 10 2
38 11 5
38 12 1
38 13 5
38 14 2
38 15 5
38 16 2
38 17 4
38 18 2
38 19 2
38 20 3
38 21 1
38 22 5
38 23 5
38 24 3
38 25 5
38 26 2
38 27 3
38 28 1
38 29 2
38 30 3
38 31 3
38 32 5
38 33 4
38 34 5
38 35 5
38 36 1
38 37 4
39 0 5
39 1 4
39 2 4
39 3 5
39 4 5
39 5 4
39 6 5
39 7 2
39 8 3
39 9 4
39 10 1
39 11 3
39 12 2
39 13 1
39 14 4
39 15 4
39 16 4
39 17 2
39 18 3
39 19 2
39 20 2
39 21 4
39 22 2
39 23 2
39 24 4
39 25 2
39 26 5
39 27 3
39 28 3
39 29 5
39 30 5
39 31 1
39 32 5
39 33 3
39 34 2
39 35 5
39 36 4
39 37 3
39 38 5
40 0 5
40 1 4
40 2 2
40 3 3
40 4 3
40 5 1
40 6 3
40 7 2
40 8 4
40 9 2
40 10 1
40 11 2
40 12 3
40 13 1
40 14 4
40 15 4
40 16 3
40 17 2
40 18 4
40 19 5
40 20 5
40 21 3
40 22 5
40 23 2
40 24 3
40 25 3
40 26 2
40 27 3
40 28 1
40 29 5
40 30 3
40 31 2
40 32 2
40 33 3
40 34 1
40 35 5
40 36 2
40 37 2
40 38 5
40 39 1
41 0 1
41 1 4
41 2 4
41 3 5
41 4 2
41 5 3
41 6 3
41 7 4
41 8 1
41 9 2
41 10 4
41 11 2
41 12 3
41 13 2
41 14 3
41 15 4
41 16 3
41 17 4
41 18 4
41 19 2
41 20 1
41 21 2
41 22 1
41 23 2
41 24 4
41 25 2
41 26 3
41 27 2
41 28 1
41 29 5
41 30 5
41 31 4
41 32 3
41 33 1
41 34 1
41 35 1
41 36 3
41 37 1
41 38 2
41 39 4
41 40 2
42 0 1
42 1 3
42 2 5
42 3 1
42 4 1
42 5 2
42 6 3
42 7 4
42 8 1
42 9 4
42 10 1
42 11 4
42 12 4
42 13 5
42 14 1
42 15 3
42 16 1
42 17 2
42 18 4
42 19 4
42 20 1
42 21 3
42 22 5
42 23 2
42 24 5
42 25 3
42 26 4
42 27 1
42 28 5
42 29 4
42 30 2
42 31 4
42 32 1
42 33 1
42 34 2
42 35 5
42 36 3
42 37 4
42 38 3
42 39 4
42 40 1
42 41 4
43 0 2
43 1 4
43 2 5
43 3 5
43 4 2
43 5 5
43 6 5
43 7 4
43 8 5
43 9 2
43 10 4
43 11 1
43 12 4
43 13 5
43 14 3
43 15 2
43 16 3
43 17 5
43 18 1
43 19 4
43 20 5
43 21 3
43 22 1
43 23 1
43 24 3
43 25 2
43 26 2
43 27 2
43 28 3
43 29 2
43 30 2
43 31 3
43 32 3
43 33 1
43 34 4
43 35 4
43 36 3
43 37 4
43 38 2
43 39 2
43 40 1
43 41 1
43 42 3
44 0 5
44 1 3
44 2 2
44 3 3
44 4 5
44 5 2
44 6 3
44 7 5
44 8 2
44 9 2
44 10 3
44 11 2
44 12 3
44 13 1
44 14 4
44 15 2
44 16 4
44 17 5
44 18 4
44 19 5
44 20 1
44 21 4
44 22 2
44 23 5
44 24 1
44 25 1
44 26 1
44 27 5
44 28 1
44 29 2
44 30 4
44 31 2
44 32 5
44 33 5
44 34 5
44 35 2
44 36 4
44 37 1
44 38 5
44 39 3
44 40 2
44 41 1
44 42 2
44 43 4
45 0 4
45 1 2
45 2 4
45 3 4
45 4 3
45 5 2
45 6 4
45 7 3
45 8 5
45 9 3
45 10 5
45 11 3
45 12 4
45 13 1
45 14 2
45 15 2
45 16 4
45 17 1
45 18 1
45 19 1
45 20 3
45 21 1
45 22 4
45 23 2
45 24 5
45 25 2
45 26 1
45 27 1
45 28 5
45 29 4
45 30 4
45 31 4
45 32 1
45 33 2
45 34 2
45 35 1
45 36 1
45 37 3
45 38 3
45 39 4
45 40 4
45 41 5
45 42 3
45 43 4
45 44 5
46 0 4
46 1 1
46 2 1
46 3 3
46 4 1
46 5 5
46 6 5
46 7 3
46 8 4
46 9 2
46 10 4
46 11 4
46 12 3
46 13 2
46 14 5
46 15 4
46 16 4
46 17 3
46 18 3
46 19 4
46 20 4
46 21 1
46 22 1
46 23 4
46 24 4
46 25 3
46 26 2
46 27 4
46 28 5
46 29 4
46 30 4
46 31 1
46 32 4
46 33 4
46 34 2
46 35 1
46 36 2
46 37 3
46 38 5
46 39 4
46 40 4
46 41 5
46 42 1
46 43 4
46 44 2
46 45 2
47 0 4
47 1 3
47 2 4
47 3 4
47 4 5
47 5 3
47 6 2
47 7 4
47 8 1
47 9 1
47 10 4
47 11 3
47 12 1
47 13 4
47 14 1
47 15 3
47 16 5
47 17 4
47 18 5
47 19 2
47 20 4
47 21 5
47 22 1
47 23 1
47 24 2
47 25 1
47 26 2
47 27 5
47 28 4
47 29 3
47 30 3
47 31 1
47 32 5
47 33 2
47 34 3
47 35 4
47 36 3
47 37 1
47 38 1
47 39 2
47 40 4
47 41 4
47 42 4
47 43 4
47 44 1
47 45 3
47 46 5
48 0 3
48 1 2
48 2 4
48 3 3
48 4 2
48 5 4
48 6 5
48 7 3
48 8 2
48 9 1
48 10 3
48 11 5
48 12 5
48 13 3
48 14 4
48 15 5
48 16 5
48 17 3
48 18 2
48 19 5
48 20 2
48 21 3
48 22 4
48 23 2
48 24 2
48 25 2
48 26 2
48 27 3
48 28 4
48 29 4
48 30 4
48 31 2
48 32 1
48 33 4
48 34 4
48 35 2
48 36 3
48 37 1
48 38 5
48 39 2
48 40 2
48 41 3
48 42 1
48 43 5
48 44 5
48 45 2
48 46 3
48 47 5
49 0 5
49 1 2
49 2 3
49 3 3
49 4 1
49 5 1
49 6 3
49 7 3
49 8 2
49 9 1
49 10 1
49 11 3
49 12 4
49 13 2
49 14 4
49 15 1
49 16 5
49 17 4
49 18 3
49 19 1
49 20 5
49 21 5
49 22 3
49 23 3
49 24 2
49 25 2
49 26 2
49 27 4
49 28 4
49 29 5
49 30 4
49 31 1
49 32 4
49 33 4
49 34 4
49 35 5
49 36 4
49 37 5
49 38 4
49 39 1
49 40 2
49 41 2
49 42 3
49 43 1
49 44 1
49 45 5
49 46 1
49 47 2
49 48 4
50 0 2
50 1 4
50 2 2
50 3 1
50 4 3
50 5 2
50 6 1
50 7 3
50 8 5
50 9 1
50 10 2
50 11 2
50 12 5
50 13 5
50 14 1
50 15 3
50 16 1
50 17 5
50 18 3
50 19 3
50 20 4
50 21 4
50 22 1
50 23 1
50 24 5
50 25 3
50 26 1
50 27 1
50 28 1
50 29 4
50 30 2
50 31 5
50 32 2
50 33 4
50 34 4
50 35 4
50 36 3
50 37 5
50 38 5
50 39 5
50 40 3
50 41 1
50 42 5
50 43 5
50 44 4
50 45 5
50 46 4
50 47 3
50 48 5
50 49 2
51 0 4
51 1 4
51 2 1
51 3 3
51 4 3
51 5 3
51 6 1
51 7 3
51 8 3
51 9 2
51 10 1
51 11 2
51 12 5
51 13 4
51 14 2
51 15 1
51 16 1
51 17 4
51 18 2
51 19 3
51 20 3
51 21 2
51 22 3
51 23 2
51 24 1
51 25 4
51 26 2
51 27 1
51 28 4
51 29 3
51 30 3
51 31 5
51 32 2
51 33 4
51 34 4
51 35 4
51 36 5
51 37 3
51 38 1
51 39 4
51 40 2
51 41 1
51 42 1
51 43 3
51 44 5
51 45 1
51 46 4
51 47 4
51 48 1
51 49 1
51 50 4
52 0 3
52 1 2
52 2 2
52 3 1
52 4 3
52 5 5
52 6 1
52 7 2
52 8 5
52 9 4
52 10 1
52 11 3
52 12 4
52 13 4
52 14 2
52 15 1
52 16 2
52 17 4
52 18 4
52 19 3
52 20 1
52 21 2
52 22 2
52 23 4
52 24 2
52 25 3
52 26 5
52 27 1
52 28 3
52 29 4
52 30 5
52 31 1
52 32 2
52 33 2
52 34 3
52 35 1
52 36 3
52 37 3
52 38 2
52 39 5
52 40 2
52 41 2
52 42 3
52 43 5
52 44 1
52 45 3
52 46 3
52 47 4
52 48 5
52 49 5
52 50 1
52 51 4
53 0 5
53 1 3
53 2 2
53 3 1
53 4 4
53 5 3
53 6 5
53 7 1
53 8 4
53 9 5
53 10 4
53 11 4
53 12 1
53 13 4
53 14 5
53 15 4
53 16 4
53 17 4
53 18 3
53 19 3
53 20 4
53 21 2
53 22 2
53 23 1
53 24 3
53 25 3
53 26 3
53 27 5
53 28 3
53 29 3
53 30 1
53 31 1
53 32 5
53 33 2
53 34 2
53 35 1
53 36 3
53 37 5
53 38 4
53 39 1
53 40 5
53 41 3
53 42 2
53 43 2
53 44 4
53 45 4
53 46 1
53 47 5
53 48 1
53 49 5
53 50 4
53 51 5
53 52 1
54 0 4
54 1 1
54 2 5
54 3 5
54 4 4
54 5 4
54 6 4
54 7 4
54 8 4
54 9 4
54 10 3
54 11 5
54 12 5
54 13 2
54 14 3
54 15 1
54 16 1
54 17 2
54 18 5
54 19 2
54 20 2
54 21 5
54 22 4
54 23 5
54 24 1
54 25 2
54 26 4
54 27 4
54 28 5
54 29 2
54 30 1
54 31 2
54 32 4
54 33 3
54 34 5
54 35 1
54 36 3
54 37 1
54 38 4
54 39 5
54 40 5
54 41 4
54 42 3
54 43 2
54 44 2
54 45 1
54 46 2
54 47 5
54 48 5
54 49 3
54 50 3
54 51 1
54 52 4
54 53 2
55 0 4
55 1 5
55 2 3
55 3 1
55 4 2
55 5 4
55 6 2
55 7 3
55 8 2
55 9 4
55 10 4
55 11 3
55 12 1
55 13 3
55 14 2
55 15 2
55 16 3
55 17 3
55 18 2
55 19 4
55 20 1
55 21 1
55 22 3
55 23 3
55 24 2
55 25 4
55 26 5
55 27 4
55 28 2
55 29 4
55 30 5
55 31 5
55 32 4
55 33 2
55 34 4
55 35 1
55 36 3
55 37 2
55 38 4
55 39 5
55 40 3
55 41 3
55 42 1
55 43 1
55 44 4
55 45 4
55 46 4
55 47 4
55 48 3
55 49 5
55 50 3
55 51 4
55 52 3
55 53 1
55 54 2
56 0 2
56 1 4
56 2 3
56 3 1
56 4 1
56 5 4
56 6 5
56 7 5
56 8 3
56 9 3
56 10 2
56 11 5
56 12 4
56 13 1
56 14 5
56 15 2
56 16 2
56 17 3
56 18 4
56 19 4
56 20 2
56 21 1
56 22 4
56 23 5
56 24 1
56 25 2
56 26 4
56 27 5
56 28 5
56 29 3
56 30 5
56 31 4
56 32 2
56 33 4
56 34 4
56 35 5
56 36 5
56 37 2
56 38 5
56 39 4
56 40 2
56 41 1
56 42 3
56 43 4
56 44 2
56 45 2
56 46 1
56 47 1
56 48 3
56 49 3
56 50 1
56 51 5
56 52 5
56 53 5
56 54 1
56 55 4
57 0 5
57 1 5
57 2 4
57 3 2
57 4 5
57 5 4
57 6 4
57 7 4
57 8 4
57 9 3
57 10 4
57 11 5
57 12 1
57 13 3
57 14 1
57 15 5
57 16 3
57 17 5
57 18 5
57 19 4
57 20 3
57 21 4
57 22 3
57 23 3
57 24 2
57 25 5
57 26 2
57 27 2
57 28 4
57 29 3
57 30 5
57 31 4
57 32 3
57 33 3
57 34 3
57 35 5
57 36 2
57 37 2
57 38 4
57 39 4
57 40 4
57 41 3
57 42 5
57 43 3
57 44 3
57 45 4
57 46 1
57 47 3
57 48 3
57 49 3
57 50 4
57 51 4
57 52 1
57 53 5
57 54 1
57 55 2
57 56 5
58 0 1
58 1 5
58 2 5
58 3 4
58 4 1
58 5 3
58 6 3
58 7 2
58 8 3
58 9 4
58 10 1
58 11 5
58 12 4
58 13 4
58 14 1
58 15 5
58 16 3
58 17 5
58 18 4
58 19 4
58 20 1
58 21 2
58 22 4
58 23 4
58 24 2
58 25 3
58 26 4
58 27 4
58 28 3
58 29 1
58 30 1
58 31 3
58 32 4
58 33 1
58 34 5
58 35 4
58 36 1
58 37 4
58 38 5
58 39 4
58 40 2
58 41 4
58 42 1
58 43 4
58 44 1
58 45 4
58 46 4
58 47 1
58 48 3
58 49 1
58 50 4
58 51 4
58 52 1
58 53 2
58 54 3
58 55 4
58 56 2
58 57 3
59 0 2
59 1 5
59 2 2
59 3 2
59 4 4
59 5 3
59 6 4
59 7 4
59 8 2
59 9 3
59 10 3
59 11 1
59 12 1
59 13 1
59 14 4
59 15 4
59 16 1
59 17 4
59 18 1
59 19 3
59 20 4
59 21 5
59 22 1
59 23 2
59 24 4
59 25 1
59 26 3
59 27 2
59 28 1
59 29 3
59 30 5
59 31 5
59 32 5
59 33 1
59 34 3
59 35 2
59 36 3
59 37 3
59 38 1
59 39 3
59 40 4
59 41 4
59 42 2
59 43 1
59 44 3
59 45 3
59 46 3
59 47 1
59 48 1
59 49 4
59 50 4
59 51 3
59 52 2
59 53 1
59 54 5
59 55 3
59 56 4
59 57 3
59 58 5
60 0 2
60 1 5
60 2 2
60 3 4
60 4 3
60 5 5
60 6 3
60 7 2
60 8 5
60 9 4
60 10 3
60 11 2
60 12 2
60 13 1
60 14 5
60 15 5
60 16 5
60 17 3
60 18 5
60 19 4
60 20 3
60 21 1
60 22 4
60 23 1
60 24 3
60 25 1
60 26 2
60 27 4
60 28 5
60 29 4
60 30 3
60 31 3
60 32 2
60 33 3
60 34 4
60 35 3
60 36 5
60 37 1
60 38 3
60 39 1
60 40 3
60 41 2
60 42 5
60 43 4
60 44 2
60 45 2
60 46 3
60 47 5
60 48 1
60 49 4
60 50 3
60 51 4
60 52 2
60 53 3
60 54 5
60 55 5
60 56 1
60 57 3
60 58 3
60 59 2
61 0 2
61 1 1
61 2 2
61 3 5
61 4 1
61 5 5
61 6 5
61 7 4
61 8 4
61 9 5
61 10 3
61 11 4
61 12 3
61 13 1
61 14 2
61 15 5
61 16 5
61 17 1
61 18 3
61 19 4
61 20 5
61 21 4
61 22 4
61 23 3
61 24 4
61 25 3
61 26 2
61 27 3
61 28 1
61 29 1
61 30 4
61 31 5
61 32 5
61 33 4
61 34 2
61 35 4
61 36 5
61 37 1
61 38 3
61 39 5
61 40 1
61 41 1
61 42 5
61 43 1
61 44 5
61 45 3
61 46 1
61 47 3
61 48 3
61 49 5
61 50 2
61 51 3
61 52 1
61 53 2
61 54 2
61 55 4
61 56 3
61 57 1
61 58 3
61 59 4
61 60 4
62 0 1
62 1 5
62 2 3
62 3 2
62 4 4
62 5 2
62 6 5
62 7 4
62 8 3
62 9 4
62 10 3
62 11 3
62 12 5
62 13 3
62 14 1
62 15 1
62 16 3
62 17 3
62 18 5
62 19 5
62 20 1
62 21 1
62 22 3
62 23 2
62 24 1
62 25 3
62 26 5
62 27 4
62 28 1
62 29 4
62 30 4
62 31 3
62 32 4
62 33 3
62 34 5
62 35 2
62 36 3
62 37 4
62 38 2
62 39 2
62 40 4
62 41 4
62 42 3
62 43 5
62 44 4
62 45 5
62 46 3
62 47 3
62 48 2
62 49 2
62 50 1
62 51 5
62 52 2
62 53 5
62 54 4
62 55 1
62 56 3
62 57 5
62 58 4
62 59 2
62 60 5
62 61 2
63 0 2
63 1 4
63 2 2
63 3 1
63 4 1
63 5 3
63 6 4
63 7 4
63 8 4
63 9 1
63 10 5
63 11 5
63 12 2
63 13 1
63 14 1
63 15 1
63 16 3
63 17 2
63 18 2
63 19 3
63 20 4
63 21 5
63 22 5
63 23 5
63 24 4
63 25 2
63 26 4
63 27 4
63 28 4
63 29 3
63 30 2
63 31 4
63 32 5
63 33 1
63 34 5
63 35 3
63 36 5
63 37 5
63 38 4
63 39 1
63 40 3
63 41 1
63 42 5
63 43 1
63 44 2
63 45 1
63 46 4
63 47 1
63 48 1
63 49 4
63 50 1
63 51 1
63 52 2
63 53 1
63 54 5
63 55 2
63 56 2
63 57 1
63 58 3
63 59 1
63 60 5
63 61 2
63 62 3
64 0 1
64 1 4
64 2 1
64 3 4
64 4 1
64 5 5
64 6 1
64 7 1
64 8 5
64 9 2
64 10 2
64 11 4
64 12 5
64 13 4
64 14 5
64 15 1
64 16 4
64 17 4
64 18 3
64 19 5
64 20 1
64 21 4
64 22 1
64 23 1
64 24 3
64 25 1
64 26 4
64 27 1
64 28 5
64 29 1
64 30 5
64 31 3
64 32 4
64 33 4
64 34 1
64 35 1
64 36 5
64 37 2
64 38 5
64 39 2
64 40 5
64 41 1
64 42 5
64 43 3
64 44 5
64 45 3
64 46 3
64 47 4
64 48 5
64 49 3
64 50 4
64 51 5
64 52 2
64 53 5
64 54 4
64 55 4
64 56 1
64 57 5
64 58 2
64 59 3
64 60 2
64 61 2
64 62 1
64 63 1
65 0 5
65 1 4
65 2 5
65 3 4
65 4 2
65 5 2
65 6 3
65 7 2
65 8 1
65 9 1
65 10 5
65 11 2
65 12 2
65 13 3
65 14 3
65 15 5
65 16 1
65 17 4
65 18 5
65 19 3
65 20 2
65 21 1
65 22 5
65 23 2
65 24 1
65 25 4
65 26 1
65 27 4
65 28 1
65 29 4
65 30 4
65 31 5
65 32 2
65 33 3
65 34 4
65 35 2
65 36 4
65 37 1
65 38 5
65 39 1
65 40 1
65 41 3
65 42 3
65 43 3
65 44 5
65 45 2
65 46 3
65 47 4
65 48 2
65 49 5
65 50 1
65 51 2
65 52 3
65 53 4
65 54 1
65 55 3
65 56 5
65 57 5
65 58 1
65 59 5
65 60 2
65 61 4
65 62 5
65 63 4
65 64 2
66 0 3
66 1 2
66 2 1
66 3 5
66 4 1
66 5 3
66 6 5
66 7 2
66 8 4
66 9 5
66 10 3
66 11 5
66 12 3
66 13 1
66 14 2
66 15 3
66 16 4
66 17 1
66 18 5
66 19 5
66 20 4
66 21 1
66 22 2
66 23 1
66 24 4
66 25 1
66 26 5
66 27 1
66 28 1
66 29 1
66 30 5
66 31 5
66 32 1
66 33 5
66 34 4
66 35 1
66 36 4
66 37 3
66 38 4
66 39 2
66 40 2
66 41 2
66 42 1
66 43 1
66 44 1
66 45 2
66 46 1
66 47 1
66 48 1
66 49 5
66 50 2
66 51 5
66 52 3
66 53 1
66 54 2
66 55 3
66 56 3
66 57 2
66 58 1
66 59 5
66 60 5
66 61 5
66 62 4
66 63 2
66 64 5
66 65 2
67 0 1
67 1 3
67 2 2
67 3 1
67 4 4
67 5 2
67 6 4
67 7 5
67 8 1
67 9 2
67 10 1
67 11 5
67 12 2
67 13 2
67 14 3
67 15 5
67 16 2
67 17 1
67 18 5
67 19 5
67 20 2
67 21 4
67 22 1
67 23 5
67 24 1
67 25 3
67 26 4
67 27 3
67 28 5
67 29 2
67 30 2
67 31 2
67 32 3
67 33 3
67 34 5
67 35 5
67 36 2
67 37 5
67 38 2
67 39 2
67 40 3
67 41 3
67 42 1
67 43 4
67 44 4
67 45 2
67 46 2
67 47 5
67 48 2
67 49 1
67 50 1
67 51 2
67 52 1
67 53 2
67 54 4
67 55 1
67 56 4
67 57 1
67 58 1
67 59 1
67 60 5
67 61 1
67 62 3
67 63 5
67 64 4
67 65 2
67 66 4
68 0 5
68 1 2
68 2 2
68 3 3
68 4 2
68 5 2
68 6 4
68 7 5
68 8 5
68 9 2
68 10 2
68 11 1
68 12 3
68 13 5
68 14 5
68 15 5
68 16 1
68 17 4
68 18 1
68 19 5
68 20 4
68 21 4
68 22 4
68 23 1
68 24 2
68 25 3
68 26 2
68 27 1
68 28 2
68 29 1
68 30 5
68 31 5
68 32 3
68 33 4
68 34 5
68 35 3
68 36 2
68 37 3
68 38 3
68 39 1
68 40 4
68 41 5
68 42 1
68 43 3
68 44 3
68 45 1
68 46 3
68 47 4
68 48 2
68 49 1
68 50 1
68 51 5
68 52 4
68 53 5
68 54 1
68 55 4
68 56 5
68 57 3
68 58 3
68 59 3
68 60 4
68 61 3
68 62 5
68 63 3
68 64 5
68 65 3
68 66 2
68 67 2
69 0 1
69 1 1
69 2 3
69 3 3
69 4 5
69 5 1
69 6 2
69 7 1
69 8 4
69 9 1
69 10 1
69 11 3
69 12 5
69 13 2
69 14 1
69 15 2
69 16 4
69 17 3
69 18 3
69 19 4
69 20 2
69 21 1
69 22 4
69 23 2
69 24 2
69 25 3
69 26 2
69 27 2
69 28 4
69 29 4
69 30 5
69 31 2
69 32 4
69 33 4
69 34 4
69 35 3
69 36 1
69 37 4
69 38 1
69 39 5
69 40 4
69 41 5
69 42 2
69 43 5
69 44 4
69 45 3
69 46 5
69 47 1
69 48 2
69 49 5
69 50 3
69 51 3
69 52 5
69 53 1
69 54 4
69 55 4
69 56 1
69 57 1
69 58 4
69 59 5
69 60 3
69 61 4
69 62 5
69 63 3
69 64 2
69 65 1
69 66 4
69 67 4
69 68 1
