20
3 1 2
4 0 7
5 0 2
5 1 4
5 3 12
6 0 6
6 2 11
7 1 10
7 2 1
7 5 3
7 6 2
8 1 6
8 3 11
8 4 8
8 5 5
8 6 7
9 0 1
9 2 3
9 4 8
10 0 3
10 2 8
10 4 6
10 6 2
10 7 2
11 4 6
11 5 7
11 7 1
11 9 10
12 0 4
12 1 4
12 2 4
12 3 3
12 8 11
12 9 14
12 10 6
12 11 7
13 0 7
13 4 12
13 5 11
13 10 13
13 11 6
14 3 3
14 4 11
14 8 8
14 10 4
14 12 9
14 13 5
15 5 9
15 7 4
15 8 12
15 9 3
15 10 6
15 11 4
15 12 11
15 13 5
16 6 3
16 8 14
16 10 10
16 11 11
16 13 14
16 14 4
17 0 3
17 1 4
17 3 3
17 7 8
17 8 14
17 10 5
17 13 5
17 16 12
18 0 6
18 2 12
18 3 9
18 4 14
18 5 12
18 8 12
18 11 1
18 12 4
18 15 4
18 16 5
19 0 9
19 3 1
19 4 10
19 6 1
19 7 13
19 9 14
19 10 8
19 12 3
19 13 8
19 14 10
19 15 13
19 17 2
