70
2 0 1
3 1 2
4 0 1
4 1 2
4 2 1
4 3 2
5 0 1
5 1 1
5 3 2
5 4 2
6 4 2
7 1 1
7 4 2
7 5 2
7 6 1
8 1 1
8 2 2
8 5 2
8 6 1
8 7 2
9 2 1
9 4 2
9 5 2
9 6 1
9 7 2
10 0 1
10 7 1
10 8 1
11 1 2
11 3 2
11 6 1
11 8 1
12 1 2
12 2 2
12 3 1
12 4 2
12 5 2
12 7 1
13 1 1
13 3 1
13 4 1
13 5 1
13 8 2
13 11 2
13 12 2
14 0 1
14 2 1
14 4 2
14 8 1
14 10 2
14 13 1
15 0 1
15 1 2
15 2 1
15 3 1
15 4 2
15 5 1
15 7 2
15 10 1
15 11 1
15 13 1
16 0 1
16 1 2
16 2 2
16 3 1
16 4 1
16 6 1
16 8 1
16 9 1
16 10 1
16 14 2
16 15 1
17 1 2
17 2 2
17 4 1
17 9 1
17 11 2
17 16 2
18 1 1
18 2 2
18 4 2
18 6 2
18 8 2
18 10 2
18 12 2
18 15 2
19 1 2
19 2 2
19 4 1
19 5 1
19 8 2
19 9 2
19 10 1
19 12 1
19 14 2
19 17 1
20 0 2
20 2 2
20 3 2
20 7 1
20 8 1
20 9 1
20 12 1
20 14 1
20 19 2
21 1 1
21 4 1
21 5 2
21 6 2
21 7 2
21 12 2
21 13 2
21 17 2
21 19 2
22 1 2
22 2 2
22 6 2
22 12 1
22 15 1
22 16 1
22 17 2
22 19 2
23 1 2
23 4 1
23 5 2
23 6 1
23 9 1
23 10 1
23 11 1
23 13 2
23 16 1
23 17 1
23 21 2
23 22 2
24 1 2
24 3 1
24 4 2
24 6 1
24 8 1
24 10 2
24 11 1
24 12 2
24 13 2
24 14 1
24 15 1
24 16 2
24 17 1
24 18 2
24 19 1
24 21 2
24 22 1
25 0 1
25 1 2
25 2 1
25 3 2
25 6 1
25 8 1
25 15 2
25 17 2
25 22 1
25 23 1
26 0 1
26 2 1
26 3 2
26 4 2
26 6 1
26 7 2
26 9 1
26 11 1
26 14 1
26 16 1
26 19 2
26 20 1
26 22 1
26 25 1
27 2 2
27 3 1
27 4 1
27 5 2
27 7 2
27 8 1
27 10 1
27 11 2
27 13 1
27 17 2
27 20 1
27 21 1
27 22 1
27 25 1
27 26 1
28 0 2
28 2 1
28 3 2
28 4 2
28 6 1
28 7 2
28 12 2
28 13 2
28 14 1
28 15 2
28 18 1
28 22 2
28 23 2
28 25 1
28 27 2
29 2 1
29 3 2
29 7 2
29 12 2
29 14 1
29 16 1
29 18 1
29 20 1
29 21 2
29 22 1
29 23 1
29 24 1
30 1 1
30 2 2
30 3 1
30 4 2
30 5 1
30 6 2
30 7 1
30 9 2
30 10 2
30 11 1
30 12 2
30 14 1
30 16 1
30 17 1
30 19 2
30 20 2
30 25 1
30 29 2
31 7 2
31 10 1
31 13 1
31 15 2
31 17 2
31 18 2
31 20 2
31 21 1
31 22 2
31 24 2
31 25 1
32 0 1
32 3 2
32 5 2
32 8 1
32 9 2
32 10 1
32 11 2
32 14 1
32 17 1
32 18 1
32 19 2
32 20 2
32 23 2
32 26 1
32 27 2
32 29 1
32 31 2
33 0 1
33 1 2
33 8 1
33 9 1
33 10 2
33 11 2
33 12 1
33 13 2
33 15 2
33 16 1
33 24 2
33 25 2
33 26 1
33 27 1
33 29 1
33 30 1
33 31 1
34 1 2
34 5 2
34 8 1
34 9 1
34 10 1
34 12 2
34 16 2
34 18 1
34 19 1
34 21 2
34 22 1
34 23 1
34 24 2
34 26 1
34 28 1
34 29 1
34 31 1
34 33 2
35 1 2
35 6 1
35 7 2
35 10 2
35 11 2
35 12 2
35 13 1
35 14 2
35 15 1
35 18 2
35 20 2
35 21 1
35 24 2
35 25 2
35 26 2
35 28 1
35 30 1
35 32 1
36 0 1
36 2 2
36 3 1
36 5 1
36 6 1
36 9 1
36 14 2
36 19 1
36 24 1
36 25 2
36 28 2
36 29 2
36 31 2
36 33 2
37 2 2
37 9 2
37 11 1
37 13 1
37 17 1
37 18 1
37 21 2
37 22 2
37 23 1
37 27 2
37 30 2
38 1 2
38 2 2
38 4 2
38 5 1
38 6 2
38 7 1
38 10 2
38 11 1
38 13 1
38 15 1
38 18 2
38 19 2
38 20 2
38 21 2
38 24 2
38 27 1
38 30 2
38 35 1
39 1 2
39 4 2
39 6 1
39 9 2
39 12 2
39 13 2
39 15 1
39 17 2
39 18 1
39 21 2
39 22 2
39 26 1
39 32 1
39 35 1
40 1 2
40 3 1
40 7 1
40 12 2
40 14 1
40 17 1
40 20 2
40 21 2
40 22 2
40 23 1
40 24 2
40 26 2
40 29 1
40 33 1
40 36 2
40 38 1
40 39 1
41 0 1
41 1 2
41 3 1
41 4 2
41 6 1
41 7 2
41 8 1
41 9 1
41 14 2
41 15 1
41 17 2
41 18 1
41 20 1
41 26 1
41 27 1
41 28 1
41 31 1
41 32 2
41 33 2
41 36 2
41 37 2
41 39 1
42 8 2
42 9 2
42 12 2
42 14 2
42 18 1
42 20 1
42 25 1
42 26 1
42 27 2
42 28 2
42 29 2
42 32 1
42 33 1
42 37 1
42 38 1
42 41 1
43 3 2
43 4 2
43 5 2
43 7 2
43 9 1
43 10 1
43 14 2
43 18 1
43 20 2
43 24 1
43 26 1
43 27 2
43 30 1
43 32 2
43 33 2
43 36 2
43 39 2
43 42 2
44 0 2
44 2 2
44 5 1
44 6 1
44 7 1
44 8 2
44 10 2
44 17 1
44 20 1
44 21 2
44 27 2
44 28 1
44 30 1
44 33 2
44 35 1
44 37 1
44 38 1
44 39 2
44 43 2
45 4 2
45 10 2
45 14 2
45 16 2
45 17 1
45 18 2
45 19 2
45 20 2
45 21 2
45 26 2
45 29 1
45 35 2
45 38 1
45 40 1
45 41 1
45 42 1
45 44 2
46 1 2
46 2 1
46 4 2
46 6 1
46 9 2
46 10 1
46 13 2
46 14 2
46 16 1
46 17 1
46 20 2
46 21 1
46 23 2
46 25 2
46 28 1
46 30 1
46 31 1
46 32 2
46 34 2
46 37 2
46 39 1
46 42 1
46 44 1
46 45 1
47 2 1
47 3 1
47 4 2
47 6 2
47 8 2
47 12 2
47 13 1
47 15 1
47 16 1
47 26 2
47 27 2
47 28 2
47 30 2
47 31 2
47 34 2
47 35 2
47 37 1
47 38 1
47 39 1
47 41 2
47 45 2
48 0 1
48 5 2
48 6 1
48 8 1
48 10 1
48 12 1
48 14 1
48 15 2
48 16 1
48 17 2
48 23 1
48 25 1
48 26 1
48 27 1
48 29 2
48 30 1
48 31 2
48 32 2
48 34 1
48 36 2
48 37 2
48 40 2
48 42 2
48 45 2
48 46 1
48 47 2
49 2 1
49 4 1
49 5 1
49 6 1
49 8 2
49 11 1
49 12 1
49 14 2
49 15 2
49 16 2
49 18 1
49 19 1
49 20 1
49 22 1
49 23 1
49 24 2
49 26 2
49 28 1
49 29 1
49 30 2
49 32 1
49 33 2
49 34 2
49 35 1
49 36 2
49 39 2
49 40 1
49 45 2
50 0 2
50 2 2
50 3 2
50 4 1
50 6 2
50 7 1
50 9 2
50 10 2
50 11 2
50 13 2
50 14 1
50 15 1
50 16 1
50 18 1
50 19 2
50 20 2
50 21 2
50 23 1
50 25 2
50 26 2
50 27 1
50 28 1
50 31 2
50 33 1
50 34 1
50 35 1
50 39 1
50 42 1
50 43 1
50 45 2
50 46 1
50 48 1
50 49 1
51 1 1
51 3 2
51 6 2
51 9 2
51 10 1
51 12 1
51 15 1
51 20 1
51 21 2
51 22 1
51 23 2
51 24 2
51 25 1
51 29 1
51 30 1
51 31 1
51 32 2
51 33 1
51 34 2
51 35 1
51 40 1
51 41 2
51 45 1
51 46 2
51 47 2
51 48 1
52 0 2
52 1 2
52 2 1
52 3 2
52 6 2
52 7 1
52 9 1
52 11 1
52 12 2
52 15 1
52 17 2
52 18 1
52 19 2
52 22 2
52 23 2
52 24 2
52 25 1
52 26 2
52 27 2
52 30 2
52 32 2
52 33 1
52 34 2
52 36 1
52 38 1
52 39 2
52 41 1
52 42 1
52 43 1
52 50 1
53 1 1
53 5 1
53 6 1
53 8 1
53 9 1
53 11 2
53 14 1
53 15 2
53 18 1
53 20 1
53 21 1
53 25 1
53 26 1
53 27 1
53 28 2
53 31 2
53 32 2
53 34 2
53 37 1
53 39 2
53 41 2
53 43 1
53 44 1
53 46 2
53 47 1
53 50 2
53 51 1
53 52 1
54 0 1
54 3 1
54 8 1
54 9 1
54 11 2
54 12 1
54 14 1
54 20 1
54 21 2
54 25 1
54 26 2
54 27 2
54 28 1
54 30 2
54 31 1
54 33 1
54 34 1
54 35 2
54 37 2
54 39 1
54 40 1
54 42 1
54 44 1
54 46 2
54 50 2
54 51 1
54 52 1
54 53 1
55 1 1
55 4 1
55 6 1
55 9 2
55 10 2
55 11 1
55 13 1
55 17 2
55 18 2
55 19 2
55 24 1
55 28 1
55 30 1
55 37 1
55 38 2
55 40 2
55 41 2
55 42 2
55 43 1
55 48 2
55 49 2
55 51 1
55 52 1
56 5 2
56 7 1
56 9 2
56 11 1
56 13 1
56 14 1
56 15 2
56 16 1
56 18 1
56 19 1
56 20 1
56 21 2
56 25 1
56 27 2
56 32 1
56 33 2
56 34 2
56 36 1
56 38 1
56 42 1
56 43 2
56 45 2
56 49 2
56 50 2
56 52 1
57 0 1
57 1 2
57 2 1
57 4 2
57 5 2
57 6 2
57 7 1
57 9 2
57 11 1
57 12 1
57 13 2
57 15 2
57 17 1
57 18 2
57 19 2
57 20 2
57 21 2
57 22 1
57 23 1
57 25 1
57 27 1
57 29 1
57 30 2
57 34 2
57 37 1
57 38 2
57 39 1
57 40 1
57 41 2
57 42 1
57 43 1
57 44 2
57 46 1
57 47 1
57 49 2
57 50 1
57 54 2
57 56 2
58 0 1
58 1 1
58 2 1
58 4 1
58 5 2
58 6 2
58 8 1
58 9 1
58 13 1
58 14 2
58 15 1
58 19 1
58 20 1
58 22 2
58 23 1
58 24 2
58 26 2
58 27 2
58 29 1
58 30 1
58 33 2
58 34 2
58 35 1
58 36 2
58 37 1
58 38 1
58 41 2
58 42 2
58 43 2
58 44 1
58 45 2
58 46 2
58 47 2
58 48 2
58 49 1
58 50 1
58 53 2
58 55 2
58 57 2
59 0 1
59 4 1
59 6 2
59 7 1
59 8 1
59 11 1
59 13 2
59 16 1
59 17 2
59 18 2
59 21 2
59 22 2
59 26 1
59 30 2
59 34 1
59 40 1
59 43 2
59 45 1
59 46 1
59 47 1
59 48 1
59 49 2
59 50 1
59 51 1
59 52 1
59 54 2
59 55 1
59 57 2
60 0 2
60 2 1
60 3 1
60 5 2
60 6 1
60 8 1
60 9 1
60 12 2
60 16 1
60 17 2
60 21 2
60 22 2
60 23 1
60 26 1
60 30 2
60 31 1
60 35 2
60 36 1
60 38 2
60 41 2
60 43 1
60 47 2
60 48 1
60 49 2
60 50 2
60 51 1
60 53 1
60 57 1
60 59 1
61 0 2
61 1 2
61 3 2
61 5 2
61 9 2
61 10 1
61 11 1
61 13 1
61 15 2
61 16 2
61 20 1
61 23 2
61 24 1
61 25 2
61 26 1
61 29 2
61 33 1
61 34 2
61 38 1
61 40 2
61 41 1
61 42 1
61 44 2
61 46 1
61 49 1
61 50 2
61 52 1
61 53 1
61 54 1
61 57 2
62 0 2
62 1 2
62 3 2
62 6 2
62 8 1
62 9 2
62 10 2
62 12 2
62 15 2
62 16 1
62 19 2
62 20 1
62 21 2
62 29 2
62 30 1
62 33 2
62 34 1
62 35 2
62 36 2
62 39 1
62 42 2
62 50 2
62 55 1
62 58 1
62 61 1
63 3 1
63 4 2
63 5 2
63 6 2
63 7 2
63 9 2
63 13 2
63 14 1
63 15 2
63 18 2
63 21 1
63 23 1
63 24 1
63 26 1
63 28 1
63 31 1
63 32 1
63 33 1
63 34 1
63 37 2
63 38 1
63 39 1
63 40 1
63 42 2
63 45 1
63 49 1
63 52 1
63 53 1
63 54 2
63 55 2
63 56 1
63 60 2
63 62 1
64 0 2
64 5 2
64 6 1
64 7 2
64 8 1
64 10 2
64 11 2
64 14 1
64 17 1
64 18 1
64 20 1
64 21 1
64 26 2
64 29 1
64 34 2
64 36 2
64 37 1
64 38 2
64 39 2
64 40 1
64 42 2
64 44 1
64 47 1
64 52 2
64 60 2
64 63 2
65 0 1
65 1 1
65 2 1
65 4 2
65 7 2
65 8 1
65 9 1
65 10 2
65 13 1
65 14 1
65 17 2
65 19 2
65 20 2
65 24 1
65 25 1
65 26 1
65 28 2
65 31 2
65 34 1
65 35 2
65 36 1
65 38 2
65 40 1
65 42 2
65 43 1
65 46 1
65 48 1
65 51 2
65 52 1
65 53 2
65 55 2
65 56 1
65 60 1
65 61 1
65 64 2
66 1 1
66 4 1
66 5 2
66 7 2
66 9 1
66 11 2
66 12 1
66 14 2
66 15 1
66 17 2
66 19 2
66 21 1
66 23 2
66 25 1
66 26 2
66 30 2
66 31 2
66 36 1
66 37 2
66 38 2
66 45 1
66 47 1
66 49 1
66 51 1
66 53 2
66 54 1
66 55 2
66 56 1
66 58 2
66 60 1
66 61 1
66 64 2
66 65 1
67 2 2
67 6 1
67 7 1
67 11 2
67 15 2
67 16 2
67 17 1
67 18 1
67 20 2
67 22 1
67 23 2
67 24 2
67 25 1
67 29 2
67 31 1
67 32 1
67 35 2
67 36 2
67 37 2
67 39 2
67 41 1
67 43 2
67 45 1
67 47 2
67 48 2
67 49 1
67 50 1
67 51 1
67 52 1
67 55 2
67 56 1
67 58 1
67 59 1
67 60 1
67 62 2
67 64 1
68 5 1
68 9 2
68 10 1
68 11 2
68 12 2
68 13 2
68 17 2
68 18 2
68 21 2
68 22 2
68 23 2
68 24 2
68 26 1
68 29 1
68 31 2
68 32 1
68 34 1
68 37 1
68 38 2
68 39 2
68 42 1
68 45 2
68 47 1
68 48 1
68 51 1
68 53 2
68 55 1
68 56 1
68 57 2
68 63 2
68 64 1
68 65 1
69 2 2
69 3 2
69 4 2
69 7 2
69 9 1
69 10 1
69 16 2
69 23 1
69 26 1
69 28 1
69 31 1
69 32 2
69 33 1
69 35 1
69 36 2
69 38 1
69 39 2
69 44 2
69 46 1
69 48 2
69 49 2
69 50 1
69 52 1
69 54 1
69 55 1
69 56 2
69 57 2
69 63 2
69 64 2
69 65 1
69 66 1
