20
1 0 6
2 0 8
2 1 2
3 0 8
3 1 2
3 2 10
4 0 8
4 1 10
4 2 10
4 3 11
5 0 4
5 1 5
5 2 1
5 3 3
5 4 4
6 0 6
6 1 5
6 2 10
6 3 5
6 4 1
6 5 4
7 0 3
7 1 2
7 2 5
7 3 8
7 4 8
7 5 4
7 6 4
8 0 2
8 1 1
8 2 10
8 3 11
8 4 9
8 5 4
8 6 10
8 7 6
9 0 3
9 1 3
9 2 2
9 3 10
9 4 9
9 5 11
9 6 7
9 7 2
9 8 8
10 0 9
10 1 8
10 2 1
10 3 3
10 4 11
10 5 5
10 6 4
10 7 4
10 8 5
10 9 5
11 0 10
11 1 11
11 2 4
11 3 7
11 4 5
11 5 9
11 6 1
11 7 9
11 8 6
11 9 7
11 10 2
12 0 1
12 1 9
12 2 5
12 3 8
12 4 11
12 5 6
12 6 11
12 7 8
12 8 10
12 9 4
12 10 1
12 11 4
13 0 11
13 1 5
13 2 11
13 3 5
13 4 4
13 5 5
13 6 4
13 7 10
13 8 4
13 9 11
13 10 10
13 11 8
13 12 8
14 0 2
14 1 6
14 2 10
14 3 1
14 4 7
14 5 3
14 6 5
14 7 11
14 8 11
14 9 10
14 10 2
14 11 1
14 12 3
14 13 9
15 0 4
15 1 7
15 2 2
15 3 9
15 4 11
15 5 9
15 6 4
15 7 8
15 8 11
15 9 11
15 10 8
15 11 7
15 12 3
15 13 6
15 14 7
16 0 3
16 1 3
16 2 3
16 3 11
16 4 10
16 5 8
16 6 5
16 7 1
16 8 4
16 9 6
16 10 7
16 11 11
16 12 1
16 13 8
16 14 11
16 15 3
17 0 1
17 1 5
17 2 11
17 3 10
17 4 5
17 5 5
17 6 4
17 7 2
17 8 7
17 9 5
17 10 4
17 11 7
17 12 9
17 13 11
17 14 8
17 15 1
17 16 9
18 0 9
18 1 10
18 2 5
18 3 2
18 4 2
18 5 7
18 6 11
18 7 2
18 8 6
18 9 8
18 10 1
18 11 7
18 12 5
18 13 8
18 14 6
18 15 9
18 16 3
18 17 2
19 0 2
19 1 10
19 2 10
19 3 9
19 4 8
19 5 7
19 6 7
19 7 3
19 8 7
19 9 6
19 10 2
19 11 4
19 12 8
19 13 7
19 14 11
19 15 9
19 16 5
19 17 10
19 18 9
