30
2 1 8
3 0 1
4 2 4
4 3 2
5 0 8
5 2 12
5 4 3
6 3 1
6 5 2
7 0 4
7 1 12
7 4 7
7 5 1
7 6 9
8 0 5
8 1 2
8 3 4
8 4 1
8 5 1
8 6 5
8 7 9
9 0 11
9 2 10
9 5 6
9 7 1
9 8 4
10 0 1
10 1 3
10 2 11
10 3 6
10 5 8
10 6 9
11 0 9
11 1 6
11 2 3
11 3 2
11 4 7
11 7 2
11 10 11
12 0 2
12 1 12
12 4 8
12 5 4
12 6 12
12 9 4
13 0 5
13 3 1
13 4 7
13 5 1
13 6 4
13 8 6
13 9 8
13 10 8
13 12 2
14 0 4
14 2 1
14 3 6
14 7 8
14 9 6
14 12 9
15 0 11
15 1 8
15 2 12
15 10 2
15 12 5
15 13 9
15 14 6
16 1 7
16 5 11
16 7 9
16 13 8
16 15 8
17 1 5
17 2 6
17 6 4
17 7 3
17 8 3
17 9 6
17 14 12
17 15 9
17 16 9
18 1 12
18 2 2
18 5 10
18 6 2
18 9 12
18 10 11
18 15 5
18 16 5
18 17 7
19 0 5
19 3 5
19 6 5
19 7 9
19 9 9
19 10 12
19 11 6
19 13 4
19 14 1
19 15 12
19 16 3
20 1 9
20 3 5
20 8 9
20 9 5
20 11 9
20 14 11
20 15 10
20 16 9
20 17 2
20 18 6
20 19 2
21 0 6
21 2 12
21 4 9
21 5 11
21 9 4
21 10 7
21 11 4
21 12 3
21 15 7
21 18 1
21 19 6
21 20 5
22 1 10
22 3 2
22 4 3
22 5 4
22 6 3
22 7 11
22 12 11
22 13 9
22 14 4
22 15 2
22 17 9
22 18 2
22 20 4
23 1 3
23 2 11
23 3 4
23 5 11
23 6 11
23 9 6
23 10 5
23 12 2
23 14 12
23 19 6
23 20 7
24 0 4
24 2 2
24 4 10
24 5 12
24 6 1
24 7 9
24 8 5
24 9 8
24 10 4
24 12 7
24 14 11
24 17 8
24 18 4
24 19 5
24 20 12
24 21 7
24 23 6
25 3 7
25 4 11
25 5 7
25 9 9
25 11 2
25 13 6
25 15 11
25 18 1
25 22 5
26 2 12
26 3 9
26 5 5
26 8 6
26 11 1
26 14 7
26 15 11
26 21 9
26 22 4
26 23 7
26 25 6
27 2 6
27 3 10
27 4 4
27 5 4
27 10 9
27 11 5
27 12 7
27 13 12
27 15 1
27 16 3
27 17 1
27 22 9
27 24 5
27 25 2
28 2 2
28 3 7
28 5 6
28 6 9
28 12 11
28 15 11
28 17 11
28 19 2
28 22 5
28 23 9
28 24 10
28 27 3
29 0 1
29 2 9
29 3 1
29 4 8
29 5 4
29 6 10
29 8 12
29 12 7
29 16 6
29 18 5
29 19 2
29 21 10
29 26 4
29 27 12
