20
3 0 10
4 1 12
4 2 5
5 2 1
5 3 8
5 4 5
6 0 7
6 1 1
6 3 11
6 5 11
7 0 6
7 2 4
7 3 1
7 5 2
7 6 11
8 0 11
8 2 4
8 4 10
8 5 5
9 0 3
9 4 4
9 6 4
9 7 6
9 8 9
10 4 4
10 6 12
10 7 13
10 8 9
10 9 8
11 1 12
11 2 9
11 4 9
11 6 12
11 9 4
11 10 13
12 0 8
12 1 8
12 2 10
12 4 8
12 6 9
12 10 2
12 11 13
13 2 13
13 6 7
13 7 7
13 8 6
13 9 5
13 10 12
13 11 11
13 12 1
14 1 6
14 7 4
14 8 12
14 9 4
14 10 11
14 11 8
14 12 12
15 0 6
15 1 11
15 2 12
15 4 13
15 5 10
15 7 4
15 8 8
15 14 6
16 0 13
16 1 3
16 2 13
16 5 5
16 6 6
16 9 13
16 10 3
16 11 1
16 13 7
16 14 1
16 15 2
17 0 4
17 2 4
17 3 1
17 4 8
17 6 8
17 7 3
17 9 8
17 11 5
17 13 4
17 14 4
17 15 6
18 0 10
18 1 9
18 2 10
18 4 12
18 5 5
18 6 12
18 9 3
18 11 2
18 12 10
18 13 11
18 14 2
18 15 8
19 1 11
19 8 1
19 9 7
19 11 5
19 12 8
19 13 10
19 14 8
19 15 12
19 16 10
19 17 6
