15
1 0 4
2 0 1
2 1 2
3 0 8
3 1 9
3 2 5
4 0 4
4 1 3
4 2 10
4 3 8
5 0 6
5 1 4
5 2 10
5 3 7
5 4 8
6 0 10
6 1 7
6 2 9
6 3 5
6 4 10
6 5 1
7 0 10
7 1 5
7 2 5
7 3 9
7 4 6
7 5 9
7 6 5
8 0 4
8 1 1
8 2 3
8 3 2
8 4 6
8 5 6
8 6 5
8 7 10
9 0 7
9 1 7
9 2 4
9 3 1
9 4 4
9 5 1
9 6 10
9 7 9
9 8 3
10 0 1
10 1 7
10 2 4
10 3 5
10 4 8
10 5 10
10 6 5
10 7 4
10 8 8
10 9 8
11 0 2
11 1 5
11 2 3
11 3 7
11 4 4
11 5 8
11 6 2
11 7 6
11 8 10
11 9 7
11 10 2
12 0 6
12 1 10
12 2 1
12 3 7
12 4 9
12 5 8
12 6 4
12 7 1
12 8 10
12 9 5
12 10 4
12 11 7
13 0 7
13 1 10
13 2 1
13 3 10
13 4 7
13 5 8
13 6 6
13 7 3
13 8 9
13 9 7
13 10 8
13 11 1
13 12 9
14 0 4
14 1 3
14 2 1
14 3 2
14 4 3
14 5 3
14 6 6
14 7 4
14 8 9
14 9 6
14 10 8
14 11 6
14 12 1
14 13 9
