60
2 0 7
2 1 11
3 0 7
3 1 7
4 0 1
4 2 14
4 3 12
5 0 4
6 2 13
6 3 11
6 4 6
6 5 12
7 1 9
7 3 5
7 4 10
7 5 5
7 6 10
8 1 3
8 3 8
8 5 2
8 6 10
9 2 4
9 3 12
9 4 11
9 5 11
9 6 3
9 8 1
10 1 10
10 3 13
10 4 10
11 0 8
11 1 7
11 2 14
11 4 7
11 7 5
11 8 13
11 9 5
11 10 11
12 0 12
12 2 12
12 3 3
12 4 2
12 6 3
12 7 6
12 11 13
13 0 1
13 1 12
13 3 1
13 9 10
13 12 6
14 1 13
14 3 9
14 4 7
14 7 11
14 9 6
14 10 11
14 12 2
15 1 8
15 2 6
15 3 13
15 7 1
15 8 4
15 14 6
16 0 4
16 6 11
16 7 6
16 9 5
16 11 1
16 12 7
16 13 7
16 14 10
16 15 13
17 0 4
17 1 6
17 3 1
17 4 10
17 5 13
17 6 1
17 7 2
17 10 3
17 12 9
17 15 7
17 16 7
18 0 9
18 4 6
18 5 12
18 7 11
18 10 6
18 15 13
18 17 6
19 0 1
19 1 3
19 11 5
19 12 8
19 15 8
20 0 4
20 2 8
20 4 13
20 5 8
20 7 10
20 10 11
20 12 9
20 13 12
20 14 4
20 16 1
20 17 7
21 1 10
21 3 12
21 6 6
21 7 13
21 8 6
21 10 1
21 11 8
21 13 3
21 16 12
21 19 14
22 0 11
22 1 5
22 3 9
22 5 10
22 6 13
22 9 11
22 10 9
22 13 12
22 18 14
22 19 11
22 20 3
23 1 6
23 3 1
23 4 10
23 8 9
23 9 7
23 10 12
23 11 7
23 12 13
23 15 6
23 17 8
23 18 12
24 1 3
24 2 9
24 3 4
24 4 13
24 6 7
24 7 9
24 12 12
24 13 2
24 14 12
24 17 9
24 18 6
24 19 10
24 20 10
24 21 3
24 22 12
24 23 6
25 2 3
25 3 5
25 4 10
25 5 5
25 6 7
25 9 11
25 11 11
25 13 4
25 18 6
25 19 7
25 24 9
26 0 2
26 2 3
26 3 2
26 4 11
26 5 9
26 6 14
26 7 11
26 9 12
26 11 7
26 13 11
26 14 3
26 16 11
26 17 10
26 19 12
26 20 3
26 21 7
26 22 1
26 23 11
27 0 4
27 2 6
27 3 14
27 6 2
27 8 14
27 11 3
27 12 5
27 13 12
27 18 9
27 20 4
27 21 7
27 23 7
28 1 7
28 2 7
28 4 3
28 5 2
28 6 14
28 7 4
28 9 9
28 10 13
28 11 7
28 13 1
28 15 1
28 17 12
28 18 2
28 22 12
28 23 7
28 24 12
28 26 5
28 27 3
29 0 10
29 3 13
29 5 6
29 7 3
29 10 5
29 11 13
29 12 5
29 13 5
29 14 9
29 17 1
29 18 8
29 19 1
29 20 6
29 21 9
29 26 6
29 27 4
30 0 14
30 3 13
30 4 8
30 6 13
30 7 4
30 17 1
30 21 2
30 23 7
30 24 7
30 25 9
30 26 3
30 27 13
30 28 8
30 29 1
31 4 1
31 5 7
31 9 11
31 12 3
31 13 14
31 17 8
31 18 7
31 19 12
31 22 5
31 23 1
31 28 8
31 29 4
32 0 10
32 2 6
32 3 13
32 6 11
32 7 11
32 8 1
32 9 12
32 11 2
32 13 5
32 14 11
32 15 3
32 19 10
32 20 8
32 26 3
32 27 3
32 28 7
32 31 10
33 0 7
33 2 12
33 3 7
33 5 10
33 8 7
33 12 6
33 13 10
33 16 2
33 17 4
33 20 12
33 21 2
33 23 6
33 24 8
33 25 9
33 26 7
33 27 8
33 31 4
34 3 4
34 6 12
34 7 11
34 8 13
34 9 2
34 11 1
34 12 8
34 15 11
34 16 5
34 17 11
34 18 7
34 19 6
34 21 2
34 22 2
34 23 12
34 27 14
34 29 10
34 31 11
35 0 8
35 2 3
35 3 12
35 4 11
35 5 13
35 8 8
35 9 7
35 10 8
35 11 6
35 13 13
35 14 8
35 18 7
35 21 2
35 23 11
35 25 10
35 28 11
35 33 9
36 2 10
36 3 14
36 6 10
36 8 13
36 9 13
36 10 13
36 17 10
36 20 5
36 21 9
36 22 5
36 23 14
36 26 1
36 28 9
36 29 4
36 30 12
36 32 11
36 33 11
36 34 5
36 35 4
37 0 6
37 3 8
37 5 10
37 6 2
37 7 5
37 10 11
37 12 8
37 13 8
37 14 1
37 15 11
37 16 4
37 19 2
37 21 2
37 23 3
37 25 3
37 30 6
37 31 5
38 0 2
38 6 3
38 7 10
38 8 6
38 10 13
38 11 4
38 18 2
38 19 13
38 21 11
38 22 13
38 23 12
38 24 2
38 25 7
38 30 9
38 32 8
38 34 5
38 36 11
39 0 12
39 1 4
39 3 5
39 4 8
39 5 10
39 6 1
39 7 3
39 8 7
39 9 11
39 11 13
39 13 10
39 14 7
39 15 4
39 16 8
39 18 6
39 22 10
39 23 6
39 24 13
39 28 6
39 29 10
39 30 8
39 32 11
39 33 10
39 35 8
39 37 7
39 38 4
40 0 7
40 1 4
40 3 8
40 4 10
40 5 12
40 6 9
40 8 1
40 13 9
40 16 1
40 18 3
40 19 10
40 26 2
40 27 2
40 29 3
40 30 2
40 31 3
40 33 10
40 38 1
40 39 10
41 0 8
41 1 8
41 4 3
41 5 8
41 9 11
41 11 4
41 14 3
41 17 12
41 19 3
41 20 8
41 21 10
41 23 3
41 26 9
41 27 12
41 29 11
41 33 9
41 34 1
41 35 14
42 3 2
42 4 7
42 5 6
42 6 6
42 7 9
42 9 12
42 10 14
42 11 12
42 12 12
42 14 14
42 15 9
42 16 1
42 19 13
42 20 7
42 21 10
42 25 10
42 26 3
42 27 2
42 30 11
42 32 5
42 34 8
42 35 14
42 37 14
42 38 2
42 39 14
43 2 10
43 3 2
43 6 13
43 7 3
43 8 10
43 10 14
43 11 10
43 15 12
43 18 1
43 19 1
43 20 13
43 21 3
43 22 13
43 24 4
43 27 11
43 28 9
43 29 11
43 30 9
43 31 4
43 33 7
43 34 6
43 35 12
43 41 2
44 1 12
44 2 3
44 3 9
44 4 8
44 9 12
44 13 10
44 17 8
44 18 8
44 19 4
44 22 11
44 25 9
44 26 13
44 27 13
44 28 5
44 29 13
44 35 8
44 36 9
44 37 3
44 39 1
44 41 2
44 42 14
45 2 11
45 3 12
45 4 3
45 5 11
45 7 5
45 10 5
45 11 11
45 12 1
45 15 14
45 16 9
45 17 12
45 18 3
45 19 4
45 20 12
45 21 4
45 23 5
45 24 3
45 26 8
45 27 1
45 28 3
45 30 7
45 31 5
45 32 14
45 33 6
45 37 7
45 38 2
45 39 14
45 40 11
45 41 7
46 0 8
46 5 12
46 9 1
46 12 3
46 13 5
46 15 14
46 16 9
46 17 14
46 20 5
46 21 9
46 22 12
46 23 4
46 24 6
46 25 4
46 26 11
46 27 11
46 29 8
46 32 3
46 35 3
46 37 2
46 38 12
46 39 14
46 42 8
47 1 11
47 3 4
47 7 12
47 9 5
47 10 8
47 13 2
47 16 3
47 18 11
47 21 10
47 23 8
47 24 7
47 25 7
47 26 4
47 28 5
47 32 12
47 35 4
47 36 10
47 37 8
47 39 3
47 42 7
47 44 11
47 45 10
47 46 6
48 1 10
48 3 1
48 5 10
48 6 8
48 7 8
48 8 14
48 9 6
48 12 8
48 13 9
48 16 12
48 22 4
48 25 4
48 26 4
48 30 13
48 31 3
48 33 1
48 36 1
48 37 6
48 39 8
48 40 9
48 41 10
48 42 7
48 45 9
49 0 5
49 1 6
49 4 10
49 5 3
49 8 9
49 10 4
49 14 2
49 19 2
49 21 4
49 22 11
49 26 9
49 27 14
49 29 4
49 30 5
49 31 5
49 32 13
49 35 1
49 36 13
49 37 4
49 38 11
49 39 10
49 42 14
49 43 9
49 44 3
49 47 14
50 0 8
50 1 14
50 2 2
50 7 7
50 9 2
50 10 12
50 11 4
50 14 7
50 15 9
50 16 14
50 17 12
50 18 14
50 21 6
50 23 1
50 24 6
50 28 7
50 29 12
50 32 6
50 34 4
50 36 9
50 37 4
50 41 7
50 43 13
50 44 1
50 45 2
50 46 14
50 47 12
51 1 10
51 4 8
51 5 10
51 6 14
51 9 1
51 12 11
51 14 9
51 15 10
51 16 1
51 19 12
51 21 6
51 22 6
51 23 11
51 24 12
51 25 2
51 29 7
51 31 13
51 33 7
51 34 3
51 36 7
51 37 6
51 39 4
51 44 13
51 45 5
51 46 8
51 48 12
51 50 1
52 0 13
52 1 8
52 2 4
52 3 6
52 7 2
52 8 1
52 9 5
52 10 13
52 11 5
52 12 9
52 13 14
52 15 3
52 17 7
52 21 1
52 22 11
52 25 12
52 26 2
52 28 6
52 29 5
52 32 1
52 33 6
52 35 12
52 36 9
52 41 11
52 44 12
52 45 11
52 47 14
52 48 2
52 49 12
52 51 13
53 0 11
53 1 9
53 4 3
53 8 8
53 9 4
53 11 11
53 12 8
53 14 5
53 15 4
53 16 1
53 17 6
53 18 3
53 21 1
53 22 14
53 23 7
53 25 13
53 26 8
53 27 1
53 29 7
53 33 4
53 37 1
53 38 4
53 40 5
53 44 7
53 45 13
53 46 8
53 47 1
53 48 10
53 52 7
54 4 6
54 6 13
54 10 5
54 14 11
54 20 10
54 23 5
54 26 6
54 28 10
54 29 2
54 30 1
54 31 2
54 32 2
54 33 5
54 34 8
54 35 14
54 36 3
54 37 2
54 45 2
54 47 9
54 49 10
54 51 6
55 0 13
55 1 6
55 3 8
55 4 1
55 5 7
55 6 2
55 7 1
55 8 9
55 9 13
55 11 13
55 14 13
55 15 14
55 21 6
55 22 3
55 25 5
55 26 5
55 29 1
55 31 7
55 32 14
55 33 11
55 35 8
55 36 12
55 37 9
55 38 11
55 39 7
55 40 13
55 41 8
55 42 11
55 44 6
55 46 11
55 48 6
55 49 11
55 50 13
55 51 14
55 53 7
55 54 4
56 1 8
56 5 14
56 6 6
56 9 1
56 11 1
56 14 6
56 16 2
56 19 4
56 20 6
56 23 5
56 24 14
56 25 3
56 26 4
56 27 13
56 28 9
56 31 14
56 33 14
56 35 2
56 36 6
56 42 8
56 45 1
56 46 6
56 47 10
56 53 1
56 54 11
56 55 14
57 0 1
57 3 4
57 6 14
57 10 4
57 11 12
57 12 14
57 13 14
57 14 2
57 15 1
57 19 1
57 20 6
57 21 2
57 22 10
57 25 6
57 27 5
57 28 12
57 29 9
57 30 6
57 32 8
57 34 7
57 35 7
57 37 12
57 40 13
57 41 14
57 42 10
57 46 5
57 47 14
57 48 9
57 49 6
57 50 8
57 52 3
57 56 14
58 0 7
58 4 14
58 5 14
58 10 11
58 11 1
58 12 13
58 18 5
58 19 1
58 20 13
58 21 11
58 25 8
58 27 4
58 30 12
58 31 5
58 32 1
58 40 2
58 41 13
58 42 3
58 45 7
58 48 14
58 49 10
58 57 13
59 0 14
59 1 1
59 4 6
59 6 5
59 7 3
59 8 11
59 11 4
59 12 6
59 15 13
59 17 1
59 18 10
59 21 4
59 22 4
59 24 6
59 25 13
59 29 3
59 30 9
59 34 2
59 36 4
59 40 11
59 42 5
59 44 5
59 48 13
59 52 5
59 56 3
59 58 13
