70
1 0 1
2 1 1
3 0 1
4 0 1
4 1 1
5 1 1
5 2 1
5 4 1
6 1 1
6 5 1
7 0 1
7 1 1
7 3 1
7 5 1
8 0 1
8 1 1
8 2 1
8 3 1
8 4 1
8 5 1
9 0 1
9 2 1
9 3 1
9 6 1
9 7 1
10 7 1
10 9 1
11 0 1
11 1 1
11 2 1
11 3 1
11 5 1
11 7 1
11 10 1
12 0 1
12 4 1
12 10 1
13 0 1
13 1 1
13 2 1
13 4 1
13 5 1
13 9 1
13 10 1
13 11 1
13 12 1
14 0 1
14 1 1
14 3 1
14 4 1
14 5 1
14 6 1
14 8 1
15 3 1
15 7 1
15 9 1
15 10 1
15 11 1
15 13 1
15 14 1
16 0 1
16 1 1
16 3 1
16 5 1
16 8 1
16 10 1
16 12 1
16 14 1
16 15 1
17 4 1
17 7 1
17 9 1
17 10 1
17 14 1
17 15 1
18 0 1
18 3 1
18 4 1
18 5 1
18 7 1
18 10 1
18 11 1
18 12 1
18 13 1
18 15 1
19 0 1
19 1 1
19 2 1
19 3 1
19 4 1
19 5 1
19 8 1
19 9 1
19 12 1
19 13 1
19 15 1
20 5 1
20 7 1
20 10 1
20 12 1
20 13 1
20 18 1
20 19 1
21 0 1
21 1 1
21 7 1
21 8 1
21 11 1
21 12 1
21 14 1
21 16 1
21 18 1
21 19 1
21 20 1
22 1 1
22 2 1
22 3 1
22 5 1
22 7 1
22 8 1
22 9 1
22 10 1
22 11 1
22 15 1
22 17 1
22 20 1
23 0 1
23 1 1
23 4 1
23 6 1
23 10 1
23 12 1
23 13 1
23 15 1
23 16 1
23 17 1
23 18 1
23 19 1
23 20 1
24 1 1
24 3 1
24 4 1
24 8 1
24 12 1
24 14 1
24 16 1
24 21 1
24 22 1
24 23 1
25 0 1
25 3 1
25 5 1
25 7 1
25 8 1
25 13 1
25 17 1
25 18 1
25 19 1
25 22 1
25 23 1
26 0 1
26 2 1
26 6 1
26 7 1
26 10 1
26 12 1
26 13 1
26 14 1
26 15 1
26 16 1
26 17 1
26 18 1
26 22 1
26 25 1
27 0 1
27 2 1
27 5 1
27 6 1
27 9 1
27 10 1
27 12 1
27 13 1
27 15 1
27 19 1
27 20 1
27 21 1
27 23 1
27 24 1
27 25 1
28 2 1
28 5 1
28 6 1
28 8 1
28 10 1
28 13 1
28 14 1
28 16 1
28 18 1
28 22 1
28 25 1
28 26 1
28 27 1
29 1 1
29 2 1
29 4 1
29 6 1
29 8 1
29 9 1
29 14 1
29 15 1
29 17 1
29 19 1
29 20 1
29 21 1
29 23 1
29 26 1
29 27 1
30 0 1
30 2 1
30 3 1
30 6 1
30 7 1
30 8 1
30 9 1
30 10 1
30 11 1
30 12 1
30 13 1
30 14 1
30 15 1
30 17 1
30 19 1
30 22 1
30 24 1
30 27 1
31 0 1
31 3 1
31 4 1
31 7 1
31 8 1
31 9 1
31 10 1
31 13 1
31 15 1
31 17 1
31 18 1
31 20 1
31 22 1
31 25 1
31 27 1
31 29 1
31 30 1
32 0 1
32 2 1
32 6 1
32 7 1
32 8 1
32 9 1
32 10 1
32 13 1
32 18 1
32 21 1
32 23 1
32 24 1
32 27 1
32 29 1
32 30 1
33 1 1
33 5 1
33 6 1
33 7 1
33 8 1
33 9 1
33 10 1
33 11 1
33 12 1
33 13 1
33 16 1
33 17 1
33 19 1
33 20 1
33 21 1
33 25 1
33 26 1
33 27 1
33 28 1
33 30 1
33 31 1
34 0 1
34 2 1
34 4 1
34 10 1
34 11 1
34 12 1
34 14 1
34 21 1
34 23 1
34 24 1
34 25 1
34 26 1
34 32 1
35 0 1
35 1 1
35 2 1
35 3 1
35 5 1
35 6 1
35 7 1
35 8 1
35 10 1
35 11 1
35 13 1
35 16 1
35 23 1
35 24 1
35 26 1
35 27 1
35 29 1
35 33 1
36 0 1
36 2 1
36 4 1
36 5 1
36 7 1
36 8 1
36 9 1
36 15 1
36 16 1
36 18 1
36 19 1
36 22 1
36 23 1
36 24 1
36 25 1
36 29 1
36 30 1
36 31 1
36 32 1
36 33 1
36 34 1
37 0 1
37 1 1
37 2 1
37 5 1
37 6 1
37 9 1
37 11 1
37 15 1
37 16 1
37 17 1
37 18 1
37 19 1
37 20 1
37 21 1
37 22 1
37 26 1
37 29 1
37 30 1
37 31 1
37 35 1
38 0 1
38 1 1
38 4 1
38 6 1
38 8 1
38 12 1
38 15 1
38 16 1
38 18 1
38 19 1
38 23 1
38 24 1
38 25 1
38 28 1
38 30 1
38 31 1
38 32 1
38 33 1
39 1 1
39 6 1
39 7 1
39 8 1
39 10 1
39 16 1
39 17 1
39 20 1
39 21 1
39 24 1
39 26 1
39 28 1
39 29 1
39 30 1
39 32 1
39 34 1
39 35 1
39 38 1
40 1 1
40 3 1
40 4 1
40 5 1
40 6 1
40 7 1
40 8 1
40 9 1
40 10 1
40 11 1
40 12 1
40 14 1
40 17 1
40 18 1
40 19 1
40 21 1
40 22 1
40 23 1
40 24 1
40 25 1
40 26 1
40 30 1
40 32 1
40 33 1
40 37 1
41 0 1
41 2 1
41 4 1
41 5 1
41 7 1
41 8 1
41 9 1
41 11 1
41 13 1
41 18 1
41 19 1
41 21 1
41 23 1
41 24 1
41 28 1
41 29 1
41 31 1
41 33 1
41 34 1
41 36 1
41 38 1
42 1 1
42 2 1
42 5 1
42 6 1
42 7 1
42 9 1
42 10 1
42 12 1
42 13 1
42 14 1
42 15 1
42 17 1
42 19 1
42 20 1
42 21 1
42 22 1
42 23 1
42 24 1
42 25 1
42 28 1
42 29 1
42 33 1
42 34 1
42 36 1
42 37 1
42 39 1
42 40 1
42 41 1
43 0 1
43 1 1
43 2 1
43 4 1
43 7 1
43 8 1
43 12 1
43 15 1
43 17 1
43 18 1
43 21 1
43 23 1
43 25 1
43 26 1
43 27 1
43 28 1
43 32 1
43 33 1
43 34 1
43 35 1
43 38 1
43 39 1
44 0 1
44 2 1
44 3 1
44 4 1
44 6 1
44 10 1
44 13 1
44 19 1
44 21 1
44 23 1
44 30 1
44 31 1
44 32 1
44 34 1
44 38 1
45 0 1
45 2 1
45 3 1
45 4 1
45 5 1
45 7 1
45 11 1
45 12 1
45 13 1
45 18 1
45 19 1
45 20 1
45 21 1
45 22 1
45 23 1
45 25 1
45 26 1
45 27 1
45 28 1
45 29 1
45 30 1
45 32 1
45 33 1
45 34 1
45 35 1
45 37 1
45 38 1
45 39 1
46 0 1
46 3 1
46 7 1
46 9 1
46 12 1
46 14 1
46 20 1
46 24 1
46 25 1
46 27 1
46 28 1
46 29 1
46 31 1
46 33 1
46 37 1
46 39 1
46 40 1
46 41 1
46 44 1
46 45 1
47 1 1
47 2 1
47 5 1
47 7 1
47 9 1
47 10 1
47 11 1
47 12 1
47 13 1
47 16 1
47 17 1
47 20 1
47 22 1
47 24 1
47 28 1
47 29 1
47 30 1
47 31 1
47 32 1
47 33 1
47 38 1
47 39 1
47 40 1
47 41 1
47 43 1
47 45 1
48 0 1
48 1 1
48 4 1
48 5 1
48 6 1
48 8 1
48 12 1
48 14 1
48 18 1
48 21 1
48 23 1
48 24 1
48 26 1
48 27 1
48 28 1
48 32 1
48 36 1
48 42 1
48 43 1
48 44 1
48 45 1
48 46 1
49 0 1
49 1 1
49 2 1
49 3 1
49 4 1
49 9 1
49 11 1
49 12 1
49 13 1
49 14 1
49 16 1
49 18 1
49 20 1
49 21 1
49 22 1
49 23 1
49 25 1
49 26 1
49 29 1
49 31 1
49 32 1
49 34 1
49 35 1
49 38 1
49 39 1
49 40 1
49 41 1
49 42 1
49 43 1
49 45 1
49 47 1
50 0 1
50 1 1
50 4 1
50 5 1
50 7 1
50 9 1
50 13 1
50 17 1
50 20 1
50 21 1
50 22 1
50 26 1
50 29 1
50 30 1
50 33 1
50 35 1
50 40 1
50 42 1
50 43 1
51 0 1
51 3 1
51 7 1
51 10 1
51 13 1
51 14 1
51 15 1
51 16 1
51 17 1
51 18 1
51 19 1
51 21 1
51 23 1
51 24 1
51 27 1
51 33 1
51 35 1
51 36 1
51 40 1
51 43 1
51 49 1
52 3 1
52 4 1
52 5 1
52 7 1
52 9 1
52 12 1
52 17 1
52 19 1
52 21 1
52 24 1
52 27 1
52 29 1
52 32 1
52 35 1
52 38 1
52 41 1
52 43 1
52 44 1
52 45 1
52 47 1
52 48 1
52 49 1
52 51 1
53 0 1
53 1 1
53 2 1
53 5 1
53 11 1
53 12 1
53 15 1
53 19 1
53 20 1
53 23 1
53 24 1
53 25 1
53 26 1
53 27 1
53 28 1
53 30 1
53 32 1
53 35 1
53 36 1
53 39 1
53 40 1
53 42 1
53 43 1
53 45 1
53 48 1
54 0 1
54 2 1
54 3 1
54 4 1
54 5 1
54 7 1
54 8 1
54 9 1
54 11 1
54 13 1
54 16 1
54 17 1
54 26 1
54 28 1
54 32 1
54 34 1
54 37 1
54 38 1
54 40 1
54 41 1
54 42 1
54 43 1
54 44 1
54 46 1
54 47 1
54 49 1
54 50 1
54 51 1
54 53 1
55 3 1
55 6 1
55 8 1
55 9 1
55 10 1
55 11 1
55 12 1
55 14 1
55 15 1
55 16 1
55 19 1
55 21 1
55 22 1
55 24 1
55 25 1
55 27 1
55 31 1
55 32 1
55 35 1
55 39 1
55 42 1
55 43 1
55 45 1
55 46 1
55 47 1
55 48 1
55 49 1
55 54 1
56 0 1
56 3 1
56 6 1
56 8 1
56 9 1
56 11 1
56 12 1
56 13 1
56 14 1
56 15 1
56 16 1
56 20 1
56 21 1
56 23 1
56 24 1
56 27 1
56 29 1
56 33 1
56 34 1
56 37 1
56 42 1
56 45 1
56 48 1
56 49 1
56 53 1
56 54 1
56 55 1
57 2 1
57 9 1
57 10 1
57 13 1
57 14 1
57 18 1
57 19 1
57 21 1
57 22 1
57 23 1
57 26 1
57 28 1
57 30 1
57 32 1
57 34 1
57 35 1
57 36 1
57 40 1
57 41 1
57 42 1
57 45 1
57 48 1
57 49 1
57 50 1
57 51 1
57 52 1
57 53 1
57 54 1
57 55 1
58 5 1
58 9 1
58 10 1
58 13 1
58 15 1
58 16 1
58 17 1
58 19 1
58 20 1
58 21 1
58 23 1
58 24 1
58 25 1
58 27 1
58 28 1
58 31 1
58 32 1
58 43 1
58 49 1
58 51 1
58 53 1
59 1 1
59 3 1
59 5 1
59 7 1
59 11 1
59 12 1
59 14 1
59 15 1
59 16 1
59 17 1
59 18 1
59 22 1
59 24 1
59 29 1
59 30 1
59 32 1
59 33 1
59 36 1
59 38 1
59 39 1
59 42 1
59 46 1
59 47 1
59 48 1
59 50 1
59 52 1
59 53 1
59 54 1
59 56 1
59 58 1
60 0 1
60 3 1
60 5 1
60 6 1
60 7 1
60 10 1
60 11 1
60 12 1
60 14 1
60 17 1
60 19 1
60 21 1
60 23 1
60 27 1
60 28 1
60 31 1
60 32 1
60 33 1
60 39 1
60 40 1
60 42 1
60 43 1
60 45 1
60 55 1
60 56 1
60 57 1
60 58 1
60 59 1
61 0 1
61 5 1
61 7 1
61 9 1
61 12 1
61 15 1
61 16 1
61 23 1
61 25 1
61 28 1
61 30 1
61 35 1
61 36 1
61 37 1
61 38 1
61 40 1
61 41 1
61 43 1
61 46 1
61 47 1
61 48 1
61 49 1
61 50 1
61 51 1
61 55 1
61 57 1
61 58 1
61 59 1
61 60 1
62 1 1
62 3 1
62 4 1
62 5 1
62 6 1
62 8 1
62 10 1
62 11 1
62 12 1
62 14 1
62 17 1
62 19 1
62 22 1
62 23 1
62 24 1
62 28 1
62 31 1
62 32 1
62 37 1
62 38 1
62 41 1
62 44 1
62 45 1
62 46 1
62 47 1
62 48 1
62 49 1
62 50 1
62 52 1
62 53 1
62 54 1
62 55 1
62 58 1
62 59 1
62 60 1
62 61 1
63 0 1
63 3 1
63 5 1
63 7 1
63 8 1
63 10 1
63 12 1
63 13 1
63 14 1
63 15 1
63 18 1
63 19 1
63 23 1
63 27 1
63 28 1
63 33 1
63 36 1
63 37 1
63 39 1
63 41 1
63 43 1
63 46 1
63 47 1
63 49 1
63 50 1
63 52 1
63 54 1
63 56 1
63 58 1
63 59 1
63 60 1
63 61 1
64 3 1
64 4 1
64 7 1
64 8 1
64 9 1
64 10 1
64 17 1
64 20 1
64 21 1
64 23 1
64 24 1
64 25 1
64 26 1
64 27 1
64 30 1
64 31 1
64 32 1
64 33 1
64 38 1
64 39 1
64 44 1
64 47 1
64 49 1
64 50 1
64 53 1
64 59 1
64 60 1
64 61 1
64 62 1
64 63 1
65 0 1
65 1 1
65 3 1
65 8 1
65 9 1
65 14 1
65 15 1
65 16 1
65 17 1
65 20 1
65 23 1
65 26 1
65 28 1
65 31 1
65 34 1
65 42 1
65 44 1
65 45 1
65 48 1
65 50 1
65 51 1
65 52 1
65 55 1
65 56 1
65 62 1
66 0 1
66 1 1
66 5 1
66 6 1
66 12 1
66 13 1
66 14 1
66 15 1
66 18 1
66 19 1
66 24 1
66 25 1
66 26 1
66 27 1
66 28 1
66 33 1
66 36 1
66 37 1
66 41 1
66 42 1
66 43 1
66 44 1
66 48 1
66 49 1
66 52 1
66 53 1
66 54 1
66 56 1
66 58 1
66 60 1
66 61 1
66 62 1
66 63 1
66 64 1
66 65 1
67 4 1
67 10 1
67 13 1
67 14 1
67 16 1
67 18 1
67 22 1
67 24 1
67 25 1
67 27 1
67 28 1
67 29 1
67 30 1
67 32 1
67 34 1
67 35 1
67 36 1
67 38 1
67 40 1
67 42 1
67 43 1
67 44 1
67 47 1
67 48 1
67 49 1
67 50 1
67 51 1
67 52 1
67 54 1
67 55 1
67 56 1
67 57 1
67 58 1
67 59 1
67 60 1
67 64 1
67 66 1
68 0 1
68 2 1
68 4 1
68 5 1
68 6 1
68 7 1
68 9 1
68 11 1
68 12 1
68 16 1
68 17 1
68 20 1
68 21 1
68 22 1
68 24 1
68 26 1
68 29 1
68 31 1
68 32 1
68 35 1
68 37 1
68 38 1
68 39 1
68 40 1
68 44 1
68 46 1
68 47 1
68 50 1
68 51 1
68 52 1
68 54 1
68 58 1
68 59 1
68 60 1
68 61 1
68 63 1
68 66 1
68 67 1
69 0 1
69 4 1
69 5 1
69 8 1
69 9 1
69 10 1
69 11 1
69 12 1
69 14 1
69 15 1
69 17 1
69 21 1
69 22 1
69 23 1
69 26 1
69 27 1
69 28 1
69 29 1
69 32 1
69 34 1
69 35 1
69 37 1
69 38 1
69 39 1
69 41 1
69 42 1
69 43 1
69 44 1
69 46 1
69 47 1
69 50 1
69 52 1
69 54 1
69 56 1
69 61 1
69 65 1
69 67 1
