20
2 1 3
3 1 3
3 2 3
4 2 6
5 4 6
6 0 2
6 2 2
6 3 5
6 4 6
7 0 2
7 1 5
7 2 4
7 3 6
7 4 2
7 5 2
7 6 4
8 0 1
8 2 4
9 1 4
9 8 2
10 0 2
10 1 2
10 3 4
10 5 4
10 6 2
10 7 1
10 8 6
10 9 2
11 1 2
11 3 4
11 4 1
11 6 3
11 8 1
11 10 5
12 0 1
12 2 3
12 3 3
12 4 1
12 5 4
12 6 1
12 7 4
12 10 5
13 1 2
13 2 5
13 3 6
13 5 5
13 7 6
13 8 6
13 9 2
13 10 5
13 11 6
13 12 6
14 2 2
14 4 5
14 5 5
14 7 5
14 10 4
14 11 3
15 0 1
15 1 2
15 2 6
15 3 1
15 4 2
15 5 6
15 6 3
15 7 6
15 11 3
15 13 5
15 14 6
16 0 6
16 1 5
16 2 3
16 4 4
16 5 4
16 7 5
16 10 1
16 12 5
16 13 1
16 14 3
16 15 2
17 0 1
17 3 3
17 5 1
17 6 1
17 7 1
17 8 5
17 9 3
17 10 5
17 13 6
17 14 4
17 15 4
18 1 3
18 2 4
18 7 1
18 8 4
18 9 3
18 10 4
18 12 5
18 13 6
18 14 6
18 17 6
19 2 5
19 3 6
19 5 1
19 6 2
19 7 1
19 8 5
19 9 2
19 12 5
19 13 1
19 16 1
