30
1 0 3
2 1 5
3 1 5
4 0 5
4 2 3
4 3 2
5 2 1
5 3 3
6 0 3
6 1 2
6 4 2
6 5 4
7 2 1
7 3 4
7 4 3
7 5 5
7 6 5
8 1 5
8 2 2
8 5 4
9 4 1
9 6 5
9 8 5
10 0 4
10 3 4
10 8 5
10 9 3
11 2 3
11 3 1
11 6 2
11 7 2
11 8 1
11 10 4
12 0 3
12 1 3
12 2 5
12 3 3
12 4 2
12 5 5
12 7 4
12 8 3
12 10 2
12 11 3
13 0 1
13 1 2
13 6 4
13 8 1
13 9 3
13 10 3
13 11 5
14 1 5
14 4 5
14 5 3
14 7 5
14 8 1
14 10 4
14 11 5
15 0 3
15 1 2
15 3 4
15 4 4
15 6 3
15 7 1
15 8 1
15 10 1
15 11 1
15 13 4
16 0 2
16 1 1
16 2 4
16 5 2
16 10 2
16 14 2
17 3 1
17 4 1
17 5 2
17 7 1
17 8 2
17 10 3
17 12 3
17 13 3
18 0 4
18 1 3
18 4 4
18 5 1
18 6 1
18 7 1
18 8 5
18 9 3
18 11 1
18 14 5
19 1 4
19 3 2
19 6 5
19 7 1
19 8 3
19 9 1
19 10 2
19 14 5
19 15 2
19 16 1
19 18 1
20 3 4
20 4 2
20 5 1
20 7 4
20 8 1
20 10 5
20 11 3
20 12 2
20 15 1
20 16 4
21 1 5
21 6 3
21 10 3
21 13 3
21 16 3
21 17 1
21 19 5
21 20 1
22 1 5
22 4 1
22 5 4
22 6 2
22 10 3
22 11 4
22 13 2
22 16 5
22 17 5
22 20 2
22 21 1
23 0 1
23 1 4
23 2 2
23 3 4
23 4 5
23 7 1
23 8 2
23 11 3
23 12 1
23 14 3
23 17 2
23 18 2
23 19 1
23 21 1
23 22 3
24 0 3
24 1 1
24 2 3
24 3 3
24 4 1
24 8 3
24 9 1
24 11 3
24 14 4
24 15 5
24 18 1
24 20 3
24 22 3
25 0 5
25 1 4
25 3 3
25 4 3
25 5 1
25 6 3
25 10 4
25 12 3
25 13 5
25 14 3
25 15 3
25 17 5
25 18 1
25 22 4
25 23 1
26 0 3
26 4 3
26 5 3
26 10 2
26 12 3
26 14 2
26 15 5
26 16 4
26 18 3
26 20 1
26 22 1
26 25 2
27 5 3
27 6 2
27 8 1
27 9 1
27 10 1
27 12 1
27 13 4
27 16 3
27 18 5
27 19 4
27 21 5
27 22 5
27 23 1
28 1 5
28 6 1
28 7 1
28 9 1
28 11 5
28 13 5
28 15 5
28 17 2
28 18 2
28 21 5
28 22 2
28 25 1
28 27 1
29 0 2
29 2 4
29 4 5
29 5 2
29 7 2
29 8 3
29 9 5
29 10 1
29 11 5
29 12 5
29 18 4
29 22 4
29 23 1
29 24 1
29 26 4
29 27 5
