20
1 0 5
2 0 5
2 1 2
3 0 2
3 1 3
3 2 2
4 0 4
4 1 3
4 2 4
4 3 3
5 0 3
5 1 5
5 2 4
5 3 5
5 4 3
6 0 3
6 1 4
6 2 3
6 3 5
6 4 5
6 5 4
7 0 1
7 1 4
7 2 4
7 3 3
7 4 3
7 5 1
7 6 5
8 0 4
8 1 2
8 2 5
8 3 4
8 4 5
8 5 1
8 6 4
8 7 1
9 0 2
9 1 1
9 2 5
9 3 5
9 4 4
9 5 2
9 6 3
9 7 5
9 8 3
10 0 4
10 1 4
10 2 4
10 3 2
10 4 3
10 5 1
10 6 5
10 7 5
10 8 3
10 9 4
11 0 1
11 1 4
11 2 2
11 3 2
11 4 2
11 5 2
11 6 5
11 7 4
11 8 3
11 9 4
11 10 2
12 0 4
12 1 5
12 2 4
12 3 2
12 4 3
12 5 4
12 6 5
12 7 1
12 8 1
12 9 1
12 10 4
12 11 2
13 0 1
13 1 5
13 2 2
13 3 5
13 4 5
13 5 5
13 6 1
13 7 2
13 8 3
13 9 4
13 10 1
13 11 1
13 12 3
14 0 5
14 1 4
14 2 2
14 3 5
14 4 4
14 5 2
14 6 5
14 7 3
14 8 1
14 9 1
14 10 2
14 11 3
14 12 3
14 13 2
15 0 4
15 1 3
15 2 4
15 3 1
15 4 4
15 5 5
15 6 1
15 7 3
15 8 3
15 9 2
15 10 4
15 11 1
15 12 2
15 13 1
15 14 5
16 0 1
16 1 5
16 2 5
16 3 1
16 4 4
16 5 5
16 6 5
16 7 5
16 8 3
16 9 1
16 10 1
16 11 4
16 12 3
16 13 4
16 14 4
16 15 4
17 0 1
17 1 1
17 2 3
17 3 4
17 4 4
17 5 3
17 6 2
17 7 2
17 8 5
17 9 5
17 10 5
17 11 4
17 12 3
17 13 2
17 14 4
17 15 5
17 16 3
18 0 3
18 1 4
18 2 3
18 3 3
18 4 3
18 5 5
18 6 3
18 7 3
18 8 1
18 9 1
18 10 5
18 11 1
18 12 5
18 13 4
18 14 1
18 15 5
18 16 3
18 17 1
19 0 2
19 1 3
19 2 1
19 3 3
19 4 1
19 5 4
19 6 4
19 7 3
19 8 5
19 9 1
19 10 1
19 11 1
19 12 3
19 13 1
19 14 2
19 15 1
19 16 2
19 17 5
19 18 5
