30
1 0 1
3 1 1
4 1 1
4 3 1
5 0 1
5 2 1
5 3 1
6 5 1
7 0 1
7 1 1
7 3 1
7 4 1
8 0 1
8 2 1
8 3 1
8 4 1
8 6 1
8 7 1
9 0 1
9 1 1
9 4 1
9 7 1
10 0 1
10 1 1
10 4 1
10 6 1
10 7 1
10 9 1
11 0 1
11 3 1
11 5 1
11 9 1
11 10 1
12 1 1
12 2 1
12 3 1
12 5 1
12 9 1
12 10 1
12 11 1
13 0 1
13 2 1
13 3 1
13 5 1
13 6 1
13 8 1
13 9 1
13 11 1
13 12 1
14 1 1
14 5 1
14 6 1
14 7 1
14 9 1
14 10 1
14 11 1
14 12 1
14 13 1
15 2 1
15 3 1
15 4 1
15 6 1
15 9 1
15 12 1
15 13 1
16 1 1
16 2 1
16 4 1
16 5 1
16 9 1
16 10 1
16 12 1
17 0 1
17 1 1
17 4 1
17 5 1
17 6 1
17 7 1
17 9 1
17 12 1
17 16 1
18 2 1
18 3 1
18 4 1
18 7 1
18 9 1
18 11 1
18 13 1
18 15 1
18 17 1
19 0 1
19 3 1
19 5 1
19 7 1
19 8 1
19 10 1
19 11 1
19 12 1
19 17 1
19 18 1
20 0 1
20 3 1
20 4 1
20 5 1
20 10 1
20 12 1
20 13 1
20 14 1
20 17 1
20 18 1
20 19 1
21 0 1
21 3 1
21 8 1
21 13 1
21 18 1
21 20 1
22 0 1
22 2 1
22 3 1
22 6 1
22 8 1
22 9 1
22 10 1
22 12 1
22 14 1
22 16 1
22 19 1
22 20 1
22 21 1
23 0 1
23 2 1
23 4 1
23 6 1
23 7 1
23 9 1
23 11 1
23 12 1
23 13 1
23 16 1
23 17 1
23 18 1
23 19 1
23 22 1
24 2 1
24 5 1
24 6 1
24 8 1
24 9 1
24 12 1
24 16 1
24 20 1
24 23 1
25 1 1
25 2 1
25 3 1
25 6 1
25 7 1
25 9 1
25 11 1
25 12 1
25 15 1
25 17 1
25 21 1
25 23 1
26 0 1
26 1 1
26 5 1
26 6 1
26 9 1
26 11 1
26 14 1
26 15 1
26 16 1
26 18 1
26 19 1
26 20 1
26 21 1
26 23 1
26 24 1
26 25 1
27 1 1
27 3 1
27 4 1
27 5 1
27 6 1
27 8 1
27 10 1
27 13 1
27 17 1
27 18 1
27 22 1
27 24 1
27 25 1
27 26 1
28 2 1
28 3 1
28 5 1
28 7 1
28 11 1
28 14 1
28 15 1
28 18 1
28 19 1
28 21 1
28 22 1
28 23 1
28 25 1
29 0 1
29 5 1
29 6 1
29 10 1
29 13 1
29 16 1
29 18 1
29 20 1
29 21 1
29 22 1
29 23 1
29 25 1
29 28 1
