30
1 0 2
2 0 3
2 1 3
3 0 2
3 1 1
3 2 1
4 0 2
4 1 1
4 2 2
4 3 2
5 0 3
5 1 2
5 2 1
5 3 3
5 4 1
6 0 3
6 1 3
6 2 1
6 3 2
6 4 3
6 5 2
7 0 1
7 1 1
7 2 2
7 3 1
7 4 2
7 5 2
7 6 3
8 0 1
8 1 2
8 2 1
8 3 3
8 4 1
8 5 2
8 6 3
8 7 3
9 0 3
9 1 3
9 2 2
9 3 1
9 4 2
9 5 1
9 6 1
9 7 1
9 8 3
10 0 3
10 1 2
10 2 2
10 3 3
10 4 2
10 5 1
10 6 3
10 7 3
10 8 2
10 9 3
11 0 2
11 1 3
11 2 1
11 3 3
11 4 2
11 5 2
11 6 3
11 7 2
11 8 2
11 9 2
11 10 2
12 0 2
12 1 1
12 2 3
12 3 1
12 4 3
12 5 1
12 6 3
12 7 3
12 8 2
12 9 2
12 10 3
12 11 1
13 0 1
13 1 1
13 2 3
13 3 1
13 4 2
13 5 3
13 6 1
13 7 3
13 8 1
13 9 3
13 10 3
13 11 3
13 12 2
14 0 3
14 1 2
14 2 3
14 3 1
14 4 3
14 5 3
14 6 1
14 7 2
14 8 1
14 9 2
14 10 1
14 11 1
14 12 3
14 13 3
15 0 3
15 1 3
15 2 1
15 3 3
15 4 3
15 5 1
15 6 1
15 7 2
15 8 3
15 9 3
15 10 2
15 11 3
15 12 3
15 13 2
15 14 1
16 0 3
16 1 2
16 2 3
16 3 2
16 4 1
16 5 2
16 6 1
16 7 2
16 8 2
16 9 1
16 10 1
16 11 3
16 12 2
16 13 1
16 14 3
16 15 3
17 0 2
17 1 3
17 2 2
17 3 3
17 4 1
17 5 3
17 6 2
17 7 1
17 8 3
17 9 2
17 10 3
17 11 2
17 12 3
17 13 2
17 14 3
17 15 1
17 16 1
18 0 2
18 1 2
18 2 1
18 3 1
18 4 1
18 5 3
18 6 3
18 7 3
18 8 3
18 9 3
18 10 1
18 11 3
18 12 3
18 13 3
18 14 2
18 15 1
18 16 1
18 17 2
19 0 1
19 1 1
19 2 1
19 3 1
19 4 3
19 5 2
19 6 1
19 7 3
19 8 1
19 9 1
19 10 3
19 11 2
19 12 3
19 13 1
19 14 1
19 15 1
19 16 2
19 17 1
19 18 1
20 0 2
20 1 3
20 2 3
20 3 3
20 4 3
20 5 1
20 6 1
20 7 2
20 8 2
20 9 2
20 10 3
20 11 2
20 12 1
20 13 1
20 14 1
20 15 2
20 16 1
20 17 3
20 18 2
20 19 2
21 0 2
21 1 1
21 2 2
21 3 1
21 4 3
21 5 3
21 6 2
21 7 3
21 8 2
21 9 3
21 10 2
21 11 3
21 12 1
21 13 2
21 14 1
21 15 2
21 16 1
21 17 3
21 18 3
21 19 3
21 20 3
22 0 1
22 1 1
22 2 2
22 3 3
22 4 1
22 5 2
22 6 1
22 7 1
22 8 3
22 9 1
22 10 2
22 11 2
22 12 2
22 13 2
22 14 2
22 15 3
22 16 2
22 17 2
22 18 2
22 19 1
22 20 3
22 21 2
23 0 2
23 1 2
23 2 2
23 3 1
23 4 2
23 5 2
23 6 1
23 7 1
23 8 2
23 9 2
23 10 1
23 11 2
23 12 1
23 13 3
23 14 2
23 15 3
23 16 1
23 17 3
23 18 3
23 19 3
23 20 3
23 21 3
23 22 2
24 0 2
24 1 2
24 2 2
24 3 3
24 4 1
24 5 2
24 6 3
24 7 3
24 8 3
24 9 1
24 10 2
24 11 1
24 12 3
24 13 1
24 14 3
24 15 2
24 16 1
24 17 3
24 18 3
24 19 2
24 20 2
24 21 1
24 22 2
24 23 3
25 0 2
25 1 2
25 2 1
25 3 1
25 4 2
25 5 3
25 6 3
25 7 1
25 8 3
25 9 2
25 10 1
25 11 2
25 12 3
25 13 3
25 14 3
25 15 3
25 16 3
25 17 3
25 18 1
25 19 1
25 20 2
25 21 1
25 22 1
25 23 1
25 24 3
26 0 3
26 1 2
26 2 1
26 3 1
26 4 2
26 5 3
26 6 2
26 7 2
26 8 3
26 9 3
26 10 1
26 11 2
26 12 3
26 13 2
26 14 2
26 15 3
26 16 2
26 17 3
26 18 2
26 19 1
26 20 1
26 21 1
26 22 3
26 23 3
26 24 1
26 25 2
27 0 3
27 1 3
27 2 3
27 3 2
27 4 2
27 5 1
27 6 2
27 7 3
27 8 3
27 9 2
27 10 1
27 11 3
27 12 2
27 13 3
27 14 3
27 15 3
27 16 3
27 17 3
27 18 3
27 19 3
27 20 1
27 21 3
27 22 1
27 23 1
27 24 3
27 25 2
27 26 1
28 0 1
28 1 1
28 2 2
28 3 1
28 4 3
28 5 1
28 6 3
28 7 3
28 8 2
28 9 3
28 10 1
28 11 3
28 12 1
28 13 3
28 14 3
28 15 3
28 16 1
28 17 1
28 18 1
28 19 3
28 20 1
28 21 3
28 22 3
28 23 1
28 24 3
28 25 1
28 26 3
28 27 3
29 0 2
29 1 1
29 2 2
29 3 1
29 4 2
29 5 1
29 6 1
29 7 2
29 8 3
29 9 2
29 10 2
29 11 2
29 12 2
29 13 2
29 14 3
29 15 1
29 16 2
29 17 3
29 18 3
29 19 1
29 20 3
29 21 1
29 22 3
29 23 2
29 24 3
29 25 1
29 26 1
29 27 2
29 28 2
