60
1 0 10
2 0 6
2 1 8
3 0 1
3 1 9
4 2 10
5 0 1
5 2 4
5 3 11
6 1 3
6 4 11
6 5 10
7 2 1
7 4 9
7 6 2
8 0 1
8 4 4
8 5 8
8 6 9
9 0 2
9 2 5
10 0 8
10 2 5
10 4 9
11 0 9
11 2 2
11 5 9
11 6 4
11 7 5
11 8 7
11 9 5
12 1 11
12 2 10
12 4 11
12 5 11
12 6 5
12 8 2
12 9 9
13 0 8
13 3 8
13 4 3
13 5 1
13 6 8
13 7 4
13 8 11
13 12 6
14 0 4
14 2 3
14 5 5
14 7 8
14 8 6
14 9 5
14 12 5
14 13 1
15 0 10
15 1 9
15 2 9
15 5 1
15 6 8
15 8 4
15 10 8
15 11 1
15 14 8
16 0 6
16 2 9
16 4 2
16 5 4
16 6 10
16 7 3
17 0 2
17 4 2
17 6 10
17 7 4
17 10 6
17 12 8
17 14 5
17 16 3
18 0 11
18 4 10
18 6 1
18 9 11
18 12 9
18 15 10
18 16 4
18 17 10
19 0 8
19 1 7
19 2 4
19 4 3
19 5 1
19 6 3
19 7 6
19 9 8
19 13 3
19 17 3
19 18 4
20 0 9
20 1 9
20 4 3
20 5 7
20 6 5
20 8 8
20 11 2
20 14 7
20 15 8
20 18 11
21 2 1
21 3 6
21 6 5
21 8 4
21 9 11
21 10 5
21 11 8
21 12 8
21 13 6
21 14 4
21 16 8
22 0 9
22 2 1
22 6 5
22 7 1
22 9 3
22 11 10
22 14 7
22 19 10
22 20 4
23 0 8
23 3 10
23 5 11
23 7 9
23 8 3
23 9 11
23 10 11
23 12 4
23 14 1
23 15 7
23 16 2
23 19 5
24 0 8
24 1 4
24 3 9
24 9 4
24 11 6
24 14 5
24 15 8
24 16 7
24 20 3
24 22 1
24 23 11
25 0 5
25 5 1
25 8 11
25 9 10
25 12 3
25 14 1
25 17 1
25 21 3
25 22 9
26 1 6
26 5 1
26 11 1
26 12 9
26 14 1
26 16 3
26 17 7
26 18 11
26 19 4
26 20 3
26 22 4
26 23 4
26 24 11
27 1 3
27 2 10
27 5 9
27 11 2
27 12 6
27 13 11
27 14 4
27 16 10
27 17 8
27 18 4
27 21 4
27 23 4
27 24 6
28 0 4
28 1 4
28 2 2
28 4 9
28 6 5
28 7 1
28 9 8
28 12 6
28 14 6
28 15 11
28 16 1
28 19 7
28 21 6
28 25 4
29 1 3
29 2 11
29 3 1
29 4 9
29 5 3
29 6 7
29 8 1
29 9 8
29 11 10
29 12 4
29 14 9
29 15 5
29 19 4
29 20 1
29 26 1
30 0 6
30 2 5
30 15 5
30 16 3
30 22 7
30 25 6
30 26 11
30 27 3
30 29 6
31 4 10
31 9 3
31 11 9
31 12 1
31 14 7
31 15 11
31 16 5
31 18 2
31 21 9
31 25 10
31 26 11
31 28 3
31 29 1
31 30 6
32 0 4
32 1 5
32 2 3
32 3 2
32 11 8
32 13 1
32 15 9
32 16 6
32 18 2
32 21 7
32 27 4
32 30 2
33 0 10
33 1 6
33 3 7
33 8 10
33 10 4
33 11 1
33 12 3
33 13 5
33 21 6
33 22 6
33 24 10
33 26 6
33 27 10
33 28 2
33 30 11
33 31 2
34 2 3
34 3 10
34 6 6
34 8 8
34 10 8
34 11 1
34 12 1
34 13 2
34 15 7
34 17 6
34 21 10
34 22 5
34 23 10
34 24 7
34 26 2
34 28 4
34 29 6
34 32 4
35 5 10
35 17 6
35 18 7
35 19 8
35 20 6
35 21 11
35 22 7
35 25 3
35 26 3
35 29 10
35 31 6
35 32 5
35 33 4
35 34 9
36 0 7
36 1 7
36 2 4
36 5 2
36 7 3
36 10 2
36 12 11
36 15 6
36 16 5
36 22 9
36 23 7
36 24 4
36 27 3
36 28 2
36 30 8
36 31 4
36 33 8
36 34 9
36 35 4
37 0 9
37 2 6
37 5 9
37 7 10
37 9 1
37 11 9
37 13 7
37 15 7
37 17 8
37 18 1
37 21 6
37 23 2
37 25 8
37 27 9
37 29 9
37 31 10
37 33 9
37 34 9
37 35 11
37 36 8
38 0 5
38 1 5
38 2 5
38 3 2
38 4 7
38 5 2
38 8 8
38 11 11
38 12 11
38 16 5
38 18 6
38 19 9
38 21 5
38 22 8
38 23 5
38 24 3
38 25 11
38 26 7
38 27 5
38 31 6
38 32 4
38 33 1
38 35 1
38 36 9
38 37 10
39 0 5
39 1 6
39 2 5
39 4 11
39 5 11
39 6 10
39 9 4
39 10 3
39 11 8
39 13 10
39 15 1
39 16 6
39 17 4
39 21 5
39 23 9
39 31 2
39 35 4
39 36 8
40 1 8
40 2 10
40 3 7
40 6 4
40 7 10
40 8 1
40 12 6
40 13 2
40 14 8
40 15 7
40 17 11
40 21 5
40 23 2
40 24 3
40 25 4
40 26 6
40 27 9
40 28 3
40 30 2
40 34 11
40 35 2
40 38 5
40 39 11
41 3 11
41 4 4
41 8 10
41 9 7
41 11 4
41 13 4
41 14 2
41 15 1
41 19 4
41 20 2
41 22 9
41 23 8
41 28 9
41 29 7
41 30 3
41 32 10
41 33 10
41 34 4
41 35 7
41 36 8
41 37 3
41 39 6
41 40 7
42 1 11
42 5 11
42 6 4
42 8 4
42 9 5
42 10 8
42 11 3
42 15 8
42 18 1
42 19 5
42 20 1
42 30 8
42 31 5
42 32 2
42 33 11
42 34 2
42 37 3
42 39 9
42 40 1
43 1 5
43 2 10
43 13 5
43 15 4
43 18 3
43 21 10
43 22 3
43 24 4
43 25 6
43 26 5
43 28 8
43 32 11
43 36 10
44 1 1
44 8 3
44 10 3
44 11 10
44 14 5
44 16 11
44 17 4
44 19 4
44 21 7
44 24 2
44 26 7
44 27 4
44 29 6
44 30 3
44 34 7
44 37 10
44 40 3
44 42 3
45 1 6
45 2 3
45 4 4
45 5 11
45 8 4
45 11 2
45 12 5
45 13 4
45 14 8
45 16 3
45 17 6
45 20 7
45 24 6
45 25 10
45 27 2
45 34 1
45 35 6
45 38 3
45 40 11
45 41 2
45 43 3
45 44 9
46 1 9
46 3 2
46 4 10
46 7 7
46 8 5
46 9 5
46 10 8
46 12 6
46 13 3
46 21 6
46 22 1
46 23 11
46 24 6
46 25 5
46 27 4
46 30 6
46 31 10
46 35 8
46 38 6
46 39 6
46 40 2
46 43 3
46 45 1
47 0 11
47 7 8
47 8 5
47 9 5
47 12 4
47 13 7
47 19 2
47 22 11
47 23 2
47 24 7
47 26 7
47 27 10
47 28 4
47 30 11
47 31 5
47 34 1
47 35 10
47 36 7
47 37 8
47 38 9
47 43 4
48 0 4
48 2 10
48 5 10
48 6 4
48 7 10
48 10 6
48 11 3
48 17 4
48 18 7
48 22 2
48 28 7
48 29 1
48 31 2
48 34 2
48 37 5
48 41 4
48 45 3
48 46 8
49 0 7
49 1 8
49 3 10
49 4 8
49 5 3
49 6 8
49 7 4
49 9 9
49 11 5
49 13 9
49 14 7
49 15 1
49 21 3
49 24 7
49 26 11
49 27 4
49 28 4
49 32 3
49 33 3
49 34 11
49 36 5
49 42 1
49 44 5
50 2 2
50 4 9
50 6 3
50 7 11
50 9 4
50 12 6
50 18 6
50 19 7
50 20 7
50 22 3
50 23 9
50 24 3
50 25 9
50 26 7
50 27 5
50 28 2
50 31 5
50 35 9
50 36 6
50 38 8
50 39 10
50 40 10
50 41 4
50 44 3
50 45 7
50 46 10
50 47 7
51 1 4
51 2 8
51 3 2
51 6 7
51 8 7
51 9 1
51 10 4
51 14 11
51 15 1
51 17 11
51 19 10
51 21 9
51 24 5
51 29 8
51 32 9
51 36 2
51 37 1
51 38 8
51 39 6
51 44 4
51 45 7
52 1 6
52 2 7
52 3 4
52 4 11
52 9 5
52 10 5
52 11 5
52 14 3
52 15 8
52 18 8
52 26 1
52 28 10
52 31 9
52 32 5
52 33 8
52 36 10
52 37 11
52 38 11
52 40 5
52 42 9
52 47 10
52 48 11
52 50 8
53 0 5
53 1 11
53 2 6
53 4 1
53 6 8
53 8 11
53 10 6
53 13 7
53 17 7
53 19 4
53 21 8
53 23 11
53 24 8
53 25 8
53 26 11
53 28 8
53 30 3
53 31 1
53 33 1
53 34 7
53 35 11
53 39 8
53 42 3
53 44 11
53 46 7
53 48 3
53 49 3
53 50 6
54 0 7
54 1 10
54 2 3
54 3 3
54 5 11
54 6 1
54 7 3
54 12 4
54 13 10
54 15 6
54 17 7
54 19 5
54 20 2
54 21 3
54 23 1
54 24 9
54 26 8
54 27 6
54 28 2
54 29 8
54 30 1
54 33 11
54 37 6
54 38 1
54 40 3
54 42 7
54 43 4
54 45 7
54 49 2
54 52 10
55 3 10
55 4 10
55 6 10
55 9 9
55 13 11
55 16 10
55 17 3
55 18 4
55 19 4
55 20 11
55 21 6
55 22 7
55 23 11
55 25 4
55 30 6
55 32 7
55 38 11
55 40 7
55 43 4
55 45 4
55 46 3
55 47 10
55 48 5
55 49 7
55 50 6
55 53 2
55 54 8
56 0 8
56 1 4
56 2 5
56 4 9
56 5 9
56 6 5
56 8 7
56 9 9
56 11 8
56 16 1
56 18 3
56 19 3
56 20 8
56 21 10
56 22 5
56 24 11
56 27 10
56 29 1
56 31 7
56 32 2
56 34 6
56 36 11
56 37 10
56 38 4
56 40 2
56 42 6
56 45 1
56 46 6
56 47 3
56 48 5
56 50 9
56 51 10
56 53 11
56 55 7
57 2 1
57 3 3
57 8 8
57 9 4
57 10 6
57 11 4
57 12 9
57 13 11
57 14 8
57 15 10
57 17 4
57 18 11
57 19 10
57 20 11
57 23 11
57 26 5
57 28 9
57 30 10
57 32 10
57 34 5
57 35 8
57 36 4
57 37 4
57 40 8
57 42 2
57 46 10
57 47 6
57 48 11
57 49 5
57 51 8
57 52 4
57 55 2
58 2 3
58 3 9
58 7 5
58 9 6
58 10 6
58 11 4
58 14 9
58 15 4
58 16 4
58 21 9
58 23 4
58 25 3
58 28 5
58 29 8
58 32 6
58 35 1
58 36 3
58 38 4
58 39 9
58 41 11
58 44 3
58 48 5
58 49 3
58 50 1
58 54 5
58 57 4
59 1 3
59 2 7
59 3 5
59 4 8
59 5 6
59 8 1
59 12 8
59 13 9
59 14 1
59 18 10
59 23 2
59 24 5
59 25 9
59 29 11
59 35 2
59 36 4
59 38 4
59 46 4
59 49 2
59 50 5
59 51 6
59 54 11
59 55 7
59 56 2
59 58 1
