70
2 0 2
3 1 1
4 3 1
5 2 4
5 3 8
6 1 3
6 2 3
6 3 9
6 4 2
6 5 6
7 1 1
7 4 5
8 0 1
8 2 7
8 3 2
8 4 2
8 6 5
8 7 4
9 0 2
9 1 6
9 3 9
9 5 2
9 8 6
10 1 8
10 2 5
10 4 7
10 5 8
10 7 1
10 8 7
11 0 4
11 3 7
11 4 2
11 5 5
11 10 7
12 0 1
12 4 6
12 6 2
12 9 1
13 3 5
13 5 4
13 8 5
13 9 4
13 10 9
13 12 6
14 3 6
14 6 6
14 7 1
14 8 3
14 9 8
14 10 3
14 11 2
14 12 2
15 0 2
15 3 1
15 4 5
15 5 3
15 7 5
15 12 4
15 14 8
16 3 9
16 7 5
16 8 5
16 10 6
16 11 8
16 13 5
16 14 2
16 15 3
17 0 4
17 1 9
17 2 3
17 4 2
17 5 9
17 6 4
17 8 9
17 11 1
17 13 4
18 0 7
18 2 5
18 5 1
18 6 1
18 7 8
18 8 9
18 9 7
18 13 1
18 14 6
18 15 3
18 16 5
19 0 1
19 1 3
19 2 1
19 4 3
19 5 5
19 6 7
19 10 8
19 16 1
19 17 3
20 1 9
20 5 1
20 7 8
20 9 3
20 10 5
20 13 1
20 14 8
20 15 9
20 18 1
20 19 8
21 0 5
21 1 4
21 4 5
21 5 5
21 8 9
21 12 3
21 13 3
21 14 3
21 16 3
21 18 3
21 20 6
22 2 9
22 3 1
22 5 1
22 6 9
22 7 7
22 12 8
22 13 9
22 14 3
22 15 2
22 16 5
22 20 6
22 21 9
23 0 7
23 2 9
23 3 9
23 4 8
23 6 8
23 7 1
23 8 3
23 10 8
23 13 4
23 14 3
23 15 4
23 16 6
23 18 3
23 19 5
23 20 8
23 21 4
24 0 9
24 1 1
24 6 1
24 7 1
24 8 3
24 10 4
24 11 1
24 12 8
24 16 4
24 18 1
25 0 8
25 2 3
25 7 6
25 8 8
25 10 9
25 11 2
25 13 5
25 14 4
25 16 5
25 17 4
25 20 3
25 21 7
26 4 4
26 5 5
26 6 2
26 7 1
26 8 5
26 12 6
26 13 1
26 18 7
26 21 4
26 24 9
26 25 9
27 0 8
27 1 3
27 2 3
27 3 2
27 4 4
27 5 5
27 6 6
27 8 7
27 9 6
27 12 6
27 13 7
27 15 9
27 20 1
27 23 3
27 25 6
27 26 8
28 0 6
28 1 7
28 3 9
28 5 1
28 6 4
28 8 1
28 9 8
28 10 6
28 12 6
28 13 3
28 18 3
28 19 5
28 20 6
28 21 4
28 23 8
28 24 7
28 26 7
28 27 6
29 1 1
29 2 9
29 3 4
29 4 9
29 5 9
29 7 7
29 8 9
29 10 8
29 13 5
29 14 2
29 17 7
29 19 9
29 22 5
29 25 2
29 27 9
29 28 8
30 1 9
30 4 3
30 7 7
30 8 1
30 9 7
30 10 2
30 11 1
30 19 9
30 20 9
30 21 1
30 22 3
30 23 2
30 24 7
30 26 3
30 29 6
31 5 3
31 7 4
31 8 2
31 9 5
31 10 4
31 11 4
31 13 4
31 14 1
31 15 7
31 17 5
31 20 3
31 22 2
31 23 2
31 28 3
32 0 6
32 1 4
32 2 5
32 4 1
32 7 3
32 8 2
32 9 4
32 11 5
32 12 2
32 14 2
32 15 4
32 16 7
32 19 2
32 21 1
32 22 2
32 24 9
32 25 9
32 26 6
32 28 2
32 29 4
32 31 9
33 1 4
33 2 7
33 4 3
33 5 4
33 7 2
33 9 7
33 10 3
33 12 7
33 14 3
33 19 7
33 21 6
33 22 5
33 23 7
33 24 8
33 26 3
33 30 5
33 32 5
34 1 8
34 10 8
34 11 2
34 12 7
34 13 6
34 14 2
34 15 8
34 16 3
34 17 7
34 18 1
34 19 3
34 24 9
34 25 1
34 27 5
34 28 6
34 29 2
34 32 1
34 33 4
35 0 6
35 5 1
35 6 5
35 7 5
35 8 2
35 12 4
35 13 9
35 14 3
35 19 8
35 21 6
35 23 9
35 24 6
35 27 9
35 28 8
35 29 8
35 30 1
35 31 2
35 34 8
36 0 1
36 1 5
36 2 4
36 4 5
36 5 3
36 6 1
36 10 4
36 11 2
36 14 6
36 15 4
36 17 8
36 21 6
36 22 5
36 24 3
36 25 3
36 27 8
36 29 2
36 30 5
36 34 2
37 0 4
37 2 3
37 5 7
37 6 2
37 7 7
37 8 3
37 12 9
37 13 5
37 16 6
37 18 3
37 20 2
37 24 2
37 25 7
37 27 1
37 33 9
37 35 3
37 36 1
38 0 6
38 2 1
38 9 3
38 10 9
38 11 4
38 13 3
38 14 2
38 15 2
38 16 8
38 17 8
38 18 4
38 20 5
38 22 6
38 25 7
38 27 5
38 28 2
38 33 8
38 34 9
38 35 6
38 36 2
39 0 1
39 1 2
39 6 3
39 11 9
39 12 5
39 14 3
39 16 6
39 19 2
39 20 3
39 23 9
39 28 5
39 29 5
39 30 4
39 32 8
39 35 9
39 36 5
39 37 6
40 0 7
40 2 4
40 4 9
40 5 7
40 6 7
40 9 5
40 10 6
40 11 4
40 13 1
40 14 1
40 16 8
40 18 2
40 20 9
40 24 2
40 33 7
40 34 7
40 35 4
40 37 4
40 39 6
41 0 6
41 3 6
41 5 2
41 6 5
41 8 1
41 9 1
41 11 3
41 13 3
41 17 5
41 19 7
41 20 4
41 21 8
41 24 1
41 25 9
41 26 3
41 27 4
41 29 2
41 32 7
41 33 2
41 34 3
41 36 3
42 0 6
42 1 5
42 4 5
42 6 3
42 7 3
42 10 7
42 13 2
42 14 7
42 15 5
42 16 5
42 17 6
42 21 9
42 23 6
42 24 7
42 26 1
42 27 1
42 28 7
42 31 2
42 32 9
42 34 5
42 37 8
42 38 9
42 39 6
43 0 8
43 1 7
43 2 4
43 7 1
43 9 6
43 11 2
43 13 9
43 14 2
43 15 6
43 18 5
43 20 2
43 25 7
43 26 8
43 27 2
43 28 7
43 29 6
43 30 4
43 31 5
43 32 3
43 34 6
43 37 6
43 41 1
44 0 8
44 4 5
44 6 4
44 7 6
44 9 1
44 12 2
44 14 2
44 18 2
44 19 4
44 20 1
44 21 4
44 22 7
44 29 4
44 30 2
44 32 4
44 33 1
44 34 6
44 40 5
44 42 1
44 43 3
45 1 8
45 2 6
45 3 1
45 4 2
45 8 7
45 12 4
45 15 3
45 16 6
45 17 9
45 21 4
45 22 1
45 23 6
45 24 4
45 25 3
45 27 3
45 28 3
45 32 6
45 33 4
45 34 9
45 38 5
45 39 8
45 40 2
45 41 9
46 0 1
46 2 1
46 4 1
46 5 9
46 6 5
46 12 8
46 13 5
46 14 1
46 16 3
46 17 9
46 19 6
46 20 6
46 23 2
46 24 1
46 25 1
46 26 1
46 27 6
46 29 9
46 31 3
46 33 5
46 34 4
46 35 4
46 39 8
46 40 9
46 42 4
46 43 3
46 44 6
47 0 8
47 1 8
47 4 7
47 8 6
47 11 9
47 13 4
47 14 1
47 15 6
47 16 1
47 17 6
47 19 3
47 23 3
47 24 8
47 25 8
47 26 5
47 27 6
47 28 8
47 29 8
47 30 5
47 31 4
47 32 4
47 33 1
47 36 4
47 37 7
47 38 7
47 39 7
47 40 6
47 41 9
47 43 1
47 46 8
48 0 7
48 2 9
48 3 3
48 4 7
48 6 3
48 8 9
48 9 2
48 12 5
48 13 4
48 14 7
48 18 6
48 20 5
48 22 5
48 23 4
48 28 5
48 31 8
48 32 8
48 34 7
48 37 2
48 39 7
48 40 7
48 42 8
48 43 2
48 45 2
49 4 3
49 5 7
49 8 7
49 10 7
49 12 9
49 13 3
49 15 5
49 18 3
49 19 1
49 23 4
49 25 6
49 29 4
49 31 4
49 36 7
49 37 2
49 41 8
49 42 3
49 44 7
49 45 5
50 2 9
50 5 6
50 6 3
50 9 9
50 11 9
50 13 7
50 14 3
50 16 5
50 18 4
50 24 8
50 25 6
50 26 6
50 30 9
50 33 1
50 34 3
50 35 4
50 38 3
50 39 8
50 40 6
50 41 6
50 44 3
50 45 7
50 48 5
51 0 4
51 2 3
51 3 9
51 7 6
51 8 1
51 11 2
51 12 6
51 13 7
51 16 5
51 17 8
51 18 8
51 20 7
51 21 5
51 22 5
51 23 8
51 26 2
51 27 8
51 33 8
51 34 6
51 37 6
51 43 2
51 45 4
51 47 2
52 1 1
52 2 4
52 4 3
52 5 9
52 6 9
52 8 6
52 10 4
52 11 5
52 12 5
52 14 9
52 20 3
52 21 3
52 22 3
52 23 1
52 24 9
52 28 2
52 29 8
52 31 1
52 32 7
52 36 8
52 38 2
52 39 7
52 47 8
52 49 1
52 50 8
53 0 8
53 3 7
53 4 9
53 5 9
53 8 7
53 9 2
53 12 4
53 13 5
53 14 9
53 16 6
53 17 7
53 18 5
53 19 6
53 20 7
53 21 6
53 24 9
53 25 2
53 26 6
53 28 7
53 31 8
53 33 8
53 37 2
53 38 8
53 39 3
53 40 7
53 41 2
53 44 6
53 48 7
53 50 7
53 52 6
54 0 8
54 7 3
54 8 5
54 14 5
54 17 4
54 19 8
54 23 2
54 25 5
54 26 8
54 28 5
54 30 2
54 32 4
54 33 6
54 35 1
54 37 7
54 38 3
54 41 1
54 42 5
54 43 4
54 44 1
54 45 7
54 46 8
54 50 3
54 51 8
55 0 5
55 1 7
55 3 4
55 4 3
55 11 7
55 13 8
55 18 1
55 20 3
55 21 7
55 22 9
55 27 4
55 28 9
55 30 4
55 32 2
55 33 4
55 34 1
55 36 2
55 40 8
55 41 9
55 42 6
55 43 1
55 44 3
55 47 1
55 50 6
55 51 5
55 53 7
55 54 5
56 0 7
56 1 4
56 5 4
56 6 9
56 10 4
56 14 7
56 16 9
56 17 3
56 18 1
56 20 6
56 21 9
56 23 4
56 24 7
56 26 7
56 27 2
56 28 7
56 29 3
56 30 6
56 34 6
56 37 7
56 38 5
56 39 9
56 40 3
56 41 9
56 43 2
56 44 3
56 45 3
56 46 2
56 48 2
56 51 8
56 53 9
56 55 6
57 0 1
57 7 5
57 10 7
57 12 6
57 23 9
57 24 9
57 26 1
57 27 1
57 31 8
57 32 3
57 33 4
57 35 8
57 38 3
57 39 3
57 42 9
57 43 6
57 44 9
57 45 4
57 49 7
57 51 6
57 52 5
57 54 1
57 55 1
58 0 5
58 2 7
58 10 6
58 13 5
58 15 6
58 17 1
58 18 5
58 19 5
58 22 9
58 27 6
58 31 4
58 32 7
58 33 4
58 36 5
58 40 7
58 42 9
58 43 4
58 47 3
58 51 7
58 52 9
58 53 8
58 55 8
58 56 2
59 1 2
59 2 8
59 4 9
59 8 1
59 10 4
59 12 4
59 13 1
59 14 9
59 15 6
59 20 7
59 23 8
59 24 9
59 25 4
59 28 7
59 29 8
59 31 8
59 33 3
59 39 9
59 42 3
59 43 5
59 44 2
59 46 8
59 47 5
59 48 3
59 50 4
59 52 5
59 53 5
59 54 1
59 58 2
60 0 2
60 1 2
60 2 3
60 3 2
60 4 7
60 5 8
60 6 5
60 9 4
60 10 3
60 13 2
60 15 4
60 16 1
60 17 5
60 19 4
60 20 5
60 21 1
60 24 3
60 26 6
60 28 6
60 30 8
60 31 5
60 32 8
60 34 3
60 35 9
60 37 6
60 38 7
60 39 9
60 42 4
60 48 7
60 51 9
60 52 8
60 56 2
60 57 6
61 0 1
61 2 4
61 3 4
61 5 6
61 7 5
61 8 9
61 9 2
61 10 8
61 14 9
61 15 6
61 17 3
61 18 5
61 22 3
61 23 1
61 24 6
61 25 3
61 26 4
61 27 5
61 28 4
61 30 9
61 32 4
61 34 6
61 35 2
61 37 1
61 38 4
61 40 1
61 42 2
61 43 4
61 45 9
61 46 6
61 54 7
61 56 8
61 57 7
61 58 4
61 60 3
62 3 1
62 5 3
62 6 3
62 7 7
62 8 8
62 11 2
62 13 4
62 18 5
62 24 4
62 25 3
62 26 8
62 27 4
62 30 1
62 32 1
62 33 7
62 34 8
62 35 7
62 36 3
62 37 5
62 39 5
62 40 1
62 41 1
62 42 8
62 43 7
62 44 3
62 45 5
62 46 9
62 49 4
62 50 9
62 52 5
62 54 6
62 55 6
62 56 7
62 57 7
62 59 5
63 2 2
63 4 8
63 6 4
63 7 2
63 9 9
63 11 6
63 12 8
63 16 1
63 17 3
63 22 2
63 24 2
63 25 7
63 26 3
63 27 4
63 28 1
63 29 3
63 32 8
63 35 6
63 40 3
63 41 3
63 51 3
63 55 5
63 56 1
63 60 9
63 62 2
64 4 6
64 6 3
64 7 7
64 9 4
64 11 5
64 13 5
64 14 2
64 15 2
64 17 1
64 20 5
64 22 4
64 23 3
64 26 7
64 27 8
64 32 9
64 35 8
64 36 8
64 37 1
64 39 1
64 40 7
64 43 9
64 44 8
64 45 6
64 46 3
64 47 5
64 48 6
64 49 1
64 50 4
64 51 5
64 53 3
64 54 4
64 55 8
64 57 9
64 60 9
64 61 7
65 0 3
65 2 7
65 4 8
65 8 2
65 9 8
65 11 9
65 12 1
65 13 9
65 14 7
65 16 8
65 17 3
65 18 9
65 19 9
65 24 4
65 25 1
65 26 6
65 28 7
65 29 3
65 32 6
65 33 3
65 36 8
65 38 1
65 39 2
65 44 4
65 49 9
65 50 7
65 51 5
65 52 6
65 54 3
65 56 2
65 59 1
66 2 5
66 3 4
66 5 3
66 7 9
66 8 8
66 11 6
66 12 6
66 13 3
66 15 7
66 17 1
66 21 6
66 22 1
66 23 1
66 24 5
66 25 1
66 28 8
66 31 1
66 33 6
66 34 2
66 37 2
66 38 8
66 39 1
66 42 3
66 44 1
66 46 5
66 50 1
66 52 1
66 56 6
66 60 1
66 61 9
66 63 7
66 64 2
67 0 6
67 6 2
67 9 4
67 11 5
67 13 8
67 14 2
67 16 3
67 20 8
67 21 3
67 22 3
67 23 7
67 25 1
67 26 1
67 27 7
67 30 7
67 31 9
67 34 7
67 36 5
67 37 7
67 38 8
67 39 7
67 42 5
67 45 9
67 46 3
67 48 4
67 49 4
67 50 2
67 52 6
67 53 6
67 55 5
67 56 3
67 57 6
67 64 1
67 65 6
67 66 9
68 0 8
68 3 5
68 4 3
68 7 4
68 8 7
68 9 1
68 10 8
68 15 1
68 16 6
68 17 3
68 18 9
68 21 3
68 23 5
68 25 1
68 30 5
68 33 3
68 36 8
68 38 4
68 39 8
68 44 2
68 46 7
68 52 3
68 53 8
68 56 4
68 59 2
68 60 2
68 61 3
68 62 8
68 65 9
69 0 8
69 1 5
69 2 6
69 4 1
69 5 1
69 10 5
69 11 3
69 15 2
69 17 6
69 19 9
69 22 1
69 23 2
69 25 4
69 26 5
69 28 3
69 29 1
69 30 4
69 32 2
69 33 3
69 34 4
69 36 2
69 37 4
69 41 6
69 46 8
69 48 6
69 50 7
69 51 5
69 52 4
69 53 3
69 54 8
69 55 9
69 57 9
69 58 3
69 62 4
69 64 5
69 66 3
69 68 4
