60
1 0 2
2 0 3
2 1 1
3 0 1
3 1 4
3 2 2
4 0 1
4 1 4
4 2 4
4 3 2
5 0 1
5 1 1
5 2 4
5 3 4
5 4 3
6 0 3
6 1 2
6 2 1
6 3 4
6 4 4
6 5 1
7 0 4
7 1 4
7 2 4
7 3 1
7 4 1
7 5 1
7 6 3
8 0 2
8 1 1
8 2 4
8 3 3
8 4 4
8 5 2
8 6 4
8 7 2
9 0 3
9 1 1
9 2 2
9 3 1
9 4 2
9 5 4
9 6 2
9 7 1
9 8 3
10 0 3
10 1 2
10 2 1
10 3 2
10 4 3
10 5 3
10 6 1
10 7 2
10 8 3
10 9 4
11 0 3
11 1 1
11 2 4
11 3 4
11 4 2
11 5 4
11 6 3
11 7 3
11 8 1
11 9 4
11 10 3
12 0 1
12 1 4
12 2 4
12 3 3
12 4 4
12 5 1
12 6 3
12 7 4
12 8 3
12 9 4
12 10 4
12 11 3
13 0 1
13 1 2
13 2 3
13 3 1
13 4 3
13 5 4
13 6 2
13 7 1
13 8 2
13 9 4
13 10 2
13 11 1
13 12 3
14 0 2
14 1 2
14 2 2
14 3 2
14 4 2
14 5 3
14 6 1
14 7 1
14 8 2
14 9 2
14 10 4
14 11 4
14 12 2
14 13 1
15 0 3
15 1 2
15 2 1
15 3 4
15 4 3
15 5 3
15 6 1
15 7 2
15 8 3
15 9 1
15 10 1
15 11 2
15 12 2
15 13 1
15 14 2
16 0 2
16 1 1
16 2 3
16 3 2
16 4 4
16 5 2
16 6 2
16 7 1
16 8 2
16 9 1
16 10 4
16 11 4
16 12 3
16 13 3
16 14 2
16 15 3
17 0 1
17 1 1
17 2 2
17 3 2
17 4 3
17 5 2
17 6 4
17 7 3
17 8 4
17 9 4
17 10 1
17 11 4
17 12 2
17 13 1
17 14 2
17 15 4
17 16 4
18 0 1
18 1 1
18 2 1
18 3 2
18 4 1
18 5 3
18 6 4
18 7 1
18 8 1
18 9 2
18 10 2
18 11 2
18 12 1
18 13 4
18 14 3
18 15 2
18 16 4
18 17 1
19 0 1
19 1 4
19 2 3
19 3 4
19 4 1
19 5 4
19 6 4
19 7 1
19 8 3
19 9 2
19 10 3
19 11 1
19 12 1
19 13 1
19 14 3
19 15 1
19 16 2
19 17 1
19 18 1
20 0 2
20 1 1
20 2 2
20 3 4
20 4 1
20 5 1
20 6 4
20 7 2
20 8 3
20 9 4
20 10 3
20 11 2
20 12 4
20 13 3
20 14 1
20 15 2
20 16 2
20 17 2
20 18 3
20 19 4
21 0 2
21 1 1
21 2 3
21 3 1
21 4 2
21 5 2
21 6 1
21 7 3
21 8 1
21 9 2
21 10 1
21 11 1
21 12 2
21 13 1
21 14 3
21 15 1
21 16 1
21 17 4
21 18 1
21 19 3
21 20 2
22 0 4
22 1 4
22 2 4
22 3 2
22 4 3
22 5 4
22 6 2
22 7 1
22 8 4
22 9 3
22 10 2
22 11 1
22 12 3
22 13 1
22 14 4
22 15 4
22 16 2
22 17 4
22 18 2
22 19 3
22 20 3
22 21 2
23 0 4
23 1 1
23 2 3
23 3 3
23 4 1
23 5 3
23 6 2
23 7 3
23 8 4
23 9 4
23 10 2
23 11 4
23 12 1
23 13 4
23 14 3
23 15 3
23 16 2
23 17 3
23 18 1
23 19 2
23 20 3
23 21 4
23 22 1
24 0 2
24 1 3
24 2 2
24 3 4
24 4 2
24 5 2
24 6 2
24 7 2
24 8 4
24 9 4
24 10 4
24 11 3
24 12 3
24 13 1
24 14 4
24 15 3
24 16 3
24 17 2
24 18 2
24 19 1
24 20 3
24 21 4
24 22 1
24 23 4
25 0 1
25 1 4
25 2 1
25 3 1
25 4 4
25 5 3
25 6 1
25 7 1
25 8 3
25 9 3
25 10 4
25 11 1
25 12 1
25 13 1
25 14 4
25 15 3
25 16 2
25 17 1
25 18 1
25 19 4
25 20 1
25 21 3
25 22 1
25 23 2
25 24 4
26 0 4
26 1 1
26 2 1
26 3 4
26 4 4
26 5 2
26 6 3
26 7 2
26 8 1
26 9 4
26 10 1
26 11 4
26 12 1
26 13 3
26 14 4
26 15 2
26 16 2
26 17 3
26 18 1
26 19 4
26 20 1
26 21 1
26 22 4
26 23 1
26 24 2
26 25 3
27 0 1
27 1 1
27 2 2
27 3 3
27 4 4
27 5 4
27 6 1
27 7 4
27 8 4
27 9 2
27 10 2
27 11 2
27 12 2
27 13 1
27 14 1
27 15 4
27 16 3
27 17 2
27 18 4
27 19 1
27 20 4
27 21 3
27 22 4
27 23 3
27 24 4
27 25 1
27 26 2
28 0 1
28 1 2
28 2 4
28 3 1
28 4 2
28 5 4
28 6 2
28 7 4
28 8 1
28 9 1
28 10 4
28 11 1
28 12 2
28 13 4
28 14 2
28 15 3
28 16 4
28 17 4
28 18 2
28 19 1
28 20 3
28 21 3
28 22 4
28 23 4
28 24 1
28 25 1
28 26 4
28 27 4
29 0 1
29 1 2
29 2 2
29 3 4
29 4 3
29 5 2
29 6 1
29 7 4
29 8 4
29 9 2
29 10 1
29 11 3
29 12 2
29 13 1
29 14 2
29 15 2
29 16 4
29 17 1
29 18 1
29 19 1
29 20 3
29 21 2
29 22 3
29 23 4
29 24 1
29 25 1
29 26 3
29 27 4
29 28 1
30 0 4
30 1 1
30 2 3
30 3 1
30 4 3
30 5 1
30 6 2
30 7 1
30 8 4
30 9 1
30 10 1
30 11 4
30 12 2
30 13 2
30 14 2
30 15 4
30 16 4
30 17 2
30 18 1
30 19 1
30 20 3
30 21 3
30 22 2
30 23 1
30 24 2
30 25 3
30 26 2
30 27 2
30 28 2
30 29 1
31 0 3
31 1 4
31 2 1
31 3 1
31 4 3
31 5 4
31 6 1
31 7 1
31 8 2
31 9 2
31 10 1
31 11 3
31 12 2
31 13 3
31 14 2
31 15 2
31 16 3
31 17 4
31 18 2
31 19 1
31 20 4
31 21 2
31 22 2
31 23 4
31 24 1
31 25 3
31 26 4
31 27 4
31 28 3
31 29 3
31 30 2
32 0 4
32 1 3
32 2 1
32 3 3
32 4 4
32 5 2
32 6 2
32 7 3
32 8 1
32 9 4
32 10 2
32 11 4
32 12 4
32 13 1
32 14 2
32 15 1
32 16 3
32 17 1
32 18 2
32 19 2
32 20 3
32 21 3
32 22 1
32 23 1
32 24 4
32 25 2
32 26 1
32 27 1
32 28 1
32 29 4
32 30 4
32 31 2
33 0 3
33 1 3
33 2 1
33 3 2
33 4 3
33 5 2
33 6 2
33 7 2
33 8 2
33 9 2
33 10 1
33 11 4
33 12 1
33 13 2
33 14 4
33 15 2
33 16 3
33 17 3
33 18 1
33 19 2
33 20 1
33 21 1
33 22 1
33 23 4
33 24 3
33 25 3
33 26 2
33 27 4
33 28 1
33 29 1
33 30 2
33 31 2
33 32 2
34 0 3
34 1 3
34 2 2
34 3 2
34 4 4
34 5 4
34 6 2
34 7 3
34 8 3
34 9 2
34 10 1
34 11 2
34 12 2
34 13 4
34 14 3
34 15 4
34 16 2
34 17 3
34 18 3
34 19 3
34 20 2
34 21 4
34 22 1
34 23 2
34 24 3
34 25 1
34 26 4
34 27 4
34 28 2
34 29 3
34 30 4
34 31 4
34 32 2
34 33 4
35 0 2
35 1 3
35 2 4
35 3 3
35 4 1
35 5 1
35 6 4
35 7 1
35 8 4
35 9 3
35 10 4
35 11 3
35 12 3
35 13 1
35 14 2
35 15 4
35 16 3
35 17 3
35 18 2
35 19 2
35 20 3
35 21 4
35 22 4
35 23 4
35 24 4
35 25 2
35 26 2
35 27 4
35 28 4
35 29 3
35 30 4
35 31 4
35 32 3
35 33 4
35 34 3
36 0 2
36 1 3
36 2 4
36 3 3
36 4 4
36 5 4
36 6 3
36 7 1
36 8 4
36 9 4
36 10 1
36 11 2
36 12 3
36 13 3
36 14 1
36 15 2
36 16 3
36 17 1
36 18 4
36 19 4
36 20 4
36 21 4
36 22 3
36 23 4
36 24 2
36 25 1
36 26 2
36 27 4
36 28 3
36 29 1
36 30 3
36 31 2
36 32 2
36 33 2
36 34 4
36 35 2
37 0 4
37 1 3
37 2 2
37 3 3
37 4 4
37 5 1
37 6 2
37 7 4
37 8 3
37 9 3
37 10 3
37 11 3
37 12 3
37 13 4
37 14 1
37 15 4
37 16 1
37 17 4
37 18 3
37 19 1
37 20 2
37 21 2
37 22 3
37 23 1
37 24 3
37 25 3
37 26 2
37 27 4
37 28 4
37 29 2
37 30 1
37 31 3
37 32 3
37 33 2
37 34 4
37 35 2
37 36 3
38 0 2
38 1 1
38 2 2
38 3 3
38 4 1
38 5 2
38 6 1
38 7 1
38 8 4
38 9 4
38 10 1
38 11 4
38 12 2
38 13 2
38 14 4
38 15 2
38 16 4
38 17 3
38 18 2
38 19 1
38 20 3
38 21 3
38 22 2
38 23 4
38 24 3
38 25 2
38 26 4
38 27 1
38 28 1
38 29 3
38 30 1
38 31 3
38 32 4
38 33 4
38 34 4
38 35 3
38 36 4
38 37 1
39 0 3
39 1 1
39 2 3
39 3 4
39 4 4
39 5 1
39 6 3
39 7 4
39 8 3
39 9 4
39 10 4
39 11 2
39 12 4
39 13 1
39 14 2
39 15 1
39 16 4
39 17 3
39 18 4
39 19 3
39 20 2
39 21 2
39 22 1
39 23 1
39 24 2
39 25 4
39 26 4
39 27 3
39 28 1
39 29 2
39 30 3
39 31 1
39 32 3
39 33 1
39 34 1
39 35 2
39 36 4
39 37 3
39 38 1
40 0 3
40 1 4
40 2 3
40 3 3
40 4 2
40 5 1
40 6 1
40 7 3
40 8 4
40 9 1
40 10 2
40 11 1
40 12 4
40 13 3
40 14 3
40 15 1
40 16 1
40 17 3
40 18 1
40 19 2
40 20 1
40 21 4
40 22 1
40 23 4
40 24 3
40 25 1
40 26 4
40 27 3
40 28 4
40 29 3
40 30 3
40 31 1
40 32 3
40 33 4
40 34 3
40 35 1
40 36 1
40 37 4
40 38 2
40 39 4
41 0 4
41 1 1
41 2 3
41 3 4
41 4 2
41 5 3
41 6 4
41 7 2
41 8 3
41 9 1
41 10 1
41 11 1
41 12 3
41 13 2
41 14 1
41 15 2
41 16 1
41 17 1
41 18 3
41 19 4
41 20 4
41 21 1
41 22 3
41 23 4
41 24 3
41 25 2
41 26 1
41 27 4
41 28 2
41 29 2
41 30 4
41 31 1
41 32 1
41 33 2
41 34 3
41 35 2
41 36 1
41 37 4
41 38 3
41 39 2
41 40 2
42 0 2
42 1 3
42 2 1
42 3 2
42 4 1
42 5 1
42 6 2
42 7 1
42 8 3
42 9 1
42 10 1
42 11 1
42 12 1
42 13 2
42 14 2
42 15 1
42 16 4
42 17 4
42 18 4
42 19 4
42 20 3
42 21 1
42 22 1
42 23 1
42 24 2
42 25 1
42 26 2
42 27 3
42 28 1
42 29 1
42 30 3
42 31 4
42 32 4
42 33 4
42 34 1
42 35 3
42 36 3
42 37 1
42 38 4
42 39 1
42 40 4
42 41 3
43 0 1
43 1 4
43 2 2
43 3 2
43 4 4
43 5 3
43 6 1
43 7 1
43 8 3
43 9 3
43 10 1
43 11 2
43 12 3
43 13 4
43 14 1
43 15 3
43 16 2
43 17 1
43 18 3
43 19 3
43 20 2
43 21 2
43 22 2
43 23 1
43 24 3
43 25 2
43 26 3
43 27 1
43 28 2
43 29 1
43 30 3
43 31 2
43 32 3
43 33 3
43 34 3
43 35 1
43 36 4
43 37 4
43 38 4
43 39 2
43 40 4
43 41 4
43 42 1
44 0 3
44 1 2
44 2 4
44 3 3
44 4 2
44 5 3
44 6 3
44 7 2
44 8 3
44 9 1
44 10 3
44 11 4
44 12 1
44 13 1
44 14 4
44 15 3
44 16 1
44 17 3
44 18 2
44 19 4
44 20 1
44 21 2
44 22 3
44 23 1
44 24 4
44 25 2
44 26 2
44 27 1
44 28 1
44 29 3
44 30 4
44 31 1
44 32 3
44 33 4
44 34 1
44 35 2
44 36 1
44 37 4
44 38 4
44 39 1
44 40 3
44 41 4
44 42 3
44 43 1
45 0 3
45 1 4
45 2 1
45 3 1
45 4 3
45 5 4
45 6 3
45 7 4
45 8 4
45 9 4
45 10 2
45 11 2
45 12 4
45 13 4
45 14 4
45 15 2
45 16 2
45 17 4
45 18 1
45 19 3
45 20 4
45 21 3
45 22 3
45 23 1
45 24 1
45 25 3
45 26 3
45 27 2
45 28 4
45 29 1
45 30 3
45 31 3
45 32 4
45 33 2
45 34 1
45 35 1
45 36 1
45 37 2
45 38 1
45 39 1
45 40 4
45 41 4
45 42 4
45 43 3
45 44 4
46 0 1
46 1 2
46 2 2
46 3 2
46 4 1
46 5 3
46 6 4
46 7 4
46 8 4
46 9 1
46 10 1
46 11 4
46 12 4
46 13 4
46 14 4
46 15 4
46 16 4
46 17 4
46 18 4
46 19 3
46 20 3
46 21 4
46 22 3
46 23 2
46 24 4
46 25 4
46 26 2
46 27 4
46 28 1
46 29 3
46 30 2
46 31 1
46 32 4
46 33 3
46 34 3
46 35 3
46 36 1
46 37 1
46 38 3
46 39 4
46 40 1
46 41 2
46 42 1
46 43 4
46 44 2
46 45 4
47 0 4
47 1 1
47 2 1
47 3 1
47 4 4
47 5 3
47 6 2
47 7 1
47 8 3
47 9 2
47 10 4
47 11 2
47 12 3
47 13 4
47 14 4
47 15 4
47 16 2
47 17 3
47 18 4
47 19 2
47 20 2
47 21 4
47 22 4
47 23 3
47 24 2
47 25 3
47 26 1
47 27 2
47 28 3
47 29 1
47 30 1
47 31 3
47 32 4
47 33 1
47 34 1
47 35 1
47 36 2
47 37 1
47 38 3
47 39 2
47 40 3
47 41 4
47 42 4
47 43 2
47 44 1
47 45 4
47 46 3
48 0 1
48 1 3
48 2 2
48 3 2
48 4 4
48 5 3
48 6 4
48 7 1
48 8 1
48 9 3
48 10 2
48 11 1
48 12 1
48 13 1
48 14 4
48 15 4
48 16 2
48 17 3
48 18 1
48 19 2
48 20 1
48 21 2
48 22 1
48 23 3
48 24 4
48 25 4
48 26 4
48 27 1
48 28 3
48 29 2
48 30 1
48 31 2
48 32 3
48 33 1
48 34 3
48 35 4
48 36 4
48 37 4
48 38 4
48 39 2
48 40 1
48 41 2
48 42 4
48 43 4
48 44 2
48 45 3
48 46 4
48 47 3
49 0 2
49 1 1
49 2 3
49 3 4
49 4 4
49 5 1
49 6 2
49 7 3
49 8 4
49 9 4
49 10 3
49 11 4
49 12 1
49 13 4
49 14 4
49 15 2
49 16 1
49 17 3
49 18 4
49 19 2
49 20 1
49 21 4
49 22 1
49 23 2
49 24 1
49 25 2
49 26 3
49 27 4
49 28 1
49 29 3
49 30 2
49 31 4
49 32 4
49 33 1
49 34 3
49 35 2
49 36 2
49 37 1
49 38 4
49 39 1
49 40 2
49 41 2
49 42 3
49 43 4
49 44 1
49 45 1
49 46 2
49 47 4
49 48 2
50 0 1
50 1 2
50 2 2
50 3 4
50 4 4
50 5 1
50 6 2
50 7 3
50 8 4
50 9 2
50 10 3
50 11 2
50 12 3
50 13 1
50 14 1
50 15 1
50 16 2
50 17 3
50 18 4
50 19 3
50 20 3
50 21 1
50 22 4
50 23 1
50 24 1
50 25 2
50 26 4
50 27 1
50 28 2
50 29 2
50 30 4
50 31 3
50 32 3
50 33 3
50 34 4
50 35 1
50 36 4
50 37 4
50 38 2
50 39 4
50 40 1
50 41 4
50 42 3
50 43 4
50 44 1
50 45 1
50 46 3
50 47 1
50 48 3
50 49 3
51 0 1
51 1 2
51 2 1
51 3 1
51 4 2
51 5 2
51 6 2
51 7 4
51 8 4
51 9 1
51 10 2
51 11 2
51 12 4
51 13 3
51 14 3
51 15 4
51 16 1
51 17 2
51 18 1
51 19 4
51 20 3
51 21 4
51 22 3
51 23 3
51 24 4
51 25 2
51 26 3
51 27 1
51 28 4
51 29 2
51 30 3
51 31 4
51 32 1
51 33 3
51 34 2
51 35 4
51 36 3
51 37 2
51 38 3
51 39 1
51 40 1
51 41 1
51 42 3
51 43 1
51 44 1
51 45 2
51 46 1
51 47 1
51 48 1
51 49 4
51 50 3
52 0 4
52 1 4
52 2 1
52 3 4
52 4 3
52 5 4
52 6 2
52 7 1
52 8 3
52 9 4
52 10 4
52 11 3
52 12 2
52 13 1
52 14 2
52 15 3
52 16 3
52 17 2
52 18 4
52 19 3
52 20 4
52 21 4
52 22 4
52 23 2
52 24 2
52 25 3
52 26 4
52 27 1
52 28 3
52 29 3
52 30 2
52 31 3
52 32 1
52 33 3
52 34 4
52 35 4
52 36 1
52 37 4
52 38 4
52 39 3
52 40 2
52 41 3
52 42 3
52 43 3
52 44 4
52 45 3
52 46 1
52 47 4
52 48 1
52 49 3
52 50 4
52 51 2
53 0 3
53 1 2
53 2 4
53 3 4
53 4 1
53 5 2
53 6 1
53 7 1
53 8 2
53 9 4
53 10 2
53 11 2
53 12 3
53 13 2
53 14 4
53 15 2
53 16 1
53 17 4
53 18 4
53 19 2
53 20 4
53 21 3
53 22 2
53 23 4
53 24 1
53 25 4
53 26 4
53 27 2
53 28 3
53 29 3
53 30 4
53 31 2
53 32 4
53 33 4
53 34 2
53 35 3
53 36 3
53 37 3
53 38 3
53 39 2
53 40 1
53 41 3
53 42 1
53 43 2
53 44 3
53 45 3
53 46 3
53 47 2
53 48 1
53 49 2
53 50 3
53 51 1
53 52 2
54 0 1
54 1 2
54 2 3
54 3 1
54 4 2
54 5 1
54 6 1
54 7 4
54 8 3
54 9 1
54 10 3
54 11 1
54 12 3
54 13 2
54 14 4
54 15 3
54 16 1
54 17 1
54 18 3
54 19 3
54 20 1
54 21 3
54 22 1
54 23 4
54 24 4
54 25 2
54 26 1
54 27 2
54 28 1
54 29 4
54 30 2
54 31 1
54 32 1
54 33 4
54 34 2
54 35 4
54 36 2
54 37 3
54 38 3
54 39 3
54 40 2
54 41 1
54 42 2
54 43 4
54 44 4
54 45 4
54 46 3
54 47 3
54 48 2
54 49 4
54 50 3
54 51 2
54 52 4
54 53 4
55 0 3
55 1 4
55 2 1
55 3 4
55 4 3
55 5 3
55 6 4
55 7 2
55 8 1
55 9 2
55 10 4
55 11 3
55 12 1
55 13 2
55 14 1
55 15 3
55 16 2
55 17 3
55 18 2
55 19 4
55 20 1
55 21 1
55 22 4
55 23 2
55 24 2
55 25 3
55 26 3
55 27 4
55 28 3
55 29 4
55 30 3
55 31 2
55 32 1
55 33 4
55 34 1
55 35 3
55 36 2
55 37 3
55 38 1
55 39 4
55 40 3
55 41 4
55 42 3
55 43 3
55 44 4
55 45 2
55 46 1
55 47 4
55 48 1
55 49 1
55 50 3
55 51 4
55 52 3
55 53 3
55 54 4
56 0 1
56 1 1
56 2 3
56 3 4
56 4 3
56 5 4
56 6 2
56 7 1
56 8 4
56 9 1
56 10 1
56 11 3
56 12 2
56 13 3
56 14 1
56 15 4
56 16 1
56 17 1
56 18 2
56 19 4
56 20 3
56 21 3
56 22 1
56 23 1
56 24 2
56 25 3
56 26 2
56 27 1
56 28 4
56 29 1
56 30 1
56 31 1
56 32 4
56 33 3
56 34 3
56 35 3
56 36 2
56 37 2
56 38 1
56 39 4
56 40 2
56 41 1
56 42 1
56 43 4
56 44 3
56 45 3
56 46 3
56 47 1
56 48 4
56 49 4
56 50 3
56 51 2
56 52 3
56 53 4
56 54 2
56 55 2
57 0 2
57 1 4
57 2 4
57 3 2
57 4 4
57 5 3
57 6 4
57 7 3
57 8 3
57 9 3
57 10 2
57 11 2
57 12 4
57 13 3
57 14 4
57 15 3
57 16 2
57 17 3
57 18 4
57 19 3
57 20 4
57 21 1
57 22 3
57 23 2
57 24 4
57 25 1
57 26 4
57 27 3
57 28 3
57 29 3
57 30 2
57 31 1
57 32 4
57 33 4
57 34 1
57 35 2
57 36 2
57 37 2
57 38 4
57 39 3
57 40 3
57 41 1
57 42 2
57 43 4
57 44 2
57 45 2
57 46 3
57 47 3
57 48 1
57 49 2
57 50 1
57 51 1
57 52 2
57 53 4
57 54 3
57 55 4
57 56 4
58 0 4
58 1 3
58 2 1
58 3 3
58 4 4
58 5 4
58 6 3
58 7 4
58 8 4
58 9 3
58 10 3
58 11 2
58 12 3
58 13 1
58 14 4
58 15 4
58 16 2
58 17 4
58 18 1
58 19 4
58 20 3
58 21 3
58 22 4
58 23 2
58 24 2
58 25 2
58 26 2
58 27 4
58 28 4
58 29 4
58 30 3
58 31 4
58 32 3
58 33 3
58 34 3
58 35 1
58 36 1
58 37 3
58 38 1
58 39 4
58 40 1
58 41 3
58 42 3
58 43 1
58 44 4
58 45 4
58 46 3
58 47 3
58 48 4
58 49 2
58 50 1
58 51 3
58 52 2
58 53 1
58 54 3
58 55 4
58 56 2
58 57 4
59 0 4
59 1 4
59 2 1
59 3 1
59 4 1
59 5 3
59 6 2
59 7 3
59 8 4
59 9 4
59 10 1
59 11 3
59 12 4
59 13 3
59 14 1
59 15 1
59 16 2
59 17 2
59 18 4
59 19 2
59 20 4
59 21 2
59 22 1
59 23 4
59 24 4
59 25 4
59 26 3
59 27 3
59 28 3
59 29 4
59 30 1
59 31 3
59 32 1
59 33 4
59 34 2
59 35 4
59 36 3
59 37 4
59 38 4
59 39 2
59 40 3
59 41 2
59 42 1
59 43 4
59 44 3
59 45 3
59 46 4
59 47 4
59 48 1
59 49 4
59 50 2
59 51 4
59 52 4
59 53 4
59 54 2
59 55 1
59 56 1
59 57 3
59 58 2
