15
1 0 6
2 0 1
2 1 6
3 0 4
3 1 6
3 2 4
4 0 4
4 1 6
4 2 4
4 3 3
5 0 3
5 1 5
5 2 2
5 3 2
5 4 2
6 0 4
6 1 1
6 2 1
6 3 1
6 4 6
6 5 6
7 0 2
7 1 2
7 2 3
7 3 2
7 4 5
7 5 1
7 6 6
8 0 5
8 1 3
8 2 2
8 3 2
8 4 3
8 5 5
8 6 5
8 7 5
9 0 5
9 1 2
9 2 5
9 3 6
9 4 1
9 5 6
9 6 1
9 7 6
9 8 3
10 0 1
10 1 5
10 2 4
10 3 4
10 4 4
10 5 4
10 6 1
10 7 5
10 8 1
10 9 2
11 0 3
11 1 2
11 2 3
11 3 4
11 4 2
11 5 5
11 6 3
11 7 5
11 8 2
11 9 6
11 10 4
12 0 5
12 1 1
12 2 2
12 3 3
12 4 2
12 5 6
12 6 3
12 7 1
12 8 5
12 9 1
12 10 1
12 11 2
13 0 4
13 1 3
13 2 3
13 3 3
13 4 5
13 5 4
13 6 2
13 7 4
13 8 3
13 9 5
13 10 3
13 11 3
13 12 2
14 0 1
14 1 1
14 2 1
14 3 1
14 4 4
14 5 5
14 6 6
14 7 1
14 8 5
14 9 6
14 10 6
14 11 2
14 12 2
14 13 5
