70
2 0 2
2 1 1
3 1 1
3 2 2
4 0 1
4 1 1
4 2 3
5 1 1
5 2 1
5 3 3
6 3 1
6 4 3
7 3 2
8 0 1
8 1 1
8 5 1
8 6 2
8 7 2
9 0 1
9 5 1
9 6 2
10 0 1
10 1 1
10 2 1
10 5 2
10 7 2
11 1 1
11 4 3
11 5 3
11 8 1
11 9 3
11 10 2
12 1 2
12 2 3
12 4 2
12 6 3
12 9 3
12 10 1
12 11 2
13 0 3
13 1 2
13 5 2
13 6 2
13 8 1
13 9 1
14 1 2
14 4 2
14 6 2
14 8 3
14 9 3
14 10 3
14 11 3
14 13 3
15 2 2
15 3 3
15 5 2
15 7 3
15 8 1
15 12 2
15 14 3
16 2 2
16 3 2
16 4 3
16 7 3
16 10 3
16 11 1
16 14 1
17 4 2
17 9 1
17 10 3
17 15 2
18 0 1
18 2 3
18 6 2
18 9 2
18 11 3
18 13 3
18 16 2
18 17 3
19 1 3
19 2 3
19 5 2
19 6 2
19 8 1
19 10 3
19 11 1
19 14 2
19 17 2
20 0 2
20 1 3
20 3 2
20 5 3
20 6 1
20 7 1
20 9 1
20 11 1
20 13 2
20 14 1
20 15 1
20 16 3
20 17 2
21 0 2
21 3 2
21 4 3
21 5 2
21 6 1
21 8 2
21 9 3
21 14 2
21 16 3
21 19 1
22 1 1
22 3 2
22 5 2
22 6 3
22 8 1
22 9 2
22 10 2
22 13 3
22 17 2
22 20 1
22 21 2
23 2 2
23 3 2
23 8 3
23 9 1
23 11 1
23 13 3
23 15 2
23 16 1
23 17 2
24 1 2
24 3 3
24 4 2
24 6 3
24 8 3
24 10 1
24 11 1
24 12 2
24 15 3
24 17 1
24 18 1
24 22 1
25 0 1
25 3 3
25 5 3
25 6 2
25 7 1
25 9 1
25 10 2
25 11 3
25 12 1
25 14 1
25 15 3
25 17 3
25 18 3
25 19 1
26 2 3
26 3 1
26 4 3
26 6 3
26 7 2
26 10 2
26 11 2
26 13 3
26 14 2
26 15 2
26 16 2
26 20 3
26 24 3
26 25 3
27 2 1
27 3 2
27 4 3
27 7 3
27 12 1
27 14 2
27 15 3
27 17 2
27 19 3
27 20 3
27 22 3
27 24 1
27 25 1
27 26 3
28 0 1
28 1 2
28 3 2
28 6 1
28 9 3
28 12 1
28 17 2
28 18 2
28 19 3
28 21 1
28 24 2
28 25 1
28 26 1
28 27 2
29 0 1
29 1 3
29 6 1
29 7 3
29 8 1
29 9 3
29 10 1
29 11 3
29 15 2
29 16 3
29 17 3
29 18 3
29 19 3
29 20 3
29 21 2
29 22 1
29 23 1
29 24 1
29 26 2
29 27 1
29 28 1
30 1 3
30 2 1
30 3 3
30 4 1
30 7 2
30 8 3
30 9 2
30 10 2
30 11 1
30 12 3
30 15 2
30 18 3
30 20 1
30 21 3
30 22 2
30 23 3
30 25 2
30 26 1
30 28 1
30 29 2
31 0 3
31 1 1
31 4 2
31 5 1
31 6 1
31 7 1
31 8 2
31 10 2
31 12 3
31 14 2
31 15 2
31 16 1
31 17 1
31 23 3
31 25 3
31 27 3
31 29 1
31 30 3
32 0 1
32 1 3
32 2 3
32 4 1
32 5 3
32 7 1
32 8 1
32 11 1
32 14 1
32 15 1
32 16 3
32 19 2
32 21 2
32 23 2
32 25 1
32 26 3
32 27 1
32 31 2
33 5 2
33 7 2
33 9 3
33 11 3
33 12 3
33 13 1
33 14 2
33 17 1
33 18 2
33 19 3
33 23 3
33 25 1
33 26 1
33 28 1
34 2 3
34 3 1
34 4 3
34 5 3
34 8 2
34 10 1
34 12 2
34 15 1
34 16 1
34 17 2
34 18 2
34 19 2
34 25 2
34 26 3
34 27 3
34 29 3
34 31 3
34 33 1
35 1 1
35 3 1
35 4 2
35 6 2
35 7 2
35 9 1
35 13 3
35 14 2
35 18 3
35 19 3
35 20 1
35 25 2
35 26 3
35 27 3
35 28 2
35 29 2
35 31 3
35 32 3
35 33 1
35 34 2
36 3 3
36 5 1
36 6 3
36 10 1
36 13 1
36 14 3
36 18 1
36 19 1
36 21 2
36 22 2
36 23 1
36 27 3
36 33 2
37 3 1
37 4 1
37 7 1
37 8 3
37 9 2
37 10 1
37 11 1
37 13 3
37 14 2
37 15 3
37 23 2
37 24 1
37 25 1
37 29 3
37 33 3
37 35 2
37 36 3
38 1 3
38 3 1
38 7 3
38 11 1
38 12 1
38 16 1
38 17 3
38 20 2
38 22 3
38 23 2
38 25 2
38 27 1
38 28 3
38 29 1
38 31 2
38 32 2
38 33 2
38 35 1
38 36 2
38 37 1
39 2 3
39 3 2
39 4 3
39 7 3
39 10 2
39 14 3
39 15 2
39 16 3
39 17 2
39 18 1
39 19 1
39 21 1
39 25 2
39 26 3
39 28 3
39 29 3
39 31 2
39 32 2
39 33 3
39 34 3
39 36 1
40 0 3
40 2 2
40 3 3
40 4 2
40 6 1
40 8 1
40 11 2
40 12 3
40 13 3
40 14 2
40 16 2
40 19 3
40 21 3
40 22 3
40 26 3
40 28 2
40 29 3
40 31 2
40 36 3
41 0 2
41 4 1
41 6 3
41 8 1
41 9 2
41 10 3
41 12 1
41 14 1
41 24 2
41 26 2
41 27 1
41 28 2
41 29 1
41 33 3
41 36 1
41 39 1
41 40 1
42 2 1
42 3 1
42 6 3
42 7 3
42 9 2
42 10 3
42 13 3
42 14 1
42 16 1
42 18 3
42 21 2
42 22 2
42 24 3
42 28 2
42 29 2
42 32 2
42 33 3
42 36 1
42 37 2
43 1 2
43 3 3
43 7 3
43 10 3
43 14 2
43 15 1
43 17 1
43 18 1
43 21 1
43 22 3
43 23 3
43 25 3
43 29 3
43 30 3
43 33 3
43 37 2
43 41 3
44 4 3
44 5 3
44 9 1
44 11 1
44 12 1
44 13 3
44 14 1
44 15 2
44 19 2
44 25 1
44 28 1
44 32 2
44 33 1
44 36 1
44 38 1
44 40 1
44 43 1
45 3 3
45 5 3
45 6 1
45 7 2
45 9 2
45 11 3
45 13 3
45 15 2
45 20 1
45 21 1
45 29 3
45 33 3
45 35 1
45 39 3
45 41 3
45 42 2
46 0 1
46 2 3
46 4 1
46 5 3
46 9 2
46 10 2
46 12 3
46 13 3
46 15 1
46 20 2
46 21 3
46 22 2
46 26 3
46 28 1
46 31 2
46 32 1
46 34 3
46 35 2
46 36 3
46 39 2
46 40 1
46 41 2
46 42 3
46 44 3
46 45 2
47 1 2
47 2 2
47 5 3
47 6 1
47 7 2
47 8 3
47 10 3
47 11 2
47 17 3
47 18 2
47 19 1
47 23 1
47 24 3
47 25 3
47 26 3
47 29 1
47 33 1
47 34 3
47 37 1
47 39 1
47 40 1
47 41 1
47 44 2
47 45 2
47 46 3
48 0 2
48 1 2
48 2 3
48 4 1
48 5 2
48 6 1
48 8 2
48 10 1
48 12 2
48 13 3
48 16 1
48 21 3
48 22 1
48 23 2
48 24 1
48 27 3
48 31 1
48 33 3
48 38 2
48 39 3
48 41 2
48 43 3
48 44 3
48 46 2
49 2 2
49 3 3
49 7 1
49 9 3
49 10 1
49 12 2
49 13 1
49 14 3
49 15 1
49 16 3
49 19 3
49 21 2
49 22 3
49 25 1
49 29 1
49 33 3
49 34 3
49 35 1
49 36 3
49 38 1
49 40 2
49 43 3
49 44 1
49 46 2
49 47 2
49 48 2
50 0 2
50 4 2
50 6 2
50 7 1
50 10 3
50 12 3
50 14 1
50 16 1
50 20 2
50 21 3
50 23 3
50 24 2
50 25 1
50 30 3
50 31 1
50 33 3
50 34 1
50 36 2
50 37 1
50 38 2
50 39 1
50 40 1
50 41 3
50 42 3
50 43 1
50 46 2
50 47 2
50 48 3
51 4 2
51 5 1
51 9 2
51 10 3
51 12 1
51 13 2
51 15 1
51 18 2
51 19 2
51 21 2
51 24 1
51 25 2
51 26 2
51 28 2
51 33 2
51 34 2
51 47 2
51 48 2
51 49 1
52 0 3
52 2 2
52 3 1
52 4 3
52 5 2
52 8 2
52 9 1
52 12 2
52 13 1
52 15 3
52 17 1
52 18 2
52 19 1
52 20 2
52 22 3
52 23 3
52 24 2
52 25 1
52 27 1
52 28 3
52 29 2
52 31 3
52 32 1
52 34 1
52 35 1
52 36 2
52 38 3
52 39 3
52 41 2
52 42 1
52 44 2
52 45 1
52 46 1
52 48 3
52 49 1
52 50 3
52 51 2
53 2 2
53 3 1
53 5 2
53 6 3
53 7 2
53 8 1
53 9 3
53 11 2
53 14 2
53 19 1
53 20 3
53 22 1
53 23 1
53 26 2
53 27 2
53 29 1
53 30 3
53 31 2
53 34 2
53 36 2
53 38 2
53 41 1
53 42 1
53 43 2
53 47 2
53 50 1
53 52 2
54 0 2
54 1 1
54 4 1
54 6 1
54 7 1
54 10 1
54 11 3
54 12 2
54 13 2
54 14 3
54 15 2
54 16 3
54 18 2
54 19 1
54 20 3
54 21 2
54 22 2
54 23 2
54 24 1
54 25 3
54 27 3
54 28 2
54 30 3
54 31 2
54 33 3
54 34 1
54 37 3
54 39 3
54 40 3
54 44 2
54 48 2
54 50 1
54 51 2
54 52 2
55 1 2
55 4 3
55 5 1
55 11 3
55 12 3
55 15 3
55 16 2
55 17 2
55 22 2
55 25 3
55 26 1
55 27 1
55 31 1
55 33 2
55 36 3
55 39 3
55 42 3
55 44 3
55 47 3
55 48 2
55 49 1
55 52 2
56 0 2
56 2 2
56 6 2
56 9 2
56 10 1
56 13 1
56 16 2
56 17 3
56 18 3
56 20 2
56 26 3
56 27 2
56 33 3
56 35 1
56 36 1
56 37 2
56 39 1
56 40 2
56 41 3
56 43 3
56 44 1
56 45 3
56 49 3
56 50 3
56 52 1
56 53 2
56 54 2
56 55 3
57 1 3
57 3 1
57 5 1
57 6 2
57 12 1
57 15 3
57 16 2
57 18 1
57 21 3
57 22 2
57 23 3
57 27 3
57 28 2
57 29 1
57 30 1
57 31 2
57 32 1
57 34 1
57 36 2
57 37 2
57 38 1
57 39 2
57 40 3
57 42 2
57 44 2
57 48 1
57 51 3
57 52 1
58 0 2
58 1 2
58 2 3
58 4 1
58 5 3
58 8 1
58 9 2
58 16 3
58 18 1
58 19 3
58 21 2
58 23 3
58 24 1
58 26 3
58 29 2
58 32 2
58 37 2
58 41 3
58 42 1
58 43 3
58 47 2
58 48 3
58 50 1
58 53 2
58 55 3
58 57 3
59 0 1
59 1 2
59 2 3
59 3 1
59 6 2
59 7 1
59 9 2
59 12 2
59 13 1
59 15 2
59 19 1
59 20 3
59 24 3
59 32 3
59 33 1
59 35 3
59 39 3
59 40 2
59 42 3
59 44 3
59 45 1
59 47 2
59 49 3
59 50 1
59 56 1
59 57 2
60 2 2
60 5 3
60 7 1
60 8 1
60 9 2
60 10 2
60 12 3
60 15 1
60 16 1
60 17 1
60 19 2
60 20 1
60 22 3
60 23 2
60 24 3
60 25 1
60 26 2
60 28 1
60 30 2
60 31 1
60 32 1
60 34 2
60 39 1
60 40 3
60 41 1
60 43 3
60 44 2
60 45 1
60 47 1
60 50 2
60 51 2
60 52 1
60 53 1
60 56 3
60 59 2
61 0 3
61 1 3
61 2 2
61 4 1
61 5 1
61 7 2
61 10 3
61 11 1
61 12 2
61 14 2
61 17 1
61 20 1
61 21 1
61 25 1
61 27 3
61 28 3
61 29 2
61 31 3
61 32 3
61 33 3
61 34 3
61 36 1
61 37 2
61 40 3
61 41 2
61 46 1
61 47 1
61 49 3
61 50 1
61 53 2
61 54 1
61 56 1
61 57 1
61 58 3
61 59 2
62 0 3
62 2 3
62 4 1
62 6 3
62 7 2
62 12 2
62 14 1
62 16 3
62 17 2
62 19 1
62 20 1
62 21 1
62 23 3
62 26 1
62 29 2
62 31 3
62 32 2
62 33 2
62 37 3
62 39 3
62 41 1
62 46 1
62 47 1
62 49 1
62 50 3
62 51 2
62 53 1
62 55 1
62 57 2
62 61 3
63 4 2
63 5 1
63 6 1
63 7 2
63 8 2
63 10 1
63 11 2
63 15 1
63 16 3
63 19 3
63 20 3
63 21 3
63 22 1
63 23 2
63 24 1
63 28 1
63 29 3
63 30 1
63 32 2
63 34 3
63 36 2
63 39 2
63 41 1
63 42 2
63 43 1
63 45 2
63 46 3
63 49 2
63 50 3
63 52 1
63 56 2
63 57 1
63 58 2
63 59 2
64 1 1
64 2 3
64 3 3
64 8 1
64 11 2
64 13 3
64 17 1
64 19 3
64 21 2
64 22 1
64 23 2
64 24 3
64 25 1
64 26 2
64 28 1
64 30 3
64 31 1
64 32 2
64 37 3
64 38 1
64 40 1
64 49 3
64 51 2
64 52 3
64 55 1
64 57 2
64 58 3
64 61 3
64 63 2
65 0 2
65 2 1
65 3 2
65 4 3
65 5 2
65 8 3
65 9 2
65 10 1
65 17 1
65 19 2
65 20 1
65 21 2
65 22 1
65 23 1
65 25 2
65 26 1
65 27 3
65 28 2
65 29 3
65 31 1
65 34 3
65 35 2
65 37 1
65 38 2
65 39 2
65 41 2
65 42 2
65 46 2
65 49 3
65 52 3
65 55 3
65 58 3
65 62 3
65 63 3
66 0 3
66 2 2
66 3 2
66 5 2
66 6 3
66 8 3
66 11 3
66 12 3
66 14 2
66 15 2
66 16 1
66 17 3
66 21 2
66 22 3
66 23 1
66 25 1
66 26 2
66 27 1
66 28 1
66 30 3
66 33 3
66 34 2
66 35 2
66 37 2
66 38 1
66 39 3
66 40 1
66 42 2
66 46 1
66 47 2
66 52 2
66 53 3
66 54 2
66 56 3
66 57 2
66 60 3
66 62 3
66 64 3
67 0 2
67 2 2
67 3 3
67 4 1
67 5 3
67 6 3
67 8 1
67 9 2
67 11 1
67 12 1
67 15 3
67 16 3
67 19 3
67 20 3
67 21 1
67 22 1
67 23 3
67 25 2
67 26 3
67 27 2
67 28 3
67 30 1
67 31 3
67 33 2
67 43 1
67 45 2
67 46 1
67 49 2
67 51 2
67 52 1
67 54 3
67 55 3
67 56 2
67 57 3
67 58 3
67 59 2
67 62 2
67 65 3
68 2 3
68 3 1
68 4 2
68 9 1
68 10 1
68 13 3
68 19 3
68 22 3
68 24 1
68 25 3
68 26 2
68 27 2
68 29 2
68 30 2
68 32 1
68 35 2
68 36 1
68 37 1
68 40 1
68 41 1
68 43 3
68 47 2
68 48 2
68 51 3
68 53 1
68 55 2
68 59 2
68 60 1
68 63 3
68 65 1
68 66 2
68 67 1
69 0 3
69 1 1
69 5 1
69 7 1
69 8 1
69 9 1
69 10 1
69 13 3
69 14 2
69 15 2
69 16 1
69 17 3
69 22 1
69 24 2
69 26 2
69 27 1
69 28 3
69 32 2
69 34 2
69 35 1
69 37 3
69 43 2
69 44 3
69 46 3
69 47 2
69 49 3
69 51 3
69 52 2
69 53 3
69 55 1
69 57 3
69 62 1
69 63 1
69 65 3
69 66 2
69 68 2
