70
1 0 1
2 1 3
4 0 14
4 1 3
5 0 5
5 3 10
6 0 7
6 1 5
6 4 2
6 5 4
7 0 10
7 6 2
8 0 11
8 1 4
8 2 9
8 3 11
8 4 14
8 6 9
8 7 14
9 1 5
9 2 8
9 4 3
9 5 9
9 6 1
9 7 8
9 8 4
10 0 3
10 1 1
10 3 12
10 7 10
10 9 9
11 3 9
11 4 13
11 7 9
11 8 4
11 9 11
12 0 14
12 1 5
12 6 1
12 8 11
12 9 8
13 0 7
13 1 1
13 3 6
13 9 10
14 1 4
14 2 4
14 4 7
14 8 10
14 9 9
14 10 7
15 0 1
15 1 6
15 3 11
15 4 7
15 6 2
15 7 1
15 9 1
15 10 1
15 11 6
15 12 3
15 13 6
15 14 2
16 1 13
16 4 13
16 6 7
16 7 9
16 11 6
16 13 4
16 14 4
17 8 3
17 13 7
17 15 4
18 0 6
18 1 13
18 4 4
18 7 4
18 8 5
18 9 7
18 12 1
18 15 5
18 17 7
19 0 1
19 1 1
19 5 13
19 9 5
19 10 5
19 12 4
19 13 2
19 14 11
19 15 8
20 1 13
20 3 12
20 9 3
20 12 14
20 13 9
20 15 12
20 17 14
20 18 14
20 19 14
21 0 1
21 1 1
21 2 1
21 5 14
21 6 7
21 7 12
21 8 14
21 10 4
21 12 9
21 13 8
21 14 11
21 16 13
21 17 4
21 18 1
21 19 8
22 0 12
22 3 10
22 4 1
22 6 1
22 13 3
22 14 6
22 17 10
22 18 1
22 20 5
22 21 8
23 1 8
23 3 14
23 5 9
23 8 8
23 9 11
23 11 10
23 12 6
23 13 2
23 15 1
23 19 14
24 1 14
24 3 2
24 4 14
24 6 4
24 7 9
24 8 4
24 9 5
24 11 8
24 16 14
24 17 8
24 23 10
25 3 10
25 5 8
25 6 13
25 8 9
25 10 10
25 11 3
25 12 7
25 14 12
25 15 2
25 16 9
25 18 11
25 20 2
25 22 6
25 23 5
25 24 9
26 0 9
26 3 13
26 4 11
26 5 4
26 10 13
26 11 1
26 16 4
26 24 10
27 1 1
27 2 11
27 4 2
27 8 14
27 9 8
27 12 7
27 13 1
27 20 2
27 22 8
27 23 7
27 24 7
27 25 10
28 0 3
28 1 5
28 6 1
28 7 9
28 8 11
28 10 5
28 11 9
28 12 4
28 13 1
28 15 7
28 16 5
28 17 8
28 18 9
28 20 7
28 22 2
28 23 12
28 24 10
28 26 7
29 1 2
29 3 11
29 5 13
29 6 5
29 8 6
29 10 14
29 12 11
29 14 14
29 15 8
29 16 8
29 19 9
29 21 8
29 22 12
29 23 2
29 25 9
29 26 8
29 28 10
30 3 14
30 4 6
30 7 11
30 8 14
30 10 14
30 12 4
30 13 12
30 14 1
30 16 7
30 18 10
30 19 9
30 20 9
30 23 3
30 24 5
30 29 4
31 0 7
31 2 5
31 3 1
31 7 11
31 9 4
31 13 5
31 14 14
31 16 5
31 24 3
31 25 3
31 26 4
31 27 6
31 28 8
31 29 6
31 30 10
32 0 14
32 2 9
32 3 2
32 8 2
32 9 12
32 11 11
32 12 1
32 14 2
32 15 1
32 16 9
32 21 1
32 22 3
32 24 10
32 25 12
32 26 13
32 29 7
32 31 14
33 1 9
33 3 3
33 6 1
33 7 12
33 8 7
33 13 14
33 14 6
33 15 6
33 17 10
33 18 7
33 21 3
33 25 12
33 26 12
33 28 7
33 29 4
33 30 14
33 31 1
33 32 11
34 0 8
34 6 11
34 8 5
34 9 5
34 12 12
34 14 2
34 16 1
34 17 4
34 18 4
34 20 9
34 23 2
34 24 5
34 31 10
34 33 6
35 0 1
35 5 14
35 9 4
35 11 8
35 15 3
35 16 8
35 17 7
35 18 6
35 19 7
35 24 1
35 26 8
35 28 5
35 29 2
35 30 12
35 31 14
35 33 8
35 34 13
36 2 14
36 5 11
36 6 7
36 7 5
36 9 7
36 10 5
36 12 6
36 15 6
36 16 7
36 17 2
36 19 7
36 20 2
36 21 4
36 23 2
36 25 8
36 27 10
36 32 12
36 34 10
37 4 9
37 5 1
37 6 4
37 7 11
37 8 12
37 11 7
37 12 7
37 13 7
37 15 2
37 17 13
37 19 6
37 22 12
37 25 10
37 26 10
37 28 2
37 29 3
37 30 7
37 31 10
37 33 2
37 34 1
37 35 8
37 36 2
38 1 5
38 3 14
38 5 10
38 6 5
38 7 7
38 8 12
38 9 8
38 10 8
38 12 8
38 14 1
38 15 7
38 16 7
38 18 5
38 22 14
38 23 13
38 24 3
38 25 3
38 26 14
38 27 6
38 28 1
38 30 2
38 33 14
38 34 11
38 36 5
38 37 14
39 0 4
39 1 4
39 3 1
39 6 14
39 8 7
39 10 2
39 11 10
39 13 3
39 15 1
39 18 8
39 22 14
39 25 4
39 28 11
39 29 10
39 30 14
39 34 11
39 35 13
39 37 2
39 38 4
40 0 4
40 2 6
40 7 14
40 8 8
40 9 13
40 10 12
40 12 10
40 13 9
40 15 2
40 17 6
40 18 9
40 23 7
40 25 13
40 26 9
40 27 5
40 31 7
40 32 10
40 34 3
40 36 8
40 38 1
40 39 12
41 3 7
41 4 4
41 5 12
41 6 5
41 8 3
41 10 2
41 14 12
41 16 10
41 19 8
41 20 14
41 21 1
41 24 4
41 26 3
41 28 5
41 29 10
41 30 6
41 31 7
41 34 12
41 36 3
41 37 12
41 38 12
41 40 10
42 0 10
42 2 3
42 6 1
42 7 4
42 8 4
42 13 9
42 14 7
42 15 11
42 18 4
42 19 11
42 20 1
42 23 1
42 24 6
42 25 4
42 26 4
42 27 7
42 29 9
42 31 5
42 33 14
42 35 13
42 37 8
42 40 11
43 1 6
43 2 13
43 4 13
43 5 11
43 6 2
43 9 1
43 10 14
43 11 5
43 12 14
43 16 14
43 19 13
43 20 4
43 23 11
43 24 9
43 29 8
43 30 10
43 31 11
43 32 8
43 33 8
43 34 2
43 36 10
43 37 10
43 38 8
43 39 10
43 41 13
43 42 9
44 0 9
44 1 14
44 2 10
44 4 3
44 5 9
44 6 10
44 7 14
44 9 8
44 12 12
44 14 10
44 15 6
44 18 4
44 19 2
44 20 14
44 21 14
44 27 6
44 30 1
44 33 14
44 37 11
44 40 2
44 41 9
45 0 7
45 1 11
45 5 3
45 6 6
45 10 8
45 12 2
45 14 6
45 16 2
45 17 10
45 18 6
45 21 6
45 25 2
45 27 12
45 31 4
45 32 11
45 33 14
45 34 2
45 35 9
45 36 10
45 38 10
45 41 6
45 42 9
45 43 9
46 1 10
46 2 12
46 6 7
46 7 9
46 8 2
46 12 3
46 13 11
46 15 10
46 16 2
46 19 4
46 21 6
46 23 13
46 24 14
46 26 14
46 27 13
46 30 6
46 32 1
46 33 3
46 35 12
46 41 8
46 42 3
46 44 8
47 0 2
47 2 12
47 3 6
47 4 10
47 5 2
47 6 3
47 7 5
47 9 13
47 10 5
47 11 1
47 16 4
47 18 3
47 19 6
47 22 3
47 24 6
47 26 6
47 29 8
47 30 7
47 31 3
47 33 10
47 35 11
47 36 7
47 37 9
47 39 1
47 40 10
47 41 2
47 43 10
47 44 4
47 45 10
48 4 6
48 6 2
48 9 2
48 10 10
48 11 14
48 14 11
48 15 2
48 17 11
48 20 5
48 23 3
48 24 13
48 25 8
48 26 3
48 27 14
48 32 4
48 34 1
48 37 9
48 38 9
48 40 7
48 42 3
48 43 3
48 45 11
48 47 7
49 4 7
49 5 1
49 7 10
49 9 3
49 13 12
49 19 5
49 21 10
49 22 6
49 25 5
49 28 2
49 30 7
49 31 6
49 34 5
49 36 14
49 37 8
49 40 1
49 41 12
49 43 9
49 46 6
50 0 3
50 6 12
50 7 6
50 8 8
50 11 12
50 12 6
50 15 13
50 18 11
50 20 7
50 23 1
50 24 7
50 25 9
50 26 13
50 27 4
50 29 13
50 30 9
50 33 7
50 42 1
50 44 4
50 47 7
51 0 11
51 3 2
51 4 10
51 5 1
51 9 9
51 10 10
51 11 13
51 12 12
51 16 6
51 17 7
51 19 11
51 21 7
51 26 10
51 28 10
51 34 6
51 37 3
51 38 11
51 39 2
51 41 1
51 42 7
51 43 2
51 44 2
51 46 8
51 47 3
51 48 2
51 50 10
52 0 7
52 1 5
52 6 12
52 7 1
52 9 10
52 11 3
52 12 5
52 14 7
52 16 2
52 20 3
52 21 9
52 23 4
52 25 7
52 28 10
52 29 6
52 30 6
52 31 9
52 34 11
52 35 8
52 37 4
52 38 14
52 40 6
52 42 12
52 43 5
52 44 1
52 45 1
52 47 12
52 48 12
52 49 13
52 51 8
53 0 9
53 3 3
53 6 4
53 7 1
53 10 6
53 11 13
53 12 2
53 16 5
53 17 1
53 18 6
53 19 8
53 26 12
53 28 14
53 30 2
53 32 4
53 35 9
53 36 6
53 44 6
53 45 12
53 48 14
53 51 7
54 1 11
54 2 2
54 4 5
54 8 14
54 11 8
54 12 1
54 17 2
54 18 1
54 20 1
54 21 10
54 22 1
54 25 6
54 26 5
54 29 5
54 31 6
54 33 10
54 34 5
54 35 13
54 37 1
54 40 14
54 41 1
54 42 8
54 43 13
54 44 2
54 47 4
54 48 3
54 49 8
54 51 1
54 52 7
55 0 5
55 7 12
55 8 13
55 9 13
55 10 8
55 11 4
55 12 7
55 13 10
55 15 12
55 17 5
55 24 5
55 26 11
55 29 11
55 37 7
55 39 5
55 40 5
55 42 12
55 44 1
55 45 6
55 46 13
55 49 10
55 50 11
55 53 9
56 0 10
56 1 2
56 2 13
56 4 2
56 5 13
56 8 5
56 9 12
56 11 9
56 15 8
56 18 1
56 19 9
56 20 12
56 21 9
56 25 7
56 26 6
56 27 6
56 29 8
56 30 14
56 34 1
56 36 2
56 37 14
56 38 7
56 39 14
56 41 3
56 44 9
56 47 6
56 49 14
56 51 8
57 1 5
57 4 6
57 6 5
57 9 5
57 10 13
57 13 2
57 14 5
57 16 5
57 24 8
57 25 2
57 26 14
57 27 13
57 28 14
57 32 12
57 33 13
57 35 4
57 36 1
57 38 1
57 40 2
57 41 1
57 42 10
57 43 6
57 47 13
57 48 12
57 51 6
57 52 10
57 53 11
57 54 7
58 4 2
58 5 5
58 8 10
58 10 12
58 11 4
58 13 7
58 15 3
58 16 7
58 18 7
58 19 1
58 20 1
58 21 5
58 22 9
58 25 3
58 26 6
58 28 14
58 29 2
58 31 12
58 32 8
58 34 1
58 35 13
58 38 3
58 39 5
58 44 9
58 45 3
58 46 5
58 47 5
58 48 5
58 54 13
59 0 13
59 2 8
59 4 3
59 5 7
59 6 3
59 7 9
59 14 2
59 15 13
59 16 14
59 17 10
59 21 9
59 23 11
59 25 1
59 26 10
59 27 5
59 28 12
59 30 13
59 35 13
59 37 7
59 39 4
59 40 1
59 41 13
59 46 2
59 48 3
59 50 13
59 51 8
59 52 2
59 53 7
59 54 5
59 56 1
60 1 5
60 2 2
60 6 14
60 8 13
60 11 5
60 13 12
60 14 6
60 15 13
60 16 5
60 19 5
60 20 11
60 22 11
60 25 4
60 26 2
60 27 6
60 28 7
60 30 6
60 32 5
60 33 13
60 35 4
60 38 3
60 40 5
60 41 4
60 42 10
60 45 13
60 46 10
60 47 4
60 49 1
60 50 4
60 52 1
60 56 11
60 57 5
61 0 1
61 3 13
61 4 7
61 8 8
61 11 12
61 14 12
61 15 9
61 17 11
61 19 11
61 20 14
61 22 2
61 23 10
61 27 12
61 28 2
61 29 14
61 30 12
61 32 2
61 36 12
61 37 6
61 38 5
61 40 10
61 41 11
61 42 6
61 44 6
61 50 8
61 51 12
61 53 12
61 54 6
61 55 6
61 57 1
61 58 13
61 59 4
62 0 5
62 2 9
62 6 12
62 8 11
62 9 13
62 10 10
62 13 8
62 14 11
62 15 1
62 17 13
62 21 6
62 24 8
62 25 3
62 26 3
62 27 2
62 29 5
62 30 3
62 35 3
62 36 6
62 38 2
62 39 5
62 40 1
62 41 5
62 42 8
62 44 5
62 53 10
62 54 12
62 55 14
62 58 1
62 59 5
62 60 7
63 0 13
63 3 7
63 7 14
63 11 5
63 12 3
63 13 1
63 16 11
63 18 14
63 19 14
63 22 4
63 23 2
63 25 9
63 26 3
63 27 14
63 29 5
63 33 10
63 34 7
63 35 3
63 36 6
63 46 8
63 48 7
63 49 11
63 51 4
63 52 5
63 54 5
63 55 4
63 56 11
63 59 7
63 60 4
64 0 4
64 1 3
64 2 6
64 3 11
64 4 13
64 5 4
64 8 11
64 9 7
64 16 8
64 17 3
64 19 3
64 21 1
64 23 13
64 25 11
64 26 3
64 27 2
64 29 13
64 32 11
64 33 1
64 34 3
64 37 10
64 38 4
64 40 5
64 42 2
64 43 3
64 45 6
64 47 3
64 50 8
64 52 1
64 54 11
64 55 3
64 57 14
64 59 11
64 60 2
64 62 10
64 63 6
65 0 7
65 2 10
65 5 2
65 10 10
65 11 3
65 12 9
65 13 11
65 17 1
65 18 5
65 19 3
65 22 5
65 24 10
65 28 2
65 30 7
65 41 6
65 42 1
65 46 6
65 48 6
65 49 14
65 50 12
65 53 7
65 54 8
65 60 12
65 61 11
65 62 9
65 63 6
66 1 5
66 2 13
66 4 8
66 5 4
66 6 12
66 10 5
66 14 12
66 18 5
66 21 7
66 22 5
66 23 9
66 25 7
66 26 10
66 28 5
66 29 10
66 30 2
66 33 1
66 34 14
66 35 2
66 36 13
66 38 8
66 40 8
66 41 8
66 42 10
66 43 8
66 47 12
66 50 10
66 52 7
66 53 4
66 58 5
66 60 12
66 61 11
66 65 2
67 1 1
67 5 6
67 6 4
67 7 8
67 11 4
67 12 12
67 13 14
67 14 10
67 19 14
67 22 14
67 23 1
67 25 9
67 26 5
67 27 4
67 28 3
67 30 5
67 31 3
67 35 4
67 37 3
67 38 10
67 39 9
67 40 2
67 47 9
67 52 8
67 53 4
67 55 8
67 56 8
67 58 12
67 63 2
67 65 10
68 1 11
68 2 9
68 4 3
68 5 1
68 7 5
68 11 2
68 16 11
68 18 2
68 21 13
68 23 13
68 24 11
68 25 1
68 27 1
68 28 9
68 30 9
68 32 13
68 34 14
68 38 9
68 41 13
68 43 11
68 44 7
68 45 12
68 46 1
68 47 10
68 56 9
68 57 10
68 58 2
68 61 3
68 62 8
68 64 11
68 65 1
68 67 9
69 5 10
69 6 10
69 8 14
69 10 14
69 22 5
69 23 10
69 27 14
69 28 11
69 29 4
69 30 4
69 32 11
69 33 5
69 35 13
69 39 1
69 40 1
69 41 1
69 48 8
69 49 12
69 50 8
69 52 12
69 54 13
69 57 3
69 59 4
69 60 10
69 61 12
69 62 3
69 64 13
