20
4 0 10
4 1 5
4 2 1
5 2 9
6 1 5
7 0 9
7 1 3
7 4 5
8 1 6
8 3 6
8 4 6
8 6 1
8 7 4
9 0 4
9 8 3
10 0 9
10 5 5
10 7 5
10 8 7
11 0 7
11 2 9
11 6 4
11 7 3
11 8 11
11 9 10
12 4 12
12 6 5
12 8 2
12 9 9
12 10 6
13 2 11
13 3 9
13 4 2
13 6 10
13 8 6
13 9 8
13 10 8
13 12 7
14 3 12
14 6 2
14 9 4
14 10 12
14 11 11
15 0 4
15 1 2
15 4 4
15 5 1
15 6 5
15 9 7
15 10 2
15 12 8
16 1 3
16 2 8
16 3 10
16 5 5
16 7 2
16 8 2
16 10 11
16 12 5
16 13 6
16 14 10
17 1 1
17 4 8
17 9 9
17 10 3
17 11 11
17 15 2
18 0 8
18 1 11
18 2 1
18 3 11
18 8 3
18 9 12
18 10 3
18 12 5
18 13 3
18 14 9
18 15 11
19 0 8
19 9 4
19 11 12
19 13 9
19 15 1
