15
1 0 12
2 0 11
2 1 2
3 0 5
3 1 4
3 2 7
4 0 13
4 1 1
4 2 13
4 3 6
5 0 2
5 1 2
5 2 5
5 3 4
5 4 10
6 0 13
6 1 5
6 2 5
6 3 10
6 4 12
6 5 7
7 0 8
7 1 4
7 2 10
7 3 13
7 4 12
7 5 1
7 6 5
8 0 4
8 1 4
8 2 11
8 3 13
8 4 2
8 5 11
8 6 2
8 7 12
9 0 11
9 1 3
9 2 8
9 3 1
9 4 13
9 5 10
9 6 8
9 7 4
9 8 13
10 0 11
10 1 3
10 2 13
10 3 8
10 4 1
10 5 13
10 6 4
10 7 9
10 8 10
10 9 11
11 0 2
11 1 12
11 2 2
11 3 9
11 4 7
11 5 9
11 6 10
11 7 7
11 8 9
11 9 5
11 10 4
12 0 6
12 1 9
12 2 9
12 3 8
12 4 1
12 5 7
12 6 3
12 7 5
12 8 2
12 9 3
12 10 7
12 11 12
13 0 13
13 1 7
13 2 7
13 3 8
13 4 7
13 5 13
13 6 1
13 7 7
13 8 8
13 9 10
13 10 2
13 11 12
13 12 9
14 0 12
14 1 12
14 2 9
14 3 12
14 4 3
14 5 1
14 6 7
14 7 2
14 8 1
14 9 9
14 10 3
14 11 1
14 12 8
14 13 6
