60
1 0 2
2 0 3
2 1 4
3 0 4
3 1 1
3 2 1
4 0 3
4 1 3
4 2 4
4 3 3
5 0 3
5 1 4
5 2 1
5 3 3
5 4 2
6 0 2
6 1 2
6 2 1
6 3 2
6 4 2
6 5 3
7 0 4
7 1 1
7 2 2
7 3 2
7 4 2
7 5 2
7 6 3
8 0 4
8 1 3
8 2 4
8 3 4
8 4 1
8 5 4
8 6 1
8 7 1
9 0 4
9 1 2
9 2 4
9 3 1
9 4 1
9 5 4
9 6 2
9 7 2
9 8 1
10 0 1
10 1 3
10 2 3
10 3 2
10 4 3
10 5 1
10 6 3
10 7 4
10 8 3
10 9 1
11 0 2
11 1 3
11 2 2
11 3 1
11 4 3
11 5 3
11 6 4
11 7 2
11 8 1
11 9 1
11 10 1
12 0 4
12 1 3
12 2 3
12 3 4
12 4 3
12 5 3
12 6 1
12 7 2
12 8 4
12 9 2
12 10 3
12 11 4
13 0 4
13 1 1
13 2 1
13 3 1
13 4 3
13 5 2
13 6 3
13 7 4
13 8 4
13 9 3
13 10 1
13 11 3
13 12 2
14 0 3
14 1 4
14 2 1
14 3 2
14 4 3
14 5 1
14 6 3
14 7 1
14 8 2
14 9 3
14 10 4
14 11 1
14 12 3
14 13 4
15 0 3
15 1 3
15 2 2
15 3 3
15 4 1
15 5 3
15 6 4
15 7 2
15 8 4
15 9 3
15 10 4
15 11 1
15 12 2
15 13 2
15 14 4
16 0 3
16 1 3
16 2 2
16 3 3
16 4 1
16 5 3
16 6 3
16 7 4
16 8 1
16 9 4
16 10 2
16 11 3
16 12 1
16 13 2
16 14 3
16 15 2
17 0 1
17 1 1
17 2 2
17 3 1
17 4 1
17 5 2
17 6 1
17 7 3
17 8 2
17 9 1
17 10 3
17 11 4
17 12 2
17 13 3
17 14 1
17 15 3
17 16 4
18 0 2
18 1 1
18 2 3
18 3 1
18 4 3
18 5 3
18 6 3
18 7 1
18 8 3
18 9 4
18 10 2
18 11 2
18 12 1
18 13 4
18 14 4
18 15 4
18 16 2
18 17 1
19 0 3
19 1 2
19 2 2
19 3 2
19 4 2
19 5 3
19 6 1
19 7 2
19 8 1
19 9 3
19 10 4
19 11 4
19 12 2
19 13 1
19 14 1
19 15 3
19 16 3
19 17 4
19 18 3
20 0 3
20 1 4
20 2 3
20 3 2
20 4 1
20 5 1
20 6 2
20 7 4
20 8 1
20 9 4
20 10 3
20 11 4
20 12 4
20 13 2
20 14 3
20 15 2
20 16 4
20 17 2
20 18 4
20 19 4
21 0 2
21 1 1
21 2 2
21 3 3
21 4 2
21 5 4
21 6 2
21 7 1
21 8 3
21 9 4
21 10 3
21 11 3
21 12 1
21 13 2
21 14 1
21 15 2
21 16 1
21 17 4
21 18 4
21 19 1
21 20 4
22 0 1
22 1 3
22 2 2
22 3 1
22 4 4
22 5 4
22 6 4
22 7 2
22 8 4
22 9 2
22 10 2
22 11 1
22 12 3
22 13 3
22 14 4
22 15 2
22 16 1
22 17 3
22 18 2
22 19 3
22 20 2
22 21 2
23 0 3
23 1 1
23 2 4
23 3 1
23 4 3
23 5 3
23 6 3
23 7 2
23 8 2
23 9 3
23 10 4
23 11 4
23 12 1
23 13 3
23 14 2
23 15 4
23 16 4
23 17 4
23 18 1
23 19 2
23 20 3
23 21 4
23 22 1
24 0 2
24 1 4
24 2 4
24 3 3
24 4 4
24 5 1
24 6 3
24 7 2
24 8 1
24 9 2
24 10 2
24 11 2
24 12 2
24 13 3
24 14 1
24 15 4
24 16 1
24 17 3
24 18 3
24 19 2
24 20 1
24 21 4
24 22 3
24 23 1
25 0 1
25 1 2
25 2 1
25 3 2
25 4 2
25 5 3
25 6 2
25 7 2
25 8 4
25 9 2
25 10 4
25 11 2
25 12 3
25 13 1
25 14 2
25 15 4
25 16 2
25 17 2
25 18 4
25 19 2
25 20 3
25 21 4
25 22 4
25 23 2
25 24 1
26 0 4
26 1 3
26 2 3
26 3 2
26 4 4
26 5 4
26 6 3
26 7 2
26 8 2
26 9 1
26 10 1
26 11 1
26 12 1
26 13 2
26 14 4
26 15 4
26 16 3
26 17 3
26 18 1
26 19 2
26 20 4
26 21 4
26 22 4
26 23 3
26 24 3
26 25 3
27 0 3
27 1 3
27 2 1
27 3 4
27 4 4
27 5 1
27 6 4
27 7 4
27 8 2
27 9 1
27 10 2
27 11 2
27 12 4
27 13 3
27 14 2
27 15 4
27 16 2
27 17 1
27 18 2
27 19 2
27 20 4
27 21 1
27 22 2
27 23 4
27 24 2
27 25 3
27 26 4
28 0 2
28 1 4
28 2 2
28 3 1
28 4 3
28 5 4
28 6 1
28 7 4
28 8 2
28 9 3
28 10 4
28 11 1
28 12 1
28 13 3
28 14 1
28 15 1
28 16 3
28 17 3
28 18 1
28 19 3
28 20 3
28 21 2
28 22 1
28 23 3
28 24 2
28 25 4
28 26 4
28 27 3
29 0 4
29 1 1
29 2 2
29 3 2
29 4 3
29 5 3
29 6 3
29 7 2
29 8 3
29 9 3
29 10 3
29 11 1
29 12 3
29 13 3
29 14 1
29 15 1
29 16 4
29 17 4
29 18 2
29 19 1
29 20 2
29 21 2
29 22 1
29 23 2
29 24 1
29 25 3
29 26 1
29 27 2
29 28 3
30 0 4
30 1 4
30 2 2
30 3 3
30 4 4
30 5 2
30 6 3
30 7 4
30 8 1
30 9 2
30 10 2
30 11 3
30 12 2
30 13 3
30 14 1
30 15 3
30 16 4
30 17 4
30 18 2
30 19 1
30 20 4
30 21 1
30 22 4
30 23 2
30 24 4
30 25 3
30 26 4
30 27 3
30 28 2
30 29 3
31 0 3
31 1 3
31 2 4
31 3 2
31 4 4
31 5 3
31 6 3
31 7 3
31 8 4
31 9 4
31 10 3
31 11 3
31 12 3
31 13 2
31 14 4
31 15 1
31 16 4
31 17 1
31 18 4
31 19 1
31 20 3
31 21 4
31 22 1
31 23 2
31 24 1
31 25 4
31 26 4
31 27 3
31 28 4
31 29 1
31 30 4
32 0 3
32 1 2
32 2 2
32 3 3
32 4 2
32 5 1
32 6 3
32 7 3
32 8 1
32 9 4
32 10 4
32 11 3
32 12 2
32 13 2
32 14 1
32 15 4
32 16 3
32 17 2
32 18 1
32 19 1
32 20 3
32 21 2
32 22 3
32 23 4
32 24 3
32 25 4
32 26 4
32 27 1
32 28 2
32 29 4
32 30 3
32 31 1
33 0 1
33 1 2
33 2 3
33 3 2
33 4 4
33 5 4
33 6 3
33 7 4
33 8 3
33 9 4
33 10 1
33 11 1
33 12 4
33 13 3
33 14 4
33 15 1
33 16 4
33 17 1
33 18 4
33 19 1
33 20 4
33 21 3
33 22 4
33 23 2
33 24 1
33 25 4
33 26 4
33 27 4
33 28 3
33 29 3
33 30 1
33 31 4
33 32 2
34 0 2
34 1 2
34 2 3
34 3 2
34 4 2
34 5 1
34 6 3
34 7 4
34 8 2
34 9 2
34 10 1
34 11 4
34 12 4
34 13 2
34 14 3
34 15 3
34 16 3
34 17 4
34 18 4
34 19 2
34 20 4
34 21 4
34 22 3
34 23 3
34 24 2
34 25 3
34 26 4
34 27 1
34 28 2
34 29 4
34 30 4
34 31 3
34 32 1
34 33 4
35 0 2
35 1 2
35 2 2
35 3 3
35 4 2
35 5 3
35 6 1
35 7 4
35 8 4
35 9 1
35 10 3
35 11 1
35 12 2
35 13 4
35 14 4
35 15 4
35 16 4
35 17 1
35 18 1
35 19 1
35 20 2
35 21 2
35 22 4
35 23 4
35 24 3
35 25 4
35 26 2
35 27 2
35 28 3
35 29 1
35 30 4
35 31 4
35 32 1
35 33 2
35 34 3
36 0 3
36 1 1
36 2 1
36 3 3
36 4 1
36 5 2
36 6 4
36 7 4
36 8 3
36 9 1
36 10 3
36 11 4
36 12 3
36 13 2
36 14 1
36 15 3
36 16 4
36 17 3
36 18 1
36 19 3
36 20 3
36 21 2
36 22 2
36 23 1
36 24 3
36 25 4
36 26 4
36 27 4
36 28 3
36 29 4
36 30 1
36 31 2
36 32 4
36 33 3
36 34 2
36 35 1
37 0 3
37 1 2
37 2 4
37 3 1
37 4 3
37 5 3
37 6 2
37 7 4
37 8 4
37 9 4
37 10 2
37 11 2
37 12 2
37 13 1
37 14 2
37 15 4
37 16 3
37 17 4
37 18 1
37 19 3
37 20 4
37 21 4
37 22 1
37 23 2
37 24 2
37 25 3
37 26 1
37 27 1
37 28 1
37 29 3
37 30 2
37 31 1
37 32 4
37 33 4
37 34 2
37 35 3
37 36 2
38 0 2
38 1 1
38 2 2
38 3 4
38 4 2
38 5 4
38 6 2
38 7 2
38 8 1
38 9 2
38 10 4
38 11 3
38 12 2
38 13 3
38 14 3
38 15 1
38 16 3
38 17 4
38 18 3
38 19 2
38 20 2
38 21 4
38 22 3
38 23 4
38 24 2
38 25 4
38 26 4
38 27 3
38 28 2
38 29 3
38 30 3
38 31 2
38 32 4
38 33 3
38 34 1
38 35 3
38 36 3
38 37 1
39 0 3
39 1 4
39 2 1
39 3 2
39 4 4
39 5 2
39 6 3
39 7 4
39 8 3
39 9 3
39 10 1
39 11 1
39 12 2
39 13 1
39 14 3
39 15 3
39 16 2
39 17 4
39 18 2
39 19 3
39 20 3
39 21 1
39 22 3
39 23 2
39 24 1
39 25 4
39 26 2
39 27 3
39 28 3
39 29 3
39 30 2
39 31 1
39 32 3
39 33 4
39 34 4
39 35 2
39 36 3
39 37 4
39 38 4
40 0 2
40 1 4
40 2 4
40 3 2
40 4 4
40 5 1
40 6 3
40 7 4
40 8 4
40 9 4
40 10 2
40 11 3
40 12 2
40 13 3
40 14 1
40 15 4
40 16 1
40 17 2
40 18 3
40 19 3
40 20 2
40 21 1
40 22 1
40 23 2
40 24 2
40 25 4
40 26 4
40 27 2
40 28 3
40 29 2
40 30 2
40 31 2
40 32 3
40 33 1
40 34 1
40 35 1
40 36 4
40 37 2
40 38 4
40 39 4
41 0 4
41 1 3
41 2 4
41 3 3
41 4 2
41 5 3
41 6 3
41 7 4
41 8 4
41 9 2
41 10 2
41 11 3
41 12 1
41 13 4
41 14 1
41 15 2
41 16 3
41 17 2
41 18 2
41 19 3
41 20 4
41 21 3
41 22 3
41 23 1
41 24 4
41 25 4
41 26 3
41 27 1
41 28 4
41 29 1
41 30 1
41 31 4
41 32 3
41 33 3
41 34 1
41 35 3
41 36 3
41 37 1
41 38 1
41 39 2
41 40 4
42 0 1
42 1 4
42 2 2
42 3 4
42 4 4
42 5 1
42 6 4
42 7 1
42 8 3
42 9 1
42 10 4
42 11 4
42 12 4
42 13 2
42 14 2
42 15 1
42 16 2
42 17 4
42 18 1
42 19 4
42 20 1
42 21 2
42 22 4
42 23 3
42 24 2
42 25 4
42 26 4
42 27 3
42 28 3
42 29 3
42 30 3
42 31 4
42 32 3
42 33 3
42 34 2
42 35 3
42 36 4
42 37 4
42 38 1
42 39 3
42 40 4
42 41 2
43 0 2
43 1 4
43 2 4
43 3 2
43 4 1
43 5 2
43 6 2
43 7 4
43 8 1
43 9 4
43 10 1
43 11 1
43 12 3
43 13 2
43 14 2
43 15 3
43 16 4
43 17 4
43 18 1
43 19 3
43 20 3
43 21 4
43 22 1
43 23 2
43 24 3
43 25 1
43 26 2
43 27 3
43 28 2
43 29 2
43 30 2
43 31 4
43 32 4
43 33 3
43 34 3
43 35 2
43 36 1
43 37 3
43 38 1
43 39 1
43 40 2
43 41 1
43 42 1
44 0 4
44 1 4
44 2 4
44 3 3
44 4 4
44 5 3
44 6 1
44 7 3
44 8 3
44 9 3
44 10 4
44 11 3
44 12 4
44 13 3
44 14 2
44 15 2
44 16 1
44 17 1
44 18 2
44 19 4
44 20 2
44 21 2
44 22 4
44 23 1
44 24 3
44 25 1
44 26 4
44 27 1
44 28 1
44 29 3
44 30 1
44 31 1
44 32 2
44 33 4
44 34 1
44 35 4
44 36 4
44 37 2
44 38 4
44 39 3
44 40 3
44 41 3
44 42 3
44 43 4
45 0 2
45 1 2
45 2 1
45 3 3
45 4 2
45 5 2
45 6 4
45 7 4
45 8 1
45 9 3
45 10 3
45 11 2
45 12 3
45 13 3
45 14 3
45 15 4
45 16 4
45 17 2
45 18 3
45 19 3
45 20 2
45 21 2
45 22 2
45 23 3
45 24 4
45 25 2
45 26 2
45 27 1
45 28 2
45 29 4
45 30 3
45 31 3
45 32 3
45 33 3
45 34 3
45 35 3
45 36 1
45 37 1
45 38 2
45 39 3
45 40 1
45 41 2
45 42 1
45 43 1
45 44 3
46 0 1
46 1 4
46 2 3
46 3 4
46 4 2
46 5 3
46 6 4
46 7 4
46 8 2
46 9 1
46 10 1
46 11 3
46 12 3
46 13 1
46 14 4
46 15 2
46 16 1
46 17 1
46 18 3
46 19 2
46 20 2
46 21 4
46 22 4
46 23 1
46 24 4
46 25 4
46 26 3
46 27 1
46 28 3
46 29 2
46 30 3
46 31 4
46 32 4
46 33 2
46 34 3
46 35 3
46 36 1
46 37 3
46 38 4
46 39 1
46 40 2
46 41 4
46 42 2
46 43 4
46 44 1
46 45 3
47 0 4
47 1 1
47 2 2
47 3 3
47 4 3
47 5 3
47 6 4
47 7 4
47 8 1
47 9 2
47 10 1
47 11 4
47 12 1
47 13 4
47 14 2
47 15 1
47 16 2
47 17 4
47 18 4
47 19 4
47 20 1
47 21 3
47 22 1
47 23 3
47 24 1
47 25 4
47 26 3
47 27 2
47 28 2
47 29 2
47 30 1
47 31 4
47 32 3
47 33 1
47 34 3
47 35 1
47 36 4
47 37 3
47 38 4
47 39 4
47 40 4
47 41 4
47 42 3
47 43 1
47 44 4
47 45 2
47 46 1
48 0 2
48 1 2
48 2 4
48 3 2
48 4 3
48 5 1
48 6 2
48 7 3
48 8 1
48 9 4
48 10 4
48 11 1
48 12 4
48 13 3
48 14 1
48 15 1
48 16 4
48 17 2
48 18 4
48 19 4
48 20 4
48 21 3
48 22 2
48 23 3
48 24 1
48 25 2
48 26 2
48 27 4
48 28 1
48 29 1
48 30 2
48 31 1
48 32 2
48 33 1
48 34 4
48 35 2
48 36 3
48 37 3
48 38 4
48 39 2
48 40 3
48 41 4
48 42 3
48 43 2
48 44 4
48 45 4
48 46 2
48 47 1
49 0 4
49 1 2
49 2 3
49 3 2
49 4 3
49 5 1
49 6 4
49 7 1
49 8 1
49 9 1
49 10 2
49 11 3
49 12 2
49 13 2
49 14 2
49 15 4
49 16 1
49 17 2
49 18 4
49 19 4
49 20 2
49 21 3
49 22 4
49 23 1
49 24 3
49 25 4
49 26 3
49 27 2
49 28 4
49 29 1
49 30 3
49 31 2
49 32 3
49 33 4
49 34 2
49 35 1
49 36 4
49 37 4
49 38 1
49 39 4
49 40 2
49 41 4
49 42 3
49 43 2
49 44 2
49 45 2
49 46 3
49 47 2
49 48 1
50 0 1
50 1 3
50 2 1
50 3 3
50 4 3
50 5 4
50 6 1
50 7 4
50 8 3
50 9 2
50 10 3
50 11 2
50 12 2
50 13 2
50 14 4
50 15 4
50 16 4
50 17 1
50 18 3
50 19 3
50 20 2
50 21 1
50 22 2
50 23 3
50 24 1
50 25 1
50 26 2
50 27 4
50 28 2
50 29 1
50 30 3
50 31 2
50 32 3
50 33 2
50 34 2
50 35 1
50 36 3
50 37 3
50 38 4
50 39 3
50 40 3
50 41 4
50 42 3
50 43 2
50 44 2
50 45 4
50 46 4
50 47 2
50 48 3
50 49 2
51 0 2
51 1 4
51 2 4
51 3 4
51 4 1
51 5 2
51 6 4
51 7 3
51 8 3
51 9 2
51 10 1
51 11 3
51 12 4
51 13 1
51 14 2
51 15 4
51 16 1
51 17 1
51 18 4
51 19 4
51 20 1
51 21 2
51 22 2
51 23 1
51 24 3
51 25 3
51 26 2
51 27 1
51 28 1
51 29 3
51 30 3
51 31 2
51 32 3
51 33 4
51 34 3
51 35 3
51 36 2
51 37 4
51 38 3
51 39 2
51 40 3
51 41 3
51 42 1
51 43 2
51 44 1
51 45 2
51 46 4
51 47 2
51 48 3
51 49 4
51 50 3
52 0 3
52 1 2
52 2 2
52 3 4
52 4 3
52 5 2
52 6 4
52 7 4
52 8 2
52 9 3
52 10 3
52 11 2
52 12 2
52 13 3
52 14 2
52 15 2
52 16 2
52 17 4
52 18 1
52 19 1
52 20 2
52 21 2
52 22 3
52 23 3
52 24 2
52 25 4
52 26 1
52 27 1
52 28 2
52 29 4
52 30 3
52 31 1
52 32 2
52 33 1
52 34 3
52 35 1
52 36 3
52 37 4
52 38 3
52 39 3
52 40 2
52 41 2
52 42 3
52 43 1
52 44 3
52 45 2
52 46 3
52 47 1
52 48 1
52 49 3
52 50 4
52 51 2
53 0 2
53 1 1
53 2 1
53 3 4
53 4 2
53 5 2
53 6 4
53 7 1
53 8 4
53 9 3
53 10 4
53 11 3
53 12 1
53 13 3
53 14 3
53 15 2
53 16 2
53 17 3
53 18 2
53 19 4
53 20 1
53 21 4
53 22 3
53 23 2
53 24 1
53 25 3
53 26 3
53 27 3
53 28 3
53 29 4
53 30 1
53 31 3
53 32 1
53 33 1
53 34 2
53 35 4
53 36 4
53 37 4
53 38 1
53 39 4
53 40 4
53 41 3
53 42 3
53 43 3
53 44 1
53 45 1
53 46 1
53 47 1
53 48 1
53 49 2
53 50 3
53 51 1
53 52 1
54 0 1
54 1 2
54 2 2
54 3 4
54 4 1
54 5 1
54 6 4
54 7 1
54 8 2
54 9 4
54 10 2
54 11 1
54 12 2
54 13 1
54 14 2
54 15 4
54 16 2
54 17 4
54 18 4
54 19 2
54 20 3
54 21 3
54 22 4
54 23 4
54 24 3
54 25 1
54 26 4
54 27 4
54 28 4
54 29 2
54 30 3
54 31 1
54 32 3
54 33 2
54 34 4
54 35 3
54 36 2
54 37 1
54 38 2
54 39 2
54 40 4
54 41 1
54 42 4
54 43 2
54 44 1
54 45 3
54 46 3
54 47 4
54 48 2
54 49 3
54 50 4
54 51 4
54 52 1
54 53 3
55 0 4
55 1 3
55 2 4
55 3 3
55 4 1
55 5 1
55 6 2
55 7 1
55 8 2
55 9 1
55 10 3
55 11 1
55 12 1
55 13 2
55 14 4
55 15 1
55 16 3
55 17 2
55 18 1
55 19 1
55 20 4
55 21 3
55 22 1
55 23 4
55 24 1
55 25 4
55 26 1
55 27 1
55 28 4
55 29 3
55 30 3
55 31 4
55 32 4
55 33 2
55 34 3
55 35 4
55 36 4
55 37 1
55 38 1
55 39 3
55 40 1
55 41 3
55 42 2
55 43 2
55 44 1
55 45 2
55 46 4
55 47 3
55 48 1
55 49 4
55 50 4
55 51 4
55 52 2
55 53 3
55 54 2
56 0 2
56 1 2
56 2 3
56 3 3
56 4 4
56 5 2
56 6 3
56 7 3
56 8 2
56 9 3
56 10 4
56 11 2
56 12 1
56 13 2
56 14 2
56 15 2
56 16 4
56 17 3
56 18 2
56 19 4
56 20 2
56 21 3
56 22 2
56 23 4
56 24 4
56 25 4
56 26 1
56 27 3
56 28 2
56 29 1
56 30 3
56 31 4
56 32 3
56 33 3
56 34 3
56 35 2
56 36 2
56 37 3
56 38 3
56 39 2
56 40 4
56 41 1
56 42 1
56 43 1
56 44 3
56 45 2
56 46 2
56 47 1
56 48 3
56 49 2
56 50 2
56 51 1
56 52 1
56 53 4
56 54 3
56 55 4
57 0 3
57 1 1
57 2 3
57 3 4
57 4 4
57 5 4
57 6 1
57 7 2
57 8 1
57 9 4
57 10 4
57 11 1
57 12 2
57 13 2
57 14 2
57 15 2
57 16 4
57 17 3
57 18 1
57 19 3
57 20 3
57 21 4
57 22 2
57 23 4
57 24 1
57 25 3
57 26 1
57 27 1
57 28 4
57 29 4
57 30 2
57 31 3
57 32 3
57 33 3
57 34 3
57 35 3
57 36 1
57 37 2
57 38 1
57 39 2
57 40 2
57 41 1
57 42 4
57 43 1
57 44 1
57 45 4
57 46 3
57 47 3
57 48 3
57 49 3
57 50 2
57 51 1
57 52 3
57 53 1
57 54 2
57 55 3
57 56 4
58 0 1
58 1 1
58 2 4
58 3 1
58 4 4
58 5 2
58 6 4
58 7 3
58 8 1
58 9 4
58 10 3
58 11 4
58 12 1
58 13 3
58 14 1
58 15 3
58 16 3
58 17 1
58 18 3
58 19 1
58 20 1
58 21 3
58 22 4
58 23 4
58 24 4
58 25 4
58 26 3
58 27 1
58 28 2
58 29 3
58 30 1
58 31 1
58 32 2
58 33 2
58 34 1
58 35 3
58 36 3
58 37 2
58 38 4
58 39 4
58 40 3
58 41 1
58 42 1
58 43 3
58 44 2
58 45 3
58 46 3
58 47 4
58 48 2
58 49 2
58 50 4
58 51 3
58 52 3
58 53 2
58 54 1
58 55 1
58 56 2
58 57 2
59 0 2
59 1 4
59 2 1
59 3 3
59 4 4
59 5 3
59 6 1
59 7 4
59 8 2
59 9 2
59 10 4
59 11 2
59 12 2
59 13 1
59 14 3
59 15 3
59 16 3
59 17 2
59 18 2
59 19 3
59 20 4
59 21 4
59 22 4
59 23 2
59 24 3
59 25 3
59 26 3
59 27 2
59 28 1
59 29 4
59 30 2
59 31 3
59 32 4
59 33 3
59 34 3
59 35 1
59 36 4
59 37 1
59 38 2
59 39 2
59 40 3
59 41 2
59 42 4
59 43 1
59 44 4
59 45 3
59 46 4
59 47 4
59 48 3
59 49 2
59 50 3
59 51 3
59 52 3
59 53 1
59 54 4
59 55 3
59 56 3
59 57 4
59 58 3
