70
1 0 1
2 0 2
2 1 3
3 0 1
3 1 2
3 2 2
4 0 2
4 1 3
4 2 1
4 3 3
5 0 3
5 1 1
5 2 1
5 3 2
5 4 3
6 0 1
6 1 2
6 2 2
6 3 1
6 4 2
6 5 2
7 0 1
7 1 3
7 2 1
7 3 1
7 4 1
7 5 1
7 6 1
8 0 2
8 1 1
8 2 1
8 3 2
8 4 1
8 5 3
8 6 3
8 7 3
9 0 3
9 1 2
9 2 2
9 3 2
9 4 2
9 5 2
9 6 3
9 7 2
9 8 1
10 0 3
10 1 2
10 2 2
10 3 1
10 4 3
10 5 1
10 6 3
10 7 2
10 8 1
10 9 2
11 0 3
11 1 1
11 2 1
11 3 3
11 4 1
11 5 3
11 6 3
11 7 3
11 8 3
11 9 3
11 10 3
12 0 3
12 1 2
12 2 1
12 3 2
12 4 3
12 5 3
12 6 2
12 7 2
12 8 1
12 9 3
12 10 3
12 11 1
13 0 1
13 1 1
13 2 3
13 3 3
13 4 1
13 5 2
13 6 1
13 7 3
13 8 3
13 9 2
13 10 2
13 11 3
13 12 3
14 0 1
14 1 1
14 2 2
14 3 1
14 4 1
14 5 3
14 6 2
14 7 3
14 8 3
14 9 3
14 10 1
14 11 3
14 12 3
14 13 2
15 0 2
15 1 2
15 2 2
15 3 3
15 4 3
15 5 3
15 6 1
15 7 3
15 8 1
15 9 2
15 10 1
15 11 2
15 12 3
15 13 2
15 14 3
16 0 2
16 1 2
16 2 3
16 3 3
16 4 3
16 5 1
16 6 3
16 7 3
16 8 3
16 9 3
16 10 3
16 11 1
16 12 3
16 13 3
16 14 1
16 15 3
17 0 2
17 1 1
17 2 1
17 3 3
17 4 3
17 5 1
17 6 2
17 7 2
17 8 1
17 9 2
17 10 1
17 11 2
17 12 1
17 13 2
17 14 3
17 15 1
17 16 1
18 0 3
18 1 1
18 2 2
18 3 1
18 4 3
18 5 2
18 6 3
18 7 1
18 8 2
18 9 2
18 10 1
18 11 1
18 12 1
18 13 2
18 14 1
18 15 2
18 16 3
18 17 1
19 0 1
19 1 2
19 2 3
19 3 2
19 4 3
19 5 1
19 6 3
19 7 2
19 8 1
19 9 3
19 10 1
19 11 2
19 12 2
19 13 2
19 14 1
19 15 3
19 16 3
19 17 3
19 18 2
20 0 1
20 1 1
20 2 1
20 3 1
20 4 2
20 5 1
20 6 2
20 7 2
20 8 1
20 9 2
20 10 2
20 11 1
20 12 1
20 13 3
20 14 3
20 15 3
20 16 2
20 17 1
20 18 2
20 19 2
21 0 1
21 1 1
21 2 3
21 3 3
21 4 3
21 5 1
21 6 1
21 7 3
21 8 1
21 9 2
21 10 3
21 11 2
21 12 3
21 13 1
21 14 3
21 15 2
21 16 3
21 17 2
21 18 1
21 19 2
21 20 1
22 0 1
22 1 2
22 2 2
22 3 1
22 4 3
22 5 1
22 6 2
22 7 1
22 8 3
22 9 1
22 10 3
22 11 3
22 12 3
22 13 1
22 14 3
22 15 3
22 16 2
22 17 2
22 18 2
22 19 3
22 20 2
22 21 3
23 0 2
23 1 2
23 2 1
23 3 2
23 4 1
23 5 1
23 6 3
23 7 3
23 8 3
23 9 3
23 10 2
23 11 1
23 12 2
23 13 3
23 14 3
23 15 3
23 16 3
23 17 3
23 18 2
23 19 1
23 20 3
23 21 2
23 22 3
24 0 1
24 1 2
24 2 2
24 3 3
24 4 1
24 5 3
24 6 1
24 7 2
24 8 2
24 9 2
24 10 1
24 11 3
24 12 2
24 13 1
24 14 3
24 15 3
24 16 1
24 17 2
24 18 1
24 19 3
24 20 1
24 21 1
24 22 2
24 23 1
25 0 3
25 1 2
25 2 1
25 3 1
25 4 3
25 5 3
25 6 1
25 7 2
25 8 2
25 9 3
25 10 1
25 11 3
25 12 2
25 13 1
25 14 3
25 15 3
25 16 3
25 17 2
25 18 3
25 19 3
25 20 1
25 21 1
25 22 2
25 23 1
25 24 1
26 0 2
26 1 3
26 2 1
26 3 3
26 4 2
26 5 1
26 6 2
26 7 2
26 8 2
26 9 3
26 10 2
26 11 3
26 12 1
26 13 3
26 14 1
26 15 1
26 16 3
26 17 3
26 18 2
26 19 1
26 20 1
26 21 2
26 22 2
26 23 2
26 24 1
26 25 1
27 0 2
27 1 1
27 2 3
27 3 1
27 4 1
27 5 3
27 6 3
27 7 3
27 8 1
27 9 2
27 10 3
27 11 1
27 12 3
27 13 1
27 14 1
27 15 1
27 16 3
27 17 1
27 18 2
27 19 3
27 20 1
27 21 2
27 22 3
27 23 2
27 24 1
27 25 3
27 26 2
28 0 1
28 1 1
28 2 2
28 3 1
28 4 1
28 5 3
28 6 2
28 7 2
28 8 3
28 9 1
28 10 2
28 11 2
28 12 1
28 13 1
28 14 2
28 15 2
28 16 2
28 17 2
28 18 2
28 19 3
28 20 2
28 21 1
28 22 2
28 23 1
28 24 1
28 25 1
28 26 3
28 27 3
29 0 1
29 1 2
29 2 2
29 3 2
29 4 2
29 5 3
29 6 1
29 7 1
29 8 3
29 9 1
29 10 1
29 11 3
29 12 3
29 13 2
29 14 1
29 15 3
29 16 1
29 17 2
29 18 2
29 19 1
29 20 3
29 21 3
29 22 1
29 23 1
29 24 1
29 25 1
29 26 2
29 27 3
29 28 3
30 0 2
30 1 2
30 2 2
30 3 3
30 4 2
30 5 2
30 6 1
30 7 1
30 8 2
30 9 2
30 10 1
30 11 2
30 12 3
30 13 1
30 14 1
30 15 2
30 16 2
30 17 3
30 18 1
30 19 1
30 20 3
30 21 3
30 22 2
30 23 3
30 24 2
30 25 1
30 26 3
30 27 2
30 28 2
30 29 3
31 0 3
31 1 1
31 2 3
31 3 3
31 4 2
31 5 3
31 6 2
31 7 3
31 8 1
31 9 1
31 10 3
31 11 2
31 12 1
31 13 2
31 14 1
31 15 3
31 16 3
31 17 2
31 18 3
31 19 2
31 20 1
31 21 1
31 22 3
31 23 2
31 24 3
31 25 3
31 26 3
31 27 1
31 28 3
31 29 1
31 30 3
32 0 2
32 1 2
32 2 3
32 3 3
32 4 2
32 5 2
32 6 2
32 7 2
32 8 1
32 9 3
32 10 2
32 11 3
32 12 3
32 13 3
32 14 1
32 15 1
32 16 1
32 17 1
32 18 3
32 19 2
32 20 1
32 21 2
32 22 3
32 23 2
32 24 2
32 25 1
32 26 1
32 27 3
32 28 1
32 29 1
32 30 3
32 31 1
33 0 1
33 1 1
33 2 3
33 3 1
33 4 2
33 5 3
33 6 3
33 7 2
33 8 3
33 9 2
33 10 1
33 11 2
33 12 1
33 13 1
33 14 2
33 15 1
33 16 1
33 17 2
33 18 2
33 19 2
33 20 2
33 21 3
33 22 3
33 23 1
33 24 2
33 25 3
33 26 2
33 27 3
33 28 3
33 29 2
33 30 1
33 31 3
33 32 2
34 0 2
34 1 1
34 2 2
34 3 3
34 4 1
34 5 2
34 6 1
34 7 2
34 8 1
34 9 3
34 10 1
34 11 2
34 12 2
34 13 3
34 14 3
34 15 3
34 16 2
34 17 1
34 18 2
34 19 1
34 20 1
34 21 1
34 22 3
34 23 1
34 24 3
34 25 3
34 26 3
34 27 2
34 28 1
34 29 2
34 30 3
34 31 2
34 32 1
34 33 3
35 0 3
35 1 3
35 2 3
35 3 1
35 4 3
35 5 2
35 6 3
35 7 2
35 8 1
35 9 3
35 10 3
35 11 3
35 12 3
35 13 3
35 14 1
35 15 3
35 16 1
35 17 2
35 18 3
35 19 1
35 20 2
35 21 3
35 22 2
35 23 2
35 24 3
35 25 3
35 26 1
35 27 3
35 28 1
35 29 1
35 30 2
35 31 3
35 32 2
35 33 3
35 34 3
36 0 3
36 1 3
36 2 3
36 3 1
36 4 2
36 5 3
36 6 2
36 7 3
36 8 2
36 9 1
36 10 1
36 11 1
36 12 2
36 13 2
36 14 1
36 15 3
36 16 2
36 17 3
36 18 3
36 19 3
36 20 1
36 21 2
36 22 3
36 23 1
36 24 1
36 25 3
36 26 2
36 27 3
36 28 1
36 29 1
36 30 1
36 31 2
36 32 3
36 33 1
36 34 3
36 35 2
37 0 3
37 1 3
37 2 2
37 3 2
37 4 3
37 5 3
37 6 1
37 7 1
37 8 2
37 9 3
37 10 1
37 11 1
37 12 2
37 13 1
37 14 2
37 15 2
37 16 1
37 17 1
37 18 2
37 19 2
37 20 2
37 21 3
37 22 2
37 23 2
37 24 1
37 25 2
37 26 2
37 27 2
37 28 1
37 29 2
37 30 3
37 31 1
37 32 3
37 33 2
37 34 2
37 35 2
37 36 2
38 0 1
38 1 3
38 2 2
38 3 3
38 4 1
38 5 1
38 6 2
38 7 1
38 8 2
38 9 3
38 10 2
38 11 1
38 12 2
38 13 1
38 14 3
38 15 3
38 16 2
38 17 1
38 18 2
38 19 3
38 20 2
38 21 1
38 22 3
38 23 3
38 24 2
38 25 2
38 26 2
38 27 1
38 28 1
38 29 2
38 30 2
38 31 3
38 32 2
38 33 1
38 34 3
38 35 1
38 36 3
38 37 3
39 0 2
39 1 3
39 2 1
39 3 3
39 4 2
39 5 1
39 6 1
39 7 2
39 8 3
39 9 3
39 10 1
39 11 3
39 12 3
39 13 1
39 14 2
39 15 1
39 16 2
39 17 1
39 18 3
39 19 2
39 20 1
39 21 3
39 22 2
39 23 2
39 24 2
39 25 1
39 26 2
39 27 1
39 28 1
39 29 1
39 30 3
39 31 2
39 32 3
39 33 1
39 34 3
39 35 1
39 36 1
39 37 2
39 38 1
40 0 1
40 1 1
40 2 1
40 3 3
40 4 3
40 5 2
40 6 1
40 7 1
40 8 1
40 9 3
40 10 2
40 11 2
40 12 1
40 13 2
40 14 3
40 15 2
40 16 1
40 17 3
40 18 2
40 19 3
40 20 1
40 21 2
40 22 1
40 23 3
40 24 3
40 25 3
40 26 2
40 27 1
40 28 2
40 29 1
40 30 3
40 31 1
40 32 2
40 33 2
40 34 2
40 35 1
40 36 3
40 37 1
40 38 1
40 39 3
41 0 1
41 1 2
41 2 1
41 3 2
41 4 3
41 5 3
41 6 3
41 7 3
41 8 3
41 9 2
41 10 2
41 11 2
41 12 2
41 13 2
41 14 1
41 15 3
41 16 2
41 17 3
41 18 2
41 19 2
41 20 3
41 21 1
41 22 2
41 23 2
41 24 3
41 25 1
41 26 2
41 27 1
41 28 2
41 29 1
41 30 2
41 31 2
41 32 2
41 33 3
41 34 3
41 35 2
41 36 2
41 37 3
41 38 2
41 39 2
41 40 1
42 0 2
42 1 1
42 2 1
42 3 2
42 4 3
42 5 1
42 6 1
42 7 3
42 8 1
42 9 2
42 10 1
42 11 3
42 12 1
42 13 2
42 14 2
42 15 2
42 16 3
42 17 3
42 18 1
42 19 2
42 20 1
42 21 2
42 22 3
42 23 1
42 24 2
42 25 3
42 26 2
42 27 3
42 28 3
42 29 2
42 30 1
42 31 1
42 32 3
42 33 2
42 34 3
42 35 1
42 36 2
42 37 1
42 38 1
42 39 2
42 40 3
42 41 1
43 0 3
43 1 3
43 2 1
43 3 1
43 4 2
43 5 3
43 6 1
43 7 2
43 8 1
43 9 2
43 10 2
43 11 1
43 12 2
43 13 1
43 14 3
43 15 2
43 16 1
43 17 1
43 18 2
43 19 3
43 20 1
43 21 2
43 22 1
43 23 3
43 24 1
43 25 3
43 26 2
43 27 3
43 28 3
43 29 1
43 30 1
43 31 3
43 32 3
43 33 2
43 34 2
43 35 2
43 36 2
43 37 2
43 38 2
43 39 2
43 40 2
43 41 3
43 42 3
44 0 1
44 1 1
44 2 2
44 3 1
44 4 3
44 5 2
44 6 2
44 7 2
44 8 3
44 9 1
44 10 3
44 11 1
44 12 1
44 13 2
44 14 1
44 15 1
44 16 1
44 17 2
44 18 1
44 19 1
44 20 3
44 21 1
44 22 2
44 23 1
44 24 2
44 25 2
44 26 3
44 27 1
44 28 1
44 29 2
44 30 2
44 31 3
44 32 3
44 33 2
44 34 2
44 35 2
44 36 2
44 37 1
44 38 1
44 39 1
44 40 2
44 41 1
44 42 3
44 43 3
45 0 3
45 1 2
45 2 1
45 3 3
45 4 1
45 5 3
45 6 1
45 7 3
45 8 1
45 9 2
45 10 2
45 11 3
45 12 1
45 13 2
45 14 2
45 15 3
45 16 1
45 17 2
45 18 3
45 19 3
45 20 2
45 21 3
45 22 1
45 23 1
45 24 3
45 25 1
45 26 3
45 27 2
45 28 1
45 29 1
45 30 2
45 31 2
45 32 2
45 33 3
45 34 1
45 35 3
45 36 2
45 37 1
45 38 2
45 39 3
45 40 2
45 41 1
45 42 2
45 43 2
45 44 1
46 0 2
46 1 3
46 2 2
46 3 2
46 4 1
46 5 1
46 6 1
46 7 3
46 8 2
46 9 1
46 10 2
46 11 1
46 12 3
46 13 1
46 14 1
46 15 2
46 16 2
46 17 3
46 18 1
46 19 3
46 20 1
46 21 1
46 22 1
46 23 1
46 24 3
46 25 2
46 26 3
46 27 2
46 28 3
46 29 2
46 30 3
46 31 1
46 32 1
46 33 2
46 34 2
46 35 1
46 36 2
46 37 2
46 38 2
46 39 2
46 40 3
46 41 2
46 42 2
46 43 1
46 44 2
46 45 2
47 0 3
47 1 1
47 2 2
47 3 3
47 4 3
47 5 2
47 6 1
47 7 1
47 8 1
47 9 1
47 10 3
47 11 3
47 12 2
47 13 2
47 14 3
47 15 2
47 16 3
47 17 3
47 18 1
47 19 1
47 20 1
47 21 2
47 22 2
47 23 1
47 24 1
47 25 1
47 26 2
47 27 2
47 28 1
47 29 1
47 30 2
47 31 3
47 32 1
47 33 1
47 34 1
47 35 1
47 36 1
47 37 3
47 38 3
47 39 2
47 40 2
47 41 2
47 42 3
47 43 1
47 44 2
47 45 1
47 46 3
48 0 2
48 1 3
48 2 2
48 3 3
48 4 2
48 5 3
48 6 3
48 7 1
48 8 3
48 9 2
48 10 2
48 11 2
48 12 2
48 13 3
48 14 2
48 15 1
48 16 2
48 17 1
48 18 1
48 19 3
48 20 2
48 21 3
48 22 1
48 23 1
48 24 3
48 25 3
48 26 3
48 27 1
48 28 1
48 29 1
48 30 2
48 31 2
48 32 1
48 33 2
48 34 1
48 35 3
48 36 3
48 37 2
48 38 3
48 39 2
48 40 1
48 41 3
48 42 2
48 43 2
48 44 1
48 45 3
48 46 2
48 47 3
49 0 2
49 1 1
49 2 2
49 3 3
49 4 1
49 5 2
49 6 3
49 7 2
49 8 1
49 9 3
49 10 3
49 11 1
49 12 1
49 13 3
49 14 1
49 15 3
49 16 2
49 17 2
49 18 2
49 19 2
49 20 1
49 21 2
49 22 1
49 23 3
49 24 3
49 25 3
49 26 3
49 27 2
49 28 3
49 29 1
49 30 3
49 31 3
49 32 3
49 33 3
49 34 2
49 35 3
49 36 1
49 37 1
49 38 1
49 39 1
49 40 2
49 41 2
49 42 3
49 43 2
49 44 2
49 45 2
49 46 2
49 47 2
49 48 2
50 0 1
50 1 3
50 2 3
50 3 3
50 4 2
50 5 2
50 6 1
50 7 2
50 8 1
50 9 1
50 10 2
50 11 3
50 12 2
50 13 1
50 14 1
50 15 3
50 16 3
50 17 3
50 18 3
50 19 3
50 20 3
50 21 1
50 22 2
50 23 3
50 24 3
50 25 1
50 26 2
50 27 1
50 28 3
50 29 3
50 30 2
50 31 3
50 32 2
50 33 2
50 34 3
50 35 3
50 36 2
50 37 2
50 38 1
50 39 1
50 40 1
50 41 2
50 42 2
50 43 3
50 44 2
50 45 1
50 46 2
50 47 3
50 48 1
50 49 3
51 0 2
51 1 3
51 2 3
51 3 2
51 4 2
51 5 3
51 6 2
51 7 1
51 8 1
51 9 3
51 10 3
51 11 2
51 12 3
51 13 1
51 14 1
51 15 1
51 16 2
51 17 1
51 18 2
51 19 1
51 20 2
51 21 2
51 22 1
51 23 3
51 24 2
51 25 3
51 26 3
51 27 2
51 28 2
51 29 1
51 30 3
51 31 2
51 32 1
51 33 1
51 34 3
51 35 1
51 36 3
51 37 2
51 38 2
51 39 1
51 40 2
51 41 1
51 42 3
51 43 3
51 44 3
51 45 3
51 46 1
51 47 1
51 48 1
51 49 2
51 50 2
52 0 3
52 1 2
52 2 3
52 3 3
52 4 2
52 5 1
52 6 3
52 7 1
52 8 3
52 9 2
52 10 1
52 11 2
52 12 1
52 13 2
52 14 2
52 15 2
52 16 1
52 17 2
52 18 2
52 19 1
52 20 2
52 21 3
52 22 2
52 23 1
52 24 1
52 25 3
52 26 3
52 27 2
52 28 3
52 29 1
52 30 3
52 31 3
52 32 1
52 33 2
52 34 3
52 35 3
52 36 2
52 37 3
52 38 2
52 39 2
52 40 3
52 41 1
52 42 1
52 43 3
52 44 2
52 45 3
52 46 2
52 47 3
52 48 1
52 49 3
52 50 3
52 51 1
53 0 2
53 1 2
53 2 2
53 3 1
53 4 3
53 5 1
53 6 3
53 7 2
53 8 3
53 9 1
53 10 2
53 11 3
53 12 2
53 13 2
53 14 2
53 15 1
53 16 2
53 17 3
53 18 3
53 19 2
53 20 1
53 21 3
53 22 3
53 23 1
53 24 2
53 25 2
53 26 3
53 27 3
53 28 3
53 29 3
53 30 1
53 31 3
53 32 2
53 33 2
53 34 2
53 35 2
53 36 2
53 37 2
53 38 3
53 39 1
53 40 3
53 41 1
53 42 3
53 43 3
53 44 1
53 45 1
53 46 1
53 47 3
53 48 3
53 49 3
53 50 3
53 51 3
53 52 2
54 0 2
54 1 1
54 2 2
54 3 3
54 4 3
54 5 2
54 6 1
54 7 3
54 8 1
54 9 3
54 10 1
54 11 1
54 12 1
54 13 1
54 14 2
54 15 2
54 16 3
54 17 3
54 18 2
54 19 3
54 20 1
54 21 1
54 22 2
54 23 1
54 24 1
54 25 1
54 26 1
54 27 3
54 28 1
54 29 3
54 30 3
54 31 3
54 32 3
54 33 3
54 34 2
54 35 3
54 36 1
54 37 2
54 38 2
54 39 2
54 40 1
54 41 3
54 42 2
54 43 3
54 44 1
54 45 3
54 46 2
54 47 1
54 48 3
54 49 1
54 50 3
54 51 2
54 52 1
54 53 1
55 0 1
55 1 1
55 2 3
55 3 2
55 4 1
55 5 1
55 6 3
55 7 1
55 8 2
55 9 1
55 10 1
55 11 1
55 12 2
55 13 2
55 14 1
55 15 1
55 16 1
55 17 3
55 18 1
55 19 1
55 20 1
55 21 3
55 22 2
55 23 2
55 24 2
55 25 1
55 26 1
55 27 2
55 28 1
55 29 3
55 30 2
55 31 1
55 32 1
55 33 2
55 34 2
55 35 1
55 36 1
55 37 1
55 38 3
55 39 1
55 40 2
55 41 2
55 42 2
55 43 3
55 44 2
55 45 3
55 46 3
55 47 3
55 48 1
55 49 2
55 50 1
55 51 1
55 52 3
55 53 3
55 54 3
56 0 1
56 1 2
56 2 1
56 3 1
56 4 3
56 5 3
56 6 2
56 7 1
56 8 1
56 9 3
56 10 2
56 11 1
56 12 3
56 13 3
56 14 2
56 15 1
56 16 3
56 17 3
56 18 3
56 19 1
56 20 1
56 21 2
56 22 3
56 23 1
56 24 1
56 25 1
56 26 1
56 27 1
56 28 2
56 29 2
56 30 1
56 31 1
56 32 2
56 33 1
56 34 1
56 35 3
56 36 2
56 37 2
56 38 2
56 39 1
56 40 2
56 41 1
56 42 2
56 43 2
56 44 2
56 45 1
56 46 2
56 47 2
56 48 2
56 49 2
56 50 2
56 51 1
56 52 2
56 53 1
56 54 2
56 55 2
57 0 1
57 1 3
57 2 1
57 3 2
57 4 1
57 5 1
57 6 2
57 7 3
57 8 2
57 9 3
57 10 3
57 11 3
57 12 2
57 13 1
57 14 2
57 15 1
57 16 3
57 17 1
57 18 3
57 19 3
57 20 2
57 21 1
57 22 1
57 23 2
57 24 1
57 25 2
57 26 2
57 27 2
57 28 3
57 29 2
57 30 1
57 31 2
57 32 2
57 33 1
57 34 2
57 35 3
57 36 2
57 37 2
57 38 1
57 39 1
57 40 3
57 41 2
57 42 1
57 43 1
57 44 2
57 45 1
57 46 1
57 47 2
57 48 2
57 49 2
57 50 1
57 51 3
57 52 3
57 53 2
57 54 1
57 55 2
57 56 2
58 0 3
58 1 2
58 2 3
58 3 1
58 4 1
58 5 3
58 6 2
58 7 2
58 8 3
58 9 2
58 10 2
58 11 3
58 12 1
58 13 2
58 14 3
58 15 2
58 16 1
58 17 3
58 18 3
58 19 3
58 20 3
58 21 3
58 22 3
58 23 3
58 24 3
58 25 3
58 26 3
58 27 3
58 28 3
58 29 3
58 30 3
58 31 3
58 32 1
58 33 1
58 34 1
58 35 3
58 36 1
58 37 1
58 38 2
58 39 2
58 40 2
58 41 3
58 42 3
58 43 1
58 44 1
58 45 3
58 46 3
58 47 1
58 48 3
58 49 2
58 50 1
58 51 2
58 52 2
58 53 3
58 54 1
58 55 3
58 56 3
58 57 2
59 0 2
59 1 3
59 2 3
59 3 2
59 4 2
59 5 2
59 6 1
59 7 2
59 8 1
59 9 3
59 10 3
59 11 2
59 12 3
59 13 2
59 14 1
59 15 1
59 16 3
59 17 1
59 18 3
59 19 1
59 20 2
59 21 1
59 22 3
59 23 3
59 24 1
59 25 3
59 26 3
59 27 3
59 28 2
59 29 1
59 30 3
59 31 1
59 32 2
59 33 2
59 34 3
59 35 1
59 36 3
59 37 2
59 38 3
59 39 2
59 40 2
59 41 1
59 42 1
59 43 2
59 44 3
59 45 2
59 46 3
59 47 2
59 48 2
59 49 1
59 50 3
59 51 2
59 52 1
59 53 3
59 54 1
59 55 2
59 56 3
59 57 1
59 58 2
60 0 2
60 1 1
60 2 3
60 3 3
60 4 2
60 5 2
60 6 2
60 7 2
60 8 1
60 9 3
60 10 3
60 11 3
60 12 2
60 13 1
60 14 2
60 15 2
60 16 2
60 17 2
60 18 1
60 19 1
60 20 1
60 21 3
60 22 1
60 23 2
60 24 2
60 25 3
60 26 3
60 27 1
60 28 1
60 29 1
60 30 1
60 31 2
60 32 1
60 33 1
60 34 1
60 35 2
60 36 1
60 37 2
60 38 1
60 39 3
60 40 2
60 41 1
60 42 3
60 43 3
60 44 3
60 45 2
60 46 1
60 47 2
60 48 3
60 49 2
60 50 2
60 51 2
60 52 2
60 53 2
60 54 1
60 55 2
60 56 2
60 57 2
60 58 3
60 59 1
61 0 2
61 1 2
61 2 1
61 3 1
61 4 3
61 5 2
61 6 3
61 7 1
61 8 2
61 9 2
61 10 1
61 11 2
61 12 2
61 13 2
61 14 2
61 15 3
61 16 1
61 17 2
61 18 3
61 19 3
61 20 1
61 21 2
61 22 1
61 23 3
61 24 1
61 25 2
61 26 2
61 27 3
61 28 2
61 29 3
61 30 3
61 31 3
61 32 3
61 33 2
61 34 2
61 35 2
61 36 1
61 37 1
61 38 3
61 39 1
61 40 3
61 41 3
61 42 3
61 43 3
61 44 2
61 45 2
61 46 1
61 47 1
61 48 1
61 49 2
61 50 2
61 51 2
61 52 1
61 53 3
61 54 3
61 55 3
61 56 2
61 57 1
61 58 3
61 59 2
61 60 2
62 0 1
62 1 1
62 2 2
62 3 3
62 4 3
62 5 2
62 6 2
62 7 3
62 8 2
62 9 2
62 10 3
62 11 3
62 12 1
62 13 1
62 14 2
62 15 3
62 16 1
62 17 1
62 18 3
62 19 3
62 20 1
62 21 2
62 22 3
62 23 2
62 24 2
62 25 3
62 26 3
62 27 3
62 28 2
62 29 1
62 30 3
62 31 1
62 32 3
62 33 3
62 34 1
62 35 2
62 36 2
62 37 2
62 38 2
62 39 2
62 40 3
62 41 2
62 42 3
62 43 1
62 44 2
62 45 1
62 46 1
62 47 1
62 48 2
62 49 3
62 50 1
62 51 2
62 52 1
62 53 2
62 54 1
62 55 1
62 56 1
62 57 3
62 58 3
62 59 1
62 60 1
62 61 1
63 0 3
63 1 2
63 2 1
63 3 2
63 4 1
63 5 2
63 6 1
63 7 1
63 8 1
63 9 3
63 10 1
63 11 1
63 12 1
63 13 1
63 14 3
63 15 2
63 16 2
63 17 1
63 18 3
63 19 1
63 20 3
63 21 1
63 22 1
63 23 2
63 24 3
63 25 3
63 26 2
63 27 2
63 28 3
63 29 1
63 30 3
63 31 2
63 32 2
63 33 1
63 34 2
63 35 2
63 36 2
63 37 3
63 38 3
63 39 3
63 40 1
63 41 1
63 42 2
63 43 2
63 44 3
63 45 3
63 46 2
63 47 1
63 48 2
63 49 1
63 50 3
63 51 2
63 52 1
63 53 2
63 54 1
63 55 3
63 56 1
63 57 2
63 58 1
63 59 2
63 60 3
63 61 3
63 62 2
64 0 2
64 1 3
64 2 2
64 3 3
64 4 2
64 5 1
64 6 1
64 7 2
64 8 1
64 9 1
64 10 2
64 11 1
64 12 1
64 13 3
64 14 1
64 15 1
64 16 3
64 17 3
64 18 2
64 19 2
64 20 1
64 21 2
64 22 2
64 23 2
64 24 2
64 25 1
64 26 1
64 27 1
64 28 2
64 29 3
64 30 3
64 31 2
64 32 1
64 33 1
64 34 3
64 35 1
64 36 3
64 37 1
64 38 1
64 39 3
64 40 3
64 41 2
64 42 3
64 43 2
64 44 1
64 45 1
64 46 1
64 47 2
64 48 2
64 49 1
64 50 1
64 51 2
64 52 1
64 53 1
64 54 3
64 55 1
64 56 1
64 57 3
64 58 2
64 59 2
64 60 1
64 61 1
64 62 2
64 63 3
65 0 2
65 1 3
65 2 3
65 3 3
65 4 3
65 5 1
65 6 3
65 7 2
65 8 1
65 9 1
65 10 1
65 11 1
65 12 3
65 13 2
65 14 2
65 15 2
65 16 1
65 17 2
65 18 2
65 19 2
65 20 3
65 21 1
65 22 2
65 23 3
65 24 3
65 25 1
65 26 2
65 27 1
65 28 2
65 29 3
65 30 2
65 31 1
65 32 2
65 33 2
65 34 2
65 35 1
65 36 3
65 37 1
65 38 3
65 39 3
65 40 3
65 41 3
65 42 2
65 43 2
65 44 3
65 45 2
65 46 3
65 47 2
65 48 3
65 49 2
65 50 3
65 51 2
65 52 3
65 53 2
65 54 3
65 55 1
65 56 1
65 57 2
65 58 3
65 59 3
65 60 1
65 61 2
65 62 2
65 63 2
65 64 2
66 0 3
66 1 2
66 2 1
66 3 3
66 4 3
66 5 2
66 6 3
66 7 1
66 8 2
66 9 2
66 10 1
66 11 2
66 12 1
66 13 1
66 14 1
66 15 3
66 16 3
66 17 2
66 18 1
66 19 3
66 20 3
66 21 2
66 22 3
66 23 3
66 24 3
66 25 3
66 26 2
66 27 1
66 28 3
66 29 3
66 30 2
66 31 3
66 32 2
66 33 1
66 34 3
66 35 1
66 36 3
66 37 2
66 38 3
66 39 3
66 40 1
66 41 2
66 42 3
66 43 1
66 44 1
66 45 2
66 46 2
66 47 2
66 48 1
66 49 2
66 50 2
66 51 2
66 52 2
66 53 1
66 54 1
66 55 3
66 56 1
66 57 3
66 58 2
66 59 3
66 60 3
66 61 1
66 62 3
66 63 1
66 64 2
66 65 2
67 0 2
67 1 3
67 2 1
67 3 2
67 4 3
67 5 3
67 6 2
67 7 3
67 8 2
67 9 2
67 10 3
67 11 2
67 12 2
67 13 3
67 14 1
67 15 2
67 16 2
67 17 2
67 18 1
67 19 2
67 20 2
67 21 1
67 22 3
67 23 3
67 24 3
67 25 2
67 26 2
67 27 2
67 28 3
67 29 3
67 30 3
67 31 2
67 32 3
67 33 2
67 34 2
67 35 3
67 36 1
67 37 1
67 38 3
67 39 3
67 40 1
67 41 3
67 42 1
67 43 3
67 44 1
67 45 2
67 46 1
67 47 1
67 48 3
67 49 2
67 50 1
67 51 3
67 52 2
67 53 1
67 54 3
67 55 3
67 56 1
67 57 2
67 58 3
67 59 2
67 60 3
67 61 2
67 62 1
67 63 1
67 64 3
67 65 3
67 66 2
68 0 2
68 1 1
68 2 1
68 3 1
68 4 1
68 5 3
68 6 2
68 7 2
68 8 3
68 9 2
68 10 2
68 11 2
68 12 2
68 13 3
68 14 1
68 15 2
68 16 2
68 17 3
68 18 3
68 19 1
68 20 1
68 21 1
68 22 2
68 23 2
68 24 1
68 25 2
68 26 3
68 27 2
68 28 1
68 29 3
68 30 3
68 31 2
68 32 1
68 33 2
68 34 3
68 35 3
68 36 3
68 37 3
68 38 2
68 39 1
68 40 2
68 41 2
68 42 2
68 43 3
68 44 1
68 45 1
68 46 2
68 47 1
68 48 3
68 49 2
68 50 2
68 51 1
68 52 2
68 53 2
68 54 3
68 55 2
68 56 2
68 57 1
68 58 2
68 59 3
68 60 3
68 61 1
68 62 3
68 63 1
68 64 2
68 65 1
68 66 2
68 67 3
69 0 3
69 1 1
69 2 1
69 3 1
69 4 3
69 5 1
69 6 2
69 7 1
69 8 1
69 9 2
69 10 2
69 11 3
69 12 1
69 13 2
69 14 2
69 15 2
69 16 1
69 17 1
69 18 3
69 19 3
69 20 2
69 21 3
69 22 3
69 23 2
69 24 2
69 25 2
69 26 1
69 27 3
69 28 2
69 29 2
69 30 1
69 31 2
69 32 1
69 33 3
69 34 2
69 35 3
69 36 3
69 37 3
69 38 3
69 39 3
69 40 3
69 41 1
69 42 1
69 43 3
69 44 1
69 45 1
69 46 1
69 47 1
69 48 1
69 49 3
69 50 2
69 51 3
69 52 1
69 53 3
69 54 3
69 55 3
69 56 2
69 57 2
69 58 3
69 59 2
69 60 2
69 61 2
69 62 2
69 63 2
69 64 2
69 65 1
69 66 1
69 67 3
69 68 3
