70
3 0 1
3 1 1
3 2 1
4 0 1
4 2 1
4 3 1
5 0 1
5 1 1
5 2 1
6 1 1
6 3 1
6 4 1
7 0 1
7 2 1
8 0 1
8 2 1
8 4 1
8 7 1
9 0 1
9 1 1
9 2 1
9 5 1
9 6 1
9 7 1
9 8 1
10 0 1
10 3 1
10 5 1
10 7 1
11 0 1
11 2 1
11 5 1
11 6 1
11 7 1
11 9 1
11 10 1
12 0 1
12 1 1
12 3 1
12 5 1
12 6 1
12 8 1
12 9 1
12 10 1
12 11 1
13 0 1
13 2 1
13 4 1
13 5 1
13 6 1
13 9 1
13 10 1
14 1 1
14 2 1
14 4 1
14 5 1
14 6 1
14 7 1
14 10 1
14 11 1
15 0 1
15 2 1
15 5 1
15 7 1
15 9 1
15 10 1
15 11 1
15 12 1
16 0 1
16 1 1
16 2 1
16 5 1
16 6 1
16 10 1
16 12 1
16 13 1
16 14 1
17 0 1
17 1 1
17 2 1
17 3 1
17 5 1
17 6 1
17 7 1
17 10 1
17 11 1
17 13 1
17 14 1
18 3 1
18 5 1
18 6 1
18 7 1
18 8 1
18 10 1
18 14 1
18 16 1
18 17 1
19 1 1
19 2 1
19 5 1
19 6 1
19 7 1
19 10 1
19 11 1
19 12 1
19 14 1
19 15 1
20 5 1
20 6 1
20 10 1
20 14 1
20 15 1
20 18 1
20 19 1
21 1 1
21 4 1
21 6 1
21 7 1
21 9 1
21 13 1
21 14 1
21 16 1
21 19 1
21 20 1
22 2 1
22 4 1
22 7 1
22 11 1
22 15 1
22 18 1
22 20 1
22 21 1
23 0 1
23 1 1
23 2 1
23 4 1
23 5 1
23 7 1
23 10 1
23 12 1
23 13 1
23 15 1
23 17 1
23 18 1
23 19 1
23 21 1
23 22 1
24 1 1
24 2 1
24 5 1
24 6 1
24 7 1
24 8 1
24 11 1
24 12 1
24 13 1
24 14 1
24 15 1
24 16 1
24 17 1
24 18 1
24 19 1
24 20 1
24 23 1
25 1 1
25 2 1
25 4 1
25 6 1
25 8 1
25 9 1
25 10 1
25 11 1
25 12 1
25 13 1
25 15 1
25 17 1
25 21 1
25 23 1
25 24 1
26 1 1
26 3 1
26 5 1
26 6 1
26 7 1
26 9 1
26 10 1
26 11 1
26 12 1
26 13 1
26 19 1
26 20 1
26 21 1
26 23 1
27 3 1
27 6 1
27 7 1
27 8 1
27 9 1
27 10 1
27 18 1
27 21 1
27 22 1
27 25 1
27 26 1
28 0 1
28 1 1
28 8 1
28 9 1
28 10 1
28 16 1
28 19 1
28 21 1
28 24 1
28 25 1
28 27 1
29 0 1
29 3 1
29 4 1
29 5 1
29 6 1
29 9 1
29 10 1
29 13 1
29 16 1
29 18 1
29 20 1
29 21 1
29 22 1
29 26 1
30 1 1
30 3 1
30 6 1
30 7 1
30 8 1
30 9 1
30 10 1
30 11 1
30 14 1
30 16 1
30 18 1
30 20 1
30 21 1
30 22 1
30 23 1
30 24 1
30 25 1
30 27 1
30 28 1
31 4 1
31 6 1
31 7 1
31 8 1
31 9 1
31 12 1
31 14 1
31 15 1
31 16 1
31 17 1
31 19 1
31 21 1
31 24 1
31 26 1
31 28 1
31 29 1
31 30 1
32 3 1
32 5 1
32 6 1
32 7 1
32 9 1
32 10 1
32 11 1
32 12 1
32 19 1
32 23 1
32 24 1
32 27 1
32 30 1
32 31 1
33 0 1
33 2 1
33 3 1
33 4 1
33 5 1
33 7 1
33 11 1
33 12 1
33 13 1
33 15 1
33 17 1
33 18 1
33 23 1
33 25 1
33 31 1
33 32 1
34 1 1
34 2 1
34 3 1
34 4 1
34 5 1
34 6 1
34 9 1
34 10 1
34 11 1
34 12 1
34 14 1
34 17 1
34 19 1
34 22 1
34 24 1
34 26 1
34 28 1
34 32 1
35 1 1
35 3 1
35 6 1
35 8 1
35 9 1
35 11 1
35 12 1
35 14 1
35 18 1
35 19 1
35 20 1
35 21 1
35 24 1
35 25 1
35 27 1
35 29 1
35 30 1
35 31 1
35 33 1
36 1 1
36 2 1
36 3 1
36 4 1
36 6 1
36 9 1
36 10 1
36 11 1
36 12 1
36 13 1
36 14 1
36 15 1
36 16 1
36 20 1
36 21 1
36 23 1
36 24 1
36 25 1
36 26 1
36 30 1
36 31 1
36 32 1
36 33 1
36 34 1
36 35 1
37 0 1
37 1 1
37 3 1
37 4 1
37 6 1
37 7 1
37 8 1
37 10 1
37 13 1
37 14 1
37 15 1
37 16 1
37 17 1
37 24 1
37 26 1
37 27 1
37 28 1
37 30 1
37 31 1
37 32 1
37 35 1
38 0 1
38 1 1
38 4 1
38 6 1
38 7 1
38 8 1
38 9 1
38 11 1
38 13 1
38 14 1
38 15 1
38 16 1
38 22 1
38 26 1
38 27 1
38 28 1
38 29 1
38 31 1
38 34 1
38 36 1
39 0 1
39 1 1
39 3 1
39 6 1
39 9 1
39 11 1
39 13 1
39 14 1
39 19 1
39 20 1
39 21 1
39 22 1
39 24 1
39 28 1
39 29 1
39 32 1
39 33 1
39 34 1
39 36 1
39 38 1
40 0 1
40 1 1
40 4 1
40 5 1
40 6 1
40 8 1
40 10 1
40 13 1
40 14 1
40 15 1
40 16 1
40 18 1
40 19 1
40 20 1
40 28 1
40 31 1
40 32 1
40 36 1
41 0 1
41 1 1
41 2 1
41 3 1
41 5 1
41 7 1
41 8 1
41 9 1
41 11 1
41 12 1
41 13 1
41 14 1
41 15 1
41 16 1
41 17 1
41 18 1
41 20 1
41 22 1
41 23 1
41 25 1
41 26 1
41 27 1
41 32 1
41 34 1
41 35 1
41 37 1
41 39 1
42 2 1
42 3 1
42 4 1
42 6 1
42 8 1
42 9 1
42 10 1
42 12 1
42 13 1
42 15 1
42 17 1
42 18 1
42 20 1
42 22 1
42 28 1
42 30 1
42 31 1
42 37 1
42 40 1
42 41 1
43 1 1
43 2 1
43 5 1
43 11 1
43 13 1
43 15 1
43 16 1
43 17 1
43 19 1
43 22 1
43 24 1
43 26 1
43 29 1
43 30 1
43 33 1
43 34 1
43 37 1
43 38 1
43 39 1
43 40 1
44 0 1
44 1 1
44 6 1
44 7 1
44 8 1
44 10 1
44 11 1
44 12 1
44 13 1
44 15 1
44 16 1
44 17 1
44 19 1
44 20 1
44 25 1
44 27 1
44 28 1
44 29 1
44 32 1
44 35 1
44 36 1
44 37 1
44 39 1
44 40 1
44 42 1
44 43 1
45 1 1
45 2 1
45 3 1
45 9 1
45 10 1
45 16 1
45 18 1
45 19 1
45 22 1
45 24 1
45 25 1
45 27 1
45 28 1
45 29 1
45 30 1
45 31 1
45 34 1
45 36 1
45 38 1
45 39 1
45 41 1
45 42 1
45 43 1
45 44 1
46 0 1
46 3 1
46 4 1
46 6 1
46 8 1
46 10 1
46 11 1
46 12 1
46 13 1
46 14 1
46 15 1
46 18 1
46 21 1
46 22 1
46 23 1
46 24 1
46 28 1
46 29 1
46 30 1
46 31 1
46 32 1
46 34 1
46 38 1
46 39 1
46 40 1
46 44 1
46 45 1
47 0 1
47 3 1
47 6 1
47 7 1
47 9 1
47 10 1
47 12 1
47 13 1
47 15 1
47 17 1
47 18 1
47 21 1
47 22 1
47 23 1
47 25 1
47 27 1
47 32 1
47 37 1
47 38 1
47 39 1
47 40 1
47 41 1
47 42 1
48 0 1
48 4 1
48 6 1
48 7 1
48 8 1
48 10 1
48 13 1
48 14 1
48 16 1
48 18 1
48 19 1
48 21 1
48 23 1
48 30 1
48 32 1
48 36 1
48 37 1
48 39 1
49 0 1
49 2 1
49 4 1
49 5 1
49 7 1
49 8 1
49 11 1
49 12 1
49 13 1
49 14 1
49 15 1
49 18 1
49 20 1
49 21 1
49 23 1
49 24 1
49 26 1
49 28 1
49 29 1
49 35 1
49 38 1
49 41 1
49 42 1
49 44 1
49 47 1
50 1 1
50 2 1
50 4 1
50 5 1
50 6 1
50 7 1
50 8 1
50 9 1
50 10 1
50 11 1
50 12 1
50 13 1
50 15 1
50 17 1
50 19 1
50 21 1
50 23 1
50 25 1
50 26 1
50 27 1
50 28 1
50 29 1
50 32 1
50 36 1
50 38 1
50 41 1
50 46 1
50 48 1
51 0 1
51 1 1
51 4 1
51 5 1
51 7 1
51 9 1
51 10 1
51 11 1
51 12 1
51 14 1
51 15 1
51 17 1
51 18 1
51 19 1
51 20 1
51 21 1
51 22 1
51 24 1
51 25 1
51 26 1
51 30 1
51 31 1
51 34 1
51 35 1
51 36 1
51 41 1
51 42 1
51 44 1
51 46 1
51 49 1
52 0 1
52 1 1
52 2 1
52 3 1
52 5 1
52 6 1
52 9 1
52 11 1
52 14 1
52 19 1
52 20 1
52 23 1
52 25 1
52 27 1
52 30 1
52 32 1
52 34 1
52 39 1
52 40 1
52 49 1
53 0 1
53 5 1
53 6 1
53 7 1
53 11 1
53 13 1
53 16 1
53 18 1
53 21 1
53 22 1
53 23 1
53 25 1
53 26 1
53 28 1
53 29 1
53 30 1
53 33 1
53 34 1
53 38 1
53 41 1
53 43 1
53 44 1
53 45 1
53 46 1
53 47 1
53 51 1
53 52 1
54 1 1
54 2 1
54 5 1
54 6 1
54 7 1
54 9 1
54 11 1
54 12 1
54 13 1
54 15 1
54 17 1
54 18 1
54 19 1
54 21 1
54 22 1
54 24 1
54 27 1
54 30 1
54 33 1
54 36 1
54 37 1
54 41 1
54 43 1
54 45 1
54 48 1
54 49 1
54 53 1
55 0 1
55 1 1
55 6 1
55 7 1
55 8 1
55 9 1
55 10 1
55 11 1
55 13 1
55 14 1
55 15 1
55 18 1
55 21 1
55 23 1
55 24 1
55 25 1
55 27 1
55 28 1
55 29 1
55 30 1
55 32 1
55 33 1
55 35 1
55 36 1
55 37 1
55 39 1
55 43 1
55 46 1
55 49 1
55 53 1
56 0 1
56 2 1
56 4 1
56 7 1
56 9 1
56 12 1
56 18 1
56 19 1
56 20 1
56 21 1
56 23 1
56 24 1
56 26 1
56 27 1
56 28 1
56 29 1
56 31 1
56 32 1
56 33 1
56 34 1
56 35 1
56 39 1
56 40 1
56 41 1
56 42 1
56 44 1
56 45 1
56 50 1
56 51 1
56 52 1
56 53 1
57 0 1
57 5 1
57 6 1
57 7 1
57 8 1
57 11 1
57 12 1
57 15 1
57 16 1
57 18 1
57 21 1
57 22 1
57 24 1
57 26 1
57 29 1
57 30 1
57 32 1
57 37 1
57 39 1
57 40 1
57 43 1
57 44 1
57 47 1
57 48 1
57 50 1
57 52 1
57 53 1
57 54 1
57 55 1
57 56 1
58 0 1
58 1 1
58 4 1
58 8 1
58 9 1
58 10 1
58 11 1
58 13 1
58 16 1
58 17 1
58 19 1
58 20 1
58 21 1
58 24 1
58 27 1
58 28 1
58 31 1
58 32 1
58 35 1
58 36 1
58 37 1
58 41 1
58 42 1
58 43 1
58 44 1
58 45 1
58 49 1
59 1 1
59 2 1
59 4 1
59 5 1
59 6 1
59 7 1
59 8 1
59 9 1
59 10 1
59 11 1
59 16 1
59 17 1
59 18 1
59 29 1
59 31 1
59 32 1
59 33 1
59 35 1
59 36 1
59 37 1
59 40 1
59 42 1
59 49 1
59 52 1
59 56 1
59 58 1
60 0 1
60 1 1
60 3 1
60 5 1
60 6 1
60 7 1
60 9 1
60 10 1
60 12 1
60 15 1
60 16 1
60 18 1
60 20 1
60 22 1
60 23 1
60 25 1
60 28 1
60 29 1
60 31 1
60 32 1
60 33 1
60 35 1
60 39 1
60 43 1
60 45 1
60 46 1
60 48 1
60 50 1
60 51 1
60 54 1
60 56 1
60 57 1
60 58 1
61 0 1
61 1 1
61 2 1
61 3 1
61 5 1
61 6 1
61 7 1
61 8 1
61 10 1
61 11 1
61 12 1
61 13 1
61 14 1
61 17 1
61 18 1
61 22 1
61 25 1
61 26 1
61 28 1
61 29 1
61 30 1
61 32 1
61 33 1
61 37 1
61 38 1
61 42 1
61 44 1
61 45 1
61 46 1
61 47 1
61 48 1
61 49 1
61 51 1
61 52 1
61 55 1
61 57 1
62 0 1
62 1 1
62 7 1
62 13 1
62 17 1
62 20 1
62 21 1
62 23 1
62 24 1
62 26 1
62 27 1
62 28 1
62 31 1
62 34 1
62 37 1
62 38 1
62 39 1
62 41 1
62 44 1
62 46 1
62 49 1
62 50 1
62 53 1
62 54 1
62 56 1
62 57 1
62 59 1
62 60 1
62 61 1
63 3 1
63 10 1
63 12 1
63 17 1
63 21 1
63 22 1
63 28 1
63 33 1
63 34 1
63 37 1
63 40 1
63 41 1
63 42 1
63 43 1
63 45 1
63 47 1
63 51 1
63 54 1
63 58 1
63 60 1
63 61 1
64 0 1
64 2 1
64 5 1
64 6 1
64 8 1
64 12 1
64 14 1
64 15 1
64 16 1
64 17 1
64 18 1
64 20 1
64 21 1
64 22 1
64 24 1
64 25 1
64 28 1
64 31 1
64 33 1
64 34 1
64 38 1
64 39 1
64 40 1
64 43 1
64 45 1
64 46 1
64 48 1
64 49 1
64 57 1
64 58 1
64 59 1
64 60 1
64 61 1
64 62 1
65 0 1
65 5 1
65 7 1
65 8 1
65 9 1
65 10 1
65 13 1
65 14 1
65 15 1
65 16 1
65 21 1
65 23 1
65 24 1
65 26 1
65 28 1
65 32 1
65 33 1
65 34 1
65 35 1
65 37 1
65 38 1
65 42 1
65 43 1
65 44 1
65 49 1
65 50 1
65 55 1
65 59 1
65 64 1
66 1 1
66 2 1
66 3 1
66 6 1
66 7 1
66 8 1
66 12 1
66 13 1
66 14 1
66 16 1
66 18 1
66 21 1
66 27 1
66 28 1
66 33 1
66 34 1
66 37 1
66 38 1
66 40 1
66 42 1
66 43 1
66 44 1
66 46 1
66 48 1
66 50 1
66 51 1
66 52 1
66 61 1
66 63 1
66 64 1
67 1 1
67 3 1
67 5 1
67 6 1
67 9 1
67 12 1
67 15 1
67 16 1
67 17 1
67 18 1
67 20 1
67 24 1
67 25 1
67 31 1
67 34 1
67 36 1
67 37 1
67 38 1
67 44 1
67 46 1
67 47 1
67 48 1
67 50 1
67 51 1
67 52 1
67 53 1
67 55 1
67 56 1
67 58 1
67 59 1
67 61 1
67 62 1
67 64 1
67 65 1
67 66 1
68 1 1
68 6 1
68 7 1
68 8 1
68 9 1
68 11 1
68 12 1
68 13 1
68 14 1
68 15 1
68 16 1
68 21 1
68 22 1
68 23 1
68 24 1
68 25 1
68 26 1
68 27 1
68 30 1
68 34 1
68 36 1
68 39 1
68 40 1
68 42 1
68 46 1
68 50 1
68 51 1
68 52 1
68 54 1
68 56 1
68 57 1
68 62 1
68 64 1
68 66 1
69 2 1
69 6 1
69 8 1
69 11 1
69 12 1
69 13 1
69 14 1
69 17 1
69 18 1
69 21 1
69 22 1
69 24 1
69 27 1
69 28 1
69 31 1
69 32 1
69 33 1
69 34 1
69 37 1
69 39 1
69 40 1
69 43 1
69 44 1
69 45 1
69 47 1
69 48 1
69 49 1
69 50 1
69 51 1
69 56 1
69 57 1
69 63 1
69 66 1
