40
2 1 2
3 0 1
3 2 5
4 0 7
4 1 6
4 3 8
5 1 7
5 2 3
5 4 11
6 0 8
6 3 11
6 5 3
7 1 3
7 2 2
7 4 4
8 0 5
8 1 7
9 0 11
9 1 1
9 2 4
9 3 9
9 4 4
9 5 11
9 7 1
10 1 7
10 5 11
10 6 1
10 7 7
11 3 6
11 5 3
11 8 11
11 9 8
12 0 8
12 3 6
12 4 11
12 11 7
13 0 4
13 1 7
13 3 7
13 5 3
13 8 1
14 0 10
14 2 4
14 3 3
14 4 2
14 5 8
14 6 7
14 7 10
14 9 2
15 1 10
15 4 3
15 7 9
15 8 8
15 11 3
15 13 3
16 1 7
16 2 6
16 5 4
16 8 4
16 9 4
16 11 1
16 15 7
17 0 11
17 1 8
17 4 2
17 5 5
17 6 11
17 7 7
17 9 8
17 11 3
17 15 3
17 16 11
18 1 8
18 3 9
18 5 3
18 6 5
18 8 9
18 9 4
18 17 8
19 0 5
19 2 2
19 3 10
19 5 8
19 8 4
19 9 9
19 10 4
19 13 8
19 16 1
19 18 6
20 0 5
20 1 10
20 2 3
20 3 9
20 4 5
20 5 4
20 7 9
20 8 4
20 9 7
20 13 10
20 14 4
20 18 7
20 19 6
21 1 9
21 3 4
21 4 1
21 7 2
21 8 7
21 16 2
21 20 8
22 1 11
22 2 1
22 4 7
22 5 6
22 6 2
22 7 4
22 9 4
22 10 2
22 11 10
22 21 9
23 3 8
23 7 4
23 9 11
23 10 2
23 11 6
23 16 9
23 20 5
23 21 1
24 0 1
24 3 3
24 5 11
24 6 4
24 7 9
24 10 2
24 11 6
24 12 6
24 13 7
24 17 2
24 18 6
24 19 8
24 20 1
24 23 3
25 2 8
25 3 10
25 12 4
25 13 1
25 15 6
25 16 5
25 18 4
25 19 4
25 23 5
25 24 3
26 1 1
26 5 9
26 8 2
26 9 7
26 11 10
26 17 7
26 18 8
26 19 10
26 22 6
26 23 4
26 25 3
27 3 2
27 6 3
27 7 7
27 11 1
27 14 4
27 15 10
27 17 4
27 18 11
27 23 7
27 24 11
27 25 2
27 26 7
28 1 11
28 2 11
28 3 9
28 6 8
28 7 7
28 8 8
28 9 3
28 11 4
28 15 5
28 16 3
28 21 6
28 22 2
28 26 10
28 27 1
29 2 1
29 4 6
29 7 11
29 8 5
29 9 1
29 10 6
29 11 6
29 15 5
29 16 3
29 17 6
29 19 1
29 20 10
29 21 8
29 22 2
29 24 4
29 25 1
29 27 4
30 0 6
30 2 6
30 3 9
30 4 9
30 5 4
30 6 4
30 7 10
30 9 9
30 10 9
30 12 1
30 14 2
30 15 3
30 17 3
30 18 1
30 19 4
30 20 6
30 21 1
30 22 9
30 25 5
30 26 2
30 28 3
30 29 7
31 0 10
31 6 4
31 7 6
31 8 10
31 9 7
31 11 8
31 14 3
31 17 6
31 21 9
31 22 7
31 23 3
31 25 8
31 28 1
32 0 9
32 5 4
32 6 9
32 7 10
32 9 2
32 14 11
32 15 7
32 16 2
32 17 10
32 20 7
32 22 6
32 24 6
32 26 8
32 27 8
32 28 6
32 29 8
32 30 2
33 1 2
33 3 6
33 4 5
33 6 9
33 8 1
33 9 2
33 12 3
33 18 11
33 19 8
33 20 5
33 21 6
33 22 2
33 24 2
33 28 5
33 30 6
33 32 2
34 0 6
34 2 10
34 3 3
34 7 6
34 8 4
34 11 3
34 13 9
34 14 10
34 15 7
34 16 9
34 17 6
34 19 11
34 21 4
34 25 2
34 27 8
35 3 6
35 4 3
35 5 11
35 6 1
35 14 1
35 16 3
35 17 5
35 20 1
35 22 2
35 24 8
35 25 7
35 28 1
35 29 4
35 33 2
36 2 3
36 7 5
36 8 9
36 10 8
36 11 6
36 14 3
36 16 5
36 17 8
36 24 10
36 25 5
36 28 5
36 29 6
36 30 4
36 34 5
37 2 11
37 4 9
37 6 7
37 7 10
37 8 5
37 9 6
37 10 3
37 13 6
37 14 2
37 17 5
37 21 1
37 22 8
37 23 6
37 28 8
37 31 10
37 32 10
37 33 1
37 36 3
38 1 9
38 6 1
38 7 4
38 9 1
38 11 4
38 13 7
38 19 2
38 21 10
38 22 2
38 24 6
38 25 2
38 26 7
38 27 5
38 30 11
38 31 9
38 37 11
39 1 1
39 7 1
39 9 11
39 11 4
39 12 1
39 13 9
39 14 4
39 15 6
39 17 5
39 18 4
39 19 7
39 20 8
39 21 3
39 22 5
39 23 2
39 24 10
39 25 5
39 32 1
39 35 5
39 37 5
39 38 3
