40
1 0 10
2 0 10
2 1 10
3 0 8
3 1 4
3 2 13
4 0 3
4 1 1
4 2 12
4 3 3
5 0 5
5 1 4
5 2 4
5 3 1
5 4 13
6 0 13
6 1 6
6 2 13
6 3 12
6 4 3
6 5 9
7 0 6
7 1 2
7 2 5
7 3 9
7 4 4
7 5 2
7 6 8
8 0 11
8 1 3
8 2 13
8 3 13
8 4 9
8 5 7
8 6 13
8 7 2
9 0 10
9 1 5
9 2 9
9 3 6
9 4 2
9 5 13
9 6 13
9 7 7
9 8 12
10 0 9
10 1 12
10 2 7
10 3 12
10 4 2
10 5 4
10 6 5
10 7 14
10 8 4
10 9 5
11 0 9
11 1 14
11 2 2
11 3 7
11 4 8
11 5 13
11 6 5
11 7 2
11 8 7
11 9 6
11 10 12
12 0 8
12 1 8
12 2 6
12 3 10
12 4 7
12 5 10
12 6 5
12 7 2
12 8 8
12 9 6
12 10 5
12 11 10
13 0 10
13 1 1
13 2 11
13 3 10
13 4 10
13 5 4
13 6 8
13 7 5
13 8 1
13 9 3
13 10 1
13 11 2
13 12 4
14 0 6
14 1 14
14 2 3
14 3 11
14 4 10
14 5 9
14 6 8
14 7 12
14 8 10
14 9 6
14 10 13
14 11 4
14 12 8
14 13 2
15 0 3
15 1 11
15 2 12
15 3 7
15 4 6
15 5 4
15 6 2
15 7 5
15 8 1
15 9 13
15 10 6
15 11 14
15 12 8
15 13 6
15 14 7
16 0 2
16 1 7
16 2 5
16 3 8
16 4 13
16 5 10
16 6 8
16 7 1
16 8 12
16 9 14
16 10 4
16 11 2
16 12 6
16 13 11
16 14 7
16 15 4
17 0 5
17 1 12
17 2 11
17 3 11
17 4 13
17 5 9
17 6 9
17 7 8
17 8 5
17 9 1
17 10 7
17 11 7
17 12 7
17 13 11
17 14 13
17 15 13
17 16 8
18 0 3
18 1 11
18 2 2
18 3 3
18 4 4
18 5 8
18 6 2
18 7 12
18 8 3
18 9 8
18 10 6
18 11 10
18 12 2
18 13 6
18 14 13
18 15 9
18 16 9
18 17 11
19 0 3
19 1 6
19 2 7
19 3 12
19 4 13
19 5 7
19 6 5
19 7 3
19 8 8
19 9 10
19 10 11
19 11 4
19 12 9
19 13 3
19 14 10
19 15 12
19 16 1
19 17 8
19 18 1
20 0 5
20 1 12
20 2 8
20 3 13
20 4 12
20 5 14
20 6 11
20 7 14
20 8 11
20 9 12
20 10 3
20 11 11
20 12 2
20 13 10
20 14 13
20 15 13
20 16 6
20 17 10
20 18 11
20 19 4
21 0 14
21 1 6
21 2 5
21 3 13
21 4 11
21 5 7
21 6 4
21 7 9
21 8 5
21 9 1
21 10 9
21 11 13
21 12 3
21 13 9
21 14 8
21 15 11
21 16 13
21 17 12
21 18 10
21 19 11
21 20 2
22 0 9
22 1 2
22 2 8
22 3 5
22 4 4
22 5 3
22 6 12
22 7 2
22 8 6
22 9 7
22 10 6
22 11 6
22 12 10
22 13 7
22 14 8
22 15 3
22 16 14
22 17 14
22 18 6
22 19 7
22 20 2
22 21 8
23 0 8
23 1 13
23 2 4
23 3 12
23 4 8
23 5 4
23 6 1
23 7 2
23 8 3
23 9 14
23 10 3
23 11 8
23 12 5
23 13 8
23 14 6
23 15 2
23 16 1
23 17 9
23 18 12
23 19 2
23 20 3
23 21 6
23 22 13
24 0 11
24 1 12
24 2 5
24 3 10
24 4 2
24 5 13
24 6 7
24 7 5
24 8 8
24 9 14
24 10 10
24 11 10
24 12 8
24 13 4
24 14 5
24 15 4
24 16 13
24 17 11
24 18 3
24 19 14
24 20 13
24 21 10
24 22 3
24 23 9
25 0 13
25 1 8
25 2 1
25 3 14
25 4 2
25 5 11
25 6 11
25 7 10
25 8 7
25 9 10
25 10 9
25 11 5
25 12 11
25 13 2
25 14 4
25 15 5
25 16 13
25 17 5
25 18 6
25 19 7
25 20 3
25 21 4
25 22 11
25 23 14
25 24 8
26 0 10
26 1 7
26 2 2
26 3 12
26 4 12
26 5 9
26 6 5
26 7 2
26 8 10
26 9 11
26 10 6
26 11 6
26 12 6
26 13 1
26 14 1
26 15 11
26 16 11
26 17 13
26 18 13
26 19 12
26 20 10
26 21 13
26 22 2
26 23 4
26 24 3
26 25 8
27 0 5
27 1 13
27 2 8
27 3 1
27 4 6
27 5 14
27 6 3
27 7 6
27 8 11
27 9 8
27 10 6
27 11 1
27 12 4
27 13 13
27 14 4
27 15 2
27 16 4
27 17 1
27 18 3
27 19 3
27 20 4
27 21 13
27 22 11
27 23 1
27 24 11
27 25 14
27 26 13
28 0 9
28 1 9
28 2 7
28 3 8
28 4 10
28 5 3
28 6 11
28 7 11
28 8 7
28 9 11
28 10 3
28 11 8
28 12 12
28 13 14
28 14 12
28 15 12
28 16 11
28 17 1
28 18 5
28 19 12
28 20 9
28 21 9
28 22 14
28 23 13
28 24 12
28 25 5
28 26 14
28 27 9
29 0 8
29 1 13
29 2 14
29 3 13
29 4 2
29 5 7
29 6 4
29 7 7
29 8 6
29 9 7
29 10 5
29 11 8
29 12 9
29 13 6
29 14 1
29 15 5
29 16 8
29 17 14
29 18 6
29 19 6
29 20 2
29 21 2
29 22 1
29 23 8
29 24 5
29 25 7
29 26 7
29 27 6
29 28 6
30 0 12
30 1 12
30 2 9
30 3 3
30 4 3
30 5 7
30 6 12
30 7 6
30 8 6
30 9 9
30 10 8
30 11 7
30 12 1
30 13 11
30 14 4
30 15 11
30 16 3
30 17 8
30 18 8
30 19 1
30 20 5
30 21 13
30 22 8
30 23 14
30 24 6
30 25 1
30 26 10
30 27 11
30 28 12
30 29 2
31 0 8
31 1 10
31 2 5
31 3 5
31 4 6
31 5 11
31 6 3
31 7 11
31 8 11
31 9 8
31 10 5
31 11 14
31 12 9
31 13 2
31 14 8
31 15 12
31 16 12
31 17 2
31 18 3
31 19 14
31 20 10
31 21 1
31 22 3
31 23 2
31 24 14
31 25 8
31 26 8
31 27 5
31 28 10
31 29 3
31 30 2
32 0 4
32 1 7
32 2 3
32 3 7
32 4 6
32 5 7
32 6 11
32 7 12
32 8 5
32 9 6
32 10 1
32 11 7
32 12 5
32 13 8
32 14 3
32 15 5
32 16 4
32 17 4
32 18 14
32 19 4
32 20 3
32 21 2
32 22 7
32 23 3
32 24 1
32 25 8
32 26 13
32 27 2
32 28 7
32 29 1
32 30 13
32 31 2
33 0 9
33 1 10
33 2 3
33 3 1
33 4 6
33 5 14
33 6 13
33 7 13
33 8 6
33 9 10
33 10 10
33 11 8
33 12 3
33 13 11
33 14 1
33 15 14
33 16 11
33 17 1
33 18 7
33 19 14
33 20 6
33 21 13
33 22 7
33 23 13
33 24 3
33 25 12
33 26 12
33 27 11
33 28 5
33 29 12
33 30 12
33 31 5
33 32 14
34 0 5
34 1 14
34 2 3
34 3 11
34 4 2
34 5 12
34 6 13
34 7 12
34 8 2
34 9 3
34 10 13
34 11 3
34 12 1
34 13 1
34 14 14
34 15 4
34 16 8
34 17 7
34 18 12
34 19 14
34 20 5
34 21 12
34 22 12
34 23 10
34 24 2
34 25 2
34 26 6
34 27 9
34 28 11
34 29 9
34 30 12
34 31 1
34 32 3
34 33 13
35 0 10
35 1 1
35 2 3
35 3 13
35 4 10
35 5 9
35 6 4
35 7 13
35 8 11
35 9 9
35 10 12
35 11 7
35 12 6
35 13 1
35 14 9
35 15 14
35 16 8
35 17 12
35 18 11
35 19 2
35 20 8
35 21 5
35 22 5
35 23 9
35 24 5
35 25 11
35 26 1
35 27 11
35 28 10
35 29 13
35 30 2
35 31 13
35 32 12
35 33 1
35 34 11
36 0 7
36 1 12
36 2 10
36 3 4
36 4 3
36 5 4
36 6 5
36 7 6
36 8 13
36 9 10
36 10 11
36 11 5
36 12 13
36 13 14
36 14 3
36 15 1
36 16 6
36 17 12
36 18 12
36 19 9
36 20 9
36 21 4
36 22 5
36 23 1
36 24 9
36 25 1
36 26 8
36 27 12
36 28 1
36 29 11
36 30 12
36 31 11
36 32 3
36 33 11
36 34 4
36 35 7
37 0 7
37 1 11
37 2 3
37 3 1
37 4 3
37 5 13
37 6 13
37 7 12
37 8 9
37 9 6
37 10 4
37 11 5
37 12 2
37 13 3
37 14 3
37 15 2
37 16 10
37 17 12
37 18 13
37 19 14
37 20 14
37 21 3
37 22 13
37 23 5
37 24 4
37 25 11
37 26 4
37 27 12
37 28 13
37 29 13
37 30 13
37 31 8
37 32 10
37 33 9
37 34 10
37 35 2
37 36 9
38 0 13
38 1 8
38 2 5
38 3 11
38 4 9
38 5 1
38 6 10
38 7 9
38 8 5
38 9 2
38 10 7
38 11 4
38 12 5
38 13 6
38 14 6
38 15 9
38 16 12
38 17 2
38 18 12
38 19 14
38 20 2
38 21 10
38 22 6
38 23 13
38 24 14
38 25 11
38 26 7
38 27 11
38 28 14
38 29 11
38 30 5
38 31 2
38 32 8
38 33 14
38 34 11
38 35 12
38 36 4
38 37 9
39 0 12
39 1 10
39 2 13
39 3 6
39 4 9
39 5 4
39 6 3
39 7 3
39 8 4
39 9 2
39 10 4
39 11 7
39 12 3
39 13 12
39 14 6
39 15 7
39 16 8
39 17 6
39 18 11
39 19 10
39 20 11
39 21 11
39 22 4
39 23 8
39 24 12
39 25 9
39 26 11
39 27 5
39 28 7
39 29 11
39 30 12
39 31 3
39 32 7
39 33 7
39 34 7
39 35 9
39 36 2
39 37 9
39 38 12
