40
1 0 10
2 0 10
3 0 6
3 1 2
3 2 2
4 0 6
4 3 4
5 1 1
5 2 5
5 3 3
6 0 1
6 2 2
6 4 4
7 0 8
7 3 8
7 6 8
8 1 6
8 4 1
8 5 10
8 6 6
8 7 6
9 1 9
9 2 10
9 8 3
10 0 5
10 1 7
10 3 10
10 6 4
10 7 7
10 9 8
11 0 2
11 3 8
11 7 7
11 10 6
12 1 9
12 2 8
12 3 4
12 4 2
12 5 8
12 6 1
12 8 7
13 1 5
13 2 4
13 3 8
13 4 10
13 5 6
13 6 10
13 7 4
13 12 4
14 2 6
14 4 8
15 0 9
15 3 7
15 5 2
15 6 7
15 7 4
15 10 10
15 11 3
15 14 9
16 1 8
16 2 2
16 3 3
16 5 9
16 6 5
16 10 7
16 11 6
16 12 6
16 14 4
16 15 9
17 0 2
17 2 1
17 3 6
17 4 1
17 5 3
17 6 10
17 9 2
17 10 3
17 12 6
17 14 4
17 15 2
17 16 5
18 1 10
18 5 1
18 9 10
18 10 5
18 15 5
18 17 8
19 0 1
19 1 1
19 2 9
19 3 1
19 5 6
19 6 3
19 7 5
19 11 10
19 12 8
19 14 4
19 15 3
19 18 7
20 3 8
20 9 5
20 14 8
20 17 2
20 18 8
20 19 4
21 0 10
21 2 5
21 3 6
21 5 6
21 6 7
21 10 10
21 12 8
21 15 2
21 17 8
21 18 5
21 19 5
22 1 8
22 2 2
22 6 3
22 7 9
22 9 4
22 12 3
22 13 3
22 16 6
22 18 3
22 19 5
22 21 2
23 4 4
23 6 1
23 7 4
23 8 4
23 9 3
23 10 3
23 14 8
23 17 2
23 19 7
23 20 10
23 21 1
24 0 3
24 1 7
24 2 5
24 6 2
24 7 10
24 9 3
24 11 4
24 14 9
24 15 8
24 17 6
24 18 5
24 20 2
25 1 8
25 3 1
25 7 3
25 9 9
25 12 3
25 15 9
25 16 5
25 17 2
25 20 6
26 2 7
26 3 3
26 10 2
26 11 2
26 13 1
26 17 9
26 18 5
26 19 1
26 20 4
26 22 8
26 25 9
27 1 7
27 2 1
27 5 4
27 6 4
27 7 10
27 8 10
27 9 3
27 10 6
27 13 5
27 15 9
27 16 5
27 19 3
27 20 1
27 21 8
27 22 3
27 23 7
27 26 3
28 0 7
28 11 3
28 13 2
28 14 7
28 15 1
28 16 3
28 17 9
28 21 9
28 23 6
28 24 5
28 26 5
29 0 8
29 2 3
29 3 4
29 7 4
29 8 6
29 9 2
29 12 4
29 13 7
29 15 9
29 17 5
29 18 2
29 19 1
29 20 7
29 23 4
29 25 3
30 0 8
30 1 9
30 2 3
30 3 1
30 9 5
30 11 8
30 15 8
30 18 2
30 22 4
30 28 4
30 29 4
31 1 5
31 3 10
31 4 9
31 5 9
31 9 10
31 10 10
31 12 2
31 13 1
31 16 5
31 19 3
31 20 5
31 24 1
31 26 3
32 1 3
32 3 1
32 12 3
32 14 6
32 16 6
32 17 8
32 20 9
32 21 7
32 22 10
32 26 4
32 28 6
32 30 5
32 31 2
33 0 1
33 4 6
33 5 10
33 8 8
33 9 4
33 12 10
33 13 10
33 15 2
33 17 7
33 25 8
33 26 1
33 27 7
33 28 5
33 30 1
33 31 4
33 32 4
34 0 4
34 2 2
34 3 8
34 6 1
34 9 7
34 10 5
34 12 5
34 13 6
34 16 9
34 17 10
34 19 8
34 21 4
34 23 5
34 25 6
34 26 7
34 28 5
34 29 7
34 31 3
34 33 3
35 3 3
35 4 3
35 10 2
35 11 4
35 12 1
35 15 10
35 16 5
35 19 7
35 20 6
35 21 8
35 22 7
35 23 5
35 24 7
35 26 10
35 27 4
35 28 9
35 34 8
36 1 5
36 2 3
36 3 1
36 4 3
36 6 1
36 8 6
36 9 2
36 10 5
36 12 1
36 14 2
36 15 3
36 18 8
36 19 6
36 20 9
36 22 9
36 23 6
36 26 3
36 29 1
36 30 1
36 31 10
36 32 2
36 33 6
36 34 10
37 0 6
37 3 6
37 5 4
37 7 7
37 8 5
37 14 6
37 17 2
37 19 9
37 20 1
37 21 2
37 23 2
37 25 1
37 28 5
37 30 10
37 32 5
37 34 8
38 0 5
38 2 8
38 4 5
38 5 5
38 8 7
38 9 2
38 11 3
38 12 8
38 14 2
38 16 4
38 19 5
38 21 1
38 24 6
38 25 8
38 26 10
38 27 10
38 33 3
38 35 5
38 36 10
39 0 4
39 3 6
39 6 9
39 8 6
39 10 9
39 14 5
39 15 10
39 16 9
39 19 1
39 20 2
39 22 8
39 23 7
39 24 1
39 25 1
39 30 9
39 35 5
39 36 7
