60
1 0 4
3 2 1
5 0 2
5 1 1
5 3 4
5 4 1
6 0 4
6 2 1
6 3 2
6 4 3
7 1 3
7 2 4
7 4 4
7 5 4
8 0 4
8 2 1
8 7 3
9 1 1
9 4 2
9 6 3
10 0 4
10 1 2
10 2 4
10 3 2
10 4 3
10 9 2
11 0 3
11 3 1
11 4 1
11 6 1
11 7 4
11 8 2
12 1 2
12 2 4
12 4 3
12 5 3
12 6 4
12 7 3
12 8 3
13 0 2
13 1 3
13 5 1
13 7 2
13 8 1
13 9 4
13 10 4
13 11 1
14 0 1
14 1 3
14 3 2
14 5 1
14 9 4
14 11 3
14 13 4
15 0 3
15 2 3
15 4 2
15 5 2
15 6 3
15 7 4
15 9 1
15 12 2
15 13 3
15 14 1
16 0 4
16 3 4
16 8 2
16 10 3
16 12 3
17 1 3
17 3 4
17 5 1
17 7 3
17 8 3
17 9 1
17 10 1
17 11 2
17 12 2
17 14 1
18 0 2
18 2 3
18 4 4
18 10 1
18 12 2
18 14 3
18 15 3
19 3 3
19 5 1
19 7 4
19 8 2
19 9 3
19 11 3
19 12 2
19 17 2
19 18 1
20 1 4
20 3 1
20 4 1
20 5 4
20 8 4
20 9 2
20 11 4
20 12 4
20 15 4
20 16 3
20 17 3
21 0 3
21 1 2
21 2 2
21 4 4
21 6 3
21 7 4
21 9 4
21 11 1
21 12 3
21 15 2
21 16 1
21 17 1
21 18 2
21 20 3
22 1 3
22 4 2
22 5 4
22 8 4
22 9 1
22 10 4
22 13 3
22 15 2
23 0 2
23 1 1
23 3 2
23 4 3
23 7 3
23 8 2
23 9 4
23 10 3
23 12 3
23 14 4
23 16 3
23 17 4
23 20 2
24 0 2
24 1 3
24 3 2
24 4 1
24 7 2
24 11 2
24 12 2
24 14 4
24 15 1
24 17 3
24 19 3
24 21 4
24 22 2
25 1 4
25 2 3
25 3 3
25 6 3
25 8 2
25 9 1
25 12 4
25 14 4
25 15 2
25 19 1
25 23 1
25 24 3
26 0 3
26 1 2
26 3 2
26 6 4
26 13 2
26 14 1
26 16 4
26 18 2
26 19 2
26 21 4
26 22 3
26 23 2
26 24 3
27 1 2
27 2 2
27 3 4
27 8 3
27 9 2
27 10 1
27 13 2
27 15 1
27 20 4
27 23 2
27 26 4
28 3 4
28 4 2
28 5 1
28 7 3
28 8 3
28 12 2
28 13 1
28 16 4
28 18 3
28 21 4
28 23 3
28 25 3
28 26 4
29 1 2
29 4 2
29 5 4
29 6 2
29 8 3
29 10 3
29 11 4
29 13 2
29 16 4
29 17 1
29 18 4
29 20 3
29 21 1
29 25 4
29 27 1
29 28 2
30 0 1
30 1 3
30 2 3
30 3 4
30 6 2
30 9 3
30 10 4
30 11 2
30 12 3
30 15 2
30 16 2
30 17 3
30 19 1
30 21 4
30 22 1
30 23 2
30 24 3
30 28 4
30 29 2
31 0 2
31 1 1
31 8 2
31 9 3
31 11 4
31 12 3
31 14 3
31 15 4
31 16 4
31 24 1
31 26 4
32 2 4
32 3 1
32 6 3
32 7 1
32 8 2
32 9 3
32 10 3
32 11 3
32 12 1
32 13 2
32 14 2
32 16 3
32 17 1
32 18 1
32 19 2
32 23 2
32 25 3
32 28 2
32 31 4
33 5 2
33 7 4
33 11 2
33 12 4
33 16 1
33 17 1
33 21 3
33 23 1
33 24 3
33 26 3
33 27 1
33 30 4
34 1 1
34 4 2
34 8 3
34 9 4
34 11 2
34 12 2
34 14 1
34 15 1
34 17 2
34 18 1
34 19 4
34 20 3
34 25 4
34 26 1
34 28 3
34 29 1
34 31 4
34 32 4
35 0 4
35 1 2
35 5 1
35 6 4
35 8 1
35 9 1
35 12 3
35 15 4
35 20 4
35 21 1
35 24 1
35 25 3
35 26 4
35 27 3
35 29 1
35 32 3
36 1 1
36 2 1
36 3 3
36 4 3
36 5 2
36 6 4
36 8 2
36 9 3
36 13 4
36 14 4
36 18 3
36 19 3
36 23 3
36 25 1
36 26 3
36 28 2
36 29 2
36 31 1
36 32 1
36 33 4
36 35 4
37 0 2
37 1 4
37 3 4
37 4 4
37 5 3
37 6 4
37 7 2
37 8 1
37 9 4
37 10 3
37 12 1
37 13 4
37 17 3
37 18 4
37 19 3
37 21 2
37 22 3
37 23 2
37 24 2
37 26 2
37 27 3
37 31 3
38 1 1
38 3 4
38 5 4
38 6 3
38 7 1
38 8 3
38 9 3
38 11 2
38 12 2
38 13 4
38 15 2
38 16 3
38 17 4
38 18 3
38 20 3
38 22 3
38 23 2
38 25 1
38 27 3
38 28 1
38 29 4
38 30 2
38 31 4
38 33 4
38 34 2
38 35 3
38 37 3
39 3 1
39 4 1
39 7 1
39 8 3
39 12 2
39 14 2
39 15 3
39 16 1
39 17 1
39 18 1
39 20 1
39 22 1
39 23 4
39 26 3
39 27 3
39 29 4
39 30 4
39 31 1
39 32 3
39 33 2
39 35 3
39 36 2
40 0 1
40 1 2
40 4 4
40 8 3
40 10 3
40 11 4
40 13 1
40 14 3
40 15 4
40 17 1
40 21 3
40 22 3
40 23 2
40 24 1
40 25 3
40 26 2
40 27 3
40 28 3
40 29 3
40 30 4
40 33 1
40 38 3
41 0 4
41 1 1
41 2 3
41 5 3
41 7 1
41 9 2
41 11 3
41 12 3
41 15 4
41 16 2
41 17 1
41 20 1
41 23 4
41 25 2
41 26 1
41 30 2
41 32 4
41 33 2
41 36 2
41 37 4
41 38 3
41 39 1
42 0 2
42 1 4
42 3 3
42 5 2
42 6 2
42 8 2
42 15 4
42 16 2
42 17 3
42 18 2
42 27 2
42 28 4
42 29 3
42 30 3
42 37 2
42 38 4
42 41 2
43 4 2
43 5 1
43 6 1
43 7 2
43 14 1
43 15 4
43 16 4
43 18 4
43 19 2
43 20 4
43 21 3
43 25 2
43 29 2
43 33 1
43 34 2
43 37 1
43 38 2
43 39 2
43 40 2
44 0 3
44 1 3
44 3 4
44 4 1
44 5 1
44 6 1
44 7 3
44 12 3
44 13 4
44 15 3
44 20 3
44 21 1
44 24 4
44 25 4
44 27 2
44 28 3
44 29 2
44 31 3
44 32 4
44 34 2
44 38 2
44 40 4
44 41 1
44 42 1
45 0 3
45 2 2
45 4 3
45 5 2
45 6 1
45 8 4
45 9 1
45 10 4
45 11 4
45 12 4
45 15 4
45 17 3
45 19 4
45 20 3
45 23 1
45 26 1
45 27 3
45 28 4
45 29 1
45 31 4
45 32 1
45 35 4
45 39 3
45 40 4
45 43 3
46 0 3
46 2 3
46 4 2
46 8 1
46 9 4
46 11 4
46 12 3
46 13 2
46 15 3
46 21 4
46 26 3
46 30 2
46 31 2
46 33 2
46 34 2
46 35 1
46 36 1
46 38 1
46 40 1
46 41 1
46 42 2
47 1 2
47 2 2
47 8 2
47 9 2
47 11 3
47 12 2
47 15 4
47 16 2
47 18 1
47 20 4
47 22 1
47 23 1
47 25 2
47 27 4
47 30 4
47 32 4
47 34 2
47 35 4
47 36 1
47 38 3
47 42 2
47 45 4
47 46 3
48 0 2
48 1 3
48 3 2
48 4 2
48 6 1
48 8 2
48 9 2
48 10 3
48 12 4
48 13 2
48 14 2
48 16 2
48 17 4
48 18 2
48 19 1
48 23 2
48 24 3
48 28 1
48 29 3
48 30 1
48 31 1
48 34 2
48 35 3
48 39 3
48 40 3
48 42 2
48 44 3
48 45 2
48 46 2
49 1 1
49 5 4
49 7 3
49 9 3
49 10 1
49 15 4
49 17 4
49 20 2
49 22 4
49 23 2
49 24 3
49 28 4
49 29 1
49 30 3
49 35 4
49 36 1
49 37 2
49 39 2
49 41 1
49 42 2
49 43 3
49 44 1
49 45 4
49 46 1
49 47 1
50 1 1
50 3 3
50 4 4
50 11 4
50 12 1
50 13 1
50 16 2
50 17 4
50 18 1
50 19 4
50 21 2
50 22 3
50 23 4
50 24 2
50 25 3
50 27 3
50 28 1
50 33 3
50 35 1
50 37 3
50 38 3
50 39 4
50 40 3
50 41 1
50 43 1
50 45 1
50 49 1
51 3 3
51 7 1
51 8 4
51 10 1
51 11 3
51 12 2
51 13 3
51 18 1
51 19 2
51 20 4
51 22 4
51 30 4
51 31 3
51 32 4
51 33 3
51 35 4
51 36 1
51 37 1
51 38 3
51 41 3
51 42 3
51 45 2
51 48 3
51 50 3
52 3 1
52 5 1
52 6 2
52 8 4
52 9 3
52 12 1
52 14 4
52 15 3
52 17 2
52 21 3
52 22 4
52 29 4
52 31 2
52 33 3
52 35 4
52 36 4
52 37 1
52 41 2
52 42 2
52 44 2
52 45 3
52 47 2
52 48 2
52 49 1
52 50 2
53 2 3
53 3 3
53 6 1
53 7 2
53 8 1
53 12 2
53 15 3
53 17 2
53 20 2
53 21 1
53 22 1
53 28 4
53 29 4
53 36 3
53 38 1
53 41 4
53 43 3
53 45 1
53 46 4
53 49 2
53 50 1
54 0 4
54 4 4
54 5 2
54 6 2
54 13 4
54 14 1
54 15 4
54 17 4
54 19 1
54 23 1
54 24 3
54 26 2
54 28 3
54 29 2
54 31 3
54 38 4
54 39 2
54 43 1
54 48 2
54 49 1
54 50 3
54 52 2
54 53 3
55 1 4
55 2 1
55 6 2
55 11 4
55 12 2
55 13 3
55 14 2
55 16 2
55 17 2
55 23 2
55 25 3
55 26 3
55 27 2
55 28 3
55 30 4
55 31 2
55 32 1
55 33 1
55 34 3
55 36 1
55 41 4
55 46 2
55 48 1
55 49 1
55 51 4
55 53 1
56 1 3
56 2 4
56 7 2
56 10 4
56 11 3
56 12 3
56 13 3
56 15 2
56 18 4
56 19 4
56 26 3
56 27 1
56 29 3
56 31 2
56 32 4
56 34 4
56 35 3
56 39 4
56 41 4
56 43 1
56 48 4
56 53 2
56 54 3
56 55 2
57 1 4
57 2 2
57 3 1
57 4 4
57 5 1
57 7 4
57 11 1
57 13 2
57 15 1
57 16 2
57 17 4
57 19 1
57 21 3
57 22 1
57 27 3
57 28 3
57 30 4
57 31 3
57 32 1
57 33 4
57 34 1
57 35 4
57 37 3
57 38 4
57 39 4
57 40 1
57 42 1
57 44 1
57 50 4
57 51 2
57 52 3
57 53 4
57 56 3
58 2 2
58 4 1
58 11 1
58 13 2
58 14 3
58 15 2
58 18 3
58 20 3
58 21 2
58 22 3
58 23 1
58 25 2
58 28 1
58 29 3
58 30 4
58 32 3
58 33 2
58 34 1
58 36 4
58 37 2
58 38 2
58 39 4
58 40 2
58 42 4
58 50 1
58 51 4
58 53 4
58 54 3
58 56 4
59 0 2
59 2 4
59 5 1
59 6 1
59 7 4
59 11 3
59 12 3
59 14 2
59 16 4
59 18 2
59 20 2
59 22 2
59 27 1
59 29 3
59 30 2
59 32 4
59 33 2
59 34 3
59 37 2
59 38 2
59 41 3
59 42 1
59 47 1
59 51 2
59 52 1
59 56 3
59 57 2
59 58 2
