40
2 0 14
2 1 4
3 0 5
4 0 12
4 2 11
5 1 8
5 2 12
6 0 12
6 1 12
6 3 12
6 4 9
7 2 13
7 3 6
7 6 9
8 0 4
8 2 2
8 4 4
8 6 4
9 0 9
9 3 13
9 5 12
9 8 10
10 0 11
10 1 12
10 3 1
10 7 13
10 9 9
11 2 13
11 6 3
11 7 3
11 9 3
11 10 3
12 2 13
12 4 3
12 6 2
12 7 13
12 8 2
12 9 14
12 11 1
13 1 11
13 5 9
13 8 10
13 10 14
13 12 6
14 0 2
14 1 11
14 3 3
14 4 8
14 5 5
14 6 9
14 9 14
14 11 9
15 1 7
15 2 11
15 3 1
15 4 5
15 7 7
15 10 1
15 11 4
15 12 8
16 2 6
16 3 7
16 5 9
16 6 4
16 8 10
16 13 3
16 15 4
17 4 1
17 6 2
17 7 11
17 8 11
17 12 7
17 14 8
18 0 8
18 1 9
18 8 3
18 11 2
18 12 14
18 13 1
18 16 13
19 0 1
19 1 2
19 4 1
19 5 7
19 6 14
19 7 14
19 12 3
19 14 7
19 17 9
20 0 5
20 1 2
20 3 6
20 4 2
20 5 7
20 6 14
20 7 6
20 9 5
20 12 7
20 13 11
20 16 6
20 17 7
21 1 1
21 2 11
21 5 9
21 9 10
21 12 1
21 13 7
21 14 13
21 15 6
21 16 6
21 18 9
21 20 8
22 1 2
22 2 7
22 3 11
22 5 5
22 6 11
22 7 2
22 10 2
22 11 13
22 14 5
22 16 7
22 17 2
22 18 5
23 2 8
23 5 12
23 7 14
23 9 3
23 11 7
23 12 5
23 13 5
23 16 14
23 17 8
23 19 7
24 1 5
24 3 6
24 4 13
24 7 1
24 9 4
24 11 6
24 13 2
24 14 9
24 15 12
24 16 14
24 18 14
24 19 1
24 20 11
24 23 12
25 0 7
25 1 6
25 2 11
25 6 10
25 9 4
25 11 13
25 13 13
25 14 14
25 15 9
25 17 13
25 18 3
25 19 9
25 21 12
25 23 5
25 24 6
26 1 11
26 2 13
26 5 1
26 6 6
26 9 1
26 12 3
26 13 1
26 14 7
26 17 2
26 18 3
26 20 2
26 22 8
26 23 13
26 24 1
26 25 5
27 0 7
27 2 3
27 4 10
27 6 2
27 8 4
27 10 4
27 14 10
27 15 14
27 16 14
27 17 13
27 18 8
27 19 9
27 20 8
27 23 10
27 25 3
27 26 8
28 2 4
28 3 10
28 6 1
28 7 2
28 8 1
28 10 1
28 15 4
28 18 2
28 23 4
28 26 2
29 0 11
29 2 9
29 4 6
29 7 13
29 8 11
29 9 4
29 11 14
29 13 11
29 16 6
29 18 10
29 19 5
29 20 7
29 21 4
29 22 7
29 25 10
29 27 13
30 1 1
30 2 10
30 3 7
30 6 11
30 8 8
30 10 13
30 11 2
30 13 1
30 17 7
30 18 2
30 19 11
30 23 5
30 28 1
30 29 14
31 3 10
31 4 5
31 6 13
31 7 3
31 8 1
31 9 6
31 10 10
31 13 8
31 15 1
31 16 4
31 17 3
31 20 2
31 21 11
31 22 1
31 23 1
31 27 4
31 28 3
31 29 5
31 30 4
32 1 11
32 3 12
32 9 5
32 10 10
32 11 10
32 14 11
32 15 8
32 16 5
32 19 13
32 21 6
32 22 4
32 25 10
32 26 11
32 27 10
32 28 14
32 29 13
32 30 14
33 0 5
33 2 3
33 4 8
33 5 11
33 6 10
33 7 6
33 8 10
33 10 3
33 12 3
33 15 14
33 19 4
33 23 14
33 24 8
33 25 1
33 26 13
33 28 4
34 0 9
34 4 5
34 7 1
34 8 10
34 10 3
34 12 11
34 13 11
34 15 3
34 19 12
34 22 4
34 23 4
34 24 2
34 27 11
34 28 9
34 29 2
34 30 3
34 31 7
34 32 11
34 33 14
35 0 10
35 1 8
35 2 5
35 3 1
35 4 13
35 6 13
35 7 6
35 8 5
35 9 1
35 10 3
35 13 4
35 14 10
35 16 1
35 17 3
35 18 4
35 19 6
35 21 11
35 23 2
35 24 5
35 26 5
35 29 8
35 32 2
35 33 10
36 0 3
36 3 1
36 6 8
36 7 7
36 8 12
36 12 6
36 13 11
36 16 4
36 21 8
36 22 5
36 23 10
36 24 5
36 27 13
36 30 2
36 31 9
36 33 10
36 34 2
36 35 1
37 0 2
37 2 2
37 3 1
37 4 9
37 8 6
37 11 13
37 13 2
37 14 6
37 21 9
37 26 9
37 27 4
37 30 4
37 32 2
37 34 12
37 35 1
38 3 10
38 6 5
38 11 14
38 13 8
38 14 4
38 15 7
38 18 7
38 19 7
38 21 11
38 22 12
38 23 4
38 24 10
38 28 5
38 31 6
38 33 5
38 37 7
39 0 1
39 2 3
39 3 3
39 4 7
39 5 2
39 6 14
39 7 12
39 9 3
39 10 8
39 11 14
39 13 7
39 15 10
39 17 5
39 18 6
39 19 14
39 21 11
39 22 8
39 23 2
39 25 10
39 26 3
39 27 12
39 29 7
39 30 7
39 31 6
39 32 6
39 35 4
39 36 1
39 37 9
39 38 8
