60
1 0 10
2 0 10
2 1 6
3 0 8
3 1 2
3 2 1
4 0 8
4 1 6
4 2 4
4 3 7
5 0 1
5 1 9
5 2 7
5 3 7
5 4 4
6 0 9
6 1 1
6 2 9
6 3 9
6 4 4
6 5 3
7 0 10
7 1 1
7 2 3
7 3 4
7 4 10
7 5 5
7 6 10
8 0 5
8 1 5
8 2 2
8 3 8
8 4 8
8 5 1
8 6 9
8 7 3
9 0 4
9 1 6
9 2 1
9 3 8
9 4 6
9 5 9
9 6 1
9 7 1
9 8 3
10 0 7
10 1 2
10 2 5
10 3 8
10 4 10
10 5 6
10 6 4
10 7 3
10 8 3
10 9 4
11 0 7
11 1 3
11 2 8
11 3 3
11 4 5
11 5 8
11 6 7
11 7 4
11 8 7
11 9 3
11 10 10
12 0 7
12 1 8
12 2 9
12 3 6
12 4 3
12 5 8
12 6 2
12 7 10
12 8 3
12 9 6
12 10 10
12 11 3
13 0 3
13 1 7
13 2 1
13 3 8
13 4 4
13 5 4
13 6 4
13 7 5
13 8 3
13 9 10
13 10 9
13 11 4
13 12 6
14 0 5
14 1 4
14 2 9
14 3 7
14 4 2
14 5 3
14 6 9
14 7 9
14 8 10
14 9 5
14 10 9
14 11 10
14 12 6
14 13 1
15 0 3
15 1 9
15 2 7
15 3 6
15 4 9
15 5 6
15 6 4
15 7 2
15 8 1
15 9 1
15 10 1
15 11 3
15 12 2
15 13 8
15 14 1
16 0 8
16 1 9
16 2 9
16 3 10
16 4 10
16 5 5
16 6 1
16 7 9
16 8 7
16 9 5
16 10 7
16 11 5
16 12 10
16 13 5
16 14 8
16 15 7
17 0 1
17 1 3
17 2 9
17 3 3
17 4 8
17 5 10
17 6 1
17 7 5
17 8 8
17 9 4
17 10 10
17 11 10
17 12 10
17 13 3
17 14 4
17 15 8
17 16 3
18 0 3
18 1 9
18 2 7
18 3 10
18 4 7
18 5 6
18 6 8
18 7 9
18 8 3
18 9 10
18 10 10
18 11 3
18 12 7
18 13 2
18 14 3
18 15 7
18 16 7
18 17 7
19 0 5
19 1 4
19 2 3
19 3 10
19 4 10
19 5 6
19 6 1
19 7 5
19 8 7
19 9 1
19 10 2
19 11 9
19 12 8
19 13 3
19 14 9
19 15 4
19 16 3
19 17 8
19 18 5
20 0 9
20 1 7
20 2 7
20 3 3
20 4 7
20 5 7
20 6 8
20 7 3
20 8 4
20 9 9
20 10 4
20 11 6
20 12 5
20 13 7
20 14 5
20 15 3
20 16 9
20 17 4
20 18 9
20 19 3
21 0 2
21 1 4
21 2 9
21 3 5
21 4 7
21 5 10
21 6 6
21 7 6
21 8 3
21 9 7
21 10 8
21 11 4
21 12 6
21 13 3
21 14 9
21 15 9
21 16 4
21 17 7
21 18 4
21 19 8
21 20 4
22 0 10
22 1 7
22 2 4
22 3 5
22 4 3
22 5 6
22 6 1
22 7 1
22 8 4
22 9 2
22 10 2
22 11 10
22 12 6
22 13 7
22 14 10
22 15 10
22 16 3
22 17 7
22 18 7
22 19 2
22 20 8
22 21 9
23 0 3
23 1 10
23 2 3
23 3 6
23 4 2
23 5 9
23 6 2
23 7 8
23 8 3
23 9 5
23 10 4
23 11 7
23 12 6
23 13 4
23 14 5
23 15 9
23 16 5
23 17 6
23 18 5
23 19 1
23 20 3
23 21 9
23 22 3
24 0 4
24 1 10
24 2 9
24 3 4
24 4 5
24 5 3
24 6 1
24 7 3
24 8 2
24 9 6
24 10 7
24 11 8
24 12 6
24 13 9
24 14 4
24 15 6
24 16 3
24 17 10
24 18 1
24 19 5
24 20 3
24 21 1
24 22 2
24 23 3
25 0 3
25 1 3
25 2 3
25 3 8
25 4 5
25 5 4
25 6 10
25 7 6
25 8 7
25 9 8
25 10 5
25 11 9
25 12 8
25 13 6
25 14 9
25 15 10
25 16 5
25 17 2
25 18 3
25 19 8
25 20 3
25 21 1
25 22 4
25 23 7
25 24 5
26 0 2
26 1 8
26 2 2
26 3 8
26 4 10
26 5 4
26 6 10
26 7 6
26 8 4
26 9 1
26 10 5
26 11 1
26 12 8
26 13 7
26 14 3
26 15 10
26 16 2
26 17 2
26 18 9
26 19 2
26 20 7
26 21 4
26 22 9
26 23 4
26 24 5
26 25 8
27 0 3
27 1 9
27 2 3
27 3 10
27 4 7
27 5 8
27 6 2
27 7 2
27 8 3
27 9 5
27 10 6
27 11 5
27 12 3
27 13 8
27 14 3
27 15 1
27 16 7
27 17 8
27 18 6
27 19 8
27 20 4
27 21 7
27 22 10
27 23 6
27 24 7
27 25 5
27 26 8
28 0 5
28 1 6
28 2 2
28 3 3
28 4 1
28 5 5
28 6 6
28 7 1
28 8 1
28 9 6
28 10 3
28 11 10
28 12 2
28 13 5
28 14 10
28 15 3
28 16 8
28 17 2
28 18 9
28 19 5
28 20 8
28 21 9
28 22 6
28 23 5
28 24 7
28 25 1
28 26 5
28 27 6
29 0 3
29 1 1
29 2 7
29 3 8
29 4 3
29 5 8
29 6 5
29 7 7
29 8 2
29 9 8
29 10 6
29 11 8
29 12 5
29 13 2
29 14 3
29 15 1
29 16 7
29 17 6
29 18 10
29 19 1
29 20 6
29 21 3
29 22 5
29 23 3
29 24 4
29 25 10
29 26 3
29 27 5
29 28 3
30 0 10
30 1 1
30 2 10
30 3 8
30 4 8
30 5 1
30 6 8
30 7 2
30 8 4
30 9 1
30 10 8
30 11 4
30 12 3
30 13 8
30 14 8
30 15 9
30 16 2
30 17 9
30 18 6
30 19 5
30 20 7
30 21 1
30 22 7
30 23 3
30 24 1
30 25 6
30 26 8
30 27 3
30 28 2
30 29 2
31 0 6
31 1 9
31 2 5
31 3 9
31 4 1
31 5 2
31 6 10
31 7 4
31 8 9
31 9 3
31 10 8
31 11 8
31 12 1
31 13 8
31 14 3
31 15 10
31 16 7
31 17 5
31 18 6
31 19 7
31 20 5
31 21 9
31 22 2
31 23 5
31 24 2
31 25 2
31 26 1
31 27 1
31 28 1
31 29 2
31 30 8
32 0 3
32 1 1
32 2 1
32 3 3
32 4 9
32 5 7
32 6 1
32 7 2
32 8 5
32 9 7
32 10 5
32 11 7
32 12 5
32 13 5
32 14 8
32 15 6
32 16 2
32 17 6
32 18 5
32 19 7
32 20 8
32 21 9
32 22 2
32 23 2
32 24 9
32 25 1
32 26 4
32 27 7
32 28 5
32 29 1
32 30 6
32 31 5
33 0 6
33 1 8
33 2 5
33 3 3
33 4 8
33 5 7
33 6 6
33 7 8
33 8 6
33 9 2
33 10 1
33 11 6
33 12 3
33 13 9
33 14 9
33 15 1
33 16 5
33 17 10
33 18 10
33 19 1
33 20 7
33 21 2
33 22 2
33 23 4
33 24 6
33 25 7
33 26 3
33 27 6
33 28 4
33 29 10
33 30 3
33 31 4
33 32 2
34 0 10
34 1 3
34 2 4
34 3 1
34 4 2
34 5 7
34 6 8
34 7 2
34 8 2
34 9 10
34 10 8
34 11 4
34 12 4
34 13 3
34 14 5
34 15 6
34 16 2
34 17 5
34 18 10
34 19 6
34 20 8
34 21 5
34 22 7
34 23 9
34 24 6
34 25 8
34 26 10
34 27 7
34 28 7
34 29 10
34 30 5
34 31 4
34 32 10
34 33 9
35 0 6
35 1 8
35 2 8
35 3 4
35 4 3
35 5 8
35 6 1
35 7 9
35 8 5
35 9 9
35 10 8
35 11 8
35 12 1
35 13 8
35 14 4
35 15 5
35 16 7
35 17 1
35 18 10
35 19 4
35 20 5
35 21 7
35 22 7
35 23 9
35 24 6
35 25 4
35 26 2
35 27 3
35 28 5
35 29 10
35 30 9
35 31 8
35 32 3
35 33 5
35 34 7
36 0 8
36 1 3
36 2 5
36 3 6
36 4 9
36 5 3
36 6 10
36 7 2
36 8 8
36 9 4
36 10 8
36 11 6
36 12 3
36 13 1
36 14 2
36 15 4
36 16 1
36 17 9
36 18 6
36 19 7
36 20 8
36 21 7
36 22 1
36 23 4
36 24 1
36 25 1
36 26 2
36 27 8
36 28 7
36 29 4
36 30 8
36 31 9
36 32 2
36 33 6
36 34 5
36 35 10
37 0 5
37 1 7
37 2 4
37 3 7
37 4 8
37 5 6
37 6 6
37 7 3
37 8 8
37 9 3
37 10 6
37 11 6
37 12 1
37 13 1
37 14 1
37 15 7
37 16 10
37 17 8
37 18 1
37 19 1
37 20 4
37 21 10
37 22 1
37 23 3
37 24 9
37 25 5
37 26 4
37 27 10
37 28 4
37 29 6
37 30 10
37 31 6
37 32 2
37 33 9
37 34 1
37 35 3
37 36 5
38 0 4
38 1 10
38 2 9
38 3 5
38 4 5
38 5 2
38 6 2
38 7 9
38 8 9
38 9 3
38 10 9
38 11 3
38 12 10
38 13 3
38 14 10
38 15 8
38 16 6
38 17 5
38 18 2
38 19 3
38 20 9
38 21 1
38 22 9
38 23 7
38 24 1
38 25 5
38 26 4
38 27 9
38 28 8
38 29 7
38 30 10
38 31 5
38 32 7
38 33 1
38 34 7
38 35 10
38 36 6
38 37 4
39 0 9
39 1 7
39 2 7
39 3 8
39 4 4
39 5 4
39 6 10
39 7 9
39 8 1
39 9 2
39 10 2
39 11 5
39 12 8
39 13 8
39 14 1
39 15 3
39 16 6
39 17 4
39 18 1
39 19 1
39 20 6
39 21 6
39 22 8
39 23 8
39 24 2
39 25 1
39 26 1
39 27 3
39 28 4
39 29 2
39 30 9
39 31 4
39 32 6
39 33 9
39 34 7
39 35 3
39 36 5
39 37 6
39 38 5
40 0 7
40 1 5
40 2 6
40 3 3
40 4 10
40 5 4
40 6 8
40 7 4
40 8 4
40 9 6
40 10 4
40 11 9
40 12 5
40 13 7
40 14 4
40 15 4
40 16 6
40 17 6
40 18 2
40 19 7
40 20 7
40 21 5
40 22 9
40 23 2
40 24 1
40 25 6
40 26 10
40 27 3
40 28 9
40 29 9
40 30 3
40 31 9
40 32 3
40 33 10
40 34 5
40 35 6
40 36 7
40 37 9
40 38 1
40 39 7
41 0 1
41 1 8
41 2 9
41 3 4
41 4 8
41 5 6
41 6 8
41 7 1
41 8 6
41 9 3
41 10 3
41 11 5
41 12 7
41 13 5
41 14 7
41 15 4
41 16 5
41 17 10
41 18 2
41 19 7
41 20 3
41 21 7
41 22 7
41 23 2
41 24 1
41 25 9
41 26 8
41 27 2
41 28 2
41 29 3
41 30 8
41 31 2
41 32 5
41 33 7
41 34 1
41 35 3
41 36 5
41 37 6
41 38 4
41 39 7
41 40 5
42 0 5
42 1 6
42 2 7
42 3 9
42 4 10
42 5 4
42 6 5
42 7 9
42 8 5
42 9 9
42 10 6
42 11 2
42 12 6
42 13 6
42 14 2
42 15 8
42 16 4
42 17 4
42 18 9
42 19 4
42 20 9
42 21 3
42 22 7
42 23 9
42 24 8
42 25 7
42 26 9
42 27 7
42 28 10
42 29 8
42 30 3
42 31 5
42 32 8
42 33 9
42 34 3
42 35 7
42 36 9
42 37 9
42 38 5
42 39 6
42 40 7
42 41 4
43 0 2
43 1 6
43 2 2
43 3 9
43 4 7
43 5 2
43 6 4
43 7 6
43 8 1
43 9 6
43 10 2
43 11 6
43 12 7
43 13 5
43 14 4
43 15 10
43 16 9
43 17 2
43 18 7
43 19 10
43 20 5
43 21 1
43 22 2
43 23 5
43 24 10
43 25 6
43 26 4
43 27 7
43 28 6
43 29 7
43 30 4
43 31 7
43 32 10
43 33 3
43 34 1
43 35 4
43 36 5
43 37 3
43 38 3
43 39 3
43 40 2
43 41 3
43 42 2
44 0 3
44 1 8
44 2 2
44 3 2
44 4 8
44 5 10
44 6 8
44 7 9
44 8 10
44 9 9
44 10 8
44 11 7
44 12 5
44 13 6
44 14 4
44 15 5
44 16 8
44 17 9
44 18 5
44 19 4
44 20 10
44 21 7
44 22 6
44 23 9
44 24 2
44 25 9
44 26 1
44 27 4
44 28 1
44 29 5
44 30 7
44 31 6
44 32 2
44 33 5
44 34 9
44 35 8
44 36 8
44 37 10
44 38 1
44 39 7
44 40 9
44 41 7
44 42 8
44 43 6
45 0 4
45 1 9
45 2 7
45 3 5
45 4 8
45 5 9
45 6 6
45 7 10
45 8 5
45 9 6
45 10 7
45 11 5
45 12 6
45 13 4
45 14 9
45 15 5
45 16 1
45 17 7
45 18 10
45 19 9
45 20 8
45 21 6
45 22 6
45 23 7
45 24 9
45 25 7
45 26 2
45 27 8
45 28 10
45 29 10
45 30 5
45 31 8
45 32 3
45 33 1
45 34 1
45 35 2
45 36 2
45 37 8
45 38 1
45 39 1
45 40 9
45 41 1
45 42 1
45 43 2
45 44 8
46 0 3
46 1 9
46 2 1
46 3 9
46 4 8
46 5 1
46 6 7
46 7 10
46 8 2
46 9 5
46 10 7
46 11 8
46 12 1
46 13 2
46 14 3
46 15 7
46 16 4
46 17 1
46 18 9
46 19 2
46 20 7
46 21 5
46 22 8
46 23 7
46 24 9
46 25 6
46 26 1
46 27 1
46 28 9
46 29 10
46 30 10
46 31 3
46 32 4
46 33 5
46 34 4
46 35 9
46 36 2
46 37 10
46 38 4
46 39 10
46 40 10
46 41 3
46 42 4
46 43 8
46 44 3
46 45 10
47 0 10
47 1 4
47 2 6
47 3 6
47 4 1
47 5 1
47 6 10
47 7 4
47 8 2
47 9 9
47 10 7
47 11 5
47 12 4
47 13 10
47 14 2
47 15 4
47 16 6
47 17 8
47 18 8
47 19 2
47 20 3
47 21 9
47 22 1
47 23 1
47 24 10
47 25 5
47 26 4
47 27 2
47 28 5
47 29 4
47 30 1
47 31 9
47 32 5
47 33 8
47 34 8
47 35 1
47 36 8
47 37 9
47 38 8
47 39 6
47 40 5
47 41 10
47 42 8
47 43 10
47 44 4
47 45 1
47 46 4
48 0 3
48 1 4
48 2 6
48 3 2
48 4 6
48 5 10
48 6 10
48 7 4
48 8 1
48 9 8
48 10 9
48 11 7
48 12 3
48 13 7
48 14 1
48 15 7
48 16 4
48 17 2
48 18 6
48 19 9
48 20 8
48 21 2
48 22 10
48 23 1
48 24 9
48 25 1
48 26 4
48 27 3
48 28 7
48 29 6
48 30 8
48 31 9
48 32 9
48 33 10
48 34 6
48 35 8
48 36 2
48 37 6
48 38 4
48 39 3
48 40 3
48 41 6
48 42 3
48 43 1
48 44 5
48 45 7
48 46 8
48 47 4
49 0 5
49 1 9
49 2 2
49 3 7
49 4 3
49 5 2
49 6 3
49 7 5
49 8 6
49 9 3
49 10 5
49 11 8
49 12 9
49 13 8
49 14 6
49 15 9
49 16 8
49 17 4
49 18 6
49 19 2
49 20 6
49 21 8
49 22 4
49 23 6
49 24 6
49 25 1
49 26 10
49 27 10
49 28 7
49 29 9
49 30 7
49 31 9
49 32 7
49 33 6
49 34 7
49 35 6
49 36 3
49 37 7
49 38 1
49 39 5
49 40 6
49 41 3
49 42 3
49 43 9
49 44 8
49 45 3
49 46 4
49 47 6
49 48 7
50 0 6
50 1 1
50 2 3
50 3 8
50 4 7
50 5 8
50 6 10
50 7 10
50 8 7
50 9 1
50 10 1
50 11 10
50 12 2
50 13 5
50 14 6
50 15 7
50 16 7
50 17 8
50 18 5
50 19 6
50 20 5
50 21 5
50 22 3
50 23 6
50 24 10
50 25 7
50 26 7
50 27 6
50 28 9
50 29 5
50 30 2
50 31 3
50 32 3
50 33 2
50 34 8
50 35 2
50 36 1
50 37 10
50 38 3
50 39 3
50 40 2
50 41 4
50 42 6
50 43 9
50 44 1
50 45 9
50 46 7
50 47 6
50 48 1
50 49 4
51 0 3
51 1 4
51 2 9
51 3 7
51 4 2
51 5 7
51 6 6
51 7 8
51 8 8
51 9 8
51 10 5
51 11 7
51 12 5
51 13 9
51 14 10
51 15 8
51 16 4
51 17 8
51 18 6
51 19 2
51 20 8
51 21 7
51 22 3
51 23 8
51 24 3
51 25 5
51 26 8
51 27 5
51 28 1
51 29 10
51 30 7
51 31 3
51 32 5
51 33 2
51 34 4
51 35 7
51 36 6
51 37 6
51 38 6
51 39 1
51 40 5
51 41 3
51 42 6
51 43 4
51 44 5
51 45 8
51 46 7
51 47 7
51 48 5
51 49 3
51 50 7
52 0 4
52 1 10
52 2 5
52 3 3
52 4 10
52 5 9
52 6 4
52 7 10
52 8 5
52 9 9
52 10 4
52 11 2
52 12 6
52 13 1
52 14 1
52 15 2
52 16 9
52 17 4
52 18 8
52 19 10
52 20 3
52 21 10
52 22 1
52 23 10
52 24 3
52 25 1
52 26 3
52 27 8
52 28 7
52 29 10
52 30 3
52 31 3
52 32 5
52 33 9
52 34 8
52 35 7
52 36 4
52 37 9
52 38 3
52 39 1
52 40 10
52 41 3
52 42 2
52 43 1
52 44 9
52 45 7
52 46 10
52 47 10
52 48 10
52 49 8
52 50 2
52 51 2
53 0 9
53 1 6
53 2 4
53 3 5
53 4 7
53 5 8
53 6 10
53 7 5
53 8 1
53 9 8
53 10 7
53 11 2
53 12 1
53 13 8
53 14 10
53 15 10
53 16 3
53 17 10
53 18 6
53 19 1
53 20 9
53 21 10
53 22 10
53 23 6
53 24 4
53 25 10
53 26 7
53 27 8
53 28 3
53 29 9
53 30 2
53 31 5
53 32 9
53 33 5
53 34 8
53 35 7
53 36 4
53 37 1
53 38 7
53 39 4
53 40 3
53 41 4
53 42 3
53 43 10
53 44 6
53 45 2
53 46 6
53 47 4
53 48 1
53 49 10
53 50 9
53 51 4
53 52 1
54 0 2
54 1 2
54 2 10
54 3 9
54 4 6
54 5 9
54 6 9
54 7 7
54 8 5
54 9 10
54 10 2
54 11 5
54 12 7
54 13 2
54 14 5
54 15 4
54 16 6
54 17 2
54 18 7
54 19 5
54 20 9
54 21 6
54 22 7
54 23 4
54 24 10
54 25 10
54 26 2
54 27 4
54 28 3
54 29 3
54 30 9
54 31 7
54 32 6
54 33 10
54 34 1
54 35 2
54 36 4
54 37 9
54 38 5
54 39 1
54 40 2
54 41 2
54 42 6
54 43 7
54 44 1
54 45 2
54 46 5
54 47 2
54 48 2
54 49 6
54 50 1
54 51 5
54 52 2
54 53 5
55 0 10
55 1 1
55 2 6
55 3 6
55 4 8
55 5 1
55 6 8
55 7 2
55 8 5
55 9 10
55 10 1
55 11 9
55 12 5
55 13 2
55 14 7
55 15 8
55 16 7
55 17 2
55 18 10
55 19 8
55 20 1
55 21 9
55 22 8
55 23 2
55 24 2
55 25 10
55 26 2
55 27 1
55 28 10
55 29 1
55 30 1
55 31 5
55 32 7
55 33 5
55 34 2
55 35 2
55 36 8
55 37 9
55 38 2
55 39 5
55 40 1
55 41 1
55 42 2
55 43 4
55 44 6
55 45 8
55 46 1
55 47 9
55 48 5
55 49 10
55 50 1
55 51 6
55 52 7
55 53 6
55 54 3
56 0 5
56 1 3
56 2 1
56 3 5
56 4 6
56 5 7
56 6 9
56 7 7
56 8 1
56 9 6
56 10 3
56 11 7
56 12 1
56 13 3
56 14 9
56 15 8
56 16 2
56 17 5
56 18 4
56 19 9
56 20 3
56 21 9
56 22 5
56 23 10
56 24 4
56 25 9
56 26 8
56 27 1
56 28 8
56 29 8
56 30 1
56 31 4
56 32 6
56 33 4
56 34 2
56 35 5
56 36 7
56 37 9
56 38 10
56 39 9
56 40 8
56 41 8
56 42 3
56 43 1
56 44 9
56 45 2
56 46 3
56 47 3
56 48 8
56 49 8
56 50 5
56 51 1
56 52 1
56 53 8
56 54 10
56 55 7
57 0 2
57 1 3
57 2 4
57 3 1
57 4 10
57 5 5
57 6 3
57 7 6
57 8 2
57 9 8
57 10 6
57 11 9
57 12 8
57 13 2
57 14 5
57 15 4
57 16 1
57 17 5
57 18 5
57 19 7
57 20 3
57 21 10
57 22 1
57 23 3
57 24 2
57 25 6
57 26 6
57 27 6
57 28 8
57 29 4
57 30 10
57 31 3
57 32 4
57 33 8
57 34 1
57 35 2
57 36 4
57 37 9
57 38 10
57 39 2
57 40 3
57 41 9
57 42 8
57 43 1
57 44 2
57 45 7
57 46 3
57 47 4
57 48 1
57 49 8
57 50 7
57 51 9
57 52 6
57 53 2
57 54 6
57 55 10
57 56 5
58 0 2
58 1 4
58 2 6
58 3 3
58 4 9
58 5 10
58 6 3
58 7 8
58 8 8
58 9 1
58 10 2
58 11 8
58 12 9
58 13 6
58 14 3
58 15 7
58 16 1
58 17 8
58 18 8
58 19 5
58 20 1
58 21 9
58 22 6
58 23 1
58 24 2
58 25 8
58 26 8
58 27 6
58 28 3
58 29 3
58 30 9
58 31 1
58 32 3
58 33 3
58 34 9
58 35 5
58 36 4
58 37 2
58 38 2
58 39 3
58 40 6
58 41 5
58 42 10
58 43 1
58 44 7
58 45 4
58 46 2
58 47 5
58 48 4
58 49 9
58 50 1
58 51 6
58 52 7
58 53 3
58 54 9
58 55 3
58 56 3
58 57 1
59 0 10
59 1 7
59 2 2
59 3 4
59 4 3
59 5 9
59 6 9
59 7 8
59 8 7
59 9 2
59 10 7
59 11 2
59 12 1
59 13 2
59 14 4
59 15 7
59 16 8
59 17 10
59 18 9
59 19 2
59 20 5
59 21 2
59 22 8
59 23 5
59 24 5
59 25 6
59 26 9
59 27 10
59 28 8
59 29 4
59 30 5
59 31 2
59 32 10
59 33 2
59 34 1
59 35 4
59 36 2
59 37 8
59 38 6
59 39 5
59 40 8
59 41 8
59 42 4
59 43 9
59 44 8
59 45 6
59 46 5
59 47 9
59 48 1
59 49 8
59 50 3
59 51 8
59 52 9
59 53 10
59 54 5
59 55 8
59 56 4
59 57 6
59 58 7
