15
1 0 5
2 0 4
2 1 3
3 0 4
3 1 2
3 2 5
4 0 4
4 1 4
4 2 1
4 3 5
5 0 4
5 1 4
5 2 2
5 3 1
5 4 5
6 0 2
6 1 1
6 2 1
6 3 1
6 4 5
6 5 1
7 0 2
7 1 2
7 2 2
7 3 4
7 4 4
7 5 3
7 6 4
8 0 5
8 1 4
8 2 1
8 3 5
8 4 5
8 5 2
8 6 4
8 7 4
9 0 1
9 1 3
9 2 4
9 3 5
9 4 2
9 5 2
9 6 5
9 7 5
9 8 3
10 0 2
10 1 2
10 2 3
10 3 5
10 4 2
10 5 3
10 6 4
10 7 5
10 8 3
10 9 3
11 0 1
11 1 4
11 2 3
11 3 1
11 4 2
11 5 1
11 6 1
11 7 5
11 8 4
11 9 3
11 10 4
12 0 4
12 1 4
12 2 5
12 3 5
12 4 3
12 5 3
12 6 1
12 7 3
12 8 3
12 9 5
12 10 3
12 11 3
13 0 3
13 1 5
13 2 1
13 3 5
13 4 5
13 5 1
13 6 1
13 7 2
13 8 1
13 9 2
13 10 1
13 11 2
13 12 2
14 0 4
14 1 4
14 2 4
14 3 1
14 4 2
14 5 3
14 6 3
14 7 4
14 8 4
14 9 2
14 10 1
14 11 4
14 12 5
14 13 5
