30
1 0 1
2 0 1
5 2 1
5 4 1
6 3 1
7 1 1
7 4 1
7 6 1
9 1 1
9 2 1
9 3 1
9 5 1
10 0 1
10 2 1
11 3 1
11 4 1
11 6 1
11 7 1
11 8 1
12 1 1
12 3 1
12 6 1
12 8 1
12 10 1
12 11 1
13 0 1
13 1 1
13 2 1
13 3 1
13 4 1
13 6 1
13 7 1
13 8 1
13 9 1
13 12 1
14 0 1
14 1 1
14 2 1
14 3 1
14 6 1
14 7 1
14 10 1
14 12 1
14 13 1
15 1 1
15 3 1
15 7 1
15 9 1
15 12 1
15 13 1
16 1 1
16 2 1
16 5 1
16 6 1
16 8 1
16 10 1
16 11 1
16 12 1
16 13 1
16 14 1
17 0 1
17 1 1
17 3 1
17 4 1
17 5 1
17 7 1
17 12 1
17 14 1
17 16 1
18 0 1
18 2 1
18 3 1
18 6 1
18 9 1
18 11 1
18 12 1
18 13 1
19 0 1
19 2 1
19 4 1
19 5 1
19 9 1
19 12 1
19 13 1
19 15 1
19 17 1
20 4 1
20 6 1
20 10 1
20 11 1
20 12 1
20 13 1
20 14 1
20 15 1
20 16 1
20 18 1
21 1 1
21 2 1
21 3 1
21 4 1
21 8 1
21 9 1
21 12 1
21 13 1
21 17 1
21 19 1
21 20 1
22 0 1
22 11 1
22 12 1
22 13 1
22 14 1
22 15 1
23 2 1
23 4 1
23 5 1
23 6 1
23 8 1
23 12 1
23 13 1
23 15 1
23 17 1
23 18 1
23 19 1
23 20 1
24 0 1
24 5 1
24 8 1
24 10 1
24 11 1
24 12 1
24 13 1
24 14 1
24 16 1
24 17 1
24 21 1
24 23 1
25 1 1
25 2 1
25 3 1
25 4 1
25 5 1
25 6 1
25 7 1
25 9 1
25 11 1
25 13 1
25 15 1
25 17 1
25 18 1
25 20 1
26 0 1
26 2 1
26 3 1
26 4 1
26 6 1
26 7 1
26 9 1
26 10 1
26 11 1
26 12 1
26 14 1
26 15 1
26 16 1
26 17 1
26 19 1
26 20 1
26 21 1
26 22 1
26 23 1
26 25 1
27 2 1
27 4 1
27 7 1
27 10 1
27 12 1
27 13 1
27 14 1
27 15 1
27 16 1
27 17 1
27 19 1
27 20 1
27 21 1
27 24 1
27 25 1
27 26 1
28 1 1
28 2 1
28 3 1
28 4 1
28 9 1
28 13 1
28 14 1
28 15 1
28 17 1
28 18 1
28 20 1
28 21 1
28 24 1
28 27 1
29 0 1
29 2 1
29 3 1
29 5 1
29 6 1
29 8 1
29 9 1
29 11 1
29 16 1
29 17 1
29 18 1
29 20 1
29 21 1
29 23 1
29 24 1
29 27 1
