60
1 0 8
2 0 4
2 1 9
3 0 6
3 1 3
3 2 1
4 0 8
4 1 3
4 2 3
4 3 6
5 0 9
5 1 9
5 2 1
5 3 9
5 4 7
6 0 7
6 1 2
6 2 7
6 3 10
6 4 7
6 5 5
7 0 3
7 1 9
7 2 8
7 3 5
7 4 9
7 5 9
7 6 10
8 0 8
8 1 8
8 2 1
8 3 6
8 4 7
8 5 1
8 6 4
8 7 4
9 0 3
9 1 5
9 2 5
9 3 2
9 4 8
9 5 10
9 6 9
9 7 3
9 8 7
10 0 7
10 1 6
10 2 2
10 3 8
10 4 7
10 5 1
10 6 8
10 7 10
10 8 3
10 9 4
11 0 1
11 1 9
11 2 3
11 3 1
11 4 1
11 5 7
11 6 7
11 7 9
11 8 9
11 9 7
11 10 5
12 0 5
12 1 2
12 2 4
12 3 9
12 4 10
12 5 4
12 6 6
12 7 3
12 8 6
12 9 2
12 10 1
12 11 2
13 0 4
13 1 8
13 2 6
13 3 5
13 4 4
13 5 9
13 6 1
13 7 6
13 8 8
13 9 1
13 10 6
13 11 1
13 12 10
14 0 10
14 1 8
14 2 5
14 3 5
14 4 9
14 5 8
14 6 2
14 7 7
14 8 4
14 9 3
14 10 1
14 11 9
14 12 5
14 13 7
15 0 4
15 1 4
15 2 1
15 3 1
15 4 9
15 5 2
15 6 1
15 7 9
15 8 8
15 9 5
15 10 4
15 11 10
15 12 2
15 13 5
15 14 7
16 0 2
16 1 2
16 2 4
16 3 4
16 4 8
16 5 3
16 6 6
16 7 3
16 8 7
16 9 2
16 10 3
16 11 2
16 12 7
16 13 6
16 14 2
16 15 1
17 0 5
17 1 4
17 2 3
17 3 9
17 4 6
17 5 7
17 6 8
17 7 3
17 8 2
17 9 3
17 10 1
17 11 3
17 12 2
17 13 6
17 14 2
17 15 10
17 16 3
18 0 4
18 1 8
18 2 10
18 3 6
18 4 9
18 5 8
18 6 5
18 7 6
18 8 2
18 9 7
18 10 8
18 11 3
18 12 2
18 13 2
18 14 3
18 15 2
18 16 2
18 17 10
19 0 8
19 1 7
19 2 5
19 3 9
19 4 6
19 5 1
19 6 1
19 7 1
19 8 9
19 9 4
19 10 6
19 11 5
19 12 3
19 13 6
19 14 4
19 15 9
19 16 10
19 17 5
19 18 7
20 0 10
20 1 7
20 2 2
20 3 5
20 4 7
20 5 2
20 6 8
20 7 8
20 8 7
20 9 9
20 10 4
20 11 7
20 12 1
20 13 5
20 14 9
20 15 3
20 16 8
20 17 3
20 18 7
20 19 10
21 0 2
21 1 8
21 2 5
21 3 2
21 4 2
21 5 9
21 6 1
21 7 8
21 8 7
21 9 8
21 10 9
21 11 2
21 12 4
21 13 2
21 14 4
21 15 10
21 16 1
21 17 6
21 18 3
21 19 7
21 20 4
22 0 4
22 1 3
22 2 10
22 3 2
22 4 5
22 5 4
22 6 9
22 7 1
22 8 9
22 9 8
22 10 8
22 11 10
22 12 4
22 13 1
22 14 6
22 15 10
22 16 3
22 17 9
22 18 5
22 19 6
22 20 8
22 21 3
23 0 10
23 1 5
23 2 5
23 3 4
23 4 7
23 5 9
23 6 6
23 7 1
23 8 2
23 9 4
23 10 5
23 11 3
23 12 3
23 13 9
23 14 6
23 15 4
23 16 1
23 17 4
23 18 5
23 19 3
23 20 2
23 21 9
23 22 5
24 0 9
24 1 10
24 2 1
24 3 4
24 4 2
24 5 2
24 6 10
24 7 4
24 8 10
24 9 2
24 10 10
24 11 6
24 12 7
24 13 10
24 14 9
24 15 5
24 16 4
24 17 8
24 18 6
24 19 4
24 20 2
24 21 9
24 22 5
24 23 3
25 0 4
25 1 1
25 2 1
25 3 2
25 4 9
25 5 5
25 6 9
25 7 6
25 8 2
25 9 6
25 10 9
25 11 6
25 12 1
25 13 8
25 14 1
25 15 1
25 16 6
25 17 6
25 18 5
25 19 6
25 20 6
25 21 5
25 22 9
25 23 5
25 24 6
26 0 6
26 1 9
26 2 4
26 3 8
26 4 9
26 5 10
26 6 3
26 7 10
26 8 2
26 9 2
26 10 9
26 11 2
26 12 8
26 13 5
26 14 2
26 15 2
26 16 5
26 17 8
26 18 4
26 19 6
26 20 10
26 21 5
26 22 9
26 23 1
26 24 8
26 25 9
27 0 1
27 1 5
27 2 8
27 3 4
27 4 7
27 5 10
27 6 7
27 7 10
27 8 2
27 9 2
27 10 1
27 11 2
27 12 9
27 13 7
27 14 8
27 15 7
27 16 10
27 17 1
27 18 5
27 19 8
27 20 3
27 21 4
27 22 3
27 23 5
27 24 3
27 25 4
27 26 2
28 0 2
28 1 7
28 2 3
28 3 7
28 4 5
28 5 3
28 6 8
28 7 5
28 8 7
28 9 8
28 10 4
28 11 9
28 12 4
28 13 2
28 14 1
28 15 3
28 16 3
28 17 9
28 18 9
28 19 2
28 20 9
28 21 5
28 22 6
28 23 7
28 24 3
28 25 9
28 26 2
28 27 9
29 0 3
29 1 9
29 2 1
29 3 4
29 4 1
29 5 2
29 6 7
29 7 6
29 8 9
29 9 9
29 10 4
29 11 2
29 12 3
29 13 2
29 14 6
29 15 7
29 16 1
29 17 2
29 18 5
29 19 7
29 20 8
29 21 10
29 22 10
29 23 5
29 24 8
29 25 8
29 26 8
29 27 5
29 28 6
30 0 2
30 1 10
30 2 9
30 3 6
30 4 7
30 5 5
30 6 4
30 7 6
30 8 2
30 9 1
30 10 3
30 11 10
30 12 10
30 13 1
30 14 2
30 15 8
30 16 7
30 17 9
30 18 9
30 19 8
30 20 4
30 21 9
30 22 1
30 23 8
30 24 2
30 25 8
30 26 8
30 27 5
30 28 7
30 29 3
31 0 6
31 1 8
31 2 1
31 3 8
31 4 3
31 5 5
31 6 2
31 7 3
31 8 1
31 9 10
31 10 4
31 11 10
31 12 7
31 13 5
31 14 2
31 15 2
31 16 4
31 17 7
31 18 6
31 19 1
31 20 1
31 21 6
31 22 3
31 23 6
31 24 7
31 25 6
31 26 8
31 27 10
31 28 4
31 29 8
31 30 3
32 0 9
32 1 6
32 2 7
32 3 9
32 4 6
32 5 7
32 6 4
32 7 4
32 8 3
32 9 3
32 10 6
32 11 6
32 12 10
32 13 8
32 14 4
32 15 9
32 16 5
32 17 6
32 18 10
32 19 6
32 20 5
32 21 9
32 22 7
32 23 6
32 24 4
32 25 9
32 26 4
32 27 7
32 28 7
32 29 8
32 30 3
32 31 7
33 0 9
33 1 4
33 2 6
33 3 9
33 4 8
33 5 8
33 6 9
33 7 10
33 8 8
33 9 5
33 10 4
33 11 9
33 12 10
33 13 5
33 14 4
33 15 9
33 16 3
33 17 8
33 18 8
33 19 4
33 20 7
33 21 4
33 22 1
33 23 9
33 24 9
33 25 8
33 26 9
33 27 8
33 28 3
33 29 4
33 30 1
33 31 1
33 32 3
34 0 7
34 1 1
34 2 9
34 3 5
34 4 6
34 5 6
34 6 2
34 7 10
34 8 1
34 9 4
34 10 4
34 11 10
34 12 10
34 13 3
34 14 1
34 15 10
34 16 7
34 17 6
34 18 10
34 19 4
34 20 7
34 21 4
34 22 2
34 23 6
34 24 10
34 25 3
34 26 2
34 27 9
34 28 3
34 29 9
34 30 9
34 31 5
34 32 1
34 33 3
35 0 5
35 1 1
35 2 10
35 3 5
35 4 9
35 5 7
35 6 8
35 7 1
35 8 6
35 9 1
35 10 10
35 11 3
35 12 10
35 13 4
35 14 1
35 15 5
35 16 4
35 17 8
35 18 1
35 19 6
35 20 9
35 21 9
35 22 8
35 23 1
35 24 8
35 25 4
35 26 9
35 27 8
35 28 2
35 29 4
35 30 10
35 31 4
35 32 6
35 33 4
35 34 4
36 0 10
36 1 1
36 2 3
36 3 10
36 4 7
36 5 8
36 6 4
36 7 1
36 8 4
36 9 3
36 10 4
36 11 1
36 12 9
36 13 6
36 14 5
36 15 7
36 16 6
36 17 8
36 18 9
36 19 10
36 20 1
36 21 7
36 22 2
36 23 7
36 24 3
36 25 9
36 26 1
36 27 5
36 28 8
36 29 8
36 30 5
36 31 7
36 32 7
36 33 1
36 34 3
36 35 5
37 0 7
37 1 10
37 2 5
37 3 5
37 4 10
37 5 2
37 6 9
37 7 1
37 8 8
37 9 4
37 10 9
37 11 8
37 12 2
37 13 7
37 14 2
37 15 4
37 16 4
37 17 7
37 18 6
37 19 3
37 20 8
37 21 5
37 22 3
37 23 2
37 24 8
37 25 5
37 26 6
37 27 8
37 28 1
37 29 5
37 30 9
37 31 4
37 32 3
37 33 3
37 34 4
37 35 10
37 36 2
38 0 6
38 1 7
38 2 3
38 3 1
38 4 3
38 5 5
38 6 10
38 7 10
38 8 8
38 9 3
38 10 7
38 11 10
38 12 4
38 13 8
38 14 4
38 15 5
38 16 4
38 17 3
38 18 5
38 19 8
38 20 9
38 21 9
38 22 2
38 23 10
38 24 8
38 25 4
38 26 1
38 27 6
38 28 3
38 29 1
38 30 9
38 31 1
38 32 10
38 33 4
38 34 1
38 35 1
38 36 7
38 37 10
39 0 2
39 1 2
39 2 1
39 3 5
39 4 1
39 5 10
39 6 10
39 7 10
39 8 6
39 9 9
39 10 2
39 11 9
39 12 8
39 13 10
39 14 9
39 15 7
39 16 4
39 17 7
39 18 7
39 19 2
39 20 9
39 21 2
39 22 3
39 23 6
39 24 8
39 25 4
39 26 3
39 27 5
39 28 6
39 29 10
39 30 3
39 31 6
39 32 3
39 33 7
39 34 8
39 35 2
39 36 5
39 37 6
39 38 3
40 0 2
40 1 3
40 2 10
40 3 10
40 4 4
40 5 1
40 6 4
40 7 6
40 8 1
40 9 9
40 10 8
40 11 6
40 12 7
40 13 5
40 14 7
40 15 9
40 16 1
40 17 5
40 18 6
40 19 9
40 20 1
40 21 6
40 22 2
40 23 4
40 24 2
40 25 10
40 26 9
40 27 6
40 28 5
40 29 3
40 30 3
40 31 3
40 32 9
40 33 5
40 34 3
40 35 3
40 36 6
40 37 6
40 38 5
40 39 9
41 0 1
41 1 3
41 2 1
41 3 7
41 4 6
41 5 1
41 6 7
41 7 4
41 8 5
41 9 2
41 10 7
41 11 4
41 12 7
41 13 8
41 14 6
41 15 8
41 16 10
41 17 6
41 18 6
41 19 2
41 20 10
41 21 3
41 22 9
41 23 9
41 24 4
41 25 1
41 26 5
41 27 8
41 28 4
41 29 3
41 30 5
41 31 9
41 32 1
41 33 9
41 34 5
41 35 1
41 36 9
41 37 3
41 38 7
41 39 3
41 40 7
42 0 10
42 1 2
42 2 3
42 3 4
42 4 4
42 5 2
42 6 2
42 7 10
42 8 3
42 9 10
42 10 8
42 11 10
42 12 5
42 13 4
42 14 6
42 15 2
42 16 4
42 17 5
42 18 3
42 19 7
42 20 8
42 21 2
42 22 9
42 23 4
42 24 10
42 25 9
42 26 3
42 27 9
42 28 10
42 29 2
42 30 1
42 31 9
42 32 2
42 33 8
42 34 7
42 35 8
42 36 9
42 37 5
42 38 1
42 39 8
42 40 8
42 41 3
43 0 4
43 1 2
43 2 1
43 3 6
43 4 7
43 5 5
43 6 1
43 7 2
43 8 6
43 9 10
43 10 1
43 11 5
43 12 3
43 13 6
43 14 2
43 15 2
43 16 4
43 17 2
43 18 9
43 19 2
43 20 8
43 21 4
43 22 8
43 23 9
43 24 4
43 25 5
43 26 4
43 27 7
43 28 5
43 29 9
43 30 8
43 31 1
43 32 3
43 33 8
43 34 6
43 35 5
43 36 2
43 37 7
43 38 4
43 39 5
43 40 6
43 41 1
43 42 4
44 0 8
44 1 7
44 2 9
44 3 10
44 4 1
44 5 9
44 6 3
44 7 3
44 8 5
44 9 1
44 10 6
44 11 6
44 12 6
44 13 10
44 14 5
44 15 2
44 16 2
44 17 9
44 18 4
44 19 2
44 20 9
44 21 1
44 22 1
44 23 5
44 24 7
44 25 1
44 26 3
44 27 6
44 28 2
44 29 8
44 30 4
44 31 4
44 32 5
44 33 7
44 34 6
44 35 4
44 36 1
44 37 7
44 38 9
44 39 1
44 40 3
44 41 10
44 42 6
44 43 4
45 0 4
45 1 1
45 2 8
45 3 10
45 4 3
45 5 4
45 6 9
45 7 6
45 8 2
45 9 8
45 10 8
45 11 10
45 12 8
45 13 5
45 14 1
45 15 3
45 16 1
45 17 7
45 18 4
45 19 8
45 20 4
45 21 6
45 22 5
45 23 7
45 24 3
45 25 8
45 26 3
45 27 4
45 28 4
45 29 10
45 30 6
45 31 2
45 32 7
45 33 10
45 34 3
45 35 2
45 36 1
45 37 10
45 38 4
45 39 7
45 40 3
45 41 5
45 42 6
45 43 5
45 44 7
46 0 2
46 1 9
46 2 1
46 3 3
46 4 3
46 5 9
46 6 4
46 7 9
46 8 6
46 9 10
46 10 3
46 11 3
46 12 5
46 13 10
46 14 6
46 15 9
46 16 5
46 17 3
46 18 10
46 19 10
46 20 4
46 21 1
46 22 7
46 23 3
46 24 5
46 25 2
46 26 9
46 27 4
46 28 5
46 29 1
46 30 7
46 31 3
46 32 6
46 33 1
46 34 7
46 35 8
46 36 3
46 37 8
46 38 8
46 39 8
46 40 4
46 41 3
46 42 3
46 43 3
46 44 10
46 45 7
47 0 4
47 1 2
47 2 6
47 3 1
47 4 7
47 5 2
47 6 9
47 7 7
47 8 9
47 9 3
47 10 4
47 11 9
47 12 10
47 13 10
47 14 1
47 15 10
47 16 3
47 17 5
47 18 8
47 19 6
47 20 5
47 21 2
47 22 7
47 23 10
47 24 9
47 25 2
47 26 6
47 27 7
47 28 3
47 29 7
47 30 5
47 31 3
47 32 5
47 33 7
47 34 9
47 35 9
47 36 1
47 37 3
47 38 1
47 39 8
47 40 4
47 41 1
47 42 4
47 43 2
47 44 7
47 45 7
47 46 4
48 0 7
48 1 4
48 2 1
48 3 4
48 4 2
48 5 8
48 6 2
48 7 1
48 8 4
48 9 10
48 10 3
48 11 10
48 12 10
48 13 5
48 14 4
48 15 1
48 16 6
48 17 7
48 18 1
48 19 6
48 20 2
48 21 9
48 22 7
48 23 3
48 24 3
48 25 2
48 26 1
48 27 1
48 28 9
48 29 1
48 30 2
48 31 4
48 32 3
48 33 7
48 34 7
48 35 6
48 36 2
48 37 6
48 38 1
48 39 3
48 40 5
48 41 2
48 42 8
48 43 10
48 44 5
48 45 7
48 46 2
48 47 6
49 0 4
49 1 7
49 2 9
49 3 10
49 4 6
49 5 10
49 6 6
49 7 9
49 8 7
49 9 2
49 10 7
49 11 1
49 12 5
49 13 5
49 14 7
49 15 8
49 16 7
49 17 1
49 18 4
49 19 6
49 20 8
49 21 6
49 22 4
49 23 2
49 24 9
49 25 2
49 26 1
49 27 2
49 28 1
49 29 6
49 30 3
49 31 6
49 32 3
49 33 10
49 34 8
49 35 9
49 36 3
49 37 3
49 38 4
49 39 3
49 40 2
49 41 6
49 42 2
49 43 5
49 44 9
49 45 6
49 46 7
49 47 8
49 48 1
50 0 9
50 1 2
50 2 2
50 3 10
50 4 7
50 5 6
50 6 8
50 7 3
50 8 4
50 9 6
50 10 5
50 11 3
50 12 6
50 13 5
50 14 1
50 15 8
50 16 8
50 17 8
50 18 3
50 19 4
50 20 9
50 21 8
50 22 2
50 23 1
50 24 4
50 25 3
50 26 4
50 27 2
50 28 5
50 29 8
50 30 3
50 31 4
50 32 4
50 33 2
50 34 9
50 35 10
50 36 7
50 37 4
50 38 4
50 39 5
50 40 10
50 41 5
50 42 8
50 43 3
50 44 8
50 45 10
50 46 6
50 47 7
50 48 9
50 49 1
51 0 2
51 1 10
51 2 7
51 3 10
51 4 10
51 5 9
51 6 6
51 7 4
51 8 1
51 9 5
51 10 10
51 11 9
51 12 5
51 13 5
51 14 3
51 15 3
51 16 8
51 17 5
51 18 2
51 19 3
51 20 8
51 21 3
51 22 4
51 23 1
51 24 10
51 25 1
51 26 9
51 27 4
51 28 3
51 29 7
51 30 8
51 31 1
51 32 8
51 33 5
51 34 1
51 35 2
51 36 4
51 37 5
51 38 7
51 39 4
51 40 7
51 41 3
51 42 1
51 43 9
51 44 2
51 45 9
51 46 10
51 47 5
51 48 4
51 49 1
51 50 4
52 0 9
52 1 8
52 2 3
52 3 4
52 4 10
52 5 3
52 6 8
52 7 10
52 8 2
52 9 2
52 10 8
52 11 3
52 12 1
52 13 8
52 14 9
52 15 4
52 16 6
52 17 3
52 18 6
52 19 3
52 20 4
52 21 5
52 22 8
52 23 9
52 24 2
52 25 2
52 26 10
52 27 9
52 28 10
52 29 5
52 30 7
52 31 6
52 32 3
52 33 1
52 34 9
52 35 5
52 36 4
52 37 2
52 38 8
52 39 5
52 40 5
52 41 9
52 42 3
52 43 7
52 44 4
52 45 1
52 46 1
52 47 7
52 48 7
52 49 7
52 50 1
52 51 1
53 0 9
53 1 2
53 2 4
53 3 10
53 4 6
53 5 4
53 6 6
53 7 3
53 8 2
53 9 5
53 10 10
53 11 10
53 12 5
53 13 8
53 14 1
53 15 8
53 16 1
53 17 3
53 18 4
53 19 2
53 20 8
53 21 10
53 22 10
53 23 2
53 24 10
53 25 3
53 26 7
53 27 2
53 28 3
53 29 10
53 30 5
53 31 6
53 32 6
53 33 6
53 34 8
53 35 9
53 36 2
53 37 10
53 38 1
53 39 10
53 40 6
53 41 3
53 42 9
53 43 8
53 44 9
53 45 6
53 46 6
53 47 8
53 48 3
53 49 8
53 50 3
53 51 9
53 52 2
54 0 9
54 1 5
54 2 7
54 3 8
54 4 3
54 5 9
54 6 8
54 7 6
54 8 3
54 9 4
54 10 6
54 11 2
54 12 7
54 13 1
54 14 7
54 15 1
54 16 1
54 17 9
54 18 7
54 19 5
54 20 7
54 21 6
54 22 10
54 23 5
54 24 7
54 25 4
54 26 3
54 27 3
54 28 5
54 29 4
54 30 7
54 31 1
54 32 3
54 33 9
54 34 7
54 35 2
54 36 10
54 37 4
54 38 5
54 39 1
54 40 7
54 41 8
54 42 3
54 43 3
54 44 4
54 45 2
54 46 10
54 47 5
54 48 5
54 49 3
54 50 3
54 51 10
54 52 8
54 53 7
55 0 7
55 1 7
55 2 5
55 3 1
55 4 5
55 5 8
55 6 4
55 7 4
55 8 6
55 9 10
55 10 4
55 11 10
55 12 10
55 13 4
55 14 3
55 15 2
55 16 7
55 17 10
55 18 1
55 19 5
55 20 8
55 21 7
55 22 7
55 23 3
55 24 9
55 25 5
55 26 9
55 27 3
55 28 5
55 29 1
55 30 2
55 31 8
55 32 1
55 33 1
55 34 9
55 35 2
55 36 5
55 37 5
55 38 1
55 39 7
55 40 5
55 41 8
55 42 3
55 43 6
55 44 2
55 45 6
55 46 8
55 47 9
55 48 8
55 49 10
55 50 1
55 51 5
55 52 8
55 53 6
55 54 1
56 0 5
56 1 8
56 2 2
56 3 9
56 4 2
56 5 9
56 6 4
56 7 6
56 8 4
56 9 5
56 10 5
56 11 7
56 12 1
56 13 7
56 14 2
56 15 5
56 16 1
56 17 9
56 18 3
56 19 7
56 20 3
56 21 4
56 22 9
56 23 10
56 24 10
56 25 2
56 26 3
56 27 9
56 28 7
56 29 5
56 30 4
56 31 3
56 32 4
56 33 4
56 34 2
56 35 2
56 36 3
56 37 8
56 38 10
56 39 2
56 40 1
56 41 4
56 42 1
56 43 10
56 44 5
56 45 4
56 46 4
56 47 6
56 48 5
56 49 4
56 50 2
56 51 9
56 52 4
56 53 9
56 54 1
56 55 10
57 0 5
57 1 4
57 2 2
57 3 4
57 4 7
57 5 4
57 6 7
57 7 10
57 8 7
57 9 5
57 10 10
57 11 5
57 12 7
57 13 4
57 14 6
57 15 10
57 16 3
57 17 8
57 18 6
57 19 7
57 20 7
57 21 8
57 22 6
57 23 4
57 24 5
57 25 9
57 26 2
57 27 6
57 28 8
57 29 3
57 30 7
57 31 5
57 32 9
57 33 5
57 34 6
57 35 5
57 36 9
57 37 5
57 38 7
57 39 3
57 40 6
57 41 10
57 42 7
57 43 7
57 44 4
57 45 8
57 46 1
57 47 2
57 48 1
57 49 9
57 50 2
57 51 7
57 52 6
57 53 7
57 54 10
57 55 2
57 56 6
58 0 10
58 1 8
58 2 8
58 3 9
58 4 6
58 5 8
58 6 6
58 7 3
58 8 6
58 9 10
58 10 10
58 11 4
58 12 10
58 13 2
58 14 8
58 15 10
58 16 9
58 17 6
58 18 9
58 19 3
58 20 5
58 21 9
58 22 10
58 23 3
58 24 1
58 25 4
58 26 7
58 27 2
58 28 8
58 29 5
58 30 8
58 31 3
58 32 6
58 33 10
58 34 8
58 35 6
58 36 5
58 37 9
58 38 9
58 39 1
58 40 4
58 41 4
58 42 4
58 43 5
58 44 2
58 45 3
58 46 3
58 47 9
58 48 7
58 49 6
58 50 5
58 51 4
58 52 5
58 53 3
58 54 2
58 55 2
58 56 1
58 57 9
59 0 8
59 1 9
59 2 4
59 3 3
59 4 2
59 5 3
59 6 10
59 7 6
59 8 2
59 9 2
59 10 9
59 11 10
59 12 1
59 13 9
59 14 10
59 15 4
59 16 8
59 17 5
59 18 5
59 19 10
59 20 2
59 21 10
59 22 2
59 23 9
59 24 1
59 25 10
59 26 6
59 27 9
59 28 6
59 29 6
59 30 3
59 31 7
59 32 2
59 33 10
59 34 2
59 35 3
59 36 7
59 37 5
59 38 7
59 39 7
59 40 5
59 41 9
59 42 9
59 43 4
59 44 3
59 45 5
59 46 10
59 47 8
59 48 10
59 49 3
59 50 2
59 51 10
59 52 5
59 53 1
59 54 5
59 55 8
59 56 3
59 57 10
59 58 6
