20
1 0 1
2 0 1
2 1 3
3 0 2
3 1 3
3 2 1
4 0 3
4 1 1
4 2 2
4 3 3
5 0 3
5 1 1
5 2 1
5 3 3
5 4 1
6 0 3
6 1 1
6 2 2
6 3 3
6 4 3
6 5 1
7 0 2
7 1 2
7 2 1
7 3 2
7 4 3
7 5 1
7 6 2
8 0 2
8 1 2
8 2 2
8 3 3
8 4 3
8 5 2
8 6 1
8 7 2
9 0 1
9 1 2
9 2 2
9 3 1
9 4 2
9 5 2
9 6 2
9 7 3
9 8 2
10 0 2
10 1 2
10 2 1
10 3 3
10 4 3
10 5 2
10 6 3
10 7 3
10 8 2
10 9 3
11 0 2
11 1 2
11 2 1
11 3 2
11 4 2
11 5 2
11 6 3
11 7 3
11 8 1
11 9 3
11 10 2
12 0 3
12 1 1
12 2 1
12 3 2
12 4 3
12 5 3
12 6 3
12 7 1
12 8 3
12 9 2
12 10 1
12 11 1
13 0 3
13 1 3
13 2 3
13 3 1
13 4 2
13 5 3
13 6 1
13 7 1
13 8 2
13 9 1
13 10 3
13 11 3
13 12 2
14 0 3
14 1 2
14 2 2
14 3 3
14 4 2
14 5 3
14 6 3
14 7 2
14 8 3
14 9 3
14 10 3
14 11 1
14 12 1
14 13 1
15 0 1
15 1 3
15 2 2
15 3 1
15 4 1
15 5 1
15 6 3
15 7 2
15 8 2
15 9 3
15 10 1
15 11 3
15 12 3
15 13 2
15 14 1
16 0 2
16 1 1
16 2 1
16 3 3
16 4 3
16 5 1
16 6 2
16 7 1
16 8 3
16 9 2
16 10 3
16 11 3
16 12 2
16 13 1
16 14 2
16 15 1
17 0 1
17 1 3
17 2 1
17 3 2
17 4 3
17 5 3
17 6 1
17 7 2
17 8 2
17 9 3
17 10 1
17 11 3
17 12 2
17 13 1
17 14 3
17 15 3
17 16 3
18 0 1
18 1 1
18 2 2
18 3 1
18 4 3
18 5 1
18 6 2
18 7 2
18 8 3
18 9 2
18 10 2
18 11 3
18 12 2
18 13 1
18 14 3
18 15 2
18 16 1
18 17 1
19 0 2
19 1 3
19 2 3
19 3 2
19 4 2
19 5 2
19 6 2
19 7 1
19 8 2
19 9 2
19 10 1
19 11 1
19 12 1
19 13 2
19 14 3
19 15 2
19 16 1
19 17 1
19 18 1
