60
1 0 6
2 0 2
2 1 3
3 0 6
3 1 4
3 2 2
4 0 4
4 1 6
4 2 1
4 3 7
5 0 1
5 1 4
5 2 8
5 3 2
5 4 8
6 0 6
6 1 1
6 2 1
6 3 7
6 4 8
6 5 8
7 0 1
7 1 7
7 2 4
7 3 5
7 4 1
7 5 8
7 6 2
8 0 6
8 1 5
8 2 5
8 3 7
8 4 5
8 5 5
8 6 7
8 7 3
9 0 5
9 1 7
9 2 2
9 3 1
9 4 8
9 5 3
9 6 6
9 7 3
9 8 2
10 0 2
10 1 2
10 2 5
10 3 3
10 4 2
10 5 2
10 6 7
10 7 3
10 8 8
10 9 5
11 0 1
11 1 1
11 2 5
11 3 8
11 4 3
11 5 3
11 6 5
11 7 4
11 8 2
11 9 8
11 10 1
12 0 2
12 1 5
12 2 3
12 3 5
12 4 7
12 5 8
12 6 6
12 7 7
12 8 8
12 9 1
12 10 8
12 11 6
13 0 8
13 1 3
13 2 6
13 3 4
13 4 8
13 5 5
13 6 2
13 7 7
13 8 7
13 9 2
13 10 2
13 11 4
13 12 8
14 0 6
14 1 4
14 2 2
14 3 6
14 4 8
14 5 2
14 6 6
14 7 8
14 8 1
14 9 3
14 10 7
14 11 7
14 12 6
14 13 5
15 0 2
15 1 5
15 2 4
15 3 1
15 4 8
15 5 1
15 6 8
15 7 3
15 8 3
15 9 5
15 10 1
15 11 2
15 12 8
15 13 8
15 14 6
16 0 2
16 1 7
16 2 4
16 3 2
16 4 2
16 5 2
16 6 1
16 7 5
16 8 3
16 9 8
16 10 6
16 11 5
16 12 1
16 13 3
16 14 1
16 15 2
17 0 6
17 1 6
17 2 4
17 3 1
17 4 6
17 5 8
17 6 3
17 7 2
17 8 2
17 9 8
17 10 2
17 11 1
17 12 6
17 13 2
17 14 7
17 15 2
17 16 5
18 0 7
18 1 5
18 2 6
18 3 8
18 4 8
18 5 5
18 6 4
18 7 4
18 8 7
18 9 1
18 10 7
18 11 4
18 12 3
18 13 3
18 14 2
18 15 5
18 16 3
18 17 1
19 0 5
19 1 2
19 2 1
19 3 3
19 4 1
19 5 5
19 6 2
19 7 1
19 8 2
19 9 8
19 10 7
19 11 3
19 12 5
19 13 8
19 14 5
19 15 3
19 16 5
19 17 8
19 18 8
20 0 2
20 1 5
20 2 7
20 3 1
20 4 6
20 5 8
20 6 3
20 7 7
20 8 2
20 9 4
20 10 4
20 11 2
20 12 6
20 13 5
20 14 5
20 15 8
20 16 2
20 17 7
20 18 8
20 19 1
21 0 5
21 1 1
21 2 1
21 3 5
21 4 1
21 5 8
21 6 4
21 7 8
21 8 1
21 9 8
21 10 6
21 11 1
21 12 1
21 13 5
21 14 3
21 15 5
21 16 6
21 17 4
21 18 5
21 19 5
21 20 4
22 0 3
22 1 6
22 2 1
22 3 8
22 4 4
22 5 8
22 6 6
22 7 2
22 8 1
22 9 4
22 10 7
22 11 5
22 12 7
22 13 2
22 14 4
22 15 1
22 16 4
22 17 2
22 18 7
22 19 5
22 20 1
22 21 5
23 0 1
23 1 8
23 2 1
23 3 2
23 4 6
23 5 3
23 6 5
23 7 4
23 8 2
23 9 7
23 10 5
23 11 3
23 12 1
23 13 5
23 14 7
23 15 5
23 16 2
23 17 2
23 18 8
23 19 4
23 20 8
23 21 3
23 22 8
24 0 7
24 1 6
24 2 5
24 3 1
24 4 8
24 5 2
24 6 7
24 7 6
24 8 2
24 9 6
24 10 2
24 11 7
24 12 4
24 13 4
24 14 6
24 15 1
24 16 2
24 17 6
24 18 7
24 19 4
24 20 2
24 21 7
24 22 6
24 23 8
25 0 3
25 1 8
25 2 6
25 3 6
25 4 4
25 5 4
25 6 2
25 7 2
25 8 8
25 9 4
25 10 2
25 11 3
25 12 1
25 13 7
25 14 5
25 15 8
25 16 1
25 17 7
25 18 6
25 19 7
25 20 6
25 21 8
25 22 7
25 23 8
25 24 7
26 0 2
26 1 1
26 2 5
26 3 2
26 4 2
26 5 1
26 6 8
26 7 4
26 8 3
26 9 2
26 10 1
26 11 7
26 12 2
26 13 7
26 14 6
26 15 1
26 16 7
26 17 2
26 18 4
26 19 1
26 20 4
26 21 6
26 22 6
26 23 8
26 24 4
26 25 4
27 0 2
27 1 1
27 2 8
27 3 3
27 4 7
27 5 7
27 6 3
27 7 4
27 8 1
27 9 6
27 10 1
27 11 2
27 12 2
27 13 7
27 14 3
27 15 7
27 16 1
27 17 8
27 18 5
27 19 2
27 20 6
27 21 3
27 22 2
27 23 6
27 24 8
27 25 5
27 26 5
28 0 4
28 1 4
28 2 3
28 3 3
28 4 5
28 5 4
28 6 4
28 7 6
28 8 1
28 9 8
28 10 7
28 11 3
28 12 8
28 13 8
28 14 8
28 15 5
28 16 2
28 17 6
28 18 3
28 19 5
28 20 2
28 21 8
28 22 3
28 23 2
28 24 4
28 25 2
28 26 7
28 27 6
29 0 7
29 1 1
29 2 3
29 3 8
29 4 4
29 5 8
29 6 8
29 7 4
29 8 2
29 9 4
29 10 1
29 11 3
29 12 3
29 13 6
29 14 8
29 15 2
29 16 3
29 17 3
29 18 1
29 19 4
29 20 4
29 21 3
29 22 7
29 23 5
29 24 8
29 25 2
29 26 2
29 27 5
29 28 8
30 0 8
30 1 8
30 2 5
30 3 5
30 4 6
30 5 7
30 6 5
30 7 1
30 8 7
30 9 3
30 10 7
30 11 1
30 12 2
30 13 8
30 14 7
30 15 3
30 16 2
30 17 8
30 18 6
30 19 8
30 20 2
30 21 1
30 22 8
30 23 5
30 24 6
30 25 2
30 26 1
30 27 5
30 28 8
30 29 2
31 0 7
31 1 4
31 2 2
31 3 7
31 4 2
31 5 2
31 6 6
31 7 6
31 8 1
31 9 4
31 10 1
31 11 3
31 12 3
31 13 1
31 14 1
31 15 4
31 16 5
31 17 2
31 18 1
31 19 4
31 20 1
31 21 8
31 22 1
31 23 3
31 24 2
31 25 3
31 26 7
31 27 7
31 28 1
31 29 5
31 30 1
32 0 5
32 1 3
32 2 6
32 3 7
32 4 2
32 5 6
32 6 5
32 7 3
32 8 7
32 9 3
32 10 3
32 11 2
32 12 3
32 13 8
32 14 3
32 15 7
32 16 7
32 17 7
32 18 6
32 19 7
32 20 5
32 21 3
32 22 3
32 23 6
32 24 3
32 25 2
32 26 2
32 27 7
32 28 5
32 29 7
32 30 7
32 31 8
33 0 4
33 1 7
33 2 6
33 3 2
33 4 4
33 5 4
33 6 8
33 7 6
33 8 6
33 9 3
33 10 7
33 11 1
33 12 2
33 13 5
33 14 3
33 15 3
33 16 3
33 17 7
33 18 5
33 19 8
33 20 3
33 21 3
33 22 4
33 23 5
33 24 2
33 25 1
33 26 2
33 27 1
33 28 6
33 29 1
33 30 6
33 31 4
33 32 3
34 0 4
34 1 1
34 2 6
34 3 4
34 4 4
34 5 4
34 6 4
34 7 1
34 8 8
34 9 3
34 10 4
34 11 3
34 12 1
34 13 8
34 14 4
34 15 1
34 16 7
34 17 2
34 18 2
34 19 2
34 20 7
34 21 7
34 22 7
34 23 6
34 24 3
34 25 8
34 26 1
34 27 5
34 28 5
34 29 1
34 30 2
34 31 2
34 32 4
34 33 6
35 0 4
35 1 8
35 2 8
35 3 6
35 4 1
35 5 4
35 6 8
35 7 4
35 8 1
35 9 2
35 10 1
35 11 6
35 12 1
35 13 7
35 14 1
35 15 6
35 16 6
35 17 6
35 18 1
35 19 5
35 20 3
35 21 3
35 22 4
35 23 4
35 24 2
35 25 2
35 26 6
35 27 4
35 28 4
35 29 2
35 30 8
35 31 5
35 32 1
35 33 5
35 34 8
36 0 7
36 1 3
36 2 5
36 3 4
36 4 2
36 5 6
36 6 2
36 7 6
36 8 1
36 9 1
36 10 4
36 11 7
36 12 1
36 13 7
36 14 2
36 15 4
36 16 1
36 17 3
36 18 5
36 19 1
36 20 5
36 21 5
36 22 8
36 23 8
36 24 3
36 25 4
36 26 4
36 27 5
36 28 3
36 29 1
36 30 2
36 31 5
36 32 7
36 33 2
36 34 6
36 35 8
37 0 7
37 1 1
37 2 1
37 3 3
37 4 5
37 5 8
37 6 5
37 7 2
37 8 7
37 9 5
37 10 5
37 11 7
37 12 8
37 13 2
37 14 8
37 15 8
37 16 3
37 17 7
37 18 3
37 19 6
37 20 3
37 21 7
37 22 6
37 23 7
37 24 7
37 25 6
37 26 2
37 27 6
37 28 1
37 29 5
37 30 6
37 31 4
37 32 7
37 33 5
37 34 6
37 35 5
37 36 3
38 0 3
38 1 4
38 2 5
38 3 4
38 4 1
38 5 8
38 6 1
38 7 2
38 8 4
38 9 4
38 10 4
38 11 6
38 12 7
38 13 2
38 14 3
38 15 2
38 16 1
38 17 8
38 18 5
38 19 2
38 20 8
38 21 8
38 22 1
38 23 6
38 24 5
38 25 6
38 26 6
38 27 2
38 28 1
38 29 4
38 30 2
38 31 5
38 32 4
38 33 2
38 34 7
38 35 1
38 36 8
38 37 7
39 0 4
39 1 4
39 2 3
39 3 3
39 4 1
39 5 5
39 6 1
39 7 1
39 8 8
39 9 8
39 10 4
39 11 5
39 12 4
39 13 6
39 14 8
39 15 6
39 16 6
39 17 1
39 18 5
39 19 1
39 20 4
39 21 6
39 22 1
39 23 5
39 24 3
39 25 2
39 26 6
39 27 1
39 28 1
39 29 4
39 30 3
39 31 7
39 32 4
39 33 1
39 34 7
39 35 3
39 36 3
39 37 1
39 38 3
40 0 2
40 1 8
40 2 3
40 3 7
40 4 5
40 5 7
40 6 4
40 7 5
40 8 6
40 9 8
40 10 5
40 11 5
40 12 2
40 13 1
40 14 5
40 15 7
40 16 6
40 17 3
40 18 2
40 19 7
40 20 5
40 21 5
40 22 1
40 23 2
40 24 7
40 25 6
40 26 1
40 27 4
40 28 3
40 29 5
40 30 1
40 31 1
40 32 6
40 33 8
40 34 5
40 35 3
40 36 8
40 37 1
40 38 8
40 39 1
41 0 5
41 1 5
41 2 5
41 3 3
41 4 8
41 5 5
41 6 7
41 7 7
41 8 8
41 9 6
41 10 1
41 11 2
41 12 3
41 13 7
41 14 2
41 15 4
41 16 2
41 17 1
41 18 8
41 19 1
41 20 5
41 21 7
41 22 4
41 23 7
41 24 5
41 25 1
41 26 7
41 27 6
41 28 2
41 29 8
41 30 7
41 31 4
41 32 3
41 33 8
41 34 5
41 35 1
41 36 5
41 37 8
41 38 6
41 39 3
41 40 2
42 0 1
42 1 3
42 2 7
42 3 6
42 4 8
42 5 6
42 6 7
42 7 2
42 8 7
42 9 8
42 10 4
42 11 6
42 12 6
42 13 3
42 14 5
42 15 3
42 16 1
42 17 2
42 18 2
42 19 3
42 20 2
42 21 5
42 22 7
42 23 3
42 24 3
42 25 2
42 26 3
42 27 8
42 28 8
42 29 3
42 30 3
42 31 7
42 32 6
42 33 4
42 34 7
42 35 5
42 36 5
42 37 8
42 38 5
42 39 5
42 40 1
42 41 2
43 0 7
43 1 5
43 2 6
43 3 3
43 4 1
43 5 6
43 6 3
43 7 1
43 8 6
43 9 4
43 10 4
43 11 7
43 12 1
43 13 2
43 14 5
43 15 7
43 16 6
43 17 6
43 18 6
43 19 8
43 20 1
43 21 2
43 22 2
43 23 3
43 24 1
43 25 7
43 26 2
43 27 3
43 28 3
43 29 4
43 30 2
43 31 5
43 32 6
43 33 2
43 34 3
43 35 5
43 36 7
43 37 6
43 38 4
43 39 6
43 40 8
43 41 8
43 42 5
44 0 6
44 1 3
44 2 8
44 3 1
44 4 8
44 5 7
44 6 5
44 7 3
44 8 7
44 9 3
44 10 7
44 11 1
44 12 8
44 13 8
44 14 1
44 15 4
44 16 7
44 17 7
44 18 3
44 19 8
44 20 3
44 21 3
44 22 3
44 23 1
44 24 5
44 25 2
44 26 3
44 27 6
44 28 3
44 29 7
44 30 8
44 31 3
44 32 4
44 33 2
44 34 5
44 35 3
44 36 2
44 37 2
44 38 2
44 39 6
44 40 3
44 41 6
44 42 5
44 43 8
45 0 1
45 1 8
45 2 3
45 3 7
45 4 5
45 5 1
45 6 1
45 7 1
45 8 2
45 9 6
45 10 2
45 11 7
45 12 8
45 13 8
45 14 2
45 15 2
45 16 5
45 17 3
45 18 2
45 19 7
45 20 2
45 21 7
45 22 7
45 23 1
45 24 1
45 25 5
45 26 5
45 27 2
45 28 5
45 29 1
45 30 4
45 31 8
45 32 1
45 33 2
45 34 5
45 35 2
45 36 7
45 37 4
45 38 8
45 39 4
45 40 1
45 41 7
45 42 8
45 43 7
45 44 4
46 0 4
46 1 8
46 2 5
46 3 7
46 4 7
46 5 2
46 6 4
46 7 8
46 8 6
46 9 3
46 10 6
46 11 7
46 12 5
46 13 8
46 14 7
46 15 8
46 16 7
46 17 4
46 18 2
46 19 2
46 20 5
46 21 6
46 22 7
46 23 4
46 24 6
46 25 4
46 26 3
46 27 5
46 28 5
46 29 7
46 30 1
46 31 6
46 32 3
46 33 4
46 34 8
46 35 3
46 36 2
46 37 8
46 38 7
46 39 4
46 40 7
46 41 8
46 42 2
46 43 1
46 44 7
46 45 5
47 0 6
47 1 7
47 2 1
47 3 5
47 4 4
47 5 4
47 6 4
47 7 7
47 8 6
47 9 5
47 10 4
47 11 5
47 12 6
47 13 3
47 14 4
47 15 1
47 16 1
47 17 6
47 18 2
47 19 6
47 20 5
47 21 4
47 22 7
47 23 8
47 24 2
47 25 6
47 26 3
47 27 1
47 28 8
47 29 2
47 30 1
47 31 6
47 32 8
47 33 1
47 34 8
47 35 4
47 36 4
47 37 4
47 38 5
47 39 8
47 40 2
47 41 1
47 42 7
47 43 4
47 44 8
47 45 5
47 46 6
48 0 2
48 1 3
48 2 1
48 3 5
48 4 3
48 5 6
48 6 8
48 7 2
48 8 6
48 9 6
48 10 7
48 11 3
48 12 4
48 13 5
48 14 3
48 15 7
48 16 2
48 17 8
48 18 2
48 19 5
48 20 1
48 21 5
48 22 6
48 23 6
48 24 8
48 25 2
48 26 7
48 27 3
48 28 6
48 29 6
48 30 7
48 31 8
48 32 3
48 33 6
48 34 7
48 35 8
48 36 4
48 37 5
48 38 6
48 39 4
48 40 4
48 41 3
48 42 3
48 43 5
48 44 3
48 45 4
48 46 1
48 47 6
49 0 5
49 1 5
49 2 3
49 3 2
49 4 3
49 5 8
49 6 5
49 7 6
49 8 7
49 9 1
49 10 4
49 11 1
49 12 1
49 13 1
49 14 8
49 15 7
49 16 1
49 17 6
49 18 7
49 19 6
49 20 7
49 21 6
49 22 4
49 23 2
49 24 1
49 25 6
49 26 5
49 27 5
49 28 7
49 29 1
49 30 2
49 31 1
49 32 5
49 33 8
49 34 2
49 35 6
49 36 5
49 37 6
49 38 5
49 39 1
49 40 8
49 41 6
49 42 7
49 43 1
49 44 7
49 45 7
49 46 8
49 47 3
49 48 7
50 0 6
50 1 1
50 2 3
50 3 4
50 4 7
50 5 3
50 6 7
50 7 2
50 8 5
50 9 3
50 10 3
50 11 2
50 12 6
50 13 1
50 14 6
50 15 2
50 16 1
50 17 3
50 18 3
50 19 5
50 20 2
50 21 4
50 22 1
50 23 6
50 24 1
50 25 2
50 26 2
50 27 3
50 28 7
50 29 7
50 30 8
50 31 1
50 32 4
50 33 4
50 34 2
50 35 8
50 36 4
50 37 5
50 38 7
50 39 3
50 40 1
50 41 2
50 42 8
50 43 5
50 44 6
50 45 5
50 46 6
50 47 3
50 48 8
50 49 3
51 0 6
51 1 1
51 2 1
51 3 5
51 4 3
51 5 3
51 6 1
51 7 1
51 8 4
51 9 3
51 10 4
51 11 7
51 12 1
51 13 1
51 14 3
51 15 2
51 16 4
51 17 5
51 18 1
51 19 2
51 20 5
51 21 4
51 22 3
51 23 3
51 24 8
51 25 5
51 26 6
51 27 5
51 28 5
51 29 8
51 30 4
51 31 8
51 32 8
51 33 7
51 34 4
51 35 6
51 36 6
51 37 5
51 38 8
51 39 8
51 40 8
51 41 4
51 42 7
51 43 4
51 44 5
51 45 6
51 46 4
51 47 6
51 48 4
51 49 7
51 50 7
52 0 6
52 1 7
52 2 2
52 3 3
52 4 4
52 5 3
52 6 8
52 7 2
52 8 8
52 9 5
52 10 4
52 11 4
52 12 2
52 13 6
52 14 4
52 15 1
52 16 5
52 17 1
52 18 3
52 19 1
52 20 5
52 21 4
52 22 3
52 23 6
52 24 2
52 25 6
52 26 8
52 27 4
52 28 3
52 29 2
52 30 5
52 31 2
52 32 6
52 33 7
52 34 3
52 35 3
52 36 8
52 37 1
52 38 2
52 39 7
52 40 2
52 41 6
52 42 5
52 43 5
52 44 6
52 45 6
52 46 1
52 47 5
52 48 5
52 49 4
52 50 2
52 51 3
53 0 2
53 1 1
53 2 1
53 3 7
53 4 3
53 5 5
53 6 2
53 7 3
53 8 7
53 9 6
53 10 6
53 11 1
53 12 2
53 13 8
53 14 6
53 15 7
53 16 6
53 17 7
53 18 6
53 19 3
53 20 6
53 21 2
53 22 8
53 23 4
53 24 5
53 25 4
53 26 5
53 27 2
53 28 2
53 29 2
53 30 2
53 31 4
53 32 5
53 33 7
53 34 4
53 35 1
53 36 2
53 37 5
53 38 2
53 39 1
53 40 8
53 41 8
53 42 6
53 43 4
53 44 2
53 45 8
53 46 2
53 47 1
53 48 3
53 49 3
53 50 3
53 51 2
53 52 8
54 0 7
54 1 5
54 2 7
54 3 5
54 4 3
54 5 6
54 6 6
54 7 4
54 8 5
54 9 3
54 10 6
54 11 1
54 12 4
54 13 4
54 14 6
54 15 8
54 16 8
54 17 6
54 18 7
54 19 5
54 20 3
54 21 1
54 22 7
54 23 2
54 24 8
54 25 3
54 26 6
54 27 8
54 28 5
54 29 4
54 30 1
54 31 3
54 32 3
54 33 7
54 34 8
54 35 8
54 36 7
54 37 4
54 38 8
54 39 3
54 40 1
54 41 3
54 42 5
54 43 3
54 44 6
54 45 1
54 46 2
54 47 8
54 48 8
54 49 3
54 50 4
54 51 4
54 52 7
54 53 6
55 0 3
55 1 5
55 2 2
55 3 1
55 4 8
55 5 1
55 6 1
55 7 4
55 8 7
55 9 3
55 10 5
55 11 8
55 12 1
55 13 4
55 14 1
55 15 6
55 16 1
55 17 5
55 18 4
55 19 5
55 20 4
55 21 6
55 22 7
55 23 4
55 24 5
55 25 8
55 26 2
55 27 1
55 28 4
55 29 8
55 30 8
55 31 5
55 32 7
55 33 3
55 34 2
55 35 2
55 36 4
55 37 1
55 38 5
55 39 7
55 40 7
55 41 1
55 42 8
55 43 3
55 44 4
55 45 2
55 46 8
55 47 2
55 48 8
55 49 6
55 50 1
55 51 2
55 52 1
55 53 1
55 54 1
56 0 3
56 1 8
56 2 1
56 3 7
56 4 8
56 5 5
56 6 8
56 7 6
56 8 1
56 9 8
56 10 1
56 11 8
56 12 1
56 13 6
56 14 5
56 15 5
56 16 8
56 17 7
56 18 1
56 19 6
56 20 1
56 21 7
56 22 1
56 23 5
56 24 8
56 25 1
56 26 7
56 27 8
56 28 2
56 29 6
56 30 2
56 31 3
56 32 2
56 33 7
56 34 3
56 35 3
56 36 8
56 37 2
56 38 8
56 39 4
56 40 5
56 41 4
56 42 2
56 43 6
56 44 4
56 45 2
56 46 6
56 47 5
56 48 7
56 49 5
56 50 8
56 51 1
56 52 5
56 53 3
56 54 3
56 55 2
57 0 6
57 1 7
57 2 1
57 3 7
57 4 7
57 5 1
57 6 8
57 7 8
57 8 8
57 9 2
57 10 8
57 11 2
57 12 1
57 13 5
57 14 8
57 15 2
57 16 8
57 17 3
57 18 7
57 19 3
57 20 2
57 21 5
57 22 4
57 23 7
57 24 8
57 25 2
57 26 5
57 27 1
57 28 1
57 29 4
57 30 4
57 31 7
57 32 2
57 33 6
57 34 1
57 35 5
57 36 4
57 37 6
57 38 2
57 39 6
57 40 4
57 41 8
57 42 7
57 43 5
57 44 7
57 45 5
57 46 3
57 47 5
57 48 1
57 49 8
57 50 3
57 51 6
57 52 2
57 53 3
57 54 2
57 55 7
57 56 3
58 0 5
58 1 2
58 2 5
58 3 7
58 4 6
58 5 6
58 6 4
58 7 1
58 8 4
58 9 4
58 10 3
58 11 8
58 12 1
58 13 4
58 14 4
58 15 8
58 16 4
58 17 4
58 18 7
58 19 8
58 20 4
58 21 4
58 22 2
58 23 1
58 24 1
58 25 4
58 26 6
58 27 2
58 28 8
58 29 4
58 30 4
58 31 5
58 32 8
58 33 4
58 34 8
58 35 6
58 36 3
58 37 7
58 38 2
58 39 1
58 40 7
58 41 4
58 42 8
58 43 6
58 44 5
58 45 4
58 46 1
58 47 5
58 48 5
58 49 8
58 50 4
58 51 1
58 52 5
58 53 8
58 54 6
58 55 8
58 56 4
58 57 7
59 0 1
59 1 5
59 2 6
59 3 5
59 4 8
59 5 8
59 6 5
59 7 7
59 8 8
59 9 2
59 10 5
59 11 6
59 12 1
59 13 5
59 14 5
59 15 6
59 16 5
59 17 8
59 18 7
59 19 5
59 20 8
59 21 7
59 22 8
59 23 3
59 24 3
59 25 2
59 26 4
59 27 7
59 28 7
59 29 5
59 30 2
59 31 2
59 32 2
59 33 2
59 34 3
59 35 4
59 36 2
59 37 1
59 38 7
59 39 5
59 40 3
59 41 8
59 42 1
59 43 7
59 44 7
59 45 2
59 46 5
59 47 8
59 48 1
59 49 5
59 50 1
59 51 2
59 52 4
59 53 1
59 54 6
59 55 6
59 56 7
59 57 7
59 58 5
