40
1 0 14
2 0 8
2 1 7
3 2 3
4 0 13
4 3 12
5 0 5
5 1 11
5 4 3
6 2 9
6 3 4
7 0 2
7 3 11
7 4 8
7 6 14
8 2 8
8 3 10
8 5 8
9 0 1
9 1 2
9 2 8
9 3 3
9 5 13
9 8 6
10 2 1
10 3 10
10 6 8
10 9 11
11 0 8
11 1 2
11 3 2
11 6 5
11 8 4
11 9 1
11 10 1
12 2 9
12 3 7
12 7 10
12 8 13
12 10 1
13 0 12
13 1 2
13 3 14
13 7 4
13 8 14
13 9 13
13 10 3
13 11 8
13 12 1
14 0 2
14 7 10
14 8 13
14 10 14
14 12 10
14 13 7
15 4 9
15 5 3
15 6 6
15 10 3
15 12 9
15 13 9
16 0 2
16 1 7
16 8 13
16 11 9
16 12 12
17 1 8
17 5 2
17 6 13
17 7 2
17 8 14
17 10 9
17 11 14
17 12 2
17 13 6
17 14 6
18 0 14
18 1 6
18 3 4
18 4 9
18 5 8
18 9 13
18 10 1
18 15 8
18 17 14
19 6 10
19 7 10
19 8 6
19 10 11
19 12 12
19 14 1
19 15 1
19 17 3
20 0 2
20 1 14
20 3 14
20 8 1
20 9 4
20 12 1
20 13 5
20 14 5
20 17 11
20 19 6
21 2 13
21 3 4
21 4 6
21 5 9
21 7 6
21 10 2
21 11 2
21 15 11
21 19 3
21 20 3
22 1 8
22 2 2
22 4 13
22 5 10
22 6 3
22 9 4
22 11 3
22 14 11
22 16 7
22 21 12
23 2 7
23 3 5
23 4 3
23 6 10
23 10 7
23 11 9
23 18 13
24 1 8
24 2 8
24 3 5
24 5 11
24 6 9
24 9 4
24 12 11
24 13 14
24 14 4
24 15 9
24 19 12
24 20 14
24 22 7
25 0 11
25 2 14
25 4 14
25 6 14
25 8 6
25 10 3
25 11 14
25 12 12
25 13 11
25 14 8
25 18 14
25 19 7
25 23 12
26 2 4
26 3 13
26 4 4
26 5 3
26 7 3
26 10 11
26 11 1
26 12 2
26 14 4
26 15 7
26 16 2
26 17 13
26 19 3
26 23 9
27 0 7
27 1 8
27 2 7
27 5 4
27 10 7
27 12 7
27 13 12
27 14 6
27 15 14
27 16 12
27 17 10
27 20 1
27 24 1
28 0 4
28 2 2
28 3 10
28 5 1
28 6 11
28 7 12
28 8 2
28 11 6
28 12 10
28 13 11
28 14 13
28 16 12
28 21 13
28 22 9
28 24 10
28 26 2
28 27 9
29 0 8
29 1 11
29 4 11
29 6 1
29 8 14
29 9 3
29 10 12
29 16 2
29 18 10
29 19 14
29 22 9
29 23 13
29 24 7
29 25 12
30 0 9
30 2 6
30 3 1
30 5 6
30 11 6
30 12 12
30 14 6
30 16 11
30 20 5
30 21 13
30 22 3
30 23 3
30 24 1
30 27 5
30 29 7
31 0 14
31 1 13
31 2 13
31 3 13
31 4 4
31 5 1
31 7 7
31 9 11
31 10 1
31 12 3
31 13 2
31 16 10
31 18 11
31 19 7
31 22 4
31 23 2
31 24 7
31 29 9
32 1 10
32 5 13
32 6 3
32 8 4
32 9 6
32 13 14
32 14 11
32 15 8
32 17 6
32 19 6
32 20 4
32 24 12
32 28 11
32 29 7
32 31 10
33 1 2
33 3 3
33 4 6
33 5 2
33 6 5
33 8 1
33 10 2
33 11 2
33 13 1
33 15 14
33 16 12
33 18 8
33 19 1
33 22 7
33 26 5
33 29 4
33 30 14
34 1 6
34 4 7
34 5 7
34 10 2
34 12 10
34 14 6
34 17 7
34 18 14
34 19 1
34 20 3
34 23 5
34 26 12
34 29 7
35 1 9
35 2 3
35 7 1
35 10 2
35 12 13
35 13 3
35 14 4
35 15 10
35 20 12
35 23 3
35 24 7
35 25 11
35 26 13
35 27 4
35 29 2
35 33 8
36 0 3
36 1 9
36 2 9
36 4 6
36 9 14
36 10 9
36 11 10
36 12 14
36 13 7
36 19 14
36 22 10
36 23 10
36 25 12
36 26 1
36 28 2
36 29 8
36 32 10
37 0 3
37 1 13
37 2 2
37 3 6
37 4 6
37 6 2
37 11 7
37 13 12
37 14 11
37 16 10
37 17 11
37 18 9
37 21 8
37 22 10
37 27 14
37 28 12
37 30 7
37 32 12
37 34 5
37 36 13
38 4 12
38 5 12
38 7 4
38 8 5
38 9 8
38 11 14
38 13 14
38 14 1
38 21 11
38 22 7
38 25 11
38 27 8
38 31 1
38 34 5
38 35 1
38 37 6
39 0 10
39 1 14
39 2 1
39 4 4
39 8 5
39 9 6
39 10 5
39 13 8
39 16 10
39 17 14
39 21 6
39 22 5
39 24 1
39 25 1
39 27 14
39 28 12
39 30 6
39 31 13
39 33 3
39 35 8
39 38 11
