15
1 0 10
2 0 3
2 1 3
3 0 1
3 1 8
3 2 10
4 0 10
4 1 3
4 2 10
4 3 8
5 0 4
5 1 8
5 2 7
5 3 10
5 4 1
6 0 1
6 1 8
6 2 9
6 3 6
6 4 9
6 5 7
7 0 6
7 1 8
7 2 8
7 3 1
7 4 7
7 5 9
7 6 9
8 0 9
8 1 7
8 2 3
8 3 7
8 4 8
8 5 5
8 6 3
8 7 5
9 0 5
9 1 10
9 2 1
9 3 8
9 4 6
9 5 8
9 6 3
9 7 9
9 8 3
10 0 3
10 1 4
10 2 6
10 3 3
10 4 4
10 5 7
10 6 7
10 7 4
10 8 7
10 9 10
11 0 10
11 1 1
11 2 8
11 3 3
11 4 4
11 5 9
11 6 5
11 7 4
11 8 5
11 9 6
11 10 8
12 0 9
12 1 6
12 2 7
12 3 6
12 4 3
12 5 3
12 6 8
12 7 2
12 8 6
12 9 9
12 10 4
12 11 5
13 0 1
13 1 8
13 2 10
13 3 2
13 4 8
13 5 3
13 6 9
13 7 10
13 8 7
13 9 2
13 10 1
13 11 1
13 12 4
14 0 3
14 1 4
14 2 6
14 3 10
14 4 10
14 5 3
14 6 1
14 7 2
14 8 2
14 9 7
14 10 3
14 11 1
14 12 5
14 13 8
