70
2 0 1
2 1 1
3 0 1
3 1 1
4 0 1
4 1 1
4 2 1
5 1 1
5 3 1
5 4 1
6 0 1
6 1 1
6 2 1
6 3 1
6 4 1
6 5 1
7 0 1
7 3 1
7 4 1
7 6 1
8 0 1
8 3 1
8 4 1
8 5 1
8 7 1
9 0 1
9 2 1
9 3 1
9 8 1
10 2 1
10 3 1
10 6 1
10 9 1
11 0 1
11 7 1
11 9 1
11 10 1
12 0 1
12 1 1
12 2 1
12 4 1
12 5 1
12 7 1
12 8 1
12 9 1
12 10 1
13 0 1
13 1 1
13 4 1
13 5 1
13 6 1
13 7 1
13 9 1
14 0 1
14 1 1
14 3 1
14 5 1
14 8 1
14 10 1
14 11 1
15 0 1
15 1 1
15 2 1
15 3 1
15 6 1
15 9 1
15 11 1
15 14 1
16 0 1
16 6 1
16 8 1
16 11 1
16 13 1
16 15 1
17 1 1
17 2 1
17 3 1
17 5 1
17 8 1
17 9 1
17 10 1
17 13 1
17 14 1
17 16 1
18 0 1
18 1 1
18 2 1
18 3 1
18 6 1
18 7 1
18 9 1
18 10 1
18 11 1
18 13 1
18 15 1
18 16 1
19 0 1
19 3 1
19 4 1
19 6 1
19 7 1
19 8 1
19 9 1
19 11 1
19 14 1
19 15 1
19 17 1
20 1 1
20 8 1
20 9 1
20 10 1
20 11 1
20 12 1
20 14 1
20 18 1
20 19 1
21 0 1
21 2 1
21 3 1
21 6 1
21 9 1
21 10 1
21 11 1
21 12 1
21 13 1
21 14 1
21 16 1
21 19 1
22 2 1
22 3 1
22 8 1
22 9 1
22 10 1
22 13 1
22 14 1
22 15 1
22 18 1
22 20 1
23 2 1
23 4 1
23 5 1
23 6 1
23 7 1
23 8 1
23 11 1
23 12 1
23 14 1
23 19 1
23 20 1
23 21 1
24 1 1
24 3 1
24 6 1
24 7 1
24 9 1
24 10 1
24 12 1
24 16 1
24 17 1
24 18 1
24 19 1
24 20 1
24 21 1
24 23 1
25 2 1
25 3 1
25 6 1
25 7 1
25 8 1
25 10 1
25 12 1
25 13 1
25 15 1
25 18 1
25 19 1
25 20 1
25 21 1
25 23 1
25 24 1
26 4 1
26 5 1
26 7 1
26 8 1
26 9 1
26 10 1
26 11 1
26 13 1
26 14 1
26 17 1
26 20 1
26 22 1
26 23 1
26 24 1
27 1 1
27 3 1
27 5 1
27 7 1
27 8 1
27 9 1
27 11 1
27 12 1
27 14 1
27 18 1
27 19 1
27 20 1
27 23 1
27 24 1
27 25 1
28 0 1
28 3 1
28 6 1
28 9 1
28 12 1
28 13 1
28 19 1
28 21 1
28 24 1
28 25 1
28 27 1
29 1 1
29 2 1
29 3 1
29 5 1
29 6 1
29 7 1
29 9 1
29 10 1
29 13 1
29 14 1
29 16 1
29 23 1
29 24 1
29 25 1
29 26 1
29 27 1
30 2 1
30 3 1
30 5 1
30 6 1
30 7 1
30 9 1
30 10 1
30 11 1
30 13 1
30 16 1
30 18 1
30 19 1
30 20 1
30 22 1
30 26 1
30 27 1
30 28 1
30 29 1
31 0 1
31 3 1
31 4 1
31 5 1
31 6 1
31 7 1
31 11 1
31 12 1
31 14 1
31 17 1
31 20 1
31 21 1
31 22 1
31 23 1
31 24 1
31 25 1
31 26 1
31 30 1
32 1 1
32 3 1
32 4 1
32 7 1
32 8 1
32 11 1
32 12 1
32 13 1
32 14 1
32 16 1
32 21 1
32 25 1
32 27 1
32 30 1
33 0 1
33 1 1
33 6 1
33 7 1
33 8 1
33 11 1
33 12 1
33 13 1
33 17 1
33 19 1
33 20 1
33 21 1
33 23 1
33 24 1
33 25 1
33 26 1
33 28 1
33 29 1
33 30 1
33 31 1
34 0 1
34 3 1
34 7 1
34 11 1
34 12 1
34 13 1
34 14 1
34 16 1
34 18 1
34 22 1
34 23 1
34 26 1
34 28 1
34 29 1
34 30 1
34 31 1
35 1 1
35 2 1
35 4 1
35 5 1
35 6 1
35 8 1
35 9 1
35 12 1
35 15 1
35 16 1
35 19 1
35 22 1
35 23 1
35 24 1
35 25 1
35 28 1
35 32 1
35 33 1
35 34 1
36 0 1
36 1 1
36 3 1
36 4 1
36 8 1
36 11 1
36 15 1
36 16 1
36 19 1
36 20 1
36 23 1
36 25 1
36 26 1
36 27 1
36 31 1
36 32 1
36 34 1
37 0 1
37 1 1
37 5 1
37 9 1
37 11 1
37 12 1
37 13 1
37 16 1
37 19 1
37 21 1
37 24 1
37 25 1
37 26 1
37 27 1
37 28 1
37 29 1
37 30 1
37 33 1
37 34 1
37 35 1
37 36 1
38 1 1
38 2 1
38 3 1
38 5 1
38 8 1
38 10 1
38 11 1
38 14 1
38 16 1
38 17 1
38 20 1
38 22 1
38 24 1
38 26 1
38 28 1
38 29 1
38 30 1
38 31 1
38 35 1
39 2 1
39 4 1
39 7 1
39 8 1
39 9 1
39 11 1
39 12 1
39 16 1
39 17 1
39 19 1
39 21 1
39 22 1
39 23 1
39 24 1
39 27 1
39 32 1
39 34 1
39 35 1
39 36 1
39 37 1
39 38 1
40 0 1
40 3 1
40 4 1
40 6 1
40 7 1
40 8 1
40 11 1
40 13 1
40 16 1
40 18 1
40 20 1
40 22 1
40 23 1
40 24 1
40 27 1
40 28 1
40 30 1
40 31 1
40 33 1
40 36 1
40 37 1
40 38 1
40 39 1
41 1 1
41 5 1
41 10 1
41 14 1
41 17 1
41 19 1
41 22 1
41 23 1
41 24 1
41 28 1
41 29 1
41 31 1
41 32 1
41 35 1
41 37 1
41 40 1
42 0 1
42 1 1
42 2 1
42 3 1
42 8 1
42 9 1
42 10 1
42 11 1
42 12 1
42 13 1
42 15 1
42 17 1
42 18 1
42 20 1
42 21 1
42 23 1
42 24 1
42 28 1
42 30 1
42 31 1
42 32 1
42 33 1
42 34 1
42 36 1
42 37 1
42 39 1
42 41 1
43 0 1
43 1 1
43 2 1
43 5 1
43 8 1
43 12 1
43 14 1
43 18 1
43 20 1
43 21 1
43 24 1
43 26 1
43 27 1
43 29 1
43 35 1
43 36 1
43 38 1
43 39 1
43 40 1
43 41 1
43 42 1
44 2 1
44 6 1
44 7 1
44 9 1
44 12 1
44 14 1
44 18 1
44 19 1
44 20 1
44 21 1
44 22 1
44 26 1
44 27 1
44 29 1
44 34 1
44 37 1
44 38 1
44 42 1
44 43 1
45 0 1
45 1 1
45 4 1
45 6 1
45 8 1
45 10 1
45 12 1
45 13 1
45 14 1
45 15 1
45 17 1
45 18 1
45 20 1
45 21 1
45 23 1
45 27 1
45 28 1
45 31 1
45 35 1
45 36 1
45 37 1
45 38 1
45 39 1
45 40 1
45 43 1
46 0 1
46 3 1
46 5 1
46 7 1
46 8 1
46 13 1
46 19 1
46 23 1
46 24 1
46 27 1
46 28 1
46 30 1
46 31 1
46 32 1
46 33 1
46 35 1
46 38 1
46 39 1
46 40 1
46 42 1
46 43 1
47 1 1
47 4 1
47 7 1
47 8 1
47 10 1
47 12 1
47 14 1
47 18 1
47 20 1
47 21 1
47 23 1
47 24 1
47 25 1
47 26 1
47 29 1
47 30 1
47 31 1
47 34 1
47 35 1
47 36 1
47 37 1
47 40 1
47 41 1
47 43 1
47 44 1
47 45 1
47 46 1
48 1 1
48 2 1
48 4 1
48 5 1
48 9 1
48 12 1
48 14 1
48 17 1
48 18 1
48 21 1
48 22 1
48 23 1
48 24 1
48 26 1
48 27 1
48 28 1
48 29 1
48 30 1
48 33 1
48 35 1
48 38 1
48 39 1
48 41 1
48 43 1
48 44 1
48 45 1
48 46 1
49 0 1
49 1 1
49 2 1
49 3 1
49 5 1
49 7 1
49 8 1
49 10 1
49 12 1
49 14 1
49 17 1
49 19 1
49 20 1
49 21 1
49 22 1
49 24 1
49 25 1
49 26 1
49 28 1
49 32 1
49 34 1
49 35 1
49 37 1
49 38 1
49 39 1
49 40 1
49 41 1
49 42 1
49 43 1
49 44 1
49 45 1
50 0 1
50 4 1
50 5 1
50 10 1
50 13 1
50 14 1
50 15 1
50 19 1
50 20 1
50 22 1
50 23 1
50 24 1
50 26 1
50 31 1
50 32 1
50 35 1
50 36 1
50 37 1
50 39 1
50 40 1
50 41 1
50 43 1
50 45 1
50 46 1
50 49 1
51 1 1
51 2 1
51 3 1
51 7 1
51 8 1
51 10 1
51 11 1
51 13 1
51 15 1
51 16 1
51 17 1
51 19 1
51 23 1
51 25 1
51 26 1
51 34 1
51 35 1
51 36 1
51 37 1
51 38 1
51 40 1
51 41 1
51 45 1
51 47 1
51 50 1
52 0 1
52 2 1
52 5 1
52 9 1
52 11 1
52 12 1
52 13 1
52 16 1
52 17 1
52 18 1
52 20 1
52 22 1
52 25 1
52 27 1
52 28 1
52 35 1
52 38 1
52 39 1
52 40 1
52 41 1
52 42 1
52 43 1
52 48 1
53 5 1
53 8 1
53 9 1
53 10 1
53 13 1
53 15 1
53 16 1
53 17 1
53 18 1
53 19 1
53 20 1
53 21 1
53 22 1
53 25 1
53 27 1
53 28 1
53 29 1
53 30 1
53 31 1
53 32 1
53 34 1
53 36 1
53 37 1
53 38 1
53 39 1
53 40 1
53 41 1
53 42 1
53 44 1
53 45 1
53 48 1
53 49 1
53 50 1
53 51 1
54 2 1
54 3 1
54 4 1
54 5 1
54 7 1
54 8 1
54 9 1
54 10 1
54 11 1
54 12 1
54 24 1
54 25 1
54 26 1
54 31 1
54 32 1
54 33 1
54 35 1
54 36 1
54 39 1
54 42 1
54 44 1
54 46 1
54 53 1
55 1 1
55 4 1
55 7 1
55 8 1
55 9 1
55 11 1
55 12 1
55 15 1
55 16 1
55 17 1
55 18 1
55 19 1
55 20 1
55 21 1
55 22 1
55 23 1
55 25 1
55 27 1
55 28 1
55 31 1
55 33 1
55 34 1
55 35 1
55 39 1
55 40 1
55 44 1
55 45 1
55 48 1
55 50 1
55 51 1
55 53 1
55 54 1
56 0 1
56 1 1
56 2 1
56 3 1
56 5 1
56 9 1
56 12 1
56 16 1
56 17 1
56 21 1
56 22 1
56 25 1
56 27 1
56 28 1
56 30 1
56 33 1
56 35 1
56 36 1
56 40 1
56 41 1
56 42 1
56 46 1
56 47 1
56 48 1
56 51 1
56 52 1
57 0 1
57 5 1
57 6 1
57 8 1
57 9 1
57 11 1
57 13 1
57 14 1
57 15 1
57 17 1
57 20 1
57 21 1
57 25 1
57 26 1
57 27 1
57 28 1
57 29 1
57 31 1
57 33 1
57 35 1
57 36 1
57 38 1
57 40 1
57 41 1
57 44 1
57 46 1
57 47 1
57 48 1
57 50 1
57 51 1
57 53 1
58 0 1
58 2 1
58 5 1
58 6 1
58 7 1
58 8 1
58 10 1
58 11 1
58 12 1
58 13 1
58 14 1
58 15 1
58 17 1
58 18 1
58 19 1
58 20 1
58 26 1
58 27 1
58 32 1
58 33 1
58 36 1
58 39 1
58 40 1
58 41 1
58 44 1
58 46 1
58 49 1
58 50 1
58 52 1
58 53 1
58 54 1
59 1 1
59 3 1
59 7 1
59 9 1
59 10 1
59 11 1
59 13 1
59 14 1
59 15 1
59 18 1
59 22 1
59 27 1
59 28 1
59 29 1
59 32 1
59 36 1
59 37 1
59 38 1
59 40 1
59 41 1
59 42 1
59 45 1
59 48 1
59 54 1
59 55 1
59 57 1
60 5 1
60 7 1
60 8 1
60 9 1
60 10 1
60 15 1
60 16 1
60 17 1
60 19 1
60 20 1
60 28 1
60 30 1
60 31 1
60 32 1
60 34 1
60 35 1
60 36 1
60 39 1
60 40 1
60 41 1
60 42 1
60 48 1
60 52 1
60 53 1
60 55 1
60 58 1
60 59 1
61 4 1
61 7 1
61 8 1
61 9 1
61 10 1
61 11 1
61 15 1
61 16 1
61 20 1
61 22 1
61 23 1
61 24 1
61 27 1
61 28 1
61 29 1
61 31 1
61 32 1
61 34 1
61 37 1
61 38 1
61 39 1
61 40 1
61 42 1
61 43 1
61 45 1
61 48 1
61 49 1
61 52 1
61 54 1
61 60 1
62 2 1
62 4 1
62 5 1
62 6 1
62 11 1
62 12 1
62 13 1
62 14 1
62 16 1
62 17 1
62 18 1
62 20 1
62 21 1
62 23 1
62 27 1
62 31 1
62 32 1
62 35 1
62 36 1
62 39 1
62 42 1
62 43 1
62 44 1
62 45 1
62 47 1
62 52 1
62 54 1
62 55 1
62 59 1
62 60 1
63 0 1
63 1 1
63 2 1
63 4 1
63 9 1
63 10 1
63 13 1
63 18 1
63 19 1
63 23 1
63 25 1
63 26 1
63 28 1
63 29 1
63 30 1
63 31 1
63 32 1
63 33 1
63 34 1
63 35 1
63 39 1
63 41 1
63 46 1
63 47 1
63 51 1
63 52 1
63 53 1
63 54 1
63 56 1
63 60 1
63 62 1
64 0 1
64 2 1
64 3 1
64 4 1
64 5 1
64 6 1
64 7 1
64 10 1
64 12 1
64 16 1
64 17 1
64 22 1
64 27 1
64 28 1
64 30 1
64 33 1
64 34 1
64 36 1
64 39 1
64 40 1
64 41 1
64 43 1
64 44 1
64 46 1
64 48 1
64 50 1
64 51 1
64 53 1
64 54 1
64 57 1
65 0 1
65 3 1
65 4 1
65 5 1
65 6 1
65 10 1
65 11 1
65 13 1
65 22 1
65 25 1
65 26 1
65 29 1
65 32 1
65 33 1
65 36 1
65 37 1
65 39 1
65 41 1
65 42 1
65 44 1
65 46 1
65 47 1
65 48 1
65 52 1
65 53 1
65 54 1
65 55 1
65 56 1
65 59 1
65 62 1
66 1 1
66 2 1
66 3 1
66 5 1
66 9 1
66 12 1
66 13 1
66 15 1
66 16 1
66 17 1
66 18 1
66 20 1
66 21 1
66 22 1
66 24 1
66 26 1
66 27 1
66 28 1
66 29 1
66 30 1
66 32 1
66 33 1
66 34 1
66 35 1
66 40 1
66 41 1
66 42 1
66 43 1
66 45 1
66 48 1
66 49 1
66 50 1
66 58 1
66 64 1
67 1 1
67 3 1
67 7 1
67 9 1
67 10 1
67 12 1
67 15 1
67 19 1
67 27 1
67 29 1
67 30 1
67 37 1
67 39 1
67 40 1
67 48 1
67 49 1
67 51 1
67 54 1
67 55 1
67 56 1
67 58 1
67 59 1
67 62 1
67 63 1
67 65 1
67 66 1
68 0 1
68 1 1
68 4 1
68 5 1
68 8 1
68 9 1
68 10 1
68 11 1
68 13 1
68 14 1
68 15 1
68 16 1
68 17 1
68 18 1
68 22 1
68 28 1
68 34 1
68 36 1
68 38 1
68 39 1
68 40 1
68 42 1
68 43 1
68 45 1
68 46 1
68 47 1
68 49 1
68 54 1
68 58 1
68 59 1
68 67 1
69 0 1
69 1 1
69 2 1
69 3 1
69 5 1
69 6 1
69 7 1
69 11 1
69 14 1
69 16 1
69 18 1
69 20 1
69 21 1
69 22 1
69 24 1
69 25 1
69 26 1
69 29 1
69 33 1
69 34 1
69 35 1
69 37 1
69 39 1
69 40 1
69 41 1
69 43 1
69 46 1
69 49 1
69 51 1
69 52 1
69 55 1
69 56 1
69 57 1
69 59 1
69 61 1
69 63 1
69 64 1
69 66 1
69 67 1
