60
1 0 1
3 0 1
3 1 2
4 0 2
4 1 2
4 2 2
4 3 1
6 1 1
6 4 1
7 5 1
7 6 1
8 0 2
8 2 2
8 4 1
8 5 2
8 6 2
8 7 1
9 0 1
9 1 2
9 2 2
9 3 1
9 4 2
10 1 1
10 3 1
10 4 2
10 8 1
11 0 2
11 2 1
11 3 2
11 4 1
11 5 1
11 7 1
11 8 2
11 10 2
12 2 1
12 3 2
12 4 2
12 5 1
12 9 1
12 11 1
13 0 2
13 5 2
13 6 2
13 8 2
13 9 1
13 10 2
13 11 2
13 12 2
14 0 2
14 2 1
14 3 2
14 5 1
14 10 1
14 13 2
15 0 2
15 3 1
15 4 2
15 5 2
15 7 2
15 8 1
15 11 1
15 12 2
15 13 1
15 14 2
16 0 2
16 5 1
16 6 1
16 7 2
16 8 1
16 11 2
16 12 1
16 13 1
16 14 2
17 1 1
17 2 2
17 6 1
17 12 2
17 14 1
17 16 2
18 0 2
18 1 1
18 2 2
18 3 1
18 7 2
18 11 1
18 13 1
18 16 1
19 5 2
19 8 2
19 10 1
19 12 2
19 15 2
19 16 2
20 0 2
20 1 2
20 2 1
20 3 1
20 4 1
20 5 2
20 9 1
20 10 2
20 13 1
20 14 1
20 16 2
20 17 1
20 18 1
20 19 1
21 0 1
21 1 2
21 2 1
21 3 1
21 4 2
21 5 2
21 7 2
21 8 1
21 9 2
21 10 2
21 11 1
21 12 1
21 15 2
21 16 2
21 17 1
21 18 1
22 1 2
22 2 2
22 4 2
22 7 1
22 9 2
22 11 2
22 13 2
22 14 1
22 15 1
22 17 1
22 19 2
23 0 2
23 3 2
23 4 1
23 8 2
23 9 1
23 11 1
23 13 1
23 15 1
23 16 2
23 17 1
23 18 2
23 19 2
24 3 1
24 4 1
24 7 1
24 9 2
24 12 2
24 13 1
24 17 1
24 20 1
24 23 2
25 0 1
25 2 2
25 3 2
25 4 2
25 5 1
25 6 2
25 7 1
25 8 2
25 9 1
25 13 1
25 14 1
25 16 2
25 17 1
25 18 2
25 21 1
25 24 2
26 6 2
26 7 1
26 9 1
26 11 2
26 14 2
26 15 2
26 17 2
26 19 1
26 20 2
26 23 2
26 24 1
26 25 1
27 0 2
27 1 2
27 2 2
27 5 1
27 6 2
27 7 2
27 9 2
27 11 1
27 12 1
27 13 2
27 15 2
27 17 2
27 19 1
27 22 2
27 25 2
28 0 1
28 4 2
28 5 2
28 6 2
28 8 2
28 9 1
28 12 1
28 13 2
28 15 2
28 16 1
28 18 1
28 19 1
28 21 1
28 22 2
28 24 1
28 27 1
29 0 2
29 5 2
29 6 2
29 8 1
29 12 2
29 13 1
29 14 2
29 15 1
29 17 2
29 18 2
29 23 1
29 24 2
29 25 1
29 27 2
29 28 2
30 3 2
30 5 1
30 6 1
30 7 1
30 8 2
30 10 1
30 13 1
30 15 2
30 16 1
30 17 1
30 18 1
30 19 2
30 25 2
30 26 1
30 29 1
31 0 2
31 1 1
31 3 1
31 4 2
31 5 2
31 6 1
31 7 1
31 8 2
31 9 2
31 10 1
31 18 1
31 22 1
31 24 1
31 25 1
31 27 2
31 28 1
31 30 2
32 1 2
32 2 2
32 3 2
32 6 2
32 7 2
32 10 2
32 12 2
32 14 2
32 15 2
32 17 2
32 18 2
32 22 1
32 23 1
32 24 2
32 25 1
32 27 2
32 28 1
32 30 1
32 31 1
33 0 2
33 3 2
33 5 2
33 8 1
33 9 1
33 11 2
33 12 2
33 13 1
33 17 1
33 18 2
33 19 1
33 22 2
33 25 2
33 26 1
33 27 2
33 28 1
33 29 1
33 31 1
33 32 1
34 0 2
34 2 2
34 3 1
34 5 2
34 10 2
34 12 2
34 13 2
34 14 1
34 15 2
34 17 2
34 18 1
34 20 1
34 22 2
34 27 2
34 28 1
34 29 1
34 30 2
34 33 1
35 1 2
35 2 2
35 4 2
35 5 1
35 7 2
35 8 1
35 9 1
35 12 1
35 13 2
35 14 1
35 17 2
35 18 1
35 19 2
35 20 2
35 21 2
35 23 1
35 24 2
35 27 2
35 31 1
36 0 1
36 1 1
36 2 2
36 3 1
36 4 1
36 5 2
36 7 2
36 8 2
36 13 1
36 18 1
36 20 1
36 27 2
36 28 1
36 29 2
36 31 2
36 33 2
36 34 1
36 35 2
37 0 2
37 2 2
37 4 1
37 6 2
37 7 2
37 8 1
37 11 2
37 12 1
37 13 1
37 14 1
37 21 1
37 23 2
37 25 2
37 26 2
37 30 2
37 32 1
37 33 1
37 34 1
37 36 2
38 0 1
38 1 2
38 6 1
38 9 1
38 10 2
38 11 2
38 12 1
38 16 1
38 17 2
38 19 2
38 20 2
38 21 2
38 25 2
38 29 2
38 30 2
38 31 2
38 34 2
38 37 2
39 1 2
39 3 1
39 5 1
39 6 1
39 10 2
39 11 1
39 12 2
39 13 2
39 14 2
39 16 2
39 17 1
39 18 1
39 19 2
39 20 1
39 23 1
39 24 1
39 27 2
39 29 1
39 30 2
39 31 2
39 32 2
39 33 2
39 35 1
39 36 2
40 0 1
40 2 2
40 3 2
40 4 2
40 8 1
40 9 1
40 10 2
40 11 2
40 12 1
40 13 1
40 14 2
40 18 2
40 20 2
40 21 2
40 22 2
40 23 1
40 24 1
40 25 1
40 26 1
40 27 1
40 28 2
40 29 2
40 32 2
40 36 2
41 1 1
41 4 1
41 5 1
41 6 2
41 7 2
41 8 1
41 9 2
41 10 2
41 16 1
41 17 2
41 18 1
41 19 1
41 20 1
41 21 1
41 22 2
41 23 2
41 24 2
41 25 2
41 27 2
41 28 1
41 32 1
41 36 2
41 37 2
42 3 1
42 4 1
42 5 2
42 6 2
42 7 2
42 9 1
42 12 2
42 13 2
42 16 2
42 20 1
42 21 2
42 23 1
42 24 1
42 25 1
42 26 2
42 29 1
42 30 2
42 33 1
42 34 1
42 35 2
42 37 2
42 39 1
42 40 2
43 0 2
43 1 2
43 3 1
43 4 1
43 9 1
43 10 1
43 14 2
43 18 2
43 19 1
43 22 2
43 23 2
43 24 2
43 25 2
43 26 1
43 29 1
43 32 2
43 33 2
43 34 1
43 35 1
43 36 1
43 38 1
44 3 2
44 4 2
44 5 2
44 6 2
44 8 2
44 12 1
44 13 2
44 14 2
44 15 2
44 17 1
44 18 1
44 21 2
44 27 2
44 28 1
44 29 1
44 31 2
44 34 1
44 36 2
44 38 1
44 40 2
44 41 1
44 42 1
44 43 2
45 1 2
45 2 1
45 3 2
45 4 2
45 5 2
45 9 1
45 11 1
45 12 1
45 15 2
45 16 1
45 18 2
45 19 1
45 20 1
45 22 2
45 23 2
45 25 2
45 26 2
45 27 2
45 30 1
45 32 1
45 35 2
45 37 2
45 38 2
45 39 2
45 42 2
45 44 1
46 2 2
46 6 1
46 7 2
46 8 1
46 9 2
46 11 1
46 13 1
46 14 1
46 16 1
46 17 2
46 18 1
46 20 1
46 25 2
46 26 1
46 30 1
46 33 1
46 36 1
46 37 1
46 38 1
46 39 1
46 40 1
46 43 2
46 44 2
47 0 1
47 2 1
47 5 2
47 6 2
47 10 1
47 11 1
47 12 2
47 13 1
47 17 2
47 18 2
47 25 2
47 27 2
47 28 2
47 29 2
47 30 1
47 31 1
47 33 1
47 36 2
47 37 2
47 40 2
47 41 1
47 44 1
48 0 1
48 3 2
48 5 1
48 6 2
48 7 2
48 8 2
48 11 2
48 12 2
48 16 1
48 18 1
48 20 2
48 21 1
48 24 2
48 32 1
48 33 1
48 38 1
48 41 1
48 43 1
48 45 1
48 47 2
49 3 1
49 7 2
49 9 1
49 10 2
49 14 2
49 18 1
49 19 2
49 22 2
49 26 1
49 28 1
49 29 2
49 30 2
49 31 1
49 35 2
49 36 1
49 38 1
49 44 1
49 46 1
49 47 1
49 48 1
50 1 1
50 2 2
50 4 2
50 5 1
50 8 1
50 9 2
50 10 1
50 11 1
50 12 2
50 13 1
50 16 2
50 18 2
50 20 2
50 21 1
50 23 1
50 28 1
50 32 2
50 36 2
50 38 2
50 41 1
50 42 1
50 43 2
51 1 2
51 2 1
51 3 1
51 4 2
51 5 1
51 6 1
51 7 1
51 9 2
51 10 1
51 11 2
51 12 2
51 13 1
51 15 1
51 16 2
51 17 1
51 18 2
51 19 1
51 21 1
51 23 1
51 28 1
51 31 1
51 32 2
51 33 2
51 34 1
51 37 1
51 39 1
51 42 2
51 44 2
51 48 2
51 49 1
52 0 1
52 1 2
52 2 1
52 4 1
52 6 2
52 7 2
52 9 1
52 10 2
52 13 1
52 17 2
52 21 2
52 22 2
52 24 1
52 25 1
52 27 2
52 29 1
52 31 2
52 32 2
52 34 2
52 36 2
52 38 2
52 39 2
52 40 1
52 41 1
52 42 2
52 45 1
52 46 2
52 49 2
52 50 2
52 51 1
53 3 1
53 4 1
53 8 2
53 9 2
53 10 1
53 11 1
53 12 1
53 13 1
53 14 2
53 15 2
53 18 1
53 19 2
53 20 2
53 22 2
53 26 1
53 28 2
53 29 1
53 31 2
53 33 1
53 34 2
53 35 2
53 36 1
53 38 1
53 41 2
53 44 2
53 46 1
53 47 2
53 48 1
53 50 1
53 52 1
54 2 2
54 5 1
54 6 1
54 7 2
54 9 2
54 11 2
54 13 1
54 15 1
54 18 2
54 19 1
54 20 2
54 21 2
54 22 1
54 24 1
54 29 1
54 30 2
54 32 2
54 35 2
54 36 1
54 37 1
54 40 1
54 41 1
54 42 2
54 43 2
54 45 2
54 47 2
54 48 1
54 50 2
54 52 1
55 1 1
55 3 2
55 4 2
55 5 1
55 6 2
55 8 1
55 13 1
55 17 1
55 19 1
55 20 1
55 21 2
55 22 2
55 23 2
55 24 1
55 26 2
55 27 1
55 29 1
55 32 1
55 35 1
55 36 2
55 37 2
55 38 2
55 47 1
55 48 1
55 53 1
56 2 1
56 3 1
56 5 1
56 6 1
56 7 2
56 10 1
56 11 1
56 12 2
56 18 2
56 26 1
56 27 1
56 28 2
56 30 2
56 34 1
56 35 1
56 40 1
56 41 1
56 42 1
56 43 2
56 47 2
56 48 2
56 52 2
56 54 2
57 1 2
57 3 1
57 6 1
57 8 2
57 9 2
57 10 1
57 11 1
57 12 1
57 14 2
57 15 1
57 20 1
57 25 1
57 27 1
57 29 1
57 31 1
57 41 2
57 43 1
57 44 2
57 46 2
57 50 1
57 53 1
57 54 1
57 55 1
58 3 2
58 7 2
58 8 1
58 12 2
58 13 2
58 15 2
58 16 1
58 18 1
58 21 1
58 22 2
58 26 2
58 31 1
58 33 1
58 38 2
58 39 1
58 43 1
58 46 2
58 51 2
58 53 2
58 55 2
58 56 2
58 57 1
59 1 2
59 9 1
59 10 2
59 12 1
59 13 1
59 14 1
59 16 1
59 17 1
59 18 2
59 19 1
59 20 1
59 23 1
59 25 2
59 26 1
59 27 2
59 29 2
59 30 2
59 31 2
59 32 2
59 33 2
59 38 2
59 41 1
59 43 1
59 46 2
59 47 1
59 48 1
59 52 1
59 54 1
59 55 2
59 57 1
59 58 1
