40
1 0 4
2 0 1
3 0 3
3 1 2
3 2 4
4 2 4
5 0 2
5 4 4
6 0 3
6 1 3
6 2 2
6 3 3
6 5 2
7 0 2
7 1 3
7 2 4
7 6 1
8 2 4
8 5 2
8 7 3
9 1 1
9 5 4
9 6 1
10 1 1
10 2 2
10 3 1
10 5 2
10 7 1
10 8 4
10 9 1
11 0 4
11 2 2
11 3 4
11 4 1
11 6 2
11 7 4
11 9 4
12 0 2
12 1 3
12 2 1
12 3 1
12 7 2
12 8 2
12 11 1
13 1 1
13 2 3
13 6 1
13 7 3
13 8 1
13 11 1
14 0 1
14 1 1
14 3 2
14 6 2
14 7 2
14 8 2
14 11 4
15 1 2
15 2 2
15 8 2
15 10 1
15 11 4
15 13 1
15 14 1
16 2 3
16 3 4
16 11 1
16 12 2
16 15 3
17 0 4
17 2 1
17 3 3
17 4 2
17 5 3
17 6 2
17 7 3
17 8 3
17 9 1
17 13 4
17 14 3
17 16 4
18 1 1
18 2 2
18 3 4
18 4 4
18 5 1
18 6 1
18 7 2
18 10 3
18 11 2
18 16 4
19 0 3
19 3 2
19 4 1
19 10 2
19 12 4
19 13 2
19 14 4
19 16 4
20 0 2
20 1 3
20 2 1
20 5 3
20 9 1
20 13 2
20 14 2
20 15 4
20 16 4
20 18 1
20 19 3
21 2 2
21 4 4
21 6 2
21 8 4
21 11 3
21 12 3
21 16 1
21 17 3
21 19 1
22 0 1
22 1 3
22 2 3
22 3 3
22 4 1
22 6 2
22 7 1
22 10 2
22 11 3
22 12 4
22 16 4
22 17 3
22 18 1
22 21 1
23 0 1
23 1 3
23 2 1
23 9 1
23 11 1
23 12 1
23 13 2
23 18 1
23 20 2
23 21 3
24 0 3
24 1 1
24 3 2
24 5 3
24 6 2
24 7 3
24 8 3
24 11 2
24 14 2
24 16 2
24 18 3
24 19 2
24 20 2
24 22 4
24 23 1
25 0 4
25 2 4
25 3 3
25 4 2
25 12 1
25 13 2
25 14 1
25 15 3
25 19 4
25 21 1
25 22 2
25 23 2
26 0 1
26 3 3
26 6 4
26 8 2
26 9 4
26 10 4
26 11 2
26 13 2
26 18 3
26 20 1
26 22 1
26 24 3
27 2 2
27 3 4
27 5 2
27 6 2
27 7 4
27 8 2
27 9 3
27 10 4
27 17 1
27 18 2
27 21 1
27 24 4
27 26 3
28 0 4
28 3 4
28 5 2
28 8 3
28 10 4
28 11 1
28 14 2
28 17 3
28 18 3
28 22 4
28 24 3
28 26 2
28 27 3
29 2 3
29 4 2
29 5 3
29 8 3
29 9 1
29 16 3
29 21 3
29 25 4
29 27 3
29 28 4
30 0 4
30 1 3
30 2 1
30 3 2
30 4 4
30 6 3
30 8 4
30 14 4
30 18 2
30 19 1
30 20 1
30 21 4
30 22 1
30 24 4
30 26 3
31 0 3
31 1 4
31 2 1
31 3 4
31 6 1
31 8 1
31 10 1
31 11 3
31 14 1
31 16 3
31 18 3
31 20 4
31 21 1
31 23 3
31 26 3
31 27 3
31 28 1
31 30 1
32 0 4
32 2 1
32 3 2
32 5 1
32 7 3
32 9 2
32 11 3
32 14 2
32 18 4
32 19 4
32 20 3
32 24 4
32 26 1
32 29 4
32 30 2
32 31 3
33 0 2
33 2 3
33 4 1
33 5 1
33 8 1
33 9 3
33 10 2
33 11 1
33 12 3
33 13 4
33 14 4
33 15 2
33 18 4
33 21 1
33 22 1
33 26 1
33 27 3
33 28 3
33 29 4
33 31 4
34 0 4
34 3 3
34 6 2
34 14 2
34 17 4
34 20 1
34 23 2
34 24 2
34 25 4
34 26 3
34 27 4
34 29 2
34 30 2
34 31 4
35 0 1
35 2 4
35 3 4
35 5 3
35 6 3
35 8 3
35 10 1
35 11 2
35 12 2
35 17 3
35 21 1
35 22 2
35 29 2
35 31 2
36 1 2
36 2 2
36 4 1
36 5 2
36 6 3
36 7 1
36 8 3
36 9 2
36 11 1
36 14 2
36 15 1
36 17 4
36 21 2
36 22 2
36 23 3
36 24 3
36 27 4
36 28 4
36 30 4
36 35 2
37 1 3
37 2 3
37 3 4
37 4 3
37 9 1
37 20 1
37 21 1
37 23 1
37 26 2
37 29 3
37 31 3
37 32 1
37 33 1
37 34 3
37 35 2
38 2 3
38 3 1
38 4 4
38 5 3
38 9 1
38 10 1
38 11 3
38 13 4
38 14 3
38 18 1
38 19 1
38 20 3
38 23 2
38 27 3
38 30 4
38 31 1
38 32 3
38 33 4
38 34 4
38 36 1
38 37 4
39 0 1
39 2 1
39 4 2
39 5 2
39 6 4
39 7 4
39 9 3
39 13 1
39 14 3
39 16 3
39 17 2
39 19 2
39 22 4
39 25 2
39 26 1
39 28 3
39 29 2
39 32 4
39 36 4
39 38 4
