30
1 0 2
2 0 10
2 1 7
3 0 12
3 1 8
3 2 3
4 0 7
4 1 13
4 2 1
4 3 11
5 0 3
5 1 5
5 2 10
5 3 1
5 4 8
6 0 1
6 1 2
6 2 5
6 3 7
6 4 5
6 5 13
7 0 9
7 1 2
7 2 5
7 3 13
7 4 13
7 5 3
7 6 5
8 0 8
8 1 3
8 2 9
8 3 5
8 4 4
8 5 4
8 6 8
8 7 13
9 0 7
9 1 12
9 2 7
9 3 8
9 4 4
9 5 3
9 6 1
9 7 5
9 8 2
10 0 6
10 1 13
10 2 4
10 3 11
10 4 9
10 5 7
10 6 13
10 7 11
10 8 2
10 9 10
11 0 5
11 1 2
11 2 4
11 3 13
11 4 1
11 5 5
11 6 7
11 7 12
11 8 6
11 9 1
11 10 2
12 0 13
12 1 1
12 2 9
12 3 4
12 4 1
12 5 6
12 6 12
12 7 7
12 8 7
12 9 10
12 10 11
12 11 8
13 0 10
13 1 3
13 2 13
13 3 2
13 4 8
13 5 8
13 6 6
13 7 1
13 8 9
13 9 9
13 10 9
13 11 1
13 12 2
14 0 8
14 1 2
14 2 13
14 3 5
14 4 2
14 5 6
14 6 7
14 7 9
14 8 3
14 9 4
14 10 10
14 11 13
14 12 2
14 13 10
15 0 13
15 1 9
15 2 3
15 3 8
15 4 6
15 5 13
15 6 3
15 7 4
15 8 8
15 9 3
15 10 8
15 11 11
15 12 9
15 13 8
15 14 4
16 0 10
16 1 1
16 2 4
16 3 8
16 4 6
16 5 6
16 6 7
16 7 1
16 8 6
16 9 3
16 10 1
16 11 10
16 12 4
16 13 3
16 14 7
16 15 2
17 0 10
17 1 4
17 2 8
17 3 10
17 4 8
17 5 8
17 6 2
17 7 3
17 8 13
17 9 13
17 10 12
17 11 1
17 12 3
17 13 2
17 14 12
17 15 2
17 16 12
18 0 1
18 1 12
18 2 5
18 3 3
18 4 10
18 5 6
18 6 3
18 7 13
18 8 5
18 9 12
18 10 11
18 11 2
18 12 13
18 13 6
18 14 13
18 15 13
18 16 7
18 17 13
19 0 5
19 1 12
19 2 2
19 3 12
19 4 7
19 5 5
19 6 4
19 7 5
19 8 7
19 9 2
19 10 9
19 11 13
19 12 5
19 13 5
19 14 11
19 15 11
19 16 11
19 17 11
19 18 5
20 0 11
20 1 7
20 2 8
20 3 5
20 4 9
20 5 4
20 6 12
20 7 10
20 8 3
20 9 4
20 10 2
20 11 4
20 12 10
20 13 7
20 14 4
20 15 4
20 16 12
20 17 4
20 18 8
20 19 2
21 0 10
21 1 9
21 2 9
21 3 6
21 4 12
21 5 5
21 6 1
21 7 3
21 8 12
21 9 12
21 10 7
21 11 11
21 12 5
21 13 5
21 14 10
21 15 3
21 16 4
21 17 12
21 18 8
21 19 3
21 20 12
22 0 1
22 1 5
22 2 1
22 3 8
22 4 12
22 5 9
22 6 1
22 7 13
22 8 8
22 9 4
22 10 7
22 11 10
22 12 1
22 13 9
22 14 3
22 15 1
22 16 11
22 17 9
22 18 6
22 19 9
22 20 5
22 21 2
23 0 7
23 1 12
23 2 6
23 3 12
23 4 2
23 5 12
23 6 9
23 7 5
23 8 10
23 9 11
23 10 12
23 11 7
23 12 3
23 13 13
23 14 5
23 15 1
23 16 10
23 17 4
23 18 6
23 19 5
23 20 3
23 21 11
23 22 6
24 0 10
24 1 1
24 2 2
24 3 13
24 4 4
24 5 3
24 6 3
24 7 6
24 8 13
24 9 6
24 10 2
24 11 3
24 12 12
24 13 11
24 14 6
24 15 9
24 16 3
24 17 12
24 18 3
24 19 13
24 20 6
24 21 1
24 22 4
24 23 11
25 0 13
25 1 2
25 2 10
25 3 1
25 4 5
25 5 11
25 6 3
25 7 12
25 8 8
25 9 8
25 10 5
25 11 1
25 12 12
25 13 13
25 14 6
25 15 9
25 16 13
25 17 10
25 18 7
25 19 8
25 20 10
25 21 1
25 22 3
25 23 6
25 24 10
26 0 5
26 1 8
26 2 4
26 3 12
26 4 5
26 5 1
26 6 12
26 7 2
26 8 3
26 9 9
26 10 1
26 11 4
26 12 12
26 13 4
26 14 2
26 15 13
26 16 5
26 17 2
26 18 12
26 19 13
26 20 12
26 21 2
26 22 2
26 23 11
26 24 5
26 25 10
27 0 13
27 1 3
27 2 7
27 3 9
27 4 3
27 5 12
27 6 4
27 7 1
27 8 10
27 9 11
27 10 13
27 11 1
27 12 10
27 13 4
27 14 11
27 15 8
27 16 7
27 17 5
27 18 3
27 19 6
27 20 3
27 21 1
27 22 10
27 23 4
27 24 8
27 25 5
27 26 1
28 0 5
28 1 7
28 2 5
28 3 8
28 4 6
28 5 4
28 6 7
28 7 6
28 8 13
28 9 11
28 10 7
28 11 2
28 12 3
28 13 5
28 14 11
28 15 7
28 16 8
28 17 2
28 18 8
28 19 8
28 20 8
28 21 2
28 22 6
28 23 1
28 24 9
28 25 4
28 26 5
28 27 6
29 0 13
29 1 3
29 2 13
29 3 10
29 4 2
29 5 5
29 6 5
29 7 3
29 8 11
29 9 13
29 10 13
29 11 1
29 12 11
29 13 1
29 14 11
29 15 3
29 16 5
29 17 8
29 18 7
29 19 4
29 20 6
29 21 13
29 22 8
29 23 12
29 24 5
29 25 8
29 26 1
29 27 11
29 28 2
