40
1 0 7
2 0 4
2 1 8
3 0 10
3 1 7
3 2 2
4 0 3
4 1 1
4 2 10
4 3 7
5 0 7
5 1 2
5 2 9
5 3 3
5 4 4
6 0 3
6 1 1
6 2 1
6 3 10
6 4 1
6 5 6
7 0 2
7 1 4
7 2 7
7 3 3
7 4 6
7 5 9
7 6 6
8 0 5
8 1 1
8 2 7
8 3 6
8 4 3
8 5 10
8 6 4
8 7 7
9 0 6
9 1 8
9 2 2
9 3 2
9 4 9
9 5 9
9 6 7
9 7 2
9 8 3
10 0 5
10 1 1
10 2 10
10 3 8
10 4 2
10 5 5
10 6 4
10 7 7
10 8 4
10 9 3
11 0 4
11 1 10
11 2 1
11 3 3
11 4 4
11 5 9
11 6 9
11 7 5
11 8 2
11 9 6
11 10 4
12 0 8
12 1 8
12 2 10
12 3 6
12 4 4
12 5 1
12 6 6
12 7 4
12 8 9
12 9 6
12 10 7
12 11 10
13 0 6
13 1 2
13 2 4
13 3 8
13 4 10
13 5 1
13 6 8
13 7 2
13 8 6
13 9 9
13 10 3
13 11 9
13 12 10
14 0 6
14 1 9
14 2 7
14 3 6
14 4 1
14 5 8
14 6 3
14 7 4
14 8 2
14 9 4
14 10 7
14 11 8
14 12 3
14 13 3
15 0 10
15 1 5
15 2 2
15 3 3
15 4 2
15 5 4
15 6 7
15 7 8
15 8 9
15 9 2
15 10 8
15 11 7
15 12 2
15 13 4
15 14 5
16 0 7
16 1 7
16 2 9
16 3 5
16 4 1
16 5 10
16 6 10
16 7 8
16 8 1
16 9 3
16 10 8
16 11 8
16 12 1
16 13 4
16 14 2
16 15 1
17 0 7
17 1 8
17 2 1
17 3 2
17 4 4
17 5 2
17 6 1
17 7 7
17 8 8
17 9 8
17 10 4
17 11 5
17 12 1
17 13 3
17 14 1
17 15 3
17 16 10
18 0 3
18 1 3
18 2 6
18 3 9
18 4 3
18 5 7
18 6 8
18 7 7
18 8 4
18 9 10
18 10 9
18 11 4
18 12 4
18 13 10
18 14 5
18 15 9
18 16 3
18 17 1
19 0 10
19 1 2
19 2 4
19 3 9
19 4 3
19 5 7
19 6 5
19 7 3
19 8 4
19 9 10
19 10 8
19 11 10
19 12 10
19 13 2
19 14 2
19 15 8
19 16 7
19 17 4
19 18 8
20 0 5
20 1 9
20 2 6
20 3 2
20 4 1
20 5 1
20 6 1
20 7 6
20 8 3
20 9 8
20 10 7
20 11 3
20 12 4
20 13 3
20 14 2
20 15 10
20 16 2
20 17 6
20 18 7
20 19 3
21 0 10
21 1 7
21 2 3
21 3 8
21 4 3
21 5 8
21 6 4
21 7 3
21 8 10
21 9 6
21 10 2
21 11 10
21 12 1
21 13 6
21 14 6
21 15 4
21 16 2
21 17 10
21 18 1
21 19 9
21 20 2
22 0 8
22 1 9
22 2 3
22 3 2
22 4 6
22 5 10
22 6 2
22 7 4
22 8 7
22 9 10
22 10 8
22 11 7
22 12 9
22 13 8
22 14 8
22 15 9
22 16 2
22 17 8
22 18 3
22 19 8
22 20 4
22 21 5
23 0 8
23 1 6
23 2 6
23 3 9
23 4 3
23 5 5
23 6 1
23 7 4
23 8 3
23 9 7
23 10 8
23 11 9
23 12 1
23 13 10
23 14 7
23 15 5
23 16 5
23 17 7
23 18 6
23 19 4
23 20 9
23 21 1
23 22 2
24 0 9
24 1 9
24 2 8
24 3 10
24 4 6
24 5 2
24 6 1
24 7 7
24 8 7
24 9 1
24 10 9
24 11 10
24 12 7
24 13 1
24 14 8
24 15 9
24 16 8
24 17 6
24 18 8
24 19 3
24 20 10
24 21 3
24 22 7
24 23 9
25 0 7
25 1 7
25 2 1
25 3 8
25 4 9
25 5 6
25 6 5
25 7 6
25 8 10
25 9 5
25 10 1
25 11 3
25 12 9
25 13 5
25 14 8
25 15 2
25 16 6
25 17 2
25 18 3
25 19 8
25 20 3
25 21 3
25 22 10
25 23 5
25 24 5
26 0 6
26 1 4
26 2 8
26 3 9
26 4 4
26 5 1
26 6 4
26 7 4
26 8 5
26 9 3
26 10 7
26 11 8
26 12 7
26 13 7
26 14 1
26 15 9
26 16 3
26 17 8
26 18 2
26 19 3
26 20 8
26 21 2
26 22 1
26 23 2
26 24 9
26 25 4
27 0 5
27 1 6
27 2 1
27 3 4
27 4 9
27 5 8
27 6 8
27 7 8
27 8 10
27 9 7
27 10 5
27 11 2
27 12 2
27 13 7
27 14 5
27 15 5
27 16 9
27 17 1
27 18 6
27 19 8
27 20 10
27 21 8
27 22 3
27 23 10
27 24 8
27 25 4
27 26 10
28 0 10
28 1 5
28 2 6
28 3 4
28 4 1
28 5 2
28 6 5
28 7 9
28 8 10
28 9 7
28 10 2
28 11 10
28 12 4
28 13 6
28 14 1
28 15 3
28 16 7
28 17 8
28 18 1
28 19 3
28 20 6
28 21 7
28 22 4
28 23 6
28 24 2
28 25 5
28 26 6
28 27 3
29 0 6
29 1 4
29 2 2
29 3 9
29 4 9
29 5 9
29 6 8
29 7 3
29 8 6
29 9 3
29 10 5
29 11 8
29 12 5
29 13 8
29 14 7
29 15 9
29 16 8
29 17 10
29 18 10
29 19 1
29 20 6
29 21 1
29 22 10
29 23 2
29 24 4
29 25 8
29 26 5
29 27 6
29 28 7
30 0 1
30 1 3
30 2 3
30 3 3
30 4 7
30 5 3
30 6 5
30 7 6
30 8 1
30 9 9
30 10 5
30 11 1
30 12 5
30 13 7
30 14 4
30 15 4
30 16 8
30 17 8
30 18 6
30 19 3
30 20 6
30 21 3
30 22 6
30 23 1
30 24 5
30 25 4
30 26 2
30 27 7
30 28 10
30 29 6
31 0 7
31 1 8
31 2 6
31 3 10
31 4 1
31 5 3
31 6 5
31 7 5
31 8 4
31 9 9
31 10 4
31 11 6
31 12 7
31 13 9
31 14 8
31 15 6
31 16 2
31 17 2
31 18 4
31 19 3
31 20 4
31 21 2
31 22 2
31 23 3
31 24 9
31 25 4
31 26 7
31 27 8
31 28 8
31 29 9
31 30 2
32 0 1
32 1 7
32 2 5
32 3 3
32 4 4
32 5 4
32 6 6
32 7 10
32 8 2
32 9 3
32 10 4
32 11 4
32 12 7
32 13 9
32 14 1
32 15 2
32 16 3
32 17 10
32 18 2
32 19 7
32 20 6
32 21 10
32 22 4
32 23 6
32 24 1
32 25 2
32 26 1
32 27 4
32 28 1
32 29 10
32 30 8
32 31 6
33 0 4
33 1 7
33 2 3
33 3 4
33 4 6
33 5 5
33 6 2
33 7 10
33 8 8
33 9 4
33 10 6
33 11 8
33 12 1
33 13 9
33 14 6
33 15 8
33 16 1
33 17 3
33 18 9
33 19 8
33 20 9
33 21 1
33 22 8
33 23 7
33 24 8
33 25 1
33 26 5
33 27 8
33 28 6
33 29 2
33 30 1
33 31 2
33 32 10
34 0 5
34 1 7
34 2 4
34 3 3
34 4 4
34 5 1
34 6 9
34 7 7
34 8 5
34 9 2
34 10 3
34 11 6
34 12 5
34 13 1
34 14 6
34 15 6
34 16 5
34 17 9
34 18 9
34 19 1
34 20 6
34 21 4
34 22 1
34 23 2
34 24 9
34 25 10
34 26 9
34 27 9
34 28 2
34 29 7
34 30 9
34 31 4
34 32 9
34 33 9
35 0 8
35 1 4
35 2 5
35 3 10
35 4 2
35 5 7
35 6 1
35 7 10
35 8 7
35 9 5
35 10 1
35 11 10
35 12 4
35 13 2
35 14 7
35 15 6
35 16 2
35 17 6
35 18 3
35 19 2
35 20 5
35 21 1
35 22 2
35 23 4
35 24 4
35 25 6
35 26 8
35 27 9
35 28 5
35 29 7
35 30 1
35 31 8
35 32 8
35 33 1
35 34 9
36 0 2
36 1 9
36 2 2
36 3 9
36 4 1
36 5 5
36 6 2
36 7 8
36 8 10
36 9 8
36 10 8
36 11 8
36 12 2
36 13 6
36 14 2
36 15 10
36 16 2
36 17 9
36 18 5
36 19 3
36 20 7
36 21 3
36 22 4
36 23 1
36 24 10
36 25 4
36 26 10
36 27 1
36 28 6
36 29 7
36 30 8
36 31 6
36 32 8
36 33 10
36 34 4
36 35 9
37 0 9
37 1 1
37 2 5
37 3 2
37 4 4
37 5 1
37 6 9
37 7 8
37 8 10
37 9 9
37 10 3
37 11 2
37 12 9
37 13 5
37 14 4
37 15 2
37 16 9
37 17 10
37 18 1
37 19 10
37 20 9
37 21 7
37 22 8
37 23 3
37 24 4
37 25 2
37 26 9
37 27 3
37 28 2
37 29 8
37 30 7
37 31 6
37 32 1
37 33 7
37 34 4
37 35 5
37 36 9
38 0 1
38 1 1
38 2 10
38 3 4
38 4 6
38 5 2
38 6 10
38 7 8
38 8 3
38 9 9
38 10 8
38 11 1
38 12 6
38 13 1
38 14 7
38 15 2
38 16 7
38 17 2
38 18 5
38 19 10
38 20 9
38 21 8
38 22 5
38 23 3
38 24 3
38 25 4
38 26 4
38 27 9
38 28 9
38 29 8
38 30 1
38 31 3
38 32 10
38 33 3
38 34 10
38 35 9
38 36 5
38 37 6
39 0 2
39 1 7
39 2 6
39 3 6
39 4 4
39 5 4
39 6 9
39 7 8
39 8 7
39 9 6
39 10 6
39 11 10
39 12 10
39 13 1
39 14 7
39 15 8
39 16 9
39 17 1
39 18 6
39 19 2
39 20 8
39 21 1
39 22 9
39 23 9
39 24 9
39 25 6
39 26 3
39 27 6
39 28 6
39 29 10
39 30 3
39 31 3
39 32 2
39 33 2
39 34 3
39 35 3
39 36 10
39 37 3
39 38 9
