15
1 0 2
2 0 1
2 1 1
3 0 3
3 1 1
3 2 1
4 0 2
4 1 1
4 2 3
4 3 3
5 0 3
5 1 3
5 2 3
5 3 1
5 4 3
6 0 1
6 1 1
6 2 1
6 3 3
6 4 1
6 5 2
7 0 2
7 1 1
7 2 1
7 3 1
7 4 3
7 5 2
7 6 2
8 0 1
8 1 1
8 2 1
8 3 2
8 4 1
8 5 1
8 6 1
8 7 3
9 0 2
9 1 1
9 2 1
9 3 1
9 4 3
9 5 3
9 6 1
9 7 2
9 8 1
10 0 2
10 1 2
10 2 2
10 3 3
10 4 1
10 5 3
10 6 1
10 7 3
10 8 3
10 9 2
11 0 1
11 1 2
11 2 1
11 3 3
11 4 2
11 5 2
11 6 1
11 7 1
11 8 2
11 9 3
11 10 2
12 0 3
12 1 2
12 2 2
12 3 3
12 4 3
12 5 3
12 6 1
12 7 2
12 8 1
12 9 2
12 10 2
12 11 2
13 0 2
13 1 2
13 2 2
13 3 2
13 4 3
13 5 3
13 6 3
13 7 2
13 8 3
13 9 1
13 10 1
13 11 1
13 12 3
14 0 3
14 1 3
14 2 1
14 3 3
14 4 1
14 5 2
14 6 3
14 7 1
14 8 3
14 9 1
14 10 2
14 11 1
14 12 2
14 13 3
