40
1 0 5
2 0 4
2 1 6
3 0 8
3 1 5
3 2 9
4 0 7
4 1 8
4 2 4
4 3 2
5 0 2
5 1 8
5 2 1
5 3 6
5 4 7
6 0 9
6 1 8
6 2 9
6 3 5
6 4 9
6 5 4
7 0 5
7 1 5
7 2 6
7 3 3
7 4 8
7 5 1
7 6 9
8 0 9
8 1 7
8 2 1
8 3 4
8 4 6
8 5 2
8 6 9
8 7 9
9 0 1
9 1 5
9 2 9
9 3 4
9 4 3
9 5 1
9 6 5
9 7 7
9 8 6
10 0 3
10 1 5
10 2 9
10 3 2
10 4 1
10 5 4
10 6 8
10 7 6
10 8 5
10 9 7
11 0 2
11 1 7
11 2 5
11 3 5
11 4 1
11 5 7
11 6 6
11 7 6
11 8 1
11 9 2
11 10 1
12 0 8
12 1 7
12 2 7
12 3 9
12 4 8
12 5 7
12 6 6
12 7 4
12 8 3
12 9 9
12 10 7
12 11 6
13 0 3
13 1 3
13 2 3
13 3 9
13 4 3
13 5 7
13 6 7
13 7 3
13 8 4
13 9 8
13 10 2
13 11 8
13 12 9
14 0 1
14 1 7
14 2 1
14 3 3
14 4 7
14 5 1
14 6 2
14 7 8
14 8 8
14 9 4
14 10 9
14 11 8
14 12 9
14 13 4
15 0 2
15 1 8
15 2 1
15 3 4
15 4 8
15 5 7
15 6 6
15 7 6
15 8 9
15 9 3
15 10 6
15 11 5
15 12 4
15 13 9
15 14 8
16 0 1
16 1 5
16 2 1
16 3 5
16 4 9
16 5 9
16 6 9
16 7 9
16 8 3
16 9 3
16 10 9
16 11 8
16 12 2
16 13 3
16 14 3
16 15 7
17 0 1
17 1 9
17 2 6
17 3 6
17 4 5
17 5 1
17 6 3
17 7 1
17 8 5
17 9 4
17 10 9
17 11 6
17 12 7
17 13 1
17 14 8
17 15 8
17 16 6
18 0 8
18 1 5
18 2 2
18 3 6
18 4 6
18 5 1
18 6 2
18 7 4
18 8 5
18 9 8
18 10 5
18 11 9
18 12 1
18 13 3
18 14 4
18 15 1
18 16 6
18 17 2
19 0 1
19 1 5
19 2 1
19 3 4
19 4 3
19 5 8
19 6 2
19 7 8
19 8 8
19 9 8
19 10 2
19 11 7
19 12 8
19 13 7
19 14 3
19 15 9
19 16 6
19 17 2
19 18 4
20 0 7
20 1 9
20 2 5
20 3 6
20 4 8
20 5 9
20 6 9
20 7 1
20 8 7
20 9 4
20 10 7
20 11 8
20 12 8
20 13 1
20 14 4
20 15 7
20 16 4
20 17 7
20 18 7
20 19 8
21 0 5
21 1 4
21 2 4
21 3 3
21 4 4
21 5 3
21 6 1
21 7 7
21 8 3
21 9 7
21 10 4
21 11 8
21 12 2
21 13 3
21 14 6
21 15 8
21 16 2
21 17 9
21 18 6
21 19 5
21 20 9
22 0 1
22 1 8
22 2 8
22 3 1
22 4 4
22 5 1
22 6 4
22 7 1
22 8 4
22 9 1
22 10 8
22 11 1
22 12 4
22 13 1
22 14 5
22 15 4
22 16 2
22 17 3
22 18 9
22 19 9
22 20 9
22 21 8
23 0 6
23 1 7
23 2 3
23 3 5
23 4 8
23 5 5
23 6 9
23 7 2
23 8 4
23 9 2
23 10 9
23 11 2
23 12 1
23 13 4
23 14 8
23 15 3
23 16 2
23 17 8
23 18 6
23 19 3
23 20 3
23 21 3
23 22 4
24 0 1
24 1 8
24 2 3
24 3 6
24 4 4
24 5 7
24 6 7
24 7 9
24 8 6
24 9 8
24 10 1
24 11 1
24 12 3
24 13 8
24 14 9
24 15 1
24 16 3
24 17 8
24 18 5
24 19 8
24 20 5
24 21 6
24 22 1
24 23 2
25 0 1
25 1 1
25 2 3
25 3 6
25 4 1
25 5 1
25 6 6
25 7 1
25 8 7
25 9 4
25 10 1
25 11 9
25 12 6
25 13 2
25 14 4
25 15 5
25 16 9
25 17 3
25 18 9
25 19 9
25 20 1
25 21 5
25 22 8
25 23 7
25 24 6
26 0 8
26 1 2
26 2 5
26 3 8
26 4 4
26 5 5
26 6 5
26 7 2
26 8 7
26 9 1
26 10 2
26 11 8
26 12 6
26 13 9
26 14 9
26 15 4
26 16 3
26 17 3
26 18 6
26 19 6
26 20 4
26 21 2
26 22 9
26 23 9
26 24 4
26 25 1
27 0 6
27 1 4
27 2 7
27 3 5
27 4 3
27 5 5
27 6 8
27 7 5
27 8 7
27 9 1
27 10 3
27 11 2
27 12 4
27 13 3
27 14 4
27 15 8
27 16 3
27 17 5
27 18 4
27 19 2
27 20 3
27 21 2
27 22 2
27 23 5
27 24 4
27 25 7
27 26 4
28 0 8
28 1 7
28 2 3
28 3 4
28 4 7
28 5 5
28 6 5
28 7 3
28 8 2
28 9 4
28 10 7
28 11 7
28 12 4
28 13 8
28 14 2
28 15 1
28 16 1
28 17 1
28 18 5
28 19 4
28 20 7
28 21 7
28 22 1
28 23 9
28 24 3
28 25 1
28 26 1
28 27 2
29 0 7
29 1 1
29 2 2
29 3 5
29 4 9
29 5 6
29 6 5
29 7 7
29 8 1
29 9 4
29 10 2
29 11 9
29 12 8
29 13 4
29 14 4
29 15 8
29 16 2
29 17 5
29 18 3
29 19 7
29 20 4
29 21 5
29 22 5
29 23 2
29 24 9
29 25 9
29 26 5
29 27 2
29 28 3
30 0 3
30 1 1
30 2 8
30 3 3
30 4 6
30 5 1
30 6 1
30 7 6
30 8 6
30 9 1
30 10 8
30 11 3
30 12 3
30 13 2
30 14 1
30 15 6
30 16 8
30 17 7
30 18 2
30 19 2
30 20 1
30 21 6
30 22 8
30 23 5
30 24 4
30 25 8
30 26 4
30 27 3
30 28 5
30 29 1
31 0 4
31 1 6
31 2 4
31 3 7
31 4 8
31 5 9
31 6 1
31 7 6
31 8 1
31 9 3
31 10 1
31 11 1
31 12 6
31 13 9
31 14 9
31 15 4
31 16 5
31 17 6
31 18 6
31 19 9
31 20 8
31 21 1
31 22 7
31 23 9
31 24 3
31 25 1
31 26 7
31 27 3
31 28 2
31 29 6
31 30 8
32 0 1
32 1 3
32 2 1
32 3 2
32 4 7
32 5 6
32 6 2
32 7 9
32 8 4
32 9 9
32 10 2
32 11 2
32 12 4
32 13 4
32 14 7
32 15 4
32 16 6
32 17 5
32 18 4
32 19 2
32 20 8
32 21 7
32 22 9
32 23 5
32 24 8
32 25 8
32 26 2
32 27 6
32 28 5
32 29 2
32 30 1
32 31 8
33 0 8
33 1 4
33 2 4
33 3 6
33 4 6
33 5 7
33 6 4
33 7 3
33 8 2
33 9 3
33 10 4
33 11 9
33 12 8
33 13 4
33 14 1
33 15 9
33 16 3
33 17 4
33 18 9
33 19 1
33 20 9
33 21 3
33 22 1
33 23 7
33 24 3
33 25 8
33 26 7
33 27 7
33 28 7
33 29 8
33 30 1
33 31 6
33 32 7
34 0 2
34 1 8
34 2 7
34 3 5
34 4 3
34 5 1
34 6 7
34 7 6
34 8 1
34 9 7
34 10 3
34 11 6
34 12 4
34 13 8
34 14 6
34 15 9
34 16 3
34 17 9
34 18 3
34 19 4
34 20 9
34 21 8
34 22 8
34 23 3
34 24 8
34 25 1
34 26 1
34 27 7
34 28 6
34 29 7
34 30 1
34 31 6
34 32 2
34 33 7
35 0 1
35 1 6
35 2 3
35 3 6
35 4 1
35 5 8
35 6 6
35 7 4
35 8 2
35 9 9
35 10 1
35 11 9
35 12 6
35 13 4
35 14 5
35 15 6
35 16 2
35 17 9
35 18 7
35 19 4
35 20 8
35 21 9
35 22 6
35 23 8
35 24 3
35 25 6
35 26 7
35 27 4
35 28 3
35 29 7
35 30 9
35 31 4
35 32 5
35 33 9
35 34 9
36 0 1
36 1 6
36 2 2
36 3 6
36 4 7
36 5 8
36 6 8
36 7 6
36 8 1
36 9 3
36 10 5
36 11 7
36 12 5
36 13 5
36 14 1
36 15 6
36 16 2
36 17 2
36 18 7
36 19 1
36 20 7
36 21 2
36 22 5
36 23 7
36 24 7
36 25 2
36 26 8
36 27 6
36 28 6
36 29 7
36 30 1
36 31 7
36 32 5
36 33 4
36 34 5
36 35 9
37 0 4
37 1 1
37 2 7
37 3 2
37 4 4
37 5 9
37 6 7
37 7 7
37 8 1
37 9 8
37 10 8
37 11 2
37 12 8
37 13 2
37 14 3
37 15 6
37 16 5
37 17 2
37 18 6
37 19 7
37 20 9
37 21 5
37 22 8
37 23 6
37 24 5
37 25 9
37 26 5
37 27 3
37 28 3
37 29 2
37 30 4
37 31 1
37 32 1
37 33 3
37 34 1
37 35 4
37 36 9
38 0 8
38 1 2
38 2 2
38 3 8
38 4 6
38 5 9
38 6 8
38 7 8
38 8 9
38 9 7
38 10 3
38 11 5
38 12 3
38 13 8
38 14 1
38 15 6
38 16 4
38 17 2
38 18 1
38 19 7
38 20 7
38 21 6
38 22 3
38 23 8
38 24 7
38 25 5
38 26 1
38 27 6
38 28 5
38 29 7
38 30 6
38 31 5
38 32 6
38 33 7
38 34 5
38 35 9
38 36 5
38 37 7
39 0 4
39 1 4
39 2 6
39 3 3
39 4 9
39 5 7
39 6 5
39 7 9
39 8 9
39 9 5
39 10 3
39 11 7
39 12 1
39 13 7
39 14 3
39 15 3
39 16 4
39 17 1
39 18 1
39 19 4
39 20 2
39 21 3
39 22 6
39 23 3
39 24 8
39 25 3
39 26 1
39 27 1
39 28 7
39 29 3
39 30 9
39 31 9
39 32 7
39 33 7
39 34 8
39 35 3
39 36 5
39 37 5
39 38 5
