40
2 0 1
3 0 1
3 1 1
4 1 1
4 2 2
4 3 1
5 0 1
5 2 1
5 4 1
6 0 2
6 2 1
6 3 2
6 5 1
7 1 2
7 2 2
7 4 2
7 5 1
8 0 2
8 1 1
8 3 2
9 0 2
9 1 1
9 3 2
9 6 1
10 2 1
10 3 1
11 0 1
11 3 2
11 5 2
11 8 2
11 10 1
12 0 2
12 5 2
12 7 1
12 8 1
12 10 1
12 11 1
13 0 2
13 4 1
13 5 2
13 6 1
13 7 2
13 8 2
13 10 1
14 3 1
14 4 2
14 5 1
14 8 1
14 10 1
14 11 1
14 13 1
15 3 2
15 6 1
15 8 2
15 9 1
15 10 2
15 13 1
15 14 1
16 1 1
16 2 1
16 5 2
16 9 1
16 10 2
16 11 2
16 13 2
16 14 1
17 2 1
17 3 1
17 4 1
17 6 1
17 7 1
17 12 1
17 13 1
17 14 1
17 15 2
18 0 2
18 8 1
18 9 1
18 11 2
18 12 2
18 14 1
18 17 1
19 0 2
19 1 2
19 3 2
19 5 1
19 8 1
19 10 2
19 12 2
19 14 2
19 15 2
19 17 2
19 18 2
20 1 2
20 5 1
20 7 2
20 8 2
20 11 2
20 13 2
20 14 2
20 17 2
21 0 2
21 1 1
21 2 2
21 3 2
21 6 2
21 10 2
21 11 1
21 13 1
21 17 2
21 18 1
21 19 2
22 0 2
22 1 2
22 3 1
22 4 2
22 9 2
22 10 2
22 13 2
22 14 2
22 16 2
23 2 2
23 4 2
23 8 1
23 9 1
23 10 1
23 12 1
23 15 2
23 16 1
23 17 1
23 20 1
23 22 1
24 1 1
24 2 1
24 3 2
24 5 2
24 6 1
24 7 2
24 10 1
24 12 1
24 13 2
24 14 1
24 16 2
24 17 1
24 18 2
24 21 1
24 22 1
24 23 2
25 0 2
25 2 2
25 3 2
25 7 1
25 8 1
25 9 1
25 10 1
25 13 2
25 15 2
25 18 1
25 21 2
25 23 2
25 24 2
26 2 2
26 3 2
26 7 1
26 9 1
26 10 2
26 13 2
26 16 2
26 17 1
26 21 2
26 22 2
27 1 1
27 2 2
27 3 2
27 6 2
27 8 1
27 9 2
27 10 1
27 11 1
27 12 1
27 13 1
27 14 2
27 17 1
27 19 2
27 20 1
27 23 1
27 26 2
28 0 1
28 2 2
28 6 2
28 7 1
28 12 2
28 14 2
28 15 2
28 16 2
28 17 2
28 18 1
28 19 2
28 21 1
28 23 1
28 25 1
28 26 1
29 2 1
29 3 2
29 5 2
29 6 1
29 7 1
29 8 1
29 9 1
29 10 2
29 16 2
29 19 1
29 20 2
29 21 1
29 24 1
29 27 2
30 0 2
30 1 1
30 2 1
30 7 1
30 8 1
30 11 1
30 12 2
30 13 1
30 14 2
30 15 2
30 16 1
30 18 1
30 19 2
30 20 2
30 27 1
30 28 1
31 1 1
31 3 1
31 4 2
31 5 2
31 6 1
31 7 2
31 15 1
31 16 2
31 17 1
31 20 1
31 23 1
31 24 1
31 25 1
31 26 1
32 0 2
32 1 1
32 3 1
32 4 1
32 8 1
32 9 1
32 10 1
32 11 1
32 13 2
32 14 2
32 16 1
32 17 2
32 19 2
32 21 2
32 22 2
32 23 1
32 25 1
32 28 2
32 29 1
32 30 1
33 3 1
33 5 1
33 7 2
33 8 1
33 14 2
33 15 2
33 16 1
33 17 2
33 20 1
33 21 2
33 24 2
33 26 1
33 27 1
33 28 2
33 31 1
33 32 1
34 2 1
34 3 2
34 4 1
34 5 1
34 7 1
34 8 2
34 9 1
34 10 1
34 11 1
34 14 2
34 15 1
34 21 1
34 22 2
34 24 1
34 28 2
34 29 1
34 30 1
34 32 1
34 33 1
35 1 1
35 2 1
35 3 1
35 9 1
35 10 1
35 12 1
35 14 2
35 15 1
35 17 1
35 18 1
35 23 1
35 24 1
35 27 1
35 28 2
35 30 1
35 34 1
36 7 1
36 8 1
36 10 1
36 11 2
36 12 1
36 14 1
36 15 1
36 16 2
36 17 2
36 19 2
36 21 1
36 23 1
36 25 2
36 29 1
36 31 2
36 34 1
36 35 1
37 0 2
37 2 1
37 3 2
37 4 2
37 5 1
37 7 1
37 10 1
37 14 2
37 16 2
37 17 2
37 18 2
37 19 2
37 21 1
37 23 2
37 25 1
37 28 1
37 29 2
37 31 1
37 33 2
37 34 1
37 35 2
37 36 1
38 1 2
38 2 2
38 3 2
38 4 2
38 5 2
38 9 1
38 11 2
38 14 2
38 18 1
38 20 1
38 21 2
38 23 2
38 26 1
38 27 1
38 28 1
38 29 2
38 30 1
38 32 2
38 36 2
38 37 1
39 0 2
39 1 1
39 2 1
39 3 2
39 5 2
39 7 2
39 8 2
39 10 1
39 11 2
39 14 2
39 15 1
39 17 2
39 18 1
39 19 1
39 21 2
39 22 1
39 24 1
39 25 1
39 26 2
39 28 1
39 30 1
39 31 2
39 32 1
39 33 1
39 35 2
39 37 2
39 38 1
