70
1 0 6
4 0 4
4 2 10
4 3 6
5 0 9
5 1 9
5 2 6
6 1 5
6 5 10
7 0 6
7 1 6
7 2 4
7 4 2
7 5 8
7 6 3
8 1 8
8 2 9
8 3 10
8 4 8
9 2 4
9 6 10
9 7 5
9 8 6
10 0 6
10 2 4
10 3 10
10 4 5
10 7 4
11 1 10
11 5 5
11 8 9
11 9 2
11 10 10
12 2 6
12 5 7
12 6 5
12 7 8
12 8 9
12 9 4
12 11 6
13 1 2
13 3 9
13 6 2
13 7 3
13 8 7
13 9 3
14 1 9
14 2 5
14 3 3
14 4 3
14 6 4
14 7 6
14 10 8
14 13 3
15 2 10
15 5 7
15 7 2
15 9 1
15 10 8
16 0 4
16 3 5
16 5 5
16 6 4
16 7 10
16 10 6
16 11 8
16 12 1
16 13 2
16 15 2
17 1 5
17 5 10
17 7 1
17 8 4
17 10 6
17 14 2
17 15 5
17 16 7
18 0 5
18 2 6
18 3 10
18 5 9
18 6 6
18 7 5
18 8 9
18 12 2
18 16 3
18 17 8
19 1 6
19 2 2
19 3 5
19 5 5
19 6 3
19 8 10
19 9 5
19 13 2
19 15 10
19 16 1
20 0 4
20 1 7
20 2 6
20 3 10
20 4 9
20 5 8
20 6 9
20 7 9
20 8 8
20 10 6
20 11 6
20 12 4
20 13 4
20 15 7
20 18 8
20 19 3
21 0 1
21 1 4
21 3 7
21 5 3
21 8 8
21 12 5
21 13 2
21 14 3
21 16 7
21 17 3
21 18 4
21 19 2
22 2 9
22 3 4
22 5 4
22 6 7
22 7 8
22 12 5
22 14 1
22 16 10
23 3 8
23 5 9
23 6 10
23 11 2
23 12 10
23 15 1
23 17 4
23 18 2
23 21 2
24 0 4
24 2 5
24 5 3
24 6 10
24 8 1
24 11 8
24 15 3
24 16 1
24 21 8
25 0 5
25 1 8
25 2 7
25 3 8
25 6 3
25 8 10
25 9 1
25 12 1
25 16 9
25 17 2
25 22 7
25 23 8
26 0 2
26 1 1
26 5 8
26 6 4
26 8 5
26 10 9
26 11 9
26 12 4
26 13 1
26 14 2
26 16 4
26 19 8
26 22 8
26 23 10
26 24 8
26 25 7
27 3 1
27 5 3
27 6 1
27 7 2
27 9 1
27 11 3
27 13 5
27 19 9
27 21 1
27 22 5
27 24 3
27 25 8
27 26 4
28 1 3
28 2 6
28 4 10
28 5 1
28 6 6
28 7 4
28 8 9
28 10 6
28 11 7
28 12 5
28 13 9
28 15 4
28 17 8
28 18 5
28 21 8
28 22 1
28 24 9
28 26 9
29 0 3
29 2 2
29 3 10
29 4 1
29 5 3
29 6 2
29 7 8
29 10 7
29 11 9
29 14 1
29 15 9
29 16 1
29 17 2
29 21 9
29 25 5
29 27 8
29 28 1
30 0 10
30 1 3
30 3 6
30 5 7
30 6 1
30 9 9
30 11 5
30 14 10
30 15 7
30 16 10
30 21 8
30 24 6
30 25 3
30 29 3
31 0 2
31 2 4
31 3 4
31 7 5
31 10 2
31 15 4
31 16 8
31 19 5
31 22 9
31 26 9
31 30 2
32 4 7
32 5 6
32 6 10
32 9 10
32 11 6
32 12 4
32 13 5
32 14 2
32 17 3
32 19 2
32 20 7
32 21 2
32 22 1
32 25 9
32 28 6
32 29 6
32 30 3
32 31 3
33 1 7
33 2 4
33 3 10
33 5 4
33 6 2
33 10 6
33 12 1
33 15 4
33 17 9
33 18 4
33 19 3
33 20 7
33 21 10
33 22 6
33 23 4
33 25 9
33 29 9
33 30 9
34 0 7
34 2 4
34 6 7
34 7 2
34 14 7
34 17 1
34 19 4
34 21 1
34 23 4
34 25 4
34 27 9
34 30 5
34 31 3
35 0 1
35 1 4
35 5 5
35 8 3
35 9 1
35 10 5
35 12 9
35 14 2
35 15 7
35 17 6
35 19 9
35 20 9
35 22 3
35 25 8
35 26 1
35 28 9
35 29 7
35 31 4
35 33 8
35 34 2
36 1 10
36 7 3
36 10 1
36 11 5
36 14 9
36 15 10
36 17 9
36 18 7
36 19 7
36 20 5
36 21 1
36 22 3
36 26 4
36 27 4
36 28 6
36 29 7
36 33 3
37 0 8
37 1 1
37 3 4
37 4 1
37 5 7
37 6 5
37 10 6
37 11 4
37 15 3
37 16 2
37 18 9
37 19 7
37 20 9
37 22 5
37 27 10
37 28 1
37 29 1
37 33 5
37 34 8
38 4 4
38 6 6
38 7 1
38 10 2
38 14 6
38 15 1
38 16 3
38 18 8
38 23 3
38 24 8
38 25 1
38 26 10
38 27 6
38 30 8
38 31 6
38 32 8
38 33 2
38 34 3
38 36 1
38 37 7
39 0 9
39 1 2
39 2 3
39 5 4
39 6 9
39 8 10
39 10 7
39 12 1
39 13 1
39 14 3
39 15 2
39 16 1
39 18 7
39 19 6
39 22 8
39 24 2
39 27 3
39 28 1
39 31 6
39 33 10
39 35 1
39 38 6
40 0 6
40 1 4
40 4 10
40 5 4
40 8 5
40 10 10
40 11 8
40 14 1
40 15 10
40 16 4
40 17 8
40 18 5
40 20 9
40 22 9
40 24 3
40 25 5
40 26 3
40 31 8
40 32 7
40 35 6
40 36 3
40 37 1
41 0 4
41 1 8
41 2 4
41 3 2
41 5 1
41 9 9
41 10 3
41 12 10
41 14 7
41 17 10
41 18 1
41 19 9
41 21 4
41 22 4
41 27 8
41 34 4
41 35 9
41 36 8
41 38 8
41 40 7
42 0 2
42 3 1
42 5 6
42 6 8
42 7 3
42 10 5
42 12 3
42 16 2
42 17 5
42 18 10
42 19 8
42 21 5
42 23 2
42 24 7
42 27 2
42 32 3
42 34 3
42 35 10
42 38 8
42 40 1
42 41 7
43 2 5
43 4 6
43 6 3
43 7 10
43 9 1
43 11 10
43 14 7
43 17 10
43 18 4
43 23 5
43 24 8
43 25 6
43 26 5
43 28 10
43 32 6
43 35 3
43 39 8
44 1 10
44 3 7
44 4 6
44 5 10
44 6 6
44 7 8
44 8 3
44 9 7
44 10 7
44 20 10
44 23 7
44 26 3
44 29 8
44 30 1
44 32 10
44 34 5
44 36 8
44 37 10
44 41 3
44 42 7
44 43 9
45 1 5
45 2 4
45 3 6
45 4 1
45 6 7
45 8 2
45 9 7
45 11 2
45 13 9
45 15 1
45 17 3
45 19 9
45 20 5
45 22 4
45 25 4
45 28 5
45 29 7
45 30 2
45 37 3
45 42 4
46 0 7
46 1 1
46 5 3
46 10 1
46 12 2
46 13 7
46 14 9
46 17 1
46 20 8
46 23 4
46 24 6
46 27 4
46 28 2
46 30 4
46 33 8
46 34 10
46 35 6
46 38 1
46 39 1
46 41 7
46 44 10
47 2 9
47 3 10
47 4 1
47 5 1
47 7 6
47 9 8
47 11 10
47 12 10
47 14 2
47 16 1
47 17 6
47 21 7
47 22 7
47 24 7
47 25 7
47 26 7
47 28 10
47 30 8
47 31 8
47 33 7
47 35 7
47 36 7
47 37 7
47 38 7
47 39 6
47 40 4
47 42 2
47 44 10
47 46 4
48 1 9
48 2 2
48 4 2
48 5 8
48 6 2
48 9 9
48 12 7
48 13 3
48 18 10
48 20 10
48 21 8
48 22 8
48 23 9
48 25 6
48 26 8
48 27 1
48 30 6
48 33 1
48 34 4
48 36 4
48 39 3
48 46 2
48 47 2
49 1 10
49 2 4
49 4 5
49 8 3
49 9 5
49 12 4
49 13 4
49 15 8
49 22 3
49 23 2
49 24 5
49 25 10
49 27 6
49 28 8
49 29 7
49 34 3
49 35 8
49 36 2
49 37 9
49 38 3
49 41 8
49 45 7
49 46 6
50 1 6
50 4 9
50 6 4
50 7 1
50 10 7
50 12 9
50 16 2
50 17 2
50 19 9
50 20 9
50 21 10
50 23 6
50 25 4
50 28 1
50 29 4
50 30 7
50 31 5
50 32 6
50 33 4
50 34 1
50 36 1
50 38 10
50 41 6
50 43 8
50 46 7
50 49 2
51 0 1
51 4 2
51 5 7
51 11 7
51 15 9
51 17 7
51 19 3
51 21 3
51 22 1
51 28 3
51 30 7
51 31 10
51 33 9
51 37 10
51 38 6
51 47 8
51 49 5
51 50 1
52 0 1
52 1 2
52 2 2
52 3 1
52 6 7
52 7 4
52 9 5
52 11 6
52 14 7
52 15 9
52 16 4
52 17 2
52 23 10
52 24 9
52 26 10
52 27 2
52 28 1
52 29 5
52 34 4
52 36 6
52 37 2
52 45 4
52 46 4
52 47 2
52 48 3
52 49 2
53 0 7
53 1 4
53 2 6
53 4 4
53 5 1
53 6 9
53 7 1
53 9 9
53 10 4
53 11 7
53 12 1
53 16 2
53 19 3
53 22 5
53 24 6
53 27 10
53 29 2
53 31 7
53 32 6
53 35 6
53 40 8
53 41 8
53 43 2
53 47 6
53 48 3
53 49 9
53 50 9
53 51 2
53 52 1
54 1 1
54 2 7
54 3 6
54 5 3
54 11 9
54 12 1
54 13 1
54 14 3
54 16 3
54 18 8
54 19 5
54 20 2
54 22 8
54 31 10
54 32 4
54 33 5
54 37 1
54 40 6
54 45 2
54 47 8
54 50 3
54 52 7
55 0 5
55 2 4
55 3 5
55 5 5
55 6 9
55 7 8
55 9 5
55 10 4
55 11 8
55 15 5
55 16 10
55 18 4
55 20 5
55 23 8
55 24 4
55 26 6
55 30 2
55 31 8
55 32 1
55 33 7
55 34 9
55 35 2
55 38 9
55 40 6
55 41 3
55 44 10
55 48 7
55 53 8
55 54 7
56 0 4
56 2 9
56 3 3
56 8 9
56 10 5
56 12 6
56 14 4
56 16 6
56 18 9
56 19 9
56 20 1
56 23 4
56 25 6
56 27 4
56 28 7
56 31 9
56 32 3
56 35 10
56 37 6
56 41 7
56 48 8
56 49 3
56 50 10
56 52 10
56 53 5
56 54 1
56 55 2
57 1 9
57 2 9
57 5 2
57 6 7
57 7 6
57 9 4
57 10 8
57 11 4
57 14 7
57 15 6
57 17 1
57 19 7
57 20 10
57 22 5
57 23 4
57 24 3
57 27 4
57 28 1
57 29 9
57 30 2
57 31 10
57 32 2
57 33 5
57 36 2
57 38 3
57 39 2
57 40 9
57 41 10
57 42 6
57 44 4
57 45 2
57 49 1
57 52 7
57 55 8
57 56 5
58 0 1
58 2 2
58 5 2
58 6 6
58 7 10
58 13 2
58 15 4
58 17 3
58 18 5
58 21 10
58 23 1
58 24 1
58 30 9
58 31 4
58 32 7
58 34 2
58 38 6
58 45 9
58 47 8
58 48 1
58 49 2
58 50 6
58 51 8
58 54 7
58 57 5
59 0 7
59 1 3
59 3 6
59 4 5
59 5 1
59 6 2
59 8 9
59 10 6
59 14 4
59 15 2
59 16 10
59 17 10
59 18 1
59 19 6
59 20 6
59 23 8
59 24 5
59 25 4
59 28 6
59 29 2
59 33 8
59 34 5
59 36 8
59 37 1
59 41 7
59 43 8
59 44 7
59 47 9
59 48 10
59 57 2
60 2 10
60 3 8
60 5 4
60 10 9
60 11 10
60 14 9
60 15 8
60 18 2
60 22 3
60 23 1
60 24 3
60 25 9
60 29 4
60 30 5
60 31 6
60 32 10
60 33 5
60 34 3
60 35 3
60 36 3
60 37 8
60 39 3
60 43 10
60 44 8
60 45 10
60 47 1
60 51 1
60 53 1
60 54 6
60 55 4
60 57 10
60 59 1
61 1 10
61 6 9
61 7 6
61 9 5
61 10 8
61 11 8
61 12 3
61 15 8
61 17 6
61 18 9
61 19 3
61 20 10
61 22 10
61 24 3
61 25 8
61 26 4
61 29 4
61 30 9
61 31 5
61 32 7
61 33 4
61 34 2
61 35 1
61 36 6
61 37 1
61 38 8
61 40 10
61 45 2
61 46 10
61 48 7
61 49 10
61 50 8
61 53 2
61 57 10
61 58 4
61 59 5
62 1 6
62 3 6
62 4 1
62 5 7
62 6 6
62 7 9
62 8 6
62 10 1
62 11 8
62 12 5
62 13 4
62 15 5
62 16 7
62 18 7
62 19 8
62 22 7
62 23 3
62 24 8
62 25 9
62 26 9
62 27 4
62 28 10
62 29 4
62 30 6
62 31 8
62 32 10
62 33 10
62 34 5
62 35 9
62 37 2
62 42 3
62 44 7
62 46 10
62 47 4
62 51 9
62 55 3
62 58 6
63 0 7
63 1 7
63 2 1
63 5 7
63 6 7
63 7 1
63 9 1
63 10 5
63 12 4
63 13 4
63 14 4
63 15 3
63 16 8
63 18 9
63 21 4
63 23 9
63 24 10
63 25 1
63 26 10
63 28 8
63 29 6
63 31 2
63 33 4
63 34 6
63 35 4
63 37 10
63 38 9
63 40 9
63 43 9
63 48 3
63 50 2
63 52 4
63 54 10
63 56 4
63 57 3
63 58 3
63 60 10
63 61 4
63 62 9
64 2 3
64 6 1
64 8 8
64 10 7
64 11 5
64 13 5
64 16 10
64 17 3
64 19 4
64 20 5
64 21 6
64 24 5
64 29 2
64 30 10
64 31 8
64 33 7
64 36 7
64 38 10
64 41 5
64 42 2
64 43 6
64 45 10
64 46 6
64 48 3
64 49 3
64 51 8
64 53 10
64 54 2
64 55 8
64 56 2
64 58 8
64 61 2
65 2 7
65 4 1
65 6 6
65 7 6
65 9 5
65 11 9
65 17 3
65 19 8
65 20 1
65 21 4
65 22 8
65 25 6
65 26 7
65 30 6
65 40 2
65 41 2
65 44 6
65 48 1
65 49 4
65 52 6
65 53 4
65 56 10
65 58 7
65 60 5
65 61 8
65 62 10
65 64 7
66 0 3
66 2 6
66 3 9
66 7 10
66 9 5
66 13 9
66 16 1
66 17 1
66 19 4
66 20 8
66 23 9
66 25 9
66 27 1
66 28 6
66 29 9
66 32 10
66 35 10
66 36 6
66 37 10
66 38 5
66 42 10
66 43 7
66 47 7
66 49 3
66 50 8
66 51 3
66 53 5
66 55 5
66 56 9
66 58 8
66 60 3
66 61 6
66 62 3
66 64 8
66 65 10
67 0 2
67 2 4
67 5 4
67 6 8
67 7 2
67 9 6
67 11 7
67 12 1
67 16 4
67 18 7
67 19 3
67 20 5
67 23 8
67 26 4
67 29 5
67 30 6
67 31 8
67 33 1
67 34 3
67 35 5
67 39 10
67 41 7
67 45 9
67 46 8
67 52 8
67 53 9
67 57 5
67 58 4
67 59 10
67 61 4
67 62 7
67 63 3
67 64 1
67 66 10
68 1 5
68 3 2
68 4 2
68 5 7
68 7 2
68 9 5
68 11 1
68 12 1
68 14 4
68 15 10
68 16 7
68 19 5
68 24 7
68 25 1
68 26 8
68 27 8
68 31 8
68 33 3
68 35 10
68 38 5
68 40 4
68 43 2
68 45 6
68 46 3
68 47 1
68 51 4
68 58 7
68 59 1
68 60 6
68 62 7
68 63 7
68 64 1
68 65 10
68 67 1
69 0 7
69 1 9
69 4 8
69 5 4
69 6 6
69 7 9
69 11 10
69 14 5
69 15 5
69 17 9
69 22 3
69 26 1
69 27 4
69 30 2
69 31 2
69 32 3
69 33 8
69 37 9
69 44 5
69 45 8
69 46 5
69 48 5
69 49 5
69 50 6
69 51 2
69 52 2
69 54 4
69 58 2
69 62 4
69 63 3
69 64 10
69 65 7
69 66 10
69 68 5
