40
1 0 10
2 0 11
2 1 10
3 0 1
3 1 13
3 2 1
4 0 4
4 1 3
4 2 6
4 3 6
5 0 6
5 1 2
5 2 6
5 3 5
5 4 12
6 0 2
6 1 5
6 2 11
6 3 3
6 4 13
6 5 13
7 0 9
7 1 7
7 2 5
7 3 2
7 4 4
7 5 11
7 6 10
8 0 1
8 1 9
8 2 9
8 3 4
8 4 3
8 5 7
8 6 11
8 7 10
9 0 2
9 1 9
9 2 9
9 3 9
9 4 11
9 5 3
9 6 10
9 7 9
9 8 2
10 0 2
10 1 12
10 2 13
10 3 3
10 4 7
10 5 7
10 6 4
10 7 7
10 8 10
10 9 13
11 0 13
11 1 9
11 2 13
11 3 8
11 4 5
11 5 10
11 6 2
11 7 7
11 8 13
11 9 6
11 10 3
12 0 3
12 1 5
12 2 7
12 3 9
12 4 11
12 5 11
12 6 10
12 7 7
12 8 2
12 9 7
12 10 10
12 11 7
13 0 13
13 1 8
13 2 13
13 3 5
13 4 5
13 5 1
13 6 6
13 7 8
13 8 11
13 9 13
13 10 11
13 11 5
13 12 9
14 0 12
14 1 3
14 2 12
14 3 9
14 4 1
14 5 9
14 6 5
14 7 6
14 8 7
14 9 2
14 10 1
14 11 8
14 12 7
14 13 9
15 0 5
15 1 7
15 2 1
15 3 8
15 4 3
15 5 9
15 6 9
15 7 12
15 8 1
15 9 13
15 10 9
15 11 4
15 12 11
15 13 5
15 14 10
16 0 9
16 1 2
16 2 9
16 3 5
16 4 13
16 5 2
16 6 6
16 7 8
16 8 11
16 9 13
16 10 13
16 11 11
16 12 12
16 13 8
16 14 13
16 15 4
17 0 3
17 1 1
17 2 4
17 3 8
17 4 9
17 5 4
17 6 4
17 7 13
17 8 4
17 9 4
17 10 13
17 11 8
17 12 11
17 13 3
17 14 5
17 15 3
17 16 11
18 0 9
18 1 4
18 2 12
18 3 10
18 4 5
18 5 7
18 6 3
18 7 13
18 8 8
18 9 5
18 10 13
18 11 8
18 12 10
18 13 2
18 14 9
18 15 4
18 16 3
18 17 5
19 0 6
19 1 5
19 2 8
19 3 5
19 4 9
19 5 10
19 6 9
19 7 12
19 8 1
19 9 10
19 10 9
19 11 12
19 12 6
19 13 1
19 14 12
19 15 8
19 16 7
19 17 8
19 18 7
20 0 9
20 1 8
20 2 1
20 3 4
20 4 3
20 5 5
20 6 13
20 7 10
20 8 13
20 9 13
20 10 5
20 11 7
20 12 9
20 13 9
20 14 8
20 15 11
20 16 1
20 17 3
20 18 13
20 19 9
21 0 12
21 1 3
21 2 1
21 3 3
21 4 3
21 5 10
21 6 6
21 7 5
21 8 6
21 9 11
21 10 7
21 11 11
21 12 10
21 13 11
21 14 12
21 15 2
21 16 12
21 17 5
21 18 5
21 19 2
21 20 10
22 0 11
22 1 4
22 2 8
22 3 10
22 4 3
22 5 6
22 6 7
22 7 7
22 8 13
22 9 8
22 10 7
22 11 11
22 12 12
22 13 5
22 14 11
22 15 8
22 16 5
22 17 1
22 18 3
22 19 10
22 20 5
22 21 10
23 0 10
23 1 6
23 2 10
23 3 12
23 4 7
23 5 7
23 6 10
23 7 10
23 8 1
23 9 1
23 10 10
23 11 6
23 12 1
23 13 12
23 14 6
23 15 7
23 16 10
23 17 4
23 18 6
23 19 4
23 20 13
23 21 8
23 22 7
24 0 5
24 1 6
24 2 8
24 3 11
24 4 13
24 5 9
24 6 13
24 7 13
24 8 4
24 9 11
24 10 8
24 11 4
24 12 4
24 13 2
24 14 13
24 15 13
24 16 10
24 17 11
24 18 9
24 19 5
24 20 1
24 21 5
24 22 9
24 23 6
25 0 3
25 1 4
25 2 10
25 3 12
25 4 6
25 5 8
25 6 1
25 7 1
25 8 6
25 9 11
25 10 4
25 11 13
25 12 5
25 13 8
25 14 10
25 15 5
25 16 2
25 17 9
25 18 6
25 19 4
25 20 6
25 21 5
25 22 9
25 23 13
25 24 5
26 0 4
26 1 7
26 2 12
26 3 11
26 4 10
26 5 5
26 6 9
26 7 3
26 8 5
26 9 7
26 10 9
26 11 2
26 12 2
26 13 11
26 14 12
26 15 8
26 16 2
26 17 1
26 18 3
26 19 1
26 20 11
26 21 12
26 22 4
26 23 11
26 24 12
26 25 5
27 0 4
27 1 7
27 2 10
27 3 7
27 4 2
27 5 12
27 6 2
27 7 7
27 8 8
27 9 2
27 10 12
27 11 5
27 12 12
27 13 2
27 14 6
27 15 11
27 16 7
27 17 4
27 18 12
27 19 3
27 20 9
27 21 4
27 22 8
27 23 7
27 24 11
27 25 10
27 26 4
28 0 1
28 1 1
28 2 11
28 3 9
28 4 11
28 5 6
28 6 11
28 7 6
28 8 9
28 9 12
28 10 1
28 11 4
28 12 8
28 13 13
28 14 10
28 15 4
28 16 6
28 17 4
28 18 5
28 19 6
28 20 12
28 21 1
28 22 13
28 23 5
28 24 1
28 25 5
28 26 9
28 27 8
29 0 6
29 1 6
29 2 7
29 3 1
29 4 2
29 5 1
29 6 12
29 7 3
29 8 3
29 9 7
29 10 1
29 11 7
29 12 11
29 13 2
29 14 7
29 15 8
29 16 6
29 17 8
29 18 11
29 19 9
29 20 5
29 21 1
29 22 1
29 23 5
29 24 8
29 25 3
29 26 2
29 27 4
29 28 8
30 0 2
30 1 1
30 2 1
30 3 9
30 4 8
30 5 4
30 6 12
30 7 8
30 8 10
30 9 8
30 10 3
30 11 1
30 12 11
30 13 11
30 14 8
30 15 8
30 16 10
30 17 4
30 18 10
30 19 9
30 20 13
30 21 7
30 22 4
30 23 3
30 24 6
30 25 3
30 26 6
30 27 5
30 28 7
30 29 10
31 0 5
31 1 12
31 2 13
31 3 3
31 4 3
31 5 12
31 6 8
31 7 4
31 8 7
31 9 12
31 10 11
31 11 5
31 12 12
31 13 4
31 14 2
31 15 1
31 16 11
31 17 2
31 18 7
31 19 13
31 20 5
31 21 4
31 22 6
31 23 6
31 24 6
31 25 9
31 26 12
31 27 2
31 28 10
31 29 3
31 30 11
32 0 3
32 1 6
32 2 10
32 3 2
32 4 11
32 5 9
32 6 12
32 7 12
32 8 2
32 9 6
32 10 12
32 11 11
32 12 7
32 13 2
32 14 13
32 15 3
32 16 4
32 17 11
32 18 1
32 19 5
32 20 6
32 21 7
32 22 2
32 23 3
32 24 2
32 25 12
32 26 10
32 27 6
32 28 12
32 29 4
32 30 7
32 31 2
33 0 13
33 1 2
33 2 10
33 3 6
33 4 12
33 5 12
33 6 12
33 7 5
33 8 7
33 9 8
33 10 6
33 11 12
33 12 13
33 13 12
33 14 7
33 15 5
33 16 5
33 17 7
33 18 6
33 19 10
33 20 2
33 21 1
33 22 3
33 23 1
33 24 3
33 25 4
33 26 9
33 27 3
33 28 9
33 29 2
33 30 12
33 31 10
33 32 10
34 0 13
34 1 1
34 2 9
34 3 5
34 4 9
34 5 2
34 6 9
34 7 10
34 8 8
34 9 4
34 10 5
34 11 4
34 12 9
34 13 1
34 14 10
34 15 8
34 16 3
34 17 9
34 18 1
34 19 5
34 20 2
34 21 4
34 22 5
34 23 12
34 24 5
34 25 11
34 26 10
34 27 3
34 28 9
34 29 6
34 30 13
34 31 12
34 32 3
34 33 4
35 0 4
35 1 1
35 2 7
35 3 1
35 4 13
35 5 9
35 6 7
35 7 1
35 8 11
35 9 7
35 10 13
35 11 11
35 12 11
35 13 13
35 14 4
35 15 4
35 16 3
35 17 9
35 18 8
35 19 2
35 20 1
35 21 6
35 22 8
35 23 12
35 24 6
35 25 4
35 26 4
35 27 1
35 28 13
35 29 13
35 30 7
35 31 10
35 32 3
35 33 7
35 34 12
36 0 1
36 1 13
36 2 7
36 3 9
36 4 5
36 5 8
36 6 2
36 7 5
36 8 12
36 9 8
36 10 2
36 11 2
36 12 3
36 13 10
36 14 9
36 15 5
36 16 10
36 17 6
36 18 9
36 19 5
36 20 3
36 21 1
36 22 11
36 23 9
36 24 1
36 25 13
36 26 2
36 27 5
36 28 10
36 29 11
36 30 4
36 31 2
36 32 6
36 33 7
36 34 2
36 35 9
37 0 3
37 1 6
37 2 12
37 3 9
37 4 1
37 5 3
37 6 5
37 7 4
37 8 2
37 9 8
37 10 11
37 11 8
37 12 4
37 13 1
37 14 1
37 15 11
37 16 5
37 17 11
37 18 9
37 19 2
37 20 5
37 21 11
37 22 4
37 23 6
37 24 3
37 25 2
37 26 1
37 27 1
37 28 3
37 29 11
37 30 6
37 31 4
37 32 8
37 33 8
37 34 10
37 35 3
37 36 9
38 0 6
38 1 1
38 2 1
38 3 12
38 4 1
38 5 5
38 6 9
38 7 13
38 8 12
38 9 6
38 10 9
38 11 6
38 12 3
38 13 12
38 14 2
38 15 13
38 16 2
38 17 12
38 18 11
38 19 12
38 20 4
38 21 7
38 22 3
38 23 4
38 24 5
38 25 11
38 26 4
38 27 7
38 28 5
38 29 11
38 30 5
38 31 12
38 32 10
38 33 1
38 34 6
38 35 1
38 36 8
38 37 5
39 0 12
39 1 9
39 2 9
39 3 5
39 4 13
39 5 6
39 6 13
39 7 1
39 8 6
39 9 6
39 10 2
39 11 2
39 12 13
39 13 10
39 14 8
39 15 5
39 16 7
39 17 12
39 18 7
39 19 5
39 20 8
39 21 11
39 22 5
39 23 3
39 24 4
39 25 1
39 26 12
39 27 5
39 28 5
39 29 1
39 30 11
39 31 6
39 32 8
39 33 5
39 34 6
39 35 3
39 36 7
39 37 12
39 38 2
