15
1 0 3
2 0 1
2 1 3
3 0 3
3 1 6
3 2 3
4 0 5
4 1 1
4 2 3
4 3 1
5 0 1
5 1 5
5 2 1
5 3 4
5 4 3
6 0 1
6 1 1
6 2 4
6 3 4
6 4 4
6 5 1
7 0 3
7 1 5
7 2 1
7 3 3
7 4 7
7 5 4
7 6 1
8 0 2
8 1 4
8 2 7
8 3 2
8 4 2
8 5 4
8 6 7
8 7 4
9 0 5
9 1 2
9 2 4
9 3 1
9 4 6
9 5 4
9 6 4
9 7 6
9 8 7
10 0 4
10 1 7
10 2 7
10 3 5
10 4 7
10 5 1
10 6 2
10 7 7
10 8 2
10 9 2
11 0 3
11 1 3
11 2 5
11 3 1
11 4 1
11 5 2
11 6 7
11 7 7
11 8 1
11 9 5
11 10 4
12 0 5
12 1 4
12 2 2
12 3 1
12 4 6
12 5 6
12 6 5
12 7 4
12 8 2
12 9 5
12 10 4
12 11 5
13 0 6
13 1 2
13 2 7
13 3 5
13 4 5
13 5 5
13 6 5
13 7 3
13 8 1
13 9 4
13 10 4
13 11 4
13 12 6
14 0 5
14 1 2
14 2 5
14 3 7
14 4 3
14 5 7
14 6 1
14 7 2
14 8 7
14 9 6
14 10 1
14 11 5
14 12 4
14 13 6
