60
1 0 4
3 1 4
3 2 1
4 2 9
4 3 2
5 0 7
5 2 8
5 4 9
6 1 11
6 3 14
6 4 10
6 5 10
7 2 1
8 5 7
8 6 13
9 0 14
9 3 3
9 4 6
9 6 7
9 7 4
9 8 4
10 0 1
10 2 2
10 3 14
10 4 8
10 5 14
10 6 14
10 8 1
11 1 6
11 3 8
11 4 14
11 5 5
11 6 14
11 8 8
11 10 6
12 0 7
12 1 4
12 2 14
12 3 1
12 4 4
12 6 10
12 8 10
13 1 7
13 2 5
13 3 2
13 4 10
13 7 6
13 8 5
13 11 10
14 0 10
14 1 12
14 3 3
14 6 4
14 11 8
14 13 4
15 2 4
15 7 12
15 8 13
15 9 14
15 11 7
15 12 2
15 13 5
16 1 2
16 3 8
16 7 4
16 8 14
16 9 7
16 11 2
16 13 12
16 14 12
16 15 11
17 1 8
17 3 3
17 4 10
17 7 4
17 8 2
17 12 2
17 13 7
17 14 5
17 16 13
18 0 14
18 1 5
18 3 4
18 4 3
18 6 6
18 8 13
18 10 4
18 12 5
18 14 10
18 16 14
19 1 7
19 2 2
19 3 6
19 6 7
19 9 14
19 10 2
19 11 12
19 14 14
19 15 4
19 16 8
19 18 12
20 0 14
20 1 12
20 3 2
20 5 14
20 8 10
20 9 10
20 11 11
20 12 10
20 16 5
20 18 13
21 1 1
21 2 10
21 3 8
21 4 5
21 5 12
21 6 4
21 8 9
21 9 4
21 11 2
21 13 8
21 16 1
21 19 7
22 1 9
22 2 14
22 5 14
22 7 14
22 8 12
22 9 7
22 11 7
22 13 11
22 15 9
22 16 10
22 17 11
22 19 4
22 20 2
23 0 14
23 1 4
23 2 3
23 4 14
23 5 13
23 6 14
23 7 6
23 11 4
23 12 5
23 13 1
23 14 1
23 17 3
23 20 5
23 21 11
24 1 7
24 3 3
24 4 3
24 5 5
24 9 14
24 10 6
24 11 10
24 14 11
24 15 5
24 17 3
24 19 11
24 20 5
24 21 12
24 22 6
24 23 5
25 1 4
25 2 13
25 3 12
25 9 3
25 15 3
25 16 1
25 18 4
25 22 4
25 23 8
26 1 2
26 2 3
26 3 10
26 4 12
26 6 8
26 7 10
26 9 1
26 10 14
26 11 5
26 12 8
26 14 7
26 17 4
26 18 14
26 21 4
26 22 13
26 23 7
27 0 5
27 4 14
27 6 9
27 8 11
27 10 8
27 12 6
27 13 1
27 17 10
27 19 13
27 21 13
27 23 4
28 2 12
28 3 10
28 6 3
28 7 14
28 10 14
28 13 12
28 14 5
28 16 8
28 18 11
28 20 7
28 21 4
28 22 13
28 23 11
28 26 13
28 27 1
29 0 4
29 1 7
29 3 11
29 6 8
29 8 2
29 9 7
29 10 3
29 11 4
29 13 13
29 15 13
29 18 14
29 20 4
29 21 9
29 24 2
29 27 5
29 28 8
30 2 6
30 5 11
30 6 13
30 7 5
30 9 11
30 10 9
30 11 9
30 15 12
30 26 4
30 28 6
31 3 9
31 7 7
31 8 5
31 9 13
31 11 5
31 14 11
31 15 5
31 16 13
31 18 2
31 19 10
31 20 12
31 22 14
31 24 3
31 29 14
32 0 12
32 1 12
32 6 7
32 9 8
32 10 9
32 11 8
32 13 9
32 15 5
32 16 8
32 19 12
32 20 4
32 23 7
32 26 11
32 28 7
32 29 12
32 30 7
33 1 1
33 2 12
33 4 6
33 5 5
33 7 12
33 14 8
33 16 8
33 17 7
33 18 10
33 20 4
33 22 10
33 23 11
33 24 4
33 26 13
33 30 1
33 32 13
34 1 14
34 2 5
34 3 11
34 4 10
34 5 11
34 6 10
34 8 6
34 9 13
34 11 11
34 13 14
34 17 2
34 19 5
34 20 11
34 21 12
34 22 1
34 23 8
34 24 13
34 25 5
34 26 9
34 27 11
34 31 3
35 0 14
35 4 13
35 6 4
35 8 3
35 10 10
35 11 11
35 13 11
35 15 14
35 18 7
35 19 11
35 20 11
35 22 3
35 23 12
35 24 5
35 25 8
35 26 3
35 29 4
35 33 9
35 34 4
36 0 12
36 4 12
36 6 9
36 8 8
36 9 11
36 11 6
36 12 14
36 17 13
36 18 4
36 22 7
36 23 14
36 24 13
36 27 8
36 30 14
36 32 9
36 33 5
36 35 1
37 0 13
37 1 14
37 3 3
37 7 12
37 11 12
37 12 7
37 13 9
37 16 9
37 17 10
37 18 10
37 21 1
37 22 1
37 23 2
37 25 8
37 26 13
37 27 9
37 29 14
37 31 7
37 33 1
37 36 12
38 3 5
38 4 1
38 6 7
38 8 9
38 9 7
38 11 6
38 13 11
38 14 9
38 15 14
38 17 14
38 18 6
38 20 9
38 21 2
38 24 3
38 29 3
38 30 11
38 32 10
38 33 10
38 36 11
38 37 7
39 0 4
39 2 11
39 3 13
39 6 12
39 7 14
39 9 3
39 10 5
39 14 5
39 16 9
39 18 6
39 19 14
39 20 11
39 22 2
39 26 12
39 28 12
39 30 8
39 31 12
39 32 1
39 35 13
40 0 3
40 3 9
40 5 10
40 7 5
40 8 11
40 9 12
40 10 4
40 11 14
40 12 13
40 13 2
40 15 5
40 16 2
40 21 4
40 23 12
40 24 12
40 30 3
40 32 10
40 33 5
40 34 2
40 35 9
40 37 9
40 38 7
41 0 14
41 1 3
41 3 8
41 5 12
41 6 12
41 7 5
41 14 1
41 15 14
41 16 8
41 19 12
41 21 14
41 24 14
41 26 5
41 27 11
41 28 5
41 29 1
41 31 5
41 32 5
41 34 9
41 35 8
41 38 8
41 40 14
42 0 4
42 2 11
42 6 1
42 7 7
42 8 7
42 10 6
42 11 6
42 12 14
42 13 10
42 14 4
42 15 7
42 16 3
42 17 12
42 18 6
42 19 11
42 23 13
42 25 3
42 27 10
42 28 6
42 30 6
42 31 7
42 34 4
42 35 6
42 36 1
42 38 8
42 39 12
42 40 6
42 41 4
43 1 11
43 2 8
43 3 9
43 4 14
43 5 8
43 6 7
43 10 7
43 12 11
43 15 14
43 18 12
43 19 14
43 20 6
43 22 8
43 23 13
43 28 14
43 31 3
43 34 14
43 35 13
43 37 5
43 39 9
43 40 9
43 41 10
44 0 11
44 1 9
44 2 7
44 3 7
44 5 13
44 10 5
44 11 1
44 12 10
44 18 12
44 20 11
44 21 9
44 23 8
44 24 2
44 26 1
44 27 14
44 28 10
44 29 7
44 30 4
44 34 11
44 35 5
44 39 5
44 40 8
44 41 3
44 42 6
45 0 5
45 1 11
45 2 2
45 3 8
45 7 11
45 8 8
45 9 7
45 11 4
45 12 11
45 13 4
45 14 11
45 16 2
45 21 7
45 23 13
45 26 14
45 27 4
45 31 13
45 39 8
45 41 14
45 42 14
45 44 10
46 0 10
46 1 2
46 2 9
46 3 11
46 6 9
46 7 10
46 8 14
46 11 11
46 13 6
46 15 8
46 18 11
46 19 11
46 20 14
46 21 11
46 23 8
46 25 6
46 26 13
46 28 10
46 30 7
46 33 12
46 37 5
46 39 2
46 40 8
46 44 11
47 0 2
47 3 11
47 4 7
47 5 6
47 6 7
47 7 12
47 8 6
47 10 3
47 12 9
47 14 13
47 18 14
47 20 5
47 21 5
47 23 2
47 24 11
47 26 5
47 27 9
47 29 6
47 30 1
47 32 7
47 33 14
47 34 13
47 35 1
47 37 14
47 38 6
47 39 3
47 41 13
47 42 8
47 44 8
47 46 2
48 2 14
48 3 5
48 4 13
48 7 14
48 8 9
48 13 4
48 15 14
48 17 3
48 18 7
48 19 5
48 22 4
48 23 7
48 24 7
48 25 9
48 26 12
48 27 1
48 34 7
48 35 1
48 36 11
48 39 2
48 41 8
48 42 12
48 43 6
48 44 2
48 46 11
48 47 14
49 0 8
49 2 5
49 4 10
49 5 4
49 6 2
49 7 8
49 8 7
49 9 8
49 10 13
49 12 1
49 14 14
49 15 8
49 16 1
49 17 10
49 22 6
49 23 13
49 24 3
49 25 5
49 28 14
49 32 13
49 33 7
49 34 4
49 35 11
49 38 9
49 39 1
49 41 3
49 48 6
50 1 8
50 3 11
50 4 7
50 7 2
50 12 13
50 13 10
50 18 3
50 19 12
50 22 1
50 23 1
50 26 11
50 27 11
50 28 6
50 29 9
50 30 11
50 31 14
50 35 6
50 39 8
50 41 13
50 46 4
50 47 14
50 48 3
51 2 8
51 4 13
51 5 7
51 6 13
51 7 8
51 8 4
51 9 12
51 15 7
51 17 5
51 18 1
51 19 1
51 20 1
51 22 3
51 23 3
51 25 14
51 27 5
51 28 11
51 29 8
51 30 11
51 32 13
51 33 6
51 34 13
51 37 7
51 38 5
51 42 2
51 43 4
51 44 1
51 45 13
51 46 8
51 47 9
52 1 1
52 2 9
52 3 5
52 4 1
52 5 14
52 6 1
52 8 1
52 9 12
52 14 12
52 15 7
52 16 4
52 17 2
52 18 10
52 20 4
52 24 9
52 28 11
52 30 4
52 31 5
52 35 14
52 37 9
52 40 11
52 42 14
52 43 9
52 47 13
53 4 11
53 6 14
53 7 13
53 8 10
53 9 8
53 12 4
53 13 7
53 16 3
53 17 6
53 18 10
53 19 4
53 20 11
53 21 13
53 22 5
53 29 14
53 30 10
53 31 13
53 32 12
53 35 8
53 37 2
53 38 2
53 40 6
53 41 14
53 42 5
53 43 7
53 45 3
53 46 6
53 48 14
53 50 12
53 51 12
54 0 4
54 3 3
54 6 11
54 7 2
54 13 12
54 14 8
54 15 14
54 16 8
54 19 8
54 21 9
54 22 5
54 23 1
54 24 14
54 26 5
54 28 3
54 30 2
54 32 4
54 33 9
54 34 11
54 36 4
54 38 13
54 39 2
54 41 2
54 42 13
54 46 6
54 47 7
54 49 13
54 50 2
54 51 11
55 0 14
55 5 9
55 6 6
55 7 12
55 8 5
55 9 12
55 12 5
55 13 12
55 14 8
55 15 13
55 16 8
55 17 3
55 18 6
55 21 5
55 22 13
55 23 5
55 29 6
55 32 5
55 35 14
55 36 11
55 37 7
55 38 14
55 39 10
55 41 13
55 44 1
55 48 7
55 50 11
55 52 2
55 53 1
55 54 6
56 0 9
56 3 6
56 4 10
56 5 1
56 6 11
56 9 2
56 13 8
56 14 11
56 19 5
56 20 14
56 21 8
56 27 11
56 28 5
56 29 5
56 31 4
56 32 10
56 35 11
56 37 2
56 38 12
56 39 3
56 42 11
56 46 5
56 47 1
56 48 14
56 51 8
56 53 7
56 54 10
56 55 2
57 0 8
57 1 14
57 2 12
57 3 13
57 4 1
57 6 14
57 7 7
57 8 5
57 10 2
57 11 9
57 15 4
57 16 1
57 17 2
57 18 9
57 30 12
57 32 4
57 34 6
57 35 2
57 36 6
57 37 10
57 38 11
57 39 3
57 41 9
57 42 4
57 45 5
57 47 7
57 48 3
57 53 5
57 55 4
57 56 12
58 1 5
58 3 3
58 4 7
58 8 8
58 11 3
58 12 2
58 13 4
58 17 14
58 18 7
58 20 4
58 21 6
58 22 12
58 23 1
58 24 6
58 25 3
58 26 6
58 27 6
58 28 2
58 29 5
58 33 10
58 38 2
58 42 7
58 43 14
58 44 10
58 47 3
58 53 8
58 54 9
59 1 4
59 3 13
59 4 13
59 5 9
59 7 2
59 10 8
59 13 11
59 14 3
59 16 14
59 17 7
59 21 9
59 22 3
59 24 10
59 26 1
59 30 14
59 31 9
59 34 6
59 37 10
59 38 10
59 40 9
59 41 13
59 42 4
59 43 9
59 44 7
59 46 7
59 49 4
59 50 2
59 51 9
59 52 12
59 55 3
59 58 9
