70
1 0 1
2 0 1
2 1 2
3 0 1
3 1 4
3 2 2
4 0 3
4 1 3
4 2 1
4 3 4
5 0 2
5 1 2
5 2 2
5 3 2
5 4 1
6 0 2
6 1 2
6 2 3
6 3 4
6 4 2
6 5 1
7 0 1
7 1 1
7 2 3
7 3 4
7 4 3
7 5 3
7 6 2
8 0 3
8 1 2
8 2 3
8 3 1
8 4 1
8 5 4
8 6 3
8 7 4
9 0 3
9 1 2
9 2 2
9 3 1
9 4 3
9 5 1
9 6 1
9 7 1
9 8 3
10 0 3
10 1 2
10 2 2
10 3 2
10 4 1
10 5 1
10 6 1
10 7 4
10 8 1
10 9 2
11 0 4
11 1 3
11 2 2
11 3 4
11 4 4
11 5 4
11 6 2
11 7 1
11 8 3
11 9 4
11 10 4
12 0 4
12 1 4
12 2 1
12 3 4
12 4 4
12 5 2
12 6 3
12 7 3
12 8 1
12 9 1
12 10 2
12 11 4
13 0 2
13 1 2
13 2 3
13 3 3
13 4 1
13 5 1
13 6 4
13 7 4
13 8 1
13 9 4
13 10 2
13 11 2
13 12 1
14 0 1
14 1 3
14 2 4
14 3 4
14 4 3
14 5 3
14 6 2
14 7 1
14 8 4
14 9 1
14 10 1
14 11 1
14 12 4
14 13 3
15 0 2
15 1 1
15 2 3
15 3 3
15 4 4
15 5 4
15 6 2
15 7 2
15 8 3
15 9 2
15 10 2
15 11 2
15 12 4
15 13 4
15 14 1
16 0 1
16 1 4
16 2 1
16 3 2
16 4 2
16 5 2
16 6 2
16 7 2
16 8 1
16 9 4
16 10 4
16 11 1
16 12 4
16 13 1
16 14 2
16 15 3
17 0 2
17 1 2
17 2 2
17 3 2
17 4 4
17 5 2
17 6 3
17 7 2
17 8 4
17 9 4
17 10 3
17 11 2
17 12 3
17 13 3
17 14 1
17 15 1
17 16 3
18 0 2
18 1 1
18 2 2
18 3 4
18 4 1
18 5 2
18 6 1
18 7 1
18 8 4
18 9 2
18 10 1
18 11 1
18 12 4
18 13 4
18 14 3
18 15 4
18 16 1
18 17 1
19 0 2
19 1 3
19 2 4
19 3 4
19 4 2
19 5 1
19 6 3
19 7 2
19 8 1
19 9 4
19 10 3
19 11 4
19 12 4
19 13 3
19 14 4
19 15 4
19 16 3
19 17 1
19 18 2
20 0 1
20 1 3
20 2 1
20 3 2
20 4 1
20 5 4
20 6 1
20 7 2
20 8 3
20 9 2
20 10 1
20 11 1
20 12 3
20 13 1
20 14 2
20 15 4
20 16 4
20 17 2
20 18 4
20 19 4
21 0 1
21 1 3
21 2 2
21 3 3
21 4 2
21 5 2
21 6 2
21 7 1
21 8 4
21 9 1
21 10 1
21 11 3
21 12 4
21 13 1
21 14 1
21 15 1
21 16 4
21 17 4
21 18 3
21 19 3
21 20 3
22 0 2
22 1 3
22 2 3
22 3 1
22 4 3
22 5 4
22 6 1
22 7 3
22 8 3
22 9 4
22 10 1
22 11 4
22 12 4
22 13 1
22 14 2
22 15 4
22 16 1
22 17 3
22 18 2
22 19 1
22 20 3
22 21 4
23 0 4
23 1 4
23 2 1
23 3 4
23 4 4
23 5 4
23 6 2
23 7 3
23 8 3
23 9 3
23 10 2
23 11 4
23 12 3
23 13 3
23 14 3
23 15 3
23 16 3
23 17 2
23 18 2
23 19 3
23 20 4
23 21 2
23 22 4
24 0 1
24 1 4
24 2 1
24 3 1
24 4 2
24 5 1
24 6 2
24 7 3
24 8 1
24 9 3
24 10 1
24 11 4
24 12 3
24 13 2
24 14 2
24 15 2
24 16 2
24 17 4
24 18 1
24 19 2
24 20 4
24 21 1
24 22 2
24 23 1
25 0 1
25 1 3
25 2 2
25 3 2
25 4 1
25 5 2
25 6 1
25 7 4
25 8 3
25 9 4
25 10 2
25 11 3
25 12 4
25 13 4
25 14 2
25 15 3
25 16 1
25 17 4
25 18 4
25 19 2
25 20 1
25 21 1
25 22 2
25 23 1
25 24 3
26 0 2
26 1 1
26 2 4
26 3 1
26 4 3
26 5 4
26 6 3
26 7 3
26 8 2
26 9 3
26 10 3
26 11 1
26 12 1
26 13 4
26 14 4
26 15 3
26 16 4
26 17 2
26 18 4
26 19 4
26 20 2
26 21 3
26 22 2
26 23 4
26 24 4
26 25 3
27 0 1
27 1 1
27 2 1
27 3 3
27 4 4
27 5 2
27 6 1
27 7 4
27 8 3
27 9 4
27 10 2
27 11 2
27 12 3
27 13 1
27 14 4
27 15 4
27 16 4
27 17 4
27 18 4
27 19 2
27 20 1
27 21 2
27 22 2
27 23 3
27 24 4
27 25 1
27 26 1
28 0 4
28 1 2
28 2 3
28 3 4
28 4 4
28 5 2
28 6 1
28 7 4
28 8 3
28 9 2
28 10 2
28 11 3
28 12 4
28 13 3
28 14 2
28 15 2
28 16 4
28 17 2
28 18 2
28 19 4
28 20 1
28 21 2
28 22 2
28 23 2
28 24 2
28 25 4
28 26 3
28 27 2
29 0 1
29 1 2
29 2 1
29 3 2
29 4 1
29 5 4
29 6 3
29 7 4
29 8 2
29 9 1
29 10 2
29 11 2
29 12 1
29 13 1
29 14 1
29 15 4
29 16 2
29 17 2
29 18 1
29 19 1
29 20 1
29 21 3
29 22 1
29 23 3
29 24 3
29 25 1
29 26 2
29 27 1
29 28 1
30 0 2
30 1 4
30 2 1
30 3 2
30 4 4
30 5 3
30 6 4
30 7 4
30 8 4
30 9 2
30 10 2
30 11 1
30 12 2
30 13 2
30 14 3
30 15 2
30 16 3
30 17 3
30 18 4
30 19 3
30 20 4
30 21 2
30 22 2
30 23 2
30 24 2
30 25 2
30 26 1
30 27 4
30 28 1
30 29 1
31 0 3
31 1 3
31 2 4
31 3 3
31 4 3
31 5 3
31 6 1
31 7 1
31 8 2
31 9 2
31 10 3
31 11 1
31 12 1
31 13 2
31 14 2
31 15 3
31 16 1
31 17 3
31 18 3
31 19 3
31 20 4
31 21 1
31 22 3
31 23 4
31 24 4
31 25 3
31 26 2
31 27 2
31 28 4
31 29 3
31 30 2
32 0 2
32 1 3
32 2 1
32 3 2
32 4 3
32 5 3
32 6 1
32 7 3
32 8 4
32 9 4
32 10 2
32 11 3
32 12 4
32 13 1
32 14 2
32 15 3
32 16 3
32 17 4
32 18 3
32 19 1
32 20 1
32 21 3
32 22 3
32 23 2
32 24 2
32 25 3
32 26 1
32 27 1
32 28 4
32 29 1
32 30 3
32 31 2
33 0 4
33 1 1
33 2 1
33 3 2
33 4 4
33 5 2
33 6 4
33 7 2
33 8 4
33 9 4
33 10 3
33 11 3
33 12 1
33 13 3
33 14 4
33 15 3
33 16 3
33 17 3
33 18 1
33 19 4
33 20 3
33 21 3
33 22 1
33 23 1
33 24 2
33 25 2
33 26 4
33 27 1
33 28 2
33 29 3
33 30 3
33 31 4
33 32 2
34 0 2
34 1 4
34 2 3
34 3 4
34 4 2
34 5 4
34 6 4
34 7 4
34 8 1
34 9 1
34 10 3
34 11 2
34 12 3
34 13 1
34 14 4
34 15 1
34 16 4
34 17 4
34 18 3
34 19 4
34 20 1
34 21 3
34 22 3
34 23 2
34 24 4
34 25 1
34 26 1
34 27 3
34 28 3
34 29 4
34 30 4
34 31 4
34 32 1
34 33 3
35 0 3
35 1 3
35 2 3
35 3 4
35 4 2
35 5 2
35 6 3
35 7 3
35 8 2
35 9 3
35 10 4
35 11 4
35 12 3
35 13 2
35 14 4
35 15 3
35 16 2
35 17 2
35 18 2
35 19 4
35 20 4
35 21 3
35 22 2
35 23 3
35 24 4
35 25 3
35 26 4
35 27 2
35 28 2
35 29 2
35 30 2
35 31 3
35 32 2
35 33 1
35 34 4
36 0 3
36 1 1
36 2 3
36 3 2
36 4 2
36 5 1
36 6 2
36 7 3
36 8 4
36 9 3
36 10 1
36 11 1
36 12 1
36 13 2
36 14 2
36 15 2
36 16 4
36 17 2
36 18 3
36 19 3
36 20 2
36 21 2
36 22 3
36 23 2
36 24 4
36 25 3
36 26 4
36 27 1
36 28 1
36 29 2
36 30 4
36 31 2
36 32 4
36 33 3
36 34 4
36 35 1
37 0 3
37 1 2
37 2 3
37 3 1
37 4 4
37 5 3
37 6 3
37 7 3
37 8 3
37 9 2
37 10 4
37 11 4
37 12 3
37 13 1
37 14 3
37 15 2
37 16 1
37 17 3
37 18 4
37 19 3
37 20 4
37 21 1
37 22 3
37 23 1
37 24 2
37 25 1
37 26 2
37 27 3
37 28 1
37 29 3
37 30 2
37 31 2
37 32 4
37 33 3
37 34 4
37 35 4
37 36 4
38 0 2
38 1 4
38 2 3
38 3 3
38 4 1
38 5 1
38 6 3
38 7 3
38 8 2
38 9 1
38 10 3
38 11 1
38 12 2
38 13 1
38 14 4
38 15 1
38 16 2
38 17 2
38 18 1
38 19 4
38 20 1
38 21 1
38 22 2
38 23 2
38 24 4
38 25 4
38 26 1
38 27 1
38 28 1
38 29 1
38 30 1
38 31 4
38 32 1
38 33 1
38 34 4
38 35 4
38 36 4
38 37 4
39 0 1
39 1 1
39 2 3
39 3 4
39 4 1
39 5 2
39 6 4
39 7 4
39 8 3
39 9 4
39 10 2
39 11 4
39 12 4
39 13 4
39 14 2
39 15 1
39 16 4
39 17 2
39 18 4
39 19 3
39 20 2
39 21 2
39 22 4
39 23 1
39 24 2
39 25 4
39 26 1
39 27 3
39 28 2
39 29 2
39 30 3
39 31 4
39 32 4
39 33 4
39 34 2
39 35 1
39 36 4
39 37 4
39 38 2
40 0 1
40 1 3
40 2 3
40 3 2
40 4 4
40 5 1
40 6 3
40 7 1
40 8 3
40 9 1
40 10 1
40 11 4
40 12 4
40 13 4
40 14 1
40 15 2
40 16 2
40 17 4
40 18 4
40 19 3
40 20 3
40 21 4
40 22 1
40 23 4
40 24 2
40 25 2
40 26 4
40 27 3
40 28 3
40 29 3
40 30 2
40 31 4
40 32 1
40 33 2
40 34 3
40 35 4
40 36 4
40 37 4
40 38 4
40 39 1
41 0 4
41 1 3
41 2 1
41 3 4
41 4 2
41 5 3
41 6 1
41 7 4
41 8 1
41 9 4
41 10 4
41 11 1
41 12 1
41 13 4
41 14 2
41 15 1
41 16 4
41 17 2
41 18 1
41 19 1
41 20 4
41 21 3
41 22 2
41 23 4
41 24 2
41 25 3
41 26 1
41 27 2
41 28 1
41 29 1
41 30 3
41 31 3
41 32 4
41 33 3
41 34 1
41 35 2
41 36 2
41 37 3
41 38 2
41 39 1
41 40 2
42 0 2
42 1 2
42 2 4
42 3 3
42 4 4
42 5 3
42 6 3
42 7 1
42 8 4
42 9 2
42 10 2
42 11 1
42 12 1
42 13 3
42 14 3
42 15 3
42 16 1
42 17 2
42 18 4
42 19 2
42 20 1
42 21 3
42 22 1
42 23 4
42 24 2
42 25 1
42 26 3
42 27 3
42 28 3
42 29 3
42 30 4
42 31 1
42 32 2
42 33 4
42 34 4
42 35 4
42 36 3
42 37 2
42 38 2
42 39 2
42 40 1
42 41 1
43 0 4
43 1 2
43 2 2
43 3 2
43 4 3
43 5 1
43 6 1
43 7 4
43 8 1
43 9 2
43 10 3
43 11 3
43 12 2
43 13 1
43 14 3
43 15 1
43 16 2
43 17 2
43 18 1
43 19 3
43 20 3
43 21 4
43 22 1
43 23 1
43 24 1
43 25 3
43 26 3
43 27 1
43 28 1
43 29 4
43 30 2
43 31 3
43 32 3
43 33 4
43 34 3
43 35 4
43 36 2
43 37 1
43 38 1
43 39 4
43 40 1
43 41 1
43 42 1
44 0 3
44 1 2
44 2 1
44 3 3
44 4 2
44 5 4
44 6 1
44 7 3
44 8 3
44 9 1
44 10 4
44 11 4
44 12 3
44 13 4
44 14 3
44 15 4
44 16 1
44 17 2
44 18 3
44 19 3
44 20 1
44 21 3
44 22 4
44 23 2
44 24 4
44 25 2
44 26 4
44 27 1
44 28 3
44 29 3
44 30 2
44 31 1
44 32 2
44 33 4
44 34 4
44 35 2
44 36 3
44 37 4
44 38 4
44 39 4
44 40 2
44 41 4
44 42 3
44 43 1
45 0 3
45 1 2
45 2 1
45 3 3
45 4 3
45 5 4
45 6 3
45 7 3
45 8 4
45 9 4
45 10 2
45 11 4
45 12 4
45 13 4
45 14 4
45 15 2
45 16 3
45 17 3
45 18 3
45 19 3
45 20 4
45 21 4
45 22 3
45 23 3
45 24 3
45 25 4
45 26 3
45 27 2
45 28 4
45 29 4
45 30 3
45 31 1
45 32 3
45 33 1
45 34 4
45 35 1
45 36 2
45 37 3
45 38 4
45 39 4
45 40 3
45 41 4
45 42 2
45 43 1
45 44 4
46 0 2
46 1 2
46 2 1
46 3 4
46 4 4
46 5 3
46 6 1
46 7 4
46 8 1
46 9 1
46 10 3
46 11 4
46 12 4
46 13 4
46 14 2
46 15 3
46 16 2
46 17 3
46 18 2
46 19 1
46 20 3
46 21 2
46 22 1
46 23 4
46 24 2
46 25 1
46 26 3
46 27 1
46 28 1
46 29 4
46 30 2
46 31 3
46 32 3
46 33 3
46 34 2
46 35 4
46 36 2
46 37 3
46 38 1
46 39 4
46 40 1
46 41 4
46 42 3
46 43 3
46 44 1
46 45 1
47 0 1
47 1 1
47 2 3
47 3 1
47 4 3
47 5 1
47 6 2
47 7 1
47 8 1
47 9 3
47 10 1
47 11 1
47 12 3
47 13 1
47 14 2
47 15 3
47 16 1
47 17 4
47 18 2
47 19 2
47 20 3
47 21 2
47 22 4
47 23 1
47 24 2
47 25 3
47 26 4
47 27 4
47 28 4
47 29 2
47 30 4
47 31 2
47 32 1
47 33 3
47 34 3
47 35 3
47 36 1
47 37 4
47 38 4
47 39 1
47 40 1
47 41 3
47 42 4
47 43 1
47 44 1
47 45 1
47 46 1
48 0 2
48 1 4
48 2 3
48 3 1
48 4 2
48 5 2
48 6 2
48 7 2
48 8 1
48 9 2
48 10 3
48 11 1
48 12 2
48 13 2
48 14 1
48 15 2
48 16 3
48 17 1
48 18 4
48 19 3
48 20 1
48 21 3
48 22 2
48 23 1
48 24 4
48 25 3
48 26 3
48 27 3
48 28 1
48 29 2
48 30 3
48 31 3
48 32 1
48 33 4
48 34 3
48 35 2
48 36 3
48 37 1
48 38 3
48 39 3
48 40 4
48 41 3
48 42 1
48 43 1
48 44 2
48 45 2
48 46 2
48 47 4
49 0 4
49 1 2
49 2 2
49 3 4
49 4 2
49 5 3
49 6 3
49 7 3
49 8 1
49 9 3
49 10 1
49 11 4
49 12 2
49 13 2
49 14 2
49 15 3
49 16 1
49 17 3
49 18 1
49 19 2
49 20 2
49 21 2
49 22 2
49 23 1
49 24 2
49 25 3
49 26 3
49 27 3
49 28 3
49 29 3
49 30 4
49 31 2
49 32 4
49 33 4
49 34 1
49 35 3
49 36 3
49 37 1
49 38 4
49 39 1
49 40 1
49 41 1
49 42 3
49 43 3
49 44 4
49 45 1
49 46 2
49 47 1
49 48 1
50 0 3
50 1 2
50 2 1
50 3 2
50 4 2
50 5 3
50 6 4
50 7 1
50 8 1
50 9 3
50 10 1
50 11 1
50 12 3
50 13 2
50 14 2
50 15 4
50 16 2
50 17 4
50 18 3
50 19 2
50 20 2
50 21 4
50 22 2
50 23 3
50 24 3
50 25 3
50 26 1
50 27 1
50 28 4
50 29 1
50 30 4
50 31 1
50 32 4
50 33 4
50 34 1
50 35 4
50 36 2
50 37 4
50 38 1
50 39 4
50 40 4
50 41 3
50 42 4
50 43 4
50 44 2
50 45 2
50 46 1
50 47 4
50 48 2
50 49 4
51 0 1
51 1 3
51 2 4
51 3 4
51 4 4
51 5 3
51 6 4
51 7 4
51 8 3
51 9 4
51 10 1
51 11 4
51 12 2
51 13 2
51 14 4
51 15 3
51 16 1
51 17 2
51 18 3
51 19 4
51 20 3
51 21 1
51 22 2
51 23 3
51 24 1
51 25 3
51 26 4
51 27 2
51 28 1
51 29 1
51 30 1
51 31 1
51 32 4
51 33 2
51 34 2
51 35 4
51 36 3
51 37 1
51 38 3
51 39 4
51 40 4
51 41 4
51 42 1
51 43 4
51 44 2
51 45 4
51 46 1
51 47 4
51 48 4
51 49 1
51 50 1
52 0 1
52 1 3
52 2 3
52 3 1
52 4 3
52 5 1
52 6 1
52 7 4
52 8 4
52 9 1
52 10 3
52 11 3
52 12 1
52 13 1
52 14 1
52 15 3
52 16 1
52 17 2
52 18 4
52 19 3
52 20 1
52 21 1
52 22 2
52 23 3
52 24 4
52 25 1
52 26 3
52 27 2
52 28 3
52 29 3
52 30 1
52 31 4
52 32 4
52 33 3
52 34 3
52 35 3
52 36 2
52 37 4
52 38 2
52 39 3
52 40 2
52 41 3
52 42 1
52 43 1
52 44 2
52 45 1
52 46 4
52 47 3
52 48 1
52 49 3
52 50 1
52 51 1
53 0 3
53 1 4
53 2 4
53 3 4
53 4 2
53 5 4
53 6 1
53 7 1
53 8 4
53 9 2
53 10 4
53 11 1
53 12 1
53 13 3
53 14 1
53 15 4
53 16 2
53 17 4
53 18 1
53 19 2
53 20 2
53 21 4
53 22 2
53 23 4
53 24 1
53 25 4
53 26 3
53 27 1
53 28 4
53 29 1
53 30 4
53 31 1
53 32 1
53 33 3
53 34 2
53 35 4
53 36 3
53 37 4
53 38 1
53 39 2
53 40 1
53 41 4
53 42 1
53 43 2
53 44 4
53 45 4
53 46 1
53 47 1
53 48 1
53 49 1
53 50 4
53 51 3
53 52 4
54 0 2
54 1 1
54 2 1
54 3 4
54 4 4
54 5 2
54 6 2
54 7 2
54 8 2
54 9 4
54 10 4
54 11 4
54 12 4
54 13 4
54 14 1
54 15 4
54 16 3
54 17 3
54 18 4
54 19 3
54 20 3
54 21 4
54 22 1
54 23 4
54 24 1
54 25 3
54 26 3
54 27 1
54 28 1
54 29 2
54 30 2
54 31 2
54 32 2
54 33 1
54 34 4
54 35 1
54 36 3
54 37 1
54 38 3
54 39 2
54 40 1
54 41 4
54 42 1
54 43 1
54 44 2
54 45 3
54 46 3
54 47 3
54 48 1
54 49 1
54 50 2
54 51 3
54 52 4
54 53 3
55 0 2
55 1 1
55 2 1
55 3 4
55 4 1
55 5 4
55 6 2
55 7 1
55 8 2
55 9 3
55 10 4
55 11 4
55 12 3
55 13 2
55 14 2
55 15 2
55 16 1
55 17 1
55 18 2
55 19 1
55 20 1
55 21 1
55 22 2
55 23 1
55 24 1
55 25 1
55 26 4
55 27 4
55 28 1
55 29 3
55 30 4
55 31 3
55 32 1
55 33 4
55 34 3
55 35 2
55 36 4
55 37 2
55 38 4
55 39 3
55 40 3
55 41 3
55 42 3
55 43 4
55 44 2
55 45 4
55 46 2
55 47 2
55 48 1
55 49 4
55 50 1
55 51 1
55 52 2
55 53 2
55 54 1
56 0 2
56 1 2
56 2 1
56 3 1
56 4 2
56 5 1
56 6 3
56 7 2
56 8 4
56 9 4
56 10 4
56 11 1
56 12 4
56 13 1
56 14 1
56 15 3
56 16 2
56 17 4
56 18 3
56 19 2
56 20 2
56 21 2
56 22 1
56 23 3
56 24 2
56 25 1
56 26 1
56 27 2
56 28 4
56 29 1
56 30 2
56 31 1
56 32 2
56 33 1
56 34 3
56 35 3
56 36 2
56 37 1
56 38 2
56 39 1
56 40 1
56 41 3
56 42 4
56 43 3
56 44 4
56 45 3
56 46 2
56 47 3
56 48 1
56 49 4
56 50 2
56 51 3
56 52 1
56 53 2
56 54 3
56 55 4
57 0 4
57 1 2
57 2 1
57 3 2
57 4 4
57 5 1
57 6 3
57 7 4
57 8 1
57 9 2
57 10 4
57 11 3
57 12 1
57 13 3
57 14 4
57 15 2
57 16 4
57 17 1
57 18 4
57 19 3
57 20 2
57 21 3
57 22 1
57 23 2
57 24 2
57 25 1
57 26 3
57 27 4
57 28 3
57 29 3
57 30 1
57 31 1
57 32 2
57 33 2
57 34 3
57 35 4
57 36 3
57 37 4
57 38 3
57 39 4
57 40 2
57 41 3
57 42 1
57 43 4
57 44 4
57 45 2
57 46 3
57 47 2
57 48 1
57 49 2
57 50 2
57 51 3
57 52 1
57 53 2
57 54 1
57 55 2
57 56 4
58 0 3
58 1 3
58 2 2
58 3 2
58 4 4
58 5 3
58 6 3
58 7 2
58 8 4
58 9 3
58 10 3
58 11 3
58 12 1
58 13 4
58 14 2
58 15 3
58 16 1
58 17 4
58 18 1
58 19 1
58 20 3
58 21 1
58 22 4
58 23 4
58 24 2
58 25 4
58 26 3
58 27 4
58 28 3
58 29 3
58 30 2
58 31 3
58 32 2
58 33 1
58 34 1
58 35 2
58 36 1
58 37 4
58 38 3
58 39 2
58 40 2
58 41 1
58 42 3
58 43 2
58 44 3
58 45 1
58 46 2
58 47 3
58 48 3
58 49 3
58 50 4
58 51 4
58 52 3
58 53 1
58 54 3
58 55 3
58 56 2
58 57 3
59 0 3
59 1 4
59 2 2
59 3 1
59 4 4
59 5 1
59 6 3
59 7 4
59 8 1
59 9 3
59 10 3
59 11 1
59 12 3
59 13 4
59 14 4
59 15 4
59 16 1
59 17 4
59 18 1
59 19 3
59 20 2
59 21 3
59 22 3
59 23 1
59 24 4
59 25 1
59 26 4
59 27 2
59 28 3
59 29 2
59 30 3
59 31 3
59 32 2
59 33 1
59 34 3
59 35 2
59 36 4
59 37 4
59 38 1
59 39 1
59 40 1
59 41 3
59 42 2
59 43 3
59 44 1
59 45 4
59 46 3
59 47 2
59 48 3
59 49 3
59 50 1
59 51 2
59 52 2
59 53 3
59 54 4
59 55 4
59 56 4
59 57 3
59 58 4
60 0 4
60 1 4
60 2 1
60 3 2
60 4 4
60 5 3
60 6 2
60 7 1
60 8 3
60 9 1
60 10 2
60 11 2
60 12 4
60 13 2
60 14 2
60 15 4
60 16 4
60 17 4
60 18 4
60 19 2
60 20 1
60 21 1
60 22 1
60 23 3
60 24 4
60 25 2
60 26 3
60 27 1
60 28 3
60 29 4
60 30 2
60 31 4
60 32 3
60 33 2
60 34 2
60 35 4
60 36 2
60 37 4
60 38 4
60 39 2
60 40 2
60 41 1
60 42 2
60 43 2
60 44 1
60 45 3
60 46 4
60 47 2
60 48 3
60 49 3
60 50 3
60 51 1
60 52 1
60 53 1
60 54 3
60 55 1
60 56 2
60 57 4
60 58 3
60 59 3
61 0 2
61 1 4
61 2 3
61 3 4
61 4 2
61 5 2
61 6 4
61 7 4
61 8 2
61 9 1
61 10 4
61 11 1
61 12 3
61 13 4
61 14 2
61 15 2
61 16 3
61 17 2
61 18 4
61 19 1
61 20 2
61 21 1
61 22 4
61 23 1
61 24 3
61 25 3
61 26 1
61 27 2
61 28 2
61 29 1
61 30 4
61 31 1
61 32 3
61 33 2
61 34 4
61 35 3
61 36 3
61 37 3
61 38 4
61 39 3
61 40 3
61 41 1
61 42 4
61 43 1
61 44 4
61 45 2
61 46 2
61 47 1
61 48 3
61 49 1
61 50 1
61 51 2
61 52 4
61 53 3
61 54 3
61 55 4
61 56 3
61 57 2
61 58 1
61 59 2
61 60 4
62 0 4
62 1 1
62 2 1
62 3 4
62 4 1
62 5 3
62 6 3
62 7 4
62 8 4
62 9 3
62 10 3
62 11 2
62 12 4
62 13 3
62 14 2
62 15 4
62 16 4
62 17 2
62 18 3
62 19 2
62 20 4
62 21 2
62 22 2
62 23 4
62 24 4
62 25 4
62 26 2
62 27 4
62 28 1
62 29 4
62 30 3
62 31 2
62 32 1
62 33 1
62 34 3
62 35 3
62 36 4
62 37 3
62 38 2
62 39 4
62 40 3
62 41 3
62 42 2
62 43 3
62 44 1
62 45 4
62 46 2
62 47 1
62 48 1
62 49 3
62 50 1
62 51 3
62 52 2
62 53 2
62 54 3
62 55 3
62 56 4
62 57 1
62 58 3
62 59 3
62 60 1
62 61 2
63 0 1
63 1 1
63 2 1
63 3 4
63 4 3
63 5 1
63 6 1
63 7 4
63 8 3
63 9 1
63 10 3
63 11 2
63 12 3
63 13 2
63 14 1
63 15 3
63 16 1
63 17 2
63 18 3
63 19 4
63 20 2
63 21 4
63 22 2
63 23 2
63 24 1
63 25 1
63 26 1
63 27 1
63 28 3
63 29 4
63 30 4
63 31 1
63 32 3
63 33 3
63 34 2
63 35 2
63 36 4
63 37 3
63 38 2
63 39 1
63 40 1
63 41 4
63 42 3
63 43 1
63 44 3
63 45 1
63 46 4
63 47 4
63 48 4
63 49 2
63 50 1
63 51 1
63 52 4
63 53 3
63 54 1
63 55 4
63 56 3
63 57 3
63 58 2
63 59 4
63 60 3
63 61 3
63 62 4
64 0 3
64 1 3
64 2 2
64 3 3
64 4 2
64 5 3
64 6 1
64 7 3
64 8 2
64 9 4
64 10 4
64 11 3
64 12 4
64 13 4
64 14 2
64 15 1
64 16 3
64 17 2
64 18 2
64 19 4
64 20 4
64 21 1
64 22 2
64 23 2
64 24 3
64 25 1
64 26 3
64 27 4
64 28 1
64 29 4
64 30 3
64 31 1
64 32 3
64 33 3
64 34 2
64 35 4
64 36 2
64 37 4
64 38 3
64 39 2
64 40 2
64 41 3
64 42 1
64 43 3
64 44 1
64 45 2
64 46 2
64 47 4
64 48 2
64 49 4
64 50 3
64 51 4
64 52 2
64 53 2
64 54 1
64 55 2
64 56 2
64 57 3
64 58 1
64 59 4
64 60 4
64 61 2
64 62 1
64 63 4
65 0 3
65 1 1
65 2 3
65 3 2
65 4 3
65 5 2
65 6 3
65 7 2
65 8 4
65 9 1
65 10 2
65 11 3
65 12 4
65 13 4
65 14 1
65 15 3
65 16 2
65 17 2
65 18 1
65 19 2
65 20 2
65 21 2
65 22 4
65 23 2
65 24 3
65 25 3
65 26 3
65 27 3
65 28 2
65 29 1
65 30 4
65 31 2
65 32 4
65 33 3
65 34 4
65 35 4
65 36 4
65 37 2
65 38 4
65 39 1
65 40 2
65 41 3
65 42 3
65 43 1
65 44 3
65 45 2
65 46 1
65 47 4
65 48 2
65 49 1
65 50 3
65 51 4
65 52 4
65 53 4
65 54 3
65 55 4
65 56 1
65 57 3
65 58 1
65 59 2
65 60 3
65 61 3
65 62 1
65 63 3
65 64 4
66 0 2
66 1 2
66 2 3
66 3 4
66 4 1
66 5 4
66 6 3
66 7 4
66 8 3
66 9 3
66 10 1
66 11 2
66 12 1
66 13 4
66 14 4
66 15 2
66 16 3
66 17 2
66 18 3
66 19 4
66 20 2
66 21 1
66 22 3
66 23 2
66 24 2
66 25 1
66 26 2
66 27 3
66 28 2
66 29 3
66 30 1
66 31 4
66 32 1
66 33 2
66 34 2
66 35 3
66 36 1
66 37 2
66 38 3
66 39 2
66 40 2
66 41 2
66 42 1
66 43 1
66 44 4
66 45 3
66 46 1
66 47 3
66 48 2
66 49 2
66 50 2
66 51 3
66 52 4
66 53 1
66 54 1
66 55 4
66 56 1
66 57 3
66 58 2
66 59 3
66 60 3
66 61 2
66 62 2
66 63 4
66 64 2
66 65 4
67 0 2
67 1 3
67 2 3
67 3 3
67 4 1
67 5 2
67 6 4
67 7 3
67 8 3
67 9 3
67 10 3
67 11 4
67 12 4
67 13 1
67 14 1
67 15 3
67 16 4
67 17 1
67 18 2
67 19 1
67 20 1
67 21 4
67 22 1
67 23 1
67 24 3
67 25 2
67 26 3
67 27 3
67 28 1
67 29 4
67 30 4
67 31 1
67 32 3
67 33 1
67 34 3
67 35 3
67 36 4
67 37 4
67 38 3
67 39 1
67 40 4
67 41 3
67 42 1
67 43 3
67 44 3
67 45 4
67 46 3
67 47 3
67 48 4
67 49 2
67 50 2
67 51 4
67 52 1
67 53 4
67 54 3
67 55 2
67 56 3
67 57 3
67 58 2
67 59 3
67 60 2
67 61 4
67 62 1
67 63 3
67 64 3
67 65 2
67 66 4
68 0 1
68 1 3
68 2 2
68 3 4
68 4 3
68 5 3
68 6 4
68 7 3
68 8 4
68 9 2
68 10 3
68 11 3
68 12 3
68 13 1
68 14 2
68 15 1
68 16 4
68 17 4
68 18 4
68 19 4
68 20 3
68 21 3
68 22 1
68 23 2
68 24 3
68 25 1
68 26 2
68 27 4
68 28 2
68 29 3
68 30 4
68 31 1
68 32 1
68 33 4
68 34 2
68 35 1
68 36 4
68 37 4
68 38 4
68 39 4
68 40 2
68 41 2
68 42 1
68 43 4
68 44 2
68 45 3
68 46 2
68 47 2
68 48 3
68 49 2
68 50 3
68 51 3
68 52 2
68 53 1
68 54 3
68 55 1
68 56 1
68 57 2
68 58 1
68 59 2
68 60 2
68 61 3
68 62 3
68 63 2
68 64 4
68 65 3
68 66 1
68 67 2
69 0 4
69 1 3
69 2 4
69 3 4
69 4 1
69 5 3
69 6 1
69 7 4
69 8 4
69 9 1
69 10 1
69 11 1
69 12 1
69 13 1
69 14 2
69 15 3
69 16 2
69 17 1
69 18 1
69 19 4
69 20 1
69 21 1
69 22 3
69 23 3
69 24 3
69 25 4
69 26 4
69 27 1
69 28 2
69 29 4
69 30 1
69 31 1
69 32 4
69 33 2
69 34 3
69 35 4
69 36 2
69 37 1
69 38 2
69 39 2
69 40 3
69 41 4
69 42 4
69 43 1
69 44 3
69 45 1
69 46 2
69 47 4
69 48 2
69 49 4
69 50 3
69 51 4
69 52 1
69 53 3
69 54 1
69 55 4
69 56 3
69 57 3
69 58 1
69 59 4
69 60 3
69 61 4
69 62 3
69 63 2
69 64 2
69 65 1
69 66 2
69 67 1
69 68 1
