30
3 1 3
3 2 4
4 0 5
4 1 6
4 2 5
5 0 5
5 1 6
5 4 6
6 3 6
6 4 3
7 2 3
7 5 4
8 1 6
8 3 3
8 4 5
8 5 1
9 0 2
9 3 3
9 4 5
9 8 4
10 0 6
10 3 1
10 8 3
11 1 3
11 2 2
11 3 1
11 4 2
11 7 5
11 9 3
12 0 2
12 1 6
12 2 6
12 7 6
12 8 2
12 9 1
12 10 6
13 1 2
13 2 2
13 4 5
13 5 2
13 7 6
13 10 5
14 0 2
14 1 3
14 2 6
14 3 1
14 5 2
14 6 5
14 8 2
14 9 6
14 10 5
14 11 3
14 13 6
15 0 4
15 1 5
15 2 3
15 6 4
15 8 1
15 11 2
15 12 1
15 13 3
15 14 1
16 2 6
16 6 2
16 7 1
16 10 4
16 11 3
16 12 1
16 13 1
17 0 1
17 3 2
17 5 6
17 10 5
17 14 1
17 15 6
18 0 5
18 4 1
18 5 5
18 6 1
18 7 4
18 13 3
18 15 4
18 16 6
19 3 6
19 6 2
19 7 5
19 8 2
19 10 5
19 15 6
19 16 2
20 1 1
20 5 2
20 7 2
20 8 4
20 10 2
20 11 1
20 15 2
20 17 4
20 18 4
21 0 2
21 1 1
21 2 5
21 6 6
21 7 2
21 9 4
21 12 2
21 14 5
21 19 6
21 20 5
22 0 5
22 4 6
22 7 2
22 8 5
22 9 5
22 10 2
22 14 3
22 15 3
22 16 3
22 19 4
22 21 6
23 0 3
23 1 4
23 10 2
23 12 2
23 13 1
23 14 5
23 15 6
23 16 3
23 19 1
23 22 5
24 0 6
24 1 3
24 2 4
24 3 3
24 5 3
24 6 3
24 8 3
24 11 5
24 12 2
24 15 2
24 19 1
25 0 5
25 2 5
25 8 4
25 9 4
25 12 3
25 13 3
25 14 4
25 19 1
25 22 6
26 1 4
26 3 2
26 6 3
26 7 5
26 11 4
26 13 3
26 15 4
26 16 3
26 18 3
26 25 4
27 1 6
27 3 2
27 7 3
27 9 4
27 10 5
27 12 3
27 13 5
27 14 3
27 15 6
27 16 5
27 20 5
27 23 4
27 26 3
28 1 1
28 4 3
28 5 3
28 6 5
28 7 4
28 8 6
28 10 6
28 11 5
28 16 2
28 19 2
28 20 3
28 23 4
28 24 5
29 1 6
29 2 1
29 4 4
29 5 1
29 6 1
29 7 3
29 8 3
29 9 3
29 10 1
29 13 5
29 15 4
29 17 6
29 19 3
29 22 1
29 25 1
29 27 1
29 28 5
