15
1 0 5
2 0 3
2 1 5
3 0 2
3 1 7
3 2 2
4 0 6
4 1 2
4 2 6
4 3 5
5 0 10
5 1 4
5 2 6
5 3 7
5 4 4
6 0 4
6 1 4
6 2 7
6 3 7
6 4 4
6 5 9
7 0 7
7 1 5
7 2 2
7 3 6
7 4 7
7 5 3
7 6 10
8 0 4
8 1 5
8 2 9
8 3 8
8 4 6
8 5 5
8 6 3
8 7 2
9 0 2
9 1 2
9 2 8
9 3 2
9 4 1
9 5 4
9 6 9
9 7 7
9 8 9
10 0 9
10 1 10
10 2 9
10 3 3
10 4 5
10 5 4
10 6 6
10 7 4
10 8 8
10 9 1
11 0 10
11 1 7
11 2 10
11 3 6
11 4 3
11 5 2
11 6 3
11 7 2
11 8 7
11 9 7
11 10 3
12 0 10
12 1 4
12 2 6
12 3 2
12 4 7
12 5 9
12 6 8
12 7 10
12 8 4
12 9 4
12 10 8
12 11 8
13 0 9
13 1 2
13 2 7
13 3 9
13 4 10
13 5 1
13 6 1
13 7 6
13 8 10
13 9 1
13 10 4
13 11 2
13 12 8
14 0 9
14 1 5
14 2 2
14 3 8
14 4 9
14 5 7
14 6 3
14 7 3
14 8 8
14 9 5
14 10 10
14 11 7
14 12 1
14 13 6
