70
1 0 13
2 0 3
2 1 11
3 0 10
3 1 4
3 2 1
4 0 13
4 1 9
4 2 8
4 3 6
5 0 10
5 1 4
5 2 8
5 3 10
5 4 6
6 0 11
6 1 9
6 2 9
6 3 5
6 4 9
6 5 4
7 0 13
7 1 2
7 2 6
7 3 5
7 4 6
7 5 11
7 6 8
8 0 12
8 1 4
8 2 4
8 3 6
8 4 7
8 5 13
8 6 4
8 7 7
9 0 3
9 1 7
9 2 12
9 3 7
9 4 2
9 5 13
9 6 2
9 7 2
9 8 6
10 0 5
10 1 10
10 2 12
10 3 4
10 4 2
10 5 6
10 6 2
10 7 4
10 8 13
10 9 7
11 0 10
11 1 7
11 2 2
11 3 10
11 4 3
11 5 6
11 6 12
11 7 4
11 8 2
11 9 1
11 10 12
12 0 7
12 1 13
12 2 3
12 3 9
12 4 9
12 5 9
12 6 5
12 7 11
12 8 10
12 9 5
12 10 7
12 11 2
13 0 8
13 1 2
13 2 3
13 3 3
13 4 4
13 5 8
13 6 4
13 7 4
13 8 6
13 9 13
13 10 5
13 11 1
13 12 10
14 0 1
14 1 13
14 2 5
14 3 13
14 4 7
14 5 1
14 6 12
14 7 13
14 8 8
14 9 7
14 10 4
14 11 10
14 12 4
14 13 4
15 0 12
15 1 2
15 2 9
15 3 5
15 4 4
15 5 4
15 6 4
15 7 4
15 8 13
15 9 2
15 10 12
15 11 12
15 12 10
15 13 7
15 14 13
16 0 10
16 1 6
16 2 5
16 3 2
16 4 11
16 5 4
16 6 1
16 7 1
16 8 6
16 9 4
16 10 7
16 11 12
16 12 13
16 13 7
16 14 12
16 15 7
17 0 12
17 1 7
17 2 5
17 3 10
17 4 12
17 5 4
17 6 13
17 7 5
17 8 5
17 9 9
17 10 2
17 11 6
17 12 11
17 13 4
17 14 12
17 15 13
17 16 13
18 0 13
18 1 10
18 2 11
18 3 8
18 4 7
18 5 6
18 6 13
18 7 4
18 8 3
18 9 1
18 10 6
18 11 12
18 12 8
18 13 12
18 14 6
18 15 5
18 16 12
18 17 7
19 0 12
19 1 5
19 2 12
19 3 7
19 4 4
19 5 4
19 6 9
19 7 8
19 8 3
19 9 13
19 10 2
19 11 12
19 12 5
19 13 7
19 14 2
19 15 8
19 16 8
19 17 10
19 18 2
20 0 11
20 1 10
20 2 6
20 3 3
20 4 10
20 5 10
20 6 13
20 7 2
20 8 9
20 9 7
20 10 8
20 11 8
20 12 3
20 13 1
20 14 4
20 15 12
20 16 6
20 17 12
20 18 7
20 19 5
21 0 3
21 1 6
21 2 6
21 3 7
21 4 4
21 5 9
21 6 2
21 7 10
21 8 13
21 9 4
21 10 1
21 11 4
21 12 11
21 13 4
21 14 4
21 15 7
21 16 8
21 17 2
21 18 3
21 19 9
21 20 12
22 0 13
22 1 9
22 2 9
22 3 9
22 4 11
22 5 4
22 6 3
22 7 8
22 8 12
22 9 5
22 10 13
22 11 9
22 12 11
22 13 4
22 14 12
22 15 8
22 16 6
22 17 4
22 18 1
22 19 13
22 20 7
22 21 8
23 0 13
23 1 8
23 2 9
23 3 8
23 4 5
23 5 9
23 6 9
23 7 9
23 8 10
23 9 2
23 10 8
23 11 12
23 12 6
23 13 8
23 14 3
23 15 1
23 16 9
23 17 5
23 18 8
23 19 6
23 20 9
23 21 13
23 22 1
24 0 3
24 1 5
24 2 10
24 3 3
24 4 11
24 5 6
24 6 5
24 7 11
24 8 10
24 9 4
24 10 1
24 11 5
24 12 3
24 13 7
24 14 6
24 15 2
24 16 10
24 17 10
24 18 7
24 19 4
24 20 11
24 21 8
24 22 3
24 23 11
25 0 3
25 1 13
25 2 7
25 3 1
25 4 5
25 5 1
25 6 1
25 7 3
25 8 3
25 9 13
25 10 2
25 11 5
25 12 1
25 13 9
25 14 8
25 15 11
25 16 1
25 17 1
25 18 6
25 19 8
25 20 7
25 21 10
25 22 9
25 23 11
25 24 8
26 0 12
26 1 3
26 2 6
26 3 13
26 4 11
26 5 11
26 6 3
26 7 5
26 8 6
26 9 13
26 10 10
26 11 8
26 12 7
26 13 9
26 14 1
26 15 7
26 16 8
26 17 7
26 18 13
26 19 6
26 20 6
26 21 4
26 22 8
26 23 13
26 24 10
26 25 11
27 0 12
27 1 11
27 2 2
27 3 2
27 4 8
27 5 7
27 6 13
27 7 5
27 8 10
27 9 11
27 10 12
27 11 2
27 12 4
27 13 8
27 14 3
27 15 10
27 16 9
27 17 5
27 18 2
27 19 6
27 20 8
27 21 4
27 22 8
27 23 13
27 24 12
27 25 8
27 26 8
28 0 12
28 1 2
28 2 3
28 3 6
28 4 2
28 5 7
28 6 6
28 7 4
28 8 7
28 9 8
28 10 5
28 11 7
28 12 1
28 13 12
28 14 13
28 15 8
28 16 11
28 17 3
28 18 13
28 19 12
28 20 13
28 21 3
28 22 12
28 23 1
28 24 10
28 25 7
28 26 13
28 27 12
29 0 5
29 1 5
29 2 3
29 3 11
29 4 11
29 5 10
29 6 1
29 7 12
29 8 12
29 9 6
29 10 9
29 11 3
29 12 9
29 13 3
29 14 1
29 15 6
29 16 5
29 17 6
29 18 5
29 19 6
29 20 10
29 21 13
29 22 12
29 23 8
29 24 8
29 25 10
29 26 7
29 27 13
29 28 7
30 0 2
30 1 9
30 2 13
30 3 1
30 4 3
30 5 2
30 6 8
30 7 2
30 8 5
30 9 10
30 10 1
30 11 8
30 12 6
30 13 9
30 14 4
30 15 1
30 16 2
30 17 11
30 18 1
30 19 10
30 20 3
30 21 12
30 22 12
30 23 6
30 24 6
30 25 6
30 26 12
30 27 10
30 28 2
30 29 10
31 0 13
31 1 3
31 2 9
31 3 9
31 4 8
31 5 1
31 6 9
31 7 11
31 8 1
31 9 6
31 10 3
31 11 2
31 12 5
31 13 11
31 14 13
31 15 3
31 16 12
31 17 1
31 18 1
31 19 8
31 20 1
31 21 12
31 22 9
31 23 1
31 24 12
31 25 8
31 26 6
31 27 12
31 28 8
31 29 10
31 30 1
32 0 12
32 1 12
32 2 10
32 3 8
32 4 8
32 5 10
32 6 6
32 7 4
32 8 11
32 9 1
32 10 13
32 11 11
32 12 11
32 13 7
32 14 2
32 15 12
32 16 11
32 17 10
32 18 6
32 19 10
32 20 9
32 21 4
32 22 6
32 23 12
32 24 11
32 25 1
32 26 4
32 27 7
32 28 1
32 29 7
32 30 3
32 31 4
33 0 2
33 1 13
33 2 6
33 3 1
33 4 1
33 5 8
33 6 10
33 7 8
33 8 1
33 9 1
33 10 6
33 11 12
33 12 8
33 13 4
33 14 1
33 15 7
33 16 7
33 17 6
33 18 11
33 19 11
33 20 11
33 21 10
33 22 13
33 23 11
33 24 6
33 25 7
33 26 8
33 27 10
33 28 9
33 29 11
33 30 11
33 31 6
33 32 8
34 0 4
34 1 10
34 2 6
34 3 12
34 4 6
34 5 8
34 6 7
34 7 4
34 8 10
34 9 9
34 10 4
34 11 13
34 12 6
34 13 8
34 14 5
34 15 11
34 16 6
34 17 12
34 18 11
34 19 12
34 20 7
34 21 2
34 22 13
34 23 8
34 24 10
34 25 11
34 26 11
34 27 11
34 28 8
34 29 1
34 30 11
34 31 9
34 32 10
34 33 5
35 0 7
35 1 11
35 2 8
35 3 10
35 4 10
35 5 9
35 6 5
35 7 3
35 8 8
35 9 8
35 10 10
35 11 11
35 12 6
35 13 8
35 14 1
35 15 2
35 16 10
35 17 2
35 18 6
35 19 1
35 20 1
35 21 1
35 22 7
35 23 1
35 24 11
35 25 5
35 26 11
35 27 9
35 28 8
35 29 10
35 30 1
35 31 12
35 32 2
35 33 6
35 34 1
36 0 13
36 1 13
36 2 12
36 3 3
36 4 3
36 5 10
36 6 5
36 7 13
36 8 2
36 9 9
36 10 13
36 11 6
36 12 11
36 13 7
36 14 8
36 15 5
36 16 13
36 17 6
36 18 13
36 19 11
36 20 6
36 21 4
36 22 6
36 23 3
36 24 8
36 25 5
36 26 6
36 27 8
36 28 2
36 29 4
36 30 1
36 31 11
36 32 11
36 33 10
36 34 10
36 35 11
37 0 5
37 1 1
37 2 3
37 3 6
37 4 6
37 5 2
37 6 2
37 7 3
37 8 13
37 9 6
37 10 8
37 11 10
37 12 3
37 13 7
37 14 2
37 15 10
37 16 8
37 17 12
37 18 7
37 19 5
37 20 2
37 21 4
37 22 10
37 23 5
37 24 7
37 25 11
37 26 11
37 27 7
37 28 9
37 29 4
37 30 8
37 31 12
37 32 12
37 33 10
37 34 6
37 35 4
37 36 2
38 0 11
38 1 9
38 2 9
38 3 1
38 4 3
38 5 12
38 6 12
38 7 1
38 8 1
38 9 9
38 10 5
38 11 2
38 12 8
38 13 4
38 14 6
38 15 9
38 16 12
38 17 12
38 18 11
38 19 8
38 20 8
38 21 3
38 22 5
38 23 10
38 24 7
38 25 7
38 26 13
38 27 6
38 28 9
38 29 10
38 30 2
38 31 13
38 32 8
38 33 10
38 34 6
38 35 13
38 36 2
38 37 8
39 0 7
39 1 10
39 2 11
39 3 2
39 4 10
39 5 13
39 6 4
39 7 10
39 8 13
39 9 6
39 10 2
39 11 8
39 12 12
39 13 2
39 14 3
39 15 7
39 16 1
39 17 8
39 18 10
39 19 1
39 20 7
39 21 11
39 22 3
39 23 3
39 24 4
39 25 9
39 26 13
39 27 10
39 28 8
39 29 4
39 30 5
39 31 13
39 32 11
39 33 6
39 34 8
39 35 4
39 36 10
39 37 11
39 38 13
40 0 9
40 1 4
40 2 11
40 3 1
40 4 5
40 5 9
40 6 12
40 7 2
40 8 2
40 9 11
40 10 9
40 11 11
40 12 5
40 13 9
40 14 1
40 15 1
40 16 3
40 17 2
40 18 5
40 19 5
40 20 9
40 21 6
40 22 6
40 23 8
40 24 6
40 25 4
40 26 11
40 27 12
40 28 1
40 29 12
40 30 6
40 31 7
40 32 13
40 33 10
40 34 10
40 35 12
40 36 11
40 37 8
40 38 11
40 39 2
41 0 12
41 1 1
41 2 6
41 3 13
41 4 10
41 5 7
41 6 6
41 7 6
41 8 3
41 9 8
41 10 12
41 11 7
41 12 5
41 13 5
41 14 8
41 15 4
41 16 4
41 17 12
41 18 4
41 19 5
41 20 5
41 21 6
41 22 3
41 23 6
41 24 5
41 25 2
41 26 3
41 27 11
41 28 5
41 29 1
41 30 9
41 31 11
41 32 12
41 33 8
41 34 13
41 35 9
41 36 11
41 37 5
41 38 13
41 39 8
41 40 11
42 0 10
42 1 5
42 2 12
42 3 13
42 4 11
42 5 6
42 6 2
42 7 10
42 8 9
42 9 11
42 10 1
42 11 3
42 12 3
42 13 7
42 14 2
42 15 5
42 16 3
42 17 6
42 18 1
42 19 8
42 20 9
42 21 13
42 22 13
42 23 3
42 24 2
42 25 7
42 26 7
42 27 7
42 28 6
42 29 13
42 30 1
42 31 5
42 32 10
42 33 6
42 34 2
42 35 9
42 36 7
42 37 3
42 38 6
42 39 2
42 40 9
42 41 9
43 0 10
43 1 5
43 2 5
43 3 12
43 4 6
43 5 13
43 6 13
43 7 8
43 8 8
43 9 3
43 10 12
43 11 13
43 12 12
43 13 1
43 14 9
43 15 6
43 16 2
43 17 8
43 18 13
43 19 1
43 20 6
43 21 7
43 22 11
43 23 11
43 24 4
43 25 8
43 26 9
43 27 8
43 28 6
43 29 1
43 30 1
43 31 10
43 32 11
43 33 5
43 34 7
43 35 13
43 36 12
43 37 2
43 38 6
43 39 12
43 40 2
43 41 4
43 42 13
44 0 9
44 1 12
44 2 6
44 3 13
44 4 13
44 5 4
44 6 13
44 7 11
44 8 13
44 9 3
44 10 3
44 11 1
44 12 7
44 13 8
44 14 7
44 15 7
44 16 8
44 17 2
44 18 1
44 19 11
44 20 11
44 21 12
44 22 7
44 23 7
44 24 4
44 25 4
44 26 12
44 27 4
44 28 5
44 29 4
44 30 9
44 31 12
44 32 4
44 33 10
44 34 5
44 35 10
44 36 10
44 37 5
44 38 7
44 39 11
44 40 13
44 41 11
44 42 6
44 43 5
45 0 4
45 1 5
45 2 3
45 3 11
45 4 6
45 5 13
45 6 2
45 7 12
45 8 2
45 9 2
45 10 10
45 11 5
45 12 1
45 13 11
45 14 13
45 15 3
45 16 10
45 17 11
45 18 4
45 19 6
45 20 13
45 21 12
45 22 7
45 23 6
45 24 11
45 25 10
45 26 8
45 27 3
45 28 12
45 29 5
45 30 7
45 31 8
45 32 4
45 33 12
45 34 10
45 35 2
45 36 5
45 37 12
45 38 11
45 39 10
45 40 10
45 41 10
45 42 4
45 43 2
45 44 7
46 0 11
46 1 3
46 2 5
46 3 7
46 4 3
46 5 13
46 6 10
46 7 9
46 8 1
46 9 2
46 10 3
46 11 4
46 12 6
46 13 8
46 14 12
46 15 10
46 16 10
46 17 8
46 18 12
46 19 3
46 20 7
46 21 2
46 22 6
46 23 12
46 24 6
46 25 10
46 26 7
46 27 13
46 28 4
46 29 12
46 30 1
46 31 3
46 32 11
46 33 10
46 34 9
46 35 11
46 36 5
46 37 1
46 38 8
46 39 13
46 40 10
46 41 2
46 42 9
46 43 8
46 44 1
46 45 4
47 0 1
47 1 5
47 2 5
47 3 10
47 4 4
47 5 10
47 6 5
47 7 8
47 8 1
47 9 4
47 10 3
47 11 1
47 12 12
47 13 8
47 14 2
47 15 9
47 16 12
47 17 7
47 18 7
47 19 8
47 20 7
47 21 12
47 22 4
47 23 12
47 24 12
47 25 5
47 26 13
47 27 10
47 28 2
47 29 4
47 30 10
47 31 1
47 32 6
47 33 5
47 34 3
47 35 12
47 36 13
47 37 1
47 38 2
47 39 10
47 40 10
47 41 11
47 42 3
47 43 11
47 44 2
47 45 10
47 46 11
48 0 12
48 1 8
48 2 2
48 3 4
48 4 4
48 5 9
48 6 11
48 7 5
48 8 1
48 9 2
48 10 8
48 11 11
48 12 11
48 13 13
48 14 11
48 15 13
48 16 8
48 17 11
48 18 12
48 19 7
48 20 10
48 21 11
48 22 13
48 23 5
48 24 7
48 25 6
48 26 6
48 27 7
48 28 8
48 29 8
48 30 8
48 31 9
48 32 11
48 33 6
48 34 4
48 35 7
48 36 9
48 37 3
48 38 8
48 39 11
48 40 12
48 41 9
48 42 4
48 43 9
48 44 3
48 45 3
48 46 7
48 47 8
49 0 2
49 1 6
49 2 12
49 3 1
49 4 6
49 5 9
49 6 12
49 7 1
49 8 1
49 9 2
49 10 10
49 11 3
49 12 4
49 13 13
49 14 6
49 15 10
49 16 13
49 17 10
49 18 1
49 19 5
49 20 13
49 21 7
49 22 11
49 23 1
49 24 11
49 25 3
49 26 12
49 27 8
49 28 3
49 29 10
49 30 8
49 31 10
49 32 12
49 33 2
49 34 7
49 35 7
49 36 12
49 37 9
49 38 8
49 39 8
49 40 6
49 41 12
49 42 13
49 43 4
49 44 5
49 45 2
49 46 11
49 47 11
49 48 9
50 0 12
50 1 4
50 2 8
50 3 8
50 4 13
50 5 10
50 6 5
50 7 11
50 8 4
50 9 9
50 10 10
50 11 10
50 12 12
50 13 12
50 14 8
50 15 6
50 16 2
50 17 6
50 18 13
50 19 2
50 20 2
50 21 13
50 22 12
50 23 11
50 24 12
50 25 11
50 26 10
50 27 6
50 28 2
50 29 9
50 30 3
50 31 2
50 32 13
50 33 4
50 34 9
50 35 2
50 36 1
50 37 13
50 38 12
50 39 11
50 40 5
50 41 9
50 42 13
50 43 5
50 44 9
50 45 12
50 46 4
50 47 2
50 48 4
50 49 8
51 0 5
51 1 12
51 2 4
51 3 7
51 4 13
51 5 4
51 6 13
51 7 4
51 8 2
51 9 6
51 10 9
51 11 5
51 12 11
51 13 3
51 14 5
51 15 13
51 16 4
51 17 5
51 18 4
51 19 10
51 20 5
51 21 1
51 22 10
51 23 4
51 24 13
51 25 12
51 26 3
51 27 7
51 28 2
51 29 8
51 30 6
51 31 2
51 32 8
51 33 11
51 34 1
51 35 4
51 36 1
51 37 9
51 38 10
51 39 11
51 40 10
51 41 4
51 42 8
51 43 6
51 44 12
51 45 8
51 46 9
51 47 9
51 48 11
51 49 9
51 50 11
52 0 6
52 1 2
52 2 9
52 3 6
52 4 10
52 5 11
52 6 7
52 7 6
52 8 5
52 9 1
52 10 12
52 11 11
52 12 4
52 13 7
52 14 1
52 15 8
52 16 13
52 17 6
52 18 7
52 19 8
52 20 12
52 21 7
52 22 11
52 23 6
52 24 6
52 25 13
52 26 3
52 27 6
52 28 10
52 29 9
52 30 8
52 31 10
52 32 12
52 33 3
52 34 9
52 35 1
52 36 4
52 37 6
52 38 9
52 39 13
52 40 13
52 41 11
52 42 5
52 43 9
52 44 5
52 45 7
52 46 6
52 47 5
52 48 9
52 49 6
52 50 13
52 51 4
53 0 5
53 1 9
53 2 3
53 3 6
53 4 3
53 5 10
53 6 12
53 7 9
53 8 2
53 9 8
53 10 4
53 11 10
53 12 9
53 13 1
53 14 12
53 15 9
53 16 12
53 17 10
53 18 9
53 19 2
53 20 6
53 21 13
53 22 8
53 23 3
53 24 4
53 25 11
53 26 2
53 27 8
53 28 10
53 29 5
53 30 10
53 31 5
53 32 10
53 33 1
53 34 12
53 35 4
53 36 3
53 37 2
53 38 5
53 39 11
53 40 8
53 41 5
53 42 10
53 43 13
53 44 12
53 45 3
53 46 2
53 47 13
53 48 4
53 49 6
53 50 3
53 51 9
53 52 11
54 0 7
54 1 12
54 2 9
54 3 4
54 4 2
54 5 12
54 6 1
54 7 12
54 8 13
54 9 12
54 10 5
54 11 10
54 12 7
54 13 7
54 14 6
54 15 1
54 16 13
54 17 2
54 18 9
54 19 2
54 20 12
54 21 4
54 22 5
54 23 3
54 24 11
54 25 4
54 26 10
54 27 10
54 28 1
54 29 8
54 30 11
54 31 4
54 32 11
54 33 13
54 34 12
54 35 11
54 36 8
54 37 5
54 38 13
54 39 12
54 40 2
54 41 12
54 42 7
54 43 8
54 44 4
54 45 13
54 46 6
54 47 11
54 48 2
54 49 5
54 50 7
54 51 7
54 52 12
54 53 12
55 0 11
55 1 5
55 2 12
55 3 6
55 4 2
55 5 4
55 6 9
55 7 4
55 8 4
55 9 13
55 10 12
55 11 2
55 12 9
55 13 6
55 14 10
55 15 12
55 16 11
55 17 8
55 18 1
55 19 6
55 20 12
55 21 10
55 22 9
55 23 12
55 24 6
55 25 7
55 26 3
55 27 10
55 28 4
55 29 5
55 30 12
55 31 12
55 32 10
55 33 8
55 34 8
55 35 6
55 36 7
55 37 1
55 38 13
55 39 1
55 40 11
55 41 13
55 42 10
55 43 10
55 44 3
55 45 10
55 46 6
55 47 7
55 48 4
55 49 11
55 50 8
55 51 3
55 52 12
55 53 11
55 54 12
56 0 5
56 1 8
56 2 6
56 3 7
56 4 10
56 5 9
56 6 2
56 7 2
56 8 13
56 9 11
56 10 3
56 11 3
56 12 2
56 13 3
56 14 10
56 15 1
56 16 10
56 17 9
56 18 10
56 19 11
56 20 7
56 21 6
56 22 3
56 23 9
56 24 6
56 25 4
56 26 5
56 27 12
56 28 3
56 29 11
56 30 3
56 31 2
56 32 10
56 33 3
56 34 8
56 35 4
56 36 10
56 37 8
56 38 11
56 39 9
56 40 11
56 41 9
56 42 9
56 43 9
56 44 2
56 45 6
56 46 4
56 47 5
56 48 6
56 49 10
56 50 1
56 51 8
56 52 2
56 53 9
56 54 4
56 55 6
57 0 8
57 1 11
57 2 6
57 3 7
57 4 3
57 5 13
57 6 8
57 7 6
57 8 9
57 9 10
57 10 3
57 11 12
57 12 12
57 13 9
57 14 13
57 15 12
57 16 6
57 17 12
57 18 4
57 19 10
57 20 6
57 21 5
57 22 10
57 23 9
57 24 13
57 25 4
57 26 8
57 27 5
57 28 6
57 29 6
57 30 1
57 31 11
57 32 2
57 33 9
57 34 6
57 35 4
57 36 12
57 37 5
57 38 4
57 39 7
57 40 13
57 41 6
57 42 12
57 43 7
57 44 4
57 45 8
57 46 10
57 47 9
57 48 10
57 49 2
57 50 4
57 51 12
57 52 13
57 53 1
57 54 1
57 55 12
57 56 4
58 0 3
58 1 13
58 2 8
58 3 1
58 4 8
58 5 6
58 6 12
58 7 6
58 8 9
58 9 12
58 10 2
58 11 9
58 12 10
58 13 7
58 14 8
58 15 6
58 16 6
58 17 4
58 18 7
58 19 4
58 20 5
58 21 6
58 22 5
58 23 9
58 24 11
58 25 11
58 26 4
58 27 12
58 28 1
58 29 7
58 30 1
58 31 10
58 32 4
58 33 2
58 34 6
58 35 8
58 36 4
58 37 10
58 38 5
58 39 11
58 40 4
58 41 3
58 42 12
58 43 9
58 44 9
58 45 1
58 46 9
58 47 1
58 48 8
58 49 6
58 50 7
58 51 1
58 52 13
58 53 12
58 54 6
58 55 11
58 56 1
58 57 7
59 0 7
59 1 12
59 2 7
59 3 11
59 4 1
59 5 9
59 6 1
59 7 2
59 8 11
59 9 2
59 10 7
59 11 10
59 12 10
59 13 13
59 14 11
59 15 11
59 16 8
59 17 9
59 18 13
59 19 5
59 20 1
59 21 6
59 22 8
59 23 13
59 24 6
59 25 2
59 26 7
59 27 10
59 28 8
59 29 9
59 30 8
59 31 11
59 32 6
59 33 11
59 34 4
59 35 12
59 36 10
59 37 12
59 38 7
59 39 4
59 40 4
59 41 10
59 42 4
59 43 10
59 44 3
59 45 3
59 46 12
59 47 11
59 48 13
59 49 10
59 50 3
59 51 3
59 52 5
59 53 3
59 54 5
59 55 11
59 56 3
59 57 4
59 58 1
60 0 2
60 1 8
60 2 3
60 3 10
60 4 7
60 5 6
60 6 10
60 7 4
60 8 13
60 9 12
60 10 11
60 11 4
60 12 4
60 13 11
60 14 8
60 15 9
60 16 4
60 17 3
60 18 13
60 19 12
60 20 3
60 21 8
60 22 7
60 23 13
60 24 13
60 25 6
60 26 7
60 27 8
60 28 5
60 29 10
60 30 8
60 31 6
60 32 12
60 33 3
60 34 3
60 35 2
60 36 12
60 37 13
60 38 10
60 39 1
60 40 3
60 41 12
60 42 13
60 43 6
60 44 6
60 45 13
60 46 11
60 47 4
60 48 13
60 49 1
60 50 1
60 51 6
60 52 5
60 53 8
60 54 13
60 55 5
60 56 2
60 57 7
60 58 3
60 59 2
61 0 1
61 1 11
61 2 6
61 3 2
61 4 11
61 5 13
61 6 6
61 7 12
61 8 8
61 9 9
61 10 4
61 11 1
61 12 12
61 13 9
61 14 7
61 15 3
61 16 4
61 17 8
61 18 5
61 19 7
61 20 9
61 21 12
61 22 5
61 23 7
61 24 5
61 25 10
61 26 1
61 27 8
61 28 8
61 29 8
61 30 7
61 31 3
61 32 8
61 33 2
61 34 12
61 35 5
61 36 8
61 37 5
61 38 9
61 39 5
61 40 4
61 41 2
61 42 2
61 43 3
61 44 1
61 45 9
61 46 8
61 47 3
61 48 13
61 49 11
61 50 12
61 51 5
61 52 1
61 53 8
61 54 13
61 55 3
61 56 9
61 57 5
61 58 13
61 59 11
61 60 13
62 0 10
62 1 4
62 2 3
62 3 9
62 4 13
62 5 5
62 6 13
62 7 7
62 8 6
62 9 3
62 10 1
62 11 1
62 12 1
62 13 5
62 14 1
62 15 11
62 16 12
62 17 8
62 18 3
62 19 8
62 20 13
62 21 13
62 22 5
62 23 13
62 24 12
62 25 10
62 26 12
62 27 1
62 28 1
62 29 13
62 30 5
62 31 6
62 32 1
62 33 7
62 34 9
62 35 13
62 36 5
62 37 12
62 38 1
62 39 7
62 40 13
62 41 4
62 42 6
62 43 11
62 44 11
62 45 8
62 46 6
62 47 9
62 48 8
62 49 11
62 50 10
62 51 8
62 52 4
62 53 5
62 54 5
62 55 12
62 56 7
62 57 9
62 58 12
62 59 7
62 60 11
62 61 4
63 0 4
63 1 7
63 2 3
63 3 7
63 4 13
63 5 12
63 6 8
63 7 7
63 8 4
63 9 2
63 10 2
63 11 6
63 12 2
63 13 8
63 14 7
63 15 2
63 16 11
63 17 1
63 18 3
63 19 9
63 20 10
63 21 5
63 22 3
63 23 9
63 24 7
63 25 3
63 26 6
63 27 2
63 28 4
63 29 5
63 30 9
63 31 10
63 32 6
63 33 1
63 34 10
63 35 8
63 36 8
63 37 9
63 38 10
63 39 9
63 40 5
63 41 2
63 42 9
63 43 12
63 44 6
63 45 1
63 46 2
63 47 8
63 48 5
63 49 8
63 50 6
63 51 2
63 52 8
63 53 4
63 54 11
63 55 8
63 56 6
63 57 7
63 58 4
63 59 9
63 60 4
63 61 9
63 62 13
64 0 1
64 1 6
64 2 3
64 3 8
64 4 4
64 5 9
64 6 2
64 7 12
64 8 9
64 9 5
64 10 11
64 11 5
64 12 4
64 13 8
64 14 11
64 15 13
64 16 5
64 17 2
64 18 9
64 19 12
64 20 2
64 21 8
64 22 8
64 23 2
64 24 5
64 25 7
64 26 7
64 27 7
64 28 1
64 29 8
64 30 11
64 31 13
64 32 9
64 33 8
64 34 2
64 35 5
64 36 12
64 37 2
64 38 11
64 39 9
64 40 13
64 41 6
64 42 9
64 43 7
64 44 4
64 45 6
64 46 13
64 47 12
64 48 11
64 49 6
64 50 11
64 51 4
64 52 3
64 53 11
64 54 5
64 55 12
64 56 2
64 57 5
64 58 12
64 59 3
64 60 10
64 61 9
64 62 9
64 63 10
65 0 6
65 1 6
65 2 3
65 3 12
65 4 11
65 5 6
65 6 8
65 7 7
65 8 12
65 9 6
65 10 4
65 11 6
65 12 2
65 13 7
65 14 7
65 15 2
65 16 2
65 17 4
65 18 13
65 19 1
65 20 6
65 21 10
65 22 2
65 23 4
65 24 7
65 25 7
65 26 12
65 27 3
65 28 5
65 29 6
65 30 4
65 31 6
65 32 9
65 33 2
65 34 7
65 35 9
65 36 12
65 37 9
65 38 10
65 39 3
65 40 8
65 41 7
65 42 3
65 43 6
65 44 10
65 45 11
65 46 7
65 47 2
65 48 12
65 49 12
65 50 12
65 51 6
65 52 4
65 53 6
65 54 3
65 55 2
65 56 11
65 57 4
65 58 13
65 59 9
65 60 4
65 61 7
65 62 13
65 63 9
65 64 2
66 0 2
66 1 5
66 2 13
66 3 11
66 4 4
66 5 10
66 6 4
66 7 10
66 8 5
66 9 4
66 10 12
66 11 7
66 12 8
66 13 9
66 14 10
66 15 6
66 16 12
66 17 12
66 18 6
66 19 9
66 20 4
66 21 4
66 22 8
66 23 6
66 24 11
66 25 11
66 26 3
66 27 8
66 28 7
66 29 13
66 30 12
66 31 10
66 32 1
66 33 6
66 34 7
66 35 11
66 36 2
66 37 8
66 38 5
66 39 1
66 40 5
66 41 9
66 42 12
66 43 5
66 44 9
66 45 12
66 46 8
66 47 8
66 48 13
66 49 10
66 50 7
66 51 10
66 52 13
66 53 9
66 54 3
66 55 7
66 56 12
66 57 13
66 58 10
66 59 12
66 60 8
66 61 11
66 62 13
66 63 10
66 64 10
66 65 4
67 0 12
67 1 9
67 2 4
67 3 11
67 4 8
67 5 5
67 6 8
67 7 13
67 8 6
67 9 5
67 10 13
67 11 5
67 12 7
67 13 6
67 14 12
67 15 7
67 16 9
67 17 12
67 18 5
67 19 7
67 20 10
67 21 13
67 22 12
67 23 4
67 24 5
67 25 8
67 26 13
67 27 7
67 28 5
67 29 5
67 30 1
67 31 13
67 32 10
67 33 5
67 34 12
67 35 7
67 36 13
67 37 2
67 38 9
67 39 11
67 40 1
67 41 13
67 42 6
67 43 3
67 44 3
67 45 7
67 46 8
67 47 9
67 48 5
67 49 6
67 50 8
67 51 9
67 52 1
67 53 5
67 54 7
67 55 2
67 56 7
67 57 3
67 58 1
67 59 6
67 60 9
67 61 10
67 62 9
67 63 3
67 64 6
67 65 4
67 66 5
68 0 4
68 1 13
68 2 1
68 3 8
68 4 12
68 5 11
68 6 8
68 7 4
68 8 10
68 9 2
68 10 4
68 11 10
68 12 9
68 13 4
68 14 12
68 15 8
68 16 9
68 17 13
68 18 9
68 19 12
68 20 13
68 21 4
68 22 11
68 23 2
68 24 1
68 25 12
68 26 1
68 27 3
68 28 10
68 29 2
68 30 13
68 31 11
68 32 12
68 33 8
68 34 3
68 35 9
68 36 1
68 37 7
68 38 1
68 39 6
68 40 1
68 41 8
68 42 7
68 43 10
68 44 6
68 45 3
68 46 6
68 47 4
68 48 7
68 49 5
68 50 7
68 51 8
68 52 8
68 53 13
68 54 8
68 55 5
68 56 12
68 57 5
68 58 4
68 59 2
68 60 13
68 61 10
68 62 2
68 63 5
68 64 5
68 65 4
68 66 8
68 67 5
69 0 11
69 1 2
69 2 8
69 3 11
69 4 3
69 5 4
69 6 13
69 7 13
69 8 6
69 9 3
69 10 5
69 11 7
69 12 8
69 13 13
69 14 10
69 15 2
69 16 12
69 17 8
69 18 13
69 19 10
69 20 11
69 21 1
69 22 12
69 23 6
69 24 4
69 25 9
69 26 5
69 27 13
69 28 11
69 29 10
69 30 8
69 31 7
69 32 11
69 33 12
69 34 11
69 35 1
69 36 10
69 37 9
69 38 4
69 39 3
69 40 5
69 41 5
69 42 5
69 43 9
69 44 9
69 45 3
69 46 5
69 47 5
69 48 11
69 49 12
69 50 7
69 51 2
69 52 3
69 53 6
69 54 4
69 55 10
69 56 5
69 57 10
69 58 5
69 59 2
69 60 7
69 61 11
69 62 4
69 63 10
69 64 13
69 65 6
69 66 11
69 67 6
69 68 2
