20
1 0 8
2 0 2
2 1 6
3 0 9
3 1 6
3 2 4
4 0 12
4 1 6
4 2 5
4 3 3
5 0 6
5 1 1
5 2 4
5 3 1
5 4 9
6 0 12
6 1 10
6 2 12
6 3 8
6 4 10
6 5 9
7 0 11
7 1 10
7 2 1
7 3 5
7 4 5
7 5 4
7 6 1
8 0 7
8 1 12
8 2 10
8 3 7
8 4 6
8 5 10
8 6 11
8 7 3
9 0 12
9 1 3
9 2 4
9 3 3
9 4 5
9 5 9
9 6 7
9 7 3
9 8 8
10 0 7
10 1 12
10 2 10
10 3 6
10 4 3
10 5 2
10 6 1
10 7 10
10 8 6
10 9 7
11 0 8
11 1 2
11 2 10
11 3 1
11 4 11
11 5 3
11 6 6
11 7 11
11 8 2
11 9 5
11 10 9
12 0 8
12 1 9
12 2 4
12 3 10
12 4 7
12 5 5
12 6 12
12 7 8
12 8 6
12 9 8
12 10 10
12 11 6
13 0 12
13 1 11
13 2 7
13 3 10
13 4 9
13 5 3
13 6 12
13 7 11
13 8 10
13 9 11
13 10 6
13 11 10
13 12 3
14 0 7
14 1 5
14 2 12
14 3 11
14 4 9
14 5 8
14 6 2
14 7 2
14 8 12
14 9 11
14 10 5
14 11 4
14 12 9
14 13 9
15 0 11
15 1 2
15 2 3
15 3 2
15 4 8
15 5 6
15 6 4
15 7 12
15 8 12
15 9 8
15 10 8
15 11 8
15 12 9
15 13 11
15 14 1
16 0 4
16 1 4
16 2 3
16 3 6
16 4 8
16 5 3
16 6 3
16 7 4
16 8 11
16 9 2
16 10 3
16 11 4
16 12 5
16 13 4
16 14 10
16 15 2
17 0 6
17 1 12
17 2 6
17 3 2
17 4 4
17 5 2
17 6 5
17 7 12
17 8 7
17 9 12
17 10 6
17 11 11
17 12 7
17 13 10
17 14 12
17 15 11
17 16 1
18 0 5
18 1 4
18 2 2
18 3 2
18 4 5
18 5 10
18 6 5
18 7 12
18 8 5
18 9 10
18 10 1
18 11 6
18 12 9
18 13 7
18 14 10
18 15 7
18 16 4
18 17 8
19 0 11
19 1 2
19 2 10
19 3 1
19 4 2
19 5 12
19 6 10
19 7 4
19 8 8
19 9 8
19 10 2
19 11 1
19 12 8
19 13 6
19 14 3
19 15 4
19 16 3
19 17 2
19 18 9
