20
1 0 11
2 0 11
2 1 11
3 0 12
3 1 2
3 2 3
4 0 13
4 1 13
4 2 8
4 3 6
5 0 13
5 1 7
5 2 10
5 3 4
5 4 8
6 0 12
6 1 10
6 2 12
6 3 6
6 4 13
6 5 10
7 0 11
7 1 8
7 2 3
7 3 12
7 4 8
7 5 8
7 6 4
8 0 9
8 1 11
8 2 7
8 3 8
8 4 1
8 5 9
8 6 3
8 7 4
9 0 1
9 1 5
9 2 7
9 3 1
9 4 12
9 5 2
9 6 13
9 7 5
9 8 2
10 0 9
10 1 12
10 2 3
10 3 9
10 4 4
10 5 4
10 6 10
10 7 13
10 8 11
10 9 7
11 0 9
11 1 12
11 2 12
11 3 11
11 4 3
11 5 7
11 6 6
11 7 5
11 8 1
11 9 12
11 10 11
12 0 7
12 1 4
12 2 5
12 3 3
12 4 8
12 5 2
12 6 6
12 7 9
12 8 5
12 9 6
12 10 9
12 11 1
13 0 6
13 1 13
13 2 2
13 3 10
13 4 6
13 5 3
13 6 11
13 7 7
13 8 5
13 9 7
13 10 3
13 11 12
13 12 11
14 0 2
14 1 12
14 2 12
14 3 4
14 4 10
14 5 11
14 6 11
14 7 2
14 8 10
14 9 4
14 10 9
14 11 8
14 12 6
14 13 4
15 0 12
15 1 2
15 2 6
15 3 9
15 4 13
15 5 12
15 6 5
15 7 11
15 8 6
15 9 10
15 10 12
15 11 3
15 12 8
15 13 10
15 14 7
16 0 6
16 1 2
16 2 12
16 3 12
16 4 2
16 5 10
16 6 4
16 7 11
16 8 9
16 9 12
16 10 5
16 11 9
16 12 11
16 13 5
16 14 3
16 15 2
17 0 7
17 1 8
17 2 13
17 3 5
17 4 13
17 5 2
17 6 3
17 7 8
17 8 9
17 9 4
17 10 8
17 11 2
17 12 7
17 13 8
17 14 12
17 15 2
17 16 10
18 0 13
18 1 8
18 2 7
18 3 10
18 4 1
18 5 11
18 6 4
18 7 6
18 8 4
18 9 10
18 10 4
18 11 11
18 12 7
18 13 7
18 14 10
18 15 5
18 16 4
18 17 4
19 0 9
19 1 2
19 2 8
19 3 11
19 4 8
19 5 5
19 6 2
19 7 6
19 8 9
19 9 7
19 10 8
19 11 8
19 12 4
19 13 4
19 14 8
19 15 12
19 16 8
19 17 11
19 18 11
