20
3 1 2
3 2 2
4 3 2
5 0 1
5 1 1
5 2 1
5 4 1
6 3 1
7 1 3
7 2 1
7 3 3
7 5 1
8 0 3
8 3 3
8 4 1
8 5 2
9 0 1
9 2 1
9 5 3
9 7 2
10 0 2
10 3 1
10 4 3
10 5 1
10 8 3
10 9 3
11 0 3
11 2 3
11 4 2
11 5 2
11 7 3
11 8 1
11 10 1
12 1 2
12 2 3
12 5 2
12 6 2
12 8 1
12 10 1
13 2 2
13 4 3
13 10 3
13 11 3
13 12 3
14 2 2
14 3 2
14 10 2
14 12 1
15 2 3
15 5 1
15 6 2
15 7 2
15 8 2
15 12 1
15 14 1
16 1 1
16 2 2
16 4 1
16 5 2
16 6 3
16 7 2
16 12 1
16 13 1
16 14 1
16 15 3
17 0 3
17 1 3
17 2 1
17 3 1
17 13 1
17 14 1
17 16 3
18 0 3
18 1 1
18 2 1
18 4 1
18 5 3
18 8 3
18 10 2
18 11 1
18 14 3
19 2 3
19 3 1
19 4 2
19 5 2
19 6 1
19 8 2
19 11 1
19 12 2
19 14 2
19 17 3
19 18 1
