15
1 0 3
2 0 5
2 1 4
3 0 6
3 1 1
3 2 6
4 0 5
4 1 5
4 2 5
4 3 1
5 0 2
5 1 2
5 2 4
5 3 6
5 4 5
6 0 4
6 1 1
6 2 1
6 3 5
6 4 4
6 5 4
7 0 2
7 1 4
7 2 5
7 3 4
7 4 2
7 5 4
7 6 5
8 0 5
8 1 2
8 2 3
8 3 3
8 4 2
8 5 3
8 6 1
8 7 3
9 0 5
9 1 2
9 2 2
9 3 3
9 4 1
9 5 5
9 6 5
9 7 6
9 8 6
10 0 3
10 1 2
10 2 1
10 3 3
10 4 2
10 5 3
10 6 1
10 7 3
10 8 3
10 9 4
11 0 4
11 1 2
11 2 4
11 3 5
11 4 1
11 5 1
11 6 1
11 7 2
11 8 2
11 9 4
11 10 3
12 0 3
12 1 4
12 2 4
12 3 1
12 4 2
12 5 3
12 6 4
12 7 4
12 8 1
12 9 5
12 10 3
12 11 4
13 0 6
13 1 2
13 2 3
13 3 5
13 4 5
13 5 2
13 6 3
13 7 3
13 8 1
13 9 1
13 10 5
13 11 3
13 12 5
14 0 4
14 1 4
14 2 1
14 3 4
14 4 2
14 5 6
14 6 1
14 7 2
14 8 4
14 9 2
14 10 1
14 11 6
14 12 1
14 13 4
