70
1 0 12
2 0 7
2 1 10
3 0 13
3 1 11
3 2 2
4 0 5
4 1 6
4 2 12
4 3 10
5 0 6
5 1 10
5 2 12
5 3 10
5 4 12
6 0 12
6 1 12
6 2 5
6 3 2
6 4 9
6 5 12
7 0 4
7 1 8
7 2 3
7 3 2
7 4 4
7 5 12
7 6 11
8 0 6
8 1 3
8 2 11
8 3 7
8 4 6
8 5 3
8 6 3
8 7 9
9 0 1
9 1 7
9 2 5
9 3 12
9 4 9
9 5 5
9 6 4
9 7 5
9 8 12
10 0 7
10 1 3
10 2 13
10 3 12
10 4 9
10 5 12
10 6 11
10 7 12
10 8 11
10 9 11
11 0 8
11 1 13
11 2 7
11 3 8
11 4 7
11 5 8
11 6 2
11 7 4
11 8 9
11 9 2
11 10 13
12 0 9
12 1 11
12 2 4
12 3 1
12 4 5
12 5 13
12 6 1
12 7 2
12 8 8
12 9 1
12 10 5
12 11 11
13 0 1
13 1 5
13 2 5
13 3 7
13 4 8
13 5 4
13 6 12
13 7 3
13 8 11
13 9 3
13 10 6
13 11 1
13 12 6
14 0 11
14 1 2
14 2 2
14 3 7
14 4 5
14 5 8
14 6 2
14 7 13
14 8 13
14 9 4
14 10 12
14 11 6
14 12 8
14 13 1
15 0 3
15 1 12
15 2 12
15 3 6
15 4 8
15 5 1
15 6 7
15 7 4
15 8 13
15 9 9
15 10 4
15 11 9
15 12 11
15 13 9
15 14 4
16 0 5
16 1 6
16 2 11
16 3 12
16 4 2
16 5 11
16 6 6
16 7 11
16 8 12
16 9 11
16 10 13
16 11 10
16 12 4
16 13 7
16 14 13
16 15 6
17 0 1
17 1 8
17 2 9
17 3 4
17 4 9
17 5 3
17 6 4
17 7 7
17 8 5
17 9 11
17 10 11
17 11 4
17 12 5
17 13 11
17 14 9
17 15 2
17 16 7
18 0 5
18 1 2
18 2 12
18 3 10
18 4 5
18 5 10
18 6 11
18 7 2
18 8 8
18 9 3
18 10 13
18 11 4
18 12 12
18 13 9
18 14 6
18 15 1
18 16 5
18 17 12
19 0 11
19 1 13
19 2 4
19 3 5
19 4 2
19 5 13
19 6 10
19 7 13
19 8 2
19 9 3
19 10 12
19 11 8
19 12 6
19 13 9
19 14 8
19 15 3
19 16 7
19 17 13
19 18 5
20 0 4
20 1 3
20 2 8
20 3 11
20 4 13
20 5 3
20 6 13
20 7 13
20 8 11
20 9 1
20 10 3
20 11 2
20 12 5
20 13 13
20 14 9
20 15 6
20 16 11
20 17 4
20 18 12
20 19 12
21 0 3
21 1 9
21 2 4
21 3 5
21 4 6
21 5 8
21 6 4
21 7 1
21 8 10
21 9 8
21 10 8
21 11 10
21 12 1
21 13 4
21 14 6
21 15 11
21 16 1
21 17 3
21 18 6
21 19 5
21 20 8
22 0 13
22 1 13
22 2 8
22 3 8
22 4 8
22 5 3
22 6 6
22 7 9
22 8 10
22 9 8
22 10 3
22 11 8
22 12 1
22 13 12
22 14 9
22 15 3
22 16 7
22 17 7
22 18 6
22 19 11
22 20 6
22 21 2
23 0 8
23 1 4
23 2 4
23 3 11
23 4 7
23 5 12
23 6 1
23 7 1
23 8 4
23 9 6
23 10 3
23 11 13
23 12 10
23 13 4
23 14 12
23 15 2
23 16 13
23 17 11
23 18 3
23 19 8
23 20 13
23 21 2
23 22 2
24 0 13
24 1 9
24 2 2
24 3 8
24 4 1
24 5 8
24 6 12
24 7 13
24 8 5
24 9 3
24 10 3
24 11 7
24 12 10
24 13 10
24 14 2
24 15 12
24 16 10
24 17 4
24 18 10
24 19 9
24 20 11
24 21 6
24 22 8
24 23 4
25 0 2
25 1 6
25 2 4
25 3 12
25 4 1
25 5 1
25 6 11
25 7 12
25 8 5
25 9 7
25 10 4
25 11 5
25 12 3
25 13 8
25 14 12
25 15 8
25 16 12
25 17 13
25 18 1
25 19 3
25 20 13
25 21 10
25 22 12
25 23 5
25 24 5
26 0 6
26 1 12
26 2 8
26 3 1
26 4 8
26 5 1
26 6 9
26 7 10
26 8 4
26 9 13
26 10 12
26 11 12
26 12 4
26 13 4
26 14 1
26 15 7
26 16 4
26 17 11
26 18 9
26 19 6
26 20 8
26 21 11
26 22 3
26 23 8
26 24 1
26 25 11
27 0 4
27 1 8
27 2 6
27 3 3
27 4 8
27 5 1
27 6 2
27 7 1
27 8 10
27 9 1
27 10 13
27 11 5
27 12 8
27 13 5
27 14 2
27 15 6
27 16 6
27 17 6
27 18 1
27 19 10
27 20 12
27 21 4
27 22 3
27 23 6
27 24 7
27 25 11
27 26 3
28 0 12
28 1 12
28 2 8
28 3 10
28 4 3
28 5 8
28 6 8
28 7 1
28 8 11
28 9 13
28 10 12
28 11 1
28 12 1
28 13 3
28 14 1
28 15 2
28 16 4
28 17 1
28 18 2
28 19 9
28 20 2
28 21 9
28 22 11
28 23 9
28 24 4
28 25 7
28 26 3
28 27 4
29 0 9
29 1 13
29 2 5
29 3 6
29 4 6
29 5 13
29 6 3
29 7 10
29 8 10
29 9 7
29 10 2
29 11 3
29 12 10
29 13 7
29 14 13
29 15 8
29 16 6
29 17 3
29 18 10
29 19 2
29 20 6
29 21 9
29 22 10
29 23 10
29 24 1
29 25 8
29 26 2
29 27 7
29 28 1
30 0 5
30 1 2
30 2 6
30 3 6
30 4 10
30 5 6
30 6 8
30 7 9
30 8 12
30 9 11
30 10 10
30 11 6
30 12 12
30 13 12
30 14 7
30 15 8
30 16 1
30 17 2
30 18 10
30 19 4
30 20 3
30 21 8
30 22 11
30 23 8
30 24 13
30 25 8
30 26 9
30 27 8
30 28 12
30 29 3
31 0 12
31 1 13
31 2 5
31 3 2
31 4 5
31 5 6
31 6 12
31 7 3
31 8 7
31 9 9
31 10 2
31 11 1
31 12 11
31 13 10
31 14 3
31 15 9
31 16 1
31 17 3
31 18 11
31 19 13
31 20 12
31 21 2
31 22 11
31 23 7
31 24 4
31 25 3
31 26 3
31 27 7
31 28 1
31 29 10
31 30 13
32 0 8
32 1 12
32 2 13
32 3 10
32 4 8
32 5 2
32 6 7
32 7 10
32 8 12
32 9 12
32 10 3
32 11 13
32 12 2
32 13 9
32 14 7
32 15 1
32 16 7
32 17 9
32 18 12
32 19 1
32 20 9
32 21 10
32 22 11
32 23 3
32 24 9
32 25 4
32 26 7
32 27 5
32 28 8
32 29 9
32 30 11
32 31 9
33 0 7
33 1 5
33 2 5
33 3 13
33 4 11
33 5 9
33 6 13
33 7 9
33 8 6
33 9 12
33 10 12
33 11 11
33 12 4
33 13 4
33 14 11
33 15 7
33 16 6
33 17 4
33 18 10
33 19 11
33 20 2
33 21 5
33 22 7
33 23 12
33 24 9
33 25 8
33 26 3
33 27 9
33 28 5
33 29 3
33 30 4
33 31 8
33 32 8
34 0 12
34 1 5
34 2 10
34 3 4
34 4 3
34 5 5
34 6 3
34 7 10
34 8 4
34 9 10
34 10 7
34 11 6
34 12 13
34 13 1
34 14 9
34 15 6
34 16 8
34 17 3
34 18 13
34 19 7
34 20 9
34 21 7
34 22 11
34 23 2
34 24 5
34 25 10
34 26 3
34 27 5
34 28 11
34 29 9
34 30 3
34 31 12
34 32 6
34 33 6
35 0 7
35 1 3
35 2 4
35 3 3
35 4 11
35 5 3
35 6 1
35 7 5
35 8 10
35 9 2
35 10 3
35 11 9
35 12 10
35 13 7
35 14 3
35 15 8
35 16 7
35 17 6
35 18 13
35 19 2
35 20 11
35 21 12
35 22 11
35 23 11
35 24 12
35 25 5
35 26 1
35 27 11
35 28 9
35 29 13
35 30 7
35 31 10
35 32 3
35 33 11
35 34 9
36 0 1
36 1 11
36 2 9
36 3 10
36 4 10
36 5 7
36 6 7
36 7 9
36 8 1
36 9 13
36 10 3
36 11 13
36 12 1
36 13 6
36 14 10
36 15 4
36 16 10
36 17 2
36 18 12
36 19 3
36 20 8
36 21 6
36 22 1
36 23 8
36 24 4
36 25 3
36 26 5
36 27 1
36 28 5
36 29 13
36 30 12
36 31 7
36 32 9
36 33 5
36 34 9
36 35 10
37 0 1
37 1 8
37 2 1
37 3 13
37 4 8
37 5 5
37 6 1
37 7 12
37 8 7
37 9 13
37 10 8
37 11 9
37 12 8
37 13 8
37 14 10
37 15 6
37 16 7
37 17 5
37 18 13
37 19 9
37 20 8
37 21 2
37 22 13
37 23 3
37 24 2
37 25 3
37 26 13
37 27 10
37 28 3
37 29 4
37 30 12
37 31 1
37 32 12
37 33 12
37 34 9
37 35 9
37 36 5
38 0 11
38 1 11
38 2 13
38 3 9
38 4 4
38 5 13
38 6 10
38 7 10
38 8 3
38 9 2
38 10 10
38 11 13
38 12 5
38 13 8
38 14 4
38 15 13
38 16 9
38 17 7
38 18 3
38 19 7
38 20 10
38 21 13
38 22 7
38 23 13
38 24 13
38 25 6
38 26 3
38 27 10
38 28 9
38 29 8
38 30 1
38 31 3
38 32 13
38 33 2
38 34 12
38 35 8
38 36 3
38 37 1
39 0 2
39 1 12
39 2 11
39 3 2
39 4 8
39 5 9
39 6 13
39 7 1
39 8 10
39 9 6
39 10 1
39 11 11
39 12 7
39 13 5
39 14 2
39 15 5
39 16 8
39 17 10
39 18 5
39 19 8
39 20 2
39 21 3
39 22 4
39 23 13
39 24 6
39 25 11
39 26 11
39 27 10
39 28 5
39 29 2
39 30 10
39 31 11
39 32 9
39 33 5
39 34 10
39 35 12
39 36 7
39 37 2
39 38 1
40 0 2
40 1 2
40 2 8
40 3 2
40 4 9
40 5 5
40 6 3
40 7 2
40 8 12
40 9 12
40 10 11
40 11 9
40 12 8
40 13 2
40 14 10
40 15 5
40 16 5
40 17 5
40 18 1
40 19 3
40 20 11
40 21 7
40 22 5
40 23 3
40 24 2
40 25 1
40 26 1
40 27 1
40 28 9
40 29 1
40 30 11
40 31 7
40 32 12
40 33 6
40 34 4
40 35 12
40 36 4
40 37 4
40 38 9
40 39 4
41 0 10
41 1 9
41 2 1
41 3 9
41 4 10
41 5 9
41 6 10
41 7 4
41 8 13
41 9 4
41 10 6
41 11 13
41 12 10
41 13 4
41 14 8
41 15 11
41 16 5
41 17 1
41 18 2
41 19 5
41 20 6
41 21 11
41 22 11
41 23 10
41 24 4
41 25 4
41 26 2
41 27 5
41 28 10
41 29 2
41 30 12
41 31 1
41 32 13
41 33 1
41 34 9
41 35 1
41 36 4
41 37 6
41 38 5
41 39 8
41 40 3
42 0 10
42 1 12
42 2 11
42 3 1
42 4 1
42 5 7
42 6 11
42 7 10
42 8 12
42 9 4
42 10 8
42 11 6
42 12 4
42 13 3
42 14 2
42 15 3
42 16 3
42 17 8
42 18 7
42 19 12
42 20 10
42 21 1
42 22 6
42 23 11
42 24 5
42 25 13
42 26 13
42 27 3
42 28 3
42 29 2
42 30 3
42 31 1
42 32 2
42 33 5
42 34 3
42 35 3
42 36 8
42 37 12
42 38 7
42 39 11
42 40 13
42 41 4
43 0 2
43 1 3
43 2 6
43 3 5
43 4 12
43 5 12
43 6 1
43 7 11
43 8 8
43 9 9
43 10 7
43 11 4
43 12 2
43 13 9
43 14 9
43 15 11
43 16 4
43 17 3
43 18 10
43 19 6
43 20 5
43 21 3
43 22 8
43 23 2
43 24 12
43 25 11
43 26 13
43 27 5
43 28 12
43 29 9
43 30 12
43 31 2
43 32 5
43 33 4
43 34 4
43 35 5
43 36 6
43 37 12
43 38 4
43 39 10
43 40 4
43 41 10
43 42 6
44 0 13
44 1 5
44 2 6
44 3 3
44 4 10
44 5 1
44 6 9
44 7 6
44 8 12
44 9 3
44 10 1
44 11 12
44 12 8
44 13 9
44 14 1
44 15 8
44 16 9
44 17 9
44 18 10
44 19 2
44 20 9
44 21 3
44 22 6
44 23 1
44 24 7
44 25 10
44 26 8
44 27 8
44 28 6
44 29 4
44 30 11
44 31 9
44 32 2
44 33 9
44 34 2
44 35 6
44 36 8
44 37 12
44 38 4
44 39 11
44 40 9
44 41 2
44 42 5
44 43 5
45 0 12
45 1 6
45 2 1
45 3 10
45 4 5
45 5 3
45 6 8
45 7 3
45 8 1
45 9 3
45 10 6
45 11 11
45 12 8
45 13 11
45 14 6
45 15 2
45 16 12
45 17 10
45 18 13
45 19 13
45 20 10
45 21 1
45 22 5
45 23 11
45 24 1
45 25 8
45 26 7
45 27 11
45 28 1
45 29 4
45 30 7
45 31 11
45 32 4
45 33 8
45 34 6
45 35 2
45 36 9
45 37 5
45 38 13
45 39 6
45 40 12
45 41 3
45 42 10
45 43 10
45 44 6
46 0 12
46 1 11
46 2 1
46 3 12
46 4 8
46 5 5
46 6 3
46 7 4
46 8 10
46 9 2
46 10 3
46 11 5
46 12 1
46 13 12
46 14 1
46 15 7
46 16 10
46 17 1
46 18 8
46 19 8
46 20 9
46 21 7
46 22 13
46 23 6
46 24 6
46 25 10
46 26 12
46 27 11
46 28 8
46 29 10
46 30 6
46 31 4
46 32 2
46 33 10
46 34 10
46 35 13
46 36 13
46 37 1
46 38 7
46 39 13
46 40 12
46 41 4
46 42 1
46 43 12
46 44 4
46 45 3
47 0 8
47 1 8
47 2 4
47 3 10
47 4 2
47 5 8
47 6 7
47 7 2
47 8 9
47 9 3
47 10 1
47 11 9
47 12 3
47 13 2
47 14 12
47 15 8
47 16 8
47 17 1
47 18 11
47 19 1
47 20 8
47 21 5
47 22 8
47 23 2
47 24 11
47 25 8
47 26 13
47 27 11
47 28 11
47 29 4
47 30 5
47 31 7
47 32 1
47 33 1
47 34 3
47 35 8
47 36 4
47 37 5
47 38 12
47 39 3
47 40 1
47 41 12
47 42 4
47 43 4
47 44 10
47 45 7
47 46 11
48 0 11
48 1 2
48 2 11
48 3 11
48 4 13
48 5 10
48 6 10
48 7 5
48 8 7
48 9 5
48 10 4
48 11 3
48 12 2
48 13 9
48 14 12
48 15 13
48 16 11
48 17 2
48 18 2
48 19 9
48 20 8
48 21 11
48 22 10
48 23 11
48 24 3
48 25 1
48 26 10
48 27 12
48 28 1
48 29 1
48 30 4
48 31 3
48 32 9
48 33 12
48 34 6
48 35 1
48 36 7
48 37 3
48 38 5
48 39 5
48 40 10
48 41 11
48 42 4
48 43 11
48 44 11
48 45 6
48 46 6
48 47 12
49 0 3
49 1 13
49 2 2
49 3 12
49 4 9
49 5 8
49 6 12
49 7 9
49 8 10
49 9 9
49 10 5
49 11 4
49 12 1
49 13 6
49 14 3
49 15 12
49 16 10
49 17 9
49 18 7
49 19 12
49 20 11
49 21 13
49 22 11
49 23 9
49 24 2
49 25 1
49 26 6
49 27 8
49 28 10
49 29 8
49 30 1
49 31 4
49 32 6
49 33 8
49 34 2
49 35 12
49 36 8
49 37 5
49 38 2
49 39 4
49 40 7
49 41 10
49 42 7
49 43 4
49 44 11
49 45 1
49 46 1
49 47 7
49 48 11
50 0 1
50 1 4
50 2 5
50 3 7
50 4 2
50 5 11
50 6 8
50 7 6
50 8 5
50 9 7
50 10 4
50 11 7
50 12 13
50 13 12
50 14 4
50 15 3
50 16 4
50 17 7
50 18 8
50 19 12
50 20 11
50 21 4
50 22 8
50 23 1
50 24 4
50 25 12
50 26 13
50 27 9
50 28 8
50 29 2
50 30 8
50 31 1
50 32 6
50 33 10
50 34 12
50 35 4
50 36 11
50 37 6
50 38 2
50 39 13
50 40 9
50 41 4
50 42 12
50 43 12
50 44 12
50 45 8
50 46 1
50 47 11
50 48 1
50 49 6
51 0 5
51 1 10
51 2 3
51 3 1
51 4 7
51 5 12
51 6 11
51 7 6
51 8 1
51 9 12
51 10 7
51 11 8
51 12 4
51 13 9
51 14 9
51 15 13
51 16 5
51 17 2
51 18 5
51 19 11
51 20 3
51 21 4
51 22 4
51 23 8
51 24 3
51 25 7
51 26 12
51 27 8
51 28 9
51 29 2
51 30 13
51 31 6
51 32 5
51 33 2
51 34 7
51 35 5
51 36 4
51 37 8
51 38 10
51 39 10
51 40 12
51 41 7
51 42 7
51 43 11
51 44 7
51 45 13
51 46 7
51 47 10
51 48 13
51 49 11
51 50 5
52 0 13
52 1 3
52 2 4
52 3 3
52 4 13
52 5 2
52 6 8
52 7 9
52 8 6
52 9 1
52 10 8
52 11 7
52 12 4
52 13 13
52 14 1
52 15 4
52 16 12
52 17 9
52 18 2
52 19 11
52 20 6
52 21 7
52 22 6
52 23 1
52 24 12
52 25 5
52 26 4
52 27 8
52 28 1
52 29 13
52 30 4
52 31 11
52 32 11
52 33 8
52 34 12
52 35 5
52 36 11
52 37 1
52 38 2
52 39 3
52 40 6
52 41 10
52 42 13
52 43 4
52 44 2
52 45 5
52 46 5
52 47 8
52 48 5
52 49 9
52 50 3
52 51 8
53 0 10
53 1 7
53 2 12
53 3 7
53 4 12
53 5 11
53 6 7
53 7 8
53 8 1
53 9 11
53 10 2
53 11 12
53 12 3
53 13 12
53 14 5
53 15 3
53 16 4
53 17 6
53 18 9
53 19 3
53 20 11
53 21 13
53 22 5
53 23 1
53 24 13
53 25 9
53 26 12
53 27 8
53 28 2
53 29 8
53 30 2
53 31 10
53 32 6
53 33 7
53 34 12
53 35 11
53 36 8
53 37 10
53 38 7
53 39 10
53 40 11
53 41 13
53 42 12
53 43 9
53 44 8
53 45 5
53 46 10
53 47 1
53 48 12
53 49 13
53 50 3
53 51 8
53 52 4
54 0 7
54 1 13
54 2 2
54 3 4
54 4 6
54 5 11
54 6 13
54 7 3
54 8 10
54 9 7
54 10 8
54 11 13
54 12 1
54 13 8
54 14 9
54 15 4
54 16 9
54 17 11
54 18 1
54 19 10
54 20 10
54 21 8
54 22 4
54 23 13
54 24 6
54 25 13
54 26 6
54 27 11
54 28 3
54 29 2
54 30 11
54 31 5
54 32 9
54 33 5
54 34 4
54 35 2
54 36 2
54 37 4
54 38 6
54 39 3
54 40 9
54 41 5
54 42 4
54 43 1
54 44 4
54 45 13
54 46 2
54 47 12
54 48 10
54 49 7
54 50 3
54 51 12
54 52 5
54 53 11
55 0 10
55 1 1
55 2 12
55 3 12
55 4 8
55 5 6
55 6 11
55 7 13
55 8 5
55 9 11
55 10 10
55 11 11
55 12 8
55 13 7
55 14 7
55 15 9
55 16 12
55 17 4
55 18 8
55 19 13
55 20 6
55 21 12
55 22 12
55 23 7
55 24 12
55 25 12
55 26 10
55 27 1
55 28 1
55 29 3
55 30 8
55 31 9
55 32 12
55 33 12
55 34 8
55 35 13
55 36 12
55 37 8
55 38 1
55 39 10
55 40 13
55 41 2
55 42 10
55 43 10
55 44 2
55 45 6
55 46 12
55 47 1
55 48 2
55 49 10
55 50 13
55 51 10
55 52 7
55 53 10
55 54 5
56 0 8
56 1 10
56 2 12
56 3 13
56 4 6
56 5 2
56 6 6
56 7 1
56 8 9
56 9 1
56 10 10
56 11 6
56 12 4
56 13 3
56 14 3
56 15 2
56 16 5
56 17 4
56 18 10
56 19 7
56 20 5
56 21 3
56 22 4
56 23 11
56 24 6
56 25 12
56 26 6
56 27 8
56 28 2
56 29 1
56 30 4
56 31 5
56 32 13
56 33 1
56 34 12
56 35 10
56 36 10
56 37 3
56 38 10
56 39 10
56 40 6
56 41 7
56 42 4
56 43 4
56 44 5
56 45 1
56 46 5
56 47 10
56 48 9
56 49 2
56 50 9
56 51 3
56 52 8
56 53 2
56 54 1
56 55 4
57 0 8
57 1 8
57 2 5
57 3 3
57 4 9
57 5 3
57 6 13
57 7 13
57 8 1
57 9 11
57 10 2
57 11 2
57 12 6
57 13 2
57 14 1
57 15 3
57 16 13
57 17 8
57 18 3
57 19 1
57 20 4
57 21 7
57 22 1
57 23 3
57 24 8
57 25 12
57 26 9
57 27 7
57 28 13
57 29 1
57 30 6
57 31 2
57 32 10
57 33 8
57 34 5
57 35 12
57 36 8
57 37 2
57 38 5
57 39 7
57 40 5
57 41 9
57 42 11
57 43 12
57 44 13
57 45 11
57 46 8
57 47 2
57 48 4
57 49 5
57 50 4
57 51 2
57 52 5
57 53 5
57 54 4
57 55 3
57 56 11
58 0 13
58 1 12
58 2 8
58 3 9
58 4 12
58 5 5
58 6 6
58 7 11
58 8 8
58 9 8
58 10 8
58 11 1
58 12 6
58 13 12
58 14 8
58 15 12
58 16 9
58 17 1
58 18 5
58 19 12
58 20 8
58 21 13
58 22 12
58 23 4
58 24 2
58 25 5
58 26 11
58 27 3
58 28 5
58 29 13
58 30 12
58 31 9
58 32 3
58 33 2
58 34 12
58 35 3
58 36 6
58 37 13
58 38 3
58 39 3
58 40 1
58 41 13
58 42 3
58 43 10
58 44 8
58 45 10
58 46 8
58 47 9
58 48 3
58 49 1
58 50 4
58 51 8
58 52 2
58 53 2
58 54 6
58 55 13
58 56 4
58 57 13
59 0 11
59 1 7
59 2 11
59 3 7
59 4 8
59 5 3
59 6 3
59 7 3
59 8 12
59 9 9
59 10 12
59 11 10
59 12 5
59 13 7
59 14 7
59 15 4
59 16 3
59 17 1
59 18 2
59 19 10
59 20 3
59 21 12
59 22 2
59 23 8
59 24 12
59 25 3
59 26 5
59 27 12
59 28 4
59 29 13
59 30 7
59 31 7
59 32 8
59 33 13
59 34 1
59 35 1
59 36 11
59 37 12
59 38 11
59 39 8
59 40 4
59 41 2
59 42 3
59 43 4
59 44 5
59 45 10
59 46 3
59 47 12
59 48 2
59 49 13
59 50 5
59 51 4
59 52 9
59 53 10
59 54 3
59 55 5
59 56 10
59 57 11
59 58 9
60 0 6
60 1 9
60 2 10
60 3 7
60 4 1
60 5 9
60 6 6
60 7 9
60 8 6
60 9 3
60 10 11
60 11 8
60 12 5
60 13 10
60 14 13
60 15 7
60 16 2
60 17 10
60 18 13
60 19 5
60 20 1
60 21 8
60 22 8
60 23 7
60 24 5
60 25 3
60 26 2
60 27 5
60 28 6
60 29 6
60 30 12
60 31 4
60 32 10
60 33 10
60 34 4
60 35 10
60 36 3
60 37 2
60 38 5
60 39 11
60 40 8
60 41 6
60 42 3
60 43 1
60 44 5
60 45 12
60 46 11
60 47 8
60 48 10
60 49 3
60 50 5
60 51 8
60 52 5
60 53 5
60 54 8
60 55 5
60 56 4
60 57 9
60 58 1
60 59 8
61 0 8
61 1 11
61 2 8
61 3 11
61 4 11
61 5 7
61 6 2
61 7 9
61 8 2
61 9 2
61 10 1
61 11 3
61 12 3
61 13 10
61 14 9
61 15 3
61 16 9
61 17 1
61 18 1
61 19 2
61 20 6
61 21 4
61 22 2
61 23 2
61 24 12
61 25 13
61 26 11
61 27 5
61 28 9
61 29 7
61 30 13
61 31 11
61 32 12
61 33 9
61 34 6
61 35 6
61 36 4
61 37 8
61 38 5
61 39 6
61 40 5
61 41 2
61 42 8
61 43 9
61 44 12
61 45 8
61 46 1
61 47 11
61 48 11
61 49 5
61 50 2
61 51 3
61 52 4
61 53 8
61 54 4
61 55 9
61 56 1
61 57 11
61 58 1
61 59 7
61 60 5
62 0 9
62 1 1
62 2 8
62 3 12
62 4 11
62 5 5
62 6 8
62 7 8
62 8 3
62 9 3
62 10 13
62 11 8
62 12 4
62 13 6
62 14 5
62 15 9
62 16 11
62 17 13
62 18 13
62 19 9
62 20 8
62 21 1
62 22 11
62 23 13
62 24 5
62 25 8
62 26 5
62 27 7
62 28 2
62 29 5
62 30 2
62 31 5
62 32 7
62 33 13
62 34 5
62 35 2
62 36 10
62 37 6
62 38 1
62 39 8
62 40 2
62 41 3
62 42 8
62 43 13
62 44 1
62 45 11
62 46 6
62 47 6
62 48 1
62 49 5
62 50 6
62 51 2
62 52 12
62 53 11
62 54 2
62 55 9
62 56 10
62 57 10
62 58 5
62 59 3
62 60 8
62 61 8
63 0 11
63 1 8
63 2 7
63 3 10
63 4 13
63 5 7
63 6 12
63 7 3
63 8 9
63 9 12
63 10 8
63 11 3
63 12 2
63 13 8
63 14 5
63 15 13
63 16 1
63 17 3
63 18 5
63 19 10
63 20 1
63 21 6
63 22 1
63 23 12
63 24 11
63 25 3
63 26 3
63 27 9
63 28 5
63 29 13
63 30 8
63 31 6
63 32 9
63 33 13
63 34 10
63 35 13
63 36 2
63 37 10
63 38 1
63 39 11
63 40 7
63 41 3
63 42 13
63 43 12
63 44 10
63 45 9
63 46 4
63 47 10
63 48 7
63 49 10
63 50 3
63 51 8
63 52 1
63 53 8
63 54 3
63 55 4
63 56 10
63 57 7
63 58 2
63 59 3
63 60 9
63 61 9
63 62 10
64 0 5
64 1 6
64 2 4
64 3 1
64 4 2
64 5 7
64 6 10
64 7 11
64 8 10
64 9 6
64 10 12
64 11 13
64 12 13
64 13 2
64 14 3
64 15 3
64 16 1
64 17 10
64 18 10
64 19 6
64 20 1
64 21 8
64 22 7
64 23 6
64 24 5
64 25 2
64 26 12
64 27 12
64 28 4
64 29 1
64 30 1
64 31 6
64 32 8
64 33 5
64 34 13
64 35 8
64 36 3
64 37 9
64 38 3
64 39 1
64 40 3
64 41 6
64 42 4
64 43 8
64 44 2
64 45 11
64 46 2
64 47 3
64 48 12
64 49 6
64 50 7
64 51 3
64 52 11
64 53 3
64 54 2
64 55 5
64 56 1
64 57 13
64 58 12
64 59 8
64 60 4
64 61 11
64 62 10
64 63 9
65 0 9
65 1 5
65 2 3
65 3 2
65 4 11
65 5 11
65 6 5
65 7 3
65 8 4
65 9 12
65 10 12
65 11 6
65 12 10
65 13 10
65 14 1
65 15 11
65 16 6
65 17 13
65 18 12
65 19 7
65 20 2
65 21 1
65 22 12
65 23 5
65 24 4
65 25 9
65 26 1
65 27 4
65 28 11
65 29 4
65 30 12
65 31 5
65 32 11
65 33 5
65 34 9
65 35 8
65 36 13
65 37 11
65 38 6
65 39 10
65 40 8
65 41 5
65 42 5
65 43 8
65 44 11
65 45 6
65 46 5
65 47 13
65 48 7
65 49 4
65 50 7
65 51 9
65 52 7
65 53 4
65 54 11
65 55 2
65 56 2
65 57 2
65 58 12
65 59 5
65 60 10
65 61 5
65 62 6
65 63 10
65 64 8
66 0 10
66 1 7
66 2 6
66 3 4
66 4 3
66 5 1
66 6 6
66 7 8
66 8 8
66 9 1
66 10 6
66 11 13
66 12 12
66 13 12
66 14 10
66 15 1
66 16 9
66 17 1
66 18 12
66 19 1
66 20 9
66 21 10
66 22 11
66 23 13
66 24 4
66 25 11
66 26 1
66 27 9
66 28 7
66 29 8
66 30 10
66 31 10
66 32 13
66 33 3
66 34 12
66 35 2
66 36 11
66 37 5
66 38 2
66 39 13
66 40 3
66 41 6
66 42 8
66 43 6
66 44 4
66 45 12
66 46 8
66 47 7
66 48 12
66 49 9
66 50 4
66 51 10
66 52 13
66 53 9
66 54 10
66 55 11
66 56 10
66 57 2
66 58 11
66 59 6
66 60 12
66 61 3
66 62 7
66 63 4
66 64 9
66 65 8
67 0 9
67 1 8
67 2 1
67 3 11
67 4 8
67 5 1
67 6 13
67 7 8
67 8 1
67 9 9
67 10 2
67 11 1
67 12 11
67 13 1
67 14 13
67 15 11
67 16 6
67 17 13
67 18 2
67 19 1
67 20 7
67 21 11
67 22 11
67 23 10
67 24 10
67 25 8
67 26 13
67 27 3
67 28 7
67 29 4
67 30 4
67 31 8
67 32 13
67 33 6
67 34 5
67 35 3
67 36 7
67 37 5
67 38 2
67 39 3
67 40 6
67 41 8
67 42 1
67 43 4
67 44 13
67 45 5
67 46 2
67 47 1
67 48 13
67 49 13
67 50 11
67 51 7
67 52 11
67 53 10
67 54 2
67 55 3
67 56 11
67 57 6
67 58 6
67 59 13
67 60 9
67 61 11
67 62 6
67 63 4
67 64 5
67 65 11
67 66 6
68 0 9
68 1 7
68 2 9
68 3 13
68 4 8
68 5 11
68 6 3
68 7 8
68 8 9
68 9 4
68 10 10
68 11 6
68 12 11
68 13 12
68 14 1
68 15 13
68 16 12
68 17 5
68 18 13
68 19 12
68 20 7
68 21 8
68 22 13
68 23 6
68 24 13
68 25 6
68 26 11
68 27 13
68 28 10
68 29 11
68 30 5
68 31 3
68 32 4
68 33 9
68 34 12
68 35 2
68 36 7
68 37 12
68 38 9
68 39 5
68 40 6
68 41 13
68 42 8
68 43 5
68 44 10
68 45 11
68 46 5
68 47 11
68 48 1
68 49 8
68 50 10
68 51 8
68 52 2
68 53 6
68 54 12
68 55 2
68 56 7
68 57 12
68 58 3
68 59 2
68 60 11
68 61 3
68 62 10
68 63 5
68 64 1
68 65 12
68 66 13
68 67 3
69 0 3
69 1 2
69 2 4
69 3 9
69 4 11
69 5 10
69 6 9
69 7 11
69 8 1
69 9 6
69 10 9
69 11 12
69 12 13
69 13 2
69 14 7
69 15 2
69 16 13
69 17 11
69 18 2
69 19 10
69 20 13
69 21 9
69 22 5
69 23 2
69 24 6
69 25 11
69 26 2
69 27 9
69 28 3
69 29 5
69 30 11
69 31 10
69 32 1
69 33 11
69 34 1
69 35 10
69 36 10
69 37 3
69 38 1
69 39 13
69 40 13
69 41 3
69 42 7
69 43 9
69 44 2
69 45 11
69 46 3
69 47 3
69 48 13
69 49 1
69 50 2
69 51 4
69 52 10
69 53 5
69 54 6
69 55 2
69 56 11
69 57 8
69 58 10
69 59 8
69 60 6
69 61 13
69 62 3
69 63 13
69 64 9
69 65 10
69 66 1
69 67 5
69 68 3
