20
3 1 2
3 2 3
4 0 6
4 1 3
4 3 6
5 1 12
5 2 10
6 0 3
6 2 3
6 3 10
6 4 7
7 3 1
7 5 3
7 6 6
8 1 11
8 2 1
8 3 3
8 4 10
8 5 10
8 7 3
9 0 5
9 1 2
9 3 6
9 4 10
9 5 6
9 6 2
10 0 11
10 3 3
10 5 5
10 6 2
10 7 7
10 8 5
11 0 12
11 4 2
11 6 2
11 7 6
11 10 1
12 1 1
12 3 9
12 5 7
12 6 2
12 7 2
12 9 6
12 11 12
13 2 12
13 5 6
13 6 7
13 8 5
13 10 7
13 11 1
13 12 11
14 1 4
14 5 3
14 7 5
15 1 10
15 8 7
15 9 12
15 11 1
15 12 6
15 13 9
15 14 12
16 4 8
16 9 6
16 10 1
16 15 9
17 0 10
17 1 2
17 2 12
17 3 2
17 6 5
17 8 2
17 13 2
17 14 1
17 15 8
18 3 1
18 4 10
18 5 11
18 6 8
18 8 6
18 13 2
18 14 4
18 15 10
18 17 2
19 1 1
19 2 11
19 4 11
19 5 10
19 6 10
19 8 2
19 9 8
19 10 9
19 12 2
19 15 12
19 17 9
19 18 3
