15
1 0 8
2 0 8
2 1 2
3 0 4
3 1 7
3 2 4
4 0 6
4 1 5
4 2 2
4 3 4
5 0 7
5 1 3
5 2 4
5 3 8
5 4 1
6 0 5
6 1 11
6 2 8
6 3 4
6 4 1
6 5 11
7 0 5
7 1 10
7 2 4
7 3 10
7 4 11
7 5 11
7 6 5
8 0 9
8 1 9
8 2 10
8 3 6
8 4 11
8 5 2
8 6 2
8 7 7
9 0 11
9 1 2
9 2 11
9 3 7
9 4 8
9 5 6
9 6 7
9 7 7
9 8 4
10 0 2
10 1 7
10 2 6
10 3 7
10 4 11
10 5 9
10 6 3
10 7 10
10 8 3
10 9 6
11 0 4
11 1 2
11 2 5
11 3 1
11 4 4
11 5 1
11 6 5
11 7 4
11 8 9
11 9 2
11 10 4
12 0 2
12 1 5
12 2 6
12 3 4
12 4 9
12 5 10
12 6 3
12 7 2
12 8 9
12 9 9
12 10 4
12 11 1
13 0 2
13 1 2
13 2 1
13 3 8
13 4 2
13 5 6
13 6 2
13 7 5
13 8 5
13 9 2
13 10 6
13 11 4
13 12 9
14 0 10
14 1 9
14 2 9
14 3 5
14 4 1
14 5 2
14 6 10
14 7 3
14 8 6
14 9 3
14 10 8
14 11 6
14 12 1
14 13 5
