70
2 0 4
2 1 3
3 0 12
3 2 10
4 1 11
5 2 9
6 1 6
6 3 5
7 0 8
7 1 1
7 2 13
7 4 7
7 6 12
8 1 7
8 5 12
8 6 8
8 7 1
9 1 2
9 4 1
10 0 6
10 3 6
10 4 6
10 5 12
10 8 8
10 9 3
11 1 6
11 3 2
11 8 4
11 9 10
11 10 7
12 2 2
12 3 9
12 4 12
12 6 11
12 8 11
12 10 5
12 11 7
13 0 7
13 1 5
13 2 12
13 3 12
13 4 10
13 6 13
13 7 7
13 8 11
13 11 9
14 1 2
14 4 8
14 5 4
15 2 6
15 3 9
15 6 4
15 9 5
15 10 12
15 11 12
15 12 2
16 5 9
16 6 11
16 9 5
16 10 6
16 11 4
16 12 7
16 13 4
16 14 8
17 0 8
17 2 13
17 4 10
17 5 10
17 6 2
17 8 8
17 12 9
17 13 1
17 14 9
17 15 6
17 16 12
18 0 10
18 2 12
18 8 6
18 10 9
18 13 13
18 16 7
19 0 4
19 1 3
19 2 9
19 3 4
19 5 5
19 6 8
19 10 9
19 11 5
19 12 12
19 13 2
19 17 12
20 2 3
20 6 2
20 8 3
20 10 10
20 11 2
20 12 4
20 13 11
20 14 7
20 17 6
20 18 4
20 19 1
21 0 12
21 1 4
21 2 5
21 3 7
21 6 4
21 7 10
21 8 6
21 9 2
21 12 10
21 13 4
21 15 1
21 18 8
21 19 1
22 0 8
22 2 9
22 4 10
22 7 4
22 8 7
22 9 7
22 10 10
22 11 10
22 13 3
22 16 9
22 20 4
22 21 10
23 0 1
23 1 3
23 5 2
23 9 5
23 10 12
23 11 1
23 12 8
23 13 10
23 16 9
23 18 9
23 19 5
23 21 4
23 22 11
24 0 6
24 1 11
24 3 5
24 4 5
24 6 9
24 7 2
24 9 6
24 10 12
24 12 5
24 13 5
24 15 13
24 17 12
24 19 13
24 20 6
24 21 4
24 23 12
25 1 4
25 2 13
25 5 10
25 9 7
25 12 8
25 15 10
25 17 13
25 19 3
25 20 10
25 24 6
26 6 8
26 7 3
26 8 12
26 9 10
26 12 10
26 14 13
26 16 12
26 17 11
26 19 5
26 20 8
26 21 6
26 23 9
26 24 1
26 25 12
27 0 1
27 2 12
27 3 1
27 4 10
27 6 11
27 7 6
27 8 13
27 10 4
27 11 12
27 12 4
27 13 3
27 14 8
27 17 13
27 18 9
27 19 10
27 22 10
28 0 9
28 4 2
28 6 3
28 8 5
28 9 6
28 10 7
28 11 7
28 12 5
28 15 1
28 16 1
28 17 6
28 18 2
28 21 10
28 23 8
28 24 11
28 26 12
29 0 7
29 1 3
29 4 8
29 5 10
29 10 6
29 11 8
29 12 13
29 15 12
29 19 13
29 20 8
29 24 1
29 27 3
29 28 4
30 0 5
30 1 8
30 6 9
30 7 11
30 8 9
30 9 4
30 11 3
30 13 8
30 14 1
30 15 1
30 16 7
30 19 3
30 20 13
30 21 3
30 22 4
30 26 3
31 0 6
31 2 6
31 3 4
31 7 9
31 8 10
31 10 8
31 11 13
31 15 11
31 23 13
31 28 5
31 29 10
32 0 3
32 2 9
32 4 6
32 5 2
32 8 4
32 10 10
32 11 1
32 13 1
32 15 13
32 16 4
32 17 10
32 18 4
32 19 2
32 23 6
32 24 9
32 27 9
32 28 6
32 29 12
33 0 10
33 1 10
33 2 6
33 5 9
33 6 2
33 7 11
33 9 10
33 10 1
33 11 8
33 14 11
33 16 8
33 18 11
33 19 6
33 20 8
33 21 3
33 22 11
33 23 12
33 26 1
33 27 13
33 28 12
33 30 11
34 1 1
34 5 9
34 8 7
34 9 9
34 10 12
34 14 2
34 16 8
34 18 9
34 19 1
34 21 5
34 23 7
34 26 11
34 28 4
34 29 7
34 31 8
34 32 8
34 33 12
35 0 6
35 3 6
35 5 3
35 8 13
35 10 6
35 11 5
35 14 11
35 15 7
35 16 1
35 18 3
35 22 4
35 23 2
35 26 3
35 28 7
35 29 3
35 31 10
36 0 10
36 1 8
36 4 3
36 8 2
36 10 9
36 13 13
36 14 1
36 26 3
36 28 4
36 29 6
36 30 3
36 32 10
36 33 7
36 35 5
37 1 6
37 4 7
37 6 6
37 7 9
37 8 5
37 10 9
37 11 12
37 12 12
37 16 4
37 18 13
37 22 4
37 25 11
37 27 2
37 29 11
37 30 12
37 31 2
37 33 4
37 35 12
37 36 10
38 1 3
38 2 9
38 4 8
38 7 8
38 11 3
38 16 12
38 17 6
38 18 11
38 19 4
38 20 11
38 22 12
38 23 13
38 24 2
38 25 9
38 29 5
38 30 10
38 31 3
38 33 4
38 35 5
39 2 7
39 4 3
39 7 9
39 10 10
39 11 8
39 14 8
39 15 12
39 16 9
39 17 5
39 19 3
39 22 9
39 23 3
39 24 13
39 26 11
39 28 4
39 29 12
39 31 3
39 32 10
39 34 5
39 36 3
39 37 7
40 0 9
40 1 4
40 3 12
40 4 13
40 5 13
40 6 11
40 7 11
40 12 2
40 14 8
40 16 11
40 17 11
40 18 6
40 19 11
40 21 9
40 22 5
40 23 5
40 25 7
40 26 9
40 28 4
40 31 13
40 33 7
40 34 8
40 36 3
40 38 10
40 39 5
41 1 10
41 3 7
41 5 1
41 6 7
41 7 3
41 9 5
41 10 2
41 13 8
41 15 4
41 16 8
41 17 12
41 18 2
41 19 7
41 21 8
41 22 9
41 27 9
41 31 1
41 32 4
41 33 9
41 36 9
41 39 7
42 1 6
42 7 11
42 10 9
42 11 4
42 13 11
42 14 10
42 15 12
42 16 12
42 17 1
42 19 3
42 22 9
42 24 4
42 28 1
42 31 9
42 32 3
42 34 12
42 35 5
42 36 4
42 38 6
42 39 13
42 41 6
43 0 11
43 4 12
43 6 4
43 7 5
43 8 10
43 10 8
43 14 7
43 16 9
43 17 5
43 18 7
43 21 2
43 25 8
43 28 4
43 31 2
43 34 11
43 35 2
43 36 4
43 38 2
43 39 13
43 40 1
44 4 13
44 6 4
44 7 6
44 9 2
44 11 10
44 12 6
44 13 7
44 14 10
44 15 3
44 18 9
44 19 6
44 21 1
44 22 5
44 23 11
44 26 9
44 27 1
44 28 10
44 29 5
44 32 10
44 33 4
44 34 1
44 36 7
44 38 7
44 39 4
44 40 8
44 41 6
44 42 5
45 4 8
45 6 8
45 10 5
45 11 6
45 12 5
45 13 10
45 15 11
45 16 3
45 17 3
45 20 1
45 24 1
45 26 11
45 27 4
45 28 12
45 29 7
45 30 3
45 32 12
45 35 11
45 36 5
45 37 1
45 40 10
45 41 2
45 42 4
45 43 11
45 44 8
46 1 1
46 6 11
46 8 8
46 10 13
46 11 8
46 12 11
46 13 11
46 17 10
46 19 4
46 22 12
46 24 4
46 30 2
46 31 4
46 38 1
46 39 7
46 40 3
46 41 11
46 43 7
46 44 12
47 1 1
47 2 1
47 3 7
47 7 5
47 9 12
47 10 1
47 11 8
47 14 9
47 15 6
47 16 13
47 17 6
47 19 6
47 22 4
47 27 3
47 28 9
47 33 3
47 35 4
47 36 12
47 37 11
47 39 2
47 40 3
47 45 4
47 46 2
48 0 13
48 3 8
48 4 1
48 5 11
48 6 1
48 9 1
48 10 12
48 11 12
48 12 11
48 18 2
48 20 11
48 23 3
48 24 1
48 25 3
48 26 3
48 27 4
48 29 3
48 32 12
48 34 3
48 35 7
48 41 6
48 42 7
48 46 1
48 47 13
49 0 3
49 6 9
49 7 4
49 9 1
49 10 7
49 14 5
49 16 3
49 17 12
49 20 12
49 22 8
49 23 1
49 26 2
49 27 13
49 28 1
49 29 5
49 30 13
49 34 4
49 35 9
49 36 12
49 38 4
49 42 8
49 43 1
49 44 8
49 45 5
49 46 13
49 47 2
50 0 13
50 1 11
50 3 12
50 9 2
50 10 13
50 12 13
50 15 7
50 18 4
50 19 1
50 23 1
50 24 8
50 27 10
50 28 4
50 29 13
50 32 9
50 33 12
50 34 11
50 35 6
50 37 10
50 38 6
50 39 8
50 40 3
50 41 9
50 45 10
50 47 7
50 48 7
51 2 7
51 3 12
51 4 12
51 5 2
51 6 11
51 7 3
51 10 11
51 11 13
51 13 9
51 15 6
51 16 13
51 17 5
51 19 13
51 20 4
51 21 4
51 22 6
51 23 9
51 24 13
51 27 12
51 28 8
51 33 12
51 35 2
51 37 9
51 38 4
51 39 12
51 43 4
52 2 9
52 3 6
52 5 1
52 7 1
52 8 9
52 9 10
52 11 11
52 14 7
52 15 6
52 18 10
52 20 13
52 21 2
52 22 9
52 25 5
52 26 12
52 27 9
52 28 9
52 29 4
52 30 11
52 31 1
52 33 4
52 34 8
52 35 9
52 36 10
52 38 2
52 39 5
52 41 2
52 42 4
52 43 13
52 44 5
52 45 5
52 46 9
52 49 1
52 50 1
52 51 10
53 0 5
53 1 2
53 2 2
53 4 11
53 7 3
53 10 6
53 13 1
53 14 1
53 16 13
53 19 13
53 20 6
53 22 3
53 23 5
53 25 3
53 27 9
53 34 4
53 38 11
53 40 11
53 41 13
53 43 5
53 44 8
53 46 4
53 47 3
53 48 12
53 49 4
53 51 12
54 6 3
54 11 6
54 20 10
54 21 12
54 22 1
54 23 8
54 24 4
54 27 11
54 29 8
54 31 3
54 32 2
54 33 10
54 35 10
54 36 11
54 37 3
54 38 9
54 39 7
54 41 5
54 42 10
54 46 4
54 48 1
54 52 5
54 53 7
55 0 7
55 1 10
55 2 1
55 3 1
55 4 5
55 6 7
55 8 6
55 9 8
55 11 6
55 14 11
55 15 2
55 17 12
55 18 8
55 20 1
55 21 11
55 23 13
55 25 2
55 26 1
55 28 12
55 30 5
55 32 6
55 34 5
55 39 6
55 40 2
55 42 5
55 43 6
55 46 6
55 47 11
55 49 5
55 52 10
56 1 5
56 4 2
56 5 9
56 6 6
56 10 9
56 12 12
56 15 7
56 17 12
56 18 10
56 22 2
56 24 8
56 25 11
56 27 1
56 28 4
56 29 5
56 35 6
56 36 4
56 38 6
56 44 5
56 51 3
56 53 2
57 0 7
57 1 9
57 3 12
57 5 13
57 6 1
57 11 12
57 12 6
57 13 9
57 16 4
57 18 11
57 19 1
57 21 2
57 22 2
57 23 5
57 24 10
57 25 11
57 27 5
57 29 8
57 30 3
57 31 9
57 34 2
57 35 6
57 39 5
57 40 10
57 42 13
57 43 2
57 47 1
57 49 9
57 50 6
57 51 8
57 54 10
57 55 7
58 0 8
58 1 13
58 2 7
58 6 2
58 10 5
58 11 1
58 12 5
58 13 2
58 14 13
58 16 7
58 17 6
58 19 12
58 20 11
58 23 1
58 24 2
58 25 11
58 27 7
58 29 5
58 30 9
58 31 3
58 33 4
58 41 7
58 44 4
58 45 3
58 46 2
58 48 11
58 50 10
58 52 7
58 53 5
58 56 8
58 57 7
59 0 9
59 2 2
59 4 10
59 5 13
59 8 2
59 9 11
59 10 3
59 11 8
59 12 7
59 13 9
59 15 9
59 16 13
59 18 4
59 20 11
59 21 2
59 28 1
59 30 2
59 38 11
59 40 6
59 41 12
59 42 5
59 45 8
59 46 5
59 47 5
59 48 4
59 51 4
59 53 8
59 54 7
59 55 4
59 56 1
59 57 3
60 1 11
60 3 6
60 7 8
60 8 3
60 9 7
60 10 3
60 11 12
60 12 7
60 13 13
60 14 5
60 15 1
60 16 10
60 17 2
60 19 4
60 21 10
60 22 11
60 23 5
60 24 8
60 25 13
60 26 12
60 29 13
60 30 2
60 33 1
60 34 2
60 38 13
60 39 10
60 40 11
60 41 11
60 42 9
60 43 2
60 44 8
60 45 7
60 46 11
60 47 2
60 48 10
60 50 9
60 53 5
60 55 9
61 0 5
61 2 6
61 3 13
61 4 3
61 6 8
61 8 7
61 12 8
61 18 12
61 19 4
61 22 4
61 24 8
61 25 13
61 28 3
61 29 11
61 30 11
61 32 5
61 34 9
61 36 11
61 37 7
61 38 4
61 46 9
61 47 5
61 49 3
61 50 2
61 51 10
61 56 12
61 58 13
61 59 5
62 0 3
62 2 1
62 3 12
62 4 7
62 5 11
62 11 7
62 12 7
62 13 4
62 17 11
62 19 11
62 20 1
62 23 11
62 27 4
62 29 3
62 30 12
62 34 8
62 38 5
62 42 7
62 44 9
62 45 4
62 47 1
62 48 7
62 52 12
62 53 9
62 54 7
62 55 4
62 59 5
62 60 1
62 61 2
63 1 12
63 2 12
63 3 11
63 4 9
63 8 2
63 9 6
63 10 7
63 11 12
63 14 12
63 15 1
63 17 11
63 18 3
63 19 5
63 21 7
63 22 9
63 24 1
63 25 1
63 26 13
63 28 2
63 29 13
63 31 1
63 32 12
63 36 2
63 37 11
63 39 6
63 40 1
63 41 11
63 43 8
63 44 9
63 45 12
63 46 8
63 47 7
63 48 8
63 49 4
63 51 3
63 52 13
63 54 1
63 58 10
63 59 1
63 60 13
64 1 1
64 2 9
64 3 2
64 5 13
64 10 3
64 11 3
64 14 9
64 16 1
64 20 10
64 21 9
64 22 2
64 23 1
64 24 3
64 25 6
64 26 13
64 28 11
64 32 1
64 36 9
64 38 8
64 39 6
64 40 1
64 43 8
64 44 8
64 45 2
64 50 7
64 52 12
64 53 8
64 54 13
64 57 4
64 58 1
64 61 4
65 2 10
65 6 1
65 7 9
65 8 12
65 11 3
65 13 8
65 14 1
65 16 7
65 18 11
65 23 12
65 24 8
65 25 8
65 28 11
65 30 7
65 35 8
65 36 4
65 38 5
65 39 3
65 40 5
65 41 11
65 43 5
65 46 10
65 48 13
65 49 8
65 50 9
65 52 9
65 53 9
65 56 5
65 58 12
65 59 9
65 62 13
65 63 13
66 0 5
66 1 7
66 2 3
66 7 8
66 8 1
66 10 2
66 11 1
66 14 9
66 16 10
66 20 1
66 21 12
66 23 4
66 24 7
66 26 2
66 27 4
66 31 12
66 34 10
66 35 12
66 37 4
66 41 13
66 43 8
66 44 10
66 46 6
66 49 12
66 50 9
66 52 4
66 54 3
66 57 5
66 60 2
66 62 12
66 64 12
66 65 4
67 1 2
67 4 7
67 5 12
67 6 13
67 7 12
67 15 8
67 23 13
67 27 2
67 31 9
67 33 7
67 35 9
67 39 5
67 40 12
67 42 10
67 44 10
67 45 2
67 46 7
67 47 10
67 54 1
67 55 5
67 57 13
67 60 1
67 62 2
67 65 8
68 1 1
68 2 4
68 3 9
68 6 7
68 7 11
68 8 2
68 11 2
68 13 1
68 14 13
68 15 11
68 19 1
68 21 4
68 22 4
68 25 11
68 26 3
68 29 12
68 30 6
68 31 8
68 33 11
68 34 6
68 36 2
68 37 8
68 39 11
68 40 3
68 42 8
68 45 6
68 47 4
68 49 8
68 52 10
68 53 12
68 54 13
68 57 13
68 58 3
68 61 13
68 63 5
68 65 8
68 66 13
69 2 1
69 6 13
69 7 3
69 9 7
69 10 8
69 14 10
69 15 11
69 16 6
69 17 13
69 18 10
69 19 13
69 20 11
69 23 4
69 24 4
69 25 12
69 26 13
69 27 12
69 31 8
69 36 7
69 40 12
69 41 12
69 42 5
69 43 1
69 48 13
69 49 4
69 50 12
69 52 11
69 53 13
69 54 4
69 56 13
69 58 10
69 59 3
69 60 9
69 63 8
69 64 1
69 66 9
69 67 10
