15
1 0 4
2 0 3
2 1 1
3 0 1
3 1 3
3 2 3
4 0 3
4 1 4
4 2 2
4 3 1
5 0 4
5 1 1
5 2 4
5 3 4
5 4 1
6 0 3
6 1 3
6 2 4
6 3 4
6 4 4
6 5 3
7 0 1
7 1 1
7 2 4
7 3 4
7 4 1
7 5 4
7 6 3
8 0 3
8 1 3
8 2 3
8 3 1
8 4 3
8 5 3
8 6 4
8 7 1
9 0 2
9 1 2
9 2 1
9 3 1
9 4 2
9 5 1
9 6 2
9 7 2
9 8 2
10 0 4
10 1 1
10 2 3
10 3 1
10 4 1
10 5 3
10 6 4
10 7 1
10 8 4
10 9 4
11 0 3
11 1 2
11 2 1
11 3 4
11 4 1
11 5 1
11 6 3
11 7 1
11 8 2
11 9 4
11 10 2
12 0 1
12 1 2
12 2 4
12 3 3
12 4 2
12 5 4
12 6 1
12 7 2
12 8 4
12 9 1
12 10 3
12 11 4
13 0 4
13 1 3
13 2 2
13 3 2
13 4 1
13 5 4
13 6 4
13 7 3
13 8 1
13 9 4
13 10 3
13 11 1
13 12 2
14 0 2
14 1 4
14 2 3
14 3 1
14 4 2
14 5 4
14 6 4
14 7 2
14 8 1
14 9 1
14 10 4
14 11 3
14 12 4
14 13 2
