60
1 0 4
2 0 3
2 1 1
3 0 1
3 1 7
3 2 7
4 0 6
4 1 1
4 2 1
4 3 2
5 0 5
5 1 1
5 2 2
5 3 6
5 4 3
6 0 5
6 1 5
6 2 5
6 3 2
6 4 3
6 5 7
7 0 4
7 1 7
7 2 1
7 3 4
7 4 3
7 5 5
7 6 1
8 0 6
8 1 1
8 2 6
8 3 2
8 4 3
8 5 4
8 6 6
8 7 4
9 0 5
9 1 6
9 2 2
9 3 3
9 4 1
9 5 7
9 6 7
9 7 4
9 8 3
10 0 5
10 1 5
10 2 1
10 3 4
10 4 1
10 5 2
10 6 1
10 7 2
10 8 5
10 9 5
11 0 5
11 1 1
11 2 5
11 3 5
11 4 4
11 5 5
11 6 1
11 7 5
11 8 4
11 9 6
11 10 2
12 0 4
12 1 3
12 2 3
12 3 3
12 4 7
12 5 6
12 6 2
12 7 2
12 8 7
12 9 4
12 10 6
12 11 4
13 0 5
13 1 3
13 2 6
13 3 7
13 4 2
13 5 6
13 6 7
13 7 6
13 8 3
13 9 1
13 10 3
13 11 2
13 12 7
14 0 1
14 1 1
14 2 5
14 3 6
14 4 1
14 5 3
14 6 1
14 7 3
14 8 3
14 9 2
14 10 5
14 11 1
14 12 6
14 13 4
15 0 2
15 1 5
15 2 4
15 3 5
15 4 5
15 5 1
15 6 7
15 7 6
15 8 6
15 9 2
15 10 6
15 11 5
15 12 3
15 13 4
15 14 5
16 0 4
16 1 6
16 2 5
16 3 1
16 4 4
16 5 4
16 6 2
16 7 4
16 8 1
16 9 1
16 10 3
16 11 3
16 12 6
16 13 1
16 14 3
16 15 3
17 0 3
17 1 7
17 2 1
17 3 4
17 4 4
17 5 6
17 6 4
17 7 4
17 8 7
17 9 2
17 10 3
17 11 6
17 12 4
17 13 1
17 14 3
17 15 4
17 16 1
18 0 2
18 1 2
18 2 1
18 3 2
18 4 3
18 5 6
18 6 6
18 7 5
18 8 7
18 9 5
18 10 6
18 11 6
18 12 6
18 13 7
18 14 5
18 15 7
18 16 1
18 17 1
19 0 6
19 1 6
19 2 7
19 3 7
19 4 5
19 5 2
19 6 2
19 7 5
19 8 4
19 9 5
19 10 3
19 11 1
19 12 7
19 13 5
19 14 4
19 15 4
19 16 4
19 17 2
19 18 5
20 0 5
20 1 1
20 2 6
20 3 5
20 4 5
20 5 3
20 6 5
20 7 4
20 8 2
20 9 3
20 10 2
20 11 5
20 12 5
20 13 4
20 14 3
20 15 4
20 16 2
20 17 2
20 18 7
20 19 4
21 0 7
21 1 7
21 2 3
21 3 6
21 4 6
21 5 1
21 6 5
21 7 2
21 8 7
21 9 6
21 10 2
21 11 5
21 12 5
21 13 5
21 14 5
21 15 5
21 16 3
21 17 2
21 18 1
21 19 5
21 20 7
22 0 3
22 1 6
22 2 2
22 3 4
22 4 2
22 5 3
22 6 5
22 7 3
22 8 7
22 9 3
22 10 4
22 11 7
22 12 6
22 13 1
22 14 2
22 15 1
22 16 6
22 17 1
22 18 1
22 19 7
22 20 7
22 21 2
23 0 7
23 1 2
23 2 2
23 3 3
23 4 3
23 5 6
23 6 3
23 7 5
23 8 6
23 9 1
23 10 4
23 11 2
23 12 7
23 13 1
23 14 4
23 15 3
23 16 7
23 17 2
23 18 1
23 19 2
23 20 7
23 21 4
23 22 6
24 0 3
24 1 4
24 2 2
24 3 3
24 4 3
24 5 3
24 6 1
24 7 3
24 8 7
24 9 4
24 10 6
24 11 1
24 12 3
24 13 5
24 14 6
24 15 3
24 16 7
24 17 2
24 18 4
24 19 6
24 20 7
24 21 5
24 22 3
24 23 6
25 0 2
25 1 4
25 2 2
25 3 1
25 4 6
25 5 7
25 6 4
25 7 1
25 8 7
25 9 6
25 10 1
25 11 3
25 12 6
25 13 6
25 14 4
25 15 1
25 16 1
25 17 4
25 18 3
25 19 7
25 20 6
25 21 2
25 22 4
25 23 2
25 24 1
26 0 6
26 1 2
26 2 4
26 3 4
26 4 6
26 5 2
26 6 2
26 7 4
26 8 4
26 9 7
26 10 4
26 11 4
26 12 5
26 13 1
26 14 3
26 15 3
26 16 6
26 17 7
26 18 7
26 19 4
26 20 5
26 21 7
26 22 4
26 23 7
26 24 5
26 25 5
27 0 1
27 1 4
27 2 7
27 3 7
27 4 1
27 5 4
27 6 1
27 7 7
27 8 7
27 9 3
27 10 5
27 11 2
27 12 1
27 13 4
27 14 6
27 15 7
27 16 7
27 17 6
27 18 6
27 19 4
27 20 7
27 21 6
27 22 2
27 23 2
27 24 3
27 25 4
27 26 3
28 0 6
28 1 7
28 2 6
28 3 2
28 4 6
28 5 3
28 6 5
28 7 3
28 8 4
28 9 7
28 10 5
28 11 4
28 12 1
28 13 1
28 14 4
28 15 5
28 16 1
28 17 6
28 18 7
28 19 7
28 20 5
28 21 2
28 22 2
28 23 6
28 24 5
28 25 2
28 26 5
28 27 5
29 0 6
29 1 6
29 2 4
29 3 4
29 4 6
29 5 5
29 6 1
29 7 7
29 8 5
29 9 4
29 10 4
29 11 6
29 12 7
29 13 4
29 14 7
29 15 4
29 16 1
29 17 1
29 18 4
29 19 7
29 20 4
29 21 5
29 22 1
29 23 5
29 24 7
29 25 3
29 26 5
29 27 2
29 28 1
30 0 5
30 1 5
30 2 7
30 3 4
30 4 5
30 5 5
30 6 5
30 7 1
30 8 2
30 9 7
30 10 3
30 11 3
30 12 1
30 13 2
30 14 2
30 15 7
30 16 6
30 17 6
30 18 7
30 19 4
30 20 5
30 21 6
30 22 4
30 23 1
30 24 1
30 25 7
30 26 6
30 27 7
30 28 7
30 29 1
31 0 4
31 1 7
31 2 4
31 3 7
31 4 1
31 5 2
31 6 4
31 7 5
31 8 4
31 9 2
31 10 3
31 11 5
31 12 5
31 13 2
31 14 2
31 15 3
31 16 4
31 17 2
31 18 5
31 19 4
31 20 1
31 21 6
31 22 7
31 23 1
31 24 6
31 25 5
31 26 4
31 27 4
31 28 7
31 29 7
31 30 3
32 0 6
32 1 6
32 2 6
32 3 4
32 4 6
32 5 6
32 6 1
32 7 2
32 8 5
32 9 3
32 10 7
32 11 2
32 12 2
32 13 6
32 14 4
32 15 4
32 16 6
32 17 3
32 18 4
32 19 1
32 20 1
32 21 4
32 22 6
32 23 1
32 24 3
32 25 2
32 26 3
32 27 7
32 28 7
32 29 3
32 30 3
32 31 4
33 0 7
33 1 6
33 2 5
33 3 1
33 4 7
33 5 7
33 6 4
33 7 7
33 8 3
33 9 6
33 10 6
33 11 3
33 12 2
33 13 6
33 14 2
33 15 1
33 16 6
33 17 5
33 18 1
33 19 7
33 20 1
33 21 2
33 22 2
33 23 5
33 24 7
33 25 3
33 26 4
33 27 1
33 28 6
33 29 1
33 30 6
33 31 5
33 32 3
34 0 2
34 1 5
34 2 4
34 3 7
34 4 7
34 5 2
34 6 1
34 7 2
34 8 4
34 9 5
34 10 4
34 11 6
34 12 4
34 13 5
34 14 4
34 15 6
34 16 7
34 17 3
34 18 3
34 19 6
34 20 7
34 21 4
34 22 6
34 23 4
34 24 4
34 25 7
34 26 1
34 27 4
34 28 5
34 29 3
34 30 5
34 31 3
34 32 7
34 33 2
35 0 2
35 1 5
35 2 6
35 3 3
35 4 7
35 5 1
35 6 3
35 7 1
35 8 2
35 9 6
35 10 5
35 11 4
35 12 2
35 13 2
35 14 3
35 15 7
35 16 6
35 17 1
35 18 7
35 19 7
35 20 1
35 21 4
35 22 7
35 23 5
35 24 6
35 25 5
35 26 3
35 27 5
35 28 5
35 29 2
35 30 3
35 31 7
35 32 6
35 33 4
35 34 5
36 0 4
36 1 1
36 2 7
36 3 2
36 4 4
36 5 5
36 6 1
36 7 3
36 8 6
36 9 7
36 10 6
36 11 7
36 12 4
36 13 5
36 14 5
36 15 1
36 16 6
36 17 4
36 18 5
36 19 3
36 20 3
36 21 3
36 22 2
36 23 2
36 24 4
36 25 5
36 26 3
36 27 1
36 28 7
36 29 5
36 30 2
36 31 3
36 32 2
36 33 5
36 34 4
36 35 6
37 0 3
37 1 4
37 2 3
37 3 6
37 4 6
37 5 1
37 6 6
37 7 6
37 8 4
37 9 7
37 10 1
37 11 2
37 12 4
37 13 2
37 14 2
37 15 4
37 16 4
37 17 3
37 18 3
37 19 3
37 20 5
37 21 2
37 22 6
37 23 1
37 24 1
37 25 5
37 26 6
37 27 5
37 28 5
37 29 4
37 30 3
37 31 6
37 32 1
37 33 2
37 34 1
37 35 2
37 36 5
38 0 1
38 1 5
38 2 6
38 3 3
38 4 2
38 5 7
38 6 6
38 7 2
38 8 4
38 9 6
38 10 1
38 11 6
38 12 3
38 13 7
38 14 4
38 15 3
38 16 5
38 17 3
38 18 3
38 19 1
38 20 2
38 21 3
38 22 5
38 23 1
38 24 6
38 25 1
38 26 3
38 27 2
38 28 2
38 29 1
38 30 4
38 31 1
38 32 7
38 33 2
38 34 2
38 35 2
38 36 1
38 37 6
39 0 5
39 1 5
39 2 7
39 3 1
39 4 5
39 5 1
39 6 2
39 7 7
39 8 7
39 9 1
39 10 1
39 11 6
39 12 7
39 13 1
39 14 3
39 15 7
39 16 2
39 17 3
39 18 5
39 19 5
39 20 5
39 21 3
39 22 6
39 23 1
39 24 6
39 25 1
39 26 1
39 27 2
39 28 2
39 29 7
39 30 5
39 31 2
39 32 7
39 33 3
39 34 5
39 35 7
39 36 2
39 37 5
39 38 6
40 0 2
40 1 3
40 2 2
40 3 5
40 4 1
40 5 6
40 6 3
40 7 4
40 8 4
40 9 6
40 10 6
40 11 5
40 12 4
40 13 6
40 14 6
40 15 6
40 16 5
40 17 2
40 18 6
40 19 6
40 20 6
40 21 3
40 22 7
40 23 4
40 24 5
40 25 2
40 26 5
40 27 7
40 28 2
40 29 4
40 30 1
40 31 4
40 32 7
40 33 1
40 34 1
40 35 2
40 36 1
40 37 7
40 38 3
40 39 3
41 0 3
41 1 4
41 2 5
41 3 3
41 4 1
41 5 1
41 6 5
41 7 7
41 8 4
41 9 5
41 10 1
41 11 4
41 12 5
41 13 2
41 14 7
41 15 6
41 16 6
41 17 4
41 18 6
41 19 7
41 20 5
41 21 7
41 22 2
41 23 3
41 24 3
41 25 5
41 26 1
41 27 1
41 28 6
41 29 6
41 30 7
41 31 4
41 32 7
41 33 5
41 34 6
41 35 3
41 36 4
41 37 5
41 38 5
41 39 3
41 40 6
42 0 2
42 1 4
42 2 3
42 3 6
42 4 2
42 5 3
42 6 1
42 7 3
42 8 5
42 9 6
42 10 2
42 11 1
42 12 4
42 13 7
42 14 2
42 15 3
42 16 6
42 17 7
42 18 3
42 19 5
42 20 5
42 21 2
42 22 7
42 23 5
42 24 3
42 25 3
42 26 1
42 27 6
42 28 7
42 29 2
42 30 4
42 31 3
42 32 5
42 33 1
42 34 2
42 35 4
42 36 6
42 37 4
42 38 2
42 39 1
42 40 4
42 41 7
43 0 3
43 1 5
43 2 5
43 3 3
43 4 3
43 5 3
43 6 5
43 7 2
43 8 3
43 9 1
43 10 2
43 11 1
43 12 3
43 13 4
43 14 1
43 15 1
43 16 6
43 17 6
43 18 6
43 19 6
43 20 3
43 21 7
43 22 7
43 23 2
43 24 4
43 25 1
43 26 1
43 27 3
43 28 2
43 29 3
43 30 1
43 31 3
43 32 5
43 33 5
43 34 3
43 35 1
43 36 1
43 37 1
43 38 7
43 39 5
43 40 1
43 41 1
43 42 1
44 0 6
44 1 7
44 2 1
44 3 4
44 4 7
44 5 4
44 6 5
44 7 7
44 8 7
44 9 1
44 10 1
44 11 2
44 12 6
44 13 5
44 14 1
44 15 6
44 16 4
44 17 1
44 18 6
44 19 2
44 20 6
44 21 6
44 22 2
44 23 2
44 24 7
44 25 3
44 26 3
44 27 5
44 28 3
44 29 1
44 30 2
44 31 4
44 32 4
44 33 6
44 34 1
44 35 4
44 36 1
44 37 5
44 38 2
44 39 1
44 40 6
44 41 7
44 42 4
44 43 1
45 0 7
45 1 6
45 2 7
45 3 2
45 4 6
45 5 2
45 6 2
45 7 2
45 8 5
45 9 7
45 10 6
45 11 2
45 12 1
45 13 4
45 14 4
45 15 4
45 16 6
45 17 1
45 18 1
45 19 6
45 20 3
45 21 5
45 22 4
45 23 5
45 24 6
45 25 3
45 26 4
45 27 1
45 28 2
45 29 3
45 30 3
45 31 7
45 32 7
45 33 3
45 34 1
45 35 3
45 36 2
45 37 5
45 38 7
45 39 4
45 40 1
45 41 7
45 42 3
45 43 7
45 44 7
46 0 2
46 1 5
46 2 2
46 3 3
46 4 6
46 5 3
46 6 6
46 7 3
46 8 2
46 9 7
46 10 4
46 11 4
46 12 1
46 13 4
46 14 7
46 15 5
46 16 6
46 17 5
46 18 3
46 19 2
46 20 6
46 21 5
46 22 4
46 23 7
46 24 1
46 25 4
46 26 5
46 27 2
46 28 6
46 29 7
46 30 3
46 31 5
46 32 7
46 33 5
46 34 6
46 35 3
46 36 7
46 37 3
46 38 6
46 39 3
46 40 7
46 41 5
46 42 2
46 43 2
46 44 5
46 45 4
47 0 1
47 1 7
47 2 3
47 3 1
47 4 3
47 5 1
47 6 2
47 7 4
47 8 1
47 9 5
47 10 1
47 11 2
47 12 1
47 13 2
47 14 1
47 15 1
47 16 3
47 17 6
47 18 6
47 19 6
47 20 1
47 21 4
47 22 2
47 23 6
47 24 1
47 25 6
47 26 5
47 27 2
47 28 7
47 29 7
47 30 2
47 31 5
47 32 1
47 33 4
47 34 1
47 35 5
47 36 3
47 37 6
47 38 4
47 39 7
47 40 6
47 41 6
47 42 2
47 43 4
47 44 1
47 45 3
47 46 7
48 0 7
48 1 2
48 2 2
48 3 4
48 4 1
48 5 2
48 6 7
48 7 7
48 8 2
48 9 6
48 10 7
48 11 6
48 12 7
48 13 1
48 14 7
48 15 6
48 16 5
48 17 3
48 18 1
48 19 6
48 20 7
48 21 6
48 22 3
48 23 5
48 24 2
48 25 4
48 26 2
48 27 7
48 28 6
48 29 6
48 30 6
48 31 6
48 32 1
48 33 3
48 34 7
48 35 5
48 36 2
48 37 1
48 38 6
48 39 2
48 40 5
48 41 6
48 42 7
48 43 4
48 44 1
48 45 7
48 46 2
48 47 5
49 0 4
49 1 3
49 2 3
49 3 5
49 4 4
49 5 3
49 6 4
49 7 3
49 8 3
49 9 2
49 10 5
49 11 6
49 12 1
49 13 1
49 14 6
49 15 1
49 16 5
49 17 5
49 18 4
49 19 7
49 20 7
49 21 4
49 22 5
49 23 5
49 24 3
49 25 5
49 26 1
49 27 5
49 28 4
49 29 6
49 30 6
49 31 7
49 32 7
49 33 2
49 34 5
49 35 3
49 36 4
49 37 5
49 38 5
49 39 3
49 40 4
49 41 5
49 42 2
49 43 1
49 44 2
49 45 3
49 46 2
49 47 1
49 48 6
50 0 3
50 1 2
50 2 3
50 3 6
50 4 4
50 5 7
50 6 5
50 7 6
50 8 7
50 9 3
50 10 6
50 11 6
50 12 3
50 13 4
50 14 6
50 15 2
50 16 7
50 17 5
50 18 4
50 19 7
50 20 1
50 21 5
50 22 7
50 23 2
50 24 4
50 25 5
50 26 6
50 27 3
50 28 4
50 29 2
50 30 1
50 31 3
50 32 4
50 33 4
50 34 7
50 35 2
50 36 4
50 37 1
50 38 4
50 39 7
50 40 2
50 41 4
50 42 5
50 43 2
50 44 5
50 45 6
50 46 1
50 47 5
50 48 7
50 49 4
51 0 2
51 1 7
51 2 2
51 3 7
51 4 1
51 5 5
51 6 7
51 7 3
51 8 7
51 9 5
51 10 7
51 11 5
51 12 3
51 13 6
51 14 2
51 15 4
51 16 7
51 17 7
51 18 5
51 19 3
51 20 5
51 21 4
51 22 5
51 23 6
51 24 4
51 25 2
51 26 6
51 27 6
51 28 1
51 29 6
51 30 5
51 31 7
51 32 5
51 33 5
51 34 6
51 35 7
51 36 4
51 37 1
51 38 2
51 39 2
51 40 4
51 41 2
51 42 3
51 43 1
51 44 3
51 45 6
51 46 5
51 47 4
51 48 1
51 49 3
51 50 1
52 0 2
52 1 4
52 2 3
52 3 2
52 4 2
52 5 7
52 6 5
52 7 6
52 8 1
52 9 1
52 10 6
52 11 2
52 12 5
52 13 2
52 14 7
52 15 5
52 16 4
52 17 5
52 18 3
52 19 5
52 20 6
52 21 6
52 22 5
52 23 4
52 24 4
52 25 6
52 26 7
52 27 6
52 28 1
52 29 4
52 30 7
52 31 7
52 32 2
52 33 1
52 34 3
52 35 3
52 36 6
52 37 5
52 38 7
52 39 5
52 40 4
52 41 3
52 42 3
52 43 7
52 44 5
52 45 2
52 46 2
52 47 7
52 48 6
52 49 2
52 50 5
52 51 2
53 0 6
53 1 4
53 2 6
53 3 3
53 4 7
53 5 5
53 6 5
53 7 7
53 8 5
53 9 4
53 10 3
53 11 5
53 12 6
53 13 1
53 14 7
53 15 4
53 16 3
53 17 3
53 18 3
53 19 2
53 20 5
53 21 1
53 22 1
53 23 5
53 24 6
53 25 3
53 26 1
53 27 2
53 28 6
53 29 4
53 30 3
53 31 5
53 32 4
53 33 4
53 34 4
53 35 1
53 36 3
53 37 6
53 38 2
53 39 6
53 40 1
53 41 5
53 42 3
53 43 7
53 44 7
53 45 3
53 46 3
53 47 2
53 48 4
53 49 1
53 50 3
53 51 2
53 52 7
54 0 2
54 1 1
54 2 7
54 3 3
54 4 2
54 5 2
54 6 4
54 7 4
54 8 1
54 9 1
54 10 1
54 11 7
54 12 2
54 13 6
54 14 5
54 15 2
54 16 4
54 17 3
54 18 5
54 19 6
54 20 3
54 21 1
54 22 4
54 23 7
54 24 3
54 25 5
54 26 7
54 27 4
54 28 1
54 29 3
54 30 6
54 31 1
54 32 3
54 33 2
54 34 7
54 35 6
54 36 4
54 37 7
54 38 1
54 39 7
54 40 6
54 41 4
54 42 5
54 43 6
54 44 6
54 45 4
54 46 6
54 47 5
54 48 4
54 49 4
54 50 7
54 51 2
54 52 2
54 53 6
55 0 6
55 1 4
55 2 5
55 3 1
55 4 3
55 5 2
55 6 3
55 7 6
55 8 5
55 9 6
55 10 7
55 11 7
55 12 3
55 13 2
55 14 1
55 15 7
55 16 1
55 17 3
55 18 1
55 19 2
55 20 1
55 21 3
55 22 5
55 23 3
55 24 2
55 25 2
55 26 4
55 27 3
55 28 3
55 29 3
55 30 3
55 31 3
55 32 4
55 33 3
55 34 2
55 35 5
55 36 2
55 37 5
55 38 6
55 39 4
55 40 1
55 41 6
55 42 5
55 43 1
55 44 2
55 45 4
55 46 6
55 47 7
55 48 2
55 49 4
55 50 5
55 51 7
55 52 2
55 53 7
55 54 5
56 0 7
56 1 1
56 2 6
56 3 1
56 4 1
56 5 4
56 6 2
56 7 1
56 8 1
56 9 4
56 10 5
56 11 4
56 12 4
56 13 7
56 14 5
56 15 3
56 16 5
56 17 5
56 18 5
56 19 5
56 20 4
56 21 6
56 22 6
56 23 5
56 24 3
56 25 5
56 26 1
56 27 6
56 28 6
56 29 7
56 30 5
56 31 3
56 32 3
56 33 2
56 34 7
56 35 2
56 36 3
56 37 3
56 38 6
56 39 1
56 40 6
56 41 1
56 42 2
56 43 6
56 44 7
56 45 4
56 46 1
56 47 2
56 48 4
56 49 3
56 50 5
56 51 5
56 52 5
56 53 4
56 54 4
56 55 2
57 0 2
57 1 5
57 2 3
57 3 3
57 4 7
57 5 5
57 6 3
57 7 1
57 8 2
57 9 7
57 10 1
57 11 5
57 12 4
57 13 2
57 14 1
57 15 6
57 16 6
57 17 3
57 18 2
57 19 3
57 20 6
57 21 3
57 22 7
57 23 4
57 24 7
57 25 2
57 26 5
57 27 3
57 28 1
57 29 7
57 30 3
57 31 4
57 32 5
57 33 3
57 34 3
57 35 7
57 36 7
57 37 5
57 38 4
57 39 5
57 40 5
57 41 7
57 42 5
57 43 2
57 44 4
57 45 7
57 46 7
57 47 7
57 48 3
57 49 4
57 50 3
57 51 1
57 52 5
57 53 3
57 54 2
57 55 7
57 56 3
58 0 2
58 1 2
58 2 4
58 3 7
58 4 7
58 5 3
58 6 1
58 7 6
58 8 3
58 9 7
58 10 4
58 11 7
58 12 6
58 13 3
58 14 5
58 15 4
58 16 1
58 17 4
58 18 4
58 19 6
58 20 1
58 21 7
58 22 7
58 23 2
58 24 6
58 25 1
58 26 6
58 27 7
58 28 5
58 29 3
58 30 2
58 31 5
58 32 5
58 33 4
58 34 2
58 35 6
58 36 5
58 37 2
58 38 4
58 39 5
58 40 1
58 41 3
58 42 6
58 43 3
58 44 4
58 45 1
58 46 6
58 47 2
58 48 4
58 49 2
58 50 7
58 51 2
58 52 7
58 53 4
58 54 1
58 55 3
58 56 6
58 57 6
59 0 6
59 1 2
59 2 6
59 3 2
59 4 6
59 5 4
59 6 3
59 7 5
59 8 4
59 9 6
59 10 6
59 11 7
59 12 3
59 13 6
59 14 2
59 15 1
59 16 1
59 17 4
59 18 5
59 19 5
59 20 3
59 21 2
59 22 4
59 23 2
59 24 4
59 25 1
59 26 4
59 27 2
59 28 4
59 29 2
59 30 3
59 31 2
59 32 5
59 33 7
59 34 1
59 35 5
59 36 2
59 37 2
59 38 2
59 39 5
59 40 7
59 41 2
59 42 2
59 43 3
59 44 2
59 45 2
59 46 1
59 47 4
59 48 5
59 49 1
59 50 1
59 51 1
59 52 7
59 53 2
59 54 3
59 55 5
59 56 6
59 57 3
59 58 4
