60
1 0 6
2 0 7
2 1 4
3 0 2
3 1 7
3 2 1
4 0 1
4 1 3
4 2 7
4 3 3
5 0 6
5 1 7
5 2 2
5 3 3
5 4 5
6 0 2
6 1 1
6 2 2
6 3 2
6 4 5
6 5 5
7 0 2
7 1 1
7 2 5
7 3 4
7 4 1
7 5 6
7 6 3
8 0 3
8 1 2
8 2 3
8 3 6
8 4 5
8 5 3
8 6 2
8 7 5
9 0 1
9 1 1
9 2 2
9 3 2
9 4 6
9 5 5
9 6 3
9 7 2
9 8 1
10 0 6
10 1 6
10 2 3
10 3 1
10 4 4
10 5 3
10 6 3
10 7 6
10 8 6
10 9 5
11 0 7
11 1 5
11 2 4
11 3 2
11 4 2
11 5 7
11 6 4
11 7 7
11 8 3
11 9 1
11 10 7
12 0 2
12 1 7
12 2 1
12 3 7
12 4 4
12 5 6
12 6 5
12 7 5
12 8 7
12 9 7
12 10 5
12 11 1
13 0 3
13 1 2
13 2 6
13 3 1
13 4 2
13 5 5
13 6 1
13 7 6
13 8 5
13 9 7
13 10 2
13 11 2
13 12 1
14 0 4
14 1 4
14 2 5
14 3 3
14 4 6
14 5 2
14 6 3
14 7 3
14 8 6
14 9 3
14 10 6
14 11 1
14 12 2
14 13 1
15 0 3
15 1 3
15 2 6
15 3 7
15 4 1
15 5 7
15 6 4
15 7 4
15 8 5
15 9 4
15 10 3
15 11 1
15 12 4
15 13 4
15 14 5
16 0 1
16 1 1
16 2 6
16 3 3
16 4 3
16 5 2
16 6 3
16 7 3
16 8 5
16 9 2
16 10 4
16 11 5
16 12 5
16 13 1
16 14 4
16 15 4
17 0 5
17 1 4
17 2 7
17 3 1
17 4 3
17 5 7
17 6 2
17 7 1
17 8 3
17 9 2
17 10 1
17 11 5
17 12 5
17 13 7
17 14 2
17 15 7
17 16 7
18 0 6
18 1 4
18 2 2
18 3 6
18 4 2
18 5 1
18 6 5
18 7 2
18 8 7
18 9 4
18 10 7
18 11 3
18 12 1
18 13 7
18 14 7
18 15 2
18 16 1
18 17 2
19 0 7
19 1 3
19 2 6
19 3 2
19 4 6
19 5 1
19 6 4
19 7 1
19 8 4
19 9 7
19 10 5
19 11 1
19 12 4
19 13 2
19 14 5
19 15 5
19 16 5
19 17 3
19 18 2
20 0 1
20 1 5
20 2 6
20 3 1
20 4 1
20 5 6
20 6 4
20 7 6
20 8 7
20 9 7
20 10 7
20 11 1
20 12 2
20 13 2
20 14 7
20 15 6
20 16 7
20 17 7
20 18 7
20 19 2
21 0 4
21 1 5
21 2 2
21 3 7
21 4 4
21 5 3
21 6 6
21 7 3
21 8 1
21 9 2
21 10 2
21 11 5
21 12 1
21 13 7
21 14 2
21 15 3
21 16 6
21 17 6
21 18 4
21 19 1
21 20 3
22 0 6
22 1 7
22 2 6
22 3 3
22 4 1
22 5 1
22 6 6
22 7 2
22 8 7
22 9 4
22 10 1
22 11 3
22 12 1
22 13 3
22 14 5
22 15 6
22 16 1
22 17 2
22 18 5
22 19 3
22 20 2
22 21 6
23 0 5
23 1 3
23 2 5
23 3 7
23 4 7
23 5 3
23 6 4
23 7 4
23 8 7
23 9 6
23 10 1
23 11 6
23 12 3
23 13 4
23 14 6
23 15 6
23 16 2
23 17 4
23 18 1
23 19 3
23 20 7
23 21 6
23 22 5
24 0 3
24 1 7
24 2 3
24 3 1
24 4 5
24 5 5
24 6 3
24 7 1
24 8 5
24 9 4
24 10 1
24 11 1
24 12 7
24 13 3
24 14 3
24 15 4
24 16 1
24 17 4
24 18 7
24 19 5
24 20 7
24 21 5
24 22 6
24 23 1
25 0 7
25 1 7
25 2 5
25 3 3
25 4 7
25 5 3
25 6 5
25 7 4
25 8 2
25 9 5
25 10 4
25 11 2
25 12 4
25 13 2
25 14 2
25 15 3
25 16 6
25 17 1
25 18 4
25 19 4
25 20 5
25 21 2
25 22 6
25 23 4
25 24 7
26 0 4
26 1 1
26 2 5
26 3 7
26 4 1
26 5 6
26 6 3
26 7 1
26 8 1
26 9 7
26 10 3
26 11 7
26 12 6
26 13 7
26 14 4
26 15 5
26 16 6
26 17 5
26 18 4
26 19 1
26 20 4
26 21 6
26 22 4
26 23 3
26 24 1
26 25 1
27 0 3
27 1 3
27 2 3
27 3 4
27 4 2
27 5 7
27 6 1
27 7 7
27 8 7
27 9 6
27 10 1
27 11 2
27 12 3
27 13 2
27 14 7
27 15 6
27 16 7
27 17 2
27 18 7
27 19 4
27 20 1
27 21 1
27 22 2
27 23 7
27 24 2
27 25 3
27 26 6
28 0 3
28 1 4
28 2 7
28 3 2
28 4 3
28 5 4
28 6 1
28 7 2
28 8 2
28 9 3
28 10 1
28 11 1
28 12 5
28 13 4
28 14 5
28 15 5
28 16 2
28 17 1
28 18 1
28 19 3
28 20 2
28 21 2
28 22 7
28 23 2
28 24 5
28 25 1
28 26 5
28 27 7
29 0 1
29 1 6
29 2 3
29 3 2
29 4 2
29 5 2
29 6 3
29 7 5
29 8 7
29 9 3
29 10 7
29 11 2
29 12 2
29 13 6
29 14 4
29 15 3
29 16 4
29 17 5
29 18 3
29 19 6
29 20 4
29 21 4
29 22 4
29 23 2
29 24 3
29 25 5
29 26 6
29 27 6
29 28 6
30 0 7
30 1 4
30 2 6
30 3 1
30 4 5
30 5 7
30 6 2
30 7 6
30 8 2
30 9 5
30 10 4
30 11 5
30 12 1
30 13 7
30 14 7
30 15 1
30 16 3
30 17 4
30 18 5
30 19 3
30 20 3
30 21 1
30 22 7
30 23 5
30 24 4
30 25 3
30 26 5
30 27 7
30 28 7
30 29 5
31 0 1
31 1 7
31 2 4
31 3 7
31 4 4
31 5 3
31 6 7
31 7 6
31 8 4
31 9 6
31 10 2
31 11 7
31 12 6
31 13 3
31 14 2
31 15 5
31 16 3
31 17 7
31 18 6
31 19 2
31 20 7
31 21 4
31 22 3
31 23 1
31 24 3
31 25 7
31 26 4
31 27 4
31 28 2
31 29 5
31 30 5
32 0 6
32 1 1
32 2 6
32 3 3
32 4 3
32 5 4
32 6 7
32 7 3
32 8 1
32 9 1
32 10 4
32 11 7
32 12 6
32 13 7
32 14 6
32 15 7
32 16 7
32 17 5
32 18 7
32 19 6
32 20 5
32 21 4
32 22 4
32 23 3
32 24 7
32 25 1
32 26 7
32 27 3
32 28 5
32 29 7
32 30 7
32 31 3
33 0 5
33 1 6
33 2 7
33 3 2
33 4 6
33 5 7
33 6 7
33 7 1
33 8 6
33 9 6
33 10 7
33 11 4
33 12 1
33 13 3
33 14 7
33 15 2
33 16 5
33 17 2
33 18 6
33 19 3
33 20 7
33 21 2
33 22 1
33 23 1
33 24 6
33 25 1
33 26 7
33 27 5
33 28 5
33 29 3
33 30 2
33 31 1
33 32 6
34 0 1
34 1 5
34 2 5
34 3 5
34 4 6
34 5 4
34 6 3
34 7 3
34 8 2
34 9 3
34 10 4
34 11 5
34 12 3
34 13 5
34 14 3
34 15 4
34 16 3
34 17 5
34 18 1
34 19 6
34 20 3
34 21 6
34 22 3
34 23 4
34 24 1
34 25 1
34 26 4
34 27 3
34 28 1
34 29 2
34 30 6
34 31 4
34 32 5
34 33 7
35 0 5
35 1 4
35 2 5
35 3 5
35 4 4
35 5 2
35 6 5
35 7 6
35 8 2
35 9 5
35 10 4
35 11 2
35 12 1
35 13 3
35 14 7
35 15 3
35 16 5
35 17 2
35 18 3
35 19 5
35 20 5
35 21 1
35 22 6
35 23 5
35 24 4
35 25 1
35 26 3
35 27 2
35 28 6
35 29 2
35 30 7
35 31 4
35 32 1
35 33 3
35 34 1
36 0 7
36 1 2
36 2 1
36 3 5
36 4 3
36 5 5
36 6 3
36 7 4
36 8 2
36 9 1
36 10 2
36 11 7
36 12 5
36 13 6
36 14 6
36 15 3
36 16 1
36 17 4
36 18 5
36 19 6
36 20 1
36 21 7
36 22 7
36 23 6
36 24 3
36 25 5
36 26 1
36 27 5
36 28 6
36 29 7
36 30 5
36 31 6
36 32 3
36 33 7
36 34 2
36 35 2
37 0 3
37 1 5
37 2 3
37 3 6
37 4 3
37 5 3
37 6 7
37 7 2
37 8 4
37 9 2
37 10 3
37 11 4
37 12 7
37 13 6
37 14 5
37 15 3
37 16 1
37 17 4
37 18 1
37 19 3
37 20 3
37 21 1
37 22 1
37 23 5
37 24 6
37 25 5
37 26 4
37 27 1
37 28 4
37 29 3
37 30 2
37 31 3
37 32 7
37 33 3
37 34 3
37 35 6
37 36 7
38 0 1
38 1 1
38 2 7
38 3 6
38 4 2
38 5 7
38 6 6
38 7 5
38 8 5
38 9 5
38 10 3
38 11 5
38 12 1
38 13 1
38 14 1
38 15 1
38 16 5
38 17 3
38 18 1
38 19 4
38 20 4
38 21 1
38 22 6
38 23 7
38 24 4
38 25 2
38 26 1
38 27 7
38 28 1
38 29 2
38 30 5
38 31 4
38 32 4
38 33 5
38 34 5
38 35 1
38 36 5
38 37 3
39 0 7
39 1 1
39 2 5
39 3 2
39 4 1
39 5 5
39 6 5
39 7 2
39 8 1
39 9 5
39 10 7
39 11 6
39 12 6
39 13 3
39 14 6
39 15 5
39 16 4
39 17 6
39 18 1
39 19 5
39 20 4
39 21 6
39 22 4
39 23 6
39 24 4
39 25 1
39 26 1
39 27 4
39 28 6
39 29 7
39 30 4
39 31 6
39 32 5
39 33 3
39 34 2
39 35 2
39 36 1
39 37 6
39 38 3
40 0 1
40 1 7
40 2 2
40 3 4
40 4 1
40 5 3
40 6 2
40 7 6
40 8 2
40 9 7
40 10 4
40 11 1
40 12 4
40 13 3
40 14 2
40 15 7
40 16 2
40 17 1
40 18 3
40 19 5
40 20 1
40 21 5
40 22 7
40 23 1
40 24 7
40 25 2
40 26 4
40 27 2
40 28 1
40 29 6
40 30 4
40 31 7
40 32 3
40 33 7
40 34 4
40 35 2
40 36 6
40 37 1
40 38 2
40 39 3
41 0 6
41 1 4
41 2 7
41 3 5
41 4 1
41 5 6
41 6 2
41 7 4
41 8 1
41 9 2
41 10 3
41 11 6
41 12 2
41 13 1
41 14 4
41 15 7
41 16 6
41 17 1
41 18 1
41 19 7
41 20 5
41 21 4
41 22 4
41 23 2
41 24 3
41 25 7
41 26 1
41 27 2
41 28 5
41 29 3
41 30 6
41 31 6
41 32 1
41 33 1
41 34 7
41 35 5
41 36 1
41 37 3
41 38 1
41 39 7
41 40 3
42 0 2
42 1 3
42 2 4
42 3 3
42 4 1
42 5 7
42 6 4
42 7 4
42 8 4
42 9 1
42 10 4
42 11 4
42 12 4
42 13 5
42 14 3
42 15 7
42 16 5
42 17 1
42 18 2
42 19 5
42 20 6
42 21 5
42 22 6
42 23 2
42 24 7
42 25 4
42 26 3
42 27 4
42 28 1
42 29 1
42 30 2
42 31 6
42 32 7
42 33 5
42 34 6
42 35 2
42 36 3
42 37 5
42 38 2
42 39 7
42 40 7
42 41 2
43 0 3
43 1 7
43 2 3
43 3 2
43 4 7
43 5 6
43 6 2
43 7 5
43 8 6
43 9 7
43 10 2
43 11 6
43 12 1
43 13 5
43 14 6
43 15 7
43 16 7
43 17 7
43 18 3
43 19 1
43 20 5
43 21 7
43 22 6
43 23 3
43 24 5
43 25 7
43 26 6
43 27 2
43 28 5
43 29 6
43 30 2
43 31 6
43 32 4
43 33 4
43 34 5
43 35 2
43 36 4
43 37 2
43 38 3
43 39 7
43 40 1
43 41 7
43 42 1
44 0 4
44 1 1
44 2 1
44 3 1
44 4 3
44 5 3
44 6 2
44 7 1
44 8 1
44 9 4
44 10 3
44 11 7
44 12 2
44 13 4
44 14 2
44 15 4
44 16 7
44 17 2
44 18 2
44 19 1
44 20 3
44 21 4
44 22 7
44 23 5
44 24 2
44 25 2
44 26 1
44 27 5
44 28 2
44 29 4
44 30 6
44 31 3
44 32 3
44 33 4
44 34 6
44 35 2
44 36 2
44 37 7
44 38 4
44 39 3
44 40 2
44 41 6
44 42 7
44 43 1
45 0 5
45 1 6
45 2 6
45 3 4
45 4 4
45 5 5
45 6 6
45 7 2
45 8 2
45 9 4
45 10 2
45 11 3
45 12 6
45 13 1
45 14 2
45 15 2
45 16 5
45 17 4
45 18 4
45 19 1
45 20 1
45 21 2
45 22 3
45 23 3
45 24 7
45 25 6
45 26 1
45 27 6
45 28 7
45 29 2
45 30 4
45 31 4
45 32 1
45 33 4
45 34 7
45 35 7
45 36 4
45 37 2
45 38 4
45 39 7
45 40 4
45 41 6
45 42 7
45 43 3
45 44 3
46 0 1
46 1 7
46 2 2
46 3 4
46 4 7
46 5 3
46 6 7
46 7 7
46 8 5
46 9 5
46 10 1
46 11 5
46 12 2
46 13 1
46 14 4
46 15 5
46 16 2
46 17 5
46 18 3
46 19 3
46 20 4
46 21 6
46 22 1
46 23 1
46 24 6
46 25 6
46 26 6
46 27 2
46 28 4
46 29 7
46 30 3
46 31 6
46 32 3
46 33 7
46 34 2
46 35 7
46 36 7
46 37 3
46 38 5
46 39 2
46 40 4
46 41 7
46 42 1
46 43 3
46 44 2
46 45 3
47 0 5
47 1 3
47 2 4
47 3 5
47 4 5
47 5 2
47 6 1
47 7 6
47 8 7
47 9 7
47 10 4
47 11 5
47 12 3
47 13 2
47 14 3
47 15 5
47 16 1
47 17 1
47 18 3
47 19 7
47 20 7
47 21 1
47 22 4
47 23 3
47 24 5
47 25 2
47 26 4
47 27 6
47 28 6
47 29 2
47 30 5
47 31 5
47 32 7
47 33 1
47 34 2
47 35 2
47 36 6
47 37 1
47 38 7
47 39 5
47 40 7
47 41 5
47 42 7
47 43 1
47 44 4
47 45 7
47 46 7
48 0 5
48 1 4
48 2 7
48 3 7
48 4 1
48 5 3
48 6 5
48 7 3
48 8 4
48 9 4
48 10 7
48 11 7
48 12 7
48 13 1
48 14 2
48 15 1
48 16 4
48 17 3
48 18 6
48 19 4
48 20 4
48 21 1
48 22 1
48 23 5
48 24 2
48 25 1
48 26 3
48 27 5
48 28 6
48 29 3
48 30 1
48 31 6
48 32 2
48 33 7
48 34 4
48 35 5
48 36 7
48 37 4
48 38 1
48 39 2
48 40 5
48 41 3
48 42 1
48 43 3
48 44 1
48 45 4
48 46 1
48 47 1
49 0 2
49 1 3
49 2 5
49 3 4
49 4 3
49 5 6
49 6 5
49 7 7
49 8 2
49 9 5
49 10 4
49 11 5
49 12 1
49 13 3
49 14 6
49 15 7
49 16 5
49 17 5
49 18 7
49 19 5
49 20 1
49 21 7
49 22 7
49 23 6
49 24 1
49 25 1
49 26 1
49 27 3
49 28 1
49 29 7
49 30 5
49 31 5
49 32 5
49 33 4
49 34 5
49 35 3
49 36 1
49 37 3
49 38 5
49 39 1
49 40 2
49 41 6
49 42 4
49 43 3
49 44 1
49 45 6
49 46 1
49 47 2
49 48 5
50 0 2
50 1 3
50 2 2
50 3 4
50 4 2
50 5 2
50 6 7
50 7 7
50 8 5
50 9 7
50 10 2
50 11 1
50 12 7
50 13 3
50 14 7
50 15 7
50 16 1
50 17 6
50 18 4
50 19 1
50 20 2
50 21 7
50 22 2
50 23 1
50 24 5
50 25 4
50 26 3
50 27 5
50 28 5
50 29 5
50 30 6
50 31 6
50 32 1
50 33 7
50 34 6
50 35 3
50 36 6
50 37 6
50 38 2
50 39 4
50 40 6
50 41 4
50 42 1
50 43 2
50 44 5
50 45 6
50 46 3
50 47 4
50 48 7
50 49 1
51 0 6
51 1 6
51 2 5
51 3 2
51 4 6
51 5 2
51 6 4
51 7 4
51 8 7
51 9 7
51 10 4
51 11 5
51 12 4
51 13 1
51 14 3
51 15 2
51 16 5
51 17 1
51 18 6
51 19 7
51 20 6
51 21 2
51 22 5
51 23 1
51 24 4
51 25 5
51 26 4
51 27 2
51 28 5
51 29 5
51 30 5
51 31 3
51 32 4
51 33 2
51 34 7
51 35 1
51 36 4
51 37 4
51 38 2
51 39 7
51 40 6
51 41 4
51 42 4
51 43 6
51 44 7
51 45 4
51 46 3
51 47 2
51 48 7
51 49 1
51 50 3
52 0 2
52 1 1
52 2 1
52 3 6
52 4 5
52 5 1
52 6 7
52 7 2
52 8 5
52 9 5
52 10 5
52 11 4
52 12 5
52 13 6
52 14 7
52 15 7
52 16 3
52 17 6
52 18 1
52 19 7
52 20 3
52 21 5
52 22 7
52 23 6
52 24 4
52 25 6
52 26 3
52 27 6
52 28 2
52 29 7
52 30 4
52 31 4
52 32 3
52 33 1
52 34 5
52 35 7
52 36 2
52 37 7
52 38 2
52 39 7
52 40 2
52 41 4
52 42 7
52 43 2
52 44 5
52 45 6
52 46 7
52 47 4
52 48 5
52 49 4
52 50 6
52 51 4
53 0 6
53 1 1
53 2 6
53 3 5
53 4 5
53 5 5
53 6 6
53 7 7
53 8 5
53 9 1
53 10 1
53 11 4
53 12 2
53 13 1
53 14 4
53 15 7
53 16 7
53 17 2
53 18 2
53 19 7
53 20 5
53 21 5
53 22 2
53 23 2
53 24 1
53 25 4
53 26 2
53 27 2
53 28 3
53 29 7
53 30 5
53 31 7
53 32 7
53 33 6
53 34 1
53 35 3
53 36 5
53 37 7
53 38 4
53 39 4
53 40 7
53 41 1
53 42 2
53 43 1
53 44 1
53 45 1
53 46 4
53 47 2
53 48 6
53 49 1
53 50 3
53 51 1
53 52 4
54 0 3
54 1 6
54 2 3
54 3 4
54 4 1
54 5 1
54 6 3
54 7 7
54 8 4
54 9 2
54 10 1
54 11 4
54 12 4
54 13 6
54 14 7
54 15 7
54 16 4
54 17 6
54 18 5
54 19 1
54 20 3
54 21 2
54 22 5
54 23 6
54 24 4
54 25 2
54 26 2
54 27 3
54 28 3
54 29 2
54 30 7
54 31 1
54 32 4
54 33 3
54 34 2
54 35 6
54 36 1
54 37 5
54 38 7
54 39 2
54 40 7
54 41 4
54 42 2
54 43 4
54 44 2
54 45 1
54 46 4
54 47 5
54 48 1
54 49 4
54 50 5
54 51 7
54 52 1
54 53 5
55 0 6
55 1 2
55 2 6
55 3 1
55 4 4
55 5 6
55 6 5
55 7 3
55 8 7
55 9 6
55 10 7
55 11 4
55 12 7
55 13 7
55 14 6
55 15 2
55 16 2
55 17 1
55 18 3
55 19 5
55 20 2
55 21 6
55 22 3
55 23 1
55 24 2
55 25 2
55 26 7
55 27 4
55 28 4
55 29 1
55 30 6
55 31 1
55 32 4
55 33 6
55 34 3
55 35 2
55 36 1
55 37 6
55 38 6
55 39 6
55 40 6
55 41 3
55 42 5
55 43 6
55 44 1
55 45 3
55 46 6
55 47 2
55 48 3
55 49 1
55 50 7
55 51 4
55 52 5
55 53 1
55 54 7
56 0 3
56 1 5
56 2 2
56 3 3
56 4 4
56 5 2
56 6 1
56 7 5
56 8 5
56 9 4
56 10 1
56 11 6
56 12 6
56 13 3
56 14 7
56 15 1
56 16 5
56 17 6
56 18 4
56 19 6
56 20 6
56 21 5
56 22 4
56 23 6
56 24 1
56 25 1
56 26 1
56 27 1
56 28 2
56 29 5
56 30 3
56 31 6
56 32 7
56 33 6
56 34 5
56 35 4
56 36 3
56 37 6
56 38 2
56 39 3
56 40 7
56 41 6
56 42 1
56 43 6
56 44 2
56 45 2
56 46 7
56 47 3
56 48 1
56 49 7
56 50 1
56 51 1
56 52 1
56 53 5
56 54 7
56 55 2
57 0 2
57 1 5
57 2 1
57 3 4
57 4 7
57 5 2
57 6 5
57 7 2
57 8 7
57 9 5
57 10 3
57 11 1
57 12 2
57 13 6
57 14 3
57 15 2
57 16 3
57 17 3
57 18 1
57 19 7
57 20 3
57 21 4
57 22 2
57 23 1
57 24 5
57 25 6
57 26 5
57 27 3
57 28 2
57 29 1
57 30 6
57 31 7
57 32 2
57 33 5
57 34 7
57 35 2
57 36 4
57 37 6
57 38 2
57 39 2
57 40 4
57 41 4
57 42 4
57 43 6
57 44 1
57 45 6
57 46 4
57 47 2
57 48 1
57 49 2
57 50 4
57 51 6
57 52 3
57 53 6
57 54 1
57 55 6
57 56 6
58 0 3
58 1 6
58 2 6
58 3 5
58 4 5
58 5 7
58 6 5
58 7 5
58 8 5
58 9 5
58 10 1
58 11 2
58 12 7
58 13 3
58 14 4
58 15 5
58 16 6
58 17 4
58 18 1
58 19 7
58 20 2
58 21 7
58 22 4
58 23 2
58 24 3
58 25 1
58 26 5
58 27 2
58 28 7
58 29 6
58 30 6
58 31 3
58 32 2
58 33 6
58 34 6
58 35 6
58 36 6
58 37 5
58 38 1
58 39 7
58 40 2
58 41 4
58 42 5
58 43 2
58 44 3
58 45 5
58 46 2
58 47 5
58 48 3
58 49 5
58 50 2
58 51 1
58 52 2
58 53 1
58 54 2
58 55 3
58 56 2
58 57 1
59 0 6
59 1 6
59 2 7
59 3 3
59 4 1
59 5 1
59 6 5
59 7 2
59 8 2
59 9 2
59 10 7
59 11 3
59 12 7
59 13 6
59 14 7
59 15 6
59 16 4
59 17 4
59 18 7
59 19 4
59 20 3
59 21 7
59 22 7
59 23 4
59 24 1
59 25 4
59 26 6
59 27 7
59 28 5
59 29 1
59 30 6
59 31 4
59 32 1
59 33 5
59 34 1
59 35 7
59 36 2
59 37 1
59 38 1
59 39 1
59 40 7
59 41 1
59 42 3
59 43 3
59 44 2
59 45 5
59 46 5
59 47 1
59 48 7
59 49 1
59 50 3
59 51 7
59 52 1
59 53 5
59 54 6
59 55 7
59 56 6
59 57 2
59 58 6
