70
1 0 4
2 0 1
2 1 10
3 0 10
3 1 5
3 2 2
4 0 6
4 1 5
4 2 3
4 3 2
5 0 8
5 1 8
5 2 10
5 3 4
5 4 5
6 0 1
6 1 9
6 2 5
6 3 6
6 4 9
6 5 7
7 0 5
7 1 7
7 2 2
7 3 5
7 4 5
7 5 7
7 6 1
8 0 9
8 1 7
8 2 6
8 3 4
8 4 10
8 5 7
8 6 3
8 7 4
9 0 7
9 1 5
9 2 8
9 3 6
9 4 4
9 5 4
9 6 1
9 7 1
9 8 8
10 0 8
10 1 1
10 2 7
10 3 7
10 4 3
10 5 4
10 6 7
10 7 4
10 8 1
10 9 8
11 0 10
11 1 2
11 2 3
11 3 1
11 4 1
11 5 4
11 6 6
11 7 7
11 8 3
11 9 7
11 10 10
12 0 4
12 1 4
12 2 7
12 3 10
12 4 8
12 5 5
12 6 11
12 7 1
12 8 3
12 9 3
12 10 10
12 11 11
13 0 10
13 1 5
13 2 7
13 3 10
13 4 3
13 5 5
13 6 6
13 7 1
13 8 1
13 9 4
13 10 10
13 11 5
13 12 7
14 0 7
14 1 1
14 2 5
14 3 8
14 4 2
14 5 1
14 6 11
14 7 9
14 8 11
14 9 9
14 10 4
14 11 1
14 12 7
14 13 1
15 0 6
15 1 5
15 2 9
15 3 2
15 4 10
15 5 1
15 6 7
15 7 11
15 8 4
15 9 9
15 10 1
15 11 5
15 12 2
15 13 8
15 14 3
16 0 8
16 1 6
16 2 2
16 3 8
16 4 5
16 5 10
16 6 2
16 7 8
16 8 3
16 9 2
16 10 1
16 11 8
16 12 9
16 13 10
16 14 9
16 15 8
17 0 4
17 1 5
17 2 9
17 3 4
17 4 7
17 5 10
17 6 1
17 7 11
17 8 9
17 9 11
17 10 3
17 11 10
17 12 8
17 13 3
17 14 11
17 15 6
17 16 4
18 0 7
18 1 11
18 2 7
18 3 11
18 4 2
18 5 6
18 6 3
18 7 5
18 8 6
18 9 2
18 10 1
18 11 2
18 12 7
18 13 11
18 14 10
18 15 9
18 16 11
18 17 1
19 0 1
19 1 11
19 2 10
19 3 8
19 4 9
19 5 9
19 6 9
19 7 11
19 8 9
19 9 9
19 10 1
19 11 3
19 12 5
19 13 3
19 14 7
19 15 9
19 16 8
19 17 2
19 18 7
20 0 9
20 1 1
20 2 5
20 3 9
20 4 8
20 5 5
20 6 11
20 7 2
20 8 3
20 9 9
20 10 7
20 11 2
20 12 7
20 13 9
20 14 4
20 15 7
20 16 2
20 17 3
20 18 2
20 19 3
21 0 3
21 1 6
21 2 11
21 3 10
21 4 1
21 5 9
21 6 11
21 7 8
21 8 10
21 9 3
21 10 8
21 11 9
21 12 6
21 13 8
21 14 11
21 15 2
21 16 11
21 17 3
21 18 8
21 19 9
21 20 9
22 0 4
22 1 9
22 2 9
22 3 3
22 4 2
22 5 8
22 6 1
22 7 4
22 8 9
22 9 5
22 10 8
22 11 10
22 12 9
22 13 10
22 14 1
22 15 8
22 16 11
22 17 10
22 18 2
22 19 7
22 20 6
22 21 7
23 0 3
23 1 10
23 2 11
23 3 4
23 4 4
23 5 1
23 6 4
23 7 6
23 8 6
23 9 8
23 10 10
23 11 9
23 12 10
23 13 1
23 14 5
23 15 1
23 16 11
23 17 10
23 18 4
23 19 2
23 20 6
23 21 8
23 22 4
24 0 11
24 1 7
24 2 3
24 3 4
24 4 10
24 5 8
24 6 11
24 7 1
24 8 7
24 9 6
24 10 11
24 11 1
24 12 3
24 13 9
24 14 1
24 15 10
24 16 4
24 17 10
24 18 6
24 19 4
24 20 9
24 21 6
24 22 10
24 23 6
25 0 4
25 1 7
25 2 5
25 3 11
25 4 1
25 5 2
25 6 8
25 7 3
25 8 4
25 9 2
25 10 1
25 11 10
25 12 11
25 13 6
25 14 4
25 15 1
25 16 9
25 17 1
25 18 1
25 19 11
25 20 3
25 21 2
25 22 3
25 23 7
25 24 1
26 0 10
26 1 5
26 2 7
26 3 3
26 4 2
26 5 11
26 6 10
26 7 9
26 8 7
26 9 6
26 10 5
26 11 2
26 12 2
26 13 11
26 14 10
26 15 6
26 16 6
26 17 11
26 18 11
26 19 11
26 20 6
26 21 2
26 22 9
26 23 3
26 24 10
26 25 4
27 0 4
27 1 4
27 2 10
27 3 2
27 4 2
27 5 8
27 6 5
27 7 3
27 8 4
27 9 5
27 10 9
27 11 9
27 12 2
27 13 2
27 14 3
27 15 3
27 16 6
27 17 7
27 18 9
27 19 1
27 20 3
27 21 8
27 22 1
27 23 10
27 24 3
27 25 3
27 26 6
28 0 7
28 1 10
28 2 1
28 3 3
28 4 5
28 5 9
28 6 2
28 7 10
28 8 11
28 9 9
28 10 6
28 11 11
28 12 10
28 13 5
28 14 2
28 15 3
28 16 4
28 17 9
28 18 7
28 19 5
28 20 10
28 21 9
28 22 8
28 23 9
28 24 3
28 25 2
28 26 2
28 27 8
29 0 5
29 1 8
29 2 2
29 3 2
29 4 2
29 5 5
29 6 4
29 7 10
29 8 5
29 9 1
29 10 9
29 11 4
29 12 4
29 13 2
29 14 3
29 15 3
29 16 10
29 17 10
29 18 6
29 19 9
29 20 4
29 21 6
29 22 11
29 23 3
29 24 5
29 25 7
29 26 10
29 27 7
29 28 3
30 0 1
30 1 10
30 2 5
30 3 6
30 4 9
30 5 10
30 6 6
30 7 3
30 8 7
30 9 7
30 10 7
30 11 2
30 12 1
30 13 2
30 14 4
30 15 8
30 16 7
30 17 2
30 18 10
30 19 5
30 20 4
30 21 3
30 22 2
30 23 4
30 24 8
30 25 2
30 26 5
30 27 5
30 28 3
30 29 9
31 0 7
31 1 8
31 2 10
31 3 1
31 4 10
31 5 4
31 6 1
31 7 10
31 8 8
31 9 11
31 10 9
31 11 8
31 12 9
31 13 2
31 14 3
31 15 4
31 16 2
31 17 7
31 18 6
31 19 3
31 20 1
31 21 6
31 22 9
31 23 10
31 24 8
31 25 9
31 26 8
31 27 11
31 28 6
31 29 5
31 30 8
32 0 11
32 1 4
32 2 5
32 3 2
32 4 3
32 5 3
32 6 3
32 7 6
32 8 1
32 9 6
32 10 9
32 11 1
32 12 2
32 13 2
32 14 10
32 15 7
32 16 5
32 17 6
32 18 7
32 19 4
32 20 4
32 21 2
32 22 2
32 23 1
32 24 9
32 25 8
32 26 5
32 27 2
32 28 4
32 29 9
32 30 1
32 31 9
33 0 5
33 1 2
33 2 4
33 3 3
33 4 7
33 5 7
33 6 4
33 7 8
33 8 8
33 9 3
33 10 2
33 11 6
33 12 3
33 13 4
33 14 1
33 15 7
33 16 7
33 17 8
33 18 4
33 19 2
33 20 6
33 21 6
33 22 9
33 23 9
33 24 5
33 25 3
33 26 1
33 27 11
33 28 7
33 29 7
33 30 11
33 31 4
33 32 2
34 0 5
34 1 6
34 2 9
34 3 9
34 4 9
34 5 6
34 6 11
34 7 9
34 8 11
34 9 1
34 10 2
34 11 3
34 12 6
34 13 7
34 14 11
34 15 10
34 16 6
34 17 2
34 18 3
34 19 11
34 20 9
34 21 6
34 22 9
34 23 7
34 24 7
34 25 4
34 26 7
34 27 8
34 28 8
34 29 4
34 30 7
34 31 11
34 32 5
34 33 10
35 0 3
35 1 1
35 2 11
35 3 5
35 4 3
35 5 11
35 6 9
35 7 9
35 8 9
35 9 3
35 10 5
35 11 9
35 12 1
35 13 5
35 14 1
35 15 9
35 16 6
35 17 1
35 18 2
35 19 7
35 20 11
35 21 3
35 22 4
35 23 1
35 24 3
35 25 11
35 26 8
35 27 8
35 28 10
35 29 1
35 30 7
35 31 8
35 32 6
35 33 1
35 34 4
36 0 10
36 1 9
36 2 11
36 3 10
36 4 7
36 5 4
36 6 10
36 7 5
36 8 6
36 9 10
36 10 6
36 11 9
36 12 8
36 13 3
36 14 10
36 15 5
36 16 4
36 17 7
36 18 2
36 19 4
36 20 1
36 21 6
36 22 9
36 23 4
36 24 5
36 25 3
36 26 10
36 27 10
36 28 2
36 29 1
36 30 1
36 31 10
36 32 9
36 33 10
36 34 8
36 35 7
37 0 5
37 1 6
37 2 11
37 3 6
37 4 5
37 5 4
37 6 2
37 7 11
37 8 5
37 9 10
37 10 2
37 11 9
37 12 6
37 13 5
37 14 6
37 15 2
37 16 1
37 17 7
37 18 4
37 19 6
37 20 5
37 21 3
37 22 3
37 23 4
37 24 6
37 25 11
37 26 10
37 27 8
37 28 6
37 29 4
37 30 2
37 31 10
37 32 3
37 33 9
37 34 10
37 35 1
37 36 1
38 0 2
38 1 4
38 2 8
38 3 3
38 4 4
38 5 6
38 6 11
38 7 10
38 8 1
38 9 6
38 10 11
38 11 9
38 12 4
38 13 11
38 14 3
38 15 9
38 16 5
38 17 10
38 18 2
38 19 9
38 20 10
38 21 7
38 22 1
38 23 8
38 24 1
38 25 10
38 26 11
38 27 2
38 28 7
38 29 8
38 30 4
38 31 2
38 32 5
38 33 5
38 34 11
38 35 10
38 36 5
38 37 4
39 0 1
39 1 4
39 2 6
39 3 4
39 4 2
39 5 4
39 6 11
39 7 6
39 8 4
39 9 9
39 10 2
39 11 11
39 12 11
39 13 8
39 14 8
39 15 11
39 16 9
39 17 1
39 18 1
39 19 1
39 20 11
39 21 7
39 22 4
39 23 6
39 24 11
39 25 3
39 26 5
39 27 3
39 28 11
39 29 3
39 30 2
39 31 4
39 32 10
39 33 1
39 34 3
39 35 4
39 36 9
39 37 11
39 38 3
40 0 9
40 1 11
40 2 9
40 3 3
40 4 10
40 5 7
40 6 2
40 7 2
40 8 6
40 9 11
40 10 8
40 11 9
40 12 5
40 13 11
40 14 6
40 15 11
40 16 3
40 17 10
40 18 8
40 19 1
40 20 9
40 21 1
40 22 10
40 23 1
40 24 6
40 25 5
40 26 5
40 27 7
40 28 1
40 29 3
40 30 9
40 31 6
40 32 7
40 33 3
40 34 9
40 35 3
40 36 1
40 37 9
40 38 9
40 39 5
41 0 4
41 1 7
41 2 11
41 3 1
41 4 9
41 5 11
41 6 5
41 7 7
41 8 1
41 9 1
41 10 2
41 11 7
41 12 1
41 13 4
41 14 9
41 15 4
41 16 4
41 17 3
41 18 9
41 19 3
41 20 9
41 21 4
41 22 5
41 23 7
41 24 4
41 25 1
41 26 2
41 27 10
41 28 2
41 29 9
41 30 8
41 31 11
41 32 10
41 33 6
41 34 5
41 35 4
41 36 11
41 37 1
41 38 6
41 39 1
41 40 4
42 0 8
42 1 10
42 2 4
42 3 9
42 4 2
42 5 2
42 6 8
42 7 9
42 8 6
42 9 8
42 10 2
42 11 3
42 12 6
42 13 3
42 14 9
42 15 3
42 16 8
42 17 3
42 18 9
42 19 3
42 20 1
42 21 2
42 22 10
42 23 8
42 24 8
42 25 7
42 26 7
42 27 10
42 28 10
42 29 3
42 30 10
42 31 1
42 32 5
42 33 2
42 34 4
42 35 9
42 36 11
42 37 9
42 38 11
42 39 7
42 40 5
42 41 11
43 0 4
43 1 9
43 2 5
43 3 11
43 4 8
43 5 9
43 6 4
43 7 3
43 8 10
43 9 11
43 10 10
43 11 6
43 12 1
43 13 7
43 14 9
43 15 8
43 16 4
43 17 11
43 18 6
43 19 9
43 20 5
43 21 9
43 22 6
43 23 2
43 24 10
43 25 9
43 26 8
43 27 9
43 28 10
43 29 7
43 30 11
43 31 2
43 32 11
43 33 2
43 34 3
43 35 2
43 36 10
43 37 5
43 38 10
43 39 3
43 40 9
43 41 9
43 42 11
44 0 1
44 1 1
44 2 11
44 3 5
44 4 6
44 5 7
44 6 2
44 7 7
44 8 9
44 9 1
44 10 10
44 11 11
44 12 2
44 13 5
44 14 1
44 15 9
44 16 7
44 17 5
44 18 7
44 19 5
44 20 4
44 21 8
44 22 9
44 23 5
44 24 9
44 25 7
44 26 3
44 27 6
44 28 10
44 29 3
44 30 11
44 31 4
44 32 9
44 33 8
44 34 10
44 35 3
44 36 8
44 37 10
44 38 10
44 39 8
44 40 4
44 41 7
44 42 8
44 43 7
45 0 9
45 1 10
45 2 4
45 3 8
45 4 10
45 5 1
45 6 6
45 7 3
45 8 5
45 9 9
45 10 6
45 11 3
45 12 7
45 13 4
45 14 6
45 15 6
45 16 9
45 17 1
45 18 10
45 19 7
45 20 10
45 21 10
45 22 1
45 23 9
45 24 6
45 25 11
45 26 7
45 27 5
45 28 9
45 29 10
45 30 7
45 31 3
45 32 2
45 33 7
45 34 10
45 35 4
45 36 2
45 37 7
45 38 10
45 39 7
45 40 6
45 41 2
45 42 7
45 43 7
45 44 6
46 0 6
46 1 7
46 2 8
46 3 5
46 4 9
46 5 11
46 6 11
46 7 4
46 8 9
46 9 5
46 10 3
46 11 6
46 12 6
46 13 8
46 14 2
46 15 7
46 16 7
46 17 3
46 18 3
46 19 11
46 20 11
46 21 7
46 22 1
46 23 7
46 24 6
46 25 8
46 26 11
46 27 8
46 28 8
46 29 11
46 30 4
46 31 7
46 32 2
46 33 4
46 34 2
46 35 10
46 36 3
46 37 2
46 38 10
46 39 3
46 40 3
46 41 11
46 42 10
46 43 7
46 44 5
46 45 9
47 0 1
47 1 10
47 2 8
47 3 9
47 4 11
47 5 7
47 6 9
47 7 9
47 8 1
47 9 2
47 10 5
47 11 7
47 12 10
47 13 5
47 14 2
47 15 11
47 16 9
47 17 8
47 18 6
47 19 9
47 20 10
47 21 1
47 22 1
47 23 11
47 24 3
47 25 2
47 26 8
47 27 8
47 28 9
47 29 8
47 30 10
47 31 7
47 32 4
47 33 9
47 34 5
47 35 10
47 36 6
47 37 6
47 38 4
47 39 3
47 40 2
47 41 2
47 42 5
47 43 2
47 44 7
47 45 6
47 46 8
48 0 3
48 1 11
48 2 9
48 3 8
48 4 11
48 5 7
48 6 9
48 7 7
48 8 4
48 9 8
48 10 4
48 11 4
48 12 6
48 13 9
48 14 8
48 15 9
48 16 6
48 17 11
48 18 8
48 19 7
48 20 11
48 21 6
48 22 3
48 23 8
48 24 6
48 25 7
48 26 11
48 27 4
48 28 11
48 29 8
48 30 5
48 31 7
48 32 2
48 33 10
48 34 3
48 35 8
48 36 6
48 37 3
48 38 3
48 39 6
48 40 2
48 41 10
48 42 10
48 43 5
48 44 6
48 45 8
48 46 10
48 47 6
49 0 5
49 1 7
49 2 4
49 3 6
49 4 2
49 5 7
49 6 4
49 7 8
49 8 4
49 9 3
49 10 2
49 11 8
49 12 7
49 13 8
49 14 7
49 15 11
49 16 3
49 17 8
49 18 8
49 19 11
49 20 2
49 21 7
49 22 8
49 23 4
49 24 5
49 25 11
49 26 8
49 27 4
49 28 9
49 29 3
49 30 5
49 31 4
49 32 1
49 33 1
49 34 10
49 35 5
49 36 10
49 37 2
49 38 11
49 39 3
49 40 11
49 41 9
49 42 3
49 43 11
49 44 5
49 45 9
49 46 2
49 47 3
49 48 8
50 0 6
50 1 6
50 2 10
50 3 5
50 4 1
50 5 2
50 6 2
50 7 1
50 8 11
50 9 1
50 10 7
50 11 3
50 12 6
50 13 8
50 14 8
50 15 10
50 16 9
50 17 3
50 18 3
50 19 7
50 20 11
50 21 9
50 22 4
50 23 4
50 24 11
50 25 2
50 26 11
50 27 8
50 28 7
50 29 6
50 30 1
50 31 11
50 32 3
50 33 6
50 34 3
50 35 9
50 36 3
50 37 10
50 38 4
50 39 6
50 40 5
50 41 3
50 42 5
50 43 9
50 44 10
50 45 1
50 46 10
50 47 9
50 48 9
50 49 2
51 0 6
51 1 3
51 2 11
51 3 2
51 4 3
51 5 6
51 6 7
51 7 8
51 8 6
51 9 9
51 10 7
51 11 1
51 12 6
51 13 2
51 14 11
51 15 9
51 16 1
51 17 3
51 18 7
51 19 4
51 20 1
51 21 5
51 22 1
51 23 2
51 24 4
51 25 9
51 26 5
51 27 3
51 28 8
51 29 6
51 30 3
51 31 3
51 32 5
51 33 2
51 34 8
51 35 4
51 36 9
51 37 4
51 38 10
51 39 9
51 40 11
51 41 8
51 42 10
51 43 11
51 44 4
51 45 4
51 46 9
51 47 2
51 48 4
51 49 3
51 50 4
52 0 8
52 1 1
52 2 2
52 3 8
52 4 2
52 5 10
52 6 7
52 7 8
52 8 6
52 9 5
52 10 6
52 11 2
52 12 2
52 13 1
52 14 5
52 15 1
52 16 5
52 17 6
52 18 11
52 19 4
52 20 5
52 21 2
52 22 4
52 23 10
52 24 7
52 25 3
52 26 6
52 27 5
52 28 9
52 29 2
52 30 4
52 31 6
52 32 3
52 33 6
52 34 11
52 35 4
52 36 6
52 37 4
52 38 6
52 39 5
52 40 8
52 41 9
52 42 8
52 43 9
52 44 1
52 45 10
52 46 9
52 47 11
52 48 1
52 49 6
52 50 9
52 51 2
53 0 10
53 1 11
53 2 8
53 3 10
53 4 3
53 5 6
53 6 7
53 7 10
53 8 2
53 9 5
53 10 5
53 11 4
53 12 6
53 13 1
53 14 9
53 15 5
53 16 2
53 17 3
53 18 4
53 19 11
53 20 5
53 21 5
53 22 6
53 23 8
53 24 6
53 25 1
53 26 3
53 27 2
53 28 9
53 29 11
53 30 9
53 31 3
53 32 1
53 33 9
53 34 3
53 35 11
53 36 11
53 37 11
53 38 2
53 39 11
53 40 5
53 41 1
53 42 1
53 43 4
53 44 6
53 45 3
53 46 9
53 47 1
53 48 4
53 49 11
53 50 7
53 51 3
53 52 4
54 0 10
54 1 7
54 2 2
54 3 6
54 4 8
54 5 8
54 6 6
54 7 11
54 8 1
54 9 7
54 10 6
54 11 5
54 12 4
54 13 7
54 14 2
54 15 11
54 16 5
54 17 11
54 18 2
54 19 3
54 20 2
54 21 5
54 22 3
54 23 8
54 24 6
54 25 5
54 26 1
54 27 2
54 28 9
54 29 11
54 30 1
54 31 2
54 32 9
54 33 4
54 34 7
54 35 10
54 36 1
54 37 4
54 38 11
54 39 5
54 40 5
54 41 7
54 42 10
54 43 2
54 44 3
54 45 2
54 46 7
54 47 6
54 48 1
54 49 4
54 50 3
54 51 11
54 52 5
54 53 8
55 0 8
55 1 6
55 2 2
55 3 5
55 4 1
55 5 6
55 6 2
55 7 4
55 8 3
55 9 9
55 10 11
55 11 5
55 12 10
55 13 5
55 14 3
55 15 11
55 16 3
55 17 10
55 18 10
55 19 2
55 20 6
55 21 5
55 22 11
55 23 1
55 24 1
55 25 3
55 26 10
55 27 7
55 28 9
55 29 4
55 30 8
55 31 11
55 32 9
55 33 11
55 34 3
55 35 11
55 36 1
55 37 6
55 38 3
55 39 9
55 40 9
55 41 7
55 42 8
55 43 10
55 44 5
55 45 10
55 46 3
55 47 11
55 48 2
55 49 11
55 50 10
55 51 10
55 52 10
55 53 6
55 54 11
56 0 2
56 1 2
56 2 5
56 3 5
56 4 9
56 5 10
56 6 9
56 7 1
56 8 6
56 9 6
56 10 3
56 11 6
56 12 2
56 13 8
56 14 3
56 15 2
56 16 10
56 17 8
56 18 7
56 19 9
56 20 1
56 21 11
56 22 4
56 23 1
56 24 3
56 25 7
56 26 4
56 27 6
56 28 5
56 29 3
56 30 1
56 31 10
56 32 5
56 33 10
56 34 8
56 35 1
56 36 1
56 37 11
56 38 5
56 39 8
56 40 11
56 41 11
56 42 9
56 43 10
56 44 10
56 45 8
56 46 1
56 47 1
56 48 9
56 49 10
56 50 6
56 51 10
56 52 2
56 53 4
56 54 2
56 55 7
57 0 11
57 1 2
57 2 2
57 3 2
57 4 1
57 5 2
57 6 11
57 7 7
57 8 3
57 9 4
57 10 10
57 11 5
57 12 9
57 13 2
57 14 7
57 15 7
57 16 6
57 17 7
57 18 2
57 19 7
57 20 10
57 21 7
57 22 2
57 23 2
57 24 8
57 25 5
57 26 10
57 27 2
57 28 2
57 29 2
57 30 4
57 31 8
57 32 1
57 33 4
57 34 9
57 35 6
57 36 7
57 37 6
57 38 8
57 39 8
57 40 1
57 41 1
57 42 4
57 43 1
57 44 9
57 45 4
57 46 3
57 47 2
57 48 11
57 49 10
57 50 8
57 51 1
57 52 4
57 53 3
57 54 10
57 55 1
57 56 4
58 0 6
58 1 3
58 2 2
58 3 10
58 4 2
58 5 5
58 6 10
58 7 10
58 8 1
58 9 4
58 10 2
58 11 7
58 12 8
58 13 6
58 14 2
58 15 1
58 16 4
58 17 10
58 18 3
58 19 4
58 20 4
58 21 3
58 22 8
58 23 9
58 24 1
58 25 3
58 26 3
58 27 6
58 28 10
58 29 10
58 30 9
58 31 10
58 32 1
58 33 6
58 34 6
58 35 4
58 36 3
58 37 11
58 38 2
58 39 2
58 40 5
58 41 5
58 42 6
58 43 7
58 44 9
58 45 8
58 46 11
58 47 11
58 48 11
58 49 5
58 50 4
58 51 5
58 52 10
58 53 2
58 54 6
58 55 7
58 56 9
58 57 7
59 0 10
59 1 4
59 2 11
59 3 6
59 4 11
59 5 7
59 6 2
59 7 10
59 8 2
59 9 10
59 10 1
59 11 3
59 12 6
59 13 11
59 14 1
59 15 10
59 16 9
59 17 11
59 18 9
59 19 3
59 20 11
59 21 4
59 22 10
59 23 5
59 24 8
59 25 10
59 26 3
59 27 10
59 28 11
59 29 2
59 30 10
59 31 3
59 32 5
59 33 4
59 34 1
59 35 2
59 36 1
59 37 2
59 38 1
59 39 10
59 40 5
59 41 2
59 42 4
59 43 1
59 44 6
59 45 5
59 46 5
59 47 3
59 48 9
59 49 7
59 50 4
59 51 7
59 52 11
59 53 9
59 54 10
59 55 10
59 56 3
59 57 6
59 58 8
60 0 5
60 1 9
60 2 3
60 3 9
60 4 1
60 5 3
60 6 7
60 7 11
60 8 8
60 9 7
60 10 9
60 11 5
60 12 1
60 13 6
60 14 5
60 15 10
60 16 4
60 17 5
60 18 2
60 19 3
60 20 7
60 21 2
60 22 6
60 23 7
60 24 6
60 25 6
60 26 1
60 27 3
60 28 6
60 29 2
60 30 5
60 31 7
60 32 1
60 33 11
60 34 4
60 35 5
60 36 2
60 37 3
60 38 6
60 39 11
60 40 3
60 41 10
60 42 6
60 43 4
60 44 6
60 45 3
60 46 8
60 47 3
60 48 4
60 49 1
60 50 10
60 51 11
60 52 1
60 53 4
60 54 5
60 55 9
60 56 2
60 57 1
60 58 2
60 59 2
61 0 11
61 1 6
61 2 11
61 3 5
61 4 9
61 5 3
61 6 5
61 7 7
61 8 11
61 9 1
61 10 5
61 11 2
61 12 8
61 13 10
61 14 2
61 15 11
61 16 4
61 17 6
61 18 1
61 19 1
61 20 2
61 21 5
61 22 9
61 23 5
61 24 7
61 25 1
61 26 7
61 27 9
61 28 5
61 29 11
61 30 6
61 31 10
61 32 11
61 33 9
61 34 10
61 35 1
61 36 3
61 37 1
61 38 3
61 39 11
61 40 8
61 41 3
61 42 10
61 43 1
61 44 7
61 45 6
61 46 8
61 47 11
61 48 10
61 49 3
61 50 3
61 51 11
61 52 8
61 53 4
61 54 10
61 55 3
61 56 7
61 57 4
61 58 3
61 59 9
61 60 1
62 0 2
62 1 4
62 2 1
62 3 6
62 4 9
62 5 6
62 6 10
62 7 1
62 8 9
62 9 4
62 10 6
62 11 3
62 12 8
62 13 11
62 14 7
62 15 3
62 16 9
62 17 1
62 18 1
62 19 8
62 20 8
62 21 8
62 22 5
62 23 6
62 24 1
62 25 1
62 26 2
62 27 4
62 28 6
62 29 5
62 30 1
62 31 9
62 32 6
62 33 5
62 34 3
62 35 8
62 36 2
62 37 3
62 38 9
62 39 6
62 40 9
62 41 4
62 42 11
62 43 3
62 44 3
62 45 2
62 46 2
62 47 2
62 48 10
62 49 9
62 50 4
62 51 10
62 52 6
62 53 8
62 54 8
62 55 7
62 56 1
62 57 7
62 58 9
62 59 3
62 60 8
62 61 7
63 0 6
63 1 4
63 2 11
63 3 7
63 4 9
63 5 6
63 6 1
63 7 3
63 8 11
63 9 6
63 10 9
63 11 2
63 12 3
63 13 8
63 14 5
63 15 11
63 16 11
63 17 2
63 18 5
63 19 10
63 20 11
63 21 1
63 22 11
63 23 6
63 24 5
63 25 11
63 26 5
63 27 10
63 28 2
63 29 7
63 30 7
63 31 5
63 32 3
63 33 10
63 34 9
63 35 7
63 36 8
63 37 4
63 38 8
63 39 7
63 40 1
63 41 11
63 42 6
63 43 2
63 44 1
63 45 7
63 46 2
63 47 5
63 48 4
63 49 2
63 50 6
63 51 8
63 52 8
63 53 7
63 54 1
63 55 10
63 56 5
63 57 2
63 58 1
63 59 9
63 60 6
63 61 2
63 62 9
64 0 9
64 1 7
64 2 10
64 3 4
64 4 7
64 5 9
64 6 7
64 7 4
64 8 1
64 9 3
64 10 5
64 11 9
64 12 11
64 13 4
64 14 5
64 15 4
64 16 11
64 17 3
64 18 10
64 19 10
64 20 10
64 21 1
64 22 9
64 23 9
64 24 3
64 25 1
64 26 2
64 27 6
64 28 7
64 29 9
64 30 3
64 31 2
64 32 7
64 33 5
64 34 8
64 35 9
64 36 2
64 37 6
64 38 7
64 39 5
64 40 5
64 41 8
64 42 1
64 43 7
64 44 1
64 45 8
64 46 2
64 47 4
64 48 11
64 49 3
64 50 5
64 51 4
64 52 7
64 53 3
64 54 1
64 55 10
64 56 4
64 57 4
64 58 8
64 59 5
64 60 10
64 61 6
64 62 7
64 63 5
65 0 4
65 1 9
65 2 1
65 3 7
65 4 3
65 5 1
65 6 10
65 7 8
65 8 2
65 9 3
65 10 8
65 11 1
65 12 9
65 13 11
65 14 5
65 15 1
65 16 3
65 17 11
65 18 1
65 19 5
65 20 6
65 21 4
65 22 1
65 23 8
65 24 9
65 25 10
65 26 7
65 27 9
65 28 5
65 29 4
65 30 9
65 31 3
65 32 5
65 33 8
65 34 9
65 35 8
65 36 6
65 37 4
65 38 2
65 39 9
65 40 7
65 41 4
65 42 3
65 43 3
65 44 5
65 45 9
65 46 9
65 47 4
65 48 3
65 49 11
65 50 9
65 51 1
65 52 3
65 53 6
65 54 9
65 55 8
65 56 7
65 57 6
65 58 5
65 59 7
65 60 9
65 61 6
65 62 4
65 63 2
65 64 4
66 0 11
66 1 11
66 2 3
66 3 8
66 4 11
66 5 8
66 6 6
66 7 9
66 8 2
66 9 10
66 10 4
66 11 5
66 12 8
66 13 10
66 14 4
66 15 9
66 16 10
66 17 9
66 18 4
66 19 2
66 20 6
66 21 9
66 22 11
66 23 4
66 24 10
66 25 1
66 26 7
66 27 2
66 28 9
66 29 9
66 30 10
66 31 10
66 32 7
66 33 6
66 34 1
66 35 5
66 36 2
66 37 5
66 38 2
66 39 10
66 40 7
66 41 8
66 42 8
66 43 6
66 44 3
66 45 2
66 46 10
66 47 10
66 48 9
66 49 9
66 50 10
66 51 11
66 52 2
66 53 4
66 54 3
66 55 1
66 56 3
66 57 8
66 58 11
66 59 6
66 60 3
66 61 1
66 62 8
66 63 3
66 64 3
66 65 1
67 0 2
67 1 6
67 2 8
67 3 11
67 4 4
67 5 2
67 6 1
67 7 5
67 8 6
67 9 10
67 10 10
67 11 10
67 12 5
67 13 3
67 14 5
67 15 8
67 16 11
67 17 3
67 18 1
67 19 5
67 20 2
67 21 7
67 22 10
67 23 1
67 24 11
67 25 1
67 26 4
67 27 4
67 28 2
67 29 3
67 30 6
67 31 6
67 32 11
67 33 10
67 34 6
67 35 11
67 36 4
67 37 5
67 38 8
67 39 4
67 40 3
67 41 5
67 42 10
67 43 4
67 44 1
67 45 9
67 46 9
67 47 1
67 48 7
67 49 6
67 50 5
67 51 4
67 52 1
67 53 9
67 54 10
67 55 6
67 56 4
67 57 2
67 58 2
67 59 4
67 60 6
67 61 2
67 62 11
67 63 10
67 64 5
67 65 5
67 66 5
68 0 1
68 1 6
68 2 9
68 3 7
68 4 5
68 5 4
68 6 7
68 7 5
68 8 7
68 9 4
68 10 10
68 11 1
68 12 5
68 13 9
68 14 4
68 15 4
68 16 3
68 17 11
68 18 5
68 19 10
68 20 2
68 21 5
68 22 5
68 23 8
68 24 6
68 25 11
68 26 5
68 27 3
68 28 5
68 29 7
68 30 2
68 31 5
68 32 3
68 33 10
68 34 2
68 35 9
68 36 7
68 37 10
68 38 1
68 39 10
68 40 9
68 41 4
68 42 3
68 43 2
68 44 11
68 45 7
68 46 5
68 47 1
68 48 9
68 49 8
68 50 9
68 51 7
68 52 4
68 53 6
68 54 1
68 55 9
68 56 4
68 57 7
68 58 5
68 59 4
68 60 1
68 61 10
68 62 3
68 63 3
68 64 8
68 65 10
68 66 2
68 67 7
69 0 10
69 1 7
69 2 5
69 3 10
69 4 6
69 5 10
69 6 1
69 7 3
69 8 3
69 9 4
69 10 11
69 11 1
69 12 1
69 13 9
69 14 3
69 15 7
69 16 2
69 17 5
69 18 10
69 19 6
69 20 1
69 21 7
69 22 8
69 23 7
69 24 3
69 25 5
69 26 9
69 27 7
69 28 5
69 29 1
69 30 5
69 31 8
69 32 3
69 33 9
69 34 6
69 35 5
69 36 9
69 37 1
69 38 5
69 39 6
69 40 9
69 41 8
69 42 6
69 43 10
69 44 10
69 45 5
69 46 11
69 47 10
69 48 2
69 49 7
69 50 6
69 51 2
69 52 4
69 53 5
69 54 1
69 55 2
69 56 4
69 57 1
69 58 8
69 59 4
69 60 1
69 61 4
69 62 8
69 63 2
69 64 3
69 65 9
69 66 7
69 67 4
69 68 10
