20
1 0 6
2 0 8
2 1 10
3 0 3
3 1 10
3 2 10
4 0 1
4 1 4
4 2 1
4 3 6
5 0 6
5 1 7
5 2 10
5 3 9
5 4 11
6 0 7
6 1 4
6 2 10
6 3 1
6 4 5
6 5 6
7 0 2
7 1 4
7 2 7
7 3 8
7 4 10
7 5 9
7 6 4
8 0 2
8 1 11
8 2 11
8 3 2
8 4 4
8 5 4
8 6 8
8 7 8
9 0 1
9 1 6
9 2 10
9 3 2
9 4 4
9 5 3
9 6 2
9 7 3
9 8 9
10 0 5
10 1 2
10 2 4
10 3 4
10 4 8
10 5 8
10 6 2
10 7 6
10 8 8
10 9 8
11 0 3
11 1 10
11 2 2
11 3 8
11 4 11
11 5 11
11 6 11
11 7 2
11 8 8
11 9 1
11 10 9
12 0 8
12 1 1
12 2 4
12 3 1
12 4 8
12 5 10
12 6 1
12 7 4
12 8 1
12 9 2
12 10 2
12 11 3
13 0 8
13 1 7
13 2 7
13 3 5
13 4 11
13 5 7
13 6 10
13 7 5
13 8 4
13 9 5
13 10 2
13 11 9
13 12 3
14 0 2
14 1 11
14 2 11
14 3 8
14 4 8
14 5 3
14 6 4
14 7 6
14 8 2
14 9 8
14 10 5
14 11 10
14 12 8
14 13 7
15 0 1
15 1 11
15 2 8
15 3 4
15 4 4
15 5 5
15 6 6
15 7 9
15 8 2
15 9 11
15 10 7
15 11 8
15 12 3
15 13 2
15 14 1
16 0 6
16 1 5
16 2 9
16 3 4
16 4 3
16 5 7
16 6 5
16 7 2
16 8 2
16 9 7
16 10 4
16 11 1
16 12 2
16 13 1
16 14 3
16 15 2
17 0 9
17 1 4
17 2 9
17 3 11
17 4 3
17 5 4
17 6 5
17 7 9
17 8 11
17 9 5
17 10 9
17 11 11
17 12 10
17 13 9
17 14 4
17 15 3
17 16 3
18 0 9
18 1 3
18 2 2
18 3 5
18 4 4
18 5 2
18 6 6
18 7 5
18 8 3
18 9 1
18 10 10
18 11 6
18 12 7
18 13 2
18 14 6
18 15 11
18 16 2
18 17 11
19 0 4
19 1 11
19 2 3
19 3 2
19 4 4
19 5 11
19 6 11
19 7 7
19 8 2
19 9 5
19 10 2
19 11 8
19 12 2
19 13 2
19 14 7
19 15 6
19 16 4
19 17 5
19 18 2
