60
1 0 5
2 0 2
2 1 2
3 0 3
3 1 5
3 2 3
4 0 3
4 1 2
4 2 6
4 3 4
5 0 4
5 1 3
5 2 5
5 3 4
5 4 4
6 0 5
6 1 6
6 2 2
6 3 5
6 4 3
6 5 6
7 0 4
7 1 2
7 2 3
7 3 4
7 4 2
7 5 4
7 6 1
8 0 2
8 1 1
8 2 1
8 3 5
8 4 3
8 5 4
8 6 1
8 7 1
9 0 2
9 1 6
9 2 3
9 3 4
9 4 1
9 5 1
9 6 5
9 7 1
9 8 2
10 0 1
10 1 3
10 2 3
10 3 3
10 4 2
10 5 5
10 6 3
10 7 5
10 8 2
10 9 6
11 0 4
11 1 6
11 2 6
11 3 3
11 4 2
11 5 5
11 6 4
11 7 4
11 8 1
11 9 5
11 10 1
12 0 2
12 1 6
12 2 2
12 3 1
12 4 4
12 5 4
12 6 4
12 7 3
12 8 6
12 9 3
12 10 5
12 11 3
13 0 4
13 1 1
13 2 1
13 3 6
13 4 3
13 5 4
13 6 4
13 7 1
13 8 3
13 9 1
13 10 6
13 11 6
13 12 2
14 0 1
14 1 6
14 2 2
14 3 4
14 4 4
14 5 1
14 6 4
14 7 5
14 8 3
14 9 1
14 10 5
14 11 3
14 12 4
14 13 2
15 0 2
15 1 4
15 2 3
15 3 3
15 4 2
15 5 6
15 6 2
15 7 2
15 8 3
15 9 3
15 10 3
15 11 3
15 12 1
15 13 2
15 14 4
16 0 6
16 1 6
16 2 6
16 3 3
16 4 6
16 5 4
16 6 2
16 7 2
16 8 2
16 9 3
16 10 1
16 11 1
16 12 2
16 13 1
16 14 2
16 15 5
17 0 3
17 1 3
17 2 5
17 3 4
17 4 2
17 5 6
17 6 2
17 7 5
17 8 1
17 9 3
17 10 1
17 11 2
17 12 1
17 13 5
17 14 2
17 15 1
17 16 4
18 0 1
18 1 6
18 2 3
18 3 5
18 4 1
18 5 5
18 6 6
18 7 4
18 8 4
18 9 1
18 10 1
18 11 3
18 12 6
18 13 6
18 14 6
18 15 2
18 16 5
18 17 2
19 0 4
19 1 6
19 2 3
19 3 4
19 4 1
19 5 2
19 6 4
19 7 5
19 8 1
19 9 1
19 10 5
19 11 5
19 12 2
19 13 6
19 14 3
19 15 6
19 16 1
19 17 3
19 18 2
20 0 4
20 1 1
20 2 6
20 3 1
20 4 5
20 5 1
20 6 3
20 7 1
20 8 5
20 9 4
20 10 1
20 11 6
20 12 6
20 13 4
20 14 6
20 15 5
20 16 6
20 17 1
20 18 6
20 19 6
21 0 6
21 1 2
21 2 5
21 3 4
21 4 6
21 5 4
21 6 6
21 7 3
21 8 1
21 9 1
21 10 2
21 11 1
21 12 4
21 13 1
21 14 6
21 15 4
21 16 6
21 17 5
21 18 5
21 19 6
21 20 5
22 0 3
22 1 5
22 2 6
22 3 6
22 4 6
22 5 4
22 6 5
22 7 1
22 8 3
22 9 3
22 10 2
22 11 1
22 12 3
22 13 4
22 14 6
22 15 4
22 16 1
22 17 6
22 18 3
22 19 3
22 20 1
22 21 3
23 0 3
23 1 4
23 2 5
23 3 5
23 4 6
23 5 5
23 6 1
23 7 3
23 8 6
23 9 6
23 10 3
23 11 3
23 12 6
23 13 2
23 14 4
23 15 5
23 16 6
23 17 1
23 18 4
23 19 1
23 20 3
23 21 3
23 22 1
24 0 2
24 1 1
24 2 5
24 3 4
24 4 1
24 5 2
24 6 6
24 7 1
24 8 6
24 9 1
24 10 6
24 11 4
24 12 6
24 13 2
24 14 4
24 15 5
24 16 3
24 17 6
24 18 3
24 19 4
24 20 2
24 21 1
24 22 4
24 23 6
25 0 3
25 1 4
25 2 4
25 3 4
25 4 3
25 5 2
25 6 4
25 7 1
25 8 6
25 9 6
25 10 2
25 11 6
25 12 3
25 13 5
25 14 6
25 15 2
25 16 6
25 17 3
25 18 5
25 19 6
25 20 6
25 21 1
25 22 1
25 23 4
25 24 2
26 0 1
26 1 4
26 2 2
26 3 5
26 4 6
26 5 2
26 6 4
26 7 6
26 8 1
26 9 3
26 10 5
26 11 3
26 12 6
26 13 5
26 14 4
26 15 6
26 16 4
26 17 4
26 18 3
26 19 5
26 20 1
26 21 5
26 22 2
26 23 6
26 24 5
26 25 5
27 0 4
27 1 3
27 2 3
27 3 6
27 4 2
27 5 6
27 6 6
27 7 6
27 8 2
27 9 1
27 10 1
27 11 1
27 12 5
27 13 4
27 14 1
27 15 3
27 16 6
27 17 3
27 18 5
27 19 2
27 20 4
27 21 5
27 22 3
27 23 4
27 24 6
27 25 5
27 26 1
28 0 5
28 1 4
28 2 2
28 3 3
28 4 4
28 5 6
28 6 3
28 7 2
28 8 1
28 9 5
28 10 4
28 11 5
28 12 6
28 13 1
28 14 1
28 15 2
28 16 2
28 17 6
28 18 1
28 19 2
28 20 6
28 21 3
28 22 5
28 23 6
28 24 2
28 25 1
28 26 2
28 27 5
29 0 6
29 1 4
29 2 4
29 3 2
29 4 3
29 5 1
29 6 6
29 7 4
29 8 2
29 9 2
29 10 2
29 11 1
29 12 6
29 13 2
29 14 6
29 15 5
29 16 4
29 17 6
29 18 1
29 19 1
29 20 4
29 21 5
29 22 3
29 23 2
29 24 4
29 25 1
29 26 2
29 27 1
29 28 2
30 0 6
30 1 4
30 2 1
30 3 4
30 4 3
30 5 5
30 6 1
30 7 3
30 8 1
30 9 2
30 10 2
30 11 4
30 12 5
30 13 6
30 14 5
30 15 5
30 16 5
30 17 5
30 18 6
30 19 3
30 20 6
30 21 4
30 22 5
30 23 1
30 24 4
30 25 4
30 26 6
30 27 1
30 28 6
30 29 1
31 0 5
31 1 4
31 2 2
31 3 6
31 4 1
31 5 6
31 6 6
31 7 3
31 8 5
31 9 6
31 10 3
31 11 2
31 12 5
31 13 6
31 14 2
31 15 2
31 16 6
31 17 5
31 18 5
31 19 2
31 20 6
31 21 4
31 22 3
31 23 2
31 24 3
31 25 4
31 26 1
31 27 5
31 28 2
31 29 2
31 30 5
32 0 2
32 1 5
32 2 1
32 3 2
32 4 1
32 5 6
32 6 6
32 7 6
32 8 2
32 9 2
32 10 6
32 11 4
32 12 1
32 13 4
32 14 4
32 15 3
32 16 5
32 17 6
32 18 2
32 19 2
32 20 6
32 21 6
32 22 1
32 23 6
32 24 6
32 25 5
32 26 6
32 27 5
32 28 5
32 29 5
32 30 5
32 31 4
33 0 3
33 1 5
33 2 2
33 3 1
33 4 4
33 5 3
33 6 5
33 7 4
33 8 4
33 9 6
33 10 5
33 11 3
33 12 3
33 13 5
33 14 6
33 15 5
33 16 6
33 17 4
33 18 3
33 19 2
33 20 5
33 21 1
33 22 1
33 23 1
33 24 6
33 25 3
33 26 5
33 27 1
33 28 4
33 29 6
33 30 2
33 31 4
33 32 3
34 0 5
34 1 5
34 2 1
34 3 3
34 4 3
34 5 4
34 6 2
34 7 2
34 8 5
34 9 2
34 10 3
34 11 4
34 12 5
34 13 4
34 14 6
34 15 2
34 16 3
34 17 3
34 18 3
34 19 3
34 20 1
34 21 5
34 22 6
34 23 2
34 24 5
34 25 6
34 26 4
34 27 3
34 28 3
34 29 1
34 30 1
34 31 5
34 32 4
34 33 3
35 0 6
35 1 4
35 2 2
35 3 5
35 4 5
35 5 1
35 6 4
35 7 5
35 8 4
35 9 5
35 10 2
35 11 3
35 12 1
35 13 4
35 14 3
35 15 3
35 16 1
35 17 4
35 18 3
35 19 1
35 20 1
35 21 3
35 22 5
35 23 1
35 24 4
35 25 1
35 26 2
35 27 4
35 28 5
35 29 6
35 30 2
35 31 5
35 32 5
35 33 5
35 34 5
36 0 5
36 1 2
36 2 6
36 3 2
36 4 2
36 5 5
36 6 1
36 7 3
36 8 5
36 9 5
36 10 5
36 11 5
36 12 4
36 13 3
36 14 5
36 15 3
36 16 5
36 17 6
36 18 2
36 19 2
36 20 3
36 21 5
36 22 3
36 23 3
36 24 5
36 25 4
36 26 1
36 27 6
36 28 6
36 29 1
36 30 2
36 31 5
36 32 1
36 33 6
36 34 4
36 35 4
37 0 6
37 1 6
37 2 5
37 3 4
37 4 4
37 5 6
37 6 4
37 7 5
37 8 1
37 9 2
37 10 5
37 11 2
37 12 6
37 13 3
37 14 1
37 15 3
37 16 4
37 17 2
37 18 4
37 19 1
37 20 5
37 21 1
37 22 6
37 23 4
37 24 5
37 25 4
37 26 3
37 27 5
37 28 6
37 29 3
37 30 1
37 31 5
37 32 3
37 33 4
37 34 2
37 35 4
37 36 1
38 0 4
38 1 6
38 2 2
38 3 4
38 4 5
38 5 3
38 6 6
38 7 5
38 8 6
38 9 5
38 10 5
38 11 6
38 12 3
38 13 2
38 14 1
38 15 1
38 16 1
38 17 5
38 18 2
38 19 4
38 20 4
38 21 4
38 22 3
38 23 3
38 24 6
38 25 4
38 26 4
38 27 4
38 28 6
38 29 5
38 30 3
38 31 6
38 32 4
38 33 3
38 34 6
38 35 1
38 36 2
38 37 4
39 0 3
39 1 1
39 2 6
39 3 4
39 4 5
39 5 2
39 6 4
39 7 1
39 8 3
39 9 4
39 10 5
39 11 6
39 12 3
39 13 4
39 14 5
39 15 2
39 16 4
39 17 3
39 18 6
39 19 6
39 20 2
39 21 4
39 22 1
39 23 4
39 24 3
39 25 1
39 26 5
39 27 5
39 28 4
39 29 3
39 30 6
39 31 2
39 32 1
39 33 6
39 34 6
39 35 3
39 36 1
39 37 5
39 38 5
40 0 6
40 1 2
40 2 2
40 3 2
40 4 6
40 5 5
40 6 5
40 7 4
40 8 4
40 9 4
40 10 6
40 11 3
40 12 1
40 13 3
40 14 5
40 15 5
40 16 2
40 17 3
40 18 1
40 19 2
40 20 3
40 21 4
40 22 1
40 23 4
40 24 2
40 25 5
40 26 5
40 27 1
40 28 2
40 29 2
40 30 3
40 31 6
40 32 1
40 33 1
40 34 4
40 35 5
40 36 2
40 37 4
40 38 2
40 39 3
41 0 6
41 1 2
41 2 6
41 3 5
41 4 3
41 5 4
41 6 5
41 7 5
41 8 5
41 9 1
41 10 3
41 11 4
41 12 4
41 13 1
41 14 6
41 15 4
41 16 6
41 17 1
41 18 6
41 19 4
41 20 6
41 21 3
41 22 4
41 23 1
41 24 3
41 25 6
41 26 2
41 27 1
41 28 6
41 29 2
41 30 2
41 31 6
41 32 3
41 33 1
41 34 1
41 35 6
41 36 5
41 37 3
41 38 4
41 39 1
41 40 4
42 0 6
42 1 4
42 2 1
42 3 4
42 4 4
42 5 1
42 6 6
42 7 5
42 8 4
42 9 6
42 10 4
42 11 1
42 12 4
42 13 6
42 14 1
42 15 2
42 16 4
42 17 1
42 18 5
42 19 2
42 20 4
42 21 2
42 22 3
42 23 3
42 24 2
42 25 6
42 26 5
42 27 3
42 28 6
42 29 3
42 30 4
42 31 1
42 32 2
42 33 5
42 34 2
42 35 6
42 36 4
42 37 1
42 38 5
42 39 3
42 40 4
42 41 5
43 0 1
43 1 4
43 2 5
43 3 1
43 4 4
43 5 4
43 6 5
43 7 2
43 8 3
43 9 6
43 10 4
43 11 1
43 12 3
43 13 4
43 14 2
43 15 2
43 16 5
43 17 2
43 18 1
43 19 3
43 20 2
43 21 2
43 22 5
43 23 5
43 24 6
43 25 6
43 26 1
43 27 5
43 28 1
43 29 2
43 30 5
43 31 1
43 32 5
43 33 6
43 34 3
43 35 4
43 36 2
43 37 4
43 38 6
43 39 4
43 40 6
43 41 4
43 42 4
44 0 6
44 1 6
44 2 1
44 3 4
44 4 1
44 5 1
44 6 3
44 7 4
44 8 2
44 9 2
44 10 3
44 11 4
44 12 6
44 13 5
44 14 5
44 15 3
44 16 4
44 17 4
44 18 5
44 19 3
44 20 5
44 21 2
44 22 2
44 23 1
44 24 6
44 25 2
44 26 4
44 27 5
44 28 2
44 29 4
44 30 3
44 31 1
44 32 4
44 33 5
44 34 5
44 35 1
44 36 6
44 37 4
44 38 4
44 39 3
44 40 1
44 41 4
44 42 4
44 43 6
45 0 2
45 1 4
45 2 1
45 3 5
45 4 6
45 5 2
45 6 5
45 7 2
45 8 6
45 9 2
45 10 3
45 11 6
45 12 4
45 13 6
45 14 1
45 15 4
45 16 2
45 17 6
45 18 4
45 19 2
45 20 2
45 21 4
45 22 3
45 23 6
45 24 5
45 25 6
45 26 2
45 27 3
45 28 3
45 29 6
45 30 5
45 31 6
45 32 6
45 33 5
45 34 1
45 35 2
45 36 3
45 37 1
45 38 2
45 39 6
45 40 1
45 41 5
45 42 1
45 43 1
45 44 1
46 0 4
46 1 6
46 2 4
46 3 6
46 4 3
46 5 6
46 6 1
46 7 1
46 8 6
46 9 4
46 10 1
46 11 4
46 12 2
46 13 5
46 14 1
46 15 4
46 16 5
46 17 6
46 18 3
46 19 5
46 20 5
46 21 3
46 22 5
46 23 6
46 24 3
46 25 1
46 26 2
46 27 5
46 28 2
46 29 4
46 30 6
46 31 4
46 32 4
46 33 4
46 34 1
46 35 3
46 36 2
46 37 1
46 38 6
46 39 4
46 40 3
46 41 5
46 42 2
46 43 6
46 44 3
46 45 1
47 0 6
47 1 3
47 2 1
47 3 2
47 4 3
47 5 5
47 6 1
47 7 6
47 8 4
47 9 2
47 10 6
47 11 2
47 12 6
47 13 6
47 14 5
47 15 4
47 16 1
47 17 3
47 18 1
47 19 2
47 20 6
47 21 1
47 22 4
47 23 6
47 24 3
47 25 4
47 26 2
47 27 2
47 28 2
47 29 5
47 30 6
47 31 6
47 32 4
47 33 5
47 34 3
47 35 6
47 36 5
47 37 1
47 38 6
47 39 3
47 40 6
47 41 4
47 42 2
47 43 2
47 44 5
47 45 4
47 46 4
48 0 6
48 1 4
48 2 6
48 3 4
48 4 2
48 5 1
48 6 6
48 7 6
48 8 5
48 9 4
48 10 6
48 11 6
48 12 2
48 13 5
48 14 5
48 15 5
48 16 6
48 17 2
48 18 5
48 19 2
48 20 6
48 21 4
48 22 2
48 23 2
48 24 5
48 25 1
48 26 6
48 27 4
48 28 1
48 29 1
48 30 6
48 31 5
48 32 1
48 33 4
48 34 6
48 35 1
48 36 3
48 37 3
48 38 3
48 39 3
48 40 6
48 41 1
48 42 4
48 43 3
48 44 1
48 45 4
48 46 6
48 47 6
49 0 3
49 1 3
49 2 2
49 3 2
49 4 4
49 5 3
49 6 1
49 7 3
49 8 1
49 9 2
49 10 5
49 11 6
49 12 2
49 13 2
49 14 6
49 15 4
49 16 2
49 17 3
49 18 4
49 19 5
49 20 3
49 21 1
49 22 6
49 23 3
49 24 1
49 25 4
49 26 6
49 27 6
49 28 1
49 29 2
49 30 4
49 31 4
49 32 2
49 33 6
49 34 1
49 35 6
49 36 4
49 37 4
49 38 2
49 39 5
49 40 5
49 41 2
49 42 1
49 43 5
49 44 2
49 45 5
49 46 6
49 47 5
49 48 4
50 0 4
50 1 5
50 2 4
50 3 6
50 4 5
50 5 3
50 6 3
50 7 5
50 8 3
50 9 3
50 10 5
50 11 2
50 12 6
50 13 5
50 14 5
50 15 2
50 16 6
50 17 2
50 18 4
50 19 5
50 20 1
50 21 3
50 22 3
50 23 4
50 24 6
50 25 4
50 26 4
50 27 4
50 28 3
50 29 1
50 30 4
50 31 1
50 32 5
50 33 2
50 34 1
50 35 1
50 36 3
50 37 1
50 38 1
50 39 1
50 40 1
50 41 4
50 42 4
50 43 1
50 44 1
50 45 3
50 46 6
50 47 6
50 48 1
50 49 3
51 0 4
51 1 3
51 2 3
51 3 6
51 4 5
51 5 3
51 6 5
51 7 4
51 8 3
51 9 4
51 10 5
51 11 2
51 12 3
51 13 3
51 14 6
51 15 2
51 16 3
51 17 4
51 18 2
51 19 4
51 20 2
51 21 6
51 22 4
51 23 3
51 24 6
51 25 4
51 26 3
51 27 5
51 28 3
51 29 6
51 30 1
51 31 2
51 32 3
51 33 3
51 34 5
51 35 6
51 36 1
51 37 3
51 38 4
51 39 6
51 40 5
51 41 2
51 42 5
51 43 5
51 44 5
51 45 6
51 46 2
51 47 5
51 48 1
51 49 5
51 50 5
52 0 3
52 1 4
52 2 3
52 3 6
52 4 4
52 5 5
52 6 6
52 7 4
52 8 4
52 9 4
52 10 2
52 11 4
52 12 5
52 13 1
52 14 3
52 15 6
52 16 5
52 17 3
52 18 5
52 19 2
52 20 5
52 21 5
52 22 5
52 23 5
52 24 6
52 25 5
52 26 6
52 27 4
52 28 4
52 29 4
52 30 5
52 31 5
52 32 6
52 33 4
52 34 2
52 35 6
52 36 1
52 37 6
52 38 1
52 39 2
52 40 4
52 41 6
52 42 4
52 43 4
52 44 2
52 45 3
52 46 2
52 47 3
52 48 3
52 49 2
52 50 2
52 51 3
53 0 1
53 1 5
53 2 1
53 3 3
53 4 3
53 5 1
53 6 2
53 7 4
53 8 1
53 9 3
53 10 5
53 11 1
53 12 3
53 13 3
53 14 2
53 15 3
53 16 1
53 17 4
53 18 4
53 19 5
53 20 4
53 21 1
53 22 4
53 23 3
53 24 2
53 25 5
53 26 5
53 27 2
53 28 5
53 29 5
53 30 3
53 31 3
53 32 3
53 33 6
53 34 6
53 35 1
53 36 6
53 37 2
53 38 4
53 39 5
53 40 2
53 41 6
53 42 5
53 43 2
53 44 2
53 45 2
53 46 3
53 47 1
53 48 1
53 49 6
53 50 4
53 51 5
53 52 6
54 0 3
54 1 2
54 2 5
54 3 2
54 4 4
54 5 3
54 6 5
54 7 3
54 8 5
54 9 2
54 10 3
54 11 4
54 12 3
54 13 4
54 14 2
54 15 1
54 16 3
54 17 3
54 18 4
54 19 4
54 20 6
54 21 4
54 22 1
54 23 5
54 24 5
54 25 2
54 26 6
54 27 6
54 28 3
54 29 3
54 30 3
54 31 2
54 32 4
54 33 6
54 34 3
54 35 3
54 36 4
54 37 1
54 38 4
54 39 6
54 40 4
54 41 1
54 42 5
54 43 1
54 44 2
54 45 5
54 46 2
54 47 6
54 48 5
54 49 6
54 50 6
54 51 4
54 52 2
54 53 2
55 0 5
55 1 3
55 2 4
55 3 4
55 4 4
55 5 4
55 6 3
55 7 4
55 8 1
55 9 3
55 10 3
55 11 3
55 12 6
55 13 6
55 14 3
55 15 3
55 16 1
55 17 4
55 18 2
55 19 1
55 20 5
55 21 6
55 22 4
55 23 3
55 24 2
55 25 3
55 26 3
55 27 5
55 28 4
55 29 6
55 30 6
55 31 6
55 32 5
55 33 5
55 34 6
55 35 6
55 36 4
55 37 2
55 38 3
55 39 5
55 40 4
55 41 2
55 42 2
55 43 4
55 44 3
55 45 6
55 46 1
55 47 6
55 48 4
55 49 4
55 50 3
55 51 3
55 52 1
55 53 3
55 54 4
56 0 5
56 1 2
56 2 4
56 3 6
56 4 3
56 5 2
56 6 2
56 7 1
56 8 2
56 9 1
56 10 4
56 11 6
56 12 3
56 13 5
56 14 3
56 15 1
56 16 3
56 17 4
56 18 6
56 19 5
56 20 4
56 21 5
56 22 1
56 23 1
56 24 4
56 25 1
56 26 1
56 27 1
56 28 1
56 29 2
56 30 3
56 31 4
56 32 3
56 33 2
56 34 5
56 35 1
56 36 3
56 37 2
56 38 5
56 39 2
56 40 4
56 41 2
56 42 1
56 43 3
56 44 5
56 45 2
56 46 6
56 47 6
56 48 1
56 49 2
56 50 5
56 51 5
56 52 1
56 53 5
56 54 1
56 55 2
57 0 4
57 1 6
57 2 2
57 3 2
57 4 3
57 5 1
57 6 4
57 7 3
57 8 1
57 9 2
57 10 6
57 11 3
57 12 2
57 13 4
57 14 6
57 15 5
57 16 5
57 17 5
57 18 4
57 19 2
57 20 1
57 21 5
57 22 3
57 23 1
57 24 4
57 25 6
57 26 6
57 27 3
57 28 4
57 29 6
57 30 6
57 31 2
57 32 3
57 33 6
57 34 6
57 35 6
57 36 4
57 37 1
57 38 4
57 39 2
57 40 5
57 41 4
57 42 4
57 43 1
57 44 4
57 45 2
57 46 1
57 47 2
57 48 4
57 49 6
57 50 6
57 51 6
57 52 3
57 53 3
57 54 4
57 55 5
57 56 4
58 0 5
58 1 2
58 2 4
58 3 1
58 4 2
58 5 3
58 6 5
58 7 5
58 8 4
58 9 2
58 10 6
58 11 3
58 12 3
58 13 4
58 14 6
58 15 1
58 16 5
58 17 2
58 18 1
58 19 5
58 20 4
58 21 2
58 22 3
58 23 2
58 24 1
58 25 3
58 26 1
58 27 4
58 28 3
58 29 1
58 30 2
58 31 3
58 32 3
58 33 3
58 34 4
58 35 6
58 36 5
58 37 1
58 38 1
58 39 1
58 40 4
58 41 2
58 42 5
58 43 5
58 44 3
58 45 4
58 46 1
58 47 3
58 48 4
58 49 6
58 50 4
58 51 4
58 52 6
58 53 5
58 54 4
58 55 5
58 56 5
58 57 2
59 0 1
59 1 5
59 2 5
59 3 4
59 4 1
59 5 1
59 6 6
59 7 1
59 8 5
59 9 3
59 10 6
59 11 6
59 12 3
59 13 6
59 14 4
59 15 3
59 16 2
59 17 6
59 18 4
59 19 3
59 20 2
59 21 3
59 22 5
59 23 1
59 24 3
59 25 2
59 26 1
59 27 3
59 28 6
59 29 3
59 30 1
59 31 4
59 32 3
59 33 1
59 34 2
59 35 1
59 36 2
59 37 5
59 38 5
59 39 1
59 40 4
59 41 2
59 42 1
59 43 3
59 44 4
59 45 2
59 46 3
59 47 4
59 48 4
59 49 3
59 50 2
59 51 5
59 52 6
59 53 4
59 54 3
59 55 4
59 56 5
59 57 1
59 58 5
