20
1 0 12
2 0 3
2 1 1
3 0 13
3 1 10
3 2 4
4 0 14
4 1 4
4 2 5
4 3 14
5 0 9
5 1 12
5 2 1
5 3 11
5 4 13
6 0 8
6 1 2
6 2 11
6 3 9
6 4 2
6 5 1
7 0 7
7 1 5
7 2 4
7 3 7
7 4 13
7 5 4
7 6 13
8 0 5
8 1 12
8 2 9
8 3 13
8 4 1
8 5 8
8 6 5
8 7 14
9 0 14
9 1 9
9 2 8
9 3 5
9 4 13
9 5 6
9 6 2
9 7 8
9 8 7
10 0 3
10 1 10
10 2 13
10 3 6
10 4 9
10 5 6
10 6 12
10 7 2
10 8 3
10 9 7
11 0 1
11 1 7
11 2 3
11 3 1
11 4 4
11 5 11
11 6 1
11 7 4
11 8 8
11 9 12
11 10 13
12 0 7
12 1 2
12 2 14
12 3 1
12 4 3
12 5 2
12 6 6
12 7 9
12 8 8
12 9 10
12 10 8
12 11 5
13 0 9
13 1 3
13 2 9
13 3 13
13 4 10
13 5 3
13 6 6
13 7 2
13 8 8
13 9 13
13 10 7
13 11 3
13 12 4
14 0 13
14 1 11
14 2 3
14 3 8
14 4 12
14 5 10
14 6 9
14 7 1
14 8 5
14 9 10
14 10 4
14 11 10
14 12 2
14 13 14
15 0 8
15 1 3
15 2 2
15 3 1
15 4 2
15 5 7
15 6 4
15 7 10
15 8 4
15 9 2
15 10 11
15 11 1
15 12 3
15 13 2
15 14 10
16 0 2
16 1 11
16 2 13
16 3 5
16 4 8
16 5 14
16 6 2
16 7 1
16 8 7
16 9 2
16 10 12
16 11 4
16 12 6
16 13 1
16 14 9
16 15 5
17 0 5
17 1 14
17 2 14
17 3 7
17 4 10
17 5 12
17 6 14
17 7 14
17 8 13
17 9 13
17 10 7
17 11 12
17 12 9
17 13 13
17 14 3
17 15 9
17 16 9
18 0 11
18 1 10
18 2 10
18 3 6
18 4 3
18 5 1
18 6 9
18 7 10
18 8 10
18 9 7
18 10 7
18 11 4
18 12 9
18 13 1
18 14 5
18 15 1
18 16 8
18 17 2
19 0 1
19 1 9
19 2 8
19 3 5
19 4 6
19 5 12
19 6 12
19 7 5
19 8 8
19 9 12
19 10 13
19 11 4
19 12 11
19 13 10
19 14 10
19 15 5
19 16 2
19 17 8
19 18 13
