70
1 0 2
2 0 3
2 1 1
3 0 2
3 1 4
3 2 3
4 0 4
4 1 2
4 2 2
4 3 4
5 0 1
5 1 3
5 2 2
5 3 2
5 4 2
6 0 1
6 1 4
6 2 1
6 3 4
6 4 1
6 5 1
7 0 3
7 1 2
7 2 1
7 3 2
7 4 4
7 5 4
7 6 4
8 0 3
8 1 2
8 2 3
8 3 2
8 4 4
8 5 1
8 6 4
8 7 3
9 0 4
9 1 1
9 2 3
9 3 2
9 4 3
9 5 2
9 6 3
9 7 4
9 8 3
10 0 3
10 1 3
10 2 3
10 3 2
10 4 1
10 5 4
10 6 2
10 7 1
10 8 2
10 9 4
11 0 1
11 1 1
11 2 4
11 3 4
11 4 1
11 5 2
11 6 1
11 7 1
11 8 2
11 9 1
11 10 4
12 0 4
12 1 4
12 2 4
12 3 2
12 4 4
12 5 2
12 6 4
12 7 2
12 8 4
12 9 2
12 10 2
12 11 2
13 0 3
13 1 4
13 2 3
13 3 3
13 4 4
13 5 4
13 6 1
13 7 3
13 8 2
13 9 4
13 10 2
13 11 1
13 12 1
14 0 4
14 1 2
14 2 1
14 3 2
14 4 4
14 5 2
14 6 2
14 7 2
14 8 4
14 9 1
14 10 1
14 11 1
14 12 4
14 13 3
15 0 1
15 1 1
15 2 3
15 3 3
15 4 2
15 5 1
15 6 4
15 7 3
15 8 1
15 9 3
15 10 4
15 11 1
15 12 4
15 13 1
15 14 3
16 0 4
16 1 1
16 2 4
16 3 1
16 4 2
16 5 3
16 6 1
16 7 3
16 8 4
16 9 2
16 10 1
16 11 3
16 12 1
16 13 2
16 14 4
16 15 4
17 0 4
17 1 3
17 2 1
17 3 2
17 4 2
17 5 1
17 6 1
17 7 1
17 8 2
17 9 2
17 10 2
17 11 2
17 12 2
17 13 3
17 14 4
17 15 2
17 16 4
18 0 3
18 1 2
18 2 4
18 3 2
18 4 3
18 5 3
18 6 1
18 7 3
18 8 3
18 9 4
18 10 2
18 11 1
18 12 4
18 13 1
18 14 3
18 15 2
18 16 2
18 17 2
19 0 3
19 1 4
19 2 3
19 3 3
19 4 1
19 5 3
19 6 4
19 7 2
19 8 1
19 9 3
19 10 2
19 11 1
19 12 3
19 13 4
19 14 1
19 15 3
19 16 3
19 17 3
19 18 2
20 0 3
20 1 4
20 2 4
20 3 3
20 4 4
20 5 4
20 6 2
20 7 1
20 8 4
20 9 4
20 10 4
20 11 1
20 12 3
20 13 4
20 14 3
20 15 3
20 16 4
20 17 1
20 18 3
20 19 4
21 0 3
21 1 3
21 2 1
21 3 2
21 4 2
21 5 3
21 6 2
21 7 1
21 8 4
21 9 4
21 10 4
21 11 2
21 12 1
21 13 4
21 14 3
21 15 4
21 16 1
21 17 3
21 18 3
21 19 4
21 20 1
22 0 1
22 1 3
22 2 4
22 3 1
22 4 4
22 5 1
22 6 4
22 7 2
22 8 3
22 9 1
22 10 3
22 11 4
22 12 3
22 13 3
22 14 2
22 15 2
22 16 4
22 17 4
22 18 4
22 19 1
22 20 3
22 21 3
23 0 3
23 1 2
23 2 3
23 3 1
23 4 4
23 5 4
23 6 2
23 7 3
23 8 1
23 9 1
23 10 1
23 11 3
23 12 3
23 13 4
23 14 2
23 15 1
23 16 2
23 17 4
23 18 4
23 19 2
23 20 3
23 21 1
23 22 2
24 0 2
24 1 3
24 2 1
24 3 2
24 4 2
24 5 3
24 6 3
24 7 4
24 8 3
24 9 4
24 10 4
24 11 4
24 12 3
24 13 2
24 14 4
24 15 2
24 16 2
24 17 3
24 18 2
24 19 1
24 20 4
24 21 2
24 22 4
24 23 2
25 0 3
25 1 2
25 2 2
25 3 3
25 4 1
25 5 1
25 6 4
25 7 4
25 8 1
25 9 2
25 10 2
25 11 2
25 12 3
25 13 3
25 14 1
25 15 2
25 16 2
25 17 3
25 18 3
25 19 2
25 20 3
25 21 2
25 22 4
25 23 3
25 24 3
26 0 2
26 1 2
26 2 2
26 3 3
26 4 2
26 5 4
26 6 2
26 7 2
26 8 1
26 9 3
26 10 1
26 11 3
26 12 3
26 13 2
26 14 2
26 15 3
26 16 1
26 17 4
26 18 1
26 19 3
26 20 4
26 21 2
26 22 1
26 23 3
26 24 1
26 25 2
27 0 1
27 1 4
27 2 2
27 3 4
27 4 1
27 5 2
27 6 4
27 7 3
27 8 2
27 9 1
27 10 4
27 11 4
27 12 1
27 13 4
27 14 4
27 15 1
27 16 4
27 17 4
27 18 2
27 19 3
27 20 2
27 21 2
27 22 3
27 23 2
27 24 2
27 25 4
27 26 2
28 0 2
28 1 1
28 2 1
28 3 4
28 4 3
28 5 2
28 6 3
28 7 2
28 8 1
28 9 3
28 10 2
28 11 4
28 12 1
28 13 4
28 14 2
28 15 2
28 16 1
28 17 2
28 18 2
28 19 4
28 20 3
28 21 4
28 22 4
28 23 3
28 24 4
28 25 1
28 26 2
28 27 4
29 0 1
29 1 3
29 2 3
29 3 2
29 4 1
29 5 4
29 6 1
29 7 3
29 8 3
29 9 3
29 10 2
29 11 3
29 12 3
29 13 2
29 14 4
29 15 2
29 16 2
29 17 1
29 18 3
29 19 4
29 20 3
29 21 2
29 22 1
29 23 1
29 24 1
29 25 2
29 26 1
29 27 4
29 28 3
30 0 3
30 1 1
30 2 2
30 3 2
30 4 4
30 5 3
30 6 2
30 7 4
30 8 4
30 9 1
30 10 1
30 11 2
30 12 2
30 13 4
30 14 2
30 15 3
30 16 1
30 17 2
30 18 3
30 19 3
30 20 3
30 21 1
30 22 2
30 23 4
30 24 1
30 25 3
30 26 2
30 27 4
30 28 1
30 29 1
31 0 2
31 1 2
31 2 3
31 3 4
31 4 1
31 5 3
31 6 1
31 7 4
31 8 1
31 9 1
31 10 3
31 11 4
31 12 3
31 13 1
31 14 1
31 15 1
31 16 3
31 17 3
31 18 3
31 19 4
31 20 4
31 21 2
31 22 2
31 23 4
31 24 4
31 25 1
31 26 4
31 27 4
31 28 1
31 29 2
31 30 4
32 0 2
32 1 2
32 2 1
32 3 3
32 4 4
32 5 2
32 6 3
32 7 2
32 8 3
32 9 1
32 10 2
32 11 4
32 12 3
32 13 2
32 14 3
32 15 3
32 16 2
32 17 4
32 18 2
32 19 3
32 20 2
32 21 1
32 22 2
32 23 1
32 24 2
32 25 2
32 26 2
32 27 3
32 28 4
32 29 4
32 30 4
32 31 4
33 0 3
33 1 1
33 2 1
33 3 3
33 4 2
33 5 3
33 6 4
33 7 4
33 8 2
33 9 1
33 10 1
33 11 2
33 12 1
33 13 3
33 14 4
33 15 4
33 16 2
33 17 3
33 18 1
33 19 3
33 20 1
33 21 4
33 22 4
33 23 3
33 24 2
33 25 1
33 26 2
33 27 2
33 28 4
33 29 2
33 30 4
33 31 2
33 32 3
34 0 3
34 1 4
34 2 4
34 3 2
34 4 1
34 5 2
34 6 4
34 7 3
34 8 4
34 9 4
34 10 3
34 11 3
34 12 4
34 13 1
34 14 4
34 15 1
34 16 1
34 17 1
34 18 1
34 19 4
34 20 2
34 21 3
34 22 4
34 23 4
34 24 4
34 25 3
34 26 3
34 27 3
34 28 3
34 29 1
34 30 2
34 31 4
34 32 4
34 33 4
35 0 1
35 1 4
35 2 4
35 3 1
35 4 4
35 5 2
35 6 4
35 7 1
35 8 4
35 9 3
35 10 3
35 11 4
35 12 3
35 13 4
35 14 2
35 15 3
35 16 3
35 17 3
35 18 2
35 19 2
35 20 3
35 21 2
35 22 3
35 23 4
35 24 4
35 25 3
35 26 2
35 27 1
35 28 3
35 29 4
35 30 1
35 31 1
35 32 2
35 33 2
35 34 1
36 0 1
36 1 3
36 2 3
36 3 4
36 4 1
36 5 4
36 6 3
36 7 3
36 8 2
36 9 2
36 10 3
36 11 4
36 12 2
36 13 2
36 14 3
36 15 4
36 16 2
36 17 2
36 18 1
36 19 4
36 20 1
36 21 3
36 22 4
36 23 3
36 24 3
36 25 1
36 26 1
36 27 4
36 28 3
36 29 1
36 30 2
36 31 3
36 32 3
36 33 3
36 34 3
36 35 2
37 0 1
37 1 3
37 2 1
37 3 1
37 4 3
37 5 1
37 6 4
37 7 2
37 8 3
37 9 3
37 10 1
37 11 3
37 12 4
37 13 1
37 14 3
37 15 1
37 16 2
37 17 4
37 18 2
37 19 3
37 20 3
37 21 4
37 22 4
37 23 1
37 24 3
37 25 4
37 26 2
37 27 1
37 28 4
37 29 2
37 30 3
37 31 2
37 32 1
37 33 4
37 34 1
37 35 2
37 36 2
38 0 4
38 1 1
38 2 3
38 3 2
38 4 4
38 5 3
38 6 4
38 7 1
38 8 3
38 9 2
38 10 2
38 11 1
38 12 2
38 13 1
38 14 2
38 15 1
38 16 1
38 17 1
38 18 1
38 19 2
38 20 2
38 21 2
38 22 2
38 23 2
38 24 3
38 25 1
38 26 4
38 27 1
38 28 3
38 29 1
38 30 2
38 31 1
38 32 1
38 33 1
38 34 4
38 35 1
38 36 2
38 37 2
39 0 4
39 1 1
39 2 3
39 3 4
39 4 1
39 5 3
39 6 2
39 7 3
39 8 1
39 9 4
39 10 4
39 11 4
39 12 1
39 13 4
39 14 3
39 15 2
39 16 4
39 17 1
39 18 2
39 19 1
39 20 1
39 21 1
39 22 1
39 23 1
39 24 3
39 25 2
39 26 3
39 27 2
39 28 2
39 29 4
39 30 3
39 31 1
39 32 4
39 33 4
39 34 2
39 35 4
39 36 3
39 37 1
39 38 1
40 0 2
40 1 3
40 2 2
40 3 1
40 4 4
40 5 3
40 6 3
40 7 3
40 8 1
40 9 2
40 10 4
40 11 1
40 12 1
40 13 4
40 14 4
40 15 4
40 16 1
40 17 3
40 18 2
40 19 1
40 20 4
40 21 2
40 22 3
40 23 1
40 24 2
40 25 2
40 26 4
40 27 3
40 28 1
40 29 1
40 30 4
40 31 1
40 32 4
40 33 3
40 34 1
40 35 2
40 36 4
40 37 1
40 38 4
40 39 3
41 0 4
41 1 2
41 2 1
41 3 1
41 4 1
41 5 1
41 6 4
41 7 2
41 8 4
41 9 1
41 10 2
41 11 3
41 12 1
41 13 4
41 14 3
41 15 1
41 16 1
41 17 3
41 18 3
41 19 3
41 20 2
41 21 1
41 22 3
41 23 4
41 24 4
41 25 1
41 26 1
41 27 4
41 28 2
41 29 1
41 30 4
41 31 4
41 32 1
41 33 1
41 34 2
41 35 3
41 36 2
41 37 4
41 38 3
41 39 1
41 40 4
42 0 4
42 1 3
42 2 3
42 3 2
42 4 3
42 5 1
42 6 4
42 7 2
42 8 3
42 9 2
42 10 4
42 11 1
42 12 2
42 13 1
42 14 2
42 15 3
42 16 1
42 17 3
42 18 2
42 19 3
42 20 4
42 21 3
42 22 1
42 23 4
42 24 2
42 25 1
42 26 4
42 27 4
42 28 3
42 29 2
42 30 4
42 31 1
42 32 1
42 33 1
42 34 1
42 35 3
42 36 3
42 37 1
42 38 4
42 39 3
42 40 4
42 41 1
43 0 2
43 1 2
43 2 1
43 3 3
43 4 4
43 5 3
43 6 3
43 7 4
43 8 3
43 9 4
43 10 1
43 11 1
43 12 2
43 13 4
43 14 1
43 15 4
43 16 3
43 17 3
43 18 1
43 19 1
43 20 4
43 21 3
43 22 1
43 23 4
43 24 4
43 25 1
43 26 4
43 27 1
43 28 2
43 29 4
43 30 2
43 31 3
43 32 3
43 33 4
43 34 2
43 35 1
43 36 4
43 37 3
43 38 3
43 39 3
43 40 3
43 41 4
43 42 1
44 0 3
44 1 4
44 2 1
44 3 3
44 4 2
44 5 3
44 6 3
44 7 4
44 8 1
44 9 3
44 10 3
44 11 1
44 12 3
44 13 3
44 14 2
44 15 4
44 16 3
44 17 2
44 18 2
44 19 2
44 20 2
44 21 1
44 22 1
44 23 1
44 24 4
44 25 2
44 26 1
44 27 1
44 28 4
44 29 3
44 30 2
44 31 1
44 32 4
44 33 2
44 34 3
44 35 3
44 36 1
44 37 4
44 38 3
44 39 1
44 40 3
44 41 4
44 42 2
44 43 2
45 0 4
45 1 4
45 2 2
45 3 3
45 4 2
45 5 1
45 6 1
45 7 2
45 8 3
45 9 1
45 10 2
45 11 3
45 12 1
45 13 2
45 14 1
45 15 1
45 16 1
45 17 2
45 18 3
45 19 3
45 20 2
45 21 4
45 22 2
45 23 2
45 24 3
45 25 4
45 26 2
45 27 2
45 28 2
45 29 2
45 30 4
45 31 4
45 32 3
45 33 4
45 34 2
45 35 1
45 36 4
45 37 2
45 38 2
45 39 3
45 40 2
45 41 2
45 42 1
45 43 1
45 44 1
46 0 1
46 1 3
46 2 1
46 3 3
46 4 3
46 5 1
46 6 4
46 7 2
46 8 4
46 9 4
46 10 3
46 11 3
46 12 3
46 13 3
46 14 3
46 15 4
46 16 2
46 17 2
46 18 1
46 19 1
46 20 1
46 21 2
46 22 3
46 23 1
46 24 2
46 25 4
46 26 3
46 27 2
46 28 4
46 29 4
46 30 1
46 31 4
46 32 4
46 33 3
46 34 1
46 35 3
46 36 3
46 37 3
46 38 4
46 39 1
46 40 4
46 41 4
46 42 4
46 43 4
46 44 2
46 45 3
47 0 3
47 1 3
47 2 1
47 3 1
47 4 3
47 5 1
47 6 3
47 7 4
47 8 1
47 9 2
47 10 4
47 11 3
47 12 3
47 13 4
47 14 3
47 15 3
47 16 4
47 17 4
47 18 4
47 19 3
47 20 1
47 21 3
47 22 1
47 23 1
47 24 2
47 25 2
47 26 4
47 27 2
47 28 2
47 29 4
47 30 4
47 31 1
47 32 3
47 33 4
47 34 3
47 35 1
47 36 3
47 37 2
47 38 3
47 39 2
47 40 1
47 41 1
47 42 3
47 43 4
47 44 2
47 45 3
47 46 4
48 0 4
48 1 3
48 2 3
48 3 1
48 4 2
48 5 4
48 6 2
48 7 2
48 8 4
48 9 3
48 10 3
48 11 4
48 12 1
48 13 3
48 14 4
48 15 4
48 16 4
48 17 1
48 18 4
48 19 2
48 20 2
48 21 1
48 22 1
48 23 2
48 24 4
48 25 4
48 26 1
48 27 1
48 28 4
48 29 3
48 30 1
48 31 3
48 32 4
48 33 4
48 34 4
48 35 3
48 36 3
48 37 1
48 38 2
48 39 3
48 40 1
48 41 4
48 42 4
48 43 1
48 44 3
48 45 3
48 46 4
48 47 2
49 0 1
49 1 2
49 2 2
49 3 4
49 4 1
49 5 3
49 6 1
49 7 3
49 8 3
49 9 4
49 10 1
49 11 4
49 12 3
49 13 2
49 14 1
49 15 2
49 16 2
49 17 4
49 18 2
49 19 3
49 20 3
49 21 1
49 22 1
49 23 2
49 24 3
49 25 2
49 26 1
49 27 4
49 28 1
49 29 3
49 30 4
49 31 1
49 32 4
49 33 3
49 34 4
49 35 4
49 36 1
49 37 4
49 38 1
49 39 3
49 40 2
49 41 1
49 42 4
49 43 4
49 44 3
49 45 4
49 46 2
49 47 2
49 48 4
50 0 4
50 1 2
50 2 1
50 3 2
50 4 4
50 5 3
50 6 2
50 7 1
50 8 1
50 9 4
50 10 2
50 11 4
50 12 3
50 13 1
50 14 4
50 15 3
50 16 1
50 17 2
50 18 4
50 19 2
50 20 2
50 21 1
50 22 4
50 23 2
50 24 1
50 25 1
50 26 3
50 27 1
50 28 4
50 29 4
50 30 4
50 31 1
50 32 2
50 33 2
50 34 2
50 35 1
50 36 1
50 37 1
50 38 4
50 39 3
50 40 1
50 41 3
50 42 4
50 43 4
50 44 3
50 45 1
50 46 4
50 47 4
50 48 3
50 49 3
51 0 3
51 1 3
51 2 3
51 3 4
51 4 1
51 5 2
51 6 2
51 7 4
51 8 2
51 9 4
51 10 1
51 11 3
51 12 2
51 13 3
51 14 4
51 15 3
51 16 2
51 17 4
51 18 3
51 19 3
51 20 3
51 21 2
51 22 4
51 23 4
51 24 2
51 25 1
51 26 3
51 27 3
51 28 1
51 29 2
51 30 3
51 31 1
51 32 3
51 33 2
51 34 3
51 35 4
51 36 4
51 37 2
51 38 2
51 39 3
51 40 1
51 41 4
51 42 3
51 43 1
51 44 2
51 45 2
51 46 1
51 47 2
51 48 3
51 49 1
51 50 1
52 0 1
52 1 2
52 2 1
52 3 2
52 4 2
52 5 2
52 6 3
52 7 1
52 8 3
52 9 2
52 10 3
52 11 3
52 12 2
52 13 1
52 14 3
52 15 3
52 16 4
52 17 3
52 18 1
52 19 1
52 20 4
52 21 1
52 22 4
52 23 3
52 24 3
52 25 2
52 26 2
52 27 4
52 28 1
52 29 1
52 30 3
52 31 1
52 32 3
52 33 2
52 34 4
52 35 4
52 36 1
52 37 4
52 38 4
52 39 1
52 40 4
52 41 2
52 42 1
52 43 3
52 44 2
52 45 1
52 46 3
52 47 3
52 48 1
52 49 2
52 50 2
52 51 2
53 0 1
53 1 3
53 2 1
53 3 4
53 4 4
53 5 4
53 6 1
53 7 2
53 8 2
53 9 4
53 10 2
53 11 1
53 12 2
53 13 2
53 14 2
53 15 2
53 16 1
53 17 1
53 18 1
53 19 2
53 20 2
53 21 3
53 22 1
53 23 3
53 24 3
53 25 2
53 26 3
53 27 1
53 28 4
53 29 3
53 30 2
53 31 2
53 32 4
53 33 3
53 34 2
53 35 3
53 36 1
53 37 2
53 38 3
53 39 4
53 40 4
53 41 4
53 42 4
53 43 1
53 44 4
53 45 2
53 46 3
53 47 3
53 48 3
53 49 1
53 50 4
53 51 3
53 52 4
54 0 4
54 1 1
54 2 1
54 3 4
54 4 2
54 5 4
54 6 4
54 7 4
54 8 3
54 9 3
54 10 3
54 11 4
54 12 1
54 13 4
54 14 2
54 15 2
54 16 1
54 17 4
54 18 3
54 19 2
54 20 1
54 21 3
54 22 3
54 23 4
54 24 4
54 25 3
54 26 1
54 27 4
54 28 1
54 29 2
54 30 2
54 31 4
54 32 1
54 33 2
54 34 2
54 35 3
54 36 3
54 37 3
54 38 2
54 39 1
54 40 4
54 41 4
54 42 2
54 43 2
54 44 2
54 45 4
54 46 4
54 47 4
54 48 4
54 49 2
54 50 1
54 51 4
54 52 4
54 53 3
55 0 3
55 1 3
55 2 1
55 3 1
55 4 3
55 5 1
55 6 4
55 7 3
55 8 1
55 9 1
55 10 3
55 11 4
55 12 3
55 13 4
55 14 2
55 15 3
55 16 2
55 17 1
55 18 4
55 19 4
55 20 1
55 21 1
55 22 2
55 23 1
55 24 1
55 25 1
55 26 3
55 27 2
55 28 4
55 29 2
55 30 3
55 31 4
55 32 2
55 33 1
55 34 1
55 35 3
55 36 4
55 37 4
55 38 1
55 39 3
55 40 4
55 41 3
55 42 2
55 43 1
55 44 2
55 45 3
55 46 2
55 47 4
55 48 1
55 49 3
55 50 4
55 51 4
55 52 4
55 53 4
55 54 3
56 0 4
56 1 4
56 2 3
56 3 1
56 4 3
56 5 2
56 6 3
56 7 1
56 8 4
56 9 2
56 10 3
56 11 1
56 12 1
56 13 4
56 14 4
56 15 1
56 16 4
56 17 1
56 18 1
56 19 4
56 20 3
56 21 2
56 22 1
56 23 1
56 24 3
56 25 1
56 26 2
56 27 3
56 28 4
56 29 1
56 30 1
56 31 1
56 32 1
56 33 4
56 34 2
56 35 2
56 36 3
56 37 3
56 38 1
56 39 2
56 40 1
56 41 4
56 42 2
56 43 3
56 44 2
56 45 3
56 46 2
56 47 1
56 48 1
56 49 4
56 50 3
56 51 3
56 52 2
56 53 1
56 54 1
56 55 2
57 0 2
57 1 1
57 2 2
57 3 4
57 4 1
57 5 4
57 6 1
57 7 2
57 8 3
57 9 1
57 10 2
57 11 1
57 12 2
57 13 3
57 14 3
57 15 2
57 16 3
57 17 2
57 18 4
57 19 2
57 20 2
57 21 1
57 22 1
57 23 4
57 24 2
57 25 3
57 26 3
57 27 1
57 28 2
57 29 4
57 30 3
57 31 4
57 32 2
57 33 1
57 34 4
57 35 1
57 36 3
57 37 4
57 38 4
57 39 1
57 40 1
57 41 3
57 42 4
57 43 4
57 44 3
57 45 2
57 46 4
57 47 1
57 48 2
57 49 4
57 50 4
57 51 2
57 52 4
57 53 4
57 54 4
57 55 1
57 56 3
58 0 2
58 1 4
58 2 3
58 3 3
58 4 4
58 5 2
58 6 2
58 7 3
58 8 2
58 9 1
58 10 4
58 11 2
58 12 3
58 13 4
58 14 3
58 15 4
58 16 1
58 17 2
58 18 2
58 19 4
58 20 3
58 21 3
58 22 4
58 23 3
58 24 4
58 25 1
58 26 3
58 27 2
58 28 1
58 29 2
58 30 4
58 31 1
58 32 3
58 33 2
58 34 3
58 35 3
58 36 1
58 37 1
58 38 4
58 39 3
58 40 1
58 41 4
58 42 2
58 43 3
58 44 3
58 45 3
58 46 1
58 47 2
58 48 1
58 49 2
58 50 1
58 51 3
58 52 1
58 53 1
58 54 2
58 55 4
58 56 1
58 57 1
59 0 4
59 1 3
59 2 3
59 3 2
59 4 3
59 5 2
59 6 2
59 7 2
59 8 1
59 9 1
59 10 3
59 11 2
59 12 1
59 13 1
59 14 1
59 15 1
59 16 2
59 17 2
59 18 3
59 19 4
59 20 3
59 21 1
59 22 2
59 23 4
59 24 2
59 25 2
59 26 3
59 27 3
59 28 4
59 29 3
59 30 2
59 31 3
59 32 3
59 33 4
59 34 3
59 35 3
59 36 4
59 37 3
59 38 4
59 39 1
59 40 2
59 41 2
59 42 2
59 43 3
59 44 4
59 45 2
59 46 3
59 47 2
59 48 1
59 49 3
59 50 2
59 51 4
59 52 3
59 53 2
59 54 2
59 55 3
59 56 3
59 57 2
59 58 3
60 0 3
60 1 3
60 2 3
60 3 4
60 4 3
60 5 4
60 6 4
60 7 4
60 8 3
60 9 1
60 10 4
60 11 1
60 12 3
60 13 1
60 14 1
60 15 3
60 16 3
60 17 1
60 18 2
60 19 4
60 20 3
60 21 2
60 22 1
60 23 1
60 24 1
60 25 2
60 26 2
60 27 1
60 28 3
60 29 3
60 30 1
60 31 4
60 32 2
60 33 3
60 34 1
60 35 4
60 36 3
60 37 4
60 38 4
60 39 1
60 40 3
60 41 3
60 42 4
60 43 3
60 44 2
60 45 2
60 46 2
60 47 3
60 48 2
60 49 2
60 50 3
60 51 4
60 52 1
60 53 4
60 54 3
60 55 2
60 56 4
60 57 3
60 58 3
60 59 2
61 0 1
61 1 4
61 2 3
61 3 2
61 4 3
61 5 1
61 6 1
61 7 3
61 8 3
61 9 2
61 10 3
61 11 4
61 12 4
61 13 3
61 14 4
61 15 3
61 16 3
61 17 4
61 18 3
61 19 4
61 20 3
61 21 1
61 22 2
61 23 4
61 24 4
61 25 1
61 26 1
61 27 2
61 28 1
61 29 4
61 30 2
61 31 1
61 32 3
61 33 4
61 34 3
61 35 4
61 36 4
61 37 4
61 38 4
61 39 1
61 40 1
61 41 3
61 42 3
61 43 3
61 44 2
61 45 2
61 46 3
61 47 3
61 48 1
61 49 4
61 50 2
61 51 4
61 52 4
61 53 4
61 54 1
61 55 2
61 56 4
61 57 3
61 58 4
61 59 4
61 60 1
62 0 3
62 1 1
62 2 2
62 3 2
62 4 3
62 5 2
62 6 1
62 7 1
62 8 1
62 9 3
62 10 4
62 11 1
62 12 4
62 13 1
62 14 2
62 15 4
62 16 4
62 17 1
62 18 2
62 19 4
62 20 1
62 21 4
62 22 1
62 23 2
62 24 1
62 25 1
62 26 1
62 27 4
62 28 2
62 29 4
62 30 3
62 31 3
62 32 2
62 33 2
62 34 3
62 35 1
62 36 1
62 37 3
62 38 4
62 39 2
62 40 4
62 41 4
62 42 2
62 43 2
62 44 4
62 45 2
62 46 1
62 47 3
62 48 4
62 49 4
62 50 2
62 51 3
62 52 3
62 53 1
62 54 2
62 55 4
62 56 1
62 57 4
62 58 2
62 59 4
62 60 4
62 61 2
63 0 4
63 1 3
63 2 1
63 3 2
63 4 4
63 5 2
63 6 3
63 7 2
63 8 3
63 9 1
63 10 1
63 11 2
63 12 1
63 13 3
63 14 4
63 15 4
63 16 1
63 17 2
63 18 4
63 19 3
63 20 2
63 21 3
63 22 1
63 23 2
63 24 1
63 25 2
63 26 1
63 27 3
63 28 3
63 29 1
63 30 3
63 31 2
63 32 3
63 33 3
63 34 4
63 35 2
63 36 1
63 37 3
63 38 1
63 39 2
63 40 2
63 41 3
63 42 3
63 43 4
63 44 3
63 45 1
63 46 4
63 47 2
63 48 2
63 49 4
63 50 2
63 51 2
63 52 1
63 53 2
63 54 4
63 55 2
63 56 1
63 57 1
63 58 3
63 59 2
63 60 2
63 61 2
63 62 2
64 0 2
64 1 4
64 2 4
64 3 2
64 4 2
64 5 1
64 6 4
64 7 3
64 8 1
64 9 1
64 10 1
64 11 1
64 12 2
64 13 2
64 14 4
64 15 1
64 16 3
64 17 4
64 18 1
64 19 3
64 20 3
64 21 2
64 22 1
64 23 2
64 24 3
64 25 2
64 26 3
64 27 3
64 28 1
64 29 1
64 30 3
64 31 4
64 32 2
64 33 1
64 34 4
64 35 1
64 36 3
64 37 4
64 38 1
64 39 2
64 40 4
64 41 3
64 42 1
64 43 2
64 44 1
64 45 3
64 46 1
64 47 3
64 48 1
64 49 2
64 50 2
64 51 3
64 52 2
64 53 4
64 54 3
64 55 4
64 56 2
64 57 3
64 58 3
64 59 1
64 60 4
64 61 4
64 62 2
64 63 1
65 0 4
65 1 1
65 2 1
65 3 4
65 4 1
65 5 4
65 6 4
65 7 1
65 8 4
65 9 4
65 10 2
65 11 2
65 12 2
65 13 1
65 14 2
65 15 3
65 16 1
65 17 2
65 18 2
65 19 1
65 20 3
65 21 2
65 22 4
65 23 3
65 24 2
65 25 1
65 26 3
65 27 2
65 28 2
65 29 2
65 30 3
65 31 4
65 32 4
65 33 4
65 34 4
65 35 4
65 36 3
65 37 2
65 38 1
65 39 4
65 40 4
65 41 4
65 42 3
65 43 1
65 44 2
65 45 2
65 46 1
65 47 1
65 48 3
65 49 4
65 50 4
65 51 2
65 52 3
65 53 1
65 54 2
65 55 3
65 56 2
65 57 3
65 58 4
65 59 1
65 60 3
65 61 1
65 62 1
65 63 4
65 64 3
66 0 2
66 1 1
66 2 4
66 3 3
66 4 1
66 5 1
66 6 1
66 7 4
66 8 2
66 9 4
66 10 1
66 11 4
66 12 1
66 13 2
66 14 4
66 15 1
66 16 4
66 17 4
66 18 4
66 19 3
66 20 3
66 21 1
66 22 2
66 23 3
66 24 1
66 25 2
66 26 4
66 27 3
66 28 4
66 29 1
66 30 3
66 31 4
66 32 1
66 33 3
66 34 2
66 35 3
66 36 1
66 37 2
66 38 1
66 39 1
66 40 3
66 41 2
66 42 4
66 43 4
66 44 2
66 45 2
66 46 4
66 47 2
66 48 2
66 49 2
66 50 4
66 51 1
66 52 2
66 53 2
66 54 3
66 55 2
66 56 4
66 57 1
66 58 4
66 59 1
66 60 1
66 61 3
66 62 3
66 63 1
66 64 1
66 65 2
67 0 3
67 1 2
67 2 3
67 3 1
67 4 4
67 5 3
67 6 4
67 7 3
67 8 1
67 9 4
67 10 4
67 11 2
67 12 2
67 13 2
67 14 2
67 15 3
67 16 2
67 17 3
67 18 3
67 19 2
67 20 1
67 21 3
67 22 3
67 23 3
67 24 4
67 25 4
67 26 4
67 27 3
67 28 3
67 29 4
67 30 1
67 31 2
67 32 2
67 33 3
67 34 1
67 35 3
67 36 3
67 37 4
67 38 4
67 39 1
67 40 1
67 41 3
67 42 3
67 43 4
67 44 4
67 45 4
67 46 2
67 47 4
67 48 2
67 49 1
67 50 1
67 51 4
67 52 1
67 53 2
67 54 4
67 55 1
67 56 3
67 57 3
67 58 4
67 59 4
67 60 2
67 61 2
67 62 4
67 63 4
67 64 1
67 65 3
67 66 4
68 0 1
68 1 1
68 2 1
68 3 3
68 4 1
68 5 4
68 6 3
68 7 3
68 8 4
68 9 1
68 10 4
68 11 4
68 12 4
68 13 3
68 14 3
68 15 4
68 16 3
68 17 1
68 18 2
68 19 4
68 20 2
68 21 1
68 22 4
68 23 3
68 24 3
68 25 4
68 26 1
68 27 1
68 28 1
68 29 2
68 30 1
68 31 4
68 32 1
68 33 1
68 34 4
68 35 2
68 36 3
68 37 3
68 38 3
68 39 2
68 40 4
68 41 4
68 42 4
68 43 3
68 44 1
68 45 1
68 46 1
68 47 3
68 48 4
68 49 2
68 50 1
68 51 2
68 52 1
68 53 2
68 54 1
68 55 4
68 56 1
68 57 2
68 58 2
68 59 1
68 60 2
68 61 2
68 62 1
68 63 3
68 64 1
68 65 2
68 66 2
68 67 3
69 0 3
69 1 4
69 2 3
69 3 3
69 4 1
69 5 2
69 6 1
69 7 4
69 8 3
69 9 3
69 10 1
69 11 1
69 12 4
69 13 4
69 14 3
69 15 4
69 16 4
69 17 4
69 18 3
69 19 3
69 20 3
69 21 2
69 22 1
69 23 4
69 24 4
69 25 3
69 26 3
69 27 3
69 28 2
69 29 3
69 30 3
69 31 2
69 32 3
69 33 1
69 34 1
69 35 4
69 36 1
69 37 2
69 38 3
69 39 2
69 40 2
69 41 1
69 42 4
69 43 3
69 44 1
69 45 2
69 46 1
69 47 2
69 48 2
69 49 1
69 50 1
69 51 1
69 52 1
69 53 1
69 54 4
69 55 4
69 56 2
69 57 2
69 58 3
69 59 2
69 60 1
69 61 3
69 62 3
69 63 2
69 64 1
69 65 2
69 66 1
69 67 2
69 68 1
