30
1 0 6
2 0 5
2 1 5
3 0 4
3 1 5
3 2 3
4 0 1
4 1 5
4 2 1
4 3 4
5 0 1
5 1 4
5 2 5
5 3 6
5 4 6
6 0 4
6 1 4
6 2 2
6 3 3
6 4 1
6 5 1
7 0 2
7 1 5
7 2 4
7 3 4
7 4 3
7 5 5
7 6 2
8 0 5
8 1 1
8 2 3
8 3 2
8 4 3
8 5 3
8 6 6
8 7 3
9 0 3
9 1 6
9 2 3
9 3 5
9 4 6
9 5 4
9 6 5
9 7 1
9 8 5
10 0 6
10 1 6
10 2 2
10 3 3
10 4 6
10 5 2
10 6 5
10 7 6
10 8 1
10 9 2
11 0 5
11 1 4
11 2 3
11 3 4
11 4 6
11 5 3
11 6 6
11 7 3
11 8 4
11 9 2
11 10 3
12 0 1
12 1 6
12 2 1
12 3 4
12 4 1
12 5 5
12 6 4
12 7 4
12 8 2
12 9 5
12 10 3
12 11 2
13 0 5
13 1 6
13 2 3
13 3 1
13 4 1
13 5 2
13 6 4
13 7 1
13 8 5
13 9 5
13 10 1
13 11 6
13 12 1
14 0 3
14 1 4
14 2 2
14 3 4
14 4 3
14 5 4
14 6 2
14 7 1
14 8 1
14 9 6
14 10 6
14 11 3
14 12 2
14 13 4
15 0 4
15 1 4
15 2 5
15 3 4
15 4 3
15 5 2
15 6 4
15 7 6
15 8 5
15 9 1
15 10 4
15 11 1
15 12 1
15 13 5
15 14 2
16 0 6
16 1 2
16 2 2
16 3 4
16 4 3
16 5 3
16 6 1
16 7 5
16 8 6
16 9 3
16 10 3
16 11 3
16 12 3
16 13 5
16 14 6
16 15 6
17 0 2
17 1 5
17 2 2
17 3 2
17 4 3
17 5 3
17 6 6
17 7 1
17 8 3
17 9 5
17 10 2
17 11 6
17 12 1
17 13 4
17 14 1
17 15 4
17 16 3
18 0 4
18 1 4
18 2 5
18 3 2
18 4 4
18 5 3
18 6 5
18 7 6
18 8 3
18 9 1
18 10 4
18 11 2
18 12 1
18 13 2
18 14 4
18 15 3
18 16 2
18 17 1
19 0 6
19 1 4
19 2 4
19 3 1
19 4 5
19 5 5
19 6 1
19 7 5
19 8 1
19 9 5
19 10 5
19 11 2
19 12 5
19 13 2
19 14 4
19 15 4
19 16 4
19 17 6
19 18 1
20 0 5
20 1 5
20 2 2
20 3 5
20 4 3
20 5 1
20 6 6
20 7 1
20 8 1
20 9 5
20 10 4
20 11 2
20 12 6
20 13 2
20 14 1
20 15 5
20 16 5
20 17 3
20 18 3
20 19 3
21 0 4
21 1 5
21 2 3
21 3 5
21 4 3
21 5 6
21 6 6
21 7 4
21 8 2
21 9 4
21 10 4
21 11 4
21 12 3
21 13 1
21 14 4
21 15 1
21 16 3
21 17 1
21 18 6
21 19 3
21 20 4
22 0 4
22 1 1
22 2 3
22 3 4
22 4 2
22 5 2
22 6 1
22 7 5
22 8 4
22 9 4
22 10 3
22 11 3
22 12 6
22 13 6
22 14 6
22 15 4
22 16 5
22 17 5
22 18 1
22 19 6
22 20 1
22 21 6
23 0 5
23 1 3
23 2 4
23 3 2
23 4 6
23 5 2
23 6 2
23 7 2
23 8 6
23 9 1
23 10 4
23 11 1
23 12 2
23 13 4
23 14 1
23 15 1
23 16 6
23 17 4
23 18 3
23 19 6
23 20 4
23 21 3
23 22 1
24 0 3
24 1 3
24 2 2
24 3 6
24 4 6
24 5 4
24 6 3
24 7 2
24 8 1
24 9 1
24 10 1
24 11 5
24 12 5
24 13 4
24 14 2
24 15 6
24 16 2
24 17 4
24 18 3
24 19 5
24 20 2
24 21 2
24 22 1
24 23 4
25 0 5
25 1 3
25 2 4
25 3 2
25 4 5
25 5 4
25 6 1
25 7 2
25 8 5
25 9 5
25 10 3
25 11 4
25 12 5
25 13 4
25 14 3
25 15 6
25 16 1
25 17 5
25 18 1
25 19 5
25 20 4
25 21 6
25 22 6
25 23 2
25 24 1
26 0 6
26 1 4
26 2 6
26 3 4
26 4 3
26 5 3
26 6 3
26 7 4
26 8 4
26 9 5
26 10 3
26 11 6
26 12 5
26 13 6
26 14 3
26 15 4
26 16 5
26 17 2
26 18 5
26 19 4
26 20 4
26 21 3
26 22 2
26 23 1
26 24 5
26 25 3
27 0 3
27 1 4
27 2 6
27 3 3
27 4 4
27 5 2
27 6 3
27 7 6
27 8 1
27 9 6
27 10 3
27 11 4
27 12 1
27 13 4
27 14 2
27 15 6
27 16 5
27 17 5
27 18 6
27 19 4
27 20 3
27 21 3
27 22 2
27 23 6
27 24 1
27 25 1
27 26 2
28 0 6
28 1 1
28 2 5
28 3 6
28 4 4
28 5 6
28 6 1
28 7 1
28 8 4
28 9 1
28 10 4
28 11 3
28 12 6
28 13 4
28 14 4
28 15 1
28 16 2
28 17 1
28 18 2
28 19 2
28 20 3
28 21 1
28 22 3
28 23 5
28 24 4
28 25 5
28 26 4
28 27 5
29 0 4
29 1 4
29 2 2
29 3 6
29 4 4
29 5 5
29 6 5
29 7 4
29 8 3
29 9 4
29 10 2
29 11 6
29 12 4
29 13 5
29 14 6
29 15 4
29 16 1
29 17 6
29 18 2
29 19 4
29 20 6
29 21 1
29 22 4
29 23 5
29 24 4
29 25 3
29 26 2
29 27 5
29 28 5
