70
1 0 2
2 0 5
2 1 6
3 0 4
3 1 6
3 2 4
4 0 1
4 1 4
4 2 3
4 3 7
5 0 1
5 1 3
5 2 6
5 3 7
5 4 8
6 0 8
6 1 8
6 2 3
6 3 8
6 4 2
6 5 6
7 0 5
7 1 4
7 2 8
7 3 3
7 4 4
7 5 6
7 6 6
8 0 1
8 1 6
8 2 4
8 3 8
8 4 2
8 5 8
8 6 1
8 7 5
9 0 5
9 1 1
9 2 1
9 3 8
9 4 5
9 5 5
9 6 4
9 7 3
9 8 8
10 0 8
10 1 7
10 2 3
10 3 3
10 4 5
10 5 3
10 6 2
10 7 7
10 8 8
10 9 2
11 0 8
11 1 6
11 2 4
11 3 6
11 4 5
11 5 3
11 6 2
11 7 2
11 8 5
11 9 5
11 10 2
12 0 4
12 1 7
12 2 6
12 3 6
12 4 5
12 5 5
12 6 4
12 7 8
12 8 5
12 9 8
12 10 8
12 11 2
13 0 7
13 1 3
13 2 3
13 3 1
13 4 8
13 5 1
13 6 2
13 7 6
13 8 1
13 9 8
13 10 7
13 11 2
13 12 7
14 0 7
14 1 1
14 2 8
14 3 2
14 4 6
14 5 6
14 6 5
14 7 1
14 8 5
14 9 5
14 10 6
14 11 8
14 12 5
14 13 4
15 0 4
15 1 4
15 2 1
15 3 2
15 4 6
15 5 8
15 6 6
15 7 2
15 8 3
15 9 8
15 10 2
15 11 3
15 12 5
15 13 7
15 14 1
16 0 6
16 1 7
16 2 7
16 3 4
16 4 7
16 5 6
16 6 3
16 7 7
16 8 1
16 9 2
16 10 2
16 11 4
16 12 6
16 13 5
16 14 4
16 15 2
17 0 4
17 1 2
17 2 1
17 3 4
17 4 2
17 5 3
17 6 6
17 7 4
17 8 3
17 9 6
17 10 4
17 11 6
17 12 3
17 13 3
17 14 2
17 15 1
17 16 3
18 0 6
18 1 4
18 2 6
18 3 6
18 4 8
18 5 6
18 6 6
18 7 1
18 8 3
18 9 8
18 10 8
18 11 1
18 12 3
18 13 2
18 14 7
18 15 8
18 16 7
18 17 3
19 0 8
19 1 4
19 2 4
19 3 8
19 4 7
19 5 7
19 6 4
19 7 2
19 8 2
19 9 8
19 10 2
19 11 6
19 12 5
19 13 3
19 14 5
19 15 3
19 16 5
19 17 5
19 18 7
20 0 7
20 1 6
20 2 1
20 3 7
20 4 6
20 5 4
20 6 5
20 7 3
20 8 2
20 9 7
20 10 8
20 11 5
20 12 8
20 13 1
20 14 4
20 15 6
20 16 6
20 17 8
20 18 7
20 19 2
21 0 8
21 1 1
21 2 7
21 3 3
21 4 4
21 5 3
21 6 8
21 7 7
21 8 5
21 9 3
21 10 1
21 11 1
21 12 2
21 13 5
21 14 8
21 15 2
21 16 1
21 17 7
21 18 3
21 19 4
21 20 5
22 0 4
22 1 8
22 2 8
22 3 5
22 4 6
22 5 1
22 6 7
22 7 8
22 8 4
22 9 1
22 10 4
22 11 3
22 12 5
22 13 4
22 14 6
22 15 1
22 16 8
22 17 6
22 18 1
22 19 5
22 20 2
22 21 2
23 0 7
23 1 3
23 2 1
23 3 7
23 4 7
23 5 6
23 6 6
23 7 2
23 8 1
23 9 5
23 10 7
23 11 8
23 12 5
23 13 1
23 14 8
23 15 3
23 16 1
23 17 7
23 18 2
23 19 3
23 20 7
23 21 3
23 22 3
24 0 3
24 1 2
24 2 8
24 3 1
24 4 7
24 5 4
24 6 6
24 7 4
24 8 4
24 9 6
24 10 8
24 11 1
24 12 6
24 13 3
24 14 6
24 15 3
24 16 2
24 17 4
24 18 3
24 19 6
24 20 3
24 21 8
24 22 1
24 23 8
25 0 4
25 1 3
25 2 3
25 3 5
25 4 3
25 5 6
25 6 3
25 7 8
25 8 1
25 9 7
25 10 5
25 11 7
25 12 5
25 13 8
25 14 1
25 15 8
25 16 6
25 17 4
25 18 3
25 19 6
25 20 8
25 21 6
25 22 4
25 23 4
25 24 5
26 0 2
26 1 7
26 2 4
26 3 5
26 4 6
26 5 7
26 6 8
26 7 2
26 8 8
26 9 2
26 10 8
26 11 6
26 12 4
26 13 5
26 14 2
26 15 3
26 16 4
26 17 6
26 18 2
26 19 3
26 20 3
26 21 4
26 22 6
26 23 3
26 24 2
26 25 5
27 0 7
27 1 4
27 2 5
27 3 1
27 4 6
27 5 6
27 6 7
27 7 7
27 8 2
27 9 4
27 10 8
27 11 6
27 12 1
27 13 8
27 14 7
27 15 1
27 16 2
27 17 3
27 18 7
27 19 3
27 20 3
27 21 8
27 22 3
27 23 4
27 24 7
27 25 7
27 26 7
28 0 4
28 1 8
28 2 2
28 3 7
28 4 6
28 5 1
28 6 1
28 7 6
28 8 6
28 9 6
28 10 2
28 11 8
28 12 5
28 13 2
28 14 5
28 15 2
28 16 4
28 17 4
28 18 8
28 19 6
28 20 8
28 21 6
28 22 3
28 23 4
28 24 1
28 25 8
28 26 7
28 27 7
29 0 1
29 1 2
29 2 5
29 3 6
29 4 3
29 5 1
29 6 1
29 7 5
29 8 8
29 9 1
29 10 6
29 11 3
29 12 5
29 13 6
29 14 5
29 15 7
29 16 3
29 17 2
29 18 6
29 19 6
29 20 8
29 21 7
29 22 8
29 23 1
29 24 4
29 25 3
29 26 1
29 27 1
29 28 5
30 0 8
30 1 7
30 2 4
30 3 5
30 4 2
30 5 2
30 6 3
30 7 8
30 8 1
30 9 3
30 10 4
30 11 4
30 12 7
30 13 3
30 14 7
30 15 4
30 16 2
30 17 1
30 18 6
30 19 8
30 20 1
30 21 4
30 22 2
30 23 1
30 24 8
30 25 7
30 26 2
30 27 8
30 28 4
30 29 7
31 0 4
31 1 5
31 2 7
31 3 5
31 4 4
31 5 2
31 6 2
31 7 8
31 8 6
31 9 7
31 10 2
31 11 7
31 12 1
31 13 2
31 14 8
31 15 6
31 16 7
31 17 6
31 18 5
31 19 8
31 20 2
31 21 5
31 22 1
31 23 8
31 24 8
31 25 6
31 26 5
31 27 2
31 28 3
31 29 5
31 30 2
32 0 1
32 1 1
32 2 8
32 3 8
32 4 3
32 5 3
32 6 5
32 7 7
32 8 7
32 9 3
32 10 8
32 11 3
32 12 7
32 13 1
32 14 8
32 15 7
32 16 3
32 17 5
32 18 7
32 19 2
32 20 7
32 21 7
32 22 8
32 23 2
32 24 4
32 25 6
32 26 7
32 27 4
32 28 7
32 29 7
32 30 2
32 31 6
33 0 2
33 1 8
33 2 8
33 3 7
33 4 2
33 5 7
33 6 6
33 7 4
33 8 4
33 9 4
33 10 3
33 11 8
33 12 3
33 13 5
33 14 4
33 15 5
33 16 5
33 17 7
33 18 8
33 19 2
33 20 3
33 21 2
33 22 5
33 23 7
33 24 3
33 25 2
33 26 7
33 27 3
33 28 2
33 29 7
33 30 6
33 31 1
33 32 2
34 0 1
34 1 3
34 2 8
34 3 5
34 4 8
34 5 4
34 6 5
34 7 2
34 8 6
34 9 5
34 10 3
34 11 1
34 12 2
34 13 6
34 14 3
34 15 4
34 16 6
34 17 8
34 18 4
34 19 2
34 20 6
34 21 5
34 22 7
34 23 7
34 24 5
34 25 2
34 26 6
34 27 5
34 28 8
34 29 8
34 30 5
34 31 8
34 32 5
34 33 7
35 0 1
35 1 6
35 2 6
35 3 8
35 4 1
35 5 6
35 6 3
35 7 2
35 8 1
35 9 3
35 10 8
35 11 4
35 12 6
35 13 8
35 14 2
35 15 6
35 16 3
35 17 7
35 18 6
35 19 2
35 20 1
35 21 1
35 22 1
35 23 7
35 24 8
35 25 7
35 26 8
35 27 7
35 28 2
35 29 7
35 30 4
35 31 1
35 32 1
35 33 5
35 34 1
36 0 2
36 1 5
36 2 7
36 3 5
36 4 1
36 5 3
36 6 4
36 7 4
36 8 5
36 9 8
36 10 8
36 11 8
36 12 8
36 13 7
36 14 6
36 15 7
36 16 5
36 17 8
36 18 2
36 19 5
36 20 1
36 21 5
36 22 3
36 23 4
36 24 1
36 25 7
36 26 8
36 27 5
36 28 3
36 29 2
36 30 2
36 31 8
36 32 7
36 33 6
36 34 7
36 35 8
37 0 5
37 1 5
37 2 5
37 3 2
37 4 7
37 5 8
37 6 6
37 7 2
37 8 5
37 9 1
37 10 7
37 11 7
37 12 8
37 13 5
37 14 7
37 15 4
37 16 6
37 17 1
37 18 8
37 19 2
37 20 2
37 21 8
37 22 4
37 23 4
37 24 8
37 25 6
37 26 8
37 27 1
37 28 6
37 29 8
37 30 1
37 31 8
37 32 3
37 33 1
37 34 8
37 35 1
37 36 4
38 0 5
38 1 2
38 2 4
38 3 3
38 4 1
38 5 1
38 6 6
38 7 5
38 8 4
38 9 2
38 10 2
38 11 1
38 12 1
38 13 6
38 14 6
38 15 5
38 16 6
38 17 3
38 18 5
38 19 7
38 20 1
38 21 8
38 22 8
38 23 7
38 24 2
38 25 1
38 26 5
38 27 6
38 28 8
38 29 4
38 30 7
38 31 5
38 32 6
38 33 1
38 34 7
38 35 3
38 36 4
38 37 3
39 0 6
39 1 2
39 2 5
39 3 3
39 4 6
39 5 3
39 6 7
39 7 3
39 8 3
39 9 7
39 10 6
39 11 4
39 12 5
39 13 6
39 14 5
39 15 8
39 16 4
39 17 3
39 18 3
39 19 3
39 20 1
39 21 5
39 22 6
39 23 7
39 24 5
39 25 7
39 26 5
39 27 7
39 28 5
39 29 7
39 30 3
39 31 6
39 32 6
39 33 3
39 34 3
39 35 3
39 36 7
39 37 3
39 38 5
40 0 2
40 1 1
40 2 4
40 3 8
40 4 7
40 5 7
40 6 1
40 7 3
40 8 6
40 9 3
40 10 3
40 11 4
40 12 1
40 13 8
40 14 4
40 15 3
40 16 2
40 17 6
40 18 2
40 19 2
40 20 4
40 21 1
40 22 4
40 23 6
40 24 6
40 25 6
40 26 4
40 27 1
40 28 7
40 29 5
40 30 2
40 31 6
40 32 8
40 33 4
40 34 8
40 35 8
40 36 7
40 37 8
40 38 6
40 39 1
41 0 5
41 1 2
41 2 4
41 3 2
41 4 3
41 5 3
41 6 5
41 7 8
41 8 4
41 9 7
41 10 8
41 11 2
41 12 4
41 13 7
41 14 3
41 15 6
41 16 1
41 17 5
41 18 7
41 19 3
41 20 6
41 21 7
41 22 7
41 23 6
41 24 4
41 25 3
41 26 5
41 27 1
41 28 4
41 29 8
41 30 7
41 31 4
41 32 1
41 33 6
41 34 7
41 35 4
41 36 8
41 37 8
41 38 2
41 39 3
41 40 8
42 0 2
42 1 8
42 2 5
42 3 8
42 4 4
42 5 7
42 6 1
42 7 8
42 8 5
42 9 7
42 10 1
42 11 7
42 12 1
42 13 4
42 14 2
42 15 1
42 16 3
42 17 4
42 18 2
42 19 7
42 20 7
42 21 3
42 22 4
42 23 7
42 24 1
42 25 5
42 26 5
42 27 3
42 28 8
42 29 3
42 30 8
42 31 8
42 32 4
42 33 8
42 34 5
42 35 1
42 36 1
42 37 7
42 38 6
42 39 7
42 40 7
42 41 7
43 0 4
43 1 2
43 2 1
43 3 3
43 4 2
43 5 2
43 6 1
43 7 1
43 8 8
43 9 6
43 10 8
43 11 7
43 12 5
43 13 2
43 14 3
43 15 6
43 16 6
43 17 2
43 18 3
43 19 5
43 20 7
43 21 4
43 22 7
43 23 7
43 24 6
43 25 4
43 26 1
43 27 2
43 28 4
43 29 2
43 30 1
43 31 3
43 32 3
43 33 7
43 34 5
43 35 8
43 36 2
43 37 7
43 38 3
43 39 7
43 40 1
43 41 4
43 42 4
44 0 5
44 1 7
44 2 7
44 3 7
44 4 8
44 5 4
44 6 1
44 7 6
44 8 4
44 9 4
44 10 3
44 11 1
44 12 3
44 13 6
44 14 5
44 15 2
44 16 1
44 17 4
44 18 3
44 19 1
44 20 8
44 21 4
44 22 5
44 23 5
44 24 8
44 25 4
44 26 4
44 27 3
44 28 7
44 29 2
44 30 3
44 31 5
44 32 3
44 33 3
44 34 2
44 35 5
44 36 2
44 37 6
44 38 3
44 39 7
44 40 6
44 41 6
44 42 5
44 43 8
45 0 4
45 1 2
45 2 3
45 3 1
45 4 3
45 5 8
45 6 2
45 7 1
45 8 8
45 9 7
45 10 8
45 11 8
45 12 1
45 13 6
45 14 3
45 15 7
45 16 5
45 17 4
45 18 6
45 19 2
45 20 3
45 21 4
45 22 1
45 23 8
45 24 5
45 25 1
45 26 7
45 27 8
45 28 6
45 29 6
45 30 2
45 31 7
45 32 7
45 33 1
45 34 3
45 35 5
45 36 2
45 37 6
45 38 8
45 39 1
45 40 5
45 41 7
45 42 2
45 43 3
45 44 6
46 0 5
46 1 8
46 2 8
46 3 7
46 4 7
46 5 5
46 6 7
46 7 4
46 8 4
46 9 3
46 10 3
46 11 6
46 12 1
46 13 5
46 14 7
46 15 2
46 16 6
46 17 1
46 18 8
46 19 4
46 20 7
46 21 7
46 22 2
46 23 2
46 24 6
46 25 4
46 26 2
46 27 5
46 28 3
46 29 3
46 30 2
46 31 2
46 32 3
46 33 8
46 34 4
46 35 2
46 36 7
46 37 2
46 38 8
46 39 3
46 40 1
46 41 2
46 42 5
46 43 2
46 44 6
46 45 5
47 0 6
47 1 7
47 2 4
47 3 5
47 4 5
47 5 3
47 6 6
47 7 3
47 8 4
47 9 2
47 10 2
47 11 7
47 12 3
47 13 3
47 14 3
47 15 4
47 16 6
47 17 3
47 18 4
47 19 6
47 20 5
47 21 8
47 22 5
47 23 1
47 24 2
47 25 2
47 26 3
47 27 4
47 28 4
47 29 5
47 30 7
47 31 5
47 32 1
47 33 7
47 34 7
47 35 1
47 36 7
47 37 8
47 38 5
47 39 5
47 40 6
47 41 7
47 42 3
47 43 3
47 44 5
47 45 6
47 46 5
48 0 4
48 1 6
48 2 1
48 3 5
48 4 2
48 5 6
48 6 5
48 7 3
48 8 6
48 9 8
48 10 1
48 11 6
48 12 8
48 13 7
48 14 4
48 15 2
48 16 4
48 17 3
48 18 3
48 19 6
48 20 4
48 21 1
48 22 2
48 23 3
48 24 2
48 25 6
48 26 1
48 27 6
48 28 5
48 29 7
48 30 1
48 31 4
48 32 2
48 33 3
48 34 1
48 35 5
48 36 6
48 37 3
48 38 2
48 39 5
48 40 7
48 41 7
48 42 2
48 43 5
48 44 2
48 45 2
48 46 4
48 47 8
49 0 6
49 1 2
49 2 2
49 3 7
49 4 8
49 5 7
49 6 8
49 7 8
49 8 1
49 9 7
49 10 8
49 11 2
49 12 2
49 13 6
49 14 7
49 15 1
49 16 1
49 17 2
49 18 1
49 19 2
49 20 4
49 21 5
49 22 8
49 23 4
49 24 7
49 25 4
49 26 6
49 27 7
49 28 5
49 29 3
49 30 6
49 31 2
49 32 4
49 33 1
49 34 5
49 35 3
49 36 4
49 37 7
49 38 7
49 39 7
49 40 5
49 41 1
49 42 1
49 43 1
49 44 2
49 45 3
49 46 2
49 47 7
49 48 3
50 0 4
50 1 8
50 2 3
50 3 4
50 4 8
50 5 3
50 6 7
50 7 2
50 8 8
50 9 2
50 10 2
50 11 6
50 12 2
50 13 1
50 14 6
50 15 4
50 16 2
50 17 1
50 18 5
50 19 8
50 20 8
50 21 2
50 22 5
50 23 3
50 24 4
50 25 7
50 26 8
50 27 5
50 28 8
50 29 5
50 30 6
50 31 3
50 32 1
50 33 6
50 34 5
50 35 3
50 36 1
50 37 8
50 38 4
50 39 8
50 40 3
50 41 4
50 42 2
50 43 1
50 44 7
50 45 8
50 46 8
50 47 8
50 48 7
50 49 1
51 0 6
51 1 5
51 2 7
51 3 6
51 4 5
51 5 1
51 6 6
51 7 4
51 8 4
51 9 1
51 10 4
51 11 3
51 12 8
51 13 2
51 14 3
51 15 5
51 16 1
51 17 6
51 18 8
51 19 3
51 20 4
51 21 1
51 22 6
51 23 5
51 24 4
51 25 2
51 26 3
51 27 2
51 28 6
51 29 4
51 30 6
51 31 6
51 32 7
51 33 6
51 34 2
51 35 7
51 36 5
51 37 8
51 38 2
51 39 5
51 40 3
51 41 4
51 42 7
51 43 8
51 44 7
51 45 3
51 46 5
51 47 7
51 48 8
51 49 5
51 50 3
52 0 8
52 1 3
52 2 6
52 3 7
52 4 2
52 5 2
52 6 1
52 7 5
52 8 3
52 9 3
52 10 7
52 11 6
52 12 2
52 13 3
52 14 7
52 15 2
52 16 1
52 17 7
52 18 6
52 19 8
52 20 2
52 21 2
52 22 3
52 23 2
52 24 5
52 25 1
52 26 4
52 27 8
52 28 4
52 29 5
52 30 3
52 31 4
52 32 2
52 33 5
52 34 5
52 35 5
52 36 3
52 37 3
52 38 8
52 39 5
52 40 6
52 41 4
52 42 1
52 43 2
52 44 6
52 45 5
52 46 2
52 47 2
52 48 4
52 49 3
52 50 2
52 51 4
53 0 1
53 1 4
53 2 5
53 3 5
53 4 2
53 5 1
53 6 7
53 7 6
53 8 7
53 9 8
53 10 6
53 11 7
53 12 7
53 13 1
53 14 1
53 15 8
53 16 5
53 17 2
53 18 2
53 19 7
53 20 3
53 21 1
53 22 4
53 23 8
53 24 2
53 25 4
53 26 8
53 27 6
53 28 7
53 29 1
53 30 3
53 31 4
53 32 8
53 33 4
53 34 8
53 35 3
53 36 3
53 37 5
53 38 7
53 39 3
53 40 3
53 41 4
53 42 2
53 43 3
53 44 5
53 45 5
53 46 4
53 47 2
53 48 5
53 49 7
53 50 7
53 51 5
53 52 7
54 0 8
54 1 1
54 2 2
54 3 2
54 4 6
54 5 8
54 6 8
54 7 5
54 8 4
54 9 3
54 10 1
54 11 7
54 12 1
54 13 6
54 14 2
54 15 2
54 16 6
54 17 6
54 18 4
54 19 8
54 20 5
54 21 7
54 22 8
54 23 6
54 24 8
54 25 3
54 26 6
54 27 1
54 28 4
54 29 3
54 30 4
54 31 3
54 32 4
54 33 8
54 34 7
54 35 2
54 36 1
54 37 6
54 38 3
54 39 5
54 40 7
54 41 3
54 42 7
54 43 6
54 44 6
54 45 2
54 46 8
54 47 3
54 48 7
54 49 3
54 50 8
54 51 3
54 52 1
54 53 2
55 0 8
55 1 5
55 2 5
55 3 5
55 4 2
55 5 8
55 6 5
55 7 4
55 8 7
55 9 4
55 10 2
55 11 8
55 12 5
55 13 7
55 14 1
55 15 3
55 16 7
55 17 1
55 18 8
55 19 6
55 20 1
55 21 8
55 22 5
55 23 3
55 24 7
55 25 8
55 26 4
55 27 7
55 28 4
55 29 3
55 30 8
55 31 6
55 32 4
55 33 3
55 34 1
55 35 5
55 36 8
55 37 1
55 38 8
55 39 4
55 40 2
55 41 8
55 42 4
55 43 5
55 44 5
55 45 4
55 46 1
55 47 3
55 48 5
55 49 6
55 50 2
55 51 7
55 52 2
55 53 3
55 54 6
56 0 1
56 1 7
56 2 8
56 3 8
56 4 5
56 5 5
56 6 4
56 7 6
56 8 6
56 9 5
56 10 8
56 11 2
56 12 2
56 13 3
56 14 1
56 15 4
56 16 2
56 17 5
56 18 2
56 19 4
56 20 2
56 21 8
56 22 4
56 23 4
56 24 6
56 25 6
56 26 2
56 27 1
56 28 7
56 29 7
56 30 6
56 31 8
56 32 4
56 33 2
56 34 8
56 35 2
56 36 7
56 37 5
56 38 3
56 39 3
56 40 3
56 41 1
56 42 8
56 43 7
56 44 7
56 45 7
56 46 4
56 47 7
56 48 8
56 49 6
56 50 1
56 51 7
56 52 4
56 53 1
56 54 8
56 55 5
57 0 4
57 1 3
57 2 4
57 3 5
57 4 3
57 5 7
57 6 6
57 7 1
57 8 5
57 9 1
57 10 4
57 11 2
57 12 1
57 13 5
57 14 1
57 15 2
57 16 4
57 17 7
57 18 5
57 19 6
57 20 4
57 21 8
57 22 3
57 23 7
57 24 1
57 25 7
57 26 1
57 27 1
57 28 5
57 29 5
57 30 4
57 31 7
57 32 8
57 33 7
57 34 3
57 35 5
57 36 3
57 37 5
57 38 4
57 39 1
57 40 3
57 41 1
57 42 8
57 43 4
57 44 3
57 45 1
57 46 4
57 47 6
57 48 6
57 49 8
57 50 2
57 51 5
57 52 7
57 53 2
57 54 4
57 55 7
57 56 3
58 0 1
58 1 2
58 2 1
58 3 1
58 4 4
58 5 5
58 6 5
58 7 7
58 8 1
58 9 6
58 10 5
58 11 5
58 12 2
58 13 7
58 14 6
58 15 5
58 16 5
58 17 7
58 18 6
58 19 7
58 20 3
58 21 5
58 22 3
58 23 1
58 24 2
58 25 2
58 26 7
58 27 2
58 28 7
58 29 8
58 30 2
58 31 5
58 32 4
58 33 7
58 34 7
58 35 6
58 36 2
58 37 7
58 38 1
58 39 2
58 40 7
58 41 1
58 42 3
58 43 1
58 44 2
58 45 6
58 46 8
58 47 6
58 48 1
58 49 3
58 50 4
58 51 2
58 52 5
58 53 4
58 54 6
58 55 2
58 56 1
58 57 4
59 0 6
59 1 3
59 2 8
59 3 4
59 4 6
59 5 3
59 6 4
59 7 5
59 8 1
59 9 3
59 10 7
59 11 3
59 12 1
59 13 6
59 14 3
59 15 8
59 16 1
59 17 3
59 18 8
59 19 7
59 20 5
59 21 1
59 22 6
59 23 2
59 24 4
59 25 7
59 26 7
59 27 7
59 28 3
59 29 6
59 30 8
59 31 6
59 32 7
59 33 2
59 34 2
59 35 7
59 36 7
59 37 5
59 38 8
59 39 8
59 40 5
59 41 2
59 42 8
59 43 5
59 44 8
59 45 2
59 46 6
59 47 2
59 48 5
59 49 8
59 50 4
59 51 8
59 52 7
59 53 1
59 54 6
59 55 3
59 56 3
59 57 5
59 58 7
60 0 1
60 1 5
60 2 7
60 3 7
60 4 3
60 5 6
60 6 1
60 7 8
60 8 2
60 9 2
60 10 6
60 11 7
60 12 8
60 13 8
60 14 8
60 15 6
60 16 8
60 17 1
60 18 5
60 19 3
60 20 4
60 21 5
60 22 3
60 23 7
60 24 6
60 25 7
60 26 8
60 27 2
60 28 4
60 29 4
60 30 7
60 31 8
60 32 4
60 33 4
60 34 7
60 35 6
60 36 8
60 37 6
60 38 3
60 39 8
60 40 7
60 41 1
60 42 7
60 43 7
60 44 3
60 45 1
60 46 6
60 47 2
60 48 3
60 49 5
60 50 3
60 51 8
60 52 7
60 53 8
60 54 1
60 55 6
60 56 4
60 57 1
60 58 8
60 59 8
61 0 2
61 1 8
61 2 1
61 3 2
61 4 5
61 5 7
61 6 1
61 7 6
61 8 8
61 9 1
61 10 4
61 11 2
61 12 7
61 13 5
61 14 7
61 15 6
61 16 6
61 17 7
61 18 8
61 19 1
61 20 3
61 21 5
61 22 4
61 23 5
61 24 5
61 25 5
61 26 5
61 27 2
61 28 8
61 29 6
61 30 8
61 31 4
61 32 2
61 33 6
61 34 2
61 35 7
61 36 5
61 37 6
61 38 7
61 39 7
61 40 6
61 41 8
61 42 8
61 43 1
61 44 4
61 45 6
61 46 4
61 47 2
61 48 5
61 49 7
61 50 1
61 51 1
61 52 4
61 53 7
61 54 2
61 55 5
61 56 3
61 57 3
61 58 7
61 59 1
61 60 8
62 0 8
62 1 5
62 2 4
62 3 7
62 4 7
62 5 3
62 6 4
62 7 7
62 8 1
62 9 2
62 10 3
62 11 1
62 12 6
62 13 1
62 14 3
62 15 5
62 16 4
62 17 7
62 18 6
62 19 1
62 20 2
62 21 7
62 22 8
62 23 1
62 24 6
62 25 4
62 26 1
62 27 8
62 28 8
62 29 5
62 30 3
62 31 3
62 32 5
62 33 8
62 34 4
62 35 1
62 36 1
62 37 3
62 38 7
62 39 3
62 40 7
62 41 3
62 42 5
62 43 7
62 44 5
62 45 8
62 46 4
62 47 1
62 48 7
62 49 6
62 50 1
62 51 8
62 52 1
62 53 7
62 54 1
62 55 3
62 56 4
62 57 8
62 58 5
62 59 2
62 60 7
62 61 3
63 0 3
63 1 1
63 2 3
63 3 6
63 4 2
63 5 3
63 6 4
63 7 3
63 8 3
63 9 7
63 10 2
63 11 8
63 12 4
63 13 7
63 14 1
63 15 2
63 16 2
63 17 2
63 18 1
63 19 4
63 20 8
63 21 3
63 22 7
63 23 7
63 24 4
63 25 7
63 26 3
63 27 1
63 28 2
63 29 2
63 30 1
63 31 4
63 32 7
63 33 3
63 34 8
63 35 6
63 36 5
63 37 5
63 38 3
63 39 2
63 40 6
63 41 2
63 42 8
63 43 1
63 44 6
63 45 8
63 46 2
63 47 3
63 48 2
63 49 7
63 50 3
63 51 2
63 52 2
63 53 1
63 54 4
63 55 8
63 56 7
63 57 7
63 58 3
63 59 7
63 60 1
63 61 4
63 62 3
64 0 3
64 1 2
64 2 4
64 3 4
64 4 3
64 5 7
64 6 2
64 7 1
64 8 4
64 9 2
64 10 5
64 11 5
64 12 5
64 13 1
64 14 7
64 15 8
64 16 1
64 17 5
64 18 5
64 19 4
64 20 1
64 21 3
64 22 1
64 23 2
64 24 4
64 25 5
64 26 1
64 27 6
64 28 3
64 29 6
64 30 5
64 31 4
64 32 5
64 33 3
64 34 2
64 35 5
64 36 8
64 37 1
64 38 7
64 39 3
64 40 5
64 41 6
64 42 6
64 43 6
64 44 6
64 45 5
64 46 8
64 47 8
64 48 6
64 49 7
64 50 8
64 51 7
64 52 5
64 53 8
64 54 5
64 55 6
64 56 1
64 57 7
64 58 4
64 59 6
64 60 5
64 61 6
64 62 7
64 63 1
65 0 4
65 1 7
65 2 6
65 3 6
65 4 1
65 5 3
65 6 3
65 7 4
65 8 2
65 9 7
65 10 2
65 11 5
65 12 8
65 13 3
65 14 3
65 15 2
65 16 6
65 17 3
65 18 8
65 19 5
65 20 1
65 21 8
65 22 8
65 23 5
65 24 8
65 25 7
65 26 3
65 27 5
65 28 3
65 29 6
65 30 2
65 31 8
65 32 7
65 33 1
65 34 4
65 35 1
65 36 2
65 37 1
65 38 3
65 39 6
65 40 8
65 41 8
65 42 4
65 43 6
65 44 1
65 45 1
65 46 5
65 47 5
65 48 8
65 49 5
65 50 8
65 51 8
65 52 8
65 53 8
65 54 5
65 55 7
65 56 8
65 57 6
65 58 8
65 59 1
65 60 8
65 61 3
65 62 8
65 63 7
65 64 5
66 0 2
66 1 7
66 2 5
66 3 7
66 4 6
66 5 8
66 6 3
66 7 4
66 8 2
66 9 3
66 10 7
66 11 7
66 12 5
66 13 7
66 14 7
66 15 3
66 16 1
66 17 8
66 18 4
66 19 3
66 20 1
66 21 6
66 22 1
66 23 8
66 24 4
66 25 7
66 26 4
66 27 5
66 28 8
66 29 7
66 30 7
66 31 7
66 32 2
66 33 3
66 34 3
66 35 2
66 36 8
66 37 7
66 38 2
66 39 7
66 40 6
66 41 4
66 42 6
66 43 1
66 44 3
66 45 4
66 46 4
66 47 5
66 48 1
66 49 4
66 50 2
66 51 3
66 52 1
66 53 4
66 54 8
66 55 3
66 56 4
66 57 4
66 58 6
66 59 6
66 60 6
66 61 1
66 62 6
66 63 4
66 64 2
66 65 4
67 0 4
67 1 2
67 2 7
67 3 5
67 4 4
67 5 3
67 6 5
67 7 4
67 8 3
67 9 7
67 10 1
67 11 4
67 12 6
67 13 5
67 14 5
67 15 5
67 16 8
67 17 3
67 18 3
67 19 8
67 20 1
67 21 6
67 22 1
67 23 1
67 24 7
67 25 1
67 26 4
67 27 8
67 28 4
67 29 5
67 30 2
67 31 4
67 32 5
67 33 4
67 34 1
67 35 4
67 36 3
67 37 2
67 38 7
67 39 7
67 40 3
67 41 6
67 42 3
67 43 5
67 44 3
67 45 2
67 46 2
67 47 1
67 48 6
67 49 8
67 50 3
67 51 7
67 52 5
67 53 3
67 54 7
67 55 7
67 56 4
67 57 1
67 58 4
67 59 1
67 60 6
67 61 5
67 62 2
67 63 4
67 64 3
67 65 1
67 66 5
68 0 3
68 1 7
68 2 8
68 3 7
68 4 5
68 5 3
68 6 1
68 7 5
68 8 8
68 9 8
68 10 5
68 11 4
68 12 6
68 13 5
68 14 5
68 15 7
68 16 8
68 17 2
68 18 7
68 19 8
68 20 3
68 21 3
68 22 8
68 23 4
68 24 8
68 25 7
68 26 1
68 27 7
68 28 1
68 29 7
68 30 5
68 31 7
68 32 6
68 33 5
68 34 8
68 35 8
68 36 5
68 37 6
68 38 1
68 39 4
68 40 5
68 41 7
68 42 8
68 43 6
68 44 6
68 45 1
68 46 5
68 47 2
68 48 2
68 49 2
68 50 4
68 51 8
68 52 8
68 53 1
68 54 3
68 55 7
68 56 8
68 57 7
68 58 8
68 59 4
68 60 7
68 61 6
68 62 7
68 63 3
68 64 3
68 65 5
68 66 2
68 67 7
69 0 3
69 1 3
69 2 4
69 3 6
69 4 3
69 5 4
69 6 7
69 7 3
69 8 8
69 9 7
69 10 1
69 11 4
69 12 6
69 13 2
69 14 5
69 15 3
69 16 5
69 17 4
69 18 6
69 19 1
69 20 6
69 21 1
69 22 6
69 23 7
69 24 2
69 25 3
69 26 1
69 27 6
69 28 4
69 29 5
69 30 6
69 31 7
69 32 4
69 33 6
69 34 2
69 35 3
69 36 1
69 37 7
69 38 4
69 39 4
69 40 5
69 41 1
69 42 8
69 43 5
69 44 4
69 45 4
69 46 7
69 47 7
69 48 4
69 49 6
69 50 6
69 51 5
69 52 1
69 53 5
69 54 1
69 55 6
69 56 4
69 57 1
69 58 3
69 59 6
69 60 4
69 61 6
69 62 8
69 63 2
69 64 2
69 65 8
69 66 8
69 67 5
69 68 2
