30
1 0 4
2 0 6
2 1 4
3 0 9
3 1 1
3 2 9
4 0 2
4 1 3
4 2 6
4 3 2
5 0 2
5 1 9
5 2 7
5 3 2
5 4 6
6 0 5
6 1 4
6 2 5
6 3 1
6 4 3
6 5 9
7 0 5
7 1 4
7 2 3
7 3 9
7 4 6
7 5 4
7 6 9
8 0 7
8 1 8
8 2 4
8 3 4
8 4 1
8 5 8
8 6 2
8 7 3
9 0 4
9 1 1
9 2 4
9 3 6
9 4 8
9 5 2
9 6 1
9 7 1
9 8 3
10 0 7
10 1 9
10 2 9
10 3 4
10 4 2
10 5 6
10 6 5
10 7 2
10 8 7
10 9 8
11 0 2
11 1 9
11 2 5
11 3 4
11 4 6
11 5 1
11 6 5
11 7 4
11 8 4
11 9 4
11 10 4
12 0 4
12 1 9
12 2 8
12 3 8
12 4 1
12 5 3
12 6 8
12 7 5
12 8 7
12 9 6
12 10 3
12 11 9
13 0 2
13 1 5
13 2 7
13 3 5
13 4 6
13 5 9
13 6 4
13 7 6
13 8 8
13 9 4
13 10 7
13 11 8
13 12 8
14 0 2
14 1 7
14 2 3
14 3 7
14 4 6
14 5 9
14 6 1
14 7 9
14 8 7
14 9 7
14 10 5
14 11 8
14 12 2
14 13 1
15 0 7
15 1 9
15 2 3
15 3 3
15 4 9
15 5 6
15 6 3
15 7 4
15 8 6
15 9 6
15 10 8
15 11 3
15 12 8
15 13 7
15 14 2
16 0 9
16 1 3
16 2 3
16 3 8
16 4 4
16 5 3
16 6 6
16 7 1
16 8 7
16 9 9
16 10 8
16 11 3
16 12 6
16 13 2
16 14 6
16 15 5
17 0 4
17 1 5
17 2 6
17 3 5
17 4 1
17 5 2
17 6 8
17 7 4
17 8 8
17 9 3
17 10 4
17 11 9
17 12 4
17 13 5
17 14 1
17 15 9
17 16 3
18 0 4
18 1 6
18 2 3
18 3 9
18 4 7
18 5 7
18 6 1
18 7 6
18 8 8
18 9 1
18 10 7
18 11 7
18 12 5
18 13 3
18 14 6
18 15 5
18 16 8
18 17 5
19 0 4
19 1 7
19 2 7
19 3 8
19 4 3
19 5 1
19 6 8
19 7 6
19 8 9
19 9 8
19 10 7
19 11 4
19 12 2
19 13 4
19 14 2
19 15 3
19 16 9
19 17 7
19 18 5
20 0 5
20 1 8
20 2 7
20 3 5
20 4 3
20 5 1
20 6 6
20 7 8
20 8 6
20 9 6
20 10 8
20 11 5
20 12 8
20 13 4
20 14 1
20 15 9
20 16 8
20 17 8
20 18 9
20 19 8
21 0 2
21 1 8
21 2 6
21 3 8
21 4 8
21 5 3
21 6 6
21 7 3
21 8 1
21 9 7
21 10 3
21 11 6
21 12 4
21 13 4
21 14 9
21 15 5
21 16 9
21 17 4
21 18 4
21 19 1
21 20 9
22 0 4
22 1 2
22 2 7
22 3 4
22 4 1
22 5 3
22 6 5
22 7 2
22 8 3
22 9 7
22 10 1
22 11 8
22 12 4
22 13 2
22 14 9
22 15 7
22 16 4
22 17 2
22 18 9
22 19 1
22 20 9
22 21 4
23 0 5
23 1 8
23 2 6
23 3 1
23 4 1
23 5 3
23 6 7
23 7 2
23 8 5
23 9 4
23 10 1
23 11 7
23 12 3
23 13 6
23 14 5
23 15 9
23 16 9
23 17 3
23 18 2
23 19 6
23 20 4
23 21 9
23 22 3
24 0 3
24 1 4
24 2 1
24 3 6
24 4 6
24 5 4
24 6 4
24 7 3
24 8 6
24 9 6
24 10 7
24 11 1
24 12 5
24 13 1
24 14 7
24 15 8
24 16 4
24 17 9
24 18 9
24 19 8
24 20 3
24 21 1
24 22 4
24 23 7
25 0 7
25 1 2
25 2 3
25 3 9
25 4 7
25 5 7
25 6 2
25 7 7
25 8 3
25 9 9
25 10 2
25 11 2
25 12 6
25 13 6
25 14 6
25 15 6
25 16 8
25 17 3
25 18 6
25 19 1
25 20 4
25 21 7
25 22 6
25 23 2
25 24 6
26 0 1
26 1 5
26 2 9
26 3 4
26 4 3
26 5 4
26 6 5
26 7 7
26 8 1
26 9 5
26 10 6
26 11 1
26 12 1
26 13 1
26 14 9
26 15 5
26 16 2
26 17 2
26 18 4
26 19 6
26 20 3
26 21 8
26 22 9
26 23 5
26 24 8
26 25 1
27 0 1
27 1 5
27 2 9
27 3 2
27 4 9
27 5 1
27 6 9
27 7 1
27 8 8
27 9 4
27 10 5
27 11 2
27 12 2
27 13 8
27 14 2
27 15 6
27 16 5
27 17 2
27 18 2
27 19 5
27 20 6
27 21 9
27 22 3
27 23 7
27 24 5
27 25 8
27 26 8
28 0 5
28 1 5
28 2 1
28 3 4
28 4 4
28 5 3
28 6 8
28 7 7
28 8 3
28 9 7
28 10 1
28 11 7
28 12 3
28 13 5
28 14 1
28 15 8
28 16 9
28 17 6
28 18 3
28 19 7
28 20 4
28 21 4
28 22 7
28 23 7
28 24 3
28 25 8
28 26 1
28 27 9
29 0 3
29 1 6
29 2 5
29 3 7
29 4 5
29 5 1
29 6 5
29 7 1
29 8 9
29 9 2
29 10 9
29 11 2
29 12 6
29 13 6
29 14 8
29 15 5
29 16 5
29 17 1
29 18 6
29 19 8
29 20 2
29 21 1
29 22 8
29 23 3
29 24 8
29 25 3
29 26 4
29 27 7
29 28 7
