20
3 0 7
3 2 7
4 2 6
5 0 4
5 3 12
6 0 8
6 3 9
7 0 9
8 0 12
8 5 5
8 7 9
9 2 9
9 4 6
9 6 4
9 8 6
10 2 13
10 3 14
10 4 4
10 6 10
10 7 6
10 9 3
11 3 6
11 5 14
11 7 5
12 0 7
12 3 13
12 6 14
12 7 13
12 8 1
12 10 12
12 11 3
13 1 2
13 3 12
13 5 3
13 6 9
13 8 3
13 9 1
13 10 5
13 11 3
14 0 14
14 1 7
14 2 13
14 3 12
14 4 3
14 10 6
14 11 2
14 13 9
15 0 7
15 1 7
15 4 12
15 6 10
15 8 9
15 10 6
15 12 2
16 1 8
16 3 5
16 5 5
16 6 1
16 7 11
16 8 4
16 10 6
16 14 9
17 0 8
17 1 14
17 4 6
17 7 10
17 9 7
17 10 4
17 12 2
17 14 8
17 15 7
17 16 1
18 0 2
18 4 3
18 5 2
18 6 12
18 8 9
18 9 11
18 10 8
18 11 14
18 13 6
18 15 3
19 1 13
19 2 8
19 3 5
19 5 11
19 9 9
19 10 1
19 11 9
19 12 9
19 14 11
