20
1 0 2
2 0 7
2 1 1
3 0 1
3 1 2
3 2 1
4 0 3
4 1 2
4 2 5
4 3 3
5 0 5
5 1 4
5 2 8
5 3 4
5 4 8
6 0 1
6 1 6
6 2 1
6 3 3
6 4 8
6 5 8
7 0 1
7 1 7
7 2 2
7 3 7
7 4 8
7 5 4
7 6 1
8 0 6
8 1 1
8 2 8
8 3 5
8 4 1
8 5 5
8 6 5
8 7 6
9 0 8
9 1 6
9 2 7
9 3 4
9 4 8
9 5 3
9 6 4
9 7 3
9 8 8
10 0 6
10 1 7
10 2 7
10 3 5
10 4 5
10 5 3
10 6 1
10 7 5
10 8 2
10 9 6
11 0 3
11 1 5
11 2 7
11 3 6
11 4 4
11 5 1
11 6 5
11 7 3
11 8 4
11 9 8
11 10 2
12 0 1
12 1 8
12 2 5
12 3 4
12 4 2
12 5 8
12 6 1
12 7 5
12 8 8
12 9 7
12 10 6
12 11 6
13 0 3
13 1 7
13 2 4
13 3 5
13 4 5
13 5 4
13 6 2
13 7 2
13 8 3
13 9 1
13 10 4
13 11 5
13 12 5
14 0 6
14 1 4
14 2 8
14 3 5
14 4 1
14 5 7
14 6 3
14 7 7
14 8 7
14 9 8
14 10 7
14 11 1
14 12 7
14 13 3
15 0 8
15 1 3
15 2 2
15 3 6
15 4 2
15 5 3
15 6 6
15 7 6
15 8 7
15 9 6
15 10 6
15 11 7
15 12 7
15 13 8
15 14 4
16 0 3
16 1 1
16 2 3
16 3 6
16 4 5
16 5 5
16 6 7
16 7 3
16 8 7
16 9 1
16 10 8
16 11 3
16 12 8
16 13 3
16 14 5
16 15 6
17 0 3
17 1 8
17 2 3
17 3 5
17 4 7
17 5 6
17 6 5
17 7 7
17 8 8
17 9 8
17 10 2
17 11 7
17 12 2
17 13 2
17 14 3
17 15 7
17 16 8
18 0 8
18 1 2
18 2 4
18 3 4
18 4 2
18 5 8
18 6 7
18 7 8
18 8 4
18 9 8
18 10 2
18 11 2
18 12 4
18 13 7
18 14 2
18 15 3
18 16 2
18 17 8
19 0 7
19 1 7
19 2 3
19 3 4
19 4 5
19 5 6
19 6 5
19 7 8
19 8 5
19 9 4
19 10 8
19 11 3
19 12 5
19 13 3
19 14 7
19 15 3
19 16 2
19 17 3
19 18 7
