40
1 0 2
2 0 1
2 1 2
3 0 3
3 1 1
3 2 2
4 0 3
4 1 1
4 2 2
4 3 2
5 0 3
5 1 2
5 2 3
5 3 1
5 4 2
6 0 1
6 1 1
6 2 2
6 3 1
6 4 3
6 5 1
7 0 1
7 1 3
7 2 1
7 3 2
7 4 1
7 5 1
7 6 1
8 0 2
8 1 2
8 2 2
8 3 2
8 4 2
8 5 2
8 6 1
8 7 2
9 0 1
9 1 1
9 2 3
9 3 3
9 4 3
9 5 1
9 6 1
9 7 3
9 8 1
10 0 3
10 1 3
10 2 1
10 3 1
10 4 3
10 5 3
10 6 1
10 7 2
10 8 3
10 9 2
11 0 2
11 1 3
11 2 3
11 3 2
11 4 1
11 5 3
11 6 3
11 7 3
11 8 2
11 9 3
11 10 1
12 0 1
12 1 3
12 2 1
12 3 2
12 4 3
12 5 2
12 6 2
12 7 2
12 8 3
12 9 2
12 10 3
12 11 3
13 0 1
13 1 2
13 2 3
13 3 2
13 4 1
13 5 1
13 6 1
13 7 3
13 8 1
13 9 2
13 10 1
13 11 3
13 12 3
14 0 3
14 1 3
14 2 1
14 3 1
14 4 1
14 5 3
14 6 2
14 7 3
14 8 3
14 9 3
14 10 3
14 11 3
14 12 1
14 13 2
15 0 1
15 1 3
15 2 3
15 3 2
15 4 3
15 5 1
15 6 3
15 7 1
15 8 1
15 9 2
15 10 3
15 11 1
15 12 2
15 13 2
15 14 1
16 0 3
16 1 1
16 2 2
16 3 1
16 4 2
16 5 1
16 6 3
16 7 1
16 8 2
16 9 1
16 10 3
16 11 2
16 12 2
16 13 3
16 14 2
16 15 2
17 0 2
17 1 3
17 2 3
17 3 3
17 4 2
17 5 3
17 6 3
17 7 3
17 8 3
17 9 3
17 10 2
17 11 2
17 12 1
17 13 2
17 14 1
17 15 1
17 16 2
18 0 2
18 1 1
18 2 3
18 3 2
18 4 1
18 5 1
18 6 2
18 7 2
18 8 3
18 9 2
18 10 2
18 11 1
18 12 2
18 13 3
18 14 3
18 15 3
18 16 3
18 17 3
19 0 2
19 1 2
19 2 2
19 3 1
19 4 1
19 5 3
19 6 1
19 7 2
19 8 1
19 9 3
19 10 2
19 11 2
19 12 3
19 13 3
19 14 3
19 15 2
19 16 2
19 17 1
19 18 2
20 0 3
20 1 3
20 2 3
20 3 1
20 4 3
20 5 1
20 6 1
20 7 2
20 8 3
20 9 2
20 10 3
20 11 2
20 12 3
20 13 2
20 14 3
20 15 3
20 16 2
20 17 3
20 18 1
20 19 2
21 0 2
21 1 3
21 2 3
21 3 2
21 4 3
21 5 3
21 6 2
21 7 2
21 8 1
21 9 2
21 10 2
21 11 2
21 12 3
21 13 1
21 14 2
21 15 1
21 16 1
21 17 2
21 18 2
21 19 3
21 20 3
22 0 3
22 1 1
22 2 1
22 3 1
22 4 1
22 5 1
22 6 3
22 7 2
22 8 1
22 9 3
22 10 2
22 11 1
22 12 1
22 13 3
22 14 2
22 15 3
22 16 3
22 17 1
22 18 3
22 19 3
22 20 2
22 21 2
23 0 3
23 1 2
23 2 3
23 3 3
23 4 3
23 5 2
23 6 2
23 7 1
23 8 2
23 9 2
23 10 3
23 11 1
23 12 2
23 13 3
23 14 2
23 15 1
23 16 2
23 17 2
23 18 1
23 19 1
23 20 2
23 21 1
23 22 2
24 0 2
24 1 3
24 2 3
24 3 1
24 4 2
24 5 2
24 6 3
24 7 1
24 8 2
24 9 1
24 10 1
24 11 3
24 12 2
24 13 1
24 14 2
24 15 3
24 16 1
24 17 1
24 18 3
24 19 2
24 20 3
24 21 1
24 22 1
24 23 3
25 0 1
25 1 1
25 2 3
25 3 3
25 4 1
25 5 1
25 6 1
25 7 2
25 8 1
25 9 3
25 10 3
25 11 1
25 12 3
25 13 3
25 14 3
25 15 2
25 16 1
25 17 2
25 18 1
25 19 2
25 20 2
25 21 3
25 22 3
25 23 2
25 24 2
26 0 2
26 1 1
26 2 1
26 3 1
26 4 3
26 5 2
26 6 3
26 7 3
26 8 3
26 9 2
26 10 1
26 11 1
26 12 3
26 13 3
26 14 1
26 15 2
26 16 3
26 17 1
26 18 1
26 19 3
26 20 1
26 21 1
26 22 1
26 23 2
26 24 2
26 25 2
27 0 2
27 1 2
27 2 1
27 3 1
27 4 2
27 5 3
27 6 1
27 7 2
27 8 3
27 9 1
27 10 1
27 11 2
27 12 3
27 13 1
27 14 2
27 15 3
27 16 2
27 17 2
27 18 2
27 19 1
27 20 1
27 21 3
27 22 3
27 23 3
27 24 3
27 25 1
27 26 2
28 0 3
28 1 3
28 2 3
28 3 3
28 4 1
28 5 3
28 6 3
28 7 1
28 8 2
28 9 3
28 10 1
28 11 2
28 12 3
28 13 3
28 14 3
28 15 2
28 16 3
28 17 1
28 18 3
28 19 1
28 20 1
28 21 1
28 22 3
28 23 3
28 24 1
28 25 2
28 26 3
28 27 2
29 0 3
29 1 3
29 2 2
29 3 3
29 4 2
29 5 3
29 6 2
29 7 3
29 8 3
29 9 3
29 10 2
29 11 1
29 12 1
29 13 3
29 14 1
29 15 3
29 16 1
29 17 2
29 18 1
29 19 1
29 20 1
29 21 2
29 22 3
29 23 3
29 24 3
29 25 2
29 26 3
29 27 3
29 28 3
30 0 3
30 1 3
30 2 2
30 3 2
30 4 1
30 5 2
30 6 1
30 7 3
30 8 3
30 9 1
30 10 3
30 11 3
30 12 2
30 13 3
30 14 1
30 15 3
30 16 3
30 17 2
30 18 2
30 19 2
30 20 3
30 21 1
30 22 3
30 23 2
30 24 1
30 25 1
30 26 1
30 27 2
30 28 3
30 29 1
31 0 3
31 1 3
31 2 1
31 3 2
31 4 1
31 5 2
31 6 2
31 7 1
31 8 2
31 9 2
31 10 3
31 11 2
31 12 2
31 13 1
31 14 2
31 15 2
31 16 3
31 17 3
31 18 2
31 19 2
31 20 3
31 21 3
31 22 2
31 23 3
31 24 3
31 25 3
31 26 3
31 27 3
31 28 1
31 29 1
31 30 3
32 0 2
32 1 2
32 2 2
32 3 1
32 4 1
32 5 3
32 6 2
32 7 2
32 8 1
32 9 2
32 10 3
32 11 1
32 12 1
32 13 1
32 14 3
32 15 2
32 16 2
32 17 1
32 18 3
32 19 3
32 20 2
32 21 2
32 22 2
32 23 3
32 24 2
32 25 1
32 26 2
32 27 1
32 28 2
32 29 3
32 30 2
32 31 1
33 0 1
33 1 1
33 2 3
33 3 1
33 4 1
33 5 1
33 6 1
33 7 3
33 8 3
33 9 1
33 10 3
33 11 1
33 12 3
33 13 3
33 14 1
33 15 1
33 16 1
33 17 3
33 18 3
33 19 2
33 20 1
33 21 1
33 22 3
33 23 1
33 24 3
33 25 3
33 26 3
33 27 1
33 28 2
33 29 3
33 30 1
33 31 3
33 32 3
34 0 2
34 1 2
34 2 1
34 3 3
34 4 1
34 5 2
34 6 2
34 7 1
34 8 3
34 9 3
34 10 1
34 11 3
34 12 2
34 13 2
34 14 3
34 15 1
34 16 2
34 17 3
34 18 1
34 19 2
34 20 3
34 21 2
34 22 1
34 23 3
34 24 3
34 25 2
34 26 1
34 27 3
34 28 1
34 29 1
34 30 1
34 31 2
34 32 1
34 33 2
35 0 1
35 1 2
35 2 2
35 3 2
35 4 2
35 5 1
35 6 3
35 7 1
35 8 2
35 9 3
35 10 1
35 11 1
35 12 1
35 13 2
35 14 1
35 15 2
35 16 2
35 17 1
35 18 2
35 19 1
35 20 1
35 21 1
35 22 2
35 23 3
35 24 2
35 25 1
35 26 3
35 27 2
35 28 1
35 29 3
35 30 1
35 31 2
35 32 3
35 33 1
35 34 2
36 0 2
36 1 1
36 2 1
36 3 2
36 4 1
36 5 3
36 6 2
36 7 3
36 8 3
36 9 1
36 10 2
36 11 1
36 12 3
36 13 2
36 14 3
36 15 1
36 16 3
36 17 2
36 18 2
36 19 2
36 20 2
36 21 3
36 22 3
36 23 3
36 24 3
36 25 1
36 26 3
36 27 2
36 28 2
36 29 1
36 30 1
36 31 2
36 32 3
36 33 1
36 34 1
36 35 2
37 0 1
37 1 1
37 2 1
37 3 2
37 4 2
37 5 2
37 6 2
37 7 3
37 8 3
37 9 2
37 10 3
37 11 2
37 12 2
37 13 1
37 14 2
37 15 2
37 16 2
37 17 3
37 18 3
37 19 3
37 20 2
37 21 3
37 22 1
37 23 1
37 24 3
37 25 1
37 26 1
37 27 1
37 28 3
37 29 2
37 30 2
37 31 3
37 32 3
37 33 2
37 34 1
37 35 1
37 36 3
38 0 1
38 1 3
38 2 3
38 3 2
38 4 2
38 5 1
38 6 1
38 7 1
38 8 2
38 9 1
38 10 2
38 11 2
38 12 3
38 13 1
38 14 3
38 15 2
38 16 3
38 17 3
38 18 2
38 19 1
38 20 1
38 21 1
38 22 1
38 23 2
38 24 1
38 25 3
38 26 2
38 27 1
38 28 2
38 29 2
38 30 2
38 31 3
38 32 2
38 33 3
38 34 3
38 35 3
38 36 3
38 37 1
39 0 3
39 1 1
39 2 3
39 3 3
39 4 3
39 5 3
39 6 1
39 7 3
39 8 1
39 9 2
39 10 2
39 11 2
39 12 1
39 13 1
39 14 1
39 15 1
39 16 3
39 17 3
39 18 2
39 19 1
39 20 1
39 21 1
39 22 1
39 23 3
39 24 3
39 25 1
39 26 3
39 27 3
39 28 3
39 29 1
39 30 2
39 31 2
39 32 1
39 33 1
39 34 1
39 35 1
39 36 3
39 37 2
39 38 2
