60
1 0 3
2 0 3
2 1 3
3 0 3
3 1 3
3 2 1
4 0 1
4 1 3
4 2 2
4 3 2
5 0 2
5 1 3
5 2 3
5 3 3
5 4 1
6 0 3
6 1 3
6 2 3
6 3 3
6 4 2
6 5 3
7 0 2
7 1 3
7 2 1
7 3 2
7 4 1
7 5 1
7 6 3
8 0 1
8 1 2
8 2 3
8 3 3
8 4 2
8 5 1
8 6 1
8 7 1
9 0 2
9 1 2
9 2 3
9 3 1
9 4 1
9 5 3
9 6 1
9 7 2
9 8 2
10 0 2
10 1 2
10 2 3
10 3 2
10 4 2
10 5 3
10 6 2
10 7 2
10 8 1
10 9 2
11 0 1
11 1 2
11 2 2
11 3 1
11 4 1
11 5 3
11 6 1
11 7 2
11 8 3
11 9 1
11 10 3
12 0 3
12 1 2
12 2 1
12 3 2
12 4 2
12 5 2
12 6 1
12 7 3
12 8 3
12 9 2
12 10 1
12 11 2
13 0 1
13 1 2
13 2 3
13 3 2
13 4 1
13 5 3
13 6 1
13 7 3
13 8 1
13 9 2
13 10 1
13 11 3
13 12 2
14 0 2
14 1 1
14 2 2
14 3 3
14 4 3
14 5 3
14 6 3
14 7 2
14 8 3
14 9 2
14 10 3
14 11 3
14 12 3
14 13 3
15 0 3
15 1 1
15 2 2
15 3 1
15 4 3
15 5 2
15 6 2
15 7 1
15 8 3
15 9 1
15 10 2
15 11 1
15 12 2
15 13 3
15 14 2
16 0 1
16 1 1
16 2 2
16 3 1
16 4 2
16 5 3
16 6 3
16 7 1
16 8 3
16 9 1
16 10 1
16 11 2
16 12 3
16 13 1
16 14 1
16 15 3
17 0 3
17 1 2
17 2 1
17 3 1
17 4 2
17 5 1
17 6 2
17 7 3
17 8 3
17 9 2
17 10 2
17 11 1
17 12 3
17 13 3
17 14 3
17 15 3
17 16 2
18 0 3
18 1 2
18 2 1
18 3 3
18 4 1
18 5 2
18 6 3
18 7 2
18 8 2
18 9 2
18 10 3
18 11 1
18 12 1
18 13 1
18 14 2
18 15 1
18 16 3
18 17 2
19 0 1
19 1 1
19 2 3
19 3 1
19 4 1
19 5 2
19 6 1
19 7 1
19 8 3
19 9 1
19 10 1
19 11 1
19 12 3
19 13 2
19 14 3
19 15 2
19 16 3
19 17 3
19 18 3
20 0 2
20 1 1
20 2 3
20 3 3
20 4 1
20 5 2
20 6 2
20 7 1
20 8 1
20 9 1
20 10 1
20 11 3
20 12 2
20 13 1
20 14 1
20 15 1
20 16 1
20 17 1
20 18 1
20 19 2
21 0 1
21 1 2
21 2 3
21 3 3
21 4 2
21 5 3
21 6 3
21 7 3
21 8 2
21 9 3
21 10 3
21 11 2
21 12 2
21 13 3
21 14 2
21 15 1
21 16 3
21 17 3
21 18 3
21 19 3
21 20 1
22 0 3
22 1 1
22 2 1
22 3 1
22 4 2
22 5 3
22 6 3
22 7 1
22 8 3
22 9 2
22 10 3
22 11 1
22 12 1
22 13 2
22 14 3
22 15 2
22 16 2
22 17 3
22 18 3
22 19 2
22 20 2
22 21 1
23 0 2
23 1 2
23 2 3
23 3 1
23 4 1
23 5 3
23 6 2
23 7 1
23 8 2
23 9 3
23 10 3
23 11 3
23 12 3
23 13 2
23 14 2
23 15 2
23 16 2
23 17 3
23 18 2
23 19 1
23 20 2
23 21 2
23 22 2
24 0 3
24 1 1
24 2 2
24 3 3
24 4 1
24 5 1
24 6 2
24 7 2
24 8 2
24 9 3
24 10 1
24 11 3
24 12 2
24 13 2
24 14 1
24 15 2
24 16 2
24 17 3
24 18 2
24 19 3
24 20 3
24 21 3
24 22 1
24 23 3
25 0 3
25 1 2
25 2 1
25 3 3
25 4 3
25 5 1
25 6 3
25 7 2
25 8 1
25 9 3
25 10 3
25 11 3
25 12 2
25 13 1
25 14 1
25 15 2
25 16 3
25 17 1
25 18 2
25 19 3
25 20 1
25 21 3
25 22 2
25 23 3
25 24 3
26 0 1
26 1 1
26 2 1
26 3 1
26 4 1
26 5 3
26 6 1
26 7 2
26 8 1
26 9 1
26 10 3
26 11 1
26 12 2
26 13 2
26 14 3
26 15 3
26 16 1
26 17 2
26 18 1
26 19 3
26 20 1
26 21 2
26 22 1
26 23 3
26 24 3
26 25 2
27 0 1
27 1 1
27 2 3
27 3 2
27 4 1
27 5 2
27 6 3
27 7 3
27 8 1
27 9 1
27 10 3
27 11 2
27 12 3
27 13 1
27 14 2
27 15 2
27 16 2
27 17 1
27 18 1
27 19 2
27 20 3
27 21 2
27 22 2
27 23 2
27 24 2
27 25 1
27 26 1
28 0 3
28 1 3
28 2 1
28 3 2
28 4 2
28 5 1
28 6 2
28 7 1
28 8 2
28 9 3
28 10 2
28 11 3
28 12 2
28 13 2
28 14 1
28 15 3
28 16 1
28 17 3
28 18 3
28 19 2
28 20 2
28 21 1
28 22 1
28 23 2
28 24 3
28 25 3
28 26 3
28 27 1
29 0 1
29 1 1
29 2 1
29 3 3
29 4 1
29 5 1
29 6 2
29 7 3
29 8 3
29 9 1
29 10 3
29 11 3
29 12 3
29 13 3
29 14 3
29 15 2
29 16 1
29 17 2
29 18 3
29 19 2
29 20 1
29 21 3
29 22 1
29 23 2
29 24 2
29 25 2
29 26 1
29 27 3
29 28 2
30 0 1
30 1 3
30 2 2
30 3 1
30 4 3
30 5 3
30 6 1
30 7 3
30 8 3
30 9 1
30 10 3
30 11 3
30 12 1
30 13 1
30 14 2
30 15 2
30 16 1
30 17 3
30 18 3
30 19 2
30 20 1
30 21 3
30 22 2
30 23 3
30 24 1
30 25 2
30 26 2
30 27 3
30 28 3
30 29 2
31 0 1
31 1 2
31 2 1
31 3 3
31 4 2
31 5 2
31 6 1
31 7 3
31 8 1
31 9 1
31 10 2
31 11 1
31 12 2
31 13 3
31 14 2
31 15 1
31 16 3
31 17 1
31 18 3
31 19 1
31 20 2
31 21 2
31 22 2
31 23 2
31 24 2
31 25 3
31 26 3
31 27 1
31 28 2
31 29 3
31 30 2
32 0 1
32 1 2
32 2 3
32 3 2
32 4 2
32 5 2
32 6 3
32 7 3
32 8 2
32 9 3
32 10 2
32 11 3
32 12 3
32 13 3
32 14 1
32 15 2
32 16 2
32 17 1
32 18 3
32 19 1
32 20 2
32 21 2
32 22 1
32 23 3
32 24 1
32 25 1
32 26 1
32 27 2
32 28 2
32 29 2
32 30 3
32 31 1
33 0 1
33 1 1
33 2 3
33 3 2
33 4 3
33 5 1
33 6 3
33 7 2
33 8 1
33 9 2
33 10 2
33 11 1
33 12 2
33 13 2
33 14 1
33 15 2
33 16 2
33 17 1
33 18 1
33 19 3
33 20 3
33 21 2
33 22 3
33 23 2
33 24 1
33 25 1
33 26 2
33 27 3
33 28 2
33 29 1
33 30 3
33 31 3
33 32 3
34 0 2
34 1 2
34 2 1
34 3 3
34 4 2
34 5 2
34 6 1
34 7 2
34 8 1
34 9 2
34 10 1
34 11 3
34 12 2
34 13 1
34 14 2
34 15 3
34 16 3
34 17 1
34 18 2
34 19 2
34 20 1
34 21 2
34 22 2
34 23 2
34 24 2
34 25 3
34 26 1
34 27 3
34 28 2
34 29 3
34 30 1
34 31 1
34 32 1
34 33 2
35 0 1
35 1 1
35 2 2
35 3 3
35 4 3
35 5 1
35 6 1
35 7 3
35 8 1
35 9 3
35 10 2
35 11 1
35 12 3
35 13 2
35 14 3
35 15 1
35 16 1
35 17 1
35 18 3
35 19 1
35 20 2
35 21 1
35 22 1
35 23 2
35 24 2
35 25 3
35 26 2
35 27 2
35 28 3
35 29 1
35 30 2
35 31 3
35 32 1
35 33 3
35 34 2
36 0 1
36 1 2
36 2 2
36 3 1
36 4 1
36 5 2
36 6 2
36 7 3
36 8 2
36 9 2
36 10 3
36 11 3
36 12 3
36 13 3
36 14 2
36 15 3
36 16 2
36 17 2
36 18 3
36 19 2
36 20 2
36 21 2
36 22 2
36 23 1
36 24 3
36 25 2
36 26 3
36 27 1
36 28 2
36 29 2
36 30 2
36 31 2
36 32 3
36 33 1
36 34 2
36 35 1
37 0 2
37 1 2
37 2 1
37 3 1
37 4 3
37 5 2
37 6 2
37 7 3
37 8 3
37 9 2
37 10 2
37 11 1
37 12 1
37 13 3
37 14 3
37 15 1
37 16 1
37 17 3
37 18 3
37 19 2
37 20 1
37 21 3
37 22 3
37 23 1
37 24 1
37 25 3
37 26 2
37 27 2
37 28 1
37 29 1
37 30 1
37 31 2
37 32 2
37 33 2
37 34 3
37 35 1
37 36 3
38 0 1
38 1 3
38 2 2
38 3 1
38 4 2
38 5 3
38 6 1
38 7 2
38 8 1
38 9 3
38 10 1
38 11 2
38 12 3
38 13 1
38 14 3
38 15 3
38 16 2
38 17 2
38 18 2
38 19 3
38 20 2
38 21 3
38 22 2
38 23 2
38 24 2
38 25 1
38 26 3
38 27 1
38 28 3
38 29 2
38 30 1
38 31 1
38 32 3
38 33 1
38 34 1
38 35 1
38 36 2
38 37 1
39 0 2
39 1 2
39 2 2
39 3 1
39 4 2
39 5 2
39 6 1
39 7 1
39 8 1
39 9 1
39 10 2
39 11 1
39 12 2
39 13 1
39 14 1
39 15 1
39 16 1
39 17 3
39 18 2
39 19 1
39 20 2
39 21 3
39 22 2
39 23 3
39 24 2
39 25 2
39 26 3
39 27 3
39 28 2
39 29 1
39 30 3
39 31 3
39 32 3
39 33 2
39 34 1
39 35 3
39 36 1
39 37 1
39 38 2
40 0 1
40 1 1
40 2 1
40 3 2
40 4 1
40 5 3
40 6 1
40 7 2
40 8 3
40 9 1
40 10 2
40 11 1
40 12 2
40 13 3
40 14 2
40 15 1
40 16 1
40 17 3
40 18 2
40 19 2
40 20 3
40 21 3
40 22 1
40 23 1
40 24 1
40 25 2
40 26 3
40 27 1
40 28 2
40 29 2
40 30 1
40 31 3
40 32 3
40 33 1
40 34 2
40 35 1
40 36 1
40 37 2
40 38 2
40 39 1
41 0 3
41 1 2
41 2 1
41 3 2
41 4 3
41 5 2
41 6 2
41 7 1
41 8 2
41 9 3
41 10 1
41 11 1
41 12 3
41 13 2
41 14 1
41 15 1
41 16 1
41 17 3
41 18 2
41 19 2
41 20 1
41 21 3
41 22 2
41 23 2
41 24 3
41 25 1
41 26 3
41 27 1
41 28 1
41 29 2
41 30 1
41 31 1
41 32 2
41 33 1
41 34 2
41 35 2
41 36 1
41 37 1
41 38 3
41 39 3
41 40 2
42 0 2
42 1 2
42 2 2
42 3 2
42 4 2
42 5 1
42 6 1
42 7 3
42 8 2
42 9 3
42 10 2
42 11 1
42 12 2
42 13 2
42 14 2
42 15 1
42 16 1
42 17 2
42 18 1
42 19 2
42 20 2
42 21 3
42 22 1
42 23 3
42 24 1
42 25 3
42 26 3
42 27 3
42 28 2
42 29 2
42 30 1
42 31 2
42 32 1
42 33 3
42 34 2
42 35 1
42 36 3
42 37 1
42 38 2
42 39 3
42 40 3
42 41 3
43 0 2
43 1 3
43 2 3
43 3 1
43 4 2
43 5 1
43 6 3
43 7 3
43 8 2
43 9 3
43 10 1
43 11 2
43 12 1
43 13 2
43 14 3
43 15 2
43 16 1
43 17 3
43 18 1
43 19 1
43 20 1
43 21 2
43 22 2
43 23 3
43 24 2
43 25 2
43 26 1
43 27 1
43 28 1
43 29 3
43 30 1
43 31 1
43 32 1
43 33 3
43 34 2
43 35 2
43 36 3
43 37 1
43 38 2
43 39 2
43 40 2
43 41 2
43 42 3
44 0 2
44 1 2
44 2 2
44 3 2
44 4 1
44 5 3
44 6 3
44 7 1
44 8 2
44 9 3
44 10 3
44 11 2
44 12 3
44 13 1
44 14 2
44 15 2
44 16 3
44 17 3
44 18 2
44 19 2
44 20 2
44 21 1
44 22 1
44 23 2
44 24 1
44 25 2
44 26 1
44 27 3
44 28 2
44 29 1
44 30 3
44 31 1
44 32 3
44 33 2
44 34 3
44 35 1
44 36 1
44 37 3
44 38 3
44 39 1
44 40 2
44 41 1
44 42 2
44 43 3
45 0 3
45 1 2
45 2 3
45 3 1
45 4 3
45 5 3
45 6 2
45 7 1
45 8 3
45 9 1
45 10 1
45 11 3
45 12 2
45 13 2
45 14 2
45 15 3
45 16 2
45 17 2
45 18 3
45 19 2
45 20 3
45 21 1
45 22 2
45 23 3
45 24 1
45 25 1
45 26 2
45 27 2
45 28 3
45 29 2
45 30 3
45 31 1
45 32 1
45 33 3
45 34 1
45 35 2
45 36 3
45 37 1
45 38 2
45 39 2
45 40 2
45 41 3
45 42 1
45 43 3
45 44 1
46 0 2
46 1 3
46 2 1
46 3 2
46 4 2
46 5 1
46 6 3
46 7 2
46 8 1
46 9 2
46 10 3
46 11 3
46 12 3
46 13 3
46 14 2
46 15 3
46 16 1
46 17 2
46 18 1
46 19 2
46 20 2
46 21 1
46 22 2
46 23 1
46 24 3
46 25 3
46 26 3
46 27 2
46 28 2
46 29 1
46 30 1
46 31 3
46 32 2
46 33 2
46 34 1
46 35 2
46 36 3
46 37 2
46 38 3
46 39 3
46 40 1
46 41 1
46 42 2
46 43 3
46 44 3
46 45 1
47 0 2
47 1 3
47 2 1
47 3 3
47 4 2
47 5 1
47 6 2
47 7 3
47 8 1
47 9 2
47 10 3
47 11 3
47 12 1
47 13 1
47 14 2
47 15 2
47 16 1
47 17 2
47 18 2
47 19 2
47 20 1
47 21 2
47 22 2
47 23 3
47 24 3
47 25 1
47 26 1
47 27 1
47 28 2
47 29 1
47 30 2
47 31 2
47 32 3
47 33 1
47 34 2
47 35 2
47 36 3
47 37 2
47 38 2
47 39 3
47 40 1
47 41 2
47 42 3
47 43 1
47 44 1
47 45 1
47 46 2
48 0 3
48 1 2
48 2 1
48 3 3
48 4 2
48 5 2
48 6 1
48 7 3
48 8 1
48 9 3
48 10 2
48 11 3
48 12 3
48 13 3
48 14 3
48 15 2
48 16 1
48 17 1
48 18 1
48 19 3
48 20 1
48 21 2
48 22 1
48 23 1
48 24 1
48 25 1
48 26 3
48 27 3
48 28 2
48 29 2
48 30 1
48 31 1
48 32 3
48 33 3
48 34 1
48 35 2
48 36 3
48 37 2
48 38 3
48 39 2
48 40 3
48 41 2
48 42 1
48 43 1
48 44 1
48 45 3
48 46 3
48 47 2
49 0 2
49 1 2
49 2 2
49 3 3
49 4 2
49 5 1
49 6 3
49 7 3
49 8 1
49 9 2
49 10 2
49 11 2
49 12 1
49 13 1
49 14 2
49 15 3
49 16 2
49 17 3
49 18 3
49 19 1
49 20 2
49 21 1
49 22 1
49 23 1
49 24 3
49 25 3
49 26 2
49 27 2
49 28 3
49 29 3
49 30 3
49 31 3
49 32 3
49 33 2
49 34 2
49 35 3
49 36 2
49 37 1
49 38 2
49 39 1
49 40 1
49 41 2
49 42 1
49 43 3
49 44 1
49 45 1
49 46 1
49 47 2
49 48 1
50 0 3
50 1 3
50 2 2
50 3 1
50 4 1
50 5 2
50 6 3
50 7 2
50 8 2
50 9 2
50 10 1
50 11 2
50 12 1
50 13 3
50 14 2
50 15 1
50 16 1
50 17 1
50 18 3
50 19 2
50 20 3
50 21 2
50 22 1
50 23 2
50 24 2
50 25 1
50 26 3
50 27 3
50 28 2
50 29 1
50 30 2
50 31 3
50 32 3
50 33 2
50 34 2
50 35 3
50 36 2
50 37 2
50 38 3
50 39 3
50 40 2
50 41 2
50 42 2
50 43 3
50 44 2
50 45 3
50 46 2
50 47 3
50 48 2
50 49 1
51 0 3
51 1 3
51 2 2
51 3 3
51 4 1
51 5 1
51 6 3
51 7 1
51 8 3
51 9 1
51 10 2
51 11 2
51 12 1
51 13 1
51 14 3
51 15 2
51 16 1
51 17 1
51 18 1
51 19 2
51 20 2
51 21 2
51 22 1
51 23 3
51 24 1
51 25 2
51 26 2
51 27 1
51 28 3
51 29 1
51 30 1
51 31 2
51 32 3
51 33 2
51 34 1
51 35 2
51 36 2
51 37 3
51 38 1
51 39 3
51 40 1
51 41 1
51 42 1
51 43 3
51 44 3
51 45 2
51 46 1
51 47 2
51 48 2
51 49 2
51 50 3
52 0 1
52 1 2
52 2 2
52 3 3
52 4 3
52 5 2
52 6 3
52 7 3
52 8 1
52 9 3
52 10 3
52 11 2
52 12 2
52 13 2
52 14 2
52 15 3
52 16 1
52 17 1
52 18 1
52 19 3
52 20 2
52 21 2
52 22 2
52 23 2
52 24 3
52 25 2
52 26 2
52 27 3
52 28 1
52 29 3
52 30 1
52 31 3
52 32 1
52 33 2
52 34 2
52 35 3
52 36 1
52 37 1
52 38 1
52 39 2
52 40 2
52 41 1
52 42 1
52 43 1
52 44 2
52 45 1
52 46 3
52 47 1
52 48 3
52 49 2
52 50 3
52 51 1
53 0 2
53 1 3
53 2 1
53 3 2
53 4 1
53 5 1
53 6 2
53 7 2
53 8 1
53 9 2
53 10 3
53 11 1
53 12 1
53 13 2
53 14 1
53 15 1
53 16 2
53 17 2
53 18 1
53 19 1
53 20 3
53 21 2
53 22 3
53 23 2
53 24 3
53 25 2
53 26 1
53 27 1
53 28 3
53 29 2
53 30 1
53 31 3
53 32 2
53 33 2
53 34 1
53 35 2
53 36 1
53 37 2
53 38 3
53 39 1
53 40 3
53 41 3
53 42 1
53 43 1
53 44 1
53 45 3
53 46 3
53 47 3
53 48 2
53 49 3
53 50 2
53 51 3
53 52 3
54 0 1
54 1 1
54 2 3
54 3 1
54 4 2
54 5 1
54 6 1
54 7 2
54 8 1
54 9 3
54 10 2
54 11 1
54 12 1
54 13 3
54 14 2
54 15 3
54 16 1
54 17 2
54 18 1
54 19 1
54 20 3
54 21 1
54 22 1
54 23 1
54 24 3
54 25 3
54 26 3
54 27 1
54 28 3
54 29 3
54 30 3
54 31 1
54 32 1
54 33 3
54 34 2
54 35 2
54 36 2
54 37 2
54 38 3
54 39 3
54 40 2
54 41 3
54 42 3
54 43 3
54 44 3
54 45 2
54 46 2
54 47 2
54 48 2
54 49 3
54 50 3
54 51 1
54 52 2
54 53 2
55 0 2
55 1 1
55 2 3
55 3 3
55 4 2
55 5 1
55 6 2
55 7 2
55 8 1
55 9 2
55 10 2
55 11 3
55 12 3
55 13 3
55 14 3
55 15 2
55 16 3
55 17 3
55 18 3
55 19 2
55 20 3
55 21 3
55 22 3
55 23 3
55 24 1
55 25 1
55 26 3
55 27 2
55 28 2
55 29 3
55 30 3
55 31 2
55 32 1
55 33 2
55 34 3
55 35 3
55 36 1
55 37 1
55 38 2
55 39 2
55 40 3
55 41 3
55 42 1
55 43 1
55 44 3
55 45 2
55 46 3
55 47 2
55 48 3
55 49 3
55 50 1
55 51 3
55 52 1
55 53 2
55 54 2
56 0 3
56 1 2
56 2 2
56 3 3
56 4 3
56 5 1
56 6 3
56 7 2
56 8 1
56 9 3
56 10 1
56 11 1
56 12 1
56 13 2
56 14 1
56 15 2
56 16 1
56 17 3
56 18 2
56 19 1
56 20 3
56 21 2
56 22 3
56 23 2
56 24 1
56 25 3
56 26 3
56 27 3
56 28 2
56 29 2
56 30 1
56 31 2
56 32 3
56 33 2
56 34 3
56 35 2
56 36 1
56 37 2
56 38 3
56 39 2
56 40 1
56 41 2
56 42 3
56 43 2
56 44 3
56 45 3
56 46 1
56 47 2
56 48 2
56 49 3
56 50 2
56 51 1
56 52 2
56 53 3
56 54 3
56 55 3
57 0 1
57 1 2
57 2 2
57 3 1
57 4 3
57 5 3
57 6 1
57 7 3
57 8 2
57 9 2
57 10 3
57 11 1
57 12 1
57 13 2
57 14 3
57 15 3
57 16 1
57 17 3
57 18 3
57 19 1
57 20 1
57 21 1
57 22 3
57 23 2
57 24 1
57 25 3
57 26 2
57 27 1
57 28 2
57 29 1
57 30 3
57 31 1
57 32 3
57 33 1
57 34 1
57 35 1
57 36 3
57 37 3
57 38 2
57 39 3
57 40 3
57 41 1
57 42 3
57 43 3
57 44 1
57 45 1
57 46 3
57 47 2
57 48 1
57 49 3
57 50 2
57 51 1
57 52 3
57 53 2
57 54 3
57 55 3
57 56 2
58 0 1
58 1 3
58 2 2
58 3 2
58 4 3
58 5 2
58 6 1
58 7 1
58 8 3
58 9 3
58 10 1
58 11 2
58 12 2
58 13 1
58 14 3
58 15 1
58 16 2
58 17 1
58 18 3
58 19 1
58 20 3
58 21 1
58 22 1
58 23 2
58 24 1
58 25 3
58 26 2
58 27 3
58 28 1
58 29 3
58 30 2
58 31 3
58 32 3
58 33 3
58 34 3
58 35 2
58 36 3
58 37 3
58 38 3
58 39 2
58 40 2
58 41 2
58 42 2
58 43 1
58 44 3
58 45 3
58 46 3
58 47 3
58 48 3
58 49 1
58 50 3
58 51 2
58 52 1
58 53 1
58 54 1
58 55 3
58 56 2
58 57 1
59 0 1
59 1 2
59 2 1
59 3 1
59 4 1
59 5 2
59 6 1
59 7 1
59 8 1
59 9 3
59 10 3
59 11 2
59 12 2
59 13 1
59 14 2
59 15 3
59 16 2
59 17 1
59 18 1
59 19 3
59 20 2
59 21 1
59 22 1
59 23 1
59 24 1
59 25 2
59 26 2
59 27 1
59 28 3
59 29 3
59 30 2
59 31 3
59 32 2
59 33 2
59 34 2
59 35 3
59 36 3
59 37 2
59 38 1
59 39 1
59 40 2
59 41 2
59 42 1
59 43 2
59 44 2
59 45 3
59 46 3
59 47 1
59 48 2
59 49 2
59 50 1
59 51 2
59 52 3
59 53 2
59 54 3
59 55 3
59 56 3
59 57 1
59 58 2
