30
1 0 3
2 0 4
2 1 2
3 0 1
3 1 5
3 2 2
4 0 3
4 1 4
4 2 1
4 3 3
5 0 3
5 1 4
5 2 3
5 3 3
5 4 2
6 0 4
6 1 4
6 2 1
6 3 4
6 4 4
6 5 2
7 0 1
7 1 5
7 2 1
7 3 5
7 4 1
7 5 5
7 6 2
8 0 3
8 1 4
8 2 2
8 3 1
8 4 4
8 5 4
8 6 1
8 7 5
9 0 3
9 1 2
9 2 4
9 3 1
9 4 3
9 5 1
9 6 3
9 7 2
9 8 1
10 0 3
10 1 5
10 2 1
10 3 4
10 4 2
10 5 2
10 6 4
10 7 5
10 8 2
10 9 3
11 0 2
11 1 5
11 2 3
11 3 4
11 4 3
11 5 2
11 6 2
11 7 1
11 8 1
11 9 1
11 10 3
12 0 1
12 1 2
12 2 3
12 3 1
12 4 5
12 5 5
12 6 5
12 7 3
12 8 2
12 9 5
12 10 2
12 11 4
13 0 3
13 1 2
13 2 1
13 3 2
13 4 1
13 5 1
13 6 5
13 7 2
13 8 4
13 9 3
13 10 2
13 11 4
13 12 3
14 0 3
14 1 1
14 2 4
14 3 1
14 4 4
14 5 5
14 6 4
14 7 4
14 8 2
14 9 1
14 10 5
14 11 5
14 12 3
14 13 2
15 0 4
15 1 3
15 2 1
15 3 1
15 4 3
15 5 4
15 6 5
15 7 3
15 8 1
15 9 4
15 10 3
15 11 5
15 12 4
15 13 1
15 14 3
16 0 2
16 1 4
16 2 4
16 3 1
16 4 1
16 5 1
16 6 4
16 7 1
16 8 3
16 9 4
16 10 3
16 11 2
16 12 2
16 13 3
16 14 3
16 15 3
17 0 2
17 1 4
17 2 5
17 3 1
17 4 4
17 5 2
17 6 4
17 7 2
17 8 4
17 9 5
17 10 5
17 11 1
17 12 2
17 13 1
17 14 3
17 15 2
17 16 1
18 0 3
18 1 1
18 2 3
18 3 1
18 4 2
18 5 2
18 6 3
18 7 5
18 8 2
18 9 1
18 10 1
18 11 4
18 12 2
18 13 3
18 14 1
18 15 5
18 16 1
18 17 5
19 0 4
19 1 5
19 2 2
19 3 4
19 4 5
19 5 3
19 6 3
19 7 1
19 8 2
19 9 5
19 10 5
19 11 1
19 12 2
19 13 3
19 14 1
19 15 2
19 16 3
19 17 4
19 18 5
20 0 1
20 1 3
20 2 5
20 3 5
20 4 1
20 5 5
20 6 5
20 7 4
20 8 5
20 9 2
20 10 1
20 11 3
20 12 4
20 13 5
20 14 2
20 15 4
20 16 4
20 17 1
20 18 1
20 19 5
21 0 4
21 1 5
21 2 5
21 3 4
21 4 2
21 5 5
21 6 4
21 7 5
21 8 2
21 9 4
21 10 2
21 11 1
21 12 2
21 13 1
21 14 5
21 15 3
21 16 4
21 17 3
21 18 1
21 19 2
21 20 4
22 0 4
22 1 2
22 2 1
22 3 5
22 4 3
22 5 2
22 6 4
22 7 4
22 8 4
22 9 4
22 10 1
22 11 5
22 12 4
22 13 3
22 14 4
22 15 2
22 16 2
22 17 2
22 18 3
22 19 1
22 20 5
22 21 5
23 0 2
23 1 2
23 2 2
23 3 3
23 4 1
23 5 3
23 6 5
23 7 3
23 8 3
23 9 2
23 10 2
23 11 2
23 12 3
23 13 3
23 14 5
23 15 2
23 16 3
23 17 5
23 18 5
23 19 3
23 20 5
23 21 4
23 22 2
24 0 4
24 1 3
24 2 4
24 3 4
24 4 3
24 5 4
24 6 5
24 7 2
24 8 2
24 9 2
24 10 2
24 11 1
24 12 5
24 13 3
24 14 3
24 15 1
24 16 5
24 17 3
24 18 4
24 19 5
24 20 4
24 21 5
24 22 2
24 23 5
25 0 3
25 1 1
25 2 4
25 3 4
25 4 4
25 5 4
25 6 4
25 7 4
25 8 3
25 9 3
25 10 4
25 11 1
25 12 5
25 13 2
25 14 3
25 15 2
25 16 1
25 17 5
25 18 2
25 19 5
25 20 1
25 21 5
25 22 4
25 23 4
25 24 4
26 0 4
26 1 4
26 2 1
26 3 4
26 4 2
26 5 4
26 6 3
26 7 3
26 8 5
26 9 5
26 10 2
26 11 2
26 12 2
26 13 5
26 14 2
26 15 3
26 16 4
26 17 5
26 18 3
26 19 5
26 20 4
26 21 5
26 22 5
26 23 2
26 24 3
26 25 4
27 0 2
27 1 1
27 2 2
27 3 3
27 4 3
27 5 2
27 6 2
27 7 2
27 8 3
27 9 3
27 10 5
27 11 4
27 12 1
27 13 1
27 14 1
27 15 5
27 16 3
27 17 2
27 18 5
27 19 2
27 20 4
27 21 1
27 22 2
27 23 3
27 24 1
27 25 3
27 26 4
28 0 1
28 1 2
28 2 2
28 3 3
28 4 1
28 5 5
28 6 5
28 7 4
28 8 3
28 9 1
28 10 4
28 11 3
28 12 2
28 13 4
28 14 4
28 15 3
28 16 2
28 17 3
28 18 5
28 19 1
28 20 5
28 21 3
28 22 4
28 23 1
28 24 3
28 25 1
28 26 4
28 27 3
29 0 5
29 1 2
29 2 3
29 3 3
29 4 4
29 5 3
29 6 5
29 7 4
29 8 1
29 9 5
29 10 5
29 11 3
29 12 2
29 13 4
29 14 3
29 15 1
29 16 5
29 17 1
29 18 5
29 19 4
29 20 3
29 21 4
29 22 3
29 23 3
29 24 3
29 25 3
29 26 1
29 27 4
29 28 5
