40
1 0 7
2 0 3
3 0 1
3 1 8
3 2 7
4 0 1
4 1 6
4 2 4
5 0 8
5 1 4
5 3 7
5 4 7
6 1 2
6 2 3
6 4 2
6 5 2
7 0 2
7 1 7
7 2 3
7 3 2
7 6 8
8 0 4
8 1 7
8 2 7
8 3 2
8 6 5
8 7 2
9 1 3
9 3 6
9 5 7
9 6 8
9 7 7
9 8 8
10 2 6
10 4 5
10 5 5
10 7 5
11 1 8
11 3 5
11 5 8
11 6 7
11 7 7
11 8 3
12 0 2
12 1 1
12 6 6
12 8 8
12 9 1
12 10 5
13 1 7
13 4 4
13 6 3
13 8 4
13 9 4
13 10 7
14 1 1
14 4 6
14 5 8
14 6 1
14 7 2
14 8 7
14 9 4
14 10 3
14 11 3
14 13 5
15 1 5
15 4 6
15 7 3
15 8 1
15 9 3
15 11 5
15 14 3
16 5 8
16 10 1
16 12 8
16 13 2
16 14 1
16 15 7
17 1 4
17 2 5
17 6 3
17 7 2
17 11 5
17 12 1
17 13 2
17 15 4
17 16 4
18 3 6
18 5 2
18 6 8
18 8 3
18 9 2
18 11 8
18 14 5
19 1 7
19 5 5
19 7 2
19 8 8
19 10 6
19 11 8
19 12 5
19 13 1
19 14 8
19 15 2
19 16 1
19 18 6
20 1 5
20 2 6
20 6 6
20 8 2
20 11 7
20 14 4
20 16 6
20 19 5
21 1 6
21 3 7
21 4 2
21 5 7
21 6 7
21 8 7
21 10 8
21 12 4
21 15 3
21 16 3
21 17 8
21 18 1
21 20 6
22 1 4
22 3 5
22 4 3
22 7 2
22 10 3
22 12 6
22 13 3
22 14 5
22 17 4
23 1 8
23 2 3
23 3 1
23 6 6
23 8 7
23 9 2
23 15 7
23 17 5
23 19 2
23 20 6
23 22 1
24 0 2
24 1 4
24 4 8
24 5 7
24 6 1
24 7 5
24 9 4
24 10 5
24 11 4
24 13 8
24 14 4
24 15 1
24 16 5
24 17 5
24 18 3
24 23 5
25 0 2
25 1 5
25 2 5
25 4 2
25 6 7
25 7 7
25 9 4
25 12 1
25 14 4
25 19 4
25 20 6
25 21 7
25 24 6
26 0 1
26 1 8
26 3 1
26 6 6
26 9 8
26 18 6
26 21 5
26 22 5
26 23 4
26 25 6
27 2 4
27 3 6
27 4 3
27 5 6
27 8 8
27 9 4
27 10 2
27 11 2
27 14 5
27 15 2
27 17 3
27 21 6
27 22 5
27 23 5
27 24 7
28 0 7
28 1 3
28 3 3
28 4 2
28 8 5
28 12 3
28 15 7
28 18 5
28 21 7
28 24 7
28 25 5
28 26 3
29 1 7
29 4 8
29 7 8
29 12 1
29 14 4
29 15 7
29 16 4
29 19 1
29 20 5
29 22 7
29 23 3
29 25 2
29 26 5
29 27 2
29 28 8
30 0 2
30 1 6
30 2 6
30 7 2
30 10 8
30 11 8
30 14 7
30 15 4
30 16 1
30 17 1
30 18 3
30 21 6
30 22 5
30 25 3
30 27 4
30 29 8
31 1 3
31 2 3
31 8 4
31 9 1
31 10 5
31 14 1
31 16 5
31 17 3
31 18 8
31 23 1
31 24 7
31 28 4
32 2 1
32 4 8
32 5 4
32 7 7
32 11 4
32 12 7
32 16 5
32 17 1
32 20 6
32 22 3
32 23 7
32 24 5
32 28 4
32 30 8
33 0 8
33 2 5
33 3 6
33 4 1
33 5 3
33 10 7
33 12 7
33 15 6
33 17 4
33 20 3
33 21 5
33 24 5
33 25 2
33 26 5
33 27 5
33 30 4
33 32 1
34 0 4
34 1 7
34 4 7
34 7 5
34 8 5
34 10 6
34 11 5
34 13 6
34 15 2
34 16 2
34 21 5
34 22 1
34 28 7
34 29 1
34 30 1
34 32 7
34 33 6
35 0 6
35 1 6
35 2 4
35 3 5
35 5 3
35 7 6
35 11 4
35 12 7
35 13 5
35 15 8
35 16 7
35 17 1
35 18 8
35 19 7
35 20 2
35 22 3
35 23 5
35 27 2
35 29 4
35 30 3
35 31 1
35 34 8
36 0 4
36 1 2
36 5 2
36 6 8
36 9 6
36 10 6
36 11 8
36 12 2
36 13 5
36 15 3
36 17 4
36 18 8
36 20 1
36 21 5
36 22 7
36 24 5
36 25 2
36 27 7
36 28 6
36 35 2
37 1 6
37 2 1
37 4 6
37 5 4
37 7 8
37 8 4
37 9 3
37 10 1
37 15 7
37 18 4
37 20 4
37 23 2
37 26 7
37 27 3
37 31 2
37 32 3
37 33 8
38 0 5
38 3 2
38 7 8
38 8 4
38 9 5
38 10 1
38 13 4
38 15 6
38 18 8
38 19 3
38 20 7
38 21 5
38 22 7
38 23 6
38 24 4
38 25 5
38 26 2
38 27 5
38 28 4
38 30 5
38 32 8
38 33 5
38 35 7
38 37 7
39 1 4
39 3 4
39 4 1
39 5 8
39 6 1
39 9 3
39 11 2
39 12 2
39 13 2
39 15 5
39 16 2
39 17 4
39 20 7
39 21 3
39 22 4
39 23 3
39 24 5
39 25 5
39 26 8
39 27 3
39 28 2
39 35 1
39 36 3
39 38 5
