70
3 1 2
4 0 6
4 2 3
4 3 2
5 0 6
5 1 2
5 2 3
5 3 6
6 2 2
6 3 5
6 5 4
7 1 5
7 2 7
8 0 2
8 3 3
8 4 5
8 6 7
8 7 6
9 0 1
9 5 6
10 0 2
10 1 7
10 2 6
10 4 4
10 7 1
10 9 7
11 0 1
11 2 3
11 3 2
11 4 4
11 7 6
11 10 7
12 0 2
12 3 3
12 5 3
12 6 2
12 8 3
12 9 2
12 11 1
13 1 5
13 2 2
13 3 4
13 4 7
13 6 5
13 7 6
13 8 3
13 9 7
13 10 1
13 11 1
14 5 5
14 7 3
14 12 6
15 2 5
15 3 6
15 4 7
15 13 3
16 2 1
16 3 5
16 5 5
16 7 5
16 9 6
16 10 5
16 11 6
16 12 6
16 14 1
17 1 5
17 2 2
17 5 4
17 6 4
17 7 7
17 10 2
17 13 6
17 14 6
17 15 5
17 16 2
18 0 3
18 2 4
18 4 7
18 6 3
18 14 2
18 15 1
18 16 5
18 17 4
19 0 5
19 1 2
19 2 6
19 7 1
19 9 1
19 13 6
19 14 7
19 17 1
19 18 3
20 0 5
20 1 1
20 3 6
20 4 2
20 7 5
20 9 1
20 11 7
20 12 3
20 13 4
20 14 1
20 17 7
20 18 5
20 19 1
21 1 1
21 2 2
21 3 5
21 4 3
21 6 5
21 11 3
21 12 5
21 13 5
21 14 7
21 15 2
21 16 7
21 17 6
21 19 7
22 4 2
22 5 3
22 8 2
22 10 3
22 13 1
22 15 4
22 19 5
22 20 4
22 21 1
23 0 2
23 1 5
23 4 6
23 5 5
23 8 4
23 9 7
23 14 1
23 16 5
23 17 4
23 19 7
23 20 5
24 0 7
24 1 2
24 2 3
24 4 7
24 9 6
24 12 7
24 13 5
24 14 7
24 15 6
24 17 2
24 20 7
24 21 1
24 23 6
25 0 5
25 2 3
25 3 4
25 4 5
25 5 3
25 6 5
25 7 4
25 10 1
25 13 3
25 15 3
25 16 7
25 17 2
25 20 3
25 21 7
25 22 4
25 24 1
26 0 6
26 2 3
26 6 1
26 7 3
26 10 5
26 12 2
26 14 7
26 15 3
26 16 5
26 19 1
26 20 5
26 25 3
27 0 2
27 1 2
27 3 2
27 4 5
27 5 7
27 7 2
27 9 5
27 10 4
27 13 2
27 15 5
27 18 2
27 19 5
27 21 7
27 22 7
27 24 1
28 2 5
28 3 2
28 4 3
28 5 3
28 7 2
28 8 7
28 10 3
28 11 7
28 13 4
28 16 4
28 18 1
28 19 6
28 20 4
28 21 7
28 22 6
28 23 7
28 25 6
28 26 3
28 27 2
29 1 4
29 3 5
29 4 2
29 5 3
29 8 6
29 12 5
29 13 6
29 14 7
29 15 3
29 16 6
29 18 5
29 19 6
29 21 1
29 23 5
29 24 3
29 27 5
29 28 5
30 2 6
30 3 2
30 4 3
30 5 5
30 8 1
30 9 5
30 13 5
30 15 6
30 16 7
30 21 5
30 22 6
30 25 1
30 27 5
30 28 7
30 29 1
31 3 7
31 4 3
31 5 6
31 6 1
31 7 7
31 8 6
31 10 6
31 11 7
31 12 2
31 15 6
31 17 3
31 18 7
31 21 4
31 22 4
31 23 4
31 25 5
31 26 7
31 28 6
31 30 7
32 1 3
32 3 4
32 5 7
32 8 3
32 9 4
32 10 2
32 11 2
32 12 4
32 15 1
32 17 6
32 21 7
32 23 4
32 24 6
32 25 5
33 1 6
33 6 2
33 8 7
33 11 7
33 17 3
33 18 6
33 22 4
33 24 7
33 28 1
33 30 2
33 31 5
34 0 4
34 1 5
34 2 7
34 3 4
34 7 5
34 9 5
34 10 3
34 11 1
34 12 2
34 13 4
34 18 1
34 19 3
34 20 7
34 23 7
34 24 1
34 26 3
34 27 5
34 28 2
34 30 3
34 32 1
35 1 4
35 2 6
35 3 3
35 4 1
35 5 1
35 6 5
35 8 2
35 10 7
35 11 1
35 13 7
35 14 4
35 16 4
35 19 5
35 20 2
35 24 6
35 26 2
35 28 1
35 30 4
35 33 6
35 34 2
36 3 2
36 4 3
36 5 2
36 8 1
36 13 3
36 15 3
36 17 5
36 18 4
36 22 7
36 27 2
36 28 7
36 29 6
36 30 7
36 31 2
36 33 7
37 0 7
37 1 5
37 3 2
37 4 7
37 5 2
37 7 3
37 13 2
37 14 4
37 15 7
37 16 4
37 17 3
37 22 5
37 23 4
37 24 4
37 25 1
37 26 2
37 28 2
37 29 4
37 32 7
38 8 5
38 10 6
38 13 2
38 14 3
38 16 4
38 21 7
38 22 5
38 23 6
38 24 6
38 29 5
38 30 3
38 34 1
38 36 4
39 0 6
39 1 2
39 4 6
39 5 5
39 15 5
39 16 3
39 19 4
39 21 5
39 23 5
39 29 4
39 30 3
39 31 2
39 32 2
39 34 6
39 35 4
40 0 5
40 1 4
40 3 4
40 5 7
40 8 4
40 9 1
40 10 2
40 13 4
40 14 7
40 15 6
40 17 1
40 20 2
40 21 2
40 25 5
40 26 6
40 31 1
40 34 3
40 37 6
40 38 1
41 2 2
41 3 2
41 7 4
41 9 3
41 10 4
41 11 1
41 12 3
41 13 4
41 14 1
41 15 5
41 21 6
41 25 1
41 27 7
41 29 3
41 31 6
41 32 7
41 34 6
41 36 7
41 39 3
41 40 1
42 1 5
42 2 6
42 5 7
42 8 1
42 9 1
42 10 4
42 11 2
42 12 4
42 13 5
42 15 7
42 17 7
42 18 5
42 20 6
42 23 3
42 24 3
42 25 4
42 27 1
42 28 6
42 30 2
42 32 6
42 33 3
42 35 4
42 36 5
42 38 5
42 39 6
42 40 1
42 41 7
43 1 1
43 2 5
43 4 7
43 5 1
43 8 3
43 13 5
43 15 2
43 16 5
43 17 7
43 19 3
43 20 5
43 21 5
43 22 1
43 24 7
43 25 6
43 27 2
43 28 2
43 29 2
43 33 2
43 34 4
43 37 5
43 40 3
44 1 3
44 2 2
44 3 3
44 4 1
44 5 7
44 6 6
44 7 5
44 9 1
44 10 4
44 11 6
44 17 1
44 18 1
44 19 5
44 20 6
44 24 4
44 25 3
44 26 1
44 27 4
44 34 6
44 35 4
44 37 5
44 40 2
44 41 3
45 0 6
45 1 4
45 2 5
45 4 2
45 7 4
45 12 4
45 13 4
45 16 2
45 19 4
45 22 7
45 27 6
45 30 6
45 31 1
45 32 4
45 34 3
45 36 3
45 38 5
45 41 3
45 44 5
46 0 5
46 1 7
46 2 1
46 4 6
46 5 6
46 8 5
46 9 3
46 10 4
46 11 1
46 13 5
46 16 2
46 17 2
46 23 5
46 27 6
46 37 2
46 40 5
46 42 2
46 44 6
46 45 3
47 0 7
47 1 5
47 4 7
47 5 7
47 7 2
47 8 6
47 11 7
47 12 7
47 13 5
47 14 3
47 15 3
47 17 4
47 18 6
47 19 3
47 21 2
47 23 4
47 24 1
47 25 2
47 26 3
47 27 3
47 30 5
47 31 6
47 32 7
47 34 4
47 36 2
47 37 2
47 38 4
47 39 3
47 40 6
47 43 7
48 0 7
48 1 7
48 6 3
48 12 3
48 13 4
48 14 1
48 16 5
48 17 6
48 18 2
48 20 1
48 21 6
48 22 2
48 26 3
48 27 2
48 29 4
48 30 3
48 31 2
48 33 4
48 34 4
48 35 4
48 37 4
48 38 3
48 41 3
48 46 5
49 2 1
49 5 3
49 9 7
49 18 5
49 19 4
49 20 4
49 22 4
49 23 4
49 28 1
49 32 5
49 35 7
49 38 6
49 42 3
49 43 5
49 44 1
49 45 1
49 46 5
49 47 7
49 48 2
50 2 7
50 4 6
50 5 2
50 6 2
50 7 2
50 13 1
50 16 7
50 19 1
50 21 2
50 22 5
50 24 2
50 30 3
50 31 3
50 32 4
50 35 1
50 36 7
50 37 4
50 38 3
50 39 2
50 40 5
50 41 2
50 42 7
50 43 3
50 45 1
50 46 4
50 48 2
50 49 7
51 0 3
51 2 5
51 7 7
51 9 6
51 11 4
51 12 1
51 13 3
51 14 2
51 17 7
51 18 3
51 20 6
51 21 2
51 23 2
51 25 6
51 27 1
51 28 7
51 29 4
51 30 5
51 31 7
51 34 3
51 35 7
51 36 6
51 37 7
51 43 5
51 46 3
51 48 3
51 49 5
52 0 3
52 1 3
52 4 7
52 6 1
52 10 4
52 11 2
52 12 1
52 13 7
52 14 7
52 15 5
52 16 2
52 17 2
52 20 5
52 21 3
52 27 1
52 29 6
52 30 2
52 35 3
52 41 3
52 45 5
52 46 6
52 49 1
53 0 2
53 5 6
53 6 7
53 9 3
53 10 6
53 12 3
53 14 5
53 15 1
53 17 6
53 18 6
53 21 4
53 22 2
53 25 4
53 26 1
53 27 6
53 28 2
53 32 1
53 35 1
53 37 3
53 38 4
53 39 7
53 48 5
53 49 6
53 50 3
53 51 5
53 52 3
54 0 1
54 2 7
54 3 5
54 4 3
54 5 7
54 6 7
54 9 3
54 10 2
54 12 4
54 13 5
54 14 4
54 16 2
54 18 5
54 22 1
54 23 6
54 26 3
54 27 3
54 28 6
54 29 2
54 34 2
54 35 3
54 37 3
54 38 2
54 40 7
54 41 7
54 43 1
54 44 3
54 46 6
54 47 6
54 50 6
54 51 6
54 52 4
55 1 5
55 7 1
55 9 4
55 13 7
55 17 7
55 19 3
55 20 3
55 27 6
55 30 5
55 39 1
55 40 2
55 42 2
55 44 1
55 45 2
55 46 7
55 47 1
55 49 5
55 52 1
55 53 5
56 2 6
56 3 1
56 4 3
56 6 1
56 9 6
56 10 2
56 11 6
56 13 3
56 14 2
56 15 5
56 19 6
56 20 1
56 21 5
56 25 1
56 26 1
56 29 1
56 30 7
56 36 3
56 39 3
56 41 7
56 42 6
56 43 5
56 44 1
56 46 3
56 50 5
56 54 1
56 55 7
57 4 7
57 5 1
57 7 7
57 9 3
57 11 5
57 12 7
57 14 5
57 15 3
57 17 7
57 19 4
57 20 6
57 24 7
57 25 3
57 30 6
57 31 2
57 34 1
57 40 7
57 41 5
57 44 6
57 45 2
57 51 1
57 53 4
57 54 6
57 55 3
58 0 1
58 3 6
58 4 2
58 6 7
58 8 5
58 9 1
58 12 2
58 18 3
58 19 7
58 22 2
58 23 2
58 25 2
58 28 7
58 29 6
58 30 4
58 33 1
58 35 7
58 39 5
58 40 6
58 42 2
58 43 5
58 44 5
58 45 4
58 46 5
58 47 3
58 48 2
58 51 5
58 52 4
58 53 4
58 54 2
58 55 1
58 57 7
59 0 2
59 1 6
59 2 6
59 5 1
59 7 3
59 8 1
59 9 6
59 10 3
59 12 3
59 13 3
59 14 5
59 15 2
59 16 1
59 18 5
59 19 7
59 20 6
59 21 1
59 22 3
59 23 2
59 24 1
59 26 6
59 27 1
59 29 5
59 31 6
59 34 7
59 35 2
59 38 4
59 39 7
59 40 1
59 41 1
59 46 2
59 58 3
60 0 3
60 2 3
60 3 5
60 4 4
60 5 4
60 7 4
60 9 3
60 13 5
60 14 4
60 17 4
60 19 5
60 25 3
60 26 2
60 27 2
60 29 6
60 30 5
60 32 7
60 33 7
60 34 2
60 35 1
60 37 4
60 41 2
60 42 4
60 48 4
60 49 2
60 50 2
60 51 4
60 53 2
60 54 7
60 55 3
60 57 2
60 59 4
61 0 6
61 1 5
61 3 4
61 5 1
61 6 2
61 7 5
61 10 6
61 12 4
61 14 5
61 18 6
61 20 7
61 25 6
61 26 5
61 27 5
61 29 7
61 30 5
61 33 6
61 37 1
61 38 2
61 39 5
61 45 2
61 47 1
61 48 6
61 49 5
61 53 1
61 54 5
61 56 4
61 58 1
61 59 1
62 0 7
62 5 4
62 6 2
62 7 3
62 8 6
62 10 4
62 12 1
62 14 4
62 15 3
62 19 6
62 23 1
62 28 4
62 31 7
62 35 5
62 36 6
62 37 3
62 39 3
62 40 4
62 42 3
62 44 7
62 45 2
62 49 6
62 52 4
62 53 1
62 57 5
62 59 5
63 6 6
63 7 5
63 9 5
63 11 3
63 12 5
63 18 3
63 19 4
63 20 3
63 21 4
63 23 4
63 24 1
63 26 4
63 27 4
63 30 2
63 31 5
63 32 7
63 40 3
63 41 7
63 43 7
63 44 7
63 47 6
63 54 5
63 55 4
63 57 6
63 61 2
63 62 1
64 0 7
64 1 3
64 2 4
64 10 4
64 12 7
64 15 1
64 17 1
64 19 2
64 20 3
64 22 4
64 23 2
64 24 3
64 26 1
64 30 3
64 31 2
64 32 3
64 33 3
64 34 3
64 35 7
64 36 1
64 37 6
64 38 4
64 42 7
64 43 2
64 45 5
64 49 1
64 51 4
64 52 6
64 53 4
64 55 4
64 59 5
64 61 3
64 62 1
65 0 3
65 3 4
65 4 2
65 7 5
65 9 5
65 13 1
65 14 2
65 15 4
65 16 1
65 17 5
65 18 6
65 19 6
65 26 3
65 27 6
65 28 4
65 29 5
65 30 4
65 34 7
65 37 7
65 39 3
65 40 3
65 41 6
65 42 1
65 43 6
65 45 2
65 46 5
65 48 5
65 50 3
65 51 3
65 52 6
65 54 6
65 55 2
65 57 2
65 60 6
65 61 3
65 63 5
66 0 6
66 3 1
66 4 2
66 5 2
66 8 1
66 9 6
66 11 7
66 16 7
66 17 2
66 18 5
66 19 1
66 20 2
66 21 5
66 27 6
66 28 5
66 29 6
66 33 7
66 34 2
66 38 4
66 44 1
66 46 5
66 48 4
66 49 1
66 50 3
66 51 1
66 56 6
66 57 6
66 58 5
66 59 4
66 60 7
66 63 2
66 64 6
66 65 5
67 0 2
67 1 7
67 3 7
67 5 7
67 6 7
67 7 4
67 9 7
67 10 5
67 12 3
67 13 1
67 16 4
67 18 5
67 20 6
67 23 2
67 24 4
67 25 2
67 26 6
67 28 6
67 29 3
67 30 3
67 32 3
67 34 1
67 36 3
67 37 7
67 40 2
67 41 1
67 43 7
67 46 3
67 47 6
67 48 5
67 49 6
67 50 6
67 51 3
67 55 1
67 56 7
67 59 3
67 60 3
67 62 3
67 63 5
67 64 7
67 65 7
68 2 5
68 5 5
68 6 5
68 7 3
68 8 1
68 9 2
68 10 7
68 12 2
68 14 5
68 20 5
68 21 5
68 22 5
68 25 3
68 26 3
68 28 3
68 30 6
68 31 3
68 32 5
68 33 4
68 37 1
68 38 4
68 40 7
68 42 6
68 43 4
68 45 1
68 46 5
68 47 3
68 48 6
68 49 1
68 55 3
68 56 2
68 57 1
68 60 2
68 61 7
68 62 6
68 63 3
68 64 1
68 65 6
68 67 2
69 0 2
69 2 3
69 3 3
69 4 1
69 6 4
69 7 7
69 8 1
69 10 2
69 11 4
69 12 1
69 14 1
69 15 1
69 18 2
69 19 1
69 21 4
69 23 5
69 24 2
69 26 6
69 28 6
69 29 7
69 30 3
69 32 6
69 33 4
69 36 2
69 39 2
69 41 2
69 42 4
69 43 1
69 45 1
69 49 1
69 51 4
69 54 6
69 58 1
69 59 1
69 61 1
69 68 1
