60
3 0 5
3 1 6
4 1 7
5 0 1
5 3 9
5 4 1
6 0 11
6 4 8
6 5 2
7 0 9
7 1 6
7 2 2
7 6 1
8 0 5
8 1 7
8 3 3
8 7 11
9 0 3
9 2 8
9 5 3
9 6 6
9 7 5
9 8 7
10 0 10
10 1 5
10 2 4
10 3 4
10 4 4
10 5 5
10 6 2
10 8 10
10 9 2
11 2 11
11 6 9
11 9 7
12 2 1
12 3 5
12 4 10
12 5 11
12 6 7
12 8 5
12 9 5
12 10 4
12 11 4
13 0 7
13 3 7
13 5 1
13 6 6
13 7 1
13 10 9
13 12 7
14 0 2
14 1 1
14 2 7
14 3 5
14 5 6
14 6 8
14 7 6
14 8 10
14 9 2
14 10 11
14 11 11
14 12 1
14 13 11
15 0 1
15 1 11
15 7 7
15 8 8
15 9 6
15 10 3
15 11 8
15 12 4
15 14 11
16 3 3
16 4 2
16 5 11
16 7 11
16 9 10
16 10 7
16 12 10
17 3 11
17 4 6
17 5 7
17 6 1
17 7 10
17 8 1
17 10 7
17 12 5
17 13 9
17 15 8
17 16 9
18 2 2
18 3 6
18 4 5
18 6 7
18 7 1
18 10 11
18 12 10
18 15 6
18 17 10
19 2 8
19 3 11
19 4 11
19 5 6
19 6 5
19 7 5
19 8 6
19 9 5
19 10 2
19 12 4
19 17 4
19 18 11
20 2 10
20 3 6
20 4 10
20 5 3
20 8 10
20 11 3
20 12 3
20 13 7
20 14 5
20 16 2
20 17 1
20 19 4
21 0 4
21 1 8
21 2 10
21 3 2
21 6 10
21 11 1
21 12 5
21 13 1
21 14 2
21 16 4
21 17 6
22 2 8
22 3 3
22 6 11
22 7 8
22 9 7
22 13 9
22 16 8
22 18 5
22 21 5
23 2 11
23 3 4
23 7 10
23 8 4
23 9 2
23 10 11
23 14 8
23 15 9
23 17 8
23 19 6
23 20 3
23 21 8
24 0 7
24 2 1
24 4 1
24 5 8
24 7 3
24 9 6
24 12 6
24 13 3
24 14 11
24 15 4
24 22 2
24 23 11
25 2 8
25 4 11
25 5 11
25 6 1
25 7 8
25 8 1
25 9 9
25 10 7
25 12 10
25 17 1
25 18 10
25 21 1
25 24 10
26 1 8
26 2 3
26 3 1
26 13 9
26 16 1
26 18 11
26 20 11
26 22 8
26 23 3
26 24 5
26 25 4
27 3 1
27 4 7
27 6 2
27 9 2
27 12 3
27 14 10
27 17 3
27 18 1
27 19 5
27 20 2
27 23 9
27 24 4
27 25 6
27 26 2
28 2 11
28 3 1
28 6 11
28 18 11
28 19 4
28 21 2
28 22 7
28 23 4
28 27 7
29 1 5
29 2 8
29 3 7
29 6 5
29 7 10
29 8 9
29 9 7
29 17 10
29 18 4
29 21 6
29 25 5
29 26 10
30 3 10
30 5 11
30 6 8
30 7 1
30 9 11
30 11 1
30 12 2
30 13 8
30 14 2
30 15 8
30 17 8
30 19 6
30 21 3
30 22 4
30 24 10
30 25 2
30 27 5
30 28 7
31 0 2
31 4 8
31 7 1
31 8 2
31 9 11
31 11 6
31 14 5
31 15 10
31 17 3
31 18 3
31 20 6
31 21 11
31 25 5
31 26 7
31 27 10
31 28 4
32 2 5
32 3 6
32 4 9
32 6 6
32 7 2
32 8 8
32 9 10
32 10 9
32 11 6
32 12 8
32 13 5
32 15 8
32 16 7
32 17 9
32 18 2
32 23 4
32 25 3
32 26 2
33 1 9
33 2 10
33 4 1
33 6 11
33 7 3
33 9 8
33 15 7
33 21 9
33 24 1
33 25 6
33 26 8
33 27 8
33 30 7
33 31 8
33 32 2
34 0 11
34 5 11
34 6 6
34 11 8
34 12 6
34 16 8
34 17 7
34 18 1
34 19 1
34 20 11
34 23 9
34 25 8
34 27 10
34 28 2
34 29 1
34 30 1
34 31 4
35 4 2
35 6 3
35 7 5
35 8 5
35 11 7
35 14 8
35 15 8
35 18 2
35 20 11
35 22 5
35 24 4
35 25 2
35 28 7
35 29 6
35 32 4
36 0 8
36 1 11
36 2 3
36 3 7
36 4 8
36 5 8
36 6 7
36 7 9
36 8 4
36 11 1
36 12 10
36 13 2
36 18 6
36 19 10
36 22 10
36 26 11
36 28 2
36 30 4
36 31 3
36 34 7
37 1 3
37 2 4
37 3 10
37 6 2
37 9 11
37 11 5
37 13 2
37 14 2
37 15 4
37 16 7
37 17 4
37 18 4
37 20 5
37 22 3
37 25 3
37 27 1
37 30 8
37 32 10
37 33 10
37 34 5
37 36 9
38 0 8
38 1 3
38 2 5
38 3 11
38 4 11
38 5 2
38 6 11
38 7 8
38 10 9
38 15 10
38 16 2
38 17 10
38 18 10
38 22 8
38 23 8
38 29 6
38 31 4
38 32 8
38 34 11
38 35 5
39 1 1
39 4 10
39 8 1
39 12 10
39 18 5
39 21 2
39 22 1
39 23 5
39 26 4
39 29 8
39 30 11
39 31 3
39 34 5
39 35 7
39 37 4
39 38 6
40 0 2
40 1 7
40 4 9
40 5 3
40 6 3
40 10 1
40 12 9
40 13 8
40 14 8
40 15 1
40 22 11
40 23 6
40 28 11
40 29 11
40 30 4
40 38 2
41 0 9
41 1 6
41 2 3
41 3 1
41 4 3
41 6 11
41 9 8
41 11 9
41 12 7
41 13 3
41 14 6
41 23 4
41 28 4
41 29 1
41 31 2
41 32 11
41 33 7
41 36 10
41 37 2
42 0 9
42 1 4
42 2 9
42 4 3
42 5 1
42 7 2
42 8 4
42 10 10
42 11 8
42 14 11
42 17 5
42 18 10
42 20 7
42 22 11
42 25 11
42 29 5
42 30 7
42 33 5
42 39 1
42 40 11
43 0 8
43 1 2
43 2 9
43 5 9
43 6 3
43 9 3
43 10 9
43 11 1
43 12 6
43 15 8
43 16 3
43 20 1
43 26 10
43 28 3
43 29 1
43 36 3
43 37 7
43 40 10
44 0 10
44 1 2
44 6 1
44 9 10
44 11 3
44 12 7
44 15 8
44 20 5
44 21 3
44 22 6
44 24 2
44 27 10
44 31 9
44 34 5
44 37 9
44 38 7
45 1 1
45 2 8
45 3 10
45 4 10
45 5 9
45 8 7
45 10 2
45 15 5
45 17 4
45 20 3
45 25 4
45 28 5
45 29 3
45 31 11
45 32 8
45 33 1
45 37 6
45 38 3
45 39 5
45 40 8
45 41 11
45 42 2
45 44 7
46 0 7
46 2 8
46 4 10
46 6 10
46 8 6
46 9 4
46 13 8
46 14 10
46 15 7
46 17 10
46 18 7
46 19 5
46 23 8
46 25 11
46 27 1
46 28 10
46 31 1
46 32 10
46 33 4
46 36 3
46 37 5
46 39 3
46 40 4
46 41 9
46 42 1
46 43 5
46 44 6
46 45 4
47 1 8
47 2 6
47 3 11
47 4 10
47 5 9
47 6 2
47 7 3
47 9 3
47 11 3
47 14 3
47 16 2
47 18 11
47 21 1
47 23 6
47 24 2
47 26 7
47 27 5
47 32 2
47 33 8
47 34 3
47 35 5
47 36 1
47 42 1
47 43 3
47 44 5
47 46 2
48 0 8
48 3 5
48 4 10
48 5 3
48 6 11
48 7 1
48 8 3
48 9 6
48 10 8
48 12 8
48 17 6
48 18 11
48 19 9
48 23 11
48 26 8
48 27 7
48 30 8
48 31 8
48 34 7
48 35 3
48 37 11
48 40 10
49 4 10
49 6 11
49 8 10
49 9 9
49 10 9
49 12 1
49 13 4
49 19 3
49 20 2
49 22 8
49 23 3
49 24 1
49 25 7
49 26 5
49 30 8
49 33 5
49 35 7
49 37 6
49 39 9
49 42 10
49 43 7
49 45 5
49 46 3
49 48 11
50 0 10
50 1 9
50 2 1
50 4 4
50 7 11
50 8 9
50 9 11
50 11 10
50 12 11
50 13 11
50 14 2
50 15 8
50 19 9
50 20 9
50 22 7
50 24 4
50 27 7
50 28 6
50 30 8
50 31 2
50 32 4
50 33 4
50 35 5
50 36 6
50 38 6
50 39 5
50 42 7
50 43 6
50 45 4
50 46 3
50 48 11
51 2 3
51 3 4
51 4 11
51 5 7
51 6 2
51 7 10
51 9 11
51 11 4
51 12 9
51 15 2
51 16 11
51 18 11
51 20 6
51 21 2
51 22 4
51 23 4
51 24 10
51 27 4
51 28 6
51 29 10
51 30 6
51 31 2
51 32 8
51 36 6
51 37 1
51 38 7
51 45 7
51 46 8
51 49 10
51 50 9
52 1 2
52 2 11
52 3 2
52 4 1
52 5 2
52 6 11
52 11 8
52 13 11
52 14 10
52 15 4
52 23 2
52 24 2
52 25 6
52 26 2
52 28 11
52 36 10
52 39 9
52 40 7
52 41 1
52 42 4
52 44 10
52 45 5
52 46 4
52 47 9
52 49 8
53 0 4
53 2 5
53 3 7
53 5 10
53 6 6
53 7 1
53 8 7
53 11 11
53 13 11
53 14 3
53 16 9
53 17 8
53 23 11
53 28 2
53 29 6
53 30 11
53 34 5
53 36 4
53 37 11
53 39 3
53 40 4
53 44 4
53 46 5
53 48 2
53 49 10
53 52 7
54 0 5
54 1 11
54 3 4
54 7 6
54 9 4
54 10 9
54 12 7
54 14 1
54 16 6
54 17 1
54 18 2
54 21 6
54 25 5
54 27 4
54 29 8
54 30 9
54 31 2
54 32 11
54 36 5
54 37 2
54 40 4
54 43 11
54 45 4
54 47 3
54 50 7
54 51 9
54 52 2
55 0 5
55 2 8
55 3 6
55 4 1
55 5 8
55 8 4
55 9 7
55 10 3
55 11 10
55 12 3
55 13 4
55 14 5
55 15 8
55 18 10
55 19 11
55 21 3
55 25 9
55 26 9
55 27 3
55 30 6
55 31 11
55 34 9
55 37 8
55 39 9
55 40 9
55 41 7
55 42 7
55 44 6
55 48 2
55 49 2
55 50 1
55 51 10
56 0 5
56 6 11
56 7 10
56 8 5
56 9 9
56 10 6
56 11 7
56 13 5
56 16 11
56 17 5
56 18 7
56 19 10
56 21 7
56 22 10
56 23 11
56 24 8
56 25 9
56 28 8
56 29 2
56 30 5
56 33 3
56 34 8
56 37 4
56 39 5
56 42 7
56 45 5
56 46 8
56 48 6
56 50 5
56 51 9
56 52 10
56 54 8
56 55 11
57 0 10
57 4 6
57 5 1
57 6 7
57 9 8
57 11 10
57 12 2
57 13 2
57 16 6
57 17 4
57 18 4
57 19 3
57 21 3
57 23 4
57 26 6
57 27 5
57 30 4
57 33 5
57 34 4
57 35 11
57 36 10
57 37 2
57 38 9
57 40 1
57 43 7
57 44 8
57 45 8
57 49 5
57 50 11
57 54 11
57 55 3
57 56 8
58 0 4
58 2 4
58 3 4
58 6 3
58 11 3
58 13 7
58 16 4
58 17 8
58 18 8
58 20 1
58 21 1
58 23 9
58 28 6
58 34 9
58 37 3
58 40 2
58 41 8
58 42 8
58 44 11
58 47 7
58 50 3
58 53 6
59 1 2
59 2 9
59 5 7
59 7 1
59 8 11
59 9 6
59 10 6
59 12 2
59 14 6
59 15 2
59 16 3
59 19 3
59 20 3
59 21 2
59 22 4
59 23 10
59 24 1
59 25 5
59 27 4
59 28 11
59 29 4
59 30 8
59 33 10
59 34 5
59 35 4
59 38 8
59 39 1
59 40 11
59 42 5
59 43 1
59 45 5
59 47 8
59 51 11
59 53 10
59 57 4
