60
3 1 1
4 2 5
5 0 6
5 3 3
6 1 11
6 3 9
7 0 5
7 2 13
7 3 6
7 5 13
8 2 3
8 6 7
9 0 7
9 1 9
9 2 10
9 7 1
9 8 5
10 0 13
10 1 2
10 6 3
10 7 9
10 8 4
11 0 10
11 1 11
11 4 10
11 5 9
11 10 10
12 0 6
12 1 11
12 3 7
12 5 12
12 6 3
12 8 2
12 9 4
12 10 13
12 11 8
13 0 12
13 3 8
13 4 10
13 5 11
13 6 5
13 7 13
13 8 2
13 9 3
13 10 12
13 11 10
14 2 11
14 5 5
14 7 2
14 12 12
14 13 3
15 0 1
15 1 6
15 2 12
15 3 4
15 4 3
15 8 7
15 10 11
15 11 7
15 13 10
16 0 3
16 1 12
16 3 8
16 4 7
16 6 4
16 8 13
16 11 11
16 12 2
16 13 4
16 14 8
17 0 1
17 1 6
17 2 6
17 3 2
17 4 5
17 6 7
17 10 7
17 12 3
17 13 3
17 14 3
18 1 5
18 2 8
18 3 4
18 4 8
18 6 5
18 7 12
18 9 7
18 11 2
18 14 4
18 15 13
19 0 9
19 4 9
19 5 2
19 7 13
19 10 13
19 11 3
19 13 1
19 14 5
19 17 9
20 1 1
20 4 1
20 5 11
20 7 2
20 8 4
20 9 11
20 10 12
20 12 6
20 13 1
20 14 7
20 18 13
20 19 10
21 3 12
21 4 12
21 6 8
21 10 13
21 15 12
21 18 13
22 0 7
22 8 6
22 9 10
22 10 2
22 12 13
22 13 5
22 15 7
23 0 11
23 1 13
23 2 7
23 4 10
23 6 1
23 8 7
23 10 6
23 12 6
23 16 11
23 18 8
23 19 1
23 22 6
24 1 11
24 2 6
24 6 7
24 11 3
24 14 11
24 16 2
24 19 6
24 22 9
25 1 11
25 2 11
25 5 9
25 6 7
25 7 11
25 9 12
25 11 1
25 12 2
25 13 10
25 14 4
25 15 3
25 17 6
25 18 1
25 19 9
25 22 3
25 23 1
26 0 9
26 2 6
26 6 6
26 7 6
26 10 12
26 11 2
26 13 4
26 16 1
26 17 7
26 18 4
26 19 10
26 20 10
26 21 2
26 24 2
27 0 11
27 2 9
27 4 4
27 7 9
27 9 6
27 12 4
27 14 6
27 15 10
27 18 9
27 21 5
28 0 2
28 1 7
28 2 12
28 3 12
28 7 7
28 10 6
28 12 5
28 15 12
28 16 10
28 23 9
28 24 5
28 26 4
28 27 2
29 4 1
29 5 8
29 6 6
29 10 7
29 12 10
29 13 5
29 17 1
29 20 3
29 21 10
29 25 10
29 26 7
29 27 8
30 2 1
30 5 2
30 8 11
30 10 5
30 11 13
30 12 4
30 14 1
30 15 8
30 17 5
30 21 4
30 24 9
31 1 7
31 6 3
31 10 12
31 11 8
31 13 5
31 14 7
31 16 2
31 17 1
31 26 11
31 28 10
31 29 7
31 30 13
32 0 4
32 1 8
32 3 3
32 4 7
32 5 1
32 6 13
32 7 3
32 10 5
32 12 7
32 14 3
32 15 1
32 16 1
32 18 6
32 21 7
32 22 4
32 24 11
32 25 10
32 27 7
32 28 8
32 29 13
32 30 11
32 31 11
33 0 2
33 2 13
33 4 10
33 5 2
33 9 7
33 11 12
33 13 3
33 14 11
33 17 4
33 18 7
33 20 1
33 21 5
33 23 9
33 24 1
33 25 3
33 30 9
33 31 5
34 1 7
34 4 6
34 5 2
34 9 10
34 10 7
34 13 9
34 14 8
34 15 9
34 16 7
34 18 8
34 21 4
34 22 10
34 23 3
34 24 13
34 25 5
34 27 9
34 31 13
34 32 13
35 0 3
35 3 7
35 7 11
35 8 2
35 10 5
35 13 1
35 14 1
35 16 13
35 17 11
35 19 3
35 20 11
35 22 4
35 23 12
35 24 8
35 25 2
35 32 6
35 34 2
36 0 8
36 1 9
36 2 7
36 4 8
36 7 13
36 9 2
36 11 2
36 13 9
36 17 10
36 18 10
36 19 2
36 21 1
36 25 13
36 27 11
36 30 5
36 32 7
36 33 2
36 34 9
36 35 2
37 1 5
37 3 8
37 4 13
37 6 6
37 8 8
37 11 1
37 12 2
37 13 2
37 14 5
37 15 11
37 17 3
37 18 1
37 19 9
37 20 12
37 21 13
37 22 7
37 23 8
37 24 11
37 29 3
37 30 11
37 31 12
37 33 5
37 35 4
38 0 9
38 1 12
38 4 1
38 6 10
38 8 11
38 11 8
38 12 3
38 13 12
38 14 6
38 15 8
38 16 10
38 18 13
38 20 1
38 21 1
38 24 9
38 27 1
38 29 10
38 30 2
38 31 10
38 33 13
38 34 1
38 35 2
39 1 6
39 2 8
39 5 3
39 6 4
39 9 12
39 11 9
39 15 1
39 16 2
39 17 4
39 18 10
39 21 3
39 22 12
39 26 13
39 27 7
39 29 2
39 33 5
39 34 1
39 36 13
40 0 4
40 5 2
40 7 6
40 9 8
40 12 7
40 14 8
40 16 6
40 17 3
40 21 8
40 22 1
40 26 5
40 29 12
40 30 1
40 31 12
40 34 11
40 35 8
40 36 8
40 39 11
41 0 9
41 2 9
41 4 3
41 6 8
41 8 10
41 11 6
41 13 5
41 18 4
41 19 8
41 22 12
41 25 10
41 27 4
41 29 4
41 34 2
41 35 6
41 36 7
41 37 6
41 39 4
41 40 9
42 0 3
42 5 8
42 6 9
42 9 13
42 10 2
42 12 9
42 15 9
42 16 3
42 20 12
42 22 10
42 23 10
42 24 5
42 25 9
42 26 11
42 27 12
42 31 6
42 33 13
42 37 4
42 39 5
43 3 11
43 5 5
43 8 3
43 10 7
43 11 7
43 12 6
43 13 12
43 15 8
43 16 13
43 17 6
43 29 12
43 30 3
43 33 11
43 34 13
43 36 8
43 38 13
44 1 13
44 2 10
44 3 9
44 7 12
44 8 8
44 10 11
44 11 3
44 12 5
44 13 11
44 16 7
44 19 7
44 20 6
44 22 12
44 23 7
44 25 3
44 26 1
44 28 11
44 31 10
44 32 1
44 36 8
44 37 8
44 39 13
44 40 6
45 2 8
45 5 3
45 6 12
45 8 3
45 9 2
45 10 8
45 12 6
45 15 5
45 17 7
45 20 7
45 22 13
45 24 8
45 25 10
45 27 4
45 28 4
45 32 5
45 33 8
45 39 8
45 41 8
45 43 11
45 44 10
46 1 2
46 2 12
46 4 7
46 6 4
46 7 8
46 11 6
46 12 11
46 13 8
46 14 7
46 15 2
46 16 9
46 17 12
46 18 8
46 20 4
46 25 5
46 30 6
46 31 13
46 32 4
46 33 2
46 39 5
46 40 3
46 42 3
46 43 13
46 44 8
46 45 11
47 3 7
47 5 6
47 6 8
47 7 10
47 9 1
47 19 3
47 20 2
47 22 6
47 23 13
47 24 4
47 25 11
47 28 3
47 29 5
47 31 11
47 32 5
47 33 12
47 34 9
47 36 13
47 37 10
47 40 2
47 41 8
47 43 11
47 45 4
48 0 4
48 1 1
48 4 7
48 8 11
48 10 13
48 12 13
48 14 5
48 18 12
48 19 7
48 20 4
48 21 10
48 23 2
48 25 8
48 27 4
48 29 11
48 30 3
48 31 13
48 32 2
48 36 3
48 39 11
48 40 12
48 41 2
48 43 11
48 44 4
48 45 4
48 46 5
48 47 13
49 0 13
49 1 12
49 4 10
49 6 6
49 8 1
49 14 8
49 15 9
49 16 9
49 20 12
49 21 2
49 23 9
49 26 12
49 28 10
49 29 5
49 32 11
49 33 1
49 35 6
49 38 7
49 42 5
49 43 10
49 44 8
49 46 4
50 0 11
50 1 7
50 8 8
50 9 13
50 10 6
50 11 4
50 15 2
50 16 6
50 19 11
50 23 6
50 24 4
50 26 7
50 27 8
50 29 8
50 31 5
50 32 11
50 33 6
50 42 6
50 43 11
50 48 7
50 49 8
51 0 2
51 1 5
51 2 6
51 5 12
51 6 13
51 7 10
51 9 7
51 10 12
51 12 8
51 15 7
51 16 8
51 18 5
51 23 7
51 24 6
51 26 2
51 27 10
51 29 7
51 32 9
51 33 11
51 34 3
51 35 11
51 37 10
51 38 11
51 40 11
51 41 6
51 42 3
51 43 7
51 44 12
51 46 10
51 47 1
51 50 4
52 2 3
52 3 4
52 4 4
52 7 1
52 8 4
52 9 10
52 11 12
52 12 2
52 15 6
52 16 11
52 18 2
52 22 9
52 23 6
52 24 7
52 25 1
52 26 10
52 28 1
52 29 6
52 32 9
52 35 13
52 36 10
52 38 6
52 40 12
52 41 10
52 44 2
52 48 7
52 49 1
52 51 1
53 4 6
53 7 2
53 8 4
53 9 9
53 10 12
53 11 11
53 12 9
53 13 10
53 14 8
53 15 8
53 17 3
53 18 11
53 20 7
53 23 10
53 24 4
53 26 9
53 27 1
53 33 13
53 34 8
53 35 11
53 40 8
53 45 1
53 46 4
53 52 11
54 0 5
54 1 11
54 2 3
54 6 13
54 7 3
54 8 10
54 9 4
54 11 1
54 12 8
54 16 1
54 17 10
54 18 4
54 21 5
54 23 12
54 24 1
54 25 2
54 26 2
54 28 6
54 29 7
54 33 12
54 35 8
54 36 1
54 38 4
54 39 2
54 40 5
54 41 2
54 43 13
54 44 10
54 45 6
54 48 3
54 49 5
54 51 2
54 53 7
55 1 2
55 2 5
55 4 11
55 5 3
55 7 3
55 8 1
55 11 1
55 12 4
55 13 3
55 14 8
55 15 2
55 18 2
55 20 5
55 22 3
55 25 6
55 26 5
55 28 12
55 29 13
55 30 9
55 32 4
55 36 7
55 37 12
55 41 8
55 42 9
55 48 10
55 54 5
56 3 8
56 5 10
56 8 13
56 11 11
56 15 3
56 16 8
56 18 10
56 19 8
56 22 11
56 23 11
56 24 12
56 25 11
56 29 1
56 32 7
56 33 3
56 34 7
56 35 11
56 36 5
56 37 11
56 41 7
56 42 7
56 45 8
56 47 5
56 53 6
56 55 11
57 0 8
57 1 13
57 3 9
57 4 10
57 5 5
57 7 2
57 8 1
57 11 12
57 15 8
57 16 9
57 17 3
57 18 5
57 19 1
57 20 11
57 21 5
57 23 4
57 24 7
57 27 6
57 28 3
57 30 8
57 31 7
57 34 2
57 35 10
57 36 7
57 37 1
57 38 13
57 39 7
57 42 4
57 44 11
57 49 3
57 51 10
57 52 13
57 53 11
57 55 2
58 2 3
58 4 7
58 5 11
58 7 11
58 9 12
58 10 7
58 11 4
58 12 11
58 14 5
58 18 8
58 19 2
58 20 9
58 21 13
58 22 11
58 24 5
58 25 2
58 27 8
58 29 9
58 33 13
58 34 1
58 36 10
58 37 2
58 38 7
58 39 1
58 41 3
58 44 5
58 49 11
58 53 2
58 54 4
58 57 7
59 0 1
59 2 7
59 6 13
59 7 9
59 12 11
59 13 4
59 14 4
59 16 1
59 17 5
59 26 5
59 30 1
59 32 2
59 33 9
59 34 4
59 35 3
59 38 11
59 41 8
59 45 3
59 47 6
59 49 2
59 50 3
59 54 6
59 58 4
