40
1 0 1
2 1 5
3 1 1
4 2 1
5 3 2
6 0 2
6 1 2
7 0 4
7 6 1
8 1 5
8 2 3
8 4 2
8 6 1
8 7 2
9 4 5
9 7 2
9 8 5
10 0 3
10 1 4
10 5 3
10 7 2
11 0 6
11 2 1
11 3 1
11 7 2
11 8 4
11 9 6
12 2 6
12 9 6
13 0 5
13 1 4
13 4 3
13 5 2
13 10 5
13 11 6
13 12 3
14 0 4
14 1 2
14 4 3
14 6 3
14 8 4
14 9 2
14 11 2
14 12 4
15 1 6
15 2 5
15 3 6
15 4 4
15 5 3
15 7 5
16 0 1
16 2 4
16 3 2
16 4 3
16 5 1
16 8 2
16 13 4
16 14 6
16 15 4
17 1 3
17 2 5
17 3 3
17 4 3
17 5 5
17 6 5
17 7 1
17 8 6
17 11 4
17 12 5
17 13 5
17 14 6
17 15 3
17 16 6
18 2 3
18 3 2
18 5 2
18 7 5
18 12 4
18 13 6
18 14 6
18 16 1
19 0 5
19 1 1
19 5 5
19 6 5
19 8 3
19 9 4
19 11 1
19 12 4
19 13 1
19 17 3
20 0 6
20 2 1
20 4 5
20 5 2
20 8 3
20 10 3
20 11 4
20 13 1
20 14 5
20 17 1
21 2 4
21 3 4
21 8 4
21 10 2
21 11 5
21 13 3
21 15 6
21 16 4
21 17 3
21 19 4
21 20 1
22 0 2
22 2 1
22 7 4
22 9 2
22 10 6
22 12 6
22 13 1
22 14 5
22 15 6
22 16 6
22 17 5
22 18 5
22 20 6
23 2 6
23 3 4
23 6 3
23 7 2
23 8 6
23 9 5
23 12 2
23 13 3
23 14 4
23 15 5
23 16 4
23 17 4
23 18 3
23 19 2
23 21 1
23 22 1
24 1 6
24 2 5
24 3 1
24 4 6
24 5 5
24 9 4
24 12 4
24 21 4
24 22 3
24 23 4
25 1 1
25 2 4
25 4 5
25 5 6
25 8 2
25 12 1
25 13 1
25 14 2
25 16 4
25 17 2
25 18 4
25 21 4
26 2 2
26 4 4
26 6 6
26 7 2
26 9 3
26 10 2
26 13 5
26 16 1
26 21 3
26 22 3
26 23 4
27 1 2
27 2 6
27 3 5
27 4 5
27 8 6
27 10 6
27 11 1
27 13 4
27 14 2
27 16 4
27 18 2
27 21 5
27 22 6
27 23 3
27 24 3
27 25 1
27 26 4
28 0 2
28 3 3
28 5 1
28 6 4
28 7 5
28 10 3
28 12 4
28 13 2
28 14 3
28 15 6
28 16 6
28 19 6
28 21 6
28 22 2
28 23 2
28 24 2
28 26 1
28 27 4
29 1 1
29 3 4
29 4 5
29 8 5
29 9 6
29 10 4
29 13 1
29 14 1
29 15 3
29 17 6
29 20 5
29 22 6
29 23 4
29 25 3
29 26 1
30 4 5
30 5 2
30 8 3
30 9 6
30 11 3
30 13 3
30 16 6
30 17 1
30 18 5
30 20 4
30 21 3
30 22 5
30 25 3
30 27 4
30 28 4
30 29 5
31 0 5
31 5 4
31 7 2
31 8 2
31 9 5
31 13 2
31 14 3
31 15 6
31 22 4
31 25 6
31 26 4
31 27 5
31 28 5
32 0 4
32 1 2
32 2 4
32 3 4
32 4 1
32 6 1
32 9 2
32 10 3
32 11 2
32 12 1
32 13 3
32 15 5
32 17 3
32 23 3
32 24 5
32 25 2
32 27 1
32 31 4
33 0 4
33 1 1
33 2 4
33 5 5
33 6 6
33 7 4
33 12 5
33 13 1
33 16 3
33 17 2
33 19 4
33 21 2
33 24 6
33 26 5
33 27 3
33 28 1
33 29 5
34 2 5
34 4 3
34 7 2
34 8 6
34 10 1
34 12 6
34 15 4
34 17 5
34 20 4
34 21 5
34 22 3
34 25 1
34 27 4
34 28 5
34 29 1
34 33 4
35 1 2
35 5 5
35 6 3
35 7 3
35 13 1
35 14 1
35 16 3
35 20 3
35 23 4
35 25 6
35 26 5
35 28 5
36 0 3
36 1 6
36 2 3
36 3 1
36 4 1
36 5 2
36 8 6
36 11 4
36 12 4
36 15 2
36 17 3
36 20 5
36 21 6
36 23 6
36 25 2
36 26 5
36 28 1
36 30 3
36 31 1
36 32 1
36 34 2
36 35 2
37 0 4
37 2 2
37 4 2
37 5 3
37 7 3
37 9 2
37 10 6
37 12 1
37 14 2
37 15 1
37 16 2
37 20 5
37 21 5
37 23 4
37 24 3
37 26 5
37 27 6
37 29 4
37 33 1
37 34 2
37 36 3
38 0 6
38 1 5
38 2 3
38 3 6
38 6 1
38 7 2
38 9 3
38 10 2
38 11 1
38 12 1
38 13 4
38 14 3
38 15 5
38 16 3
38 17 3
38 20 5
38 21 2
38 23 6
38 24 2
38 27 4
38 29 3
38 31 2
38 35 2
38 37 6
39 0 6
39 4 4
39 6 1
39 15 6
39 17 2
39 18 2
39 20 2
39 21 6
39 22 4
39 24 1
39 25 3
39 27 3
39 28 5
39 29 6
39 30 2
39 33 5
39 34 1
39 35 4
39 36 2
39 37 1
39 38 1
