60
1 0 3
3 1 5
4 0 2
4 2 8
4 3 1
5 0 3
5 2 4
5 3 1
6 1 1
6 3 1
6 4 8
7 1 3
7 2 3
7 5 7
7 6 7
8 0 3
8 1 5
8 2 2
8 4 2
8 6 8
8 7 8
9 0 6
9 4 4
9 7 4
10 2 3
10 4 2
10 5 6
11 0 7
11 1 3
11 3 2
11 5 2
11 9 7
12 1 7
12 4 8
12 6 1
12 9 3
13 4 7
13 7 4
13 11 6
14 0 2
14 1 7
14 5 4
14 7 4
14 8 7
14 13 3
15 0 1
15 1 1
15 4 4
15 6 3
15 11 7
16 0 3
16 8 1
16 9 8
16 10 1
16 11 8
16 12 3
16 14 7
17 1 3
17 3 1
17 5 7
17 8 5
17 9 8
17 11 8
17 12 1
17 13 5
18 1 2
18 4 7
18 5 8
18 8 7
18 9 5
18 10 5
18 11 8
18 14 7
19 0 2
19 1 5
19 2 8
19 4 5
19 6 4
19 8 1
19 9 4
19 10 7
19 14 8
19 18 3
20 0 7
20 2 5
20 5 6
20 9 4
20 11 3
20 14 2
20 16 5
20 18 1
20 19 2
21 0 8
21 5 1
21 9 1
21 10 6
21 11 3
21 13 1
21 14 4
21 16 2
21 18 6
21 20 7
22 0 4
22 1 1
22 2 4
22 6 8
22 7 1
22 9 8
22 12 4
23 0 3
23 1 3
23 2 4
23 4 5
23 6 5
23 7 4
23 11 8
23 12 6
23 14 2
23 16 6
23 18 2
23 20 8
23 22 4
24 0 2
24 2 7
24 3 8
24 8 1
24 10 6
24 11 4
24 14 5
24 18 5
24 20 3
24 22 2
25 1 4
25 2 7
25 3 4
25 6 5
25 11 1
25 13 7
25 23 8
26 3 2
26 4 8
26 5 4
26 7 1
26 9 6
26 11 4
26 13 4
26 14 5
26 18 4
26 21 5
26 25 2
27 1 6
27 2 7
27 3 2
27 5 7
27 9 8
27 11 5
27 13 2
27 14 6
27 15 6
27 17 6
27 18 1
27 19 3
27 20 2
27 22 3
27 23 1
27 25 2
27 26 3
28 2 8
28 8 7
28 10 3
28 12 7
28 13 5
28 14 1
28 17 1
28 18 1
28 19 8
28 21 5
28 22 3
28 26 8
29 1 6
29 2 3
29 5 3
29 6 3
29 7 4
29 8 7
29 9 6
29 11 1
29 12 1
29 13 5
29 14 5
29 16 1
29 17 3
29 18 5
29 23 8
29 28 7
30 1 1
30 4 7
30 5 4
30 7 5
30 8 6
30 9 4
30 11 5
30 12 6
30 13 7
30 16 6
30 20 1
30 23 7
30 24 4
30 26 4
30 28 2
31 1 1
31 2 2
31 5 7
31 6 4
31 7 5
31 8 1
31 9 8
31 10 8
31 11 7
31 15 7
31 16 3
31 18 6
31 19 2
31 20 4
31 22 2
31 23 3
31 24 8
31 26 5
31 27 1
31 28 8
31 29 2
31 30 2
32 0 6
32 3 7
32 5 5
32 7 2
32 8 1
32 10 2
32 12 5
32 14 3
32 15 1
32 17 5
32 18 5
32 20 3
32 23 1
32 25 1
32 27 2
32 28 6
32 30 5
32 31 7
33 1 6
33 2 5
33 5 8
33 6 4
33 7 1
33 9 5
33 10 4
33 11 2
33 13 7
33 14 4
33 15 2
33 17 1
33 19 6
33 20 1
33 29 1
33 30 7
33 31 7
34 0 4
34 1 7
34 2 7
34 4 6
34 5 8
34 6 7
34 9 2
34 10 1
34 11 5
34 14 4
34 15 3
34 17 7
34 18 3
34 19 8
34 20 4
34 21 7
34 22 7
34 28 6
34 31 7
34 32 5
34 33 5
35 0 2
35 5 6
35 7 7
35 9 1
35 10 8
35 14 7
35 16 8
35 20 6
35 21 5
35 23 6
35 26 3
35 28 3
35 29 2
35 31 1
35 32 6
35 33 1
35 34 5
36 1 8
36 2 2
36 5 2
36 7 6
36 10 5
36 11 7
36 13 7
36 14 7
36 15 3
36 16 4
36 20 2
36 21 8
36 22 4
36 23 1
36 24 8
36 25 4
36 26 3
36 27 3
36 28 8
36 31 7
36 33 7
37 0 6
37 6 2
37 9 7
37 16 2
37 20 2
37 22 2
37 24 7
37 28 1
37 32 8
37 33 6
37 34 8
38 0 2
38 2 4
38 7 2
38 9 3
38 10 7
38 12 2
38 13 8
38 14 1
38 15 6
38 16 6
38 19 7
38 20 7
38 21 5
38 22 4
38 23 6
38 24 5
38 26 8
38 28 8
38 32 8
38 33 2
38 34 2
39 1 7
39 2 6
39 3 8
39 4 8
39 6 1
39 11 2
39 15 3
39 17 4
39 18 6
39 20 4
39 22 8
39 23 6
39 24 3
39 27 6
39 30 2
39 31 7
39 34 2
39 35 7
39 36 3
39 37 7
40 0 1
40 1 1
40 2 5
40 3 2
40 6 5
40 9 3
40 10 1
40 11 3
40 13 1
40 14 3
40 18 2
40 19 1
40 20 1
40 22 2
40 23 6
40 24 6
40 25 2
40 26 2
40 27 2
40 28 8
40 33 6
40 35 8
40 36 5
40 38 3
41 0 2
41 1 2
41 2 2
41 10 4
41 12 2
41 13 4
41 17 6
41 18 3
41 19 4
41 21 5
41 22 1
41 27 8
41 30 3
41 31 2
41 37 6
42 0 6
42 1 8
42 2 3
42 4 7
42 7 1
42 8 1
42 12 8
42 14 4
42 15 3
42 17 7
42 18 3
42 22 4
42 23 6
42 24 3
42 28 6
42 29 8
42 31 1
42 32 3
42 33 4
42 34 8
42 39 6
42 41 4
43 1 5
43 3 7
43 4 8
43 8 1
43 9 1
43 14 2
43 17 1
43 19 1
43 21 2
43 22 7
43 24 6
43 25 3
43 26 4
43 27 4
43 29 6
43 30 6
43 32 8
43 38 6
43 41 3
43 42 2
44 1 4
44 6 8
44 7 2
44 8 5
44 9 8
44 11 3
44 14 5
44 17 7
44 19 1
44 21 1
44 22 1
44 23 2
44 24 8
44 25 6
44 29 6
44 30 1
44 32 8
44 33 4
44 34 5
44 35 7
44 38 7
44 41 4
44 43 1
45 2 2
45 3 7
45 4 8
45 7 7
45 13 8
45 18 8
45 19 4
45 21 8
45 23 5
45 25 3
45 28 4
45 30 4
45 33 3
45 35 4
45 40 8
45 41 4
45 42 4
45 43 7
45 44 4
46 1 1
46 2 7
46 11 4
46 12 7
46 13 5
46 15 7
46 16 3
46 19 1
46 20 3
46 25 6
46 26 2
46 27 6
46 28 7
46 30 8
46 31 5
46 33 6
46 34 8
46 35 2
46 36 6
46 37 5
46 38 3
46 40 7
46 43 7
46 44 5
46 45 8
47 1 5
47 5 7
47 11 1
47 13 6
47 14 5
47 15 5
47 16 3
47 18 6
47 19 4
47 20 3
47 22 6
47 27 5
47 29 3
47 31 8
47 35 3
47 37 3
47 39 8
47 43 8
48 0 2
48 2 3
48 3 5
48 4 2
48 6 6
48 7 7
48 8 7
48 11 4
48 16 5
48 19 3
48 21 2
48 24 5
48 31 8
48 35 8
48 36 6
48 37 6
48 38 4
48 39 2
48 45 4
49 0 3
49 5 7
49 10 7
49 12 4
49 15 2
49 16 4
49 18 3
49 20 8
49 21 5
49 24 1
49 27 3
49 30 4
49 32 1
49 33 2
49 38 1
49 41 6
49 44 6
49 45 1
49 47 4
50 0 3
50 1 1
50 6 4
50 8 1
50 10 7
50 11 5
50 14 5
50 15 3
50 18 7
50 20 5
50 21 7
50 28 6
50 31 3
50 32 1
50 34 8
50 35 5
50 37 3
50 38 4
50 39 6
50 40 6
50 41 5
50 42 6
50 46 6
51 1 2
51 3 6
51 4 2
51 5 4
51 7 2
51 11 5
51 12 3
51 14 3
51 15 1
51 17 2
51 18 5
51 19 1
51 21 3
51 23 7
51 30 2
51 34 6
51 35 1
51 39 2
51 41 4
51 47 3
51 48 1
51 49 1
51 50 8
52 1 5
52 2 5
52 3 6
52 9 4
52 12 2
52 15 6
52 16 3
52 17 7
52 21 1
52 25 1
52 26 2
52 30 3
52 31 8
52 32 7
52 33 5
52 35 8
52 36 6
52 37 1
52 40 1
52 41 6
52 42 7
52 43 1
53 1 2
53 4 5
53 6 1
53 7 8
53 9 5
53 11 3
53 18 3
53 19 8
53 22 8
53 24 1
53 27 7
53 28 2
53 30 1
53 31 5
53 33 1
53 36 6
53 37 6
53 41 5
53 43 8
53 44 5
53 45 5
53 46 2
53 49 6
53 50 2
53 51 1
53 52 8
54 2 2
54 7 1
54 8 5
54 9 2
54 10 3
54 11 2
54 12 5
54 15 3
54 17 6
54 18 6
54 19 3
54 24 3
54 26 7
54 29 2
54 32 2
54 35 3
54 38 5
54 40 2
54 42 4
54 44 5
54 45 5
54 46 7
54 48 8
54 49 1
54 50 3
54 51 5
54 53 5
55 0 4
55 1 8
55 2 2
55 5 6
55 8 5
55 10 5
55 11 7
55 12 4
55 13 7
55 14 1
55 15 3
55 16 6
55 18 8
55 19 3
55 21 1
55 22 4
55 23 2
55 24 1
55 26 1
55 27 5
55 28 1
55 30 5
55 33 4
55 34 7
55 36 8
55 37 2
55 39 8
55 44 2
55 45 1
55 48 8
55 49 3
55 50 2
55 53 3
56 1 4
56 3 8
56 5 7
56 6 8
56 8 2
56 11 2
56 12 6
56 15 5
56 18 7
56 22 1
56 26 1
56 28 2
56 29 1
56 30 4
56 31 8
56 32 6
56 33 2
56 36 5
56 37 2
56 39 5
56 40 8
56 42 1
56 44 6
56 47 7
56 48 5
56 49 2
56 50 1
56 53 4
56 55 5
57 1 4
57 2 3
57 3 8
57 4 6
57 9 3
57 10 8
57 11 5
57 15 2
57 16 6
57 17 5
57 20 1
57 22 5
57 23 4
57 27 6
57 33 7
57 34 6
57 35 3
57 36 1
57 46 1
57 47 2
57 48 5
57 49 1
57 51 3
57 54 4
57 55 7
58 1 6
58 2 5
58 6 3
58 9 5
58 11 5
58 15 6
58 19 7
58 20 4
58 21 6
58 22 8
58 23 1
58 31 2
58 33 3
58 34 3
58 38 6
58 39 1
58 40 2
58 43 6
58 44 8
58 45 8
58 47 8
58 49 3
58 52 4
58 53 5
58 54 3
59 3 7
59 5 8
59 9 8
59 11 6
59 14 7
59 15 4
59 17 3
59 18 7
59 19 3
59 23 2
59 24 7
59 26 6
59 28 6
59 29 4
59 30 2
59 31 3
59 33 7
59 34 1
59 35 3
59 36 5
59 39 8
59 40 6
59 41 7
59 45 5
59 46 8
59 47 6
59 48 7
59 56 8
59 58 8
