70
1 0 13
2 1 3
3 0 12
3 2 5
4 0 11
4 1 13
5 1 5
5 3 2
6 1 6
6 2 7
6 3 3
6 4 3
7 0 6
7 1 11
7 2 8
7 3 2
7 4 1
7 5 11
8 0 1
8 3 4
8 4 3
8 5 12
8 6 8
8 7 6
9 1 7
9 6 3
10 1 11
10 2 2
10 7 1
10 8 7
11 0 11
11 1 1
11 2 10
11 5 3
11 8 9
11 9 5
12 1 11
12 5 9
12 7 2
12 11 10
13 2 13
13 6 10
13 7 8
13 10 12
13 11 13
13 12 12
14 5 6
14 6 7
14 8 7
14 9 9
14 10 7
14 11 4
14 12 13
15 0 8
15 1 11
15 5 1
15 6 13
16 0 9
16 3 4
16 4 13
16 5 6
16 7 5
16 12 2
16 15 9
17 0 10
17 3 3
17 4 9
17 5 3
17 6 6
17 7 13
17 8 10
17 9 12
17 11 3
17 16 5
18 1 9
18 2 5
18 6 7
18 9 7
18 10 4
18 12 5
18 16 6
19 2 3
19 3 11
19 5 1
19 7 6
19 8 6
19 9 5
19 12 11
19 18 12
20 0 1
20 1 1
20 3 7
20 8 13
20 10 5
20 12 12
20 13 7
20 14 6
20 15 2
20 17 1
20 19 1
21 2 8
21 6 11
21 7 4
21 11 4
21 16 10
21 19 10
22 1 9
22 2 11
22 7 9
22 8 12
22 9 6
22 14 6
22 16 10
22 21 11
23 1 3
23 2 9
23 3 13
23 4 1
23 5 1
23 6 12
23 7 1
23 12 12
23 13 1
23 14 11
23 16 10
23 17 4
23 18 12
23 19 10
23 20 1
24 1 6
24 2 4
24 5 12
24 7 11
24 9 6
24 12 12
24 13 7
24 14 12
24 18 12
24 19 7
24 22 1
24 23 6
25 1 6
25 3 10
25 7 3
25 8 11
25 9 3
25 11 8
25 15 10
25 18 8
25 22 10
25 24 2
26 0 3
26 2 5
26 4 2
26 5 2
26 6 8
26 8 7
26 9 1
26 10 12
26 11 13
26 12 10
26 13 2
26 14 7
26 16 10
26 20 3
26 21 9
26 22 9
26 23 1
26 24 13
27 1 11
27 2 4
27 3 6
27 4 6
27 5 7
27 8 6
27 9 1
27 10 4
27 11 8
27 15 4
27 16 9
27 17 6
27 18 7
27 19 2
27 20 8
27 21 4
27 22 2
27 25 3
28 2 13
28 3 10
28 4 3
28 7 9
28 8 8
28 9 1
28 10 2
28 15 3
28 16 10
28 17 9
28 19 11
28 20 2
28 21 6
28 23 1
28 25 3
28 27 6
29 0 6
29 2 3
29 3 10
29 4 9
29 5 8
29 7 3
29 9 10
29 10 8
29 12 11
29 13 9
29 14 4
29 15 13
29 16 8
29 17 2
29 19 6
29 20 3
29 21 13
29 22 6
29 24 2
29 25 1
29 26 2
30 0 11
30 2 12
30 4 9
30 5 12
30 9 3
30 10 2
30 11 8
30 12 9
30 14 4
30 15 5
30 17 12
30 20 13
30 23 9
30 24 11
30 28 2
30 29 6
31 4 8
31 5 10
31 9 3
31 12 5
31 14 8
31 15 4
31 16 7
31 17 11
31 18 11
31 19 6
31 24 8
31 25 7
31 27 3
31 30 6
32 0 3
32 1 8
32 3 1
32 4 12
32 6 12
32 7 7
32 9 9
32 11 2
32 12 13
32 18 11
32 20 7
32 21 7
32 22 13
32 24 4
32 25 11
32 26 7
32 30 4
32 31 4
33 2 3
33 3 9
33 5 1
33 7 10
33 8 13
33 12 1
33 13 10
33 14 10
33 15 6
33 17 3
33 18 13
33 19 5
33 20 4
33 23 13
33 25 3
33 29 11
33 30 4
33 31 5
33 32 8
34 0 5
34 3 12
34 5 12
34 8 4
34 10 13
34 11 8
34 13 13
34 14 11
34 15 6
34 16 4
34 21 13
34 22 7
34 24 7
34 26 3
34 27 11
34 30 9
35 0 12
35 1 8
35 2 12
35 4 6
35 5 8
35 6 10
35 7 9
35 9 7
35 13 1
35 14 7
35 17 11
35 18 7
35 19 11
35 20 13
35 21 1
35 22 13
35 24 6
35 26 1
35 28 8
35 29 4
35 30 8
35 32 13
35 33 9
36 6 12
36 10 7
36 17 2
36 21 13
36 22 3
36 25 11
36 26 4
36 27 13
36 29 4
36 32 10
36 33 8
36 34 7
36 35 13
37 0 6
37 1 3
37 9 13
37 10 13
37 12 10
37 14 9
37 15 2
37 16 7
37 20 8
37 22 9
37 24 3
37 26 5
37 27 8
37 29 8
37 30 12
37 32 2
37 33 4
37 34 2
38 0 13
38 1 10
38 2 8
38 3 7
38 4 3
38 5 12
38 9 13
38 10 9
38 11 13
38 12 6
38 14 8
38 17 6
38 18 12
38 19 2
38 21 8
38 24 3
38 25 3
38 26 13
38 30 13
38 32 9
38 33 11
38 36 3
38 37 10
39 2 13
39 3 10
39 4 1
39 5 13
39 8 4
39 9 10
39 14 10
39 16 9
39 18 6
39 19 9
39 22 3
39 23 10
39 25 6
39 27 7
39 28 8
39 30 9
39 31 11
39 38 4
40 0 8
40 2 6
40 4 12
40 7 11
40 8 5
40 10 2
40 14 6
40 15 6
40 16 6
40 17 4
40 19 8
40 20 8
40 25 2
40 29 7
40 31 5
40 32 12
40 35 5
40 37 2
40 38 6
40 39 3
41 0 6
41 1 1
41 6 9
41 7 6
41 8 12
41 9 12
41 11 2
41 14 7
41 15 3
41 18 1
41 20 1
41 21 13
41 23 13
41 28 3
41 29 1
41 30 12
41 34 5
41 35 7
41 36 10
41 38 13
42 1 2
42 5 6
42 6 13
42 7 11
42 8 7
42 9 10
42 10 11
42 11 6
42 14 11
42 16 5
42 20 11
42 21 11
42 25 8
42 26 6
42 27 4
42 28 2
42 29 7
42 35 4
42 37 10
42 38 11
42 41 3
43 6 2
43 7 1
43 10 2
43 11 4
43 13 2
43 15 3
43 17 10
43 18 11
43 21 9
43 23 10
43 24 6
43 29 8
43 30 7
43 37 2
43 41 4
44 0 5
44 1 6
44 5 13
44 6 9
44 8 13
44 9 5
44 10 12
44 11 2
44 12 3
44 14 5
44 15 8
44 16 13
44 17 7
44 22 6
44 23 2
44 24 11
44 25 8
44 27 1
44 29 8
44 30 8
44 31 13
44 34 2
44 36 13
44 37 1
44 38 2
44 39 9
44 40 12
44 42 3
45 2 10
45 4 12
45 5 6
45 7 2
45 9 8
45 10 1
45 12 10
45 13 10
45 14 7
45 15 7
45 16 8
45 17 11
45 22 7
45 27 3
45 28 12
45 29 9
45 31 8
45 33 6
45 34 3
45 35 6
45 36 8
45 40 9
45 41 12
45 42 12
45 43 4
45 44 3
46 4 6
46 5 11
46 6 3
46 7 10
46 14 11
46 16 8
46 17 8
46 18 3
46 19 5
46 22 8
46 23 8
46 25 4
46 28 6
46 29 11
46 32 7
46 35 3
46 38 11
46 40 5
46 43 12
46 45 12
47 0 13
47 2 8
47 9 9
47 11 10
47 17 11
47 18 9
47 23 7
47 24 1
47 25 13
47 27 13
47 29 1
47 30 10
47 33 11
47 34 11
47 35 13
47 36 5
47 39 2
47 41 3
47 44 5
47 46 2
48 0 8
48 1 7
48 4 3
48 5 7
48 6 9
48 7 1
48 8 9
48 9 9
48 10 13
48 12 2
48 13 6
48 16 6
48 17 9
48 18 4
48 19 2
48 22 2
48 23 1
48 27 10
48 29 2
48 31 4
48 35 1
48 37 11
48 39 7
48 40 6
48 42 7
48 44 2
48 47 11
49 3 4
49 4 3
49 7 7
49 9 8
49 10 6
49 12 1
49 14 6
49 15 10
49 16 2
49 19 6
49 20 3
49 21 8
49 24 5
49 28 1
49 30 4
49 32 13
49 33 2
49 35 5
49 37 7
49 40 1
49 41 3
49 42 10
49 45 7
49 46 11
50 1 2
50 2 5
50 5 8
50 7 13
50 8 2
50 9 2
50 13 13
50 16 3
50 18 9
50 20 7
50 22 12
50 24 7
50 25 8
50 26 9
50 30 6
50 31 3
50 33 3
50 34 6
50 35 8
50 37 8
50 44 1
50 48 4
51 0 6
51 3 9
51 4 5
51 5 4
51 6 7
51 9 1
51 10 9
51 13 8
51 14 8
51 15 5
51 16 13
51 19 11
51 20 9
51 21 4
51 23 9
51 24 1
51 26 7
51 29 13
51 32 6
51 34 13
51 35 2
51 36 8
51 37 1
51 39 2
51 41 13
51 42 7
51 46 9
51 48 1
51 49 8
51 50 8
52 2 4
52 3 7
52 6 7
52 13 12
52 14 4
52 15 12
52 16 5
52 17 3
52 18 1
52 22 7
52 23 4
52 24 11
52 25 5
52 28 11
52 29 10
52 32 13
52 34 1
52 35 13
52 37 13
52 40 3
52 41 3
52 42 6
52 43 2
52 46 1
52 48 4
52 50 7
52 51 7
53 1 13
53 2 4
53 3 8
53 4 12
53 5 5
53 6 6
53 7 1
53 9 2
53 10 7
53 13 9
53 15 6
53 17 11
53 18 8
53 19 1
53 23 9
53 25 5
53 26 7
53 30 5
53 31 4
53 33 13
53 34 1
53 37 10
53 38 4
53 40 8
53 42 11
53 44 8
53 49 1
53 50 5
53 51 8
54 0 13
54 1 1
54 2 9
54 6 8
54 7 1
54 10 5
54 13 10
54 18 5
54 21 12
54 22 13
54 27 10
54 34 6
54 35 2
54 36 13
54 37 11
54 38 9
54 43 8
54 45 3
54 46 5
54 48 10
54 49 6
54 51 1
54 52 9
55 1 11
55 3 8
55 6 6
55 7 7
55 10 1
55 14 8
55 15 6
55 17 3
55 20 10
55 21 9
55 22 6
55 26 11
55 28 5
55 29 9
55 30 13
55 31 13
55 33 9
55 34 6
55 35 9
55 36 13
55 39 2
55 40 8
55 41 13
55 42 9
55 43 4
55 45 11
55 47 3
55 51 12
55 52 10
55 53 6
55 54 13
56 1 11
56 3 2
56 4 9
56 6 7
56 7 12
56 9 6
56 10 9
56 11 6
56 14 3
56 16 2
56 17 8
56 21 9
56 23 12
56 28 11
56 29 13
56 30 7
56 31 2
56 33 9
56 35 8
56 40 4
56 42 2
56 43 12
56 45 8
56 48 4
56 51 4
56 52 10
56 53 13
56 54 11
56 55 3
57 2 1
57 4 1
57 6 7
57 8 11
57 10 1
57 14 8
57 15 4
57 16 11
57 18 9
57 19 10
57 20 8
57 21 13
57 22 4
57 25 11
57 31 11
57 32 2
57 34 8
57 36 1
57 37 2
57 39 3
57 43 9
57 44 7
57 45 6
57 46 6
57 48 4
57 50 2
57 53 7
57 55 3
57 56 2
58 1 7
58 3 12
58 4 7
58 5 7
58 6 1
58 10 10
58 12 3
58 14 8
58 15 8
58 16 4
58 17 2
58 18 11
58 19 8
58 23 2
58 24 12
58 27 7
58 29 6
58 30 6
58 31 6
58 32 3
58 33 12
58 34 1
58 35 12
58 37 6
58 38 1
58 39 5
58 41 3
58 44 9
58 46 9
58 47 11
58 48 10
58 50 11
58 53 2
58 57 8
59 0 12
59 2 9
59 3 4
59 6 6
59 17 2
59 18 4
59 19 9
59 20 11
59 25 7
59 27 12
59 28 4
59 29 9
59 30 4
59 33 10
59 36 9
59 37 4
59 38 5
59 39 3
59 42 7
59 43 4
59 48 9
59 51 3
59 52 6
59 54 12
59 55 12
59 58 6
60 1 2
60 2 1
60 3 7
60 4 1
60 5 6
60 7 6
60 8 1
60 9 5
60 10 13
60 11 11
60 12 3
60 15 2
60 17 1
60 19 13
60 22 2
60 25 9
60 28 11
60 29 4
60 30 9
60 34 13
60 39 12
60 40 11
60 41 4
60 43 11
60 44 5
60 47 3
60 53 8
60 55 11
60 56 3
61 0 2
61 3 4
61 4 8
61 6 7
61 7 3
61 9 13
61 10 1
61 11 4
61 14 11
61 19 2
61 21 5
61 25 8
61 26 12
61 29 7
61 30 1
61 33 7
61 35 13
61 36 10
61 39 10
61 40 3
61 42 12
61 46 3
61 54 13
61 57 12
61 59 12
61 60 4
62 2 11
62 3 13
62 8 1
62 9 2
62 12 4
62 14 4
62 15 11
62 19 10
62 22 1
62 23 5
62 24 8
62 25 3
62 26 11
62 28 10
62 29 5
62 33 4
62 35 2
62 36 9
62 37 9
62 41 10
62 44 11
62 45 4
62 46 9
62 47 8
62 50 8
62 51 12
62 55 13
62 57 4
62 58 2
62 59 8
62 60 12
63 3 1
63 5 5
63 7 1
63 9 9
63 11 5
63 12 7
63 13 8
63 16 1
63 17 9
63 18 9
63 21 1
63 22 6
63 30 1
63 32 7
63 33 9
63 34 3
63 36 4
63 38 3
63 39 2
63 40 4
63 41 4
63 42 5
63 43 6
63 45 5
63 46 10
63 48 6
63 49 13
63 50 4
63 52 9
63 54 12
63 55 7
63 56 8
63 58 6
63 61 9
64 4 11
64 6 10
64 8 3
64 11 13
64 13 12
64 15 3
64 16 12
64 17 11
64 20 5
64 21 10
64 22 1
64 23 6
64 25 8
64 28 11
64 29 5
64 36 10
64 37 12
64 39 11
64 40 8
64 43 6
64 44 12
64 46 4
64 48 11
64 49 6
64 50 5
64 51 2
64 60 6
64 61 10
64 62 7
64 63 3
65 1 3
65 3 6
65 4 7
65 6 12
65 15 9
65 16 5
65 17 1
65 18 4
65 19 9
65 20 5
65 24 7
65 26 4
65 28 11
65 29 4
65 30 6
65 31 6
65 33 7
65 36 9
65 37 6
65 38 13
65 41 12
65 43 7
65 46 6
65 47 9
65 48 9
65 50 13
65 55 8
65 59 8
65 60 6
65 61 6
65 63 4
65 64 10
66 0 11
66 1 3
66 2 6
66 3 11
66 4 13
66 5 1
66 6 3
66 7 8
66 8 8
66 10 7
66 14 12
66 15 3
66 17 6
66 22 12
66 25 7
66 26 8
66 27 8
66 28 9
66 29 8
66 30 7
66 32 12
66 33 3
66 34 11
66 35 11
66 37 6
66 38 5
66 39 3
66 40 8
66 41 13
66 42 7
66 44 11
66 46 1
66 47 1
66 48 2
66 49 3
66 55 5
66 58 4
66 59 7
66 61 3
66 62 4
66 63 5
66 64 12
67 3 4
67 6 11
67 8 12
67 10 8
67 11 2
67 12 10
67 15 2
67 16 5
67 20 9
67 21 12
67 23 3
67 24 2
67 25 12
67 29 13
67 30 11
67 33 7
67 35 2
67 36 9
67 41 5
67 42 11
67 46 2
67 47 3
67 48 10
67 49 9
67 53 3
67 54 5
67 55 10
67 56 11
67 58 8
67 59 5
67 60 7
67 63 10
67 66 10
68 2 9
68 3 2
68 6 8
68 7 3
68 9 1
68 10 4
68 12 4
68 13 7
68 14 12
68 15 7
68 16 6
68 17 6
68 18 12
68 22 13
68 23 12
68 24 12
68 25 9
68 26 1
68 27 10
68 29 6
68 33 3
68 35 5
68 38 5
68 40 13
68 42 10
68 44 12
68 47 5
68 48 13
68 50 7
68 52 8
68 56 4
68 57 13
68 63 1
68 64 9
68 65 1
68 66 8
68 67 12
69 0 10
69 1 12
69 3 11
69 4 4
69 11 12
69 15 7
69 21 1
69 22 13
69 23 9
69 27 4
69 29 13
69 31 1
69 33 6
69 35 7
69 36 9
69 37 7
69 40 11
69 41 13
69 42 3
69 43 4
69 44 11
69 45 12
69 46 6
69 47 7
69 48 7
69 49 3
69 50 13
69 51 5
69 52 6
69 53 4
69 54 11
69 55 4
69 56 2
69 59 13
69 60 1
69 62 10
69 63 9
69 65 6
69 66 10
69 67 1
69 68 4
