70
1 0 2
2 0 1
2 1 1
3 2 2
4 0 1
4 3 1
5 0 2
5 1 1
6 0 1
6 3 1
6 4 2
7 3 1
7 5 1
7 6 1
8 4 2
8 5 1
8 7 2
9 0 2
9 6 2
9 7 1
9 8 1
10 0 2
10 1 2
10 3 1
11 0 2
11 2 1
11 4 1
11 5 1
11 6 1
11 7 2
11 9 2
11 10 2
12 2 2
12 5 1
12 6 1
12 7 2
12 8 2
12 11 2
13 3 1
13 4 1
13 5 2
13 7 1
13 8 2
13 9 2
13 10 2
13 11 1
14 1 1
14 6 1
14 7 1
14 8 1
14 9 1
14 10 1
14 12 1
14 13 1
15 2 2
15 3 1
15 4 1
15 6 2
15 7 2
15 9 1
15 10 2
15 11 2
15 14 2
16 3 1
16 4 2
16 9 2
16 11 1
16 12 1
17 1 2
17 2 2
17 3 1
17 4 1
17 5 2
17 9 1
17 11 1
17 12 1
17 15 1
18 1 2
18 2 2
18 3 2
18 5 2
18 7 1
18 8 1
18 9 1
18 11 1
18 12 1
18 13 2
18 15 2
19 0 2
19 3 1
19 5 1
19 7 2
19 8 2
19 14 1
19 16 1
19 17 2
19 18 1
20 0 2
20 1 1
20 2 2
20 4 1
20 6 2
20 8 2
20 11 2
20 12 1
20 14 2
20 15 1
20 16 2
20 18 1
21 0 1
21 1 1
21 4 1
21 6 2
21 10 2
21 12 1
22 2 1
22 4 1
22 10 1
22 11 2
22 12 1
22 14 1
22 15 2
22 16 2
22 19 1
23 0 2
23 2 1
23 3 1
23 5 2
23 8 1
23 10 1
23 11 1
23 13 2
23 16 2
23 17 2
23 18 1
23 19 1
23 20 2
24 1 2
24 2 1
24 3 2
24 5 2
24 10 2
24 13 1
24 14 2
24 16 1
24 17 1
24 18 1
24 19 1
24 22 2
25 0 2
25 1 1
25 3 1
25 5 1
25 7 2
25 8 1
25 10 2
25 11 1
25 12 2
25 13 2
25 14 1
25 16 1
25 17 2
25 19 1
25 20 1
25 24 2
26 0 1
26 1 1
26 4 1
26 7 1
26 8 2
26 9 1
26 10 2
26 13 2
26 14 2
26 15 1
26 16 1
26 19 1
26 21 2
26 24 1
27 1 1
27 3 2
27 4 2
27 5 2
27 14 2
27 15 2
27 16 2
27 18 1
27 22 2
27 23 1
27 24 2
27 25 2
28 8 1
28 12 1
28 18 2
28 20 1
28 22 2
28 23 2
28 25 1
28 26 2
29 0 1
29 1 1
29 2 2
29 5 1
29 8 1
29 9 1
29 12 2
29 20 1
30 2 1
30 4 2
30 5 1
30 6 2
30 7 2
30 8 1
30 9 1
30 10 1
30 11 1
30 12 2
30 13 2
30 14 2
30 17 1
30 20 2
30 23 2
30 24 2
30 26 1
30 27 1
31 1 2
31 3 1
31 4 1
31 5 1
31 7 1
31 8 1
31 9 2
31 10 2
31 11 2
31 12 2
31 13 1
31 16 1
31 18 1
31 19 1
31 21 1
31 22 1
31 23 1
31 24 2
31 25 1
31 29 1
32 1 1
32 2 1
32 4 1
32 5 1
32 8 1
32 9 2
32 10 1
32 12 2
32 15 1
32 18 2
32 21 1
32 22 1
32 23 2
32 24 1
32 29 1
32 30 1
32 31 1
33 3 1
33 6 1
33 9 1
33 12 2
33 15 2
33 20 1
33 21 1
33 24 2
33 25 2
33 29 1
33 30 2
33 31 2
34 0 1
34 2 1
34 3 1
34 4 2
34 6 1
34 7 2
34 10 1
34 13 2
34 14 2
34 18 2
34 20 2
34 24 2
34 30 2
34 31 1
34 32 1
35 1 1
35 5 2
35 6 1
35 7 2
35 8 2
35 11 2
35 12 1
35 14 2
35 16 2
35 17 2
35 19 1
35 20 1
35 21 2
35 25 1
35 26 1
35 27 2
35 28 2
35 29 2
35 30 1
35 31 1
35 32 1
35 34 2
36 0 1
36 1 1
36 3 2
36 4 2
36 5 2
36 7 2
36 10 2
36 11 2
36 14 1
36 18 2
36 19 2
36 21 1
36 23 1
36 27 2
36 28 1
36 32 1
36 34 1
36 35 1
37 0 2
37 2 1
37 3 2
37 4 1
37 9 1
37 11 2
37 12 2
37 13 1
37 18 2
37 19 1
37 20 1
37 22 1
37 23 2
37 24 1
37 25 2
37 27 2
37 28 2
37 30 1
37 33 2
37 36 1
38 2 1
38 3 1
38 5 2
38 7 2
38 8 2
38 10 2
38 11 1
38 13 2
38 15 1
38 17 2
38 18 1
38 21 2
38 22 1
38 25 1
38 26 1
38 27 2
38 28 2
38 33 1
38 35 1
38 37 1
39 3 2
39 4 2
39 6 2
39 8 1
39 9 1
39 10 2
39 11 1
39 12 1
39 16 1
39 19 2
39 20 1
39 21 1
39 22 2
39 23 1
39 28 1
39 29 2
39 30 1
39 31 1
39 34 1
39 37 1
39 38 2
40 0 2
40 1 2
40 2 2
40 3 2
40 4 1
40 5 1
40 7 1
40 8 2
40 11 1
40 18 2
40 19 2
40 20 1
40 25 2
40 28 1
40 30 1
40 31 2
40 33 1
40 34 2
40 35 1
40 37 2
41 1 1
41 2 2
41 3 1
41 4 2
41 7 2
41 8 1
41 9 1
41 15 2
41 18 2
41 21 1
41 23 2
41 24 2
41 27 1
41 28 2
41 29 2
41 31 2
41 32 1
41 34 2
41 38 2
42 0 2
42 1 1
42 3 2
42 7 2
42 9 2
42 10 1
42 14 2
42 16 2
42 17 2
42 21 2
42 22 1
42 24 2
42 25 2
42 26 1
42 30 2
42 31 2
42 33 2
42 35 1
42 38 2
43 1 2
43 3 2
43 5 1
43 8 2
43 10 1
43 13 1
43 14 1
43 18 2
43 20 2
43 21 2
43 23 1
43 26 2
43 28 2
43 29 1
43 30 1
43 34 2
43 41 2
43 42 1
44 0 1
44 2 1
44 3 1
44 4 2
44 5 1
44 6 2
44 7 2
44 11 2
44 13 1
44 14 2
44 16 1
44 17 2
44 18 1
44 20 2
44 21 2
44 22 2
44 25 2
44 26 2
44 28 1
44 31 1
44 33 2
44 35 2
44 36 2
44 37 2
44 40 1
44 41 1
45 0 1
45 5 2
45 7 2
45 9 1
45 10 2
45 13 2
45 15 2
45 16 2
45 21 2
45 24 2
45 25 2
45 30 1
45 31 2
45 32 2
45 33 1
45 35 1
45 39 2
45 40 2
45 42 1
45 43 2
46 1 1
46 5 1
46 10 1
46 15 1
46 17 2
46 18 2
46 19 2
46 21 1
46 23 1
46 25 2
46 27 2
46 28 2
46 29 2
46 31 2
46 32 2
46 34 1
46 37 1
46 39 1
46 40 2
46 44 2
47 0 2
47 1 1
47 3 1
47 4 2
47 5 2
47 7 1
47 8 1
47 9 1
47 10 1
47 12 2
47 14 1
47 18 2
47 19 1
47 21 2
47 25 2
47 26 1
47 27 2
47 29 2
47 32 2
47 33 2
47 35 1
47 37 1
47 38 2
47 41 2
47 43 2
48 0 2
48 1 1
48 2 1
48 5 1
48 7 1
48 8 1
48 9 2
48 10 2
48 11 2
48 15 1
48 17 2
48 19 2
48 20 2
48 21 2
48 24 2
48 26 1
48 28 1
48 29 1
48 30 2
48 31 2
48 33 2
48 34 1
48 40 1
48 43 1
48 45 2
48 47 1
49 0 1
49 1 2
49 5 1
49 7 1
49 9 2
49 16 1
49 19 1
49 20 1
49 22 2
49 24 2
49 26 1
49 27 1
49 32 1
49 34 2
49 35 1
49 37 2
49 40 1
49 41 2
49 42 1
49 45 1
49 47 1
50 0 2
50 1 2
50 3 1
50 5 1
50 7 2
50 8 2
50 9 2
50 10 2
50 14 1
50 18 2
50 21 2
50 22 1
50 24 2
50 25 1
50 27 2
50 30 2
50 31 1
50 33 1
50 40 1
50 41 2
50 42 2
50 43 1
50 45 2
50 47 1
50 48 1
51 2 1
51 3 2
51 4 2
51 5 1
51 12 2
51 13 1
51 18 2
51 22 1
51 23 1
51 26 1
51 27 1
51 28 2
51 29 2
51 32 2
51 34 1
51 35 2
51 37 1
51 38 2
51 42 2
51 45 1
51 46 2
51 47 2
51 49 2
51 50 1
52 1 2
52 4 1
52 5 2
52 6 2
52 8 1
52 9 1
52 11 2
52 14 2
52 17 2
52 18 1
52 20 1
52 21 2
52 24 2
52 25 2
52 26 2
52 28 2
52 32 2
52 34 1
52 35 2
52 37 2
52 38 1
52 39 1
52 41 1
52 45 2
52 47 2
52 50 1
53 0 2
53 1 2
53 2 1
53 6 1
53 7 2
53 8 2
53 10 1
53 13 2
53 17 2
53 19 2
53 20 1
53 21 1
53 22 1
53 23 2
53 25 2
53 26 1
53 28 1
53 30 2
53 31 2
53 33 1
53 34 1
53 38 2
53 40 1
53 41 1
53 42 1
53 43 1
53 44 2
53 45 2
53 46 1
53 47 1
53 48 1
53 52 1
54 0 2
54 3 1
54 4 2
54 5 1
54 8 2
54 10 2
54 12 2
54 14 2
54 19 1
54 20 2
54 21 2
54 22 2
54 25 1
54 27 1
54 28 2
54 29 1
54 30 2
54 32 2
54 36 2
54 37 2
54 38 2
54 39 1
54 45 1
55 2 1
55 3 1
55 4 1
55 7 2
55 8 1
55 10 2
55 11 2
55 12 2
55 14 2
55 15 2
55 16 1
55 18 1
55 19 1
55 21 2
55 22 1
55 26 1
55 31 2
55 32 1
55 35 1
55 36 1
55 37 1
55 38 2
55 39 1
55 40 2
55 41 1
55 45 2
55 46 1
55 47 1
55 51 2
55 53 1
56 1 2
56 4 1
56 6 2
56 7 1
56 8 2
56 9 2
56 10 1
56 11 1
56 12 2
56 16 2
56 17 2
56 18 2
56 20 1
56 21 2
56 25 1
56 26 1
56 27 2
56 29 2
56 30 2
56 31 2
56 33 1
56 34 1
56 36 1
56 37 2
56 38 2
56 39 1
56 42 1
56 43 1
56 45 2
56 46 2
56 50 2
56 54 1
57 0 2
57 4 1
57 5 1
57 7 2
57 8 2
57 10 2
57 12 1
57 20 1
57 21 2
57 22 1
57 23 1
57 24 2
57 26 1
57 28 2
57 29 1
57 31 2
57 36 1
57 38 1
57 39 1
57 40 2
57 43 1
57 50 1
57 51 1
57 55 1
57 56 2
58 3 2
58 6 2
58 8 1
58 9 2
58 10 2
58 14 1
58 17 2
58 19 1
58 23 2
58 24 1
58 25 2
58 26 1
58 27 2
58 29 1
58 31 2
58 35 1
58 36 1
58 37 2
58 38 2
58 39 1
58 41 1
58 45 2
58 47 1
58 48 2
58 50 2
58 52 1
58 56 1
59 3 1
59 4 1
59 5 2
59 11 2
59 14 1
59 15 1
59 18 1
59 20 2
59 25 1
59 28 2
59 29 2
59 30 2
59 31 1
59 34 1
59 35 2
59 37 2
59 41 1
59 43 2
59 44 2
59 48 1
59 51 1
59 52 1
59 54 2
59 55 2
60 0 2
60 1 2
60 4 2
60 8 2
60 9 1
60 15 2
60 16 2
60 17 1
60 22 2
60 23 2
60 27 2
60 29 2
60 30 1
60 31 1
60 32 2
60 33 2
60 34 2
60 35 2
60 36 2
60 37 2
60 38 1
60 39 2
60 40 2
60 44 2
60 45 1
60 47 1
60 48 1
60 49 1
60 51 2
60 52 2
60 54 2
60 55 2
60 56 1
60 57 2
60 58 1
61 1 1
61 2 1
61 3 1
61 7 2
61 9 1
61 10 2
61 12 1
61 16 2
61 17 2
61 18 1
61 22 2
61 23 2
61 24 1
61 25 2
61 29 1
61 30 1
61 31 2
61 32 1
61 35 2
61 36 2
61 40 1
61 43 2
61 44 2
61 46 2
61 47 1
61 49 1
61 50 2
61 51 2
61 54 2
61 56 1
61 58 2
61 59 1
62 1 2
62 3 1
62 4 2
62 6 1
62 9 1
62 10 2
62 13 1
62 14 2
62 16 1
62 17 2
62 18 2
62 19 2
62 20 2
62 21 2
62 22 2
62 23 2
62 31 1
62 33 2
62 34 2
62 36 2
62 38 2
62 39 1
62 40 1
62 41 1
62 42 2
62 43 1
62 44 2
62 45 1
62 47 2
62 48 2
62 53 2
62 54 1
62 55 2
62 56 1
63 1 2
63 2 2
63 3 1
63 5 1
63 7 1
63 12 1
63 15 2
63 17 2
63 18 2
63 19 1
63 20 1
63 21 2
63 23 2
63 24 2
63 28 1
63 29 2
63 30 1
63 31 1
63 36 1
63 37 2
63 38 1
63 39 1
63 41 2
63 42 1
63 47 1
63 48 2
63 49 2
63 53 2
63 54 2
63 60 2
63 61 1
64 0 2
64 2 2
64 5 1
64 8 1
64 9 2
64 10 1
64 11 2
64 13 1
64 15 2
64 17 2
64 19 1
64 20 1
64 21 2
64 22 2
64 24 2
64 25 1
64 26 1
64 27 2
64 28 1
64 31 2
64 32 2
64 33 1
64 34 1
64 36 1
64 37 1
64 39 2
64 40 2
64 43 2
64 45 1
64 48 2
64 50 2
64 52 2
64 53 1
64 55 1
64 57 2
64 58 2
64 59 1
64 60 1
64 61 1
65 2 2
65 3 1
65 4 2
65 6 2
65 9 2
65 13 1
65 17 1
65 18 2
65 19 2
65 23 2
65 24 1
65 26 2
65 29 2
65 31 1
65 32 1
65 35 2
65 36 1
65 38 1
65 40 1
65 41 2
65 42 1
65 44 1
65 49 1
65 50 1
65 51 1
65 55 1
65 56 2
65 57 1
65 63 1
66 0 1
66 1 1
66 11 1
66 13 2
66 15 1
66 16 2
66 17 2
66 19 1
66 20 1
66 21 1
66 22 2
66 23 1
66 26 2
66 27 2
66 28 1
66 29 2
66 30 2
66 32 1
66 33 1
66 37 1
66 40 2
66 41 1
66 45 2
66 47 2
66 48 2
66 50 2
66 51 1
66 53 2
66 54 1
66 55 1
66 56 2
66 58 2
66 59 1
66 60 1
66 62 2
66 63 2
66 65 2
67 0 2
67 2 1
67 3 2
67 8 2
67 10 2
67 14 2
67 21 1
67 26 2
67 27 1
67 29 1
67 30 1
67 31 1
67 34 1
67 36 2
67 38 1
67 39 2
67 42 1
67 46 2
67 47 1
67 50 2
67 51 1
67 52 1
67 53 1
67 54 2
67 55 1
67 56 2
67 58 1
67 59 2
67 60 1
67 61 1
67 62 1
67 66 1
68 0 1
68 1 1
68 2 1
68 3 2
68 4 1
68 5 2
68 6 2
68 7 1
68 12 1
68 13 1
68 14 2
68 17 2
68 19 2
68 21 1
68 22 2
68 27 1
68 30 1
68 31 1
68 33 1
68 35 1
68 39 1
68 42 1
68 49 2
68 53 2
68 56 2
68 57 1
68 58 2
68 59 1
68 61 2
68 63 2
68 64 1
68 65 2
68 66 2
68 67 1
69 1 2
69 3 1
69 10 2
69 11 2
69 13 1
69 14 1
69 15 1
69 21 1
69 22 1
69 23 1
69 26 1
69 31 1
69 32 1
69 33 2
69 34 1
69 38 1
69 41 2
69 44 2
69 45 2
69 46 1
69 47 1
69 48 1
69 49 2
69 52 1
69 53 2
69 56 2
69 57 1
69 58 2
69 59 1
69 61 1
69 63 1
69 64 2
69 66 1
69 67 2
69 68 1
