30
1 0 2
3 0 4
3 1 6
3 2 2
4 0 2
4 1 6
4 2 3
5 0 4
5 2 7
6 2 2
7 4 6
7 6 6
8 3 3
8 6 6
8 7 1
9 0 5
9 1 7
9 4 1
9 6 7
9 7 5
9 8 6
10 1 4
10 2 2
10 4 6
10 5 3
10 6 5
10 7 5
10 8 3
11 1 5
11 2 7
11 3 2
11 5 6
11 7 4
11 9 2
12 1 1
12 3 2
12 4 3
12 5 1
12 6 3
12 9 2
13 0 1
13 2 6
13 9 2
14 0 4
14 1 5
14 7 4
14 8 4
14 9 6
14 10 6
14 11 6
14 13 4
15 4 2
15 5 3
15 7 4
15 12 6
15 13 6
16 2 1
16 3 3
16 4 2
16 6 7
16 9 2
16 12 5
16 13 6
16 14 3
17 0 5
17 6 1
17 9 1
17 12 3
17 15 4
17 16 4
18 0 5
18 2 1
18 3 3
18 4 5
18 6 7
18 7 7
18 9 5
18 10 6
18 11 4
18 13 2
18 14 6
18 15 3
18 17 7
19 3 7
19 5 5
19 7 7
19 9 7
19 10 2
19 13 6
19 16 3
19 17 3
20 1 2
20 2 4
20 3 6
20 7 7
20 8 2
20 12 2
20 16 2
20 17 4
21 1 2
21 5 2
21 6 4
21 7 6
21 9 1
21 10 2
21 13 7
21 14 5
21 15 7
21 18 3
22 0 7
22 2 6
22 3 6
22 5 6
22 6 1
22 7 3
22 8 2
22 9 1
22 11 2
22 12 2
22 14 4
22 16 1
23 1 4
23 2 3
23 6 1
23 7 3
23 9 3
23 10 6
23 12 2
23 14 3
23 16 5
23 17 6
23 18 6
23 19 2
23 20 2
24 1 7
24 2 5
24 4 5
24 5 3
24 6 3
24 8 7
24 10 3
24 12 4
24 13 3
24 15 7
24 18 3
24 19 7
24 21 4
24 22 1
24 23 3
25 0 5
25 4 1
25 11 4
25 12 6
25 13 1
25 14 3
25 19 7
25 23 4
25 24 2
26 0 4
26 1 5
26 2 5
26 3 5
26 4 3
26 5 2
26 8 3
26 9 7
26 14 3
26 15 4
26 16 4
26 18 5
26 20 2
26 21 1
26 25 5
27 0 3
27 5 3
27 6 3
27 9 2
27 12 2
27 13 4
27 14 4
27 17 1
27 18 6
27 21 7
27 22 5
27 23 1
27 24 6
27 26 3
28 4 2
28 6 2
28 7 6
28 8 3
28 10 1
28 12 5
28 13 6
28 14 2
28 17 1
28 18 7
28 23 7
28 24 1
28 25 2
28 26 5
29 3 3
29 4 6
29 5 6
29 6 5
29 12 3
29 13 5
29 14 2
29 16 3
29 18 5
29 22 1
29 23 4
29 24 6
29 25 1
