60
1 0 4
2 0 4
2 1 3
3 0 2
3 1 3
3 2 2
4 0 6
4 1 6
4 2 3
4 3 4
5 0 4
5 1 6
5 2 3
5 3 5
5 4 5
6 0 1
6 1 3
6 2 4
6 3 3
6 4 5
6 5 2
7 0 3
7 1 5
7 2 2
7 3 3
7 4 1
7 5 3
7 6 1
8 0 3
8 1 1
8 2 5
8 3 4
8 4 3
8 5 5
8 6 2
8 7 2
9 0 3
9 1 4
9 2 4
9 3 6
9 4 4
9 5 3
9 6 6
9 7 2
9 8 2
10 0 1
10 1 4
10 2 4
10 3 4
10 4 3
10 5 3
10 6 5
10 7 3
10 8 3
10 9 2
11 0 2
11 1 3
11 2 5
11 3 5
11 4 5
11 5 6
11 6 2
11 7 4
11 8 2
11 9 3
11 10 5
12 0 2
12 1 6
12 2 5
12 3 1
12 4 2
12 5 4
12 6 3
12 7 5
12 8 4
12 9 1
12 10 1
12 11 4
13 0 5
13 1 1
13 2 6
13 3 2
13 4 1
13 5 4
13 6 5
13 7 2
13 8 6
13 9 5
13 10 5
13 11 6
13 12 6
14 0 1
14 1 3
14 2 1
14 3 1
14 4 6
14 5 3
14 6 5
14 7 1
14 8 5
14 9 1
14 10 1
14 11 2
14 12 3
14 13 3
15 0 5
15 1 1
15 2 6
15 3 5
15 4 5
15 5 1
15 6 4
15 7 5
15 8 4
15 9 2
15 10 1
15 11 5
15 12 5
15 13 4
15 14 6
16 0 5
16 1 3
16 2 4
16 3 3
16 4 1
16 5 5
16 6 3
16 7 3
16 8 3
16 9 6
16 10 5
16 11 3
16 12 6
16 13 2
16 14 2
16 15 6
17 0 4
17 1 5
17 2 5
17 3 5
17 4 5
17 5 2
17 6 1
17 7 2
17 8 1
17 9 3
17 10 3
17 11 1
17 12 6
17 13 3
17 14 6
17 15 4
17 16 3
18 0 5
18 1 6
18 2 5
18 3 2
18 4 4
18 5 6
18 6 5
18 7 1
18 8 6
18 9 5
18 10 5
18 11 5
18 12 3
18 13 6
18 14 1
18 15 5
18 16 4
18 17 2
19 0 1
19 1 1
19 2 3
19 3 2
19 4 5
19 5 6
19 6 5
19 7 4
19 8 5
19 9 3
19 10 2
19 11 4
19 12 5
19 13 3
19 14 1
19 15 4
19 16 5
19 17 6
19 18 2
20 0 6
20 1 6
20 2 3
20 3 1
20 4 3
20 5 6
20 6 4
20 7 4
20 8 1
20 9 4
20 10 1
20 11 5
20 12 1
20 13 2
20 14 5
20 15 5
20 16 6
20 17 2
20 18 4
20 19 3
21 0 1
21 1 3
21 2 4
21 3 2
21 4 1
21 5 2
21 6 2
21 7 6
21 8 1
21 9 2
21 10 3
21 11 1
21 12 5
21 13 3
21 14 1
21 15 5
21 16 3
21 17 1
21 18 2
21 19 5
21 20 5
22 0 1
22 1 1
22 2 4
22 3 5
22 4 6
22 5 6
22 6 5
22 7 4
22 8 5
22 9 1
22 10 2
22 11 5
22 12 3
22 13 6
22 14 4
22 15 4
22 16 5
22 17 1
22 18 6
22 19 6
22 20 1
22 21 1
23 0 6
23 1 4
23 2 1
23 3 3
23 4 1
23 5 2
23 6 3
23 7 6
23 8 6
23 9 4
23 10 5
23 11 2
23 12 3
23 13 1
23 14 1
23 15 2
23 16 2
23 17 4
23 18 3
23 19 6
23 20 5
23 21 1
23 22 6
24 0 5
24 1 5
24 2 5
24 3 2
24 4 6
24 5 4
24 6 6
24 7 5
24 8 4
24 9 5
24 10 1
24 11 3
24 12 3
24 13 1
24 14 3
24 15 1
24 16 4
24 17 5
24 18 1
24 19 5
24 20 5
24 21 3
24 22 2
24 23 2
25 0 6
25 1 1
25 2 3
25 3 1
25 4 5
25 5 2
25 6 3
25 7 2
25 8 1
25 9 6
25 10 1
25 11 6
25 12 2
25 13 6
25 14 4
25 15 3
25 16 1
25 17 3
25 18 4
25 19 1
25 20 6
25 21 2
25 22 1
25 23 5
25 24 3
26 0 1
26 1 6
26 2 2
26 3 5
26 4 5
26 5 3
26 6 4
26 7 5
26 8 5
26 9 4
26 10 5
26 11 5
26 12 5
26 13 3
26 14 5
26 15 6
26 16 1
26 17 6
26 18 5
26 19 5
26 20 3
26 21 5
26 22 3
26 23 3
26 24 1
26 25 2
27 0 5
27 1 6
27 2 6
27 3 4
27 4 6
27 5 3
27 6 5
27 7 5
27 8 3
27 9 4
27 10 6
27 11 2
27 12 5
27 13 2
27 14 4
27 15 5
27 16 1
27 17 2
27 18 2
27 19 1
27 20 2
27 21 5
27 22 4
27 23 5
27 24 4
27 25 4
27 26 3
28 0 1
28 1 5
28 2 5
28 3 6
28 4 2
28 5 5
28 6 6
28 7 3
28 8 1
28 9 6
28 10 3
28 11 1
28 12 2
28 13 1
28 14 1
28 15 1
28 16 3
28 17 5
28 18 5
28 19 1
28 20 6
28 21 4
28 22 1
28 23 5
28 24 1
28 25 5
28 26 3
28 27 5
29 0 4
29 1 3
29 2 4
29 3 1
29 4 4
29 5 4
29 6 5
29 7 2
29 8 4
29 9 6
29 10 3
29 11 5
29 12 6
29 13 2
29 14 1
29 15 5
29 16 2
29 17 2
29 18 1
29 19 4
29 20 1
29 21 5
29 22 3
29 23 5
29 24 6
29 25 3
29 26 2
29 27 2
29 28 4
30 0 4
30 1 5
30 2 4
30 3 6
30 4 3
30 5 6
30 6 3
30 7 2
30 8 3
30 9 3
30 10 6
30 11 1
30 12 2
30 13 4
30 14 6
30 15 3
30 16 1
30 17 6
30 18 5
30 19 1
30 20 2
30 21 2
30 22 1
30 23 5
30 24 6
30 25 2
30 26 5
30 27 4
30 28 2
30 29 1
31 0 1
31 1 6
31 2 5
31 3 3
31 4 3
31 5 2
31 6 5
31 7 4
31 8 1
31 9 6
31 10 4
31 11 5
31 12 2
31 13 1
31 14 3
31 15 3
31 16 4
31 17 5
31 18 5
31 19 2
31 20 6
31 21 3
31 22 5
31 23 5
31 24 2
31 25 6
31 26 4
31 27 3
31 28 2
31 29 6
31 30 1
32 0 2
32 1 4
32 2 3
32 3 2
32 4 2
32 5 6
32 6 2
32 7 6
32 8 2
32 9 3
32 10 6
32 11 4
32 12 2
32 13 3
32 14 3
32 15 1
32 16 5
32 17 1
32 18 4
32 19 5
32 20 6
32 21 3
32 22 5
32 23 3
32 24 5
32 25 6
32 26 5
32 27 2
32 28 6
32 29 5
32 30 1
32 31 2
33 0 6
33 1 2
33 2 2
33 3 4
33 4 1
33 5 3
33 6 6
33 7 2
33 8 2
33 9 2
33 10 1
33 11 5
33 12 6
33 13 1
33 14 4
33 15 2
33 16 4
33 17 5
33 18 5
33 19 1
33 20 2
33 21 2
33 22 1
33 23 6
33 24 2
33 25 6
33 26 2
33 27 1
33 28 1
33 29 5
33 30 4
33 31 1
33 32 5
34 0 3
34 1 4
34 2 1
34 3 5
34 4 6
34 5 5
34 6 3
34 7 1
34 8 6
34 9 6
34 10 2
34 11 1
34 12 4
34 13 3
34 14 6
34 15 4
34 16 1
34 17 1
34 18 2
34 19 3
34 20 6
34 21 2
34 22 3
34 23 5
34 24 1
34 25 6
34 26 5
34 27 2
34 28 6
34 29 6
34 30 6
34 31 6
34 32 3
34 33 2
35 0 6
35 1 5
35 2 1
35 3 2
35 4 3
35 5 1
35 6 5
35 7 6
35 8 1
35 9 6
35 10 5
35 11 6
35 12 6
35 13 2
35 14 6
35 15 6
35 16 1
35 17 2
35 18 2
35 19 4
35 20 6
35 21 3
35 22 2
35 23 1
35 24 1
35 25 3
35 26 3
35 27 5
35 28 6
35 29 2
35 30 6
35 31 5
35 32 5
35 33 3
35 34 2
36 0 5
36 1 5
36 2 2
36 3 4
36 4 3
36 5 5
36 6 1
36 7 4
36 8 4
36 9 6
36 10 3
36 11 2
36 12 4
36 13 2
36 14 2
36 15 4
36 16 6
36 17 6
36 18 5
36 19 2
36 20 3
36 21 3
36 22 4
36 23 5
36 24 1
36 25 1
36 26 5
36 27 6
36 28 1
36 29 2
36 30 4
36 31 6
36 32 3
36 33 2
36 34 2
36 35 3
37 0 3
37 1 2
37 2 5
37 3 3
37 4 3
37 5 5
37 6 6
37 7 3
37 8 5
37 9 6
37 10 3
37 11 2
37 12 1
37 13 6
37 14 5
37 15 1
37 16 5
37 17 6
37 18 1
37 19 2
37 20 4
37 21 3
37 22 4
37 23 4
37 24 1
37 25 5
37 26 5
37 27 1
37 28 2
37 29 4
37 30 4
37 31 1
37 32 2
37 33 3
37 34 2
37 35 4
37 36 1
38 0 3
38 1 4
38 2 3
38 3 1
38 4 3
38 5 6
38 6 4
38 7 6
38 8 5
38 9 5
38 10 3
38 11 3
38 12 2
38 13 2
38 14 1
38 15 5
38 16 2
38 17 1
38 18 2
38 19 3
38 20 2
38 21 5
38 22 1
38 23 5
38 24 1
38 25 6
38 26 4
38 27 6
38 28 4
38 29 5
38 30 4
38 31 5
38 32 5
38 33 5
38 34 5
38 35 5
38 36 6
38 37 6
39 0 3
39 1 5
39 2 5
39 3 1
39 4 4
39 5 1
39 6 2
39 7 3
39 8 5
39 9 3
39 10 2
39 11 4
39 12 2
39 13 3
39 14 6
39 15 6
39 16 2
39 17 1
39 18 1
39 19 4
39 20 3
39 21 4
39 22 1
39 23 6
39 24 6
39 25 4
39 26 2
39 27 1
39 28 5
39 29 2
39 30 5
39 31 4
39 32 1
39 33 2
39 34 5
39 35 3
39 36 4
39 37 2
39 38 5
40 0 1
40 1 1
40 2 2
40 3 2
40 4 5
40 5 5
40 6 2
40 7 1
40 8 3
40 9 6
40 10 5
40 11 5
40 12 5
40 13 3
40 14 2
40 15 2
40 16 2
40 17 1
40 18 2
40 19 4
40 20 2
40 21 4
40 22 6
40 23 2
40 24 1
40 25 2
40 26 2
40 27 5
40 28 2
40 29 3
40 30 3
40 31 4
40 32 6
40 33 3
40 34 1
40 35 5
40 36 3
40 37 2
40 38 6
40 39 4
41 0 1
41 1 6
41 2 1
41 3 3
41 4 4
41 5 3
41 6 4
41 7 4
41 8 3
41 9 1
41 10 3
41 11 4
41 12 6
41 13 1
41 14 4
41 15 2
41 16 6
41 17 4
41 18 1
41 19 1
41 20 1
41 21 2
41 22 1
41 23 1
41 24 1
41 25 6
41 26 2
41 27 5
41 28 5
41 29 2
41 30 2
41 31 1
41 32 4
41 33 6
41 34 3
41 35 2
41 36 4
41 37 2
41 38 3
41 39 6
41 40 6
42 0 4
42 1 4
42 2 3
42 3 1
42 4 4
42 5 3
42 6 4
42 7 4
42 8 2
42 9 6
42 10 5
42 11 1
42 12 3
42 13 4
42 14 2
42 15 5
42 16 5
42 17 1
42 18 3
42 19 3
42 20 4
42 21 3
42 22 6
42 23 4
42 24 2
42 25 6
42 26 3
42 27 5
42 28 2
42 29 6
42 30 5
42 31 2
42 32 2
42 33 4
42 34 5
42 35 2
42 36 1
42 37 3
42 38 2
42 39 5
42 40 2
42 41 3
43 0 4
43 1 3
43 2 1
43 3 6
43 4 1
43 5 6
43 6 1
43 7 4
43 8 1
43 9 4
43 10 5
43 11 1
43 12 2
43 13 3
43 14 1
43 15 4
43 16 6
43 17 4
43 18 5
43 19 5
43 20 5
43 21 2
43 22 6
43 23 1
43 24 5
43 25 5
43 26 4
43 27 6
43 28 3
43 29 4
43 30 5
43 31 5
43 32 4
43 33 4
43 34 6
43 35 3
43 36 2
43 37 6
43 38 5
43 39 1
43 40 5
43 41 5
43 42 5
44 0 4
44 1 2
44 2 4
44 3 2
44 4 6
44 5 3
44 6 6
44 7 6
44 8 6
44 9 1
44 10 6
44 11 5
44 12 6
44 13 4
44 14 4
44 15 4
44 16 6
44 17 6
44 18 3
44 19 4
44 20 2
44 21 6
44 22 4
44 23 1
44 24 5
44 25 2
44 26 3
44 27 1
44 28 4
44 29 5
44 30 2
44 31 5
44 32 1
44 33 5
44 34 6
44 35 3
44 36 2
44 37 1
44 38 6
44 39 4
44 40 4
44 41 3
44 42 1
44 43 2
45 0 2
45 1 3
45 2 5
45 3 3
45 4 2
45 5 4
45 6 3
45 7 4
45 8 4
45 9 3
45 10 2
45 11 5
45 12 1
45 13 3
45 14 3
45 15 3
45 16 2
45 17 5
45 18 2
45 19 4
45 20 2
45 21 5
45 22 2
45 23 4
45 24 6
45 25 4
45 26 5
45 27 1
45 28 6
45 29 5
45 30 6
45 31 4
45 32 4
45 33 2
45 34 1
45 35 1
45 36 6
45 37 6
45 38 6
45 39 1
45 40 3
45 41 3
45 42 4
45 43 6
45 44 3
46 0 6
46 1 5
46 2 4
46 3 4
46 4 3
46 5 3
46 6 2
46 7 1
46 8 4
46 9 2
46 10 5
46 11 1
46 12 3
46 13 5
46 14 2
46 15 4
46 16 2
46 17 1
46 18 3
46 19 5
46 20 2
46 21 2
46 22 1
46 23 5
46 24 1
46 25 2
46 26 1
46 27 1
46 28 5
46 29 3
46 30 6
46 31 6
46 32 4
46 33 6
46 34 1
46 35 2
46 36 5
46 37 2
46 38 3
46 39 1
46 40 2
46 41 5
46 42 5
46 43 5
46 44 5
46 45 6
47 0 4
47 1 4
47 2 3
47 3 1
47 4 5
47 5 6
47 6 6
47 7 1
47 8 1
47 9 2
47 10 5
47 11 1
47 12 2
47 13 2
47 14 3
47 15 3
47 16 4
47 17 1
47 18 1
47 19 4
47 20 5
47 21 1
47 22 4
47 23 5
47 24 6
47 25 6
47 26 3
47 27 2
47 28 4
47 29 5
47 30 4
47 31 4
47 32 6
47 33 3
47 34 4
47 35 2
47 36 3
47 37 6
47 38 3
47 39 5
47 40 2
47 41 1
47 42 6
47 43 6
47 44 2
47 45 6
47 46 4
48 0 6
48 1 5
48 2 1
48 3 1
48 4 6
48 5 1
48 6 6
48 7 6
48 8 2
48 9 2
48 10 2
48 11 6
48 12 6
48 13 2
48 14 1
48 15 5
48 16 4
48 17 5
48 18 5
48 19 1
48 20 3
48 21 3
48 22 3
48 23 5
48 24 2
48 25 6
48 26 2
48 27 2
48 28 3
48 29 4
48 30 2
48 31 4
48 32 2
48 33 6
48 34 3
48 35 1
48 36 4
48 37 4
48 38 2
48 39 2
48 40 2
48 41 3
48 42 2
48 43 1
48 44 6
48 45 2
48 46 4
48 47 1
49 0 2
49 1 2
49 2 2
49 3 3
49 4 4
49 5 6
49 6 3
49 7 6
49 8 1
49 9 3
49 10 5
49 11 3
49 12 5
49 13 3
49 14 5
49 15 5
49 16 4
49 17 1
49 18 1
49 19 6
49 20 6
49 21 1
49 22 4
49 23 6
49 24 5
49 25 1
49 26 4
49 27 2
49 28 3
49 29 6
49 30 4
49 31 3
49 32 5
49 33 3
49 34 1
49 35 3
49 36 4
49 37 2
49 38 4
49 39 3
49 40 2
49 41 2
49 42 5
49 43 3
49 44 1
49 45 5
49 46 3
49 47 1
49 48 2
50 0 5
50 1 2
50 2 1
50 3 1
50 4 2
50 5 2
50 6 6
50 7 4
50 8 5
50 9 6
50 10 1
50 11 2
50 12 1
50 13 2
50 14 4
50 15 5
50 16 4
50 17 1
50 18 4
50 19 2
50 20 1
50 21 5
50 22 4
50 23 5
50 24 4
50 25 2
50 26 6
50 27 1
50 28 5
50 29 3
50 30 6
50 31 5
50 32 6
50 33 4
50 34 1
50 35 3
50 36 4
50 37 4
50 38 1
50 39 2
50 40 3
50 41 1
50 42 2
50 43 5
50 44 2
50 45 3
50 46 2
50 47 1
50 48 1
50 49 6
51 0 4
51 1 5
51 2 3
51 3 4
51 4 5
51 5 3
51 6 5
51 7 4
51 8 2
51 9 2
51 10 2
51 11 4
51 12 3
51 13 4
51 14 6
51 15 2
51 16 1
51 17 5
51 18 3
51 19 2
51 20 6
51 21 2
51 22 2
51 23 1
51 24 1
51 25 2
51 26 6
51 27 6
51 28 2
51 29 2
51 30 6
51 31 3
51 32 2
51 33 2
51 34 5
51 35 2
51 36 2
51 37 3
51 38 5
51 39 5
51 40 6
51 41 6
51 42 4
51 43 2
51 44 4
51 45 3
51 46 1
51 47 1
51 48 3
51 49 2
51 50 5
52 0 5
52 1 1
52 2 6
52 3 6
52 4 5
52 5 2
52 6 2
52 7 2
52 8 2
52 9 3
52 10 4
52 11 6
52 12 4
52 13 2
52 14 1
52 15 2
52 16 6
52 17 2
52 18 6
52 19 6
52 20 1
52 21 5
52 22 2
52 23 1
52 24 3
52 25 5
52 26 4
52 27 6
52 28 2
52 29 4
52 30 3
52 31 5
52 32 2
52 33 6
52 34 4
52 35 6
52 36 4
52 37 4
52 38 4
52 39 3
52 40 3
52 41 1
52 42 5
52 43 4
52 44 4
52 45 4
52 46 2
52 47 3
52 48 6
52 49 3
52 50 2
52 51 3
53 0 3
53 1 1
53 2 5
53 3 3
53 4 5
53 5 4
53 6 4
53 7 1
53 8 2
53 9 2
53 10 4
53 11 4
53 12 6
53 13 3
53 14 4
53 15 6
53 16 1
53 17 6
53 18 5
53 19 1
53 20 6
53 21 6
53 22 3
53 23 4
53 24 4
53 25 5
53 26 6
53 27 5
53 28 1
53 29 2
53 30 2
53 31 5
53 32 5
53 33 5
53 34 6
53 35 1
53 36 5
53 37 4
53 38 3
53 39 2
53 40 5
53 41 2
53 42 3
53 43 5
53 44 1
53 45 2
53 46 5
53 47 2
53 48 4
53 49 4
53 50 3
53 51 3
53 52 2
54 0 4
54 1 6
54 2 1
54 3 4
54 4 3
54 5 3
54 6 1
54 7 5
54 8 4
54 9 5
54 10 6
54 11 2
54 12 2
54 13 1
54 14 4
54 15 6
54 16 4
54 17 4
54 18 3
54 19 3
54 20 6
54 21 2
54 22 3
54 23 2
54 24 2
54 25 5
54 26 3
54 27 1
54 28 3
54 29 4
54 30 4
54 31 6
54 32 2
54 33 6
54 34 5
54 35 5
54 36 4
54 37 2
54 38 2
54 39 3
54 40 5
54 41 3
54 42 1
54 43 4
54 44 3
54 45 1
54 46 5
54 47 3
54 48 4
54 49 2
54 50 1
54 51 2
54 52 4
54 53 3
55 0 5
55 1 6
55 2 6
55 3 5
55 4 2
55 5 1
55 6 3
55 7 3
55 8 1
55 9 6
55 10 2
55 11 2
55 12 1
55 13 2
55 14 1
55 15 2
55 16 3
55 17 4
55 18 5
55 19 1
55 20 3
55 21 4
55 22 3
55 23 1
55 24 4
55 25 3
55 26 6
55 27 3
55 28 5
55 29 6
55 30 3
55 31 6
55 32 5
55 33 2
55 34 6
55 35 2
55 36 3
55 37 1
55 38 2
55 39 2
55 40 3
55 41 6
55 42 6
55 43 5
55 44 6
55 45 5
55 46 2
55 47 5
55 48 5
55 49 2
55 50 1
55 51 2
55 52 4
55 53 5
55 54 5
56 0 5
56 1 1
56 2 5
56 3 3
56 4 4
56 5 4
56 6 2
56 7 6
56 8 2
56 9 5
56 10 2
56 11 2
56 12 2
56 13 1
56 14 3
56 15 2
56 16 3
56 17 3
56 18 3
56 19 1
56 20 6
56 21 6
56 22 6
56 23 4
56 24 3
56 25 3
56 26 6
56 27 2
56 28 2
56 29 5
56 30 3
56 31 4
56 32 3
56 33 6
56 34 4
56 35 2
56 36 3
56 37 5
56 38 3
56 39 3
56 40 1
56 41 1
56 42 5
56 43 5
56 44 1
56 45 1
56 46 3
56 47 3
56 48 1
56 49 1
56 50 6
56 51 5
56 52 1
56 53 1
56 54 6
56 55 2
57 0 1
57 1 2
57 2 2
57 3 1
57 4 1
57 5 3
57 6 5
57 7 6
57 8 2
57 9 1
57 10 5
57 11 6
57 12 6
57 13 6
57 14 3
57 15 5
57 16 4
57 17 2
57 18 6
57 19 4
57 20 2
57 21 1
57 22 6
57 23 1
57 24 1
57 25 6
57 26 2
57 27 6
57 28 5
57 29 4
57 30 4
57 31 2
57 32 4
57 33 6
57 34 3
57 35 4
57 36 3
57 37 3
57 38 4
57 39 1
57 40 1
57 41 1
57 42 3
57 43 1
57 44 5
57 45 6
57 46 5
57 47 5
57 48 1
57 49 3
57 50 3
57 51 4
57 52 5
57 53 3
57 54 5
57 55 2
57 56 4
58 0 5
58 1 3
58 2 4
58 3 2
58 4 1
58 5 4
58 6 6
58 7 3
58 8 2
58 9 4
58 10 1
58 11 5
58 12 6
58 13 5
58 14 4
58 15 2
58 16 4
58 17 6
58 18 3
58 19 2
58 20 6
58 21 5
58 22 2
58 23 5
58 24 4
58 25 4
58 26 3
58 27 5
58 28 2
58 29 6
58 30 5
58 31 3
58 32 6
58 33 2
58 34 6
58 35 1
58 36 6
58 37 6
58 38 6
58 39 4
58 40 5
58 41 3
58 42 1
58 43 5
58 44 6
58 45 4
58 46 3
58 47 5
58 48 6
58 49 1
58 50 4
58 51 6
58 52 5
58 53 4
58 54 3
58 55 2
58 56 4
58 57 5
59 0 3
59 1 1
59 2 3
59 3 2
59 4 2
59 5 6
59 6 4
59 7 2
59 8 6
59 9 5
59 10 1
59 11 1
59 12 1
59 13 6
59 14 2
59 15 6
59 16 6
59 17 5
59 18 4
59 19 3
59 20 3
59 21 4
59 22 6
59 23 4
59 24 4
59 25 3
59 26 2
59 27 6
59 28 1
59 29 6
59 30 5
59 31 5
59 32 1
59 33 2
59 34 5
59 35 5
59 36 1
59 37 1
59 38 1
59 39 3
59 40 4
59 41 6
59 42 1
59 43 5
59 44 6
59 45 3
59 46 3
59 47 5
59 48 5
59 49 4
59 50 1
59 51 1
59 52 6
59 53 6
59 54 6
59 55 1
59 56 4
59 57 1
59 58 5
