20
1 0 5
2 0 4
2 1 4
3 0 1
3 1 1
3 2 4
4 0 3
4 1 2
4 2 4
4 3 4
5 0 5
5 1 1
5 2 1
5 3 1
5 4 4
6 0 3
6 1 2
6 2 1
6 3 2
6 4 2
6 5 2
7 0 4
7 1 3
7 2 2
7 3 5
7 4 5
7 5 2
7 6 1
8 0 1
8 1 1
8 2 4
8 3 4
8 4 4
8 5 1
8 6 3
8 7 5
9 0 5
9 1 2
9 2 2
9 3 2
9 4 3
9 5 4
9 6 3
9 7 2
9 8 2
10 0 2
10 1 3
10 2 2
10 3 3
10 4 5
10 5 5
10 6 3
10 7 4
10 8 1
10 9 2
11 0 1
11 1 4
11 2 2
11 3 4
11 4 4
11 5 4
11 6 4
11 7 2
11 8 1
11 9 4
11 10 1
12 0 1
12 1 2
12 2 2
12 3 5
12 4 3
12 5 2
12 6 2
12 7 4
12 8 2
12 9 3
12 10 5
12 11 4
13 0 4
13 1 3
13 2 2
13 3 2
13 4 1
13 5 5
13 6 4
13 7 4
13 8 4
13 9 3
13 10 3
13 11 4
13 12 5
14 0 3
14 1 4
14 2 1
14 3 4
14 4 5
14 5 1
14 6 5
14 7 4
14 8 3
14 9 5
14 10 2
14 11 3
14 12 2
14 13 2
15 0 2
15 1 5
15 2 5
15 3 4
15 4 3
15 5 5
15 6 5
15 7 4
15 8 3
15 9 1
15 10 2
15 11 2
15 12 3
15 13 1
15 14 5
16 0 4
16 1 3
16 2 1
16 3 4
16 4 3
16 5 1
16 6 2
16 7 4
16 8 3
16 9 1
16 10 1
16 11 5
16 12 1
16 13 2
16 14 2
16 15 1
17 0 4
17 1 2
17 2 2
17 3 1
17 4 2
17 5 5
17 6 3
17 7 3
17 8 2
17 9 1
17 10 3
17 11 1
17 12 5
17 13 1
17 14 4
17 15 1
17 16 3
18 0 1
18 1 5
18 2 4
18 3 1
18 4 1
18 5 5
18 6 3
18 7 4
18 8 4
18 9 3
18 10 1
18 11 2
18 12 2
18 13 2
18 14 2
18 15 4
18 16 4
18 17 3
19 0 3
19 1 5
19 2 3
19 3 1
19 4 5
19 5 3
19 6 5
19 7 3
19 8 2
19 9 1
19 10 2
19 11 1
19 12 1
19 13 4
19 14 3
19 15 3
19 16 5
19 17 4
19 18 2
