30
3 0 3
3 1 11
4 0 9
4 2 7
5 4 1
6 1 10
6 3 11
6 4 1
6 5 2
7 0 9
7 3 3
8 0 3
8 1 13
8 2 1
8 3 7
8 4 11
8 7 9
9 6 13
9 7 10
10 0 1
10 4 8
10 5 8
10 8 7
11 0 12
11 2 11
11 3 12
11 4 10
11 8 5
11 10 11
12 2 10
12 3 5
12 5 10
12 6 2
12 7 2
12 9 7
12 10 7
12 11 4
13 0 12
13 1 13
13 2 13
13 3 1
13 5 5
13 7 2
13 8 13
13 10 3
13 11 9
13 12 6
14 0 6
14 1 7
14 3 9
14 5 11
14 6 7
14 9 1
14 10 2
14 13 13
15 0 8
15 2 8
15 3 9
15 6 1
15 7 2
15 10 2
15 11 2
15 12 12
15 14 1
16 5 3
16 6 7
16 10 5
16 12 8
16 14 8
17 1 8
17 4 11
17 5 10
17 12 7
17 14 8
17 16 1
18 0 12
18 1 10
18 3 1
18 8 10
18 11 13
18 14 3
18 15 11
18 16 12
18 17 5
19 2 6
19 6 4
19 7 4
19 10 13
19 12 7
19 13 9
19 14 11
20 1 1
20 5 10
20 7 8
20 14 9
20 15 12
20 16 10
20 17 8
20 18 12
21 1 8
21 3 5
21 4 9
21 6 3
21 8 8
21 10 6
21 11 2
21 16 3
21 18 2
21 19 11
22 0 13
22 1 2
22 4 2
22 5 4
22 6 5
22 7 12
22 9 6
22 10 13
22 11 11
22 12 12
22 13 11
22 14 9
22 17 6
23 0 13
23 2 10
23 3 2
23 6 5
23 7 12
23 8 6
23 9 5
23 10 13
23 12 2
23 15 8
23 17 4
23 18 6
23 19 13
23 20 10
24 1 13
24 2 7
24 3 8
24 4 8
24 7 12
24 10 12
24 12 5
24 15 5
24 18 8
24 19 13
24 20 3
24 23 1
25 2 2
25 4 10
25 5 12
25 6 12
25 10 13
25 11 6
25 12 3
25 14 3
25 15 10
25 16 7
25 17 9
25 18 4
25 19 3
25 20 2
25 21 4
26 0 11
26 3 9
26 5 8
26 6 11
26 7 7
26 8 6
26 12 5
26 14 6
26 15 13
26 16 12
26 18 12
26 22 13
26 23 9
27 1 3
27 2 6
27 4 1
27 7 1
27 8 1
27 11 7
27 17 2
27 18 6
27 23 2
27 25 4
28 0 10
28 3 7
28 4 6
28 5 6
28 8 6
28 9 1
28 11 11
28 13 3
28 14 7
28 15 7
28 16 9
28 17 8
28 19 4
28 23 2
28 27 10
29 1 7
29 4 1
29 6 9
29 10 5
29 11 7
29 14 2
29 16 8
29 17 3
29 22 3
29 28 4
