20
1 0 7
2 0 3
3 0 5
3 2 2
4 1 2
4 2 6
4 3 7
5 0 5
5 1 6
5 2 3
5 3 6
5 4 3
6 0 2
6 1 6
6 3 3
6 5 1
7 2 7
7 3 6
7 4 4
7 5 8
7 6 8
8 2 4
8 4 8
8 7 3
9 0 7
9 1 5
9 8 1
10 1 6
10 6 3
10 9 2
11 3 5
11 5 4
11 6 8
11 7 3
11 9 4
12 4 8
12 5 4
12 7 2
12 8 3
12 9 2
13 0 2
13 1 4
13 3 6
13 5 1
13 7 7
13 9 6
13 10 4
13 11 3
14 0 8
14 2 5
14 5 4
14 9 8
14 11 1
14 12 1
15 0 8
15 2 5
15 4 3
15 9 6
15 11 1
15 12 8
16 0 6
16 1 6
16 2 8
16 3 3
16 7 6
16 10 3
16 12 7
17 1 6
17 3 5
17 6 5
17 8 4
17 11 2
17 12 7
17 14 5
17 15 5
18 0 2
18 2 8
18 5 8
18 6 6
18 7 5
18 10 8
18 13 4
18 15 5
18 16 2
18 17 1
19 1 5
19 2 3
19 8 3
19 11 5
19 12 3
19 13 3
19 14 4
19 18 8
