30
1 0 12
2 0 3
2 1 12
3 0 9
3 1 1
3 2 8
4 0 10
4 1 2
4 2 10
4 3 13
5 0 11
5 1 3
5 2 5
5 3 5
5 4 9
6 0 3
6 1 10
6 2 5
6 3 3
6 4 5
6 5 13
7 0 4
7 1 6
7 2 8
7 3 10
7 4 9
7 5 14
7 6 3
8 0 8
8 1 6
8 2 1
8 3 5
8 4 7
8 5 5
8 6 1
8 7 10
9 0 5
9 1 11
9 2 8
9 3 3
9 4 14
9 5 9
9 6 4
9 7 14
9 8 14
10 0 13
10 1 7
10 2 1
10 3 11
10 4 8
10 5 8
10 6 3
10 7 2
10 8 14
10 9 8
11 0 12
11 1 9
11 2 8
11 3 11
11 4 7
11 5 6
11 6 4
11 7 5
11 8 10
11 9 10
11 10 4
12 0 3
12 1 3
12 2 14
12 3 14
12 4 5
12 5 7
12 6 12
12 7 12
12 8 4
12 9 5
12 10 11
12 11 1
13 0 14
13 1 8
13 2 2
13 3 1
13 4 9
13 5 6
13 6 11
13 7 1
13 8 14
13 9 13
13 10 8
13 11 1
13 12 11
14 0 14
14 1 9
14 2 1
14 3 7
14 4 8
14 5 10
14 6 2
14 7 2
14 8 4
14 9 1
14 10 2
14 11 4
14 12 6
14 13 10
15 0 6
15 1 4
15 2 14
15 3 5
15 4 12
15 5 11
15 6 14
15 7 3
15 8 8
15 9 13
15 10 8
15 11 10
15 12 8
15 13 7
15 14 13
16 0 9
16 1 1
16 2 2
16 3 4
16 4 5
16 5 9
16 6 1
16 7 2
16 8 2
16 9 12
16 10 13
16 11 14
16 12 8
16 13 5
16 14 4
16 15 12
17 0 4
17 1 13
17 2 6
17 3 12
17 4 10
17 5 14
17 6 10
17 7 8
17 8 6
17 9 8
17 10 3
17 11 1
17 12 1
17 13 5
17 14 6
17 15 8
17 16 4
18 0 4
18 1 4
18 2 10
18 3 14
18 4 5
18 5 3
18 6 11
18 7 13
18 8 11
18 9 7
18 10 9
18 11 4
18 12 8
18 13 14
18 14 9
18 15 4
18 16 7
18 17 3
19 0 6
19 1 14
19 2 7
19 3 14
19 4 5
19 5 5
19 6 13
19 7 4
19 8 14
19 9 12
19 10 7
19 11 5
19 12 1
19 13 6
19 14 11
19 15 13
19 16 7
19 17 8
19 18 14
20 0 4
20 1 6
20 2 2
20 3 12
20 4 8
20 5 10
20 6 11
20 7 8
20 8 5
20 9 10
20 10 12
20 11 10
20 12 13
20 13 5
20 14 9
20 15 10
20 16 11
20 17 2
20 18 4
20 19 1
21 0 5
21 1 10
21 2 6
21 3 9
21 4 4
21 5 4
21 6 1
21 7 2
21 8 12
21 9 7
21 10 5
21 11 9
21 12 5
21 13 14
21 14 3
21 15 6
21 16 8
21 17 4
21 18 5
21 19 13
21 20 13
22 0 13
22 1 10
22 2 8
22 3 12
22 4 7
22 5 12
22 6 7
22 7 6
22 8 6
22 9 8
22 10 11
22 11 1
22 12 13
22 13 9
22 14 3
22 15 14
22 16 3
22 17 8
22 18 4
22 19 2
22 20 2
22 21 13
23 0 7
23 1 5
23 2 9
23 3 5
23 4 2
23 5 11
23 6 8
23 7 12
23 8 14
23 9 6
23 10 12
23 11 11
23 12 4
23 13 11
23 14 9
23 15 1
23 16 6
23 17 2
23 18 2
23 19 2
23 20 14
23 21 6
23 22 13
24 0 6
24 1 5
24 2 9
24 3 4
24 4 4
24 5 4
24 6 5
24 7 7
24 8 11
24 9 12
24 10 8
24 11 7
24 12 13
24 13 12
24 14 12
24 15 6
24 16 10
24 17 9
24 18 1
24 19 12
24 20 8
24 21 6
24 22 8
24 23 11
25 0 4
25 1 7
25 2 14
25 3 9
25 4 10
25 5 14
25 6 10
25 7 12
25 8 2
25 9 9
25 10 1
25 11 14
25 12 10
25 13 6
25 14 7
25 15 13
25 16 12
25 17 1
25 18 2
25 19 6
25 20 13
25 21 8
25 22 1
25 23 3
25 24 8
26 0 1
26 1 13
26 2 13
26 3 7
26 4 7
26 5 2
26 6 7
26 7 8
26 8 6
26 9 11
26 10 12
26 11 6
26 12 14
26 13 5
26 14 3
26 15 14
26 16 1
26 17 3
26 18 2
26 19 1
26 20 14
26 21 13
26 22 3
26 23 10
26 24 7
26 25 6
27 0 5
27 1 5
27 2 4
27 3 13
27 4 14
27 5 9
27 6 2
27 7 5
27 8 10
27 9 5
27 10 1
27 11 6
27 12 5
27 13 3
27 14 14
27 15 12
27 16 11
27 17 13
27 18 2
27 19 1
27 20 4
27 21 9
27 22 1
27 23 7
27 24 4
27 25 7
27 26 5
28 0 12
28 1 5
28 2 12
28 3 1
28 4 5
28 5 12
28 6 9
28 7 13
28 8 4
28 9 4
28 10 14
28 11 10
28 12 7
28 13 14
28 14 9
28 15 8
28 16 3
28 17 8
28 18 9
28 19 8
28 20 6
28 21 10
28 22 3
28 23 10
28 24 1
28 25 6
28 26 1
28 27 4
29 0 4
29 1 13
29 2 11
29 3 8
29 4 14
29 5 5
29 6 9
29 7 10
29 8 12
29 9 14
29 10 14
29 11 3
29 12 2
29 13 13
29 14 4
29 15 3
29 16 7
29 17 4
29 18 2
29 19 5
29 20 1
29 21 11
29 22 2
29 23 4
29 24 11
29 25 12
29 26 10
29 27 7
29 28 1
