40
1 0 9
2 0 9
2 1 9
3 0 8
3 1 7
3 2 2
4 0 6
4 1 6
4 2 10
4 3 2
5 0 7
5 1 2
5 2 4
5 3 3
5 4 9
6 0 10
6 1 1
6 2 4
6 3 10
6 4 6
6 5 7
7 0 1
7 1 2
7 2 3
7 3 1
7 4 9
7 5 8
7 6 1
8 0 5
8 1 1
8 2 9
8 3 11
8 4 10
8 5 6
8 6 11
8 7 11
9 0 8
9 1 9
9 2 5
9 3 10
9 4 1
9 5 10
9 6 8
9 7 3
9 8 8
10 0 1
10 1 6
10 2 4
10 3 10
10 4 3
10 5 11
10 6 5
10 7 9
10 8 9
10 9 10
11 0 9
11 1 11
11 2 10
11 3 11
11 4 10
11 5 11
11 6 8
11 7 11
11 8 7
11 9 4
11 10 2
12 0 10
12 1 8
12 2 6
12 3 2
12 4 6
12 5 6
12 6 1
12 7 4
12 8 1
12 9 1
12 10 6
12 11 4
13 0 6
13 1 2
13 2 2
13 3 9
13 4 3
13 5 11
13 6 6
13 7 4
13 8 1
13 9 6
13 10 7
13 11 2
13 12 8
14 0 1
14 1 1
14 2 3
14 3 9
14 4 8
14 5 3
14 6 6
14 7 3
14 8 1
14 9 5
14 10 4
14 11 1
14 12 8
14 13 5
15 0 7
15 1 11
15 2 7
15 3 11
15 4 11
15 5 2
15 6 10
15 7 8
15 8 7
15 9 8
15 10 11
15 11 10
15 12 7
15 13 4
15 14 5
16 0 5
16 1 7
16 2 4
16 3 11
16 4 10
16 5 8
16 6 2
16 7 6
16 8 1
16 9 1
16 10 5
16 11 4
16 12 5
16 13 1
16 14 11
16 15 7
17 0 8
17 1 8
17 2 3
17 3 8
17 4 9
17 5 4
17 6 7
17 7 10
17 8 8
17 9 6
17 10 5
17 11 7
17 12 4
17 13 4
17 14 8
17 15 6
17 16 2
18 0 10
18 1 4
18 2 1
18 3 1
18 4 7
18 5 3
18 6 3
18 7 8
18 8 8
18 9 11
18 10 4
18 11 3
18 12 6
18 13 10
18 14 8
18 15 6
18 16 3
18 17 9
19 0 3
19 1 5
19 2 10
19 3 11
19 4 6
19 5 11
19 6 5
19 7 5
19 8 3
19 9 4
19 10 5
19 11 5
19 12 10
19 13 6
19 14 4
19 15 2
19 16 5
19 17 7
19 18 7
20 0 4
20 1 10
20 2 2
20 3 10
20 4 5
20 5 4
20 6 9
20 7 3
20 8 8
20 9 11
20 10 3
20 11 6
20 12 6
20 13 7
20 14 9
20 15 2
20 16 4
20 17 3
20 18 7
20 19 1
21 0 8
21 1 8
21 2 9
21 3 5
21 4 8
21 5 1
21 6 5
21 7 11
21 8 9
21 9 10
21 10 9
21 11 7
21 12 9
21 13 7
21 14 9
21 15 4
21 16 8
21 17 4
21 18 6
21 19 4
21 20 1
22 0 5
22 1 11
22 2 5
22 3 2
22 4 11
22 5 3
22 6 10
22 7 4
22 8 1
22 9 5
22 10 8
22 11 11
22 12 6
22 13 4
22 14 11
22 15 4
22 16 10
22 17 7
22 18 5
22 19 11
22 20 10
22 21 9
23 0 3
23 1 7
23 2 10
23 3 9
23 4 10
23 5 7
23 6 8
23 7 9
23 8 11
23 9 5
23 10 8
23 11 7
23 12 4
23 13 7
23 14 11
23 15 5
23 16 8
23 17 5
23 18 7
23 19 1
23 20 8
23 21 9
23 22 8
24 0 10
24 1 11
24 2 7
24 3 3
24 4 9
24 5 4
24 6 11
24 7 4
24 8 4
24 9 4
24 10 3
24 11 11
24 12 6
24 13 9
24 14 8
24 15 10
24 16 7
24 17 4
24 18 9
24 19 10
24 20 6
24 21 10
24 22 1
24 23 11
25 0 4
25 1 1
25 2 6
25 3 4
25 4 9
25 5 8
25 6 11
25 7 11
25 8 9
25 9 4
25 10 2
25 11 2
25 12 6
25 13 3
25 14 6
25 15 8
25 16 5
25 17 3
25 18 3
25 19 8
25 20 11
25 21 1
25 22 7
25 23 11
25 24 5
26 0 10
26 1 3
26 2 9
26 3 6
26 4 3
26 5 9
26 6 3
26 7 1
26 8 3
26 9 10
26 10 9
26 11 7
26 12 1
26 13 3
26 14 11
26 15 7
26 16 2
26 17 11
26 18 7
26 19 9
26 20 5
26 21 8
26 22 6
26 23 6
26 24 5
26 25 5
27 0 4
27 1 4
27 2 11
27 3 5
27 4 10
27 5 3
27 6 10
27 7 9
27 8 6
27 9 11
27 10 5
27 11 5
27 12 9
27 13 9
27 14 3
27 15 6
27 16 3
27 17 7
27 18 5
27 19 5
27 20 11
27 21 1
27 22 2
27 23 2
27 24 2
27 25 5
27 26 7
28 0 9
28 1 9
28 2 5
28 3 5
28 4 7
28 5 5
28 6 1
28 7 5
28 8 1
28 9 5
28 10 6
28 11 5
28 12 4
28 13 6
28 14 4
28 15 9
28 16 2
28 17 5
28 18 7
28 19 4
28 20 3
28 21 2
28 22 8
28 23 10
28 24 11
28 25 11
28 26 11
28 27 2
29 0 2
29 1 8
29 2 7
29 3 4
29 4 5
29 5 5
29 6 10
29 7 11
29 8 7
29 9 8
29 10 5
29 11 2
29 12 9
29 13 9
29 14 8
29 15 6
29 16 8
29 17 5
29 18 5
29 19 6
29 20 3
29 21 4
29 22 7
29 23 9
29 24 5
29 25 1
29 26 10
29 27 6
29 28 2
30 0 7
30 1 3
30 2 4
30 3 3
30 4 3
30 5 11
30 6 4
30 7 2
30 8 7
30 9 1
30 10 7
30 11 2
30 12 3
30 13 1
30 14 7
30 15 6
30 16 11
30 17 9
30 18 9
30 19 4
30 20 2
30 21 11
30 22 11
30 23 10
30 24 6
30 25 5
30 26 9
30 27 2
30 28 10
30 29 6
31 0 8
31 1 10
31 2 10
31 3 3
31 4 10
31 5 8
31 6 9
31 7 4
31 8 11
31 9 7
31 10 4
31 11 7
31 12 8
31 13 7
31 14 10
31 15 3
31 16 9
31 17 2
31 18 11
31 19 4
31 20 2
31 21 6
31 22 5
31 23 11
31 24 11
31 25 8
31 26 10
31 27 7
31 28 2
31 29 10
31 30 3
32 0 8
32 1 11
32 2 8
32 3 3
32 4 8
32 5 2
32 6 7
32 7 5
32 8 11
32 9 8
32 10 2
32 11 5
32 12 7
32 13 6
32 14 3
32 15 9
32 16 2
32 17 3
32 18 3
32 19 7
32 20 7
32 21 5
32 22 9
32 23 11
32 24 1
32 25 3
32 26 11
32 27 3
32 28 2
32 29 8
32 30 8
32 31 10
33 0 1
33 1 6
33 2 4
33 3 4
33 4 7
33 5 3
33 6 11
33 7 1
33 8 1
33 9 1
33 10 3
33 11 6
33 12 6
33 13 9
33 14 10
33 15 8
33 16 9
33 17 9
33 18 3
33 19 5
33 20 11
33 21 7
33 22 5
33 23 6
33 24 11
33 25 2
33 26 8
33 27 2
33 28 7
33 29 5
33 30 8
33 31 4
33 32 8
34 0 6
34 1 2
34 2 1
34 3 8
34 4 4
34 5 3
34 6 6
34 7 10
34 8 10
34 9 8
34 10 11
34 11 9
34 12 10
34 13 9
34 14 4
34 15 7
34 16 8
34 17 8
34 18 6
34 19 3
34 20 11
34 21 9
34 22 4
34 23 9
34 24 7
34 25 1
34 26 6
34 27 11
34 28 4
34 29 5
34 30 9
34 31 10
34 32 1
34 33 7
35 0 4
35 1 3
35 2 1
35 3 6
35 4 3
35 5 7
35 6 9
35 7 3
35 8 6
35 9 2
35 10 9
35 11 7
35 12 11
35 13 7
35 14 3
35 15 3
35 16 9
35 17 7
35 18 11
35 19 10
35 20 7
35 21 7
35 22 8
35 23 6
35 24 11
35 25 5
35 26 4
35 27 4
35 28 1
35 29 4
35 30 7
35 31 4
35 32 3
35 33 10
35 34 11
36 0 3
36 1 4
36 2 4
36 3 6
36 4 11
36 5 6
36 6 4
36 7 8
36 8 4
36 9 5
36 10 5
36 11 2
36 12 2
36 13 3
36 14 10
36 15 3
36 16 5
36 17 8
36 18 10
36 19 3
36 20 11
36 21 8
36 22 5
36 23 4
36 24 1
36 25 7
36 26 8
36 27 5
36 28 1
36 29 7
36 30 6
36 31 1
36 32 6
36 33 4
36 34 9
36 35 4
37 0 5
37 1 9
37 2 10
37 3 1
37 4 3
37 5 2
37 6 10
37 7 9
37 8 7
37 9 8
37 10 7
37 11 5
37 12 6
37 13 10
37 14 7
37 15 2
37 16 3
37 17 10
37 18 9
37 19 8
37 20 1
37 21 3
37 22 10
37 23 1
37 24 8
37 25 1
37 26 5
37 27 8
37 28 5
37 29 3
37 30 5
37 31 4
37 32 4
37 33 3
37 34 3
37 35 8
37 36 9
38 0 11
38 1 11
38 2 9
38 3 7
38 4 7
38 5 6
38 6 11
38 7 2
38 8 6
38 9 11
38 10 3
38 11 4
38 12 4
38 13 9
38 14 7
38 15 9
38 16 3
38 17 5
38 18 6
38 19 6
38 20 2
38 21 10
38 22 9
38 23 6
38 24 5
38 25 3
38 26 3
38 27 1
38 28 1
38 29 7
38 30 4
38 31 4
38 32 11
38 33 11
38 34 3
38 35 6
38 36 3
38 37 8
39 0 3
39 1 3
39 2 4
39 3 7
39 4 9
39 5 1
39 6 7
39 7 3
39 8 9
39 9 2
39 10 1
39 11 2
39 12 3
39 13 3
39 14 8
39 15 3
39 16 5
39 17 1
39 18 6
39 19 8
39 20 3
39 21 7
39 22 6
39 23 8
39 24 10
39 25 2
39 26 5
39 27 4
39 28 5
39 29 4
39 30 5
39 31 8
39 32 4
39 33 5
39 34 3
39 35 1
39 36 8
39 37 3
39 38 7
