30
1 0 1
2 0 3
2 1 4
3 0 1
3 1 5
3 2 4
4 0 4
4 1 3
4 2 5
4 3 1
5 0 3
5 1 3
5 2 5
5 3 3
5 4 2
6 0 5
6 1 3
6 2 4
6 3 1
6 4 1
6 5 4
7 0 3
7 1 2
7 2 3
7 3 2
7 4 2
7 5 5
7 6 2
8 0 5
8 1 5
8 2 2
8 3 3
8 4 2
8 5 2
8 6 1
8 7 2
9 0 2
9 1 1
9 2 2
9 3 2
9 4 4
9 5 1
9 6 3
9 7 1
9 8 1
10 0 5
10 1 5
10 2 5
10 3 3
10 4 1
10 5 3
10 6 1
10 7 4
10 8 5
10 9 3
11 0 4
11 1 4
11 2 5
11 3 5
11 4 4
11 5 3
11 6 5
11 7 1
11 8 3
11 9 4
11 10 4
12 0 5
12 1 1
12 2 2
12 3 3
12 4 2
12 5 1
12 6 5
12 7 5
12 8 2
12 9 4
12 10 5
12 11 5
13 0 1
13 1 1
13 2 4
13 3 2
13 4 4
13 5 4
13 6 5
13 7 5
13 8 4
13 9 2
13 10 4
13 11 4
13 12 3
14 0 4
14 1 1
14 2 2
14 3 4
14 4 1
14 5 5
14 6 2
14 7 2
14 8 3
14 9 4
14 10 2
14 11 2
14 12 3
14 13 3
15 0 1
15 1 4
15 2 2
15 3 4
15 4 5
15 5 5
15 6 3
15 7 2
15 8 2
15 9 5
15 10 3
15 11 4
15 12 2
15 13 5
15 14 5
16 0 4
16 1 4
16 2 5
16 3 1
16 4 5
16 5 1
16 6 5
16 7 2
16 8 2
16 9 3
16 10 2
16 11 3
16 12 1
16 13 4
16 14 4
16 15 4
17 0 3
17 1 4
17 2 4
17 3 4
17 4 3
17 5 4
17 6 3
17 7 4
17 8 3
17 9 3
17 10 3
17 11 3
17 12 2
17 13 2
17 14 2
17 15 3
17 16 5
18 0 3
18 1 4
18 2 3
18 3 5
18 4 5
18 5 1
18 6 3
18 7 3
18 8 2
18 9 5
18 10 5
18 11 2
18 12 3
18 13 5
18 14 2
18 15 4
18 16 2
18 17 1
19 0 4
19 1 4
19 2 2
19 3 1
19 4 5
19 5 1
19 6 3
19 7 5
19 8 3
19 9 5
19 10 4
19 11 2
19 12 2
19 13 4
19 14 3
19 15 5
19 16 3
19 17 1
19 18 4
20 0 4
20 1 5
20 2 1
20 3 1
20 4 5
20 5 1
20 6 5
20 7 2
20 8 4
20 9 4
20 10 4
20 11 3
20 12 5
20 13 2
20 14 5
20 15 4
20 16 5
20 17 4
20 18 2
20 19 5
21 0 4
21 1 5
21 2 2
21 3 1
21 4 2
21 5 2
21 6 1
21 7 2
21 8 4
21 9 5
21 10 4
21 11 4
21 12 2
21 13 1
21 14 5
21 15 1
21 16 5
21 17 3
21 18 3
21 19 4
21 20 2
22 0 4
22 1 5
22 2 4
22 3 3
22 4 3
22 5 4
22 6 4
22 7 4
22 8 3
22 9 1
22 10 4
22 11 3
22 12 4
22 13 1
22 14 1
22 15 1
22 16 4
22 17 1
22 18 3
22 19 2
22 20 2
22 21 4
23 0 3
23 1 2
23 2 1
23 3 1
23 4 5
23 5 1
23 6 5
23 7 5
23 8 2
23 9 4
23 10 1
23 11 3
23 12 2
23 13 1
23 14 3
23 15 5
23 16 2
23 17 4
23 18 5
23 19 1
23 20 2
23 21 3
23 22 4
24 0 2
24 1 1
24 2 1
24 3 5
24 4 5
24 5 3
24 6 5
24 7 3
24 8 5
24 9 5
24 10 1
24 11 2
24 12 2
24 13 5
24 14 4
24 15 3
24 16 2
24 17 2
24 18 2
24 19 2
24 20 3
24 21 1
24 22 1
24 23 5
25 0 3
25 1 4
25 2 3
25 3 4
25 4 5
25 5 1
25 6 5
25 7 3
25 8 1
25 9 1
25 10 2
25 11 4
25 12 5
25 13 1
25 14 3
25 15 2
25 16 4
25 17 1
25 18 5
25 19 3
25 20 4
25 21 4
25 22 3
25 23 3
25 24 4
26 0 3
26 1 4
26 2 2
26 3 5
26 4 3
26 5 4
26 6 3
26 7 5
26 8 1
26 9 3
26 10 1
26 11 3
26 12 2
26 13 3
26 14 4
26 15 5
26 16 5
26 17 4
26 18 4
26 19 2
26 20 4
26 21 5
26 22 2
26 23 5
26 24 1
26 25 3
27 0 1
27 1 4
27 2 5
27 3 4
27 4 4
27 5 2
27 6 3
27 7 1
27 8 4
27 9 1
27 10 2
27 11 5
27 12 4
27 13 5
27 14 2
27 15 4
27 16 1
27 17 2
27 18 3
27 19 5
27 20 5
27 21 2
27 22 5
27 23 3
27 24 4
27 25 5
27 26 1
28 0 2
28 1 4
28 2 2
28 3 2
28 4 4
28 5 1
28 6 1
28 7 1
28 8 4
28 9 2
28 10 3
28 11 2
28 12 5
28 13 4
28 14 2
28 15 4
28 16 2
28 17 3
28 18 2
28 19 3
28 20 2
28 21 5
28 22 3
28 23 2
28 24 4
28 25 3
28 26 2
28 27 4
29 0 1
29 1 5
29 2 1
29 3 2
29 4 2
29 5 1
29 6 3
29 7 3
29 8 2
29 9 1
29 10 1
29 11 4
29 12 2
29 13 1
29 14 1
29 15 3
29 16 1
29 17 3
29 18 1
29 19 5
29 20 5
29 21 5
29 22 5
29 23 1
29 24 1
29 25 3
29 26 2
29 27 1
29 28 3
