70
1 0 1
2 0 1
2 1 1
3 0 2
3 1 1
3 2 2
4 0 1
4 1 1
4 2 1
4 3 2
5 0 1
5 1 1
5 2 2
5 3 1
5 4 2
6 0 2
6 1 1
6 2 2
6 3 1
6 4 1
6 5 1
7 0 1
7 1 2
7 2 2
7 3 2
7 4 2
7 5 2
7 6 1
8 0 2
8 1 2
8 2 1
8 3 2
8 4 1
8 5 2
8 6 1
8 7 2
9 0 1
9 1 2
9 2 1
9 3 2
9 4 1
9 5 1
9 6 1
9 7 1
9 8 1
10 0 2
10 1 2
10 2 2
10 3 2
10 4 1
10 5 2
10 6 2
10 7 2
10 8 2
10 9 1
11 0 1
11 1 1
11 2 2
11 3 1
11 4 1
11 5 2
11 6 2
11 7 2
11 8 2
11 9 1
11 10 2
12 0 2
12 1 2
12 2 2
12 3 2
12 4 1
12 5 2
12 6 2
12 7 2
12 8 2
12 9 2
12 10 2
12 11 2
13 0 2
13 1 1
13 2 1
13 3 1
13 4 1
13 5 1
13 6 1
13 7 1
13 8 2
13 9 1
13 10 2
13 11 1
13 12 1
14 0 2
14 1 2
14 2 1
14 3 2
14 4 1
14 5 2
14 6 1
14 7 2
14 8 1
14 9 1
14 10 1
14 11 2
14 12 2
14 13 1
15 0 1
15 1 2
15 2 2
15 3 2
15 4 2
15 5 1
15 6 1
15 7 2
15 8 1
15 9 1
15 10 1
15 11 2
15 12 2
15 13 2
15 14 2
16 0 2
16 1 1
16 2 2
16 3 2
16 4 2
16 5 1
16 6 2
16 7 1
16 8 1
16 9 2
16 10 2
16 11 1
16 12 1
16 13 1
16 14 1
16 15 1
17 0 2
17 1 2
17 2 1
17 3 2
17 4 1
17 5 2
17 6 2
17 7 1
17 8 2
17 9 1
17 10 1
17 11 1
17 12 2
17 13 1
17 14 2
17 15 1
17 16 2
18 0 2
18 1 1
18 2 1
18 3 2
18 4 1
18 5 2
18 6 2
18 7 1
18 8 2
18 9 2
18 10 2
18 11 1
18 12 1
18 13 1
18 14 2
18 15 2
18 16 2
18 17 2
19 0 2
19 1 2
19 2 1
19 3 2
19 4 2
19 5 1
19 6 1
19 7 2
19 8 2
19 9 2
19 10 2
19 11 2
19 12 1
19 13 2
19 14 2
19 15 2
19 16 2
19 17 1
19 18 1
20 0 1
20 1 2
20 2 2
20 3 2
20 4 1
20 5 1
20 6 2
20 7 2
20 8 2
20 9 1
20 10 1
20 11 2
20 12 2
20 13 1
20 14 1
20 15 2
20 16 2
20 17 2
20 18 1
20 19 2
21 0 2
21 1 2
21 2 2
21 3 1
21 4 2
21 5 1
21 6 2
21 7 2
21 8 1
21 9 1
21 10 2
21 11 2
21 12 2
21 13 1
21 14 1
21 15 1
21 16 1
21 17 1
21 18 1
21 19 1
21 20 1
22 0 2
22 1 2
22 2 1
22 3 2
22 4 1
22 5 1
22 6 1
22 7 2
22 8 1
22 9 2
22 10 1
22 11 1
22 12 2
22 13 2
22 14 2
22 15 1
22 16 2
22 17 1
22 18 2
22 19 2
22 20 2
22 21 1
23 0 1
23 1 1
23 2 1
23 3 1
23 4 1
23 5 2
23 6 1
23 7 1
23 8 1
23 9 2
23 10 2
23 11 1
23 12 2
23 13 2
23 14 1
23 15 2
23 16 2
23 17 2
23 18 1
23 19 1
23 20 1
23 21 1
23 22 2
24 0 2
24 1 1
24 2 2
24 3 1
24 4 2
24 5 1
24 6 1
24 7 1
24 8 2
24 9 2
24 10 1
24 11 1
24 12 1
24 13 2
24 14 1
24 15 2
24 16 2
24 17 1
24 18 2
24 19 2
24 20 1
24 21 2
24 22 1
24 23 2
25 0 1
25 1 2
25 2 2
25 3 2
25 4 2
25 5 1
25 6 1
25 7 2
25 8 2
25 9 2
25 10 1
25 11 2
25 12 1
25 13 2
25 14 1
25 15 1
25 16 1
25 17 2
25 18 1
25 19 1
25 20 2
25 21 1
25 22 2
25 23 2
25 24 2
26 0 1
26 1 2
26 2 1
26 3 1
26 4 2
26 5 2
26 6 2
26 7 1
26 8 2
26 9 1
26 10 1
26 11 2
26 12 2
26 13 1
26 14 1
26 15 1
26 16 1
26 17 1
26 18 2
26 19 2
26 20 1
26 21 1
26 22 1
26 23 1
26 24 2
26 25 2
27 0 1
27 1 2
27 2 1
27 3 2
27 4 2
27 5 2
27 6 1
27 7 1
27 8 1
27 9 1
27 10 1
27 11 1
27 12 1
27 13 1
27 14 1
27 15 2
27 16 1
27 17 2
27 18 2
27 19 1
27 20 1
27 21 1
27 22 1
27 23 2
27 24 2
27 25 2
27 26 2
28 0 2
28 1 2
28 2 1
28 3 1
28 4 2
28 5 1
28 6 2
28 7 1
28 8 2
28 9 2
28 10 1
28 11 2
28 12 1
28 13 1
28 14 2
28 15 1
28 16 2
28 17 1
28 18 2
28 19 2
28 20 2
28 21 1
28 22 1
28 23 2
28 24 2
28 25 2
28 26 1
28 27 2
29 0 2
29 1 2
29 2 2
29 3 1
29 4 1
29 5 2
29 6 2
29 7 2
29 8 1
29 9 1
29 10 2
29 11 1
29 12 2
29 13 2
29 14 1
29 15 1
29 16 1
29 17 2
29 18 2
29 19 1
29 20 2
29 21 1
29 22 1
29 23 1
29 24 2
29 25 1
29 26 1
29 27 1
29 28 2
30 0 1
30 1 1
30 2 1
30 3 1
30 4 2
30 5 2
30 6 2
30 7 2
30 8 2
30 9 1
30 10 1
30 11 1
30 12 2
30 13 1
30 14 1
30 15 2
30 16 1
30 17 2
30 18 2
30 19 2
30 20 1
30 21 1
30 22 1
30 23 2
30 24 1
30 25 1
30 26 1
30 27 2
30 28 2
30 29 2
31 0 2
31 1 1
31 2 1
31 3 1
31 4 1
31 5 1
31 6 1
31 7 2
31 8 1
31 9 1
31 10 1
31 11 2
31 12 1
31 13 1
31 14 1
31 15 1
31 16 2
31 17 1
31 18 2
31 19 1
31 20 1
31 21 2
31 22 2
31 23 1
31 24 1
31 25 1
31 26 2
31 27 1
31 28 1
31 29 1
31 30 2
32 0 1
32 1 1
32 2 1
32 3 1
32 4 1
32 5 1
32 6 2
32 7 2
32 8 2
32 9 1
32 10 1
32 11 2
32 12 1
32 13 1
32 14 1
32 15 1
32 16 1
32 17 2
32 18 2
32 19 1
32 20 1
32 21 2
32 22 1
32 23 1
32 24 2
32 25 1
32 26 2
32 27 2
32 28 2
32 29 1
32 30 2
32 31 2
33 0 1
33 1 2
33 2 2
33 3 2
33 4 1
33 5 1
33 6 2
33 7 1
33 8 1
33 9 1
33 10 1
33 11 2
33 12 2
33 13 1
33 14 1
33 15 1
33 16 1
33 17 1
33 18 2
33 19 2
33 20 2
33 21 1
33 22 1
33 23 2
33 24 1
33 25 2
33 26 1
33 27 2
33 28 2
33 29 2
33 30 1
33 31 2
33 32 2
34 0 2
34 1 1
34 2 2
34 3 1
34 4 1
34 5 2
34 6 1
34 7 1
34 8 1
34 9 1
34 10 2
34 11 2
34 12 2
34 13 2
34 14 1
34 15 1
34 16 1
34 17 1
34 18 2
34 19 1
34 20 1
34 21 2
34 22 2
34 23 1
34 24 1
34 25 2
34 26 2
34 27 2
34 28 1
34 29 2
34 30 2
34 31 2
34 32 2
34 33 1
35 0 2
35 1 2
35 2 1
35 3 1
35 4 1
35 5 2
35 6 1
35 7 1
35 8 2
35 9 1
35 10 1
35 11 1
35 12 1
35 13 2
35 14 2
35 15 1
35 16 1
35 17 1
35 18 1
35 19 1
35 20 1
35 21 2
35 22 1
35 23 1
35 24 1
35 25 2
35 26 1
35 27 1
35 28 2
35 29 1
35 30 1
35 31 2
35 32 1
35 33 1
35 34 1
36 0 2
36 1 1
36 2 1
36 3 1
36 4 1
36 5 1
36 6 2
36 7 2
36 8 2
36 9 2
36 10 1
36 11 2
36 12 1
36 13 1
36 14 1
36 15 1
36 16 2
36 17 2
36 18 2
36 19 1
36 20 2
36 21 1
36 22 1
36 23 1
36 24 2
36 25 2
36 26 2
36 27 1
36 28 2
36 29 2
36 30 1
36 31 1
36 32 2
36 33 1
36 34 2
36 35 1
37 0 2
37 1 2
37 2 1
37 3 1
37 4 2
37 5 2
37 6 1
37 7 2
37 8 2
37 9 2
37 10 2
37 11 2
37 12 1
37 13 2
37 14 1
37 15 1
37 16 2
37 17 1
37 18 1
37 19 1
37 20 1
37 21 1
37 22 2
37 23 2
37 24 2
37 25 2
37 26 1
37 27 1
37 28 2
37 29 2
37 30 1
37 31 2
37 32 2
37 33 2
37 34 1
37 35 1
37 36 1
38 0 1
38 1 1
38 2 2
38 3 2
38 4 1
38 5 2
38 6 2
38 7 1
38 8 2
38 9 2
38 10 1
38 11 2
38 12 1
38 13 2
38 14 2
38 15 2
38 16 1
38 17 2
38 18 2
38 19 2
38 20 1
38 21 1
38 22 2
38 23 2
38 24 2
38 25 2
38 26 2
38 27 2
38 28 2
38 29 2
38 30 1
38 31 2
38 32 1
38 33 2
38 34 1
38 35 2
38 36 1
38 37 2
39 0 1
39 1 2
39 2 1
39 3 2
39 4 2
39 5 2
39 6 1
39 7 2
39 8 2
39 9 2
39 10 1
39 11 2
39 12 2
39 13 1
39 14 2
39 15 2
39 16 1
39 17 2
39 18 2
39 19 2
39 20 2
39 21 1
39 22 2
39 23 1
39 24 2
39 25 2
39 26 2
39 27 2
39 28 2
39 29 2
39 30 1
39 31 1
39 32 1
39 33 2
39 34 2
39 35 2
39 36 1
39 37 2
39 38 2
40 0 2
40 1 2
40 2 2
40 3 1
40 4 1
40 5 1
40 6 2
40 7 2
40 8 1
40 9 2
40 10 2
40 11 1
40 12 2
40 13 1
40 14 1
40 15 2
40 16 2
40 17 1
40 18 1
40 19 2
40 20 2
40 21 2
40 22 2
40 23 1
40 24 2
40 25 1
40 26 1
40 27 2
40 28 2
40 29 2
40 30 1
40 31 1
40 32 2
40 33 2
40 34 1
40 35 2
40 36 2
40 37 2
40 38 1
40 39 1
41 0 2
41 1 2
41 2 2
41 3 1
41 4 1
41 5 2
41 6 1
41 7 2
41 8 2
41 9 1
41 10 2
41 11 1
41 12 1
41 13 2
41 14 2
41 15 1
41 16 2
41 17 2
41 18 1
41 19 1
41 20 2
41 21 2
41 22 2
41 23 1
41 24 1
41 25 1
41 26 1
41 27 2
41 28 1
41 29 1
41 30 2
41 31 2
41 32 1
41 33 2
41 34 2
41 35 2
41 36 2
41 37 2
41 38 1
41 39 1
41 40 1
42 0 1
42 1 2
42 2 1
42 3 1
42 4 1
42 5 2
42 6 1
42 7 2
42 8 2
42 9 1
42 10 2
42 11 1
42 12 1
42 13 2
42 14 1
42 15 2
42 16 2
42 17 2
42 18 1
42 19 2
42 20 2
42 21 2
42 22 2
42 23 2
42 24 2
42 25 2
42 26 1
42 27 1
42 28 1
42 29 2
42 30 2
42 31 1
42 32 1
42 33 2
42 34 1
42 35 2
42 36 1
42 37 1
42 38 1
42 39 2
42 40 2
42 41 2
43 0 2
43 1 2
43 2 1
43 3 2
43 4 2
43 5 2
43 6 1
43 7 1
43 8 1
43 9 1
43 10 2
43 11 2
43 12 1
43 13 1
43 14 1
43 15 2
43 16 1
43 17 2
43 18 2
43 19 1
43 20 1
43 21 1
43 22 2
43 23 2
43 24 1
43 25 2
43 26 2
43 27 1
43 28 1
43 29 2
43 30 1
43 31 2
43 32 1
43 33 1
43 34 1
43 35 1
43 36 2
43 37 2
43 38 1
43 39 1
43 40 2
43 41 1
43 42 2
44 0 2
44 1 2
44 2 2
44 3 1
44 4 1
44 5 1
44 6 2
44 7 1
44 8 1
44 9 1
44 10 2
44 11 2
44 12 1
44 13 1
44 14 1
44 15 2
44 16 1
44 17 2
44 18 2
44 19 2
44 20 1
44 21 2
44 22 1
44 23 1
44 24 2
44 25 2
44 26 2
44 27 2
44 28 1
44 29 2
44 30 2
44 31 1
44 32 2
44 33 2
44 34 1
44 35 1
44 36 1
44 37 1
44 38 2
44 39 1
44 40 2
44 41 1
44 42 2
44 43 1
45 0 2
45 1 1
45 2 2
45 3 1
45 4 1
45 5 2
45 6 1
45 7 1
45 8 2
45 9 2
45 10 2
45 11 1
45 12 1
45 13 2
45 14 2
45 15 1
45 16 1
45 17 2
45 18 1
45 19 1
45 20 1
45 21 2
45 22 1
45 23 2
45 24 1
45 25 2
45 26 1
45 27 1
45 28 2
45 29 2
45 30 1
45 31 2
45 32 1
45 33 1
45 34 2
45 35 2
45 36 2
45 37 1
45 38 2
45 39 1
45 40 2
45 41 1
45 42 1
45 43 2
45 44 2
46 0 2
46 1 2
46 2 2
46 3 1
46 4 1
46 5 2
46 6 1
46 7 2
46 8 1
46 9 1
46 10 2
46 11 2
46 12 1
46 13 2
46 14 1
46 15 2
46 16 2
46 17 2
46 18 1
46 19 1
46 20 2
46 21 2
46 22 2
46 23 2
46 24 1
46 25 1
46 26 1
46 27 1
46 28 2
46 29 2
46 30 1
46 31 2
46 32 1
46 33 1
46 34 2
46 35 2
46 36 1
46 37 2
46 38 1
46 39 2
46 40 2
46 41 1
46 42 1
46 43 1
46 44 1
46 45 2
47 0 2
47 1 2
47 2 1
47 3 2
47 4 1
47 5 1
47 6 1
47 7 2
47 8 2
47 9 1
47 10 2
47 11 2
47 12 1
47 13 1
47 14 2
47 15 1
47 16 2
47 17 2
47 18 1
47 19 1
47 20 2
47 21 2
47 22 2
47 23 1
47 24 2
47 25 2
47 26 1
47 27 1
47 28 2
47 29 1
47 30 2
47 31 1
47 32 2
47 33 1
47 34 2
47 35 2
47 36 1
47 37 2
47 38 2
47 39 2
47 40 1
47 41 1
47 42 2
47 43 1
47 44 2
47 45 2
47 46 1
48 0 1
48 1 2
48 2 1
48 3 1
48 4 2
48 5 1
48 6 2
48 7 2
48 8 2
48 9 1
48 10 1
48 11 1
48 12 2
48 13 2
48 14 2
48 15 1
48 16 1
48 17 1
48 18 2
48 19 2
48 20 2
48 21 2
48 22 1
48 23 2
48 24 2
48 25 2
48 26 1
48 27 2
48 28 1
48 29 1
48 30 2
48 31 1
48 32 2
48 33 1
48 34 2
48 35 1
48 36 1
48 37 2
48 38 2
48 39 1
48 40 1
48 41 1
48 42 2
48 43 2
48 44 1
48 45 2
48 46 2
48 47 1
49 0 1
49 1 2
49 2 1
49 3 1
49 4 2
49 5 1
49 6 1
49 7 2
49 8 1
49 9 2
49 10 2
49 11 2
49 12 2
49 13 2
49 14 2
49 15 2
49 16 2
49 17 1
49 18 2
49 19 2
49 20 2
49 21 2
49 22 2
49 23 1
49 24 1
49 25 2
49 26 1
49 27 1
49 28 1
49 29 1
49 30 2
49 31 2
49 32 1
49 33 1
49 34 2
49 35 1
49 36 2
49 37 2
49 38 1
49 39 1
49 40 2
49 41 1
49 42 1
49 43 1
49 44 1
49 45 2
49 46 1
49 47 1
49 48 1
50 0 2
50 1 2
50 2 2
50 3 2
50 4 2
50 5 2
50 6 2
50 7 1
50 8 2
50 9 1
50 10 2
50 11 2
50 12 1
50 13 2
50 14 1
50 15 2
50 16 1
50 17 1
50 18 2
50 19 2
50 20 1
50 21 2
50 22 1
50 23 2
50 24 2
50 25 2
50 26 2
50 27 2
50 28 1
50 29 1
50 30 2
50 31 2
50 32 2
50 33 1
50 34 1
50 35 2
50 36 1
50 37 2
50 38 2
50 39 1
50 40 2
50 41 2
50 42 1
50 43 2
50 44 1
50 45 2
50 46 2
50 47 2
50 48 2
50 49 1
51 0 1
51 1 2
51 2 2
51 3 2
51 4 2
51 5 2
51 6 2
51 7 2
51 8 1
51 9 1
51 10 1
51 11 1
51 12 2
51 13 2
51 14 1
51 15 1
51 16 2
51 17 2
51 18 2
51 19 1
51 20 2
51 21 2
51 22 2
51 23 1
51 24 1
51 25 1
51 26 2
51 27 1
51 28 2
51 29 1
51 30 2
51 31 2
51 32 1
51 33 2
51 34 2
51 35 2
51 36 1
51 37 1
51 38 1
51 39 2
51 40 2
51 41 2
51 42 2
51 43 1
51 44 2
51 45 2
51 46 2
51 47 1
51 48 2
51 49 2
51 50 1
52 0 2
52 1 1
52 2 1
52 3 2
52 4 2
52 5 1
52 6 2
52 7 1
52 8 1
52 9 1
52 10 2
52 11 2
52 12 2
52 13 1
52 14 1
52 15 2
52 16 2
52 17 1
52 18 1
52 19 2
52 20 1
52 21 1
52 22 1
52 23 2
52 24 2
52 25 1
52 26 2
52 27 1
52 28 2
52 29 2
52 30 1
52 31 1
52 32 1
52 33 1
52 34 1
52 35 2
52 36 2
52 37 2
52 38 2
52 39 1
52 40 1
52 41 1
52 42 2
52 43 2
52 44 1
52 45 2
52 46 2
52 47 1
52 48 1
52 49 2
52 50 1
52 51 2
53 0 1
53 1 1
53 2 1
53 3 1
53 4 2
53 5 2
53 6 2
53 7 2
53 8 1
53 9 2
53 10 1
53 11 1
53 12 2
53 13 1
53 14 1
53 15 1
53 16 2
53 17 2
53 18 1
53 19 2
53 20 1
53 21 2
53 22 1
53 23 2
53 24 2
53 25 2
53 26 2
53 27 2
53 28 2
53 29 2
53 30 2
53 31 2
53 32 2
53 33 1
53 34 1
53 35 1
53 36 2
53 37 2
53 38 2
53 39 2
53 40 2
53 41 2
53 42 1
53 43 1
53 44 2
53 45 1
53 46 2
53 47 2
53 48 1
53 49 1
53 50 1
53 51 2
53 52 1
54 0 1
54 1 1
54 2 2
54 3 1
54 4 2
54 5 2
54 6 2
54 7 1
54 8 2
54 9 1
54 10 1
54 11 2
54 12 1
54 13 1
54 14 1
54 15 2
54 16 2
54 17 1
54 18 2
54 19 2
54 20 1
54 21 1
54 22 1
54 23 2
54 24 2
54 25 2
54 26 1
54 27 1
54 28 1
54 29 2
54 30 1
54 31 1
54 32 2
54 33 2
54 34 2
54 35 2
54 36 1
54 37 2
54 38 2
54 39 2
54 40 1
54 41 2
54 42 1
54 43 2
54 44 2
54 45 2
54 46 2
54 47 1
54 48 2
54 49 1
54 50 2
54 51 2
54 52 2
54 53 2
55 0 2
55 1 1
55 2 2
55 3 1
55 4 1
55 5 1
55 6 1
55 7 1
55 8 2
55 9 2
55 10 2
55 11 2
55 12 2
55 13 2
55 14 2
55 15 2
55 16 1
55 17 1
55 18 2
55 19 1
55 20 1
55 21 2
55 22 1
55 23 1
55 24 1
55 25 2
55 26 1
55 27 1
55 28 1
55 29 2
55 30 1
55 31 2
55 32 1
55 33 2
55 34 1
55 35 2
55 36 2
55 37 2
55 38 2
55 39 2
55 40 2
55 41 1
55 42 1
55 43 2
55 44 1
55 45 2
55 46 2
55 47 1
55 48 2
55 49 2
55 50 1
55 51 2
55 52 2
55 53 1
55 54 2
56 0 2
56 1 2
56 2 1
56 3 2
56 4 1
56 5 1
56 6 2
56 7 1
56 8 1
56 9 1
56 10 2
56 11 1
56 12 1
56 13 2
56 14 1
56 15 2
56 16 1
56 17 2
56 18 1
56 19 1
56 20 2
56 21 1
56 22 1
56 23 2
56 24 1
56 25 1
56 26 1
56 27 1
56 28 1
56 29 1
56 30 2
56 31 2
56 32 2
56 33 2
56 34 1
56 35 1
56 36 1
56 37 2
56 38 2
56 39 1
56 40 1
56 41 2
56 42 2
56 43 1
56 44 2
56 45 2
56 46 1
56 47 1
56 48 1
56 49 1
56 50 1
56 51 1
56 52 2
56 53 2
56 54 2
56 55 1
57 0 2
57 1 2
57 2 2
57 3 2
57 4 2
57 5 2
57 6 1
57 7 1
57 8 2
57 9 2
57 10 1
57 11 1
57 12 1
57 13 1
57 14 2
57 15 2
57 16 1
57 17 2
57 18 1
57 19 1
57 20 1
57 21 2
57 22 1
57 23 1
57 24 1
57 25 1
57 26 1
57 27 1
57 28 1
57 29 1
57 30 1
57 31 2
57 32 2
57 33 1
57 34 1
57 35 2
57 36 2
57 37 2
57 38 2
57 39 1
57 40 1
57 41 2
57 42 1
57 43 2
57 44 2
57 45 1
57 46 1
57 47 2
57 48 2
57 49 1
57 50 2
57 51 2
57 52 1
57 53 1
57 54 1
57 55 2
57 56 2
58 0 2
58 1 2
58 2 2
58 3 1
58 4 1
58 5 1
58 6 2
58 7 1
58 8 2
58 9 2
58 10 1
58 11 1
58 12 1
58 13 2
58 14 2
58 15 2
58 16 1
58 17 1
58 18 1
58 19 1
58 20 2
58 21 2
58 22 2
58 23 2
58 24 2
58 25 1
58 26 2
58 27 2
58 28 2
58 29 1
58 30 2
58 31 2
58 32 2
58 33 2
58 34 2
58 35 2
58 36 1
58 37 1
58 38 2
58 39 1
58 40 1
58 41 2
58 42 2
58 43 2
58 44 1
58 45 1
58 46 1
58 47 1
58 48 2
58 49 2
58 50 2
58 51 2
58 52 1
58 53 1
58 54 2
58 55 1
58 56 1
58 57 1
59 0 2
59 1 1
59 2 1
59 3 1
59 4 1
59 5 2
59 6 2
59 7 1
59 8 2
59 9 1
59 10 2
59 11 1
59 12 1
59 13 1
59 14 2
59 15 1
59 16 1
59 17 2
59 18 2
59 19 2
59 20 2
59 21 2
59 22 1
59 23 2
59 24 1
59 25 2
59 26 2
59 27 1
59 28 1
59 29 1
59 30 2
59 31 1
59 32 2
59 33 2
59 34 2
59 35 2
59 36 1
59 37 2
59 38 2
59 39 2
59 40 1
59 41 1
59 42 2
59 43 2
59 44 2
59 45 2
59 46 2
59 47 2
59 48 2
59 49 1
59 50 2
59 51 2
59 52 2
59 53 2
59 54 2
59 55 1
59 56 2
59 57 2
59 58 1
60 0 1
60 1 2
60 2 1
60 3 1
60 4 2
60 5 1
60 6 1
60 7 2
60 8 2
60 9 1
60 10 2
60 11 1
60 12 1
60 13 1
60 14 1
60 15 2
60 16 1
60 17 2
60 18 2
60 19 2
60 20 2
60 21 2
60 22 1
60 23 2
60 24 2
60 25 1
60 26 1
60 27 1
60 28 2
60 29 2
60 30 1
60 31 2
60 32 2
60 33 2
60 34 1
60 35 1
60 36 2
60 37 2
60 38 1
60 39 1
60 40 1
60 41 1
60 42 2
60 43 1
60 44 1
60 45 1
60 46 1
60 47 2
60 48 1
60 49 2
60 50 1
60 51 1
60 52 1
60 53 2
60 54 1
60 55 2
60 56 2
60 57 2
60 58 2
60 59 2
61 0 2
61 1 2
61 2 2
61 3 1
61 4 1
61 5 1
61 6 2
61 7 2
61 8 2
61 9 1
61 10 1
61 11 1
61 12 2
61 13 2
61 14 1
61 15 2
61 16 2
61 17 2
61 18 1
61 19 1
61 20 1
61 21 1
61 22 1
61 23 1
61 24 2
61 25 2
61 26 2
61 27 2
61 28 1
61 29 2
61 30 1
61 31 1
61 32 2
61 33 2
61 34 1
61 35 1
61 36 1
61 37 1
61 38 2
61 39 1
61 40 1
61 41 1
61 42 1
61 43 2
61 44 2
61 45 2
61 46 2
61 47 2
61 48 2
61 49 2
61 50 1
61 51 2
61 52 2
61 53 2
61 54 2
61 55 1
61 56 2
61 57 1
61 58 2
61 59 2
61 60 2
62 0 1
62 1 1
62 2 2
62 3 1
62 4 2
62 5 1
62 6 1
62 7 2
62 8 1
62 9 1
62 10 1
62 11 1
62 12 2
62 13 1
62 14 2
62 15 2
62 16 2
62 17 1
62 18 1
62 19 2
62 20 1
62 21 2
62 22 2
62 23 2
62 24 1
62 25 2
62 26 2
62 27 2
62 28 1
62 29 1
62 30 2
62 31 1
62 32 1
62 33 2
62 34 2
62 35 2
62 36 1
62 37 1
62 38 1
62 39 1
62 40 1
62 41 1
62 42 2
62 43 2
62 44 2
62 45 2
62 46 2
62 47 1
62 48 1
62 49 2
62 50 2
62 51 1
62 52 2
62 53 2
62 54 1
62 55 2
62 56 2
62 57 2
62 58 1
62 59 1
62 60 1
62 61 2
63 0 2
63 1 1
63 2 1
63 3 1
63 4 1
63 5 2
63 6 2
63 7 2
63 8 1
63 9 1
63 10 1
63 11 1
63 12 2
63 13 2
63 14 2
63 15 2
63 16 1
63 17 2
63 18 2
63 19 1
63 20 1
63 21 2
63 22 1
63 23 1
63 24 2
63 25 2
63 26 2
63 27 2
63 28 1
63 29 1
63 30 2
63 31 1
63 32 2
63 33 2
63 34 1
63 35 2
63 36 1
63 37 1
63 38 2
63 39 1
63 40 1
63 41 2
63 42 2
63 43 2
63 44 2
63 45 2
63 46 1
63 47 1
63 48 1
63 49 1
63 50 2
63 51 1
63 52 1
63 53 1
63 54 1
63 55 1
63 56 1
63 57 1
63 58 1
63 59 2
63 60 1
63 61 2
63 62 1
64 0 2
64 1 1
64 2 1
64 3 2
64 4 1
64 5 1
64 6 1
64 7 1
64 8 1
64 9 2
64 10 1
64 11 1
64 12 2
64 13 1
64 14 2
64 15 1
64 16 1
64 17 2
64 18 1
64 19 2
64 20 1
64 21 2
64 22 2
64 23 2
64 24 2
64 25 1
64 26 1
64 27 1
64 28 2
64 29 1
64 30 1
64 31 1
64 32 2
64 33 1
64 34 1
64 35 2
64 36 1
64 37 1
64 38 2
64 39 2
64 40 1
64 41 1
64 42 2
64 43 2
64 44 2
64 45 1
64 46 1
64 47 1
64 48 1
64 49 1
64 50 2
64 51 1
64 52 2
64 53 2
64 54 2
64 55 1
64 56 2
64 57 1
64 58 2
64 59 1
64 60 2
64 61 2
64 62 1
64 63 2
65 0 2
65 1 2
65 2 1
65 3 1
65 4 2
65 5 1
65 6 1
65 7 2
65 8 1
65 9 2
65 10 2
65 11 2
65 12 2
65 13 1
65 14 1
65 15 1
65 16 1
65 17 1
65 18 1
65 19 2
65 20 1
65 21 1
65 22 1
65 23 2
65 24 2
65 25 1
65 26 2
65 27 1
65 28 2
65 29 1
65 30 2
65 31 2
65 32 2
65 33 1
65 34 2
65 35 1
65 36 2
65 37 2
65 38 1
65 39 2
65 40 2
65 41 2
65 42 1
65 43 2
65 44 2
65 45 1
65 46 1
65 47 2
65 48 2
65 49 1
65 50 1
65 51 2
65 52 1
65 53 1
65 54 1
65 55 1
65 56 2
65 57 1
65 58 2
65 59 2
65 60 2
65 61 1
65 62 1
65 63 1
65 64 1
66 0 2
66 1 2
66 2 1
66 3 2
66 4 2
66 5 1
66 6 2
66 7 1
66 8 2
66 9 1
66 10 2
66 11 1
66 12 2
66 13 2
66 14 1
66 15 1
66 16 2
66 17 1
66 18 1
66 19 1
66 20 1
66 21 1
66 22 2
66 23 1
66 24 1
66 25 2
66 26 2
66 27 2
66 28 1
66 29 2
66 30 1
66 31 1
66 32 2
66 33 2
66 34 2
66 35 1
66 36 1
66 37 2
66 38 2
66 39 2
66 40 1
66 41 2
66 42 2
66 43 1
66 44 2
66 45 2
66 46 1
66 47 2
66 48 1
66 49 1
66 50 1
66 51 2
66 52 2
66 53 2
66 54 1
66 55 1
66 56 2
66 57 2
66 58 2
66 59 2
66 60 1
66 61 1
66 62 2
66 63 1
66 64 2
66 65 1
67 0 2
67 1 1
67 2 1
67 3 1
67 4 2
67 5 1
67 6 1
67 7 2
67 8 2
67 9 1
67 10 1
67 11 2
67 12 1
67 13 2
67 14 2
67 15 1
67 16 2
67 17 2
67 18 1
67 19 2
67 20 1
67 21 2
67 22 2
67 23 2
67 24 2
67 25 2
67 26 1
67 27 1
67 28 2
67 29 1
67 30 1
67 31 2
67 32 2
67 33 2
67 34 1
67 35 1
67 36 1
67 37 2
67 38 1
67 39 2
67 40 2
67 41 2
67 42 1
67 43 1
67 44 2
67 45 1
67 46 1
67 47 2
67 48 2
67 49 2
67 50 1
67 51 2
67 52 2
67 53 1
67 54 1
67 55 2
67 56 1
67 57 1
67 58 2
67 59 2
67 60 2
67 61 1
67 62 2
67 63 2
67 64 1
67 65 2
67 66 1
68 0 2
68 1 2
68 2 2
68 3 2
68 4 1
68 5 1
68 6 2
68 7 1
68 8 1
68 9 1
68 10 2
68 11 2
68 12 2
68 13 2
68 14 2
68 15 1
68 16 1
68 17 1
68 18 1
68 19 1
68 20 2
68 21 2
68 22 1
68 23 1
68 24 2
68 25 1
68 26 2
68 27 1
68 28 2
68 29 1
68 30 2
68 31 1
68 32 2
68 33 1
68 34 1
68 35 2
68 36 1
68 37 2
68 38 1
68 39 1
68 40 2
68 41 1
68 42 1
68 43 2
68 44 1
68 45 1
68 46 2
68 47 1
68 48 1
68 49 2
68 50 2
68 51 1
68 52 2
68 53 2
68 54 2
68 55 2
68 56 2
68 57 1
68 58 1
68 59 2
68 60 1
68 61 2
68 62 1
68 63 1
68 64 2
68 65 1
68 66 2
68 67 2
69 0 1
69 1 1
69 2 1
69 3 1
69 4 1
69 5 1
69 6 1
69 7 2
69 8 1
69 9 1
69 10 1
69 11 2
69 12 1
69 13 2
69 14 1
69 15 1
69 16 2
69 17 2
69 18 1
69 19 1
69 20 2
69 21 1
69 22 2
69 23 2
69 24 2
69 25 1
69 26 2
69 27 1
69 28 1
69 29 2
69 30 1
69 31 2
69 32 2
69 33 1
69 34 2
69 35 2
69 36 2
69 37 1
69 38 1
69 39 2
69 40 1
69 41 1
69 42 2
69 43 2
69 44 1
69 45 2
69 46 1
69 47 1
69 48 2
69 49 1
69 50 1
69 51 2
69 52 1
69 53 1
69 54 1
69 55 2
69 56 2
69 57 2
69 58 2
69 59 1
69 60 2
69 61 2
69 62 2
69 63 1
69 64 1
69 65 2
69 66 2
69 67 1
69 68 2
