70
3 2 2
4 0 2
4 1 4
4 2 2
4 3 3
5 0 5
5 3 4
5 4 8
6 2 7
6 4 3
6 5 3
7 1 1
7 2 8
7 4 3
8 0 5
8 2 3
8 4 4
8 5 8
9 1 3
9 2 6
9 3 3
9 4 3
10 3 4
10 7 5
10 9 7
11 1 3
11 2 7
11 3 2
11 4 1
11 5 1
11 6 4
11 7 8
12 0 4
12 1 3
12 2 8
12 4 6
12 5 8
12 6 8
12 7 3
12 8 5
12 9 2
12 10 3
12 11 8
13 0 3
13 3 3
13 6 6
13 8 5
14 0 5
14 1 6
14 2 2
14 3 8
14 4 2
14 7 8
14 11 7
15 0 2
15 1 5
15 2 3
15 3 3
15 4 3
15 6 7
15 7 4
15 14 3
16 0 5
16 1 1
16 2 2
16 3 5
16 6 4
16 7 8
16 9 8
16 10 4
16 13 2
17 1 2
17 2 1
17 5 3
17 6 8
17 9 4
17 10 2
17 12 3
17 13 5
17 15 3
18 1 8
18 2 5
18 3 7
18 6 3
18 7 5
18 9 2
18 10 5
18 12 5
18 13 3
18 15 5
18 16 2
18 17 4
19 4 4
19 5 6
19 9 7
19 10 7
19 11 5
19 14 7
19 15 2
19 16 6
19 17 5
19 18 8
20 0 2
20 1 4
20 2 6
20 4 2
20 8 8
20 10 4
20 11 1
20 12 1
20 15 8
20 16 2
20 18 4
20 19 8
21 1 4
21 2 3
21 4 8
21 5 2
21 9 5
21 10 1
21 11 2
21 14 1
21 15 6
21 17 3
21 20 4
22 1 3
22 3 4
22 4 7
22 10 7
22 12 1
22 14 3
22 16 5
22 17 5
22 20 5
23 0 7
23 1 8
23 3 7
23 4 5
23 6 8
23 8 6
23 9 5
23 13 4
23 16 4
23 18 4
23 19 6
24 1 8
24 3 4
24 6 7
24 7 2
24 8 1
24 11 7
24 12 3
24 14 8
24 16 8
24 17 4
24 19 5
24 23 7
25 0 3
25 1 7
25 2 7
25 5 7
25 6 8
25 8 2
25 9 1
25 11 4
25 13 2
25 14 1
25 15 7
25 16 6
25 17 3
25 24 3
26 4 6
26 5 3
26 6 8
26 7 2
26 11 8
26 14 1
26 19 6
26 20 4
26 22 5
26 25 6
27 0 5
27 4 7
27 7 2
27 9 6
27 10 1
27 11 5
27 12 4
27 15 5
27 18 2
27 21 4
27 22 1
27 24 6
27 26 4
28 1 4
28 3 1
28 8 5
28 9 1
28 12 3
28 14 8
28 18 8
28 19 7
28 21 1
28 23 4
28 24 8
28 26 5
29 0 2
29 4 3
29 5 4
29 6 1
29 7 6
29 8 2
29 9 4
29 10 8
29 14 3
29 17 1
29 18 1
29 20 7
29 21 5
29 22 1
29 23 8
29 24 5
29 25 3
29 28 1
30 1 8
30 2 8
30 3 5
30 5 2
30 10 6
30 11 1
30 16 4
30 17 3
30 18 4
30 19 8
30 20 3
30 21 4
30 22 3
30 23 4
30 25 5
30 27 7
30 29 1
31 0 3
31 1 6
31 2 1
31 5 6
31 7 1
31 9 2
31 11 4
31 12 8
31 13 5
31 15 6
31 16 4
31 18 3
31 19 3
31 20 7
31 22 4
31 23 5
31 25 2
31 27 1
31 28 6
31 29 2
32 3 3
32 6 8
32 7 5
32 9 6
32 13 5
32 16 6
32 17 1
32 18 4
32 19 2
32 20 2
32 21 2
32 22 7
32 24 2
32 25 8
32 29 3
32 30 8
33 1 1
33 2 4
33 3 4
33 4 3
33 6 3
33 7 3
33 8 4
33 9 3
33 10 7
33 11 6
33 12 5
33 13 2
33 14 6
33 15 5
33 19 4
33 20 3
33 22 7
33 25 6
33 30 6
34 0 2
34 3 8
34 5 2
34 6 6
34 9 5
34 12 5
34 13 5
34 14 6
34 16 5
34 19 8
34 20 3
34 25 6
34 29 5
34 30 5
35 2 6
35 3 1
35 4 5
35 5 8
35 8 1
35 9 6
35 15 1
35 16 4
35 20 3
35 23 3
35 24 2
35 25 5
35 27 2
35 33 3
35 34 4
36 2 8
36 5 2
36 8 1
36 11 7
36 14 8
36 15 6
36 17 4
36 20 3
36 21 3
36 22 5
36 25 7
36 32 2
36 34 7
36 35 6
37 4 6
37 6 2
37 7 4
37 8 2
37 9 3
37 15 6
37 17 7
37 21 6
37 22 6
37 23 3
37 24 6
37 25 4
37 27 7
37 31 5
37 33 7
38 3 8
38 4 7
38 6 3
38 8 5
38 11 2
38 13 6
38 16 5
38 18 5
38 19 8
38 20 7
38 24 1
38 25 7
38 26 3
38 27 1
38 28 1
38 29 6
38 30 6
38 36 7
39 0 6
39 6 2
39 7 1
39 9 2
39 11 2
39 12 2
39 14 8
39 20 7
39 21 7
39 22 6
39 24 1
39 25 8
39 26 6
39 27 8
39 28 8
39 29 1
39 30 4
39 32 7
39 33 7
39 38 4
40 1 1
40 2 1
40 3 4
40 4 6
40 8 1
40 10 8
40 18 4
40 21 2
40 22 4
40 23 1
40 29 8
40 30 4
40 34 3
40 37 3
41 3 6
41 6 3
41 7 3
41 10 1
41 11 3
41 15 1
41 16 3
41 19 4
41 21 5
41 25 6
41 26 7
41 28 8
41 32 1
41 33 1
41 34 6
41 37 3
41 38 2
41 39 5
41 40 6
42 0 8
42 1 6
42 2 1
42 3 4
42 4 6
42 6 3
42 9 6
42 11 4
42 14 3
42 15 8
42 18 6
42 19 8
42 20 4
42 21 2
42 22 4
42 24 4
42 26 3
42 30 5
42 32 1
42 33 4
42 34 3
42 38 6
42 39 2
43 4 6
43 5 5
43 6 2
43 9 1
43 12 4
43 13 5
43 14 4
43 15 6
43 17 8
43 19 4
43 21 1
43 22 4
43 23 1
43 25 6
43 26 3
43 28 4
43 29 7
43 30 3
43 31 8
43 32 7
43 33 4
43 36 1
43 37 7
43 38 7
43 39 8
43 40 5
43 42 6
44 3 4
44 4 2
44 7 2
44 12 4
44 16 6
44 18 7
44 20 6
44 21 1
44 22 1
44 24 6
44 27 3
44 28 6
44 29 3
44 30 4
44 31 3
44 33 4
44 34 3
44 36 4
44 38 3
44 39 6
44 40 8
44 41 8
45 0 8
45 2 4
45 4 3
45 8 8
45 10 4
45 16 3
45 17 3
45 18 1
45 20 4
45 21 4
45 25 8
45 26 1
45 28 8
45 29 4
45 30 2
45 32 5
45 33 1
45 34 5
45 36 5
45 38 3
45 42 5
45 43 3
45 44 7
46 0 2
46 1 3
46 10 5
46 11 6
46 16 1
46 17 5
46 19 7
46 32 5
46 34 6
46 36 2
46 37 7
46 38 7
46 39 3
46 43 5
46 44 2
47 1 2
47 2 8
47 3 5
47 4 3
47 5 5
47 7 8
47 9 6
47 10 8
47 11 7
47 12 5
47 14 4
47 15 6
47 17 3
47 18 6
47 21 3
47 22 2
47 23 8
47 24 3
47 25 1
47 27 6
47 28 2
47 29 6
47 31 4
47 33 4
47 37 5
47 41 4
47 42 3
47 43 1
47 44 2
47 45 3
48 0 7
48 2 1
48 3 7
48 5 1
48 6 3
48 7 5
48 9 5
48 11 1
48 12 4
48 13 5
48 15 4
48 17 1
48 18 4
48 19 7
48 20 4
48 23 3
48 31 3
48 33 8
48 34 7
48 35 6
48 36 8
48 38 8
48 39 1
48 40 4
48 41 5
48 42 3
48 44 4
48 45 1
48 47 2
49 0 6
49 2 1
49 7 5
49 9 4
49 10 8
49 12 8
49 13 7
49 16 8
49 17 2
49 18 5
49 23 8
49 24 4
49 26 4
49 28 1
49 30 5
49 32 2
49 35 7
49 39 4
49 40 1
49 42 7
49 47 5
49 48 2
50 1 8
50 3 5
50 5 2
50 6 4
50 7 4
50 8 5
50 9 7
50 10 3
50 12 7
50 13 6
50 15 8
50 16 1
50 18 5
50 24 5
50 25 1
50 26 1
50 27 8
50 28 1
50 32 6
50 35 3
50 36 8
50 38 5
50 39 8
50 41 6
50 42 5
50 44 6
50 46 2
51 3 5
51 4 5
51 5 3
51 6 8
51 7 6
51 11 7
51 15 4
51 16 5
51 17 2
51 21 8
51 23 4
51 28 5
51 29 3
51 34 4
51 39 8
51 40 3
51 44 8
51 45 7
51 46 2
51 49 7
51 50 1
52 0 2
52 1 5
52 2 8
52 3 5
52 4 2
52 5 3
52 7 6
52 8 3
52 11 7
52 12 4
52 15 5
52 16 3
52 17 8
52 18 7
52 21 3
52 23 8
52 25 5
52 26 3
52 27 4
52 29 3
52 30 6
52 32 3
52 35 2
52 36 8
52 38 1
52 39 7
52 40 1
52 45 3
52 46 8
52 47 6
52 48 2
52 49 6
52 50 3
53 0 5
53 1 3
53 2 3
53 4 4
53 6 3
53 8 2
53 12 4
53 13 5
53 15 7
53 16 4
53 20 4
53 22 4
53 25 4
53 27 3
53 28 6
53 29 4
53 31 6
53 32 5
53 33 3
53 36 6
53 37 5
53 40 6
53 41 4
53 43 3
53 48 5
53 52 8
54 5 7
54 6 1
54 7 3
54 8 8
54 11 8
54 15 5
54 16 4
54 18 2
54 19 2
54 20 3
54 22 3
54 23 3
54 27 2
54 28 6
54 31 2
54 32 7
54 33 3
54 36 3
54 42 1
54 44 4
54 49 6
54 50 5
55 0 7
55 3 4
55 4 2
55 5 3
55 6 6
55 9 5
55 10 3
55 11 7
55 12 7
55 14 8
55 15 3
55 16 3
55 19 2
55 20 5
55 21 4
55 22 5
55 25 1
55 26 5
55 28 1
55 30 5
55 32 4
55 33 1
55 35 2
55 37 8
55 40 4
55 41 7
55 46 4
55 52 7
55 53 3
55 54 7
56 1 5
56 2 7
56 3 4
56 4 6
56 5 8
56 8 7
56 12 1
56 13 3
56 22 8
56 23 8
56 24 7
56 25 5
56 29 1
56 30 3
56 32 1
56 33 7
56 34 7
56 36 7
56 38 6
56 39 2
56 40 5
56 41 5
56 42 5
56 46 6
56 47 8
56 48 7
56 50 1
56 53 1
57 0 3
57 1 7
57 2 4
57 7 1
57 8 6
57 10 7
57 11 5
57 12 3
57 13 7
57 14 6
57 16 2
57 17 8
57 18 3
57 20 5
57 22 8
57 23 3
57 24 8
57 25 3
57 28 5
57 29 7
57 31 8
57 32 7
57 38 6
57 39 3
57 41 6
57 43 7
57 44 8
57 47 4
57 48 6
57 50 5
57 52 5
57 54 2
57 55 2
57 56 2
58 1 2
58 2 3
58 5 3
58 6 5
58 7 7
58 8 1
58 13 5
58 15 1
58 16 5
58 18 6
58 22 4
58 23 5
58 27 3
58 28 6
58 29 8
58 31 5
58 32 1
58 34 8
58 37 4
58 40 5
58 41 2
58 43 3
58 44 3
58 51 8
58 54 2
58 55 1
59 0 1
59 1 7
59 2 6
59 3 4
59 5 8
59 11 4
59 12 7
59 16 3
59 22 5
59 23 3
59 24 8
59 29 7
59 30 5
59 35 8
59 38 7
59 40 7
59 43 6
59 45 1
59 47 3
59 48 4
59 51 6
59 52 1
59 57 2
60 2 3
60 4 3
60 6 7
60 8 6
60 9 6
60 11 3
60 14 2
60 16 6
60 17 8
60 18 8
60 19 7
60 21 1
60 22 3
60 25 3
60 26 4
60 27 8
60 31 7
60 40 6
60 41 7
60 44 8
60 45 6
60 46 1
60 48 8
60 49 6
60 50 5
60 53 5
60 54 3
60 58 7
61 0 3
61 1 2
61 3 5
61 7 7
61 8 7
61 11 1
61 13 5
61 14 5
61 16 7
61 17 8
61 20 1
61 21 6
61 23 1
61 24 8
61 25 2
61 26 5
61 27 8
61 28 1
61 29 8
61 33 4
61 34 2
61 37 1
61 38 4
61 45 2
61 46 5
61 47 3
61 48 7
61 50 8
61 51 2
61 55 6
61 56 8
61 57 2
61 58 4
61 59 6
61 60 1
62 0 2
62 3 4
62 4 4
62 5 4
62 7 6
62 8 5
62 13 3
62 14 4
62 15 7
62 17 4
62 18 3
62 20 2
62 21 4
62 23 6
62 25 7
62 27 1
62 29 7
62 30 6
62 32 6
62 33 8
62 34 2
62 36 2
62 38 7
62 39 4
62 40 7
62 42 4
62 46 2
62 47 6
62 48 7
62 51 3
62 54 1
62 56 1
62 59 7
62 61 7
63 0 8
63 1 1
63 2 1
63 4 1
63 5 7
63 6 7
63 7 8
63 10 3
63 12 3
63 13 7
63 14 1
63 15 1
63 17 5
63 18 6
63 25 8
63 29 6
63 32 3
63 34 5
63 36 4
63 39 8
63 40 7
63 41 8
63 45 2
63 48 2
63 50 3
63 51 4
63 53 2
63 55 1
63 58 2
63 59 7
63 60 3
63 61 4
64 3 8
64 5 6
64 6 2
64 7 6
64 8 5
64 12 1
64 13 8
64 15 4
64 18 7
64 19 3
64 20 7
64 24 3
64 26 1
64 29 3
64 30 5
64 33 4
64 37 3
64 43 7
64 45 2
64 47 3
64 51 5
64 53 6
64 54 1
64 56 3
64 60 5
64 61 6
64 63 7
65 0 2
65 5 4
65 8 2
65 9 4
65 13 7
65 15 1
65 16 7
65 17 1
65 18 1
65 20 4
65 22 1
65 23 7
65 26 1
65 32 6
65 33 4
65 35 5
65 36 3
65 38 7
65 42 7
65 44 3
65 47 3
65 49 1
65 53 2
65 56 1
65 58 2
65 61 8
65 62 6
65 64 1
66 0 7
66 1 8
66 2 5
66 6 8
66 10 1
66 11 8
66 12 6
66 15 2
66 16 5
66 17 8
66 22 1
66 23 7
66 24 4
66 25 7
66 28 4
66 30 7
66 31 3
66 32 8
66 33 3
66 37 3
66 39 8
66 41 8
66 44 5
66 45 6
66 47 7
66 49 4
66 50 2
66 51 7
66 54 4
66 55 4
66 56 5
66 57 8
66 58 7
66 59 2
66 61 8
66 63 6
67 0 1
67 1 2
67 4 3
67 5 4
67 6 8
67 11 6
67 14 7
67 15 2
67 19 5
67 20 4
67 23 6
67 24 1
67 26 8
67 29 1
67 30 7
67 32 5
67 36 8
67 37 3
67 46 1
67 47 5
67 49 7
67 52 2
67 54 7
67 57 5
67 58 4
67 59 6
67 61 3
67 63 3
67 65 5
68 1 4
68 5 1
68 6 1
68 7 6
68 10 6
68 11 2
68 13 7
68 16 3
68 17 6
68 18 2
68 19 5
68 21 4
68 22 6
68 23 5
68 24 1
68 26 1
68 27 6
68 28 6
68 29 3
68 31 8
68 32 2
68 35 5
68 38 5
68 39 7
68 41 2
68 42 3
68 45 2
68 52 8
68 53 2
68 54 7
68 55 6
68 58 3
68 59 5
68 61 4
68 62 3
68 65 5
68 67 2
69 2 4
69 3 8
69 6 2
69 7 3
69 8 8
69 9 8
69 10 8
69 15 4
69 22 6
69 25 5
69 27 1
69 30 2
69 33 1
69 34 7
69 37 7
69 38 1
69 41 5
69 42 8
69 43 2
69 44 3
69 46 6
69 48 7
69 53 8
69 54 3
69 55 6
69 57 6
69 60 3
69 65 6
69 66 7
