30
1 0 9
2 0 10
2 1 10
3 0 2
3 1 9
3 2 6
4 0 7
4 1 2
4 2 9
4 3 4
5 0 2
5 1 2
5 2 3
5 3 4
5 4 2
6 0 7
6 1 4
6 2 10
6 3 9
6 4 5
6 5 8
7 0 10
7 1 4
7 2 10
7 3 10
7 4 3
7 5 6
7 6 10
8 0 5
8 1 1
8 2 6
8 3 2
8 4 3
8 5 10
8 6 2
8 7 4
9 0 9
9 1 3
9 2 3
9 3 9
9 4 2
9 5 5
9 6 4
9 7 3
9 8 10
10 0 3
10 1 8
10 2 4
10 3 6
10 4 8
10 5 1
10 6 7
10 7 5
10 8 10
10 9 6
11 0 4
11 1 8
11 2 7
11 3 6
11 4 2
11 5 4
11 6 3
11 7 7
11 8 4
11 9 9
11 10 9
12 0 3
12 1 10
12 2 4
12 3 9
12 4 5
12 5 2
12 6 2
12 7 1
12 8 4
12 9 3
12 10 10
12 11 10
13 0 4
13 1 4
13 2 8
13 3 5
13 4 5
13 5 1
13 6 3
13 7 6
13 8 8
13 9 5
13 10 7
13 11 5
13 12 10
14 0 3
14 1 9
14 2 10
14 3 2
14 4 8
14 5 1
14 6 3
14 7 7
14 8 10
14 9 2
14 10 7
14 11 4
14 12 5
14 13 6
15 0 8
15 1 10
15 2 9
15 3 6
15 4 7
15 5 3
15 6 9
15 7 6
15 8 8
15 9 2
15 10 2
15 11 2
15 12 2
15 13 1
15 14 1
16 0 3
16 1 3
16 2 9
16 3 5
16 4 4
16 5 5
16 6 2
16 7 1
16 8 6
16 9 5
16 10 6
16 11 10
16 12 4
16 13 2
16 14 2
16 15 8
17 0 7
17 1 4
17 2 3
17 3 8
17 4 2
17 5 2
17 6 10
17 7 10
17 8 6
17 9 4
17 10 8
17 11 7
17 12 4
17 13 5
17 14 2
17 15 10
17 16 3
18 0 6
18 1 10
18 2 1
18 3 1
18 4 5
18 5 2
18 6 9
18 7 8
18 8 8
18 9 6
18 10 9
18 11 7
18 12 2
18 13 2
18 14 2
18 15 8
18 16 3
18 17 6
19 0 1
19 1 7
19 2 5
19 3 6
19 4 5
19 5 7
19 6 6
19 7 8
19 8 1
19 9 10
19 10 5
19 11 2
19 12 9
19 13 4
19 14 5
19 15 9
19 16 7
19 17 7
19 18 8
20 0 4
20 1 2
20 2 10
20 3 4
20 4 9
20 5 1
20 6 1
20 7 8
20 8 9
20 9 8
20 10 5
20 11 2
20 12 3
20 13 9
20 14 10
20 15 9
20 16 9
20 17 7
20 18 6
20 19 9
21 0 2
21 1 9
21 2 6
21 3 2
21 4 3
21 5 1
21 6 2
21 7 1
21 8 9
21 9 6
21 10 10
21 11 6
21 12 10
21 13 10
21 14 1
21 15 1
21 16 7
21 17 1
21 18 9
21 19 10
21 20 10
22 0 10
22 1 3
22 2 10
22 3 5
22 4 4
22 5 4
22 6 5
22 7 4
22 8 2
22 9 2
22 10 1
22 11 7
22 12 9
22 13 2
22 14 8
22 15 10
22 16 10
22 17 8
22 18 1
22 19 1
22 20 4
22 21 4
23 0 5
23 1 1
23 2 10
23 3 7
23 4 5
23 5 7
23 6 8
23 7 6
23 8 1
23 9 7
23 10 4
23 11 10
23 12 4
23 13 3
23 14 5
23 15 8
23 16 7
23 17 10
23 18 3
23 19 8
23 20 9
23 21 10
23 22 10
24 0 3
24 1 4
24 2 1
24 3 1
24 4 4
24 5 7
24 6 8
24 7 3
24 8 5
24 9 9
24 10 5
24 11 9
24 12 9
24 13 7
24 14 7
24 15 8
24 16 5
24 17 10
24 18 4
24 19 8
24 20 8
24 21 8
24 22 6
24 23 1
25 0 6
25 1 4
25 2 1
25 3 3
25 4 8
25 5 2
25 6 9
25 7 2
25 8 5
25 9 8
25 10 3
25 11 8
25 12 4
25 13 6
25 14 1
25 15 4
25 16 1
25 17 1
25 18 4
25 19 1
25 20 2
25 21 10
25 22 5
25 23 2
25 24 4
26 0 6
26 1 8
26 2 6
26 3 2
26 4 8
26 5 7
26 6 6
26 7 3
26 8 7
26 9 5
26 10 10
26 11 10
26 12 5
26 13 6
26 14 4
26 15 8
26 16 9
26 17 9
26 18 6
26 19 9
26 20 10
26 21 2
26 22 3
26 23 6
26 24 1
26 25 8
27 0 6
27 1 5
27 2 5
27 3 8
27 4 3
27 5 4
27 6 4
27 7 9
27 8 3
27 9 8
27 10 3
27 11 6
27 12 10
27 13 9
27 14 1
27 15 10
27 16 8
27 17 1
27 18 6
27 19 3
27 20 3
27 21 1
27 22 9
27 23 7
27 24 8
27 25 2
27 26 1
28 0 9
28 1 3
28 2 9
28 3 6
28 4 10
28 5 1
28 6 10
28 7 2
28 8 4
28 9 9
28 10 9
28 11 5
28 12 4
28 13 2
28 14 4
28 15 7
28 16 10
28 17 1
28 18 4
28 19 8
28 20 8
28 21 7
28 22 6
28 23 4
28 24 4
28 25 2
28 26 4
28 27 9
29 0 6
29 1 3
29 2 1
29 3 6
29 4 6
29 5 10
29 6 4
29 7 6
29 8 7
29 9 6
29 10 7
29 11 4
29 12 5
29 13 9
29 14 6
29 15 8
29 16 2
29 17 3
29 18 8
29 19 3
29 20 4
29 21 9
29 22 8
29 23 4
29 24 8
29 25 2
29 26 10
29 27 9
29 28 1
