30
1 0 4
2 0 6
2 1 3
3 0 3
3 1 5
3 2 4
4 0 5
4 1 2
4 2 6
4 3 4
5 0 2
5 1 5
5 2 6
5 3 3
5 4 3
6 0 5
6 1 3
6 2 4
6 3 3
6 4 4
6 5 5
7 0 1
7 1 2
7 2 6
7 3 6
7 4 3
7 5 1
7 6 3
8 0 4
8 1 4
8 2 2
8 3 6
8 4 2
8 5 1
8 6 4
8 7 2
9 0 6
9 1 5
9 2 5
9 3 4
9 4 3
9 5 6
9 6 2
9 7 3
9 8 5
10 0 5
10 1 4
10 2 3
10 3 4
10 4 4
10 5 2
10 6 6
10 7 2
10 8 3
10 9 6
11 0 1
11 1 3
11 2 3
11 3 2
11 4 4
11 5 2
11 6 6
11 7 1
11 8 4
11 9 6
11 10 3
12 0 5
12 1 6
12 2 1
12 3 6
12 4 2
12 5 5
12 6 1
12 7 5
12 8 1
12 9 6
12 10 4
12 11 6
13 0 2
13 1 1
13 2 1
13 3 2
13 4 4
13 5 6
13 6 3
13 7 1
13 8 3
13 9 3
13 10 6
13 11 6
13 12 1
14 0 5
14 1 6
14 2 5
14 3 1
14 4 6
14 5 5
14 6 3
14 7 2
14 8 1
14 9 6
14 10 1
14 11 1
14 12 6
14 13 6
15 0 6
15 1 3
15 2 2
15 3 4
15 4 2
15 5 1
15 6 5
15 7 3
15 8 5
15 9 6
15 10 4
15 11 3
15 12 1
15 13 2
15 14 5
16 0 6
16 1 1
16 2 1
16 3 5
16 4 2
16 5 6
16 6 3
16 7 4
16 8 3
16 9 2
16 10 5
16 11 1
16 12 5
16 13 5
16 14 1
16 15 1
17 0 4
17 1 6
17 2 1
17 3 3
17 4 6
17 5 1
17 6 4
17 7 1
17 8 5
17 9 2
17 10 4
17 11 5
17 12 4
17 13 1
17 14 4
17 15 5
17 16 1
18 0 2
18 1 3
18 2 3
18 3 5
18 4 3
18 5 4
18 6 6
18 7 4
18 8 6
18 9 4
18 10 2
18 11 2
18 12 6
18 13 5
18 14 4
18 15 2
18 16 5
18 17 6
19 0 6
19 1 3
19 2 3
19 3 2
19 4 4
19 5 4
19 6 5
19 7 4
19 8 1
19 9 2
19 10 2
19 11 4
19 12 1
19 13 5
19 14 2
19 15 2
19 16 1
19 17 4
19 18 3
20 0 5
20 1 3
20 2 2
20 3 2
20 4 3
20 5 4
20 6 3
20 7 5
20 8 6
20 9 2
20 10 1
20 11 2
20 12 2
20 13 1
20 14 3
20 15 5
20 16 2
20 17 4
20 18 3
20 19 6
21 0 2
21 1 1
21 2 3
21 3 1
21 4 5
21 5 4
21 6 1
21 7 2
21 8 6
21 9 4
21 10 1
21 11 2
21 12 4
21 13 6
21 14 3
21 15 2
21 16 1
21 17 4
21 18 3
21 19 4
21 20 2
22 0 1
22 1 1
22 2 2
22 3 6
22 4 5
22 5 2
22 6 4
22 7 5
22 8 3
22 9 2
22 10 6
22 11 3
22 12 2
22 13 4
22 14 1
22 15 4
22 16 6
22 17 5
22 18 3
22 19 6
22 20 4
22 21 3
23 0 1
23 1 4
23 2 1
23 3 2
23 4 2
23 5 2
23 6 3
23 7 6
23 8 4
23 9 4
23 10 3
23 11 3
23 12 6
23 13 2
23 14 6
23 15 6
23 16 6
23 17 6
23 18 5
23 19 3
23 20 2
23 21 6
23 22 5
24 0 4
24 1 1
24 2 6
24 3 3
24 4 3
24 5 4
24 6 2
24 7 1
24 8 4
24 9 5
24 10 2
24 11 4
24 12 6
24 13 5
24 14 5
24 15 5
24 16 4
24 17 4
24 18 5
24 19 6
24 20 2
24 21 1
24 22 3
24 23 4
25 0 6
25 1 1
25 2 1
25 3 4
25 4 4
25 5 5
25 6 4
25 7 3
25 8 6
25 9 2
25 10 5
25 11 6
25 12 6
25 13 4
25 14 6
25 15 1
25 16 3
25 17 3
25 18 5
25 19 3
25 20 2
25 21 6
25 22 4
25 23 5
25 24 5
26 0 1
26 1 4
26 2 6
26 3 1
26 4 4
26 5 5
26 6 6
26 7 6
26 8 6
26 9 3
26 10 3
26 11 3
26 12 6
26 13 2
26 14 3
26 15 2
26 16 4
26 17 2
26 18 3
26 19 4
26 20 5
26 21 2
26 22 1
26 23 5
26 24 4
26 25 1
27 0 1
27 1 2
27 2 5
27 3 4
27 4 1
27 5 5
27 6 5
27 7 4
27 8 3
27 9 5
27 10 5
27 11 2
27 12 1
27 13 5
27 14 1
27 15 6
27 16 3
27 17 2
27 18 2
27 19 1
27 20 1
27 21 5
27 22 5
27 23 3
27 24 2
27 25 4
27 26 1
28 0 5
28 1 5
28 2 1
28 3 3
28 4 1
28 5 4
28 6 6
28 7 6
28 8 3
28 9 3
28 10 1
28 11 5
28 12 5
28 13 5
28 14 1
28 15 1
28 16 4
28 17 6
28 18 6
28 19 2
28 20 2
28 21 5
28 22 1
28 23 4
28 24 4
28 25 5
28 26 2
28 27 1
29 0 2
29 1 6
29 2 3
29 3 6
29 4 6
29 5 4
29 6 5
29 7 2
29 8 4
29 9 6
29 10 4
29 11 2
29 12 3
29 13 1
29 14 5
29 15 6
29 16 6
29 17 1
29 18 5
29 19 1
29 20 5
29 21 5
29 22 1
29 23 5
29 24 2
29 25 3
29 26 6
29 27 5
29 28 1
