70
1 0 5
2 0 2
2 1 6
3 0 1
3 1 2
3 2 6
4 0 6
4 1 8
4 2 6
4 3 6
5 0 10
5 1 6
5 2 8
5 3 8
5 4 1
6 0 7
6 1 11
6 2 10
6 3 8
6 4 2
6 5 3
7 0 1
7 1 10
7 2 3
7 3 10
7 4 11
7 5 7
7 6 10
8 0 10
8 1 11
8 2 6
8 3 2
8 4 7
8 5 10
8 6 1
8 7 5
9 0 8
9 1 7
9 2 2
9 3 7
9 4 8
9 5 11
9 6 7
9 7 3
9 8 2
10 0 9
10 1 12
10 2 4
10 3 8
10 4 9
10 5 7
10 6 2
10 7 2
10 8 6
10 9 12
11 0 4
11 1 4
11 2 8
11 3 8
11 4 8
11 5 12
11 6 11
11 7 5
11 8 11
11 9 7
11 10 1
12 0 8
12 1 4
12 2 5
12 3 1
12 4 4
12 5 8
12 6 8
12 7 3
12 8 8
12 9 11
12 10 7
12 11 12
13 0 12
13 1 5
13 2 4
13 3 5
13 4 4
13 5 4
13 6 3
13 7 3
13 8 6
13 9 6
13 10 5
13 11 8
13 12 10
14 0 3
14 1 3
14 2 5
14 3 9
14 4 4
14 5 10
14 6 5
14 7 4
14 8 12
14 9 11
14 10 9
14 11 10
14 12 11
14 13 12
15 0 2
15 1 10
15 2 8
15 3 11
15 4 7
15 5 5
15 6 3
15 7 5
15 8 12
15 9 10
15 10 9
15 11 10
15 12 9
15 13 8
15 14 3
16 0 5
16 1 6
16 2 11
16 3 11
16 4 2
16 5 11
16 6 1
16 7 3
16 8 12
16 9 4
16 10 10
16 11 2
16 12 6
16 13 12
16 14 2
16 15 1
17 0 5
17 1 2
17 2 1
17 3 6
17 4 9
17 5 6
17 6 8
17 7 7
17 8 3
17 9 7
17 10 8
17 11 7
17 12 5
17 13 10
17 14 9
17 15 4
17 16 4
18 0 10
18 1 12
18 2 11
18 3 3
18 4 4
18 5 11
18 6 11
18 7 8
18 8 9
18 9 8
18 10 9
18 11 11
18 12 7
18 13 8
18 14 6
18 15 2
18 16 11
18 17 6
19 0 5
19 1 8
19 2 6
19 3 9
19 4 2
19 5 8
19 6 5
19 7 2
19 8 9
19 9 5
19 10 7
19 11 8
19 12 12
19 13 2
19 14 12
19 15 3
19 16 8
19 17 10
19 18 6
20 0 5
20 1 4
20 2 6
20 3 5
20 4 11
20 5 10
20 6 7
20 7 10
20 8 3
20 9 12
20 10 7
20 11 11
20 12 4
20 13 11
20 14 9
20 15 2
20 16 4
20 17 1
20 18 11
20 19 1
21 0 3
21 1 2
21 2 3
21 3 11
21 4 11
21 5 8
21 6 6
21 7 11
21 8 10
21 9 3
21 10 8
21 11 6
21 12 3
21 13 4
21 14 1
21 15 5
21 16 1
21 17 3
21 18 1
21 19 4
21 20 7
22 0 1
22 1 1
22 2 10
22 3 9
22 4 3
22 5 11
22 6 11
22 7 10
22 8 4
22 9 5
22 10 6
22 11 11
22 12 5
22 13 1
22 14 3
22 15 8
22 16 11
22 17 4
22 18 2
22 19 9
22 20 10
22 21 3
23 0 9
23 1 10
23 2 6
23 3 9
23 4 6
23 5 1
23 6 12
23 7 6
23 8 10
23 9 10
23 10 2
23 11 3
23 12 9
23 13 7
23 14 1
23 15 4
23 16 4
23 17 12
23 18 12
23 19 2
23 20 8
23 21 11
23 22 7
24 0 11
24 1 6
24 2 6
24 3 4
24 4 3
24 5 10
24 6 1
24 7 12
24 8 6
24 9 2
24 10 9
24 11 3
24 12 6
24 13 6
24 14 1
24 15 10
24 16 10
24 17 5
24 18 4
24 19 5
24 20 4
24 21 9
24 22 8
24 23 8
25 0 11
25 1 11
25 2 11
25 3 11
25 4 1
25 5 6
25 6 12
25 7 4
25 8 3
25 9 7
25 10 3
25 11 6
25 12 4
25 13 4
25 14 3
25 15 3
25 16 8
25 17 7
25 18 2
25 19 1
25 20 11
25 21 9
25 22 7
25 23 4
25 24 6
26 0 10
26 1 1
26 2 8
26 3 9
26 4 1
26 5 6
26 6 3
26 7 5
26 8 4
26 9 12
26 10 7
26 11 3
26 12 1
26 13 2
26 14 10
26 15 4
26 16 2
26 17 2
26 18 10
26 19 9
26 20 3
26 21 6
26 22 6
26 23 4
26 24 1
26 25 4
27 0 7
27 1 4
27 2 4
27 3 11
27 4 5
27 5 8
27 6 3
27 7 10
27 8 2
27 9 5
27 10 2
27 11 11
27 12 10
27 13 6
27 14 7
27 15 10
27 16 6
27 17 6
27 18 1
27 19 3
27 20 6
27 21 9
27 22 8
27 23 6
27 24 6
27 25 12
27 26 9
28 0 8
28 1 1
28 2 1
28 3 10
28 4 7
28 5 1
28 6 2
28 7 10
28 8 8
28 9 11
28 10 6
28 11 4
28 12 12
28 13 12
28 14 12
28 15 12
28 16 7
28 17 1
28 18 1
28 19 10
28 20 3
28 21 2
28 22 11
28 23 1
28 24 5
28 25 2
28 26 4
28 27 8
29 0 8
29 1 5
29 2 7
29 3 7
29 4 11
29 5 9
29 6 10
29 7 8
29 8 6
29 9 10
29 10 4
29 11 6
29 12 3
29 13 10
29 14 11
29 15 7
29 16 6
29 17 3
29 18 7
29 19 8
29 20 4
29 21 12
29 22 1
29 23 6
29 24 11
29 25 3
29 26 12
29 27 3
29 28 6
30 0 7
30 1 5
30 2 9
30 3 1
30 4 12
30 5 1
30 6 1
30 7 10
30 8 5
30 9 5
30 10 5
30 11 6
30 12 7
30 13 1
30 14 6
30 15 11
30 16 8
30 17 9
30 18 3
30 19 7
30 20 5
30 21 11
30 22 9
30 23 3
30 24 4
30 25 7
30 26 9
30 27 5
30 28 4
30 29 2
31 0 6
31 1 11
31 2 8
31 3 4
31 4 5
31 5 1
31 6 2
31 7 12
31 8 10
31 9 12
31 10 2
31 11 5
31 12 5
31 13 10
31 14 8
31 15 7
31 16 9
31 17 7
31 18 2
31 19 2
31 20 1
31 21 2
31 22 3
31 23 11
31 24 8
31 25 9
31 26 12
31 27 12
31 28 12
31 29 3
31 30 4
32 0 4
32 1 11
32 2 1
32 3 4
32 4 8
32 5 9
32 6 8
32 7 3
32 8 6
32 9 11
32 10 7
32 11 5
32 12 5
32 13 1
32 14 7
32 15 3
32 16 2
32 17 12
32 18 10
32 19 3
32 20 1
32 21 3
32 22 10
32 23 6
32 24 12
32 25 3
32 26 5
32 27 5
32 28 1
32 29 2
32 30 6
32 31 6
33 0 11
33 1 3
33 2 11
33 3 5
33 4 8
33 5 8
33 6 7
33 7 10
33 8 8
33 9 7
33 10 6
33 11 12
33 12 8
33 13 9
33 14 6
33 15 5
33 16 1
33 17 5
33 18 10
33 19 10
33 20 10
33 21 6
33 22 1
33 23 11
33 24 6
33 25 7
33 26 7
33 27 9
33 28 10
33 29 2
33 30 12
33 31 1
33 32 8
34 0 3
34 1 8
34 2 4
34 3 11
34 4 8
34 5 3
34 6 9
34 7 1
34 8 2
34 9 9
34 10 3
34 11 12
34 12 8
34 13 11
34 14 12
34 15 5
34 16 8
34 17 2
34 18 11
34 19 12
34 20 6
34 21 7
34 22 5
34 23 12
34 24 6
34 25 10
34 26 8
34 27 3
34 28 5
34 29 1
34 30 6
34 31 11
34 32 2
34 33 3
35 0 4
35 1 4
35 2 8
35 3 7
35 4 12
35 5 12
35 6 3
35 7 1
35 8 9
35 9 9
35 10 2
35 11 8
35 12 7
35 13 2
35 14 10
35 15 8
35 16 3
35 17 6
35 18 8
35 19 10
35 20 2
35 21 1
35 22 8
35 23 3
35 24 7
35 25 2
35 26 11
35 27 6
35 28 10
35 29 10
35 30 1
35 31 6
35 32 4
35 33 12
35 34 11
36 0 10
36 1 5
36 2 12
36 3 11
36 4 3
36 5 4
36 6 8
36 7 12
36 8 10
36 9 4
36 10 10
36 11 4
36 12 8
36 13 7
36 14 5
36 15 11
36 16 7
36 17 9
36 18 12
36 19 3
36 20 11
36 21 1
36 22 7
36 23 1
36 24 5
36 25 2
36 26 11
36 27 3
36 28 11
36 29 5
36 30 3
36 31 3
36 32 7
36 33 11
36 34 12
36 35 8
37 0 6
37 1 9
37 2 11
37 3 11
37 4 12
37 5 1
37 6 6
37 7 9
37 8 4
37 9 2
37 10 9
37 11 8
37 12 9
37 13 8
37 14 2
37 15 2
37 16 6
37 17 1
37 18 12
37 19 10
37 20 2
37 21 4
37 22 10
37 23 9
37 24 9
37 25 7
37 26 12
37 27 5
37 28 8
37 29 2
37 30 3
37 31 4
37 32 9
37 33 11
37 34 11
37 35 10
37 36 11
38 0 10
38 1 10
38 2 10
38 3 3
38 4 1
38 5 7
38 6 11
38 7 6
38 8 8
38 9 5
38 10 6
38 11 1
38 12 9
38 13 11
38 14 12
38 15 3
38 16 7
38 17 10
38 18 6
38 19 6
38 20 7
38 21 10
38 22 5
38 23 3
38 24 8
38 25 1
38 26 8
38 27 5
38 28 8
38 29 3
38 30 7
38 31 4
38 32 2
38 33 9
38 34 2
38 35 9
38 36 6
38 37 11
39 0 7
39 1 3
39 2 3
39 3 5
39 4 12
39 5 3
39 6 5
39 7 1
39 8 12
39 9 4
39 10 12
39 11 4
39 12 1
39 13 5
39 14 10
39 15 4
39 16 3
39 17 2
39 18 5
39 19 1
39 20 9
39 21 4
39 22 6
39 23 4
39 24 10
39 25 1
39 26 10
39 27 8
39 28 7
39 29 12
39 30 7
39 31 7
39 32 5
39 33 1
39 34 10
39 35 1
39 36 7
39 37 1
39 38 3
40 0 2
40 1 1
40 2 10
40 3 9
40 4 4
40 5 10
40 6 10
40 7 7
40 8 6
40 9 10
40 10 6
40 11 1
40 12 6
40 13 5
40 14 6
40 15 11
40 16 9
40 17 2
40 18 12
40 19 8
40 20 12
40 21 5
40 22 3
40 23 4
40 24 10
40 25 7
40 26 3
40 27 8
40 28 11
40 29 4
40 30 10
40 31 7
40 32 10
40 33 6
40 34 4
40 35 10
40 36 5
40 37 6
40 38 6
40 39 3
41 0 6
41 1 11
41 2 1
41 3 7
41 4 9
41 5 8
41 6 5
41 7 8
41 8 12
41 9 10
41 10 7
41 11 7
41 12 4
41 13 1
41 14 1
41 15 3
41 16 10
41 17 12
41 18 9
41 19 5
41 20 11
41 21 5
41 22 9
41 23 3
41 24 4
41 25 6
41 26 12
41 27 1
41 28 11
41 29 5
41 30 1
41 31 2
41 32 5
41 33 1
41 34 5
41 35 8
41 36 11
41 37 11
41 38 6
41 39 5
41 40 3
42 0 5
42 1 3
42 2 6
42 3 4
42 4 2
42 5 12
42 6 10
42 7 12
42 8 12
42 9 3
42 10 7
42 11 12
42 12 12
42 13 6
42 14 4
42 15 2
42 16 2
42 17 9
42 18 8
42 19 7
42 20 12
42 21 8
42 22 5
42 23 5
42 24 3
42 25 11
42 26 8
42 27 8
42 28 9
42 29 2
42 30 11
42 31 4
42 32 4
42 33 12
42 34 2
42 35 7
42 36 3
42 37 9
42 38 10
42 39 4
42 40 1
42 41 1
43 0 12
43 1 5
43 2 2
43 3 6
43 4 1
43 5 10
43 6 11
43 7 2
43 8 10
43 9 5
43 10 3
43 11 10
43 12 12
43 13 6
43 14 5
43 15 4
43 16 9
43 17 6
43 18 10
43 19 11
43 20 7
43 21 9
43 22 3
43 23 3
43 24 3
43 25 3
43 26 1
43 27 8
43 28 7
43 29 12
43 30 2
43 31 12
43 32 12
43 33 6
43 34 11
43 35 1
43 36 6
43 37 10
43 38 3
43 39 2
43 40 10
43 41 10
43 42 12
44 0 7
44 1 6
44 2 4
44 3 6
44 4 11
44 5 7
44 6 4
44 7 10
44 8 1
44 9 10
44 10 4
44 11 2
44 12 1
44 13 9
44 14 7
44 15 1
44 16 4
44 17 8
44 18 7
44 19 3
44 20 5
44 21 11
44 22 4
44 23 7
44 24 6
44 25 11
44 26 9
44 27 10
44 28 3
44 29 7
44 30 4
44 31 5
44 32 1
44 33 10
44 34 4
44 35 2
44 36 6
44 37 5
44 38 4
44 39 6
44 40 7
44 41 6
44 42 6
44 43 2
45 0 9
45 1 8
45 2 3
45 3 7
45 4 7
45 5 2
45 6 6
45 7 7
45 8 10
45 9 6
45 10 2
45 11 8
45 12 6
45 13 5
45 14 1
45 15 12
45 16 1
45 17 2
45 18 6
45 19 6
45 20 9
45 21 10
45 22 6
45 23 2
45 24 12
45 25 9
45 26 1
45 27 12
45 28 1
45 29 3
45 30 12
45 31 9
45 32 12
45 33 1
45 34 7
45 35 3
45 36 4
45 37 1
45 38 7
45 39 1
45 40 1
45 41 8
45 42 10
45 43 8
45 44 8
46 0 9
46 1 10
46 2 2
46 3 8
46 4 11
46 5 1
46 6 3
46 7 1
46 8 3
46 9 5
46 10 5
46 11 8
46 12 6
46 13 8
46 14 9
46 15 12
46 16 10
46 17 7
46 18 2
46 19 6
46 20 11
46 21 3
46 22 11
46 23 8
46 24 6
46 25 3
46 26 10
46 27 4
46 28 1
46 29 9
46 30 12
46 31 11
46 32 5
46 33 11
46 34 3
46 35 2
46 36 3
46 37 7
46 38 2
46 39 6
46 40 5
46 41 10
46 42 1
46 43 9
46 44 9
46 45 9
47 0 4
47 1 10
47 2 10
47 3 3
47 4 11
47 5 3
47 6 1
47 7 4
47 8 3
47 9 5
47 10 8
47 11 11
47 12 6
47 13 6
47 14 5
47 15 2
47 16 12
47 17 8
47 18 6
47 19 7
47 20 1
47 21 8
47 22 9
47 23 4
47 24 9
47 25 5
47 26 8
47 27 11
47 28 2
47 29 6
47 30 7
47 31 7
47 32 3
47 33 10
47 34 9
47 35 12
47 36 10
47 37 11
47 38 9
47 39 2
47 40 11
47 41 5
47 42 8
47 43 9
47 44 8
47 45 8
47 46 5
48 0 8
48 1 6
48 2 8
48 3 7
48 4 10
48 5 9
48 6 2
48 7 5
48 8 5
48 9 11
48 10 1
48 11 7
48 12 1
48 13 7
48 14 3
48 15 4
48 16 11
48 17 1
48 18 3
48 19 7
48 20 10
48 21 12
48 22 5
48 23 3
48 24 4
48 25 4
48 26 3
48 27 2
48 28 7
48 29 2
48 30 8
48 31 12
48 32 3
48 33 3
48 34 11
48 35 8
48 36 11
48 37 11
48 38 8
48 39 10
48 40 6
48 41 3
48 42 4
48 43 7
48 44 10
48 45 2
48 46 1
48 47 12
49 0 9
49 1 3
49 2 8
49 3 12
49 4 6
49 5 11
49 6 3
49 7 12
49 8 3
49 9 6
49 10 12
49 11 9
49 12 10
49 13 9
49 14 3
49 15 4
49 16 2
49 17 6
49 18 6
49 19 11
49 20 3
49 21 8
49 22 9
49 23 6
49 24 10
49 25 6
49 26 7
49 27 3
49 28 7
49 29 2
49 30 7
49 31 8
49 32 5
49 33 10
49 34 9
49 35 2
49 36 6
49 37 9
49 38 9
49 39 2
49 40 8
49 41 5
49 42 7
49 43 7
49 44 4
49 45 3
49 46 10
49 47 6
49 48 12
50 0 12
50 1 6
50 2 11
50 3 7
50 4 3
50 5 10
50 6 3
50 7 12
50 8 12
50 9 12
50 10 6
50 11 11
50 12 11
50 13 5
50 14 10
50 15 3
50 16 8
50 17 2
50 18 11
50 19 12
50 20 11
50 21 8
50 22 12
50 23 12
50 24 1
50 25 3
50 26 4
50 27 2
50 28 12
50 29 3
50 30 7
50 31 5
50 32 7
50 33 2
50 34 2
50 35 10
50 36 2
50 37 9
50 38 11
50 39 12
50 40 12
50 41 12
50 42 7
50 43 11
50 44 11
50 45 4
50 46 1
50 47 1
50 48 3
50 49 5
51 0 10
51 1 9
51 2 7
51 3 5
51 4 4
51 5 5
51 6 5
51 7 7
51 8 12
51 9 1
51 10 6
51 11 12
51 12 8
51 13 12
51 14 9
51 15 5
51 16 3
51 17 10
51 18 11
51 19 11
51 20 2
51 21 2
51 22 3
51 23 4
51 24 9
51 25 8
51 26 2
51 27 10
51 28 12
51 29 12
51 30 3
51 31 11
51 32 3
51 33 12
51 34 9
51 35 10
51 36 8
51 37 12
51 38 3
51 39 6
51 40 12
51 41 7
51 42 6
51 43 10
51 44 2
51 45 4
51 46 10
51 47 11
51 48 9
51 49 4
51 50 11
52 0 1
52 1 9
52 2 9
52 3 2
52 4 1
52 5 3
52 6 9
52 7 11
52 8 8
52 9 1
52 10 10
52 11 12
52 12 8
52 13 5
52 14 2
52 15 12
52 16 1
52 17 11
52 18 2
52 19 12
52 20 2
52 21 11
52 22 7
52 23 5
52 24 1
52 25 7
52 26 10
52 27 8
52 28 1
52 29 1
52 30 11
52 31 10
52 32 2
52 33 12
52 34 4
52 35 5
52 36 4
52 37 7
52 38 5
52 39 12
52 40 11
52 41 12
52 42 4
52 43 1
52 44 5
52 45 8
52 46 2
52 47 9
52 48 7
52 49 11
52 50 1
52 51 10
53 0 9
53 1 6
53 2 9
53 3 2
53 4 12
53 5 8
53 6 9
53 7 7
53 8 12
53 9 2
53 10 10
53 11 7
53 12 6
53 13 10
53 14 3
53 15 3
53 16 6
53 17 7
53 18 3
53 19 12
53 20 8
53 21 8
53 22 9
53 23 2
53 24 6
53 25 2
53 26 1
53 27 6
53 28 10
53 29 3
53 30 2
53 31 6
53 32 6
53 33 7
53 34 11
53 35 12
53 36 12
53 37 12
53 38 9
53 39 4
53 40 1
53 41 12
53 42 1
53 43 3
53 44 4
53 45 12
53 46 9
53 47 10
53 48 7
53 49 3
53 50 2
53 51 9
53 52 2
54 0 2
54 1 2
54 2 2
54 3 5
54 4 1
54 5 10
54 6 8
54 7 5
54 8 3
54 9 4
54 10 1
54 11 7
54 12 11
54 13 6
54 14 3
54 15 10
54 16 2
54 17 3
54 18 11
54 19 1
54 20 8
54 21 1
54 22 3
54 23 1
54 24 6
54 25 12
54 26 11
54 27 10
54 28 12
54 29 7
54 30 12
54 31 10
54 32 10
54 33 11
54 34 10
54 35 3
54 36 2
54 37 9
54 38 6
54 39 10
54 40 3
54 41 7
54 42 12
54 43 11
54 44 1
54 45 9
54 46 9
54 47 8
54 48 2
54 49 1
54 50 8
54 51 4
54 52 12
54 53 11
55 0 9
55 1 10
55 2 9
55 3 9
55 4 11
55 5 11
55 6 11
55 7 10
55 8 5
55 9 7
55 10 9
55 11 12
55 12 12
55 13 3
55 14 1
55 15 7
55 16 10
55 17 5
55 18 8
55 19 1
55 20 3
55 21 3
55 22 5
55 23 7
55 24 1
55 25 12
55 26 3
55 27 4
55 28 11
55 29 1
55 30 1
55 31 9
55 32 12
55 33 9
55 34 8
55 35 4
55 36 7
55 37 6
55 38 7
55 39 5
55 40 4
55 41 6
55 42 1
55 43 6
55 44 4
55 45 11
55 46 9
55 47 3
55 48 5
55 49 6
55 50 11
55 51 12
55 52 8
55 53 10
55 54 12
56 0 4
56 1 12
56 2 9
56 3 10
56 4 6
56 5 12
56 6 9
56 7 5
56 8 1
56 9 11
56 10 7
56 11 1
56 12 6
56 13 2
56 14 6
56 15 10
56 16 11
56 17 10
56 18 1
56 19 6
56 20 12
56 21 11
56 22 8
56 23 11
56 24 4
56 25 1
56 26 11
56 27 4
56 28 8
56 29 4
56 30 7
56 31 5
56 32 11
56 33 11
56 34 8
56 35 11
56 36 3
56 37 5
56 38 11
56 39 5
56 40 9
56 41 4
56 42 8
56 43 1
56 44 7
56 45 12
56 46 9
56 47 9
56 48 8
56 49 7
56 50 8
56 51 10
56 52 10
56 53 11
56 54 12
56 55 3
57 0 10
57 1 7
57 2 11
57 3 12
57 4 12
57 5 1
57 6 10
57 7 9
57 8 4
57 9 5
57 10 12
57 11 1
57 12 3
57 13 2
57 14 11
57 15 10
57 16 5
57 17 8
57 18 12
57 19 8
57 20 2
57 21 12
57 22 12
57 23 11
57 24 10
57 25 10
57 26 11
57 27 2
57 28 10
57 29 9
57 30 1
57 31 2
57 32 5
57 33 8
57 34 7
57 35 10
57 36 10
57 37 2
57 38 1
57 39 6
57 40 3
57 41 4
57 42 5
57 43 12
57 44 2
57 45 4
57 46 12
57 47 3
57 48 11
57 49 10
57 50 10
57 51 11
57 52 12
57 53 7
57 54 8
57 55 6
57 56 4
58 0 11
58 1 12
58 2 2
58 3 3
58 4 5
58 5 3
58 6 11
58 7 3
58 8 6
58 9 1
58 10 3
58 11 8
58 12 11
58 13 4
58 14 4
58 15 1
58 16 6
58 17 11
58 18 8
58 19 7
58 20 3
58 21 1
58 22 2
58 23 11
58 24 2
58 25 1
58 26 5
58 27 10
58 28 11
58 29 4
58 30 3
58 31 9
58 32 11
58 33 5
58 34 11
58 35 9
58 36 2
58 37 1
58 38 2
58 39 9
58 40 3
58 41 2
58 42 4
58 43 6
58 44 1
58 45 9
58 46 5
58 47 6
58 48 11
58 49 12
58 50 3
58 51 12
58 52 4
58 53 10
58 54 12
58 55 9
58 56 6
58 57 6
59 0 12
59 1 10
59 2 3
59 3 5
59 4 2
59 5 12
59 6 8
59 7 10
59 8 1
59 9 3
59 10 7
59 11 2
59 12 4
59 13 6
59 14 4
59 15 6
59 16 3
59 17 11
59 18 6
59 19 4
59 20 7
59 21 2
59 22 2
59 23 2
59 24 10
59 25 4
59 26 11
59 27 5
59 28 9
59 29 7
59 30 9
59 31 4
59 32 7
59 33 8
59 34 6
59 35 8
59 36 9
59 37 6
59 38 6
59 39 1
59 40 1
59 41 8
59 42 3
59 43 3
59 44 10
59 45 5
59 46 12
59 47 2
59 48 12
59 49 10
59 50 9
59 51 3
59 52 1
59 53 6
59 54 2
59 55 11
59 56 7
59 57 6
59 58 2
60 0 4
60 1 12
60 2 2
60 3 3
60 4 10
60 5 12
60 6 1
60 7 6
60 8 9
60 9 7
60 10 2
60 11 5
60 12 1
60 13 12
60 14 3
60 15 2
60 16 7
60 17 11
60 18 3
60 19 6
60 20 11
60 21 6
60 22 4
60 23 9
60 24 7
60 25 10
60 26 11
60 27 1
60 28 12
60 29 4
60 30 7
60 31 2
60 32 7
60 33 1
60 34 8
60 35 1
60 36 1
60 37 3
60 38 7
60 39 4
60 40 11
60 41 4
60 42 11
60 43 10
60 44 8
60 45 6
60 46 1
60 47 12
60 48 11
60 49 7
60 50 12
60 51 8
60 52 10
60 53 10
60 54 11
60 55 12
60 56 12
60 57 9
60 58 3
60 59 1
61 0 11
61 1 11
61 2 4
61 3 6
61 4 5
61 5 4
61 6 11
61 7 7
61 8 1
61 9 12
61 10 3
61 11 2
61 12 4
61 13 10
61 14 11
61 15 5
61 16 7
61 17 6
61 18 12
61 19 5
61 20 11
61 21 4
61 22 3
61 23 3
61 24 5
61 25 2
61 26 2
61 27 10
61 28 12
61 29 4
61 30 2
61 31 5
61 32 12
61 33 5
61 34 9
61 35 5
61 36 2
61 37 12
61 38 9
61 39 10
61 40 9
61 41 10
61 42 8
61 43 1
61 44 11
61 45 10
61 46 4
61 47 2
61 48 2
61 49 8
61 50 10
61 51 10
61 52 8
61 53 5
61 54 6
61 55 5
61 56 3
61 57 10
61 58 6
61 59 12
61 60 9
62 0 10
62 1 7
62 2 4
62 3 4
62 4 11
62 5 12
62 6 8
62 7 4
62 8 12
62 9 4
62 10 10
62 11 7
62 12 9
62 13 12
62 14 11
62 15 11
62 16 10
62 17 4
62 18 1
62 19 7
62 20 7
62 21 1
62 22 7
62 23 1
62 24 3
62 25 10
62 26 11
62 27 4
62 28 8
62 29 5
62 30 3
62 31 9
62 32 10
62 33 2
62 34 12
62 35 5
62 36 9
62 37 7
62 38 5
62 39 5
62 40 9
62 41 2
62 42 2
62 43 8
62 44 8
62 45 10
62 46 4
62 47 2
62 48 12
62 49 12
62 50 4
62 51 6
62 52 2
62 53 8
62 54 2
62 55 1
62 56 10
62 57 2
62 58 9
62 59 4
62 60 7
62 61 2
63 0 3
63 1 1
63 2 9
63 3 7
63 4 12
63 5 8
63 6 8
63 7 9
63 8 1
63 9 9
63 10 7
63 11 5
63 12 1
63 13 8
63 14 8
63 15 10
63 16 9
63 17 11
63 18 6
63 19 12
63 20 1
63 21 1
63 22 4
63 23 4
63 24 12
63 25 4
63 26 3
63 27 8
63 28 7
63 29 4
63 30 11
63 31 9
63 32 6
63 33 1
63 34 10
63 35 10
63 36 1
63 37 6
63 38 7
63 39 1
63 40 6
63 41 5
63 42 11
63 43 8
63 44 3
63 45 8
63 46 5
63 47 11
63 48 10
63 49 5
63 50 8
63 51 10
63 52 2
63 53 12
63 54 1
63 55 10
63 56 7
63 57 6
63 58 12
63 59 11
63 60 10
63 61 9
63 62 11
64 0 10
64 1 5
64 2 3
64 3 3
64 4 1
64 5 1
64 6 12
64 7 11
64 8 8
64 9 2
64 10 3
64 11 9
64 12 11
64 13 11
64 14 10
64 15 9
64 16 4
64 17 3
64 18 6
64 19 7
64 20 7
64 21 7
64 22 12
64 23 2
64 24 6
64 25 3
64 26 7
64 27 3
64 28 11
64 29 6
64 30 4
64 31 12
64 32 8
64 33 11
64 34 3
64 35 8
64 36 5
64 37 9
64 38 5
64 39 9
64 40 8
64 41 2
64 42 10
64 43 3
64 44 1
64 45 7
64 46 11
64 47 10
64 48 12
64 49 5
64 50 10
64 51 5
64 52 9
64 53 6
64 54 1
64 55 4
64 56 12
64 57 11
64 58 5
64 59 7
64 60 9
64 61 3
64 62 12
64 63 3
65 0 9
65 1 7
65 2 10
65 3 4
65 4 1
65 5 10
65 6 11
65 7 7
65 8 9
65 9 1
65 10 12
65 11 11
65 12 11
65 13 11
65 14 6
65 15 9
65 16 10
65 17 6
65 18 1
65 19 11
65 20 3
65 21 12
65 22 6
65 23 9
65 24 9
65 25 1
65 26 2
65 27 1
65 28 10
65 29 11
65 30 9
65 31 9
65 32 3
65 33 6
65 34 8
65 35 1
65 36 11
65 37 8
65 38 2
65 39 5
65 40 3
65 41 7
65 42 2
65 43 12
65 44 5
65 45 10
65 46 5
65 47 9
65 48 8
65 49 8
65 50 10
65 51 10
65 52 3
65 53 8
65 54 5
65 55 6
65 56 6
65 57 1
65 58 4
65 59 11
65 60 4
65 61 12
65 62 5
65 63 2
65 64 3
66 0 1
66 1 4
66 2 1
66 3 8
66 4 5
66 5 5
66 6 6
66 7 10
66 8 12
66 9 1
66 10 1
66 11 5
66 12 3
66 13 2
66 14 11
66 15 12
66 16 3
66 17 7
66 18 1
66 19 2
66 20 4
66 21 10
66 22 11
66 23 11
66 24 5
66 25 10
66 26 8
66 27 7
66 28 11
66 29 12
66 30 11
66 31 3
66 32 12
66 33 11
66 34 9
66 35 7
66 36 10
66 37 10
66 38 4
66 39 8
66 40 3
66 41 8
66 42 6
66 43 10
66 44 12
66 45 6
66 46 2
66 47 10
66 48 6
66 49 4
66 50 6
66 51 6
66 52 1
66 53 8
66 54 1
66 55 4
66 56 2
66 57 8
66 58 10
66 59 7
66 60 7
66 61 12
66 62 9
66 63 9
66 64 5
66 65 7
67 0 9
67 1 9
67 2 3
67 3 8
67 4 7
67 5 4
67 6 11
67 7 12
67 8 5
67 9 12
67 10 10
67 11 6
67 12 2
67 13 11
67 14 9
67 15 11
67 16 11
67 17 11
67 18 6
67 19 7
67 20 12
67 21 1
67 22 4
67 23 12
67 24 12
67 25 2
67 26 8
67 27 11
67 28 12
67 29 3
67 30 2
67 31 9
67 32 12
67 33 6
67 34 3
67 35 5
67 36 10
67 37 6
67 38 12
67 39 4
67 40 7
67 41 6
67 42 2
67 43 2
67 44 2
67 45 3
67 46 9
67 47 7
67 48 10
67 49 9
67 50 12
67 51 10
67 52 3
67 53 1
67 54 6
67 55 10
67 56 8
67 57 9
67 58 1
67 59 9
67 60 4
67 61 2
67 62 6
67 63 4
67 64 12
67 65 6
67 66 9
68 0 7
68 1 9
68 2 12
68 3 9
68 4 7
68 5 8
68 6 11
68 7 4
68 8 12
68 9 12
68 10 3
68 11 7
68 12 11
68 13 9
68 14 4
68 15 2
68 16 3
68 17 3
68 18 8
68 19 12
68 20 5
68 21 1
68 22 5
68 23 3
68 24 10
68 25 8
68 26 7
68 27 4
68 28 9
68 29 8
68 30 11
68 31 1
68 32 9
68 33 8
68 34 6
68 35 1
68 36 9
68 37 5
68 38 11
68 39 9
68 40 12
68 41 1
68 42 6
68 43 4
68 44 1
68 45 5
68 46 9
68 47 6
68 48 1
68 49 10
68 50 9
68 51 4
68 52 4
68 53 4
68 54 8
68 55 10
68 56 3
68 57 11
68 58 4
68 59 7
68 60 9
68 61 5
68 62 12
68 63 7
68 64 3
68 65 10
68 66 10
68 67 6
69 0 8
69 1 6
69 2 12
69 3 12
69 4 6
69 5 9
69 6 11
69 7 1
69 8 2
69 9 5
69 10 8
69 11 3
69 12 12
69 13 5
69 14 8
69 15 9
69 16 4
69 17 2
69 18 3
69 19 8
69 20 2
69 21 2
69 22 12
69 23 9
69 24 12
69 25 7
69 26 12
69 27 6
69 28 8
69 29 1
69 30 7
69 31 3
69 32 6
69 33 5
69 34 7
69 35 4
69 36 1
69 37 1
69 38 5
69 39 1
69 40 9
69 41 7
69 42 2
69 43 5
69 44 9
69 45 8
69 46 1
69 47 6
69 48 6
69 49 6
69 50 4
69 51 9
69 52 1
69 53 6
69 54 7
69 55 1
69 56 7
69 57 12
69 58 3
69 59 3
69 60 6
69 61 9
69 62 2
69 63 11
69 64 5
69 65 4
69 66 9
69 67 11
69 68 7
