15
1 0 2
2 0 1
2 1 1
3 0 2
3 1 2
3 2 1
4 0 2
4 1 2
4 2 1
4 3 2
5 0 2
5 1 2
5 2 1
5 3 2
5 4 2
6 0 1
6 1 1
6 2 2
6 3 1
6 4 2
6 5 2
7 0 1
7 1 2
7 2 2
7 3 2
7 4 1
7 5 2
7 6 2
8 0 2
8 1 2
8 2 1
8 3 2
8 4 1
8 5 1
8 6 2
8 7 1
9 0 2
9 1 2
9 2 2
9 3 1
9 4 2
9 5 1
9 6 2
9 7 2
9 8 1
10 0 1
10 1 1
10 2 1
10 3 1
10 4 2
10 5 1
10 6 1
10 7 2
10 8 2
10 9 2
11 0 2
11 1 1
11 2 1
11 3 1
11 4 1
11 5 1
11 6 1
11 7 1
11 8 2
11 9 1
11 10 2
12 0 2
12 1 2
12 2 2
12 3 2
12 4 1
12 5 1
12 6 1
12 7 1
12 8 2
12 9 1
12 10 1
12 11 2
13 0 1
13 1 2
13 2 2
13 3 2
13 4 2
13 5 1
13 6 2
13 7 1
13 8 2
13 9 1
13 10 1
13 11 2
13 12 1
14 0 1
14 1 2
14 2 1
14 3 1
14 4 2
14 5 1
14 6 2
14 7 2
14 8 2
14 9 2
14 10 2
14 11 2
14 12 1
14 13 2
