40
1 0 1
2 0 1
2 1 3
3 1 7
4 2 2
5 0 4
5 1 2
5 2 5
5 3 7
6 0 7
6 1 5
6 2 5
7 1 7
7 3 6
7 4 7
7 6 7
8 0 4
8 3 5
8 5 1
8 6 2
9 0 7
9 4 5
9 7 5
9 8 3
10 0 5
10 2 6
10 3 3
10 4 3
10 6 4
10 7 3
10 8 4
10 9 7
11 2 4
11 3 6
11 5 1
11 6 1
11 7 2
11 9 4
12 2 3
12 3 1
12 5 2
12 6 4
12 7 4
12 8 2
12 11 6
13 1 4
13 3 2
13 4 5
13 6 5
13 7 6
13 11 2
14 1 4
14 6 3
14 8 5
14 11 2
14 12 2
15 2 7
15 3 6
15 4 4
15 7 6
15 8 4
15 9 5
15 10 6
15 11 3
15 12 6
15 13 6
16 4 3
16 5 1
16 6 5
16 7 7
16 8 7
16 9 3
16 11 4
16 13 1
16 15 1
17 0 1
17 1 1
17 3 7
17 6 2
17 7 3
17 8 4
17 9 2
17 10 2
17 11 1
17 13 3
17 14 7
17 16 7
18 0 6
18 1 2
18 4 4
18 5 7
18 6 2
18 7 4
18 9 6
18 10 7
18 12 6
18 13 4
18 14 6
18 15 3
19 1 2
19 6 7
19 7 2
19 8 5
19 9 5
19 13 1
19 15 2
19 17 7
20 0 4
20 2 4
20 9 4
20 10 2
20 13 7
20 14 4
20 15 2
20 17 1
21 2 7
21 4 5
21 7 1
21 8 6
21 11 5
21 12 1
21 13 4
21 14 5
21 17 2
21 18 7
22 1 2
22 2 6
22 3 5
22 6 6
22 7 7
22 12 7
22 14 1
22 17 4
22 18 2
22 19 2
23 2 4
23 3 1
23 6 7
23 7 3
23 10 5
23 11 2
23 15 2
23 18 7
23 20 6
24 0 7
24 1 2
24 3 2
24 4 3
24 7 4
24 9 6
24 10 2
24 14 7
24 15 1
24 17 5
24 18 5
24 19 7
24 20 2
24 21 7
24 22 6
24 23 7
25 1 5
25 3 7
25 4 7
25 5 1
25 6 7
25 7 5
25 9 4
25 11 2
25 16 3
25 21 1
25 22 3
25 24 5
26 0 4
26 1 4
26 2 4
26 5 1
26 9 6
26 11 1
26 12 3
26 14 1
26 16 2
26 22 5
27 0 5
27 2 5
27 5 7
27 7 4
27 10 4
27 15 7
27 16 1
27 17 7
27 20 3
27 22 3
27 23 5
27 26 3
28 0 2
28 4 4
28 7 3
28 8 2
28 9 4
28 10 6
28 11 5
28 15 6
28 16 6
28 17 2
28 19 2
28 22 7
28 23 6
28 26 4
29 4 4
29 5 5
29 6 3
29 10 1
29 11 7
29 12 4
29 13 6
29 15 3
29 16 3
29 19 5
29 20 7
29 21 2
29 25 2
29 26 1
30 0 1
30 5 3
30 8 1
30 9 2
30 10 2
30 11 7
30 13 4
30 14 4
30 15 1
30 17 4
30 23 5
30 25 7
30 28 2
30 29 7
31 0 3
31 2 3
31 3 5
31 4 3
31 6 3
31 7 5
31 8 1
31 12 6
31 14 3
31 18 2
31 19 3
31 20 7
31 21 4
31 23 6
31 28 4
31 30 5
32 0 6
32 2 4
32 9 5
32 12 1
32 13 2
32 15 7
32 18 1
32 19 1
32 21 1
32 22 7
32 23 5
32 25 1
32 26 6
32 30 6
32 31 2
33 0 3
33 3 7
33 5 2
33 8 6
33 9 7
33 10 4
33 11 5
33 12 3
33 13 1
33 15 2
33 16 1
33 18 5
33 19 6
33 23 1
33 26 6
33 29 2
33 30 6
33 31 2
33 32 1
34 1 1
34 2 1
34 9 3
34 10 3
34 13 3
34 14 3
34 15 1
34 16 3
34 17 4
34 22 2
34 23 4
34 28 1
34 29 4
34 31 2
34 32 2
35 1 1
35 3 4
35 4 4
35 5 2
35 8 7
35 9 1
35 10 3
35 11 6
35 13 5
35 22 2
35 23 2
35 25 7
35 31 6
35 32 1
36 2 3
36 5 7
36 7 3
36 9 3
36 12 1
36 14 7
36 16 4
36 18 2
36 19 6
36 21 5
36 22 7
36 23 6
36 24 3
36 28 2
36 30 1
36 32 1
36 33 7
36 35 7
37 1 6
37 2 7
37 5 6
37 7 6
37 13 6
37 14 6
37 16 3
37 19 6
37 22 3
37 24 6
37 28 3
37 29 3
37 30 5
37 31 2
37 34 7
37 35 7
38 0 3
38 2 2
38 3 6
38 4 1
38 6 3
38 7 6
38 9 2
38 10 2
38 14 2
38 16 3
38 19 1
38 21 7
38 25 7
38 26 3
38 27 5
38 31 6
38 35 4
38 37 5
39 0 2
39 1 7
39 2 5
39 5 3
39 7 7
39 10 5
39 11 7
39 13 7
39 14 2
39 15 5
39 18 4
39 28 7
39 30 5
39 31 7
39 33 3
39 37 5
