40
3 0 14
3 1 4
3 2 12
4 0 8
4 1 14
4 3 2
5 2 11
6 0 9
6 3 4
6 4 12
7 0 12
7 2 9
7 5 5
8 1 6
8 3 13
8 5 12
8 7 9
9 0 14
9 1 7
9 4 1
9 5 5
9 6 1
9 8 8
10 4 14
10 6 13
10 7 11
10 9 8
11 1 9
11 3 13
11 5 10
11 6 3
11 8 6
12 2 12
12 4 12
12 5 5
12 6 13
12 7 3
12 11 9
13 1 7
13 3 7
13 5 6
13 7 11
13 10 5
14 1 7
14 3 8
14 4 14
14 7 3
14 8 13
15 1 6
15 2 8
15 3 7
15 8 4
15 9 13
15 10 2
15 12 9
15 13 8
15 14 13
16 0 5
16 1 7
16 2 8
16 8 9
16 12 6
16 15 6
17 0 13
17 2 12
17 3 8
17 7 4
17 8 4
17 9 10
17 10 1
17 12 4
17 13 4
17 14 4
17 15 10
17 16 10
18 0 12
18 1 7
18 2 9
18 3 9
18 4 5
18 7 11
18 9 3
18 10 5
18 11 1
18 12 1
18 15 6
18 16 5
19 0 11
19 2 6
19 4 13
19 5 13
19 10 13
19 12 5
19 14 8
20 0 2
20 1 13
20 3 12
20 7 3
20 8 9
20 9 14
20 10 9
20 11 11
20 13 3
20 15 12
20 16 8
20 19 13
21 1 12
21 2 3
21 3 2
21 7 2
21 8 5
21 9 5
21 10 7
21 11 13
21 13 14
21 14 5
21 15 7
21 16 9
21 18 2
21 19 10
21 20 12
22 0 3
22 1 1
22 2 10
22 3 2
22 4 6
22 5 7
22 7 7
22 11 10
22 12 11
22 14 10
22 17 4
22 18 2
22 19 7
22 20 2
23 0 9
23 1 6
23 5 1
23 7 13
23 8 4
23 10 2
23 13 9
23 14 9
23 20 14
23 22 1
24 0 4
24 2 3
24 4 4
24 8 8
24 10 13
24 11 8
24 14 7
24 17 11
24 18 12
24 19 12
24 21 5
25 1 2
25 4 9
25 6 11
25 8 4
25 11 1
25 12 7
25 14 10
25 15 13
25 18 2
25 20 10
25 21 6
25 24 1
26 2 8
26 8 5
26 9 1
26 13 1
26 15 7
26 16 14
26 17 4
26 18 11
26 19 7
26 20 12
26 21 3
26 22 7
26 25 3
27 0 3
27 1 14
27 3 3
27 5 4
27 7 14
27 12 2
27 14 10
27 15 8
27 16 12
27 22 2
27 25 14
28 0 2
28 4 13
28 5 12
28 7 2
28 9 9
28 11 9
28 12 1
28 13 13
28 14 3
28 16 4
28 17 4
28 19 9
28 22 2
28 23 13
28 24 1
28 26 11
28 27 8
29 2 4
29 5 11
29 6 1
29 11 8
29 12 7
29 16 2
29 19 14
29 20 11
29 21 9
29 27 10
30 0 9
30 2 5
30 5 12
30 6 6
30 9 5
30 10 10
30 11 9
30 13 3
30 15 5
30 16 2
30 17 13
30 18 9
30 19 11
30 24 8
30 26 14
30 28 8
30 29 9
31 0 8
31 3 1
31 4 10
31 5 5
31 6 4
31 7 11
31 11 3
31 13 5
31 14 9
31 18 9
31 19 14
31 20 9
31 21 8
31 22 7
31 25 9
31 26 3
32 3 12
32 4 3
32 7 4
32 9 8
32 11 2
32 16 2
32 18 13
32 19 11
32 20 10
32 24 12
32 25 5
32 28 5
33 0 6
33 1 4
33 3 12
33 5 14
33 7 2
33 9 11
33 10 10
33 12 14
33 13 1
33 14 10
33 16 8
33 22 12
33 23 10
33 24 9
33 26 14
33 27 4
33 28 7
33 29 10
33 32 9
34 0 7
34 2 3
34 4 12
34 5 7
34 9 12
34 11 8
34 13 7
34 14 9
34 15 13
34 18 4
34 19 14
34 21 3
34 22 12
34 23 3
34 26 1
34 28 13
34 29 3
34 30 14
34 33 2
35 2 12
35 3 13
35 5 9
35 6 13
35 12 5
35 13 10
35 14 5
35 16 7
35 20 13
35 21 1
35 23 12
35 26 14
35 27 5
35 29 1
35 32 10
35 33 5
35 34 14
36 0 11
36 3 13
36 4 11
36 7 9
36 12 3
36 13 10
36 16 1
36 18 4
36 19 8
36 21 4
36 24 13
36 26 1
36 29 14
36 31 10
36 35 11
37 0 6
37 3 7
37 4 5
37 5 4
37 6 9
37 8 11
37 10 3
37 15 5
37 18 6
37 19 9
37 20 11
37 21 11
37 22 13
37 23 9
37 24 9
37 25 8
37 29 14
37 30 13
37 32 7
37 34 11
38 0 9
38 1 2
38 2 12
38 3 5
38 4 14
38 5 7
38 9 14
38 10 6
38 11 11
38 12 3
38 14 4
38 15 5
38 17 9
38 21 11
38 22 10
38 23 6
38 25 3
38 28 12
38 29 3
38 32 12
38 33 3
38 34 14
38 35 10
39 4 2
39 6 11
39 7 9
39 11 12
39 14 14
39 15 13
39 16 9
39 18 4
39 20 3
39 27 3
39 29 1
39 30 11
39 34 1
39 35 7
39 37 8
