20
1 0 6
2 0 7
2 1 6
3 0 1
3 1 7
3 2 4
4 0 5
4 1 4
4 2 7
4 3 1
5 0 5
5 1 6
5 2 5
5 3 1
5 4 6
6 0 2
6 1 4
6 2 5
6 3 2
6 4 4
6 5 4
7 0 5
7 1 5
7 2 6
7 3 3
7 4 4
7 5 6
7 6 2
8 0 1
8 1 5
8 2 7
8 3 3
8 4 5
8 5 7
8 6 5
8 7 7
9 0 4
9 1 6
9 2 4
9 3 3
9 4 1
9 5 5
9 6 1
9 7 2
9 8 4
10 0 2
10 1 3
10 2 2
10 3 2
10 4 4
10 5 2
10 6 1
10 7 6
10 8 7
10 9 1
11 0 3
11 1 5
11 2 7
11 3 7
11 4 3
11 5 1
11 6 3
11 7 1
11 8 1
11 9 1
11 10 6
12 0 4
12 1 6
12 2 3
12 3 6
12 4 2
12 5 4
12 6 6
12 7 3
12 8 3
12 9 7
12 10 2
12 11 7
13 0 2
13 1 1
13 2 2
13 3 3
13 4 2
13 5 1
13 6 7
13 7 1
13 8 6
13 9 1
13 10 4
13 11 3
13 12 4
14 0 2
14 1 4
14 2 1
14 3 4
14 4 4
14 5 6
14 6 7
14 7 2
14 8 5
14 9 7
14 10 7
14 11 1
14 12 5
14 13 4
15 0 5
15 1 3
15 2 6
15 3 1
15 4 4
15 5 7
15 6 5
15 7 6
15 8 2
15 9 2
15 10 1
15 11 6
15 12 4
15 13 6
15 14 4
16 0 7
16 1 5
16 2 2
16 3 1
16 4 5
16 5 6
16 6 2
16 7 2
16 8 7
16 9 4
16 10 6
16 11 7
16 12 5
16 13 1
16 14 3
16 15 5
17 0 2
17 1 3
17 2 3
17 3 7
17 4 2
17 5 2
17 6 4
17 7 6
17 8 3
17 9 5
17 10 1
17 11 2
17 12 5
17 13 2
17 14 6
17 15 3
17 16 7
18 0 5
18 1 2
18 2 5
18 3 3
18 4 1
18 5 3
18 6 7
18 7 6
18 8 7
18 9 7
18 10 6
18 11 1
18 12 7
18 13 2
18 14 7
18 15 6
18 16 6
18 17 5
19 0 6
19 1 1
19 2 4
19 3 4
19 4 7
19 5 2
19 6 5
19 7 6
19 8 4
19 9 3
19 10 1
19 11 4
19 12 6
19 13 6
19 14 2
19 15 3
19 16 4
19 17 5
19 18 5
