30
2 0 2
3 1 2
4 0 1
4 1 6
4 2 9
5 3 7
6 5 2
7 0 3
7 4 8
7 5 2
7 6 4
8 0 9
8 1 7
8 4 2
8 5 5
9 3 5
9 5 2
9 8 5
10 0 2
10 1 8
10 2 6
10 5 4
10 6 4
10 9 6
11 2 1
11 3 8
11 6 7
11 8 5
11 9 6
11 10 2
12 0 5
12 1 8
12 2 3
12 6 7
12 7 9
12 8 6
13 1 8
13 2 7
13 3 8
13 4 2
13 5 3
13 6 8
13 8 4
14 6 4
14 8 9
14 9 5
14 11 8
15 2 3
15 3 3
15 11 4
15 13 3
16 1 7
16 3 8
16 8 9
16 11 2
16 13 9
16 15 5
17 0 9
17 1 1
17 3 7
17 4 4
17 13 6
17 15 4
17 16 3
18 8 3
18 10 1
18 11 3
18 12 8
18 15 7
18 16 8
18 17 2
19 0 4
19 1 5
19 2 1
19 4 5
19 6 7
19 7 5
19 10 5
19 11 9
19 12 4
19 14 5
19 16 7
19 17 1
19 18 6
20 2 8
20 3 9
20 4 5
20 6 3
20 7 2
20 9 9
20 10 3
20 11 8
20 15 2
20 16 4
20 17 5
20 18 6
20 19 8
21 0 4
21 2 6
21 4 6
21 5 3
21 6 7
21 9 6
21 10 7
21 11 6
21 12 7
21 15 3
21 16 3
21 17 4
21 18 9
21 20 4
22 0 6
22 1 4
22 2 9
22 3 7
22 4 5
22 7 4
22 12 7
22 17 2
22 18 9
22 19 1
23 0 8
23 2 5
23 4 4
23 6 9
23 9 1
23 14 3
23 16 1
23 19 1
23 20 9
24 0 6
24 8 9
24 9 2
24 11 8
24 12 7
24 13 3
24 14 9
24 16 6
24 17 7
24 18 4
24 22 8
25 0 3
25 2 2
25 4 8
25 6 8
25 9 6
25 12 8
25 14 9
25 17 6
25 18 3
25 19 1
25 20 1
25 21 2
25 22 4
25 23 8
26 0 1
26 1 4
26 2 2
26 9 8
26 11 8
26 13 9
26 15 4
26 16 7
26 18 8
26 19 5
26 20 7
26 25 5
27 2 5
27 3 4
27 7 7
27 8 3
27 10 3
27 12 7
27 13 6
27 15 8
27 16 9
27 18 8
27 21 6
27 22 1
27 23 5
28 0 5
28 1 6
28 3 7
28 4 9
28 7 8
28 8 2
28 9 4
28 10 3
28 11 4
28 12 1
28 13 4
28 15 3
28 16 8
28 17 3
28 22 9
28 23 7
28 24 5
28 25 8
29 3 6
29 5 5
29 6 9
29 7 7
29 8 3
29 9 3
29 13 2
29 15 4
29 16 1
29 17 2
29 19 3
29 24 7
29 25 6
29 26 4
29 27 3
