30
2 1 11
4 0 6
4 1 3
4 3 9
5 0 11
5 1 10
5 3 8
5 4 2
6 5 2
7 0 2
7 1 11
7 4 10
7 5 9
8 2 1
8 3 6
8 5 5
9 1 6
9 3 6
9 4 3
9 7 11
10 0 11
10 1 11
10 6 10
10 8 4
11 2 8
11 3 1
11 4 9
11 5 10
11 6 5
11 7 6
11 9 11
12 1 7
12 6 1
12 9 6
12 11 9
13 0 10
13 1 1
13 2 5
13 6 10
13 7 4
13 8 5
13 10 6
13 12 3
14 0 9
14 1 11
14 2 2
14 3 7
14 6 8
14 8 11
14 9 11
14 10 11
14 12 10
14 13 10
15 1 5
15 4 4
15 6 4
15 8 3
15 10 5
15 11 8
15 12 11
15 13 5
16 0 3
16 1 1
16 4 6
16 5 7
16 8 5
16 11 11
16 12 8
16 13 9
16 14 5
17 1 9
17 2 9
17 3 5
17 4 2
17 7 7
17 8 11
17 12 4
17 14 11
18 1 9
18 2 9
18 4 11
18 6 2
18 7 6
18 8 9
18 9 1
18 13 7
18 16 3
19 4 8
19 5 1
19 6 6
19 9 6
19 11 3
19 14 4
19 15 10
19 16 9
19 17 7
19 18 1
20 0 4
20 1 3
20 4 1
20 6 8
20 8 10
20 10 9
20 13 11
20 15 2
20 17 10
21 0 11
21 1 9
21 2 9
21 3 1
21 7 2
21 8 4
21 9 5
21 10 10
21 16 11
21 17 8
21 19 7
22 0 11
22 1 11
22 2 7
22 8 10
22 9 4
22 13 8
22 14 7
22 15 2
22 18 9
22 20 3
22 21 6
23 1 5
23 2 9
23 3 8
23 4 8
23 6 9
23 8 9
23 13 5
23 14 11
23 15 7
23 19 9
23 20 2
23 21 1
24 3 11
24 5 6
24 6 6
24 7 4
24 8 1
24 10 4
24 11 4
24 13 10
24 14 9
24 16 1
24 18 10
24 19 10
24 21 1
24 23 1
25 0 3
25 3 4
25 5 10
25 8 5
25 12 5
25 14 11
25 18 2
25 22 11
26 2 7
26 4 8
26 5 3
26 6 4
26 7 5
26 8 5
26 10 8
26 11 2
26 14 5
26 17 3
26 18 2
26 20 6
26 23 3
26 24 8
26 25 9
27 0 4
27 5 10
27 6 7
27 8 10
27 10 10
27 14 1
27 15 8
27 16 3
27 17 2
27 19 4
27 22 7
27 24 9
27 25 7
27 26 6
28 1 6
28 3 5
28 4 2
28 5 5
28 12 7
28 14 10
28 15 4
28 16 5
28 21 5
28 22 10
28 24 4
28 25 9
28 26 6
29 0 8
29 2 6
29 3 2
29 4 11
29 8 4
29 11 3
29 12 11
29 13 4
29 14 7
29 15 11
29 17 9
29 19 5
29 21 4
29 22 8
29 23 3
29 25 6
29 26 5
