40
1 0 3
2 0 2
2 1 1
3 0 3
3 1 3
3 2 1
4 0 1
4 1 2
4 2 3
4 3 3
5 0 3
5 1 1
5 2 3
5 3 3
5 4 2
6 0 1
6 1 2
6 2 2
6 3 1
6 4 3
6 5 1
7 0 1
7 1 1
7 2 1
7 3 2
7 4 3
7 5 2
7 6 3
8 0 3
8 1 3
8 2 2
8 3 1
8 4 2
8 5 2
8 6 1
8 7 1
9 0 1
9 1 3
9 2 2
9 3 3
9 4 3
9 5 1
9 6 2
9 7 2
9 8 3
10 0 3
10 1 2
10 2 1
10 3 1
10 4 2
10 5 3
10 6 2
10 7 2
10 8 3
10 9 1
11 0 3
11 1 2
11 2 3
11 3 1
11 4 2
11 5 3
11 6 2
11 7 1
11 8 3
11 9 2
11 10 3
12 0 3
12 1 3
12 2 1
12 3 3
12 4 3
12 5 3
12 6 3
12 7 2
12 8 3
12 9 3
12 10 1
12 11 1
13 0 2
13 1 2
13 2 1
13 3 3
13 4 2
13 5 1
13 6 3
13 7 1
13 8 3
13 9 1
13 10 2
13 11 3
13 12 2
14 0 3
14 1 2
14 2 3
14 3 3
14 4 2
14 5 2
14 6 3
14 7 2
14 8 1
14 9 1
14 10 2
14 11 3
14 12 2
14 13 2
15 0 1
15 1 1
15 2 2
15 3 2
15 4 3
15 5 1
15 6 2
15 7 2
15 8 1
15 9 2
15 10 1
15 11 2
15 12 2
15 13 3
15 14 2
16 0 3
16 1 2
16 2 3
16 3 3
16 4 2
16 5 3
16 6 3
16 7 1
16 8 3
16 9 1
16 10 2
16 11 1
16 12 3
16 13 1
16 14 1
16 15 2
17 0 2
17 1 1
17 2 2
17 3 2
17 4 3
17 5 2
17 6 3
17 7 3
17 8 2
17 9 1
17 10 1
17 11 1
17 12 2
17 13 2
17 14 1
17 15 3
17 16 3
18 0 3
18 1 1
18 2 2
18 3 1
18 4 2
18 5 1
18 6 1
18 7 2
18 8 3
18 9 3
18 10 1
18 11 3
18 12 3
18 13 3
18 14 3
18 15 1
18 16 2
18 17 3
19 0 3
19 1 1
19 2 3
19 3 1
19 4 1
19 5 3
19 6 2
19 7 1
19 8 3
19 9 3
19 10 3
19 11 1
19 12 3
19 13 3
19 14 1
19 15 3
19 16 3
19 17 1
19 18 2
20 0 2
20 1 3
20 2 3
20 3 1
20 4 3
20 5 3
20 6 3
20 7 1
20 8 1
20 9 1
20 10 1
20 11 1
20 12 3
20 13 2
20 14 1
20 15 2
20 16 2
20 17 1
20 18 2
20 19 3
21 0 1
21 1 2
21 2 2
21 3 3
21 4 1
21 5 3
21 6 1
21 7 2
21 8 2
21 9 2
21 10 1
21 11 1
21 12 3
21 13 1
21 14 2
21 15 2
21 16 3
21 17 2
21 18 1
21 19 1
21 20 3
22 0 2
22 1 2
22 2 3
22 3 3
22 4 3
22 5 3
22 6 3
22 7 3
22 8 1
22 9 3
22 10 2
22 11 3
22 12 2
22 13 2
22 14 1
22 15 1
22 16 2
22 17 2
22 18 1
22 19 1
22 20 1
22 21 1
23 0 2
23 1 2
23 2 2
23 3 1
23 4 2
23 5 3
23 6 1
23 7 1
23 8 2
23 9 3
23 10 2
23 11 1
23 12 3
23 13 2
23 14 1
23 15 3
23 16 1
23 17 2
23 18 2
23 19 1
23 20 3
23 21 1
23 22 1
24 0 2
24 1 2
24 2 1
24 3 3
24 4 3
24 5 3
24 6 1
24 7 2
24 8 1
24 9 3
24 10 3
24 11 1
24 12 1
24 13 2
24 14 2
24 15 3
24 16 1
24 17 1
24 18 3
24 19 3
24 20 2
24 21 3
24 22 2
24 23 2
25 0 3
25 1 2
25 2 3
25 3 2
25 4 2
25 5 1
25 6 3
25 7 3
25 8 1
25 9 2
25 10 1
25 11 2
25 12 3
25 13 1
25 14 3
25 15 2
25 16 1
25 17 2
25 18 1
25 19 2
25 20 1
25 21 3
25 22 1
25 23 1
25 24 1
26 0 3
26 1 3
26 2 3
26 3 1
26 4 1
26 5 1
26 6 2
26 7 2
26 8 3
26 9 1
26 10 1
26 11 3
26 12 2
26 13 2
26 14 1
26 15 3
26 16 2
26 17 3
26 18 1
26 19 2
26 20 1
26 21 3
26 22 2
26 23 1
26 24 1
26 25 3
27 0 1
27 1 2
27 2 3
27 3 2
27 4 3
27 5 2
27 6 2
27 7 1
27 8 2
27 9 1
27 10 1
27 11 2
27 12 1
27 13 2
27 14 1
27 15 2
27 16 3
27 17 1
27 18 3
27 19 2
27 20 3
27 21 2
27 22 2
27 23 2
27 24 3
27 25 3
27 26 1
28 0 1
28 1 3
28 2 3
28 3 1
28 4 1
28 5 1
28 6 3
28 7 1
28 8 1
28 9 3
28 10 3
28 11 2
28 12 1
28 13 3
28 14 1
28 15 2
28 16 2
28 17 2
28 18 3
28 19 1
28 20 3
28 21 2
28 22 2
28 23 1
28 24 1
28 25 1
28 26 1
28 27 3
29 0 2
29 1 3
29 2 2
29 3 1
29 4 1
29 5 2
29 6 1
29 7 2
29 8 1
29 9 1
29 10 1
29 11 3
29 12 1
29 13 1
29 14 1
29 15 1
29 16 2
29 17 3
29 18 1
29 19 3
29 20 2
29 21 3
29 22 2
29 23 3
29 24 1
29 25 3
29 26 1
29 27 1
29 28 1
30 0 2
30 1 1
30 2 1
30 3 2
30 4 1
30 5 1
30 6 2
30 7 3
30 8 1
30 9 2
30 10 2
30 11 2
30 12 3
30 13 1
30 14 1
30 15 3
30 16 1
30 17 1
30 18 2
30 19 3
30 20 2
30 21 1
30 22 1
30 23 1
30 24 1
30 25 1
30 26 2
30 27 2
30 28 2
30 29 1
31 0 3
31 1 2
31 2 3
31 3 3
31 4 1
31 5 1
31 6 3
31 7 1
31 8 3
31 9 3
31 10 3
31 11 1
31 12 2
31 13 1
31 14 3
31 15 2
31 16 1
31 17 1
31 18 1
31 19 3
31 20 3
31 21 1
31 22 1
31 23 3
31 24 1
31 25 2
31 26 2
31 27 1
31 28 2
31 29 1
31 30 1
32 0 3
32 1 3
32 2 2
32 3 1
32 4 3
32 5 3
32 6 1
32 7 1
32 8 2
32 9 3
32 10 2
32 11 3
32 12 1
32 13 2
32 14 1
32 15 1
32 16 2
32 17 2
32 18 3
32 19 2
32 20 1
32 21 3
32 22 3
32 23 2
32 24 3
32 25 2
32 26 3
32 27 2
32 28 1
32 29 2
32 30 2
32 31 1
33 0 3
33 1 3
33 2 3
33 3 1
33 4 3
33 5 3
33 6 1
33 7 3
33 8 3
33 9 3
33 10 1
33 11 3
33 12 2
33 13 2
33 14 3
33 15 1
33 16 1
33 17 2
33 18 2
33 19 2
33 20 3
33 21 1
33 22 3
33 23 3
33 24 1
33 25 3
33 26 2
33 27 3
33 28 2
33 29 2
33 30 3
33 31 3
33 32 2
34 0 3
34 1 1
34 2 2
34 3 2
34 4 3
34 5 1
34 6 1
34 7 1
34 8 1
34 9 3
34 10 1
34 11 2
34 12 3
34 13 3
34 14 1
34 15 3
34 16 1
34 17 2
34 18 3
34 19 1
34 20 3
34 21 1
34 22 3
34 23 1
34 24 3
34 25 1
34 26 1
34 27 2
34 28 1
34 29 1
34 30 2
34 31 1
34 32 2
34 33 2
35 0 3
35 1 3
35 2 3
35 3 2
35 4 3
35 5 2
35 6 2
35 7 2
35 8 1
35 9 3
35 10 2
35 11 1
35 12 2
35 13 3
35 14 2
35 15 2
35 16 2
35 17 1
35 18 1
35 19 1
35 20 1
35 21 3
35 22 1
35 23 1
35 24 1
35 25 2
35 26 3
35 27 3
35 28 1
35 29 1
35 30 3
35 31 2
35 32 1
35 33 3
35 34 3
36 0 1
36 1 1
36 2 2
36 3 3
36 4 3
36 5 3
36 6 1
36 7 1
36 8 2
36 9 2
36 10 1
36 11 2
36 12 2
36 13 2
36 14 1
36 15 2
36 16 2
36 17 1
36 18 2
36 19 2
36 20 2
36 21 1
36 22 1
36 23 1
36 24 3
36 25 1
36 26 1
36 27 2
36 28 3
36 29 3
36 30 1
36 31 3
36 32 3
36 33 3
36 34 3
36 35 2
37 0 1
37 1 1
37 2 2
37 3 1
37 4 3
37 5 1
37 6 2
37 7 1
37 8 2
37 9 1
37 10 1
37 11 2
37 12 3
37 13 2
37 14 1
37 15 2
37 16 2
37 17 3
37 18 2
37 19 1
37 20 1
37 21 1
37 22 2
37 23 3
37 24 1
37 25 1
37 26 1
37 27 3
37 28 1
37 29 3
37 30 1
37 31 1
37 32 2
37 33 3
37 34 1
37 35 3
37 36 1
38 0 3
38 1 1
38 2 1
38 3 2
38 4 2
38 5 1
38 6 1
38 7 2
38 8 1
38 9 2
38 10 2
38 11 3
38 12 1
38 13 1
38 14 1
38 15 1
38 16 1
38 17 1
38 18 2
38 19 1
38 20 1
38 21 3
38 22 3
38 23 2
38 24 2
38 25 1
38 26 3
38 27 3
38 28 3
38 29 2
38 30 1
38 31 3
38 32 1
38 33 2
38 34 1
38 35 1
38 36 3
38 37 2
39 0 1
39 1 1
39 2 3
39 3 1
39 4 2
39 5 3
39 6 3
39 7 1
39 8 2
39 9 1
39 10 3
39 11 1
39 12 3
39 13 2
39 14 1
39 15 2
39 16 3
39 17 2
39 18 1
39 19 2
39 20 2
39 21 1
39 22 2
39 23 1
39 24 2
39 25 1
39 26 2
39 27 1
39 28 2
39 29 1
39 30 3
39 31 3
39 32 2
39 33 1
39 34 2
39 35 3
39 36 1
39 37 2
39 38 2
