70
1 0 1
2 0 1
2 1 1
3 0 4
3 1 4
3 2 2
4 0 3
4 1 1
4 2 5
4 3 4
5 0 4
5 1 5
5 2 1
5 3 2
5 4 4
6 0 2
6 1 5
6 2 4
6 3 1
6 4 1
6 5 5
7 0 3
7 1 3
7 2 1
7 3 1
7 4 1
7 5 4
7 6 2
8 0 4
8 1 5
8 2 2
8 3 1
8 4 3
8 5 1
8 6 3
8 7 3
9 0 2
9 1 5
9 2 5
9 3 1
9 4 2
9 5 1
9 6 3
9 7 5
9 8 1
10 0 3
10 1 3
10 2 4
10 3 2
10 4 2
10 5 1
10 6 3
10 7 5
10 8 1
10 9 3
11 0 2
11 1 2
11 2 1
11 3 2
11 4 5
11 5 1
11 6 3
11 7 2
11 8 2
11 9 5
11 10 1
12 0 4
12 1 4
12 2 5
12 3 5
12 4 2
12 5 1
12 6 2
12 7 4
12 8 1
12 9 3
12 10 4
12 11 3
13 0 3
13 1 4
13 2 1
13 3 1
13 4 4
13 5 1
13 6 1
13 7 2
13 8 2
13 9 5
13 10 3
13 11 3
13 12 1
14 0 2
14 1 3
14 2 1
14 3 4
14 4 3
14 5 3
14 6 1
14 7 4
14 8 2
14 9 4
14 10 2
14 11 1
14 12 3
14 13 5
15 0 3
15 1 2
15 2 3
15 3 2
15 4 3
15 5 4
15 6 2
15 7 2
15 8 5
15 9 2
15 10 1
15 11 1
15 12 2
15 13 3
15 14 2
16 0 3
16 1 4
16 2 1
16 3 4
16 4 1
16 5 4
16 6 3
16 7 3
16 8 5
16 9 1
16 10 3
16 11 5
16 12 1
16 13 3
16 14 3
16 15 4
17 0 5
17 1 1
17 2 3
17 3 1
17 4 1
17 5 4
17 6 2
17 7 1
17 8 2
17 9 5
17 10 3
17 11 2
17 12 3
17 13 5
17 14 2
17 15 1
17 16 1
18 0 5
18 1 2
18 2 1
18 3 5
18 4 3
18 5 4
18 6 4
18 7 2
18 8 2
18 9 3
18 10 5
18 11 2
18 12 2
18 13 1
18 14 4
18 15 5
18 16 5
18 17 4
19 0 3
19 1 3
19 2 4
19 3 4
19 4 3
19 5 5
19 6 4
19 7 4
19 8 4
19 9 1
19 10 3
19 11 3
19 12 1
19 13 5
19 14 1
19 15 3
19 16 4
19 17 5
19 18 3
20 0 5
20 1 3
20 2 1
20 3 4
20 4 5
20 5 3
20 6 2
20 7 2
20 8 4
20 9 4
20 10 1
20 11 4
20 12 1
20 13 3
20 14 2
20 15 2
20 16 2
20 17 5
20 18 4
20 19 2
21 0 1
21 1 1
21 2 4
21 3 3
21 4 1
21 5 5
21 6 1
21 7 2
21 8 1
21 9 2
21 10 3
21 11 2
21 12 5
21 13 2
21 14 5
21 15 1
21 16 5
21 17 5
21 18 1
21 19 2
21 20 4
22 0 2
22 1 5
22 2 4
22 3 2
22 4 2
22 5 2
22 6 2
22 7 1
22 8 1
22 9 1
22 10 5
22 11 3
22 12 5
22 13 4
22 14 3
22 15 5
22 16 5
22 17 3
22 18 4
22 19 4
22 20 2
22 21 5
23 0 1
23 1 2
23 2 3
23 3 1
23 4 4
23 5 2
23 6 1
23 7 4
23 8 3
23 9 4
23 10 5
23 11 3
23 12 1
23 13 5
23 14 5
23 15 2
23 16 3
23 17 1
23 18 1
23 19 4
23 20 4
23 21 2
23 22 2
24 0 5
24 1 1
24 2 3
24 3 4
24 4 5
24 5 3
24 6 4
24 7 2
24 8 3
24 9 1
24 10 3
24 11 1
24 12 1
24 13 3
24 14 2
24 15 4
24 16 2
24 17 4
24 18 3
24 19 5
24 20 3
24 21 3
24 22 1
24 23 3
25 0 5
25 1 4
25 2 3
25 3 2
25 4 5
25 5 2
25 6 5
25 7 4
25 8 3
25 9 2
25 10 3
25 11 3
25 12 5
25 13 5
25 14 1
25 15 4
25 16 5
25 17 5
25 18 2
25 19 3
25 20 4
25 21 2
25 22 1
25 23 2
25 24 1
26 0 2
26 1 3
26 2 3
26 3 3
26 4 3
26 5 5
26 6 5
26 7 2
26 8 1
26 9 1
26 10 2
26 11 1
26 12 4
26 13 4
26 14 4
26 15 2
26 16 5
26 17 3
26 18 3
26 19 1
26 20 5
26 21 5
26 22 1
26 23 3
26 24 1
26 25 1
27 0 5
27 1 2
27 2 5
27 3 3
27 4 1
27 5 1
27 6 5
27 7 2
27 8 5
27 9 1
27 10 5
27 11 5
27 12 5
27 13 3
27 14 4
27 15 1
27 16 4
27 17 1
27 18 1
27 19 5
27 20 2
27 21 4
27 22 5
27 23 1
27 24 3
27 25 4
27 26 2
28 0 4
28 1 4
28 2 1
28 3 4
28 4 3
28 5 1
28 6 5
28 7 2
28 8 4
28 9 2
28 10 4
28 11 4
28 12 5
28 13 1
28 14 3
28 15 5
28 16 2
28 17 4
28 18 3
28 19 4
28 20 3
28 21 4
28 22 4
28 23 5
28 24 1
28 25 5
28 26 4
28 27 3
29 0 4
29 1 1
29 2 4
29 3 4
29 4 1
29 5 1
29 6 4
29 7 4
29 8 3
29 9 5
29 10 3
29 11 5
29 12 2
29 13 4
29 14 4
29 15 1
29 16 2
29 17 5
29 18 2
29 19 4
29 20 2
29 21 4
29 22 5
29 23 1
29 24 5
29 25 2
29 26 1
29 27 4
29 28 5
30 0 3
30 1 4
30 2 5
30 3 1
30 4 1
30 5 4
30 6 5
30 7 2
30 8 1
30 9 4
30 10 5
30 11 5
30 12 1
30 13 3
30 14 3
30 15 4
30 16 5
30 17 3
30 18 1
30 19 3
30 20 3
30 21 3
30 22 3
30 23 4
30 24 5
30 25 2
30 26 5
30 27 3
30 28 1
30 29 3
31 0 4
31 1 4
31 2 1
31 3 3
31 4 1
31 5 4
31 6 5
31 7 2
31 8 5
31 9 1
31 10 2
31 11 1
31 12 2
31 13 4
31 14 3
31 15 3
31 16 3
31 17 1
31 18 1
31 19 1
31 20 5
31 21 4
31 22 2
31 23 4
31 24 1
31 25 5
31 26 3
31 27 4
31 28 2
31 29 3
31 30 4
32 0 4
32 1 3
32 2 2
32 3 4
32 4 3
32 5 5
32 6 3
32 7 4
32 8 5
32 9 5
32 10 4
32 11 2
32 12 4
32 13 2
32 14 4
32 15 2
32 16 4
32 17 1
32 18 1
32 19 3
32 20 2
32 21 3
32 22 2
32 23 5
32 24 3
32 25 5
32 26 5
32 27 2
32 28 5
32 29 1
32 30 5
32 31 5
33 0 1
33 1 2
33 2 1
33 3 2
33 4 1
33 5 1
33 6 5
33 7 1
33 8 3
33 9 5
33 10 2
33 11 3
33 12 1
33 13 4
33 14 2
33 15 1
33 16 4
33 17 5
33 18 4
33 19 5
33 20 2
33 21 4
33 22 2
33 23 3
33 24 1
33 25 4
33 26 3
33 27 4
33 28 5
33 29 4
33 30 3
33 31 4
33 32 5
34 0 5
34 1 2
34 2 1
34 3 2
34 4 3
34 5 1
34 6 5
34 7 1
34 8 3
34 9 2
34 10 1
34 11 1
34 12 3
34 13 2
34 14 5
34 15 4
34 16 5
34 17 3
34 18 3
34 19 1
34 20 1
34 21 4
34 22 4
34 23 1
34 24 4
34 25 1
34 26 4
34 27 5
34 28 2
34 29 4
34 30 1
34 31 5
34 32 1
34 33 5
35 0 2
35 1 1
35 2 3
35 3 1
35 4 5
35 5 3
35 6 3
35 7 2
35 8 3
35 9 5
35 10 3
35 11 1
35 12 2
35 13 5
35 14 5
35 15 1
35 16 4
35 17 2
35 18 4
35 19 5
35 20 2
35 21 3
35 22 3
35 23 3
35 24 4
35 25 1
35 26 2
35 27 5
35 28 4
35 29 3
35 30 2
35 31 2
35 32 1
35 33 3
35 34 2
36 0 2
36 1 1
36 2 1
36 3 4
36 4 3
36 5 3
36 6 3
36 7 5
36 8 3
36 9 5
36 10 2
36 11 5
36 12 1
36 13 3
36 14 4
36 15 1
36 16 2
36 17 1
36 18 3
36 19 2
36 20 4
36 21 2
36 22 1
36 23 3
36 24 4
36 25 3
36 26 4
36 27 3
36 28 3
36 29 5
36 30 3
36 31 3
36 32 1
36 33 4
36 34 1
36 35 3
37 0 1
37 1 2
37 2 5
37 3 1
37 4 2
37 5 4
37 6 1
37 7 4
37 8 2
37 9 2
37 10 1
37 11 2
37 12 4
37 13 1
37 14 4
37 15 2
37 16 3
37 17 4
37 18 5
37 19 1
37 20 1
37 21 3
37 22 3
37 23 3
37 24 5
37 25 2
37 26 5
37 27 4
37 28 4
37 29 1
37 30 5
37 31 1
37 32 5
37 33 2
37 34 4
37 35 5
37 36 5
38 0 1
38 1 4
38 2 2
38 3 2
38 4 1
38 5 5
38 6 1
38 7 1
38 8 1
38 9 1
38 10 5
38 11 1
38 12 1
38 13 5
38 14 1
38 15 2
38 16 2
38 17 5
38 18 3
38 19 4
38 20 1
38 21 3
38 22 5
38 23 1
38 24 2
38 25 4
38 26 4
38 27 4
38 28 1
38 29 2
38 30 1
38 31 1
38 32 3
38 33 2
38 34 3
38 35 1
38 36 2
38 37 4
39 0 2
39 1 3
39 2 5
39 3 5
39 4 5
39 5 4
39 6 3
39 7 4
39 8 1
39 9 3
39 10 4
39 11 1
39 12 3
39 13 4
39 14 3
39 15 1
39 16 5
39 17 5
39 18 2
39 19 1
39 20 5
39 21 2
39 22 1
39 23 5
39 24 4
39 25 3
39 26 5
39 27 1
39 28 1
39 29 2
39 30 5
39 31 4
39 32 2
39 33 1
39 34 2
39 35 4
39 36 2
39 37 2
39 38 3
40 0 2
40 1 5
40 2 4
40 3 2
40 4 2
40 5 2
40 6 1
40 7 2
40 8 5
40 9 5
40 10 5
40 11 4
40 12 4
40 13 5
40 14 2
40 15 3
40 16 3
40 17 2
40 18 5
40 19 4
40 20 5
40 21 1
40 22 1
40 23 1
40 24 5
40 25 2
40 26 5
40 27 5
40 28 3
40 29 2
40 30 4
40 31 4
40 32 1
40 33 1
40 34 3
40 35 4
40 36 2
40 37 5
40 38 1
40 39 4
41 0 2
41 1 2
41 2 2
41 3 4
41 4 1
41 5 2
41 6 4
41 7 2
41 8 3
41 9 3
41 10 3
41 11 3
41 12 2
41 13 1
41 14 2
41 15 2
41 16 4
41 17 5
41 18 1
41 19 2
41 20 1
41 21 4
41 22 5
41 23 4
41 24 5
41 25 5
41 26 5
41 27 3
41 28 5
41 29 1
41 30 3
41 31 1
41 32 5
41 33 2
41 34 5
41 35 4
41 36 5
41 37 3
41 38 4
41 39 5
41 40 2
42 0 3
42 1 1
42 2 4
42 3 5
42 4 4
42 5 5
42 6 1
42 7 4
42 8 2
42 9 4
42 10 5
42 11 3
42 12 5
42 13 3
42 14 1
42 15 2
42 16 1
42 17 4
42 18 5
42 19 1
42 20 5
42 21 1
42 22 1
42 23 4
42 24 1
42 25 4
42 26 2
42 27 4
42 28 1
42 29 2
42 30 3
42 31 2
42 32 5
42 33 1
42 34 5
42 35 2
42 36 5
42 37 3
42 38 5
42 39 3
42 40 3
42 41 3
43 0 2
43 1 5
43 2 4
43 3 4
43 4 3
43 5 5
43 6 2
43 7 4
43 8 2
43 9 3
43 10 4
43 11 5
43 12 1
43 13 5
43 14 4
43 15 1
43 16 2
43 17 5
43 18 1
43 19 5
43 20 4
43 21 4
43 22 3
43 23 4
43 24 5
43 25 2
43 26 5
43 27 3
43 28 2
43 29 5
43 30 4
43 31 5
43 32 3
43 33 3
43 34 4
43 35 3
43 36 1
43 37 5
43 38 3
43 39 3
43 40 5
43 41 2
43 42 2
44 0 1
44 1 5
44 2 4
44 3 2
44 4 5
44 5 4
44 6 4
44 7 4
44 8 1
44 9 5
44 10 3
44 11 2
44 12 3
44 13 2
44 14 2
44 15 2
44 16 3
44 17 2
44 18 1
44 19 2
44 20 4
44 21 1
44 22 3
44 23 3
44 24 4
44 25 3
44 26 1
44 27 5
44 28 3
44 29 5
44 30 4
44 31 2
44 32 4
44 33 1
44 34 1
44 35 4
44 36 4
44 37 4
44 38 2
44 39 5
44 40 3
44 41 5
44 42 3
44 43 1
45 0 3
45 1 3
45 2 3
45 3 2
45 4 2
45 5 5
45 6 2
45 7 4
45 8 3
45 9 3
45 10 2
45 11 2
45 12 3
45 13 3
45 14 4
45 15 5
45 16 1
45 17 4
45 18 5
45 19 5
45 20 1
45 21 2
45 22 2
45 23 5
45 24 4
45 25 1
45 26 3
45 27 3
45 28 2
45 29 5
45 30 4
45 31 1
45 32 4
45 33 1
45 34 5
45 35 3
45 36 5
45 37 2
45 38 1
45 39 4
45 40 5
45 41 1
45 42 3
45 43 3
45 44 1
46 0 3
46 1 1
46 2 2
46 3 2
46 4 4
46 5 5
46 6 3
46 7 3
46 8 3
46 9 1
46 10 2
46 11 4
46 12 1
46 13 5
46 14 2
46 15 3
46 16 3
46 17 2
46 18 1
46 19 2
46 20 1
46 21 3
46 22 3
46 23 4
46 24 2
46 25 3
46 26 4
46 27 5
46 28 1
46 29 2
46 30 4
46 31 1
46 32 3
46 33 1
46 34 2
46 35 4
46 36 5
46 37 2
46 38 2
46 39 5
46 40 5
46 41 2
46 42 5
46 43 2
46 44 4
46 45 5
47 0 3
47 1 5
47 2 3
47 3 4
47 4 5
47 5 1
47 6 2
47 7 2
47 8 4
47 9 5
47 10 3
47 11 5
47 12 1
47 13 3
47 14 4
47 15 3
47 16 5
47 17 4
47 18 3
47 19 3
47 20 1
47 21 3
47 22 2
47 23 1
47 24 2
47 25 4
47 26 1
47 27 1
47 28 4
47 29 5
47 30 4
47 31 1
47 32 3
47 33 1
47 34 2
47 35 2
47 36 3
47 37 3
47 38 1
47 39 1
47 40 3
47 41 5
47 42 4
47 43 3
47 44 1
47 45 3
47 46 3
48 0 2
48 1 2
48 2 5
48 3 4
48 4 1
48 5 4
48 6 4
48 7 4
48 8 2
48 9 3
48 10 3
48 11 1
48 12 4
48 13 1
48 14 2
48 15 2
48 16 1
48 17 2
48 18 1
48 19 4
48 20 4
48 21 2
48 22 4
48 23 3
48 24 4
48 25 1
48 26 1
48 27 2
48 28 2
48 29 1
48 30 1
48 31 1
48 32 2
48 33 2
48 34 2
48 35 3
48 36 5
48 37 3
48 38 2
48 39 3
48 40 1
48 41 3
48 42 5
48 43 4
48 44 1
48 45 2
48 46 5
48 47 4
49 0 1
49 1 3
49 2 5
49 3 2
49 4 5
49 5 1
49 6 3
49 7 3
49 8 4
49 9 4
49 10 1
49 11 2
49 12 5
49 13 2
49 14 3
49 15 3
49 16 3
49 17 5
49 18 5
49 19 4
49 20 5
49 21 5
49 22 4
49 23 2
49 24 1
49 25 5
49 26 4
49 27 2
49 28 4
49 29 2
49 30 5
49 31 2
49 32 1
49 33 3
49 34 1
49 35 1
49 36 2
49 37 5
49 38 4
49 39 5
49 40 3
49 41 4
49 42 1
49 43 3
49 44 5
49 45 2
49 46 2
49 47 3
49 48 1
50 0 5
50 1 4
50 2 5
50 3 4
50 4 2
50 5 3
50 6 5
50 7 4
50 8 5
50 9 5
50 10 3
50 11 3
50 12 4
50 13 3
50 14 4
50 15 1
50 16 1
50 17 5
50 18 2
50 19 1
50 20 2
50 21 5
50 22 2
50 23 3
50 24 1
50 25 3
50 26 2
50 27 2
50 28 5
50 29 3
50 30 2
50 31 2
50 32 2
50 33 1
50 34 1
50 35 5
50 36 2
50 37 4
50 38 4
50 39 2
50 40 5
50 41 4
50 42 3
50 43 2
50 44 2
50 45 2
50 46 2
50 47 2
50 48 2
50 49 1
51 0 5
51 1 2
51 2 2
51 3 2
51 4 5
51 5 5
51 6 2
51 7 1
51 8 4
51 9 1
51 10 5
51 11 5
51 12 4
51 13 2
51 14 5
51 15 4
51 16 2
51 17 4
51 18 4
51 19 5
51 20 5
51 21 4
51 22 5
51 23 5
51 24 1
51 25 4
51 26 1
51 27 5
51 28 5
51 29 2
51 30 3
51 31 3
51 32 3
51 33 5
51 34 4
51 35 2
51 36 4
51 37 4
51 38 3
51 39 2
51 40 2
51 41 4
51 42 2
51 43 2
51 44 1
51 45 2
51 46 5
51 47 2
51 48 5
51 49 3
51 50 3
52 0 5
52 1 1
52 2 5
52 3 3
52 4 2
52 5 2
52 6 1
52 7 3
52 8 3
52 9 1
52 10 4
52 11 3
52 12 2
52 13 3
52 14 5
52 15 5
52 16 3
52 17 5
52 18 5
52 19 3
52 20 3
52 21 3
52 22 2
52 23 5
52 24 4
52 25 1
52 26 4
52 27 3
52 28 5
52 29 4
52 30 5
52 31 5
52 32 5
52 33 4
52 34 3
52 35 2
52 36 2
52 37 4
52 38 4
52 39 2
52 40 3
52 41 1
52 42 2
52 43 5
52 44 1
52 45 4
52 46 1
52 47 4
52 48 3
52 49 3
52 50 3
52 51 4
53 0 4
53 1 2
53 2 1
53 3 3
53 4 5
53 5 4
53 6 5
53 7 3
53 8 5
53 9 4
53 10 1
53 11 3
53 12 4
53 13 3
53 14 3
53 15 3
53 16 1
53 17 3
53 18 1
53 19 3
53 20 2
53 21 4
53 22 4
53 23 5
53 24 4
53 25 3
53 26 5
53 27 1
53 28 5
53 29 3
53 30 2
53 31 5
53 32 1
53 33 5
53 34 2
53 35 4
53 36 4
53 37 3
53 38 2
53 39 1
53 40 5
53 41 1
53 42 3
53 43 4
53 44 5
53 45 1
53 46 5
53 47 3
53 48 2
53 49 1
53 50 1
53 51 1
53 52 3
54 0 4
54 1 2
54 2 2
54 3 1
54 4 1
54 5 1
54 6 2
54 7 3
54 8 1
54 9 1
54 10 1
54 11 5
54 12 4
54 13 2
54 14 2
54 15 4
54 16 2
54 17 5
54 18 4
54 19 2
54 20 5
54 21 3
54 22 2
54 23 1
54 24 1
54 25 4
54 26 4
54 27 5
54 28 2
54 29 2
54 30 4
54 31 4
54 32 2
54 33 2
54 34 4
54 35 5
54 36 1
54 37 5
54 38 2
54 39 1
54 40 4
54 41 5
54 42 5
54 43 3
54 44 2
54 45 1
54 46 4
54 47 1
54 48 1
54 49 2
54 50 5
54 51 1
54 52 2
54 53 1
55 0 1
55 1 4
55 2 2
55 3 1
55 4 1
55 5 1
55 6 4
55 7 3
55 8 5
55 9 1
55 10 4
55 11 4
55 12 3
55 13 3
55 14 5
55 15 4
55 16 5
55 17 4
55 18 3
55 19 4
55 20 3
55 21 5
55 22 5
55 23 1
55 24 1
55 25 2
55 26 5
55 27 1
55 28 1
55 29 2
55 30 4
55 31 2
55 32 2
55 33 3
55 34 4
55 35 1
55 36 3
55 37 1
55 38 4
55 39 3
55 40 4
55 41 5
55 42 4
55 43 4
55 44 2
55 45 5
55 46 1
55 47 2
55 48 2
55 49 3
55 50 3
55 51 5
55 52 5
55 53 3
55 54 2
56 0 2
56 1 2
56 2 1
56 3 1
56 4 2
56 5 1
56 6 2
56 7 1
56 8 2
56 9 1
56 10 5
56 11 3
56 12 3
56 13 2
56 14 3
56 15 3
56 16 1
56 17 1
56 18 1
56 19 3
56 20 5
56 21 3
56 22 2
56 23 2
56 24 4
56 25 2
56 26 2
56 27 3
56 28 2
56 29 5
56 30 5
56 31 1
56 32 4
56 33 1
56 34 4
56 35 3
56 36 1
56 37 1
56 38 1
56 39 2
56 40 1
56 41 4
56 42 3
56 43 1
56 44 5
56 45 4
56 46 1
56 47 4
56 48 5
56 49 3
56 50 4
56 51 3
56 52 3
56 53 2
56 54 5
56 55 2
57 0 4
57 1 1
57 2 2
57 3 3
57 4 4
57 5 4
57 6 2
57 7 1
57 8 3
57 9 3
57 10 1
57 11 3
57 12 5
57 13 4
57 14 3
57 15 4
57 16 3
57 17 3
57 18 4
57 19 1
57 20 1
57 21 4
57 22 4
57 23 5
57 24 3
57 25 2
57 26 2
57 27 2
57 28 2
57 29 3
57 30 2
57 31 2
57 32 4
57 33 2
57 34 5
57 35 4
57 36 1
57 37 3
57 38 5
57 39 4
57 40 4
57 41 5
57 42 2
57 43 1
57 44 2
57 45 3
57 46 4
57 47 3
57 48 1
57 49 1
57 50 1
57 51 2
57 52 2
57 53 5
57 54 2
57 55 5
57 56 5
58 0 3
58 1 3
58 2 3
58 3 5
58 4 2
58 5 3
58 6 5
58 7 5
58 8 3
58 9 4
58 10 4
58 11 2
58 12 3
58 13 1
58 14 5
58 15 3
58 16 3
58 17 3
58 18 1
58 19 5
58 20 2
58 21 1
58 22 2
58 23 3
58 24 5
58 25 5
58 26 1
58 27 3
58 28 2
58 29 3
58 30 3
58 31 3
58 32 3
58 33 3
58 34 4
58 35 2
58 36 4
58 37 2
58 38 5
58 39 3
58 40 4
58 41 1
58 42 3
58 43 3
58 44 3
58 45 5
58 46 2
58 47 3
58 48 5
58 49 2
58 50 5
58 51 4
58 52 3
58 53 5
58 54 4
58 55 5
58 56 5
58 57 3
59 0 5
59 1 1
59 2 2
59 3 1
59 4 1
59 5 1
59 6 4
59 7 2
59 8 2
59 9 1
59 10 5
59 11 4
59 12 4
59 13 2
59 14 3
59 15 4
59 16 1
59 17 5
59 18 1
59 19 1
59 20 5
59 21 5
59 22 5
59 23 1
59 24 3
59 25 4
59 26 4
59 27 3
59 28 1
59 29 2
59 30 4
59 31 5
59 32 5
59 33 2
59 34 4
59 35 1
59 36 5
59 37 3
59 38 1
59 39 1
59 40 1
59 41 3
59 42 1
59 43 3
59 44 5
59 45 5
59 46 1
59 47 5
59 48 2
59 49 1
59 50 4
59 51 5
59 52 5
59 53 2
59 54 2
59 55 2
59 56 4
59 57 2
59 58 1
60 0 4
60 1 5
60 2 5
60 3 1
60 4 2
60 5 5
60 6 3
60 7 3
60 8 5
60 9 2
60 10 1
60 11 1
60 12 3
60 13 1
60 14 4
60 15 4
60 16 5
60 17 5
60 18 3
60 19 2
60 20 2
60 21 4
60 22 4
60 23 5
60 24 5
60 25 3
60 26 1
60 27 3
60 28 3
60 29 2
60 30 5
60 31 1
60 32 5
60 33 5
60 34 2
60 35 1
60 36 4
60 37 3
60 38 4
60 39 5
60 40 3
60 41 2
60 42 2
60 43 1
60 44 4
60 45 1
60 46 2
60 47 2
60 48 4
60 49 4
60 50 4
60 51 1
60 52 1
60 53 2
60 54 4
60 55 4
60 56 2
60 57 2
60 58 5
60 59 5
61 0 2
61 1 3
61 2 4
61 3 3
61 4 4
61 5 5
61 6 2
61 7 2
61 8 4
61 9 5
61 10 2
61 11 5
61 12 3
61 13 5
61 14 2
61 15 5
61 16 5
61 17 5
61 18 5
61 19 5
61 20 4
61 21 5
61 22 3
61 23 3
61 24 5
61 25 2
61 26 5
61 27 5
61 28 1
61 29 4
61 30 1
61 31 3
61 32 4
61 33 3
61 34 4
61 35 4
61 36 2
61 37 5
61 38 5
61 39 5
61 40 2
61 41 5
61 42 1
61 43 5
61 44 2
61 45 4
61 46 4
61 47 4
61 48 2
61 49 1
61 50 3
61 51 1
61 52 5
61 53 1
61 54 1
61 55 5
61 56 1
61 57 3
61 58 4
61 59 2
61 60 3
62 0 2
62 1 1
62 2 1
62 3 4
62 4 2
62 5 3
62 6 1
62 7 5
62 8 5
62 9 5
62 10 1
62 11 1
62 12 3
62 13 5
62 14 3
62 15 2
62 16 2
62 17 3
62 18 4
62 19 2
62 20 3
62 21 2
62 22 4
62 23 2
62 24 4
62 25 3
62 26 5
62 27 3
62 28 2
62 29 2
62 30 1
62 31 2
62 32 1
62 33 5
62 34 3
62 35 3
62 36 4
62 37 5
62 38 3
62 39 4
62 40 1
62 41 3
62 42 1
62 43 2
62 44 1
62 45 5
62 46 5
62 47 2
62 48 1
62 49 3
62 50 4
62 51 3
62 52 2
62 53 3
62 54 4
62 55 1
62 56 3
62 57 3
62 58 5
62 59 5
62 60 5
62 61 3
63 0 3
63 1 4
63 2 1
63 3 4
63 4 1
63 5 3
63 6 2
63 7 5
63 8 4
63 9 4
63 10 5
63 11 2
63 12 3
63 13 2
63 14 3
63 15 3
63 16 4
63 17 1
63 18 4
63 19 2
63 20 2
63 21 4
63 22 1
63 23 2
63 24 4
63 25 4
63 26 3
63 27 5
63 28 5
63 29 2
63 30 2
63 31 2
63 32 5
63 33 3
63 34 4
63 35 1
63 36 3
63 37 2
63 38 1
63 39 3
63 40 4
63 41 2
63 42 3
63 43 2
63 44 2
63 45 2
63 46 5
63 47 1
63 48 1
63 49 1
63 50 5
63 51 2
63 52 1
63 53 5
63 54 5
63 55 5
63 56 1
63 57 3
63 58 1
63 59 2
63 60 5
63 61 2
63 62 2
64 0 1
64 1 2
64 2 1
64 3 3
64 4 3
64 5 2
64 6 5
64 7 1
64 8 4
64 9 2
64 10 5
64 11 3
64 12 5
64 13 5
64 14 5
64 15 1
64 16 3
64 17 5
64 18 3
64 19 4
64 20 2
64 21 4
64 22 3
64 23 1
64 24 2
64 25 2
64 26 5
64 27 5
64 28 1
64 29 1
64 30 2
64 31 5
64 32 2
64 33 2
64 34 5
64 35 1
64 36 3
64 37 3
64 38 4
64 39 1
64 40 5
64 41 2
64 42 1
64 43 1
64 44 1
64 45 3
64 46 1
64 47 4
64 48 4
64 49 4
64 50 1
64 51 3
64 52 3
64 53 3
64 54 4
64 55 3
64 56 1
64 57 4
64 58 4
64 59 3
64 60 2
64 61 3
64 62 1
64 63 2
65 0 4
65 1 2
65 2 1
65 3 1
65 4 1
65 5 3
65 6 5
65 7 1
65 8 1
65 9 4
65 10 4
65 11 5
65 12 1
65 13 1
65 14 3
65 15 2
65 16 4
65 17 5
65 18 4
65 19 5
65 20 3
65 21 3
65 22 2
65 23 4
65 24 1
65 25 4
65 26 1
65 27 1
65 28 1
65 29 4
65 30 5
65 31 1
65 32 3
65 33 3
65 34 3
65 35 3
65 36 2
65 37 2
65 38 5
65 39 5
65 40 3
65 41 2
65 42 3
65 43 4
65 44 4
65 45 1
65 46 1
65 47 5
65 48 4
65 49 2
65 50 5
65 51 1
65 52 2
65 53 5
65 54 4
65 55 2
65 56 2
65 57 2
65 58 1
65 59 3
65 60 3
65 61 5
65 62 4
65 63 4
65 64 1
66 0 4
66 1 4
66 2 3
66 3 3
66 4 4
66 5 1
66 6 5
66 7 2
66 8 2
66 9 5
66 10 5
66 11 4
66 12 3
66 13 1
66 14 5
66 15 3
66 16 4
66 17 1
66 18 4
66 19 5
66 20 5
66 21 1
66 22 1
66 23 5
66 24 1
66 25 3
66 26 2
66 27 5
66 28 5
66 29 5
66 30 5
66 31 4
66 32 1
66 33 3
66 34 2
66 35 2
66 36 3
66 37 4
66 38 2
66 39 1
66 40 4
66 41 5
66 42 2
66 43 4
66 44 5
66 45 3
66 46 2
66 47 1
66 48 3
66 49 4
66 50 3
66 51 2
66 52 4
66 53 2
66 54 5
66 55 4
66 56 5
66 57 4
66 58 1
66 59 3
66 60 2
66 61 2
66 62 3
66 63 3
66 64 2
66 65 2
67 0 2
67 1 5
67 2 3
67 3 3
67 4 3
67 5 4
67 6 1
67 7 4
67 8 2
67 9 2
67 10 5
67 11 4
67 12 5
67 13 3
67 14 4
67 15 5
67 16 3
67 17 1
67 18 4
67 19 4
67 20 5
67 21 3
67 22 5
67 23 4
67 24 4
67 25 1
67 26 5
67 27 3
67 28 3
67 29 5
67 30 4
67 31 4
67 32 3
67 33 5
67 34 4
67 35 5
67 36 1
67 37 5
67 38 3
67 39 4
67 40 4
67 41 5
67 42 4
67 43 5
67 44 5
67 45 2
67 46 5
67 47 2
67 48 3
67 49 2
67 50 4
67 51 2
67 52 1
67 53 2
67 54 4
67 55 3
67 56 3
67 57 5
67 58 1
67 59 2
67 60 1
67 61 4
67 62 5
67 63 1
67 64 3
67 65 2
67 66 4
68 0 4
68 1 5
68 2 4
68 3 5
68 4 3
68 5 5
68 6 4
68 7 2
68 8 4
68 9 2
68 10 4
68 11 2
68 12 5
68 13 5
68 14 5
68 15 1
68 16 4
68 17 4
68 18 3
68 19 3
68 20 2
68 21 1
68 22 1
68 23 2
68 24 5
68 25 4
68 26 5
68 27 1
68 28 3
68 29 1
68 30 1
68 31 2
68 32 2
68 33 4
68 34 2
68 35 5
68 36 3
68 37 5
68 38 3
68 39 2
68 40 3
68 41 2
68 42 2
68 43 1
68 44 2
68 45 1
68 46 3
68 47 1
68 48 1
68 49 1
68 50 4
68 51 4
68 52 3
68 53 1
68 54 1
68 55 1
68 56 3
68 57 5
68 58 5
68 59 5
68 60 1
68 61 5
68 62 1
68 63 1
68 64 4
68 65 1
68 66 5
68 67 4
69 0 3
69 1 4
69 2 4
69 3 5
69 4 5
69 5 3
69 6 4
69 7 4
69 8 2
69 9 3
69 10 5
69 11 3
69 12 2
69 13 4
69 14 2
69 15 1
69 16 4
69 17 2
69 18 5
69 19 1
69 20 2
69 21 5
69 22 4
69 23 3
69 24 4
69 25 4
69 26 2
69 27 1
69 28 5
69 29 4
69 30 5
69 31 4
69 32 1
69 33 2
69 34 2
69 35 3
69 36 1
69 37 1
69 38 3
69 39 2
69 40 2
69 41 5
69 42 4
69 43 4
69 44 4
69 45 1
69 46 4
69 47 1
69 48 2
69 49 5
69 50 2
69 51 1
69 52 4
69 53 4
69 54 5
69 55 2
69 56 1
69 57 5
69 58 5
69 59 3
69 60 4
69 61 4
69 62 1
69 63 2
69 64 1
69 65 1
69 66 1
69 67 3
69 68 1
