15
1 0 1
2 0 4
2 1 2
3 0 1
3 1 2
3 2 4
4 0 1
4 1 1
4 2 2
4 3 2
5 0 2
5 1 3
5 2 3
5 3 2
5 4 4
6 0 4
6 1 3
6 2 4
6 3 2
6 4 4
6 5 3
7 0 3
7 1 1
7 2 2
7 3 4
7 4 2
7 5 3
7 6 1
8 0 4
8 1 2
8 2 4
8 3 2
8 4 1
8 5 1
8 6 4
8 7 2
9 0 2
9 1 4
9 2 1
9 3 3
9 4 1
9 5 3
9 6 2
9 7 4
9 8 1
10 0 1
10 1 4
10 2 3
10 3 3
10 4 3
10 5 1
10 6 1
10 7 3
10 8 3
10 9 2
11 0 4
11 1 2
11 2 4
11 3 4
11 4 4
11 5 1
11 6 1
11 7 3
11 8 3
11 9 2
11 10 3
12 0 2
12 1 3
12 2 3
12 3 2
12 4 1
12 5 1
12 6 2
12 7 1
12 8 3
12 9 3
12 10 1
12 11 4
13 0 1
13 1 4
13 2 1
13 3 3
13 4 1
13 5 1
13 6 1
13 7 2
13 8 1
13 9 3
13 10 1
13 11 1
13 12 1
14 0 4
14 1 2
14 2 2
14 3 3
14 4 3
14 5 4
14 6 1
14 7 4
14 8 2
14 9 2
14 10 3
14 11 2
14 12 2
14 13 3
