70
2 0 7
2 1 6
3 2 2
4 2 4
5 0 6
5 1 4
5 2 7
5 3 2
7 0 3
7 1 5
7 2 7
7 6 2
8 0 2
8 1 5
8 5 2
8 7 7
9 0 4
9 2 6
9 5 7
9 6 2
9 7 5
10 0 3
10 5 2
10 6 5
10 8 3
11 4 5
11 5 2
11 7 3
11 9 5
12 0 5
12 2 6
12 3 2
12 8 4
12 9 1
12 10 4
13 1 7
13 2 6
13 3 7
13 9 6
13 12 7
14 1 7
14 3 7
14 5 7
14 6 2
14 8 5
14 9 4
14 11 4
14 12 1
15 0 1
15 1 6
15 2 5
15 3 7
15 4 2
15 6 3
15 7 6
15 8 5
15 9 4
15 10 6
15 11 2
15 14 7
16 0 3
16 1 7
16 3 1
16 4 3
16 9 3
16 14 4
17 2 7
17 4 7
17 5 4
17 6 3
17 7 7
17 11 7
17 12 2
17 13 2
17 14 3
17 15 4
18 0 7
18 1 4
18 3 3
18 4 5
18 7 2
18 9 6
18 11 1
18 12 4
18 14 7
18 17 4
19 0 3
19 1 1
19 2 5
19 4 1
19 5 5
19 9 1
19 11 3
19 13 4
19 16 6
19 17 7
19 18 3
20 0 5
20 1 6
20 4 5
20 6 6
20 11 2
20 12 1
20 13 2
20 14 7
20 15 3
20 16 7
20 17 2
20 18 6
20 19 6
21 0 6
21 1 2
21 2 3
21 3 7
21 6 5
21 7 2
21 10 1
21 11 3
21 12 7
21 13 4
21 15 3
21 16 4
21 17 7
21 18 1
21 19 2
21 20 4
22 0 4
22 3 6
22 5 4
22 6 7
22 7 2
22 8 1
22 9 7
22 16 1
22 17 1
22 18 4
22 21 1
23 3 6
23 4 5
23 6 3
23 9 3
23 12 7
23 13 4
23 14 6
23 15 3
23 17 5
23 19 7
23 22 5
24 0 6
24 1 3
24 2 6
24 3 7
24 4 7
24 5 6
24 7 5
24 8 1
24 9 3
24 10 3
24 12 1
24 13 5
24 16 3
24 18 3
24 19 5
24 20 3
24 21 1
25 3 3
25 4 7
25 6 5
25 7 5
25 10 2
25 12 5
25 13 1
25 15 5
25 16 1
25 17 2
25 21 7
25 22 6
26 2 4
26 5 3
26 6 7
26 8 4
26 10 3
26 11 1
26 15 3
26 16 1
26 20 5
26 21 1
26 22 3
26 24 6
27 2 5
27 4 7
27 5 5
27 6 2
27 10 6
27 13 6
27 19 6
27 21 2
27 23 7
28 0 3
28 1 7
28 2 7
28 4 1
28 6 5
28 7 7
28 10 2
28 12 3
28 13 7
28 14 7
28 15 6
28 18 3
28 19 7
28 22 1
28 23 3
28 25 6
28 26 6
28 27 7
29 1 4
29 3 4
29 4 4
29 8 6
29 10 5
29 11 5
29 12 1
29 13 2
29 15 6
29 17 1
29 19 3
29 24 5
29 27 1
30 0 2
30 2 6
30 4 1
30 5 3
30 9 5
30 10 4
30 12 1
30 13 7
30 14 5
30 24 3
30 27 7
30 29 6
31 0 2
31 1 2
31 3 3
31 7 2
31 8 5
31 11 1
31 12 3
31 14 5
31 17 6
31 18 1
31 20 3
31 21 3
31 22 6
31 26 7
31 28 4
31 29 3
31 30 1
32 3 3
32 4 7
32 5 7
32 8 6
32 10 2
32 11 5
32 12 1
32 13 7
32 15 3
32 16 2
32 20 5
32 21 7
32 25 6
32 27 1
32 29 3
32 30 1
32 31 6
33 0 3
33 5 6
33 8 7
33 10 7
33 11 2
33 12 2
33 13 4
33 16 5
33 17 2
33 18 1
33 19 5
33 20 5
33 22 1
33 24 6
33 25 4
33 27 2
33 28 2
34 1 1
34 3 4
34 5 2
34 6 1
34 9 6
34 12 5
34 13 6
34 14 7
34 17 4
34 18 1
34 19 2
34 20 2
34 21 4
34 25 4
34 26 7
34 27 4
34 32 5
34 33 7
35 4 6
35 5 7
35 6 1
35 8 4
35 10 4
35 11 5
35 13 7
35 14 6
35 15 1
35 16 7
35 18 2
35 20 5
35 21 1
35 22 3
35 26 5
35 27 3
35 34 4
36 0 4
36 2 7
36 9 2
36 11 5
36 12 1
36 18 7
36 20 2
36 21 1
36 23 1
36 24 3
36 31 7
36 32 4
36 35 1
37 2 3
37 5 4
37 6 3
37 7 2
37 9 6
37 10 6
37 11 2
37 12 6
37 13 3
37 15 2
37 17 3
37 18 6
37 20 4
37 22 2
37 25 1
37 28 6
37 29 1
37 32 6
37 34 6
37 35 3
38 1 4
38 4 3
38 6 2
38 7 2
38 9 6
38 10 6
38 15 4
38 16 2
38 18 6
38 19 7
38 20 3
38 21 3
38 22 2
38 23 2
38 25 2
38 27 3
38 28 2
38 30 1
38 31 4
38 35 5
38 36 7
39 0 3
39 1 1
39 2 1
39 6 1
39 9 6
39 10 5
39 11 4
39 12 2
39 22 5
39 23 7
39 24 4
39 25 5
39 27 7
39 29 2
39 32 4
39 37 7
39 38 6
40 1 2
40 4 7
40 7 1
40 8 6
40 9 4
40 10 2
40 11 7
40 12 1
40 17 5
40 18 2
40 19 2
40 21 6
40 23 5
40 24 2
40 25 5
40 30 6
40 32 2
40 34 7
40 37 1
41 4 2
41 5 7
41 6 6
41 9 4
41 12 4
41 19 6
41 23 2
41 25 2
41 26 3
41 27 6
41 29 6
41 30 3
41 31 2
41 34 5
41 35 6
41 38 5
41 40 5
42 0 7
42 3 5
42 6 3
42 7 5
42 8 5
42 10 3
42 11 3
42 13 2
42 14 3
42 17 7
42 19 2
42 21 1
42 23 2
42 24 7
42 27 6
42 29 5
42 34 1
42 35 5
42 36 6
42 37 7
42 38 1
42 39 2
42 41 7
43 0 5
43 3 6
43 4 2
43 5 4
43 6 1
43 8 5
43 16 2
43 19 1
43 20 5
43 25 4
43 30 4
43 31 5
43 32 6
43 33 5
43 34 7
43 36 4
43 38 7
43 39 5
43 41 4
43 42 3
44 1 6
44 4 6
44 5 6
44 6 5
44 9 1
44 11 5
44 13 5
44 16 2
44 19 5
44 22 6
44 23 7
44 26 7
44 29 7
44 30 3
44 31 3
44 32 2
44 33 7
44 35 6
44 37 7
44 38 7
44 40 7
44 41 6
44 42 2
44 43 3
45 1 4
45 2 4
45 3 1
45 5 2
45 6 6
45 8 5
45 9 4
45 11 2
45 14 5
45 16 4
45 18 7
45 20 5
45 21 7
45 22 3
45 25 6
45 26 2
45 28 2
45 29 7
45 30 2
45 31 7
45 33 4
45 35 5
45 36 7
45 37 1
45 38 6
45 39 2
45 40 4
45 41 5
45 42 5
45 43 4
46 1 1
46 2 3
46 3 7
46 4 3
46 5 2
46 6 2
46 7 6
46 8 2
46 9 7
46 10 4
46 13 5
46 15 4
46 22 1
46 23 5
46 24 2
46 25 4
46 26 1
46 28 4
46 29 6
46 30 1
46 31 4
46 32 1
46 34 4
46 35 3
46 36 6
46 37 2
46 38 5
46 40 3
46 41 3
46 44 1
46 45 4
47 0 7
47 2 6
47 3 7
47 4 7
47 6 4
47 10 3
47 11 1
47 12 1
47 14 7
47 15 4
47 17 3
47 19 7
47 22 1
47 23 2
47 25 5
47 26 5
47 28 6
47 29 3
47 30 7
47 31 4
47 32 2
47 33 1
47 36 5
47 39 3
47 40 6
47 43 1
47 44 2
47 46 6
48 1 3
48 4 1
48 5 4
48 7 6
48 9 2
48 11 3
48 12 7
48 13 4
48 14 4
48 18 7
48 19 2
48 21 7
48 23 7
48 24 7
48 26 2
48 27 3
48 29 4
48 30 3
48 32 5
48 33 5
48 35 5
48 36 7
48 37 7
48 40 3
48 41 6
48 42 7
48 44 4
48 46 5
48 47 4
49 1 7
49 2 6
49 6 5
49 9 7
49 10 2
49 11 5
49 14 6
49 15 5
49 16 3
49 17 1
49 19 4
49 21 4
49 22 1
49 26 3
49 29 6
49 31 1
49 34 5
49 37 1
49 38 3
49 40 2
49 41 7
49 43 3
49 46 6
49 48 5
50 1 4
50 3 4
50 4 2
50 10 3
50 11 3
50 14 1
50 15 2
50 16 6
50 17 5
50 18 6
50 20 6
50 22 7
50 24 1
50 25 6
50 26 1
50 27 5
50 31 3
50 34 4
50 35 2
50 39 7
50 42 6
50 43 3
50 44 4
50 45 4
50 48 2
50 49 2
51 1 1
51 3 3
51 9 1
51 10 5
51 12 4
51 14 6
51 15 3
51 18 6
51 19 4
51 21 1
51 22 4
51 24 3
51 25 4
51 26 3
51 27 6
51 30 5
51 33 5
51 36 6
51 37 1
51 38 1
51 43 5
51 45 7
51 46 6
51 47 1
51 49 2
52 1 1
52 2 6
52 3 4
52 4 4
52 6 2
52 9 1
52 10 1
52 12 5
52 13 7
52 14 7
52 15 6
52 20 3
52 22 4
52 23 5
52 24 6
52 26 6
52 28 7
52 29 3
52 33 6
52 34 4
52 39 7
52 40 7
52 42 4
52 45 7
52 49 7
52 51 4
53 3 3
53 10 2
53 11 6
53 12 7
53 14 6
53 20 5
53 21 3
53 23 4
53 24 3
53 28 4
53 29 7
53 30 3
53 31 1
53 33 4
53 40 4
53 41 7
53 42 6
53 44 3
53 45 1
53 46 4
53 47 5
53 51 6
54 1 2
54 3 2
54 8 6
54 9 2
54 11 5
54 12 1
54 17 7
54 20 3
54 21 7
54 22 1
54 23 3
54 26 5
54 29 4
54 30 3
54 33 5
54 34 1
54 35 2
54 36 4
54 37 7
54 38 6
54 39 7
54 40 7
54 42 7
54 43 2
54 44 3
54 45 5
54 47 6
54 48 2
55 1 6
55 8 5
55 10 5
55 11 3
55 13 4
55 16 5
55 17 3
55 19 2
55 20 1
55 22 1
55 23 2
55 27 6
55 31 7
55 34 6
55 35 6
55 39 3
55 41 4
55 42 1
55 43 3
55 44 6
55 45 1
55 46 4
55 52 7
55 54 5
56 4 2
56 6 3
56 7 4
56 9 5
56 10 3
56 11 2
56 12 2
56 13 7
56 17 6
56 18 2
56 22 4
56 24 2
56 29 3
56 32 6
56 34 1
56 40 4
56 41 2
56 43 5
56 46 2
56 49 7
56 51 6
56 52 1
56 53 4
56 55 4
57 0 1
57 2 4
57 3 6
57 4 7
57 10 4
57 14 5
57 15 6
57 17 3
57 19 4
57 20 7
57 25 7
57 26 1
57 27 2
57 31 1
57 32 6
57 34 4
57 37 6
57 43 5
57 45 3
57 52 3
57 54 2
57 56 1
58 0 1
58 3 1
58 4 7
58 6 4
58 7 2
58 8 6
58 10 1
58 11 4
58 14 7
58 16 2
58 17 7
58 18 5
58 20 3
58 23 4
58 24 6
58 25 1
58 26 3
58 27 3
58 28 2
58 31 7
58 33 5
58 37 5
58 41 3
58 51 3
58 54 5
58 55 1
58 57 3
59 1 5
59 4 4
59 5 6
59 8 4
59 14 2
59 16 2
59 19 6
59 20 2
59 22 1
59 25 1
59 28 7
59 29 3
59 30 4
59 33 5
59 34 5
59 35 3
59 36 1
59 37 4
59 38 6
59 41 6
59 43 7
59 44 4
59 49 7
59 50 7
59 52 3
59 53 3
59 56 3
59 57 4
59 58 2
60 0 1
60 1 2
60 2 5
60 3 7
60 4 3
60 5 2
60 7 3
60 8 2
60 9 1
60 10 2
60 11 4
60 12 1
60 15 6
60 17 5
60 19 7
60 21 7
60 23 6
60 24 2
60 26 7
60 27 3
60 28 4
60 29 2
60 30 2
60 34 3
60 35 2
60 38 7
60 39 3
60 40 3
60 44 3
60 47 6
60 48 4
60 52 4
60 53 1
60 56 5
61 0 5
61 3 1
61 4 7
61 5 6
61 6 5
61 7 4
61 8 2
61 9 5
61 10 5
61 16 5
61 19 2
61 22 4
61 27 4
61 28 2
61 31 4
61 36 6
61 37 1
61 38 4
61 40 2
61 44 4
61 46 3
61 47 2
61 48 3
61 51 7
61 53 6
61 54 4
61 57 2
61 58 4
61 60 1
62 1 2
62 3 3
62 5 5
62 7 2
62 10 6
62 14 4
62 15 3
62 16 6
62 17 2
62 19 2
62 20 5
62 21 7
62 23 7
62 24 3
62 26 3
62 27 7
62 28 3
62 29 7
62 35 2
62 38 4
62 39 6
62 40 7
62 43 5
62 44 4
62 45 6
62 46 1
62 47 7
62 51 7
62 53 3
62 54 2
62 55 6
62 56 3
62 57 5
62 58 4
62 59 4
63 0 5
63 3 2
63 7 1
63 8 1
63 13 4
63 17 4
63 18 6
63 19 4
63 22 6
63 24 3
63 25 6
63 26 5
63 29 4
63 30 1
63 31 1
63 33 1
63 35 4
63 36 5
63 38 4
63 39 5
63 40 1
63 41 7
63 46 4
63 47 7
63 48 5
63 49 3
63 50 5
63 52 3
63 55 2
63 57 4
63 58 2
63 60 5
63 61 5
63 62 1
64 0 4
64 4 3
64 6 1
64 7 2
64 9 2
64 11 5
64 14 2
64 15 3
64 16 4
64 19 4
64 21 7
64 24 6
64 25 7
64 29 5
64 31 3
64 33 2
64 34 7
64 37 7
64 40 7
64 41 5
64 43 3
64 46 7
64 47 5
64 48 6
64 51 6
64 53 4
64 54 5
64 55 7
64 56 3
64 59 4
64 60 2
64 61 6
64 63 7
65 0 7
65 2 7
65 4 2
65 5 3
65 7 7
65 10 2
65 12 5
65 17 4
65 21 5
65 22 7
65 26 1
65 27 4
65 28 4
65 31 4
65 33 1
65 35 4
65 39 4
65 40 3
65 42 3
65 43 2
65 45 2
65 46 7
65 49 5
65 50 2
65 55 6
65 56 2
65 57 4
65 58 3
65 59 6
65 61 1
65 64 4
66 2 1
66 3 5
66 6 1
66 8 6
66 9 7
66 10 4
66 11 4
66 14 7
66 15 2
66 18 5
66 19 4
66 22 4
66 23 5
66 27 5
66 28 5
66 32 5
66 33 3
66 39 1
66 43 3
66 44 7
66 46 7
66 47 3
66 49 4
66 51 3
66 55 6
66 58 3
66 59 3
66 60 4
66 61 4
66 62 6
66 64 7
67 1 6
67 2 7
67 5 2
67 7 2
67 8 3
67 9 3
67 13 7
67 14 2
67 17 5
67 19 4
67 20 3
67 21 7
67 22 7
67 24 7
67 25 5
67 27 4
67 28 5
67 29 3
67 33 3
67 37 1
67 38 5
67 39 7
67 40 6
67 41 7
67 42 5
67 43 5
67 46 6
67 50 1
67 52 5
67 53 7
67 54 6
67 56 7
67 57 4
67 59 1
67 61 6
67 64 3
68 0 2
68 3 4
68 7 1
68 9 3
68 11 1
68 12 1
68 13 7
68 14 5
68 15 5
68 17 3
68 19 2
68 20 4
68 22 7
68 25 2
68 26 4
68 27 6
68 28 4
68 32 7
68 33 7
68 34 4
68 35 2
68 38 2
68 40 1
68 41 2
68 42 6
68 46 1
68 52 3
68 53 4
68 56 5
68 57 5
68 58 4
68 64 4
68 66 7
69 1 2
69 3 3
69 5 3
69 7 1
69 9 6
69 10 6
69 14 7
69 15 6
69 16 1
69 20 2
69 22 7
69 23 6
69 25 1
69 28 2
69 30 5
69 31 1
69 33 6
69 35 1
69 36 1
69 37 5
69 38 1
69 41 7
69 44 1
69 45 3
69 46 2
69 47 2
69 48 6
69 49 6
69 50 6
69 54 4
69 56 6
69 57 7
69 58 7
69 59 7
69 60 1
69 61 4
69 63 6
69 64 4
69 67 7
