60
1 0 4
2 0 1
2 1 3
3 0 1
3 1 5
3 2 4
4 0 5
4 1 5
4 2 5
4 3 3
5 0 5
5 1 3
5 2 4
5 3 4
5 4 1
6 0 5
6 1 2
6 2 2
6 3 2
6 4 3
6 5 2
7 0 5
7 1 3
7 2 5
7 3 1
7 4 4
7 5 4
7 6 2
8 0 2
8 1 1
8 2 2
8 3 5
8 4 1
8 5 5
8 6 3
8 7 3
9 0 3
9 1 3
9 2 2
9 3 3
9 4 3
9 5 4
9 6 3
9 7 4
9 8 4
10 0 4
10 1 4
10 2 4
10 3 2
10 4 2
10 5 5
10 6 3
10 7 1
10 8 3
10 9 1
11 0 1
11 1 3
11 2 1
11 3 5
11 4 5
11 5 1
11 6 1
11 7 3
11 8 3
11 9 1
11 10 5
12 0 3
12 1 5
12 2 5
12 3 1
12 4 3
12 5 3
12 6 1
12 7 1
12 8 5
12 9 2
12 10 2
12 11 4
13 0 4
13 1 3
13 2 4
13 3 3
13 4 1
13 5 2
13 6 5
13 7 2
13 8 2
13 9 4
13 10 2
13 11 3
13 12 5
14 0 4
14 1 5
14 2 4
14 3 4
14 4 2
14 5 3
14 6 2
14 7 5
14 8 5
14 9 5
14 10 2
14 11 5
14 12 2
14 13 2
15 0 2
15 1 5
15 2 5
15 3 2
15 4 1
15 5 4
15 6 5
15 7 3
15 8 5
15 9 1
15 10 1
15 11 4
15 12 5
15 13 3
15 14 2
16 0 3
16 1 5
16 2 5
16 3 4
16 4 1
16 5 2
16 6 3
16 7 4
16 8 5
16 9 2
16 10 5
16 11 4
16 12 2
16 13 5
16 14 2
16 15 4
17 0 4
17 1 2
17 2 3
17 3 4
17 4 2
17 5 2
17 6 3
17 7 1
17 8 5
17 9 3
17 10 4
17 11 3
17 12 1
17 13 3
17 14 1
17 15 1
17 16 1
18 0 1
18 1 4
18 2 1
18 3 3
18 4 1
18 5 3
18 6 2
18 7 4
18 8 1
18 9 4
18 10 3
18 11 4
18 12 3
18 13 2
18 14 4
18 15 2
18 16 5
18 17 1
19 0 5
19 1 3
19 2 4
19 3 1
19 4 3
19 5 1
19 6 3
19 7 5
19 8 4
19 9 1
19 10 1
19 11 1
19 12 1
19 13 1
19 14 1
19 15 1
19 16 4
19 17 1
19 18 1
20 0 2
20 1 4
20 2 4
20 3 2
20 4 2
20 5 4
20 6 4
20 7 5
20 8 4
20 9 1
20 10 1
20 11 1
20 12 5
20 13 3
20 14 4
20 15 4
20 16 5
20 17 3
20 18 2
20 19 4
21 0 3
21 1 2
21 2 2
21 3 3
21 4 2
21 5 2
21 6 5
21 7 5
21 8 2
21 9 5
21 10 4
21 11 3
21 12 5
21 13 2
21 14 1
21 15 2
21 16 1
21 17 2
21 18 4
21 19 3
21 20 2
22 0 3
22 1 2
22 2 2
22 3 1
22 4 5
22 5 4
22 6 2
22 7 2
22 8 3
22 9 2
22 10 1
22 11 1
22 12 3
22 13 2
22 14 4
22 15 1
22 16 2
22 17 4
22 18 2
22 19 5
22 20 1
22 21 4
23 0 4
23 1 3
23 2 1
23 3 3
23 4 1
23 5 4
23 6 2
23 7 2
23 8 2
23 9 5
23 10 3
23 11 3
23 12 3
23 13 4
23 14 2
23 15 1
23 16 5
23 17 1
23 18 2
23 19 2
23 20 4
23 21 4
23 22 2
24 0 3
24 1 5
24 2 5
24 3 2
24 4 2
24 5 3
24 6 1
24 7 3
24 8 3
24 9 4
24 10 3
24 11 3
24 12 4
24 13 1
24 14 1
24 15 3
24 16 4
24 17 5
24 18 1
24 19 1
24 20 1
24 21 1
24 22 5
24 23 4
25 0 1
25 1 1
25 2 5
25 3 4
25 4 5
25 5 3
25 6 3
25 7 4
25 8 2
25 9 2
25 10 1
25 11 3
25 12 3
25 13 2
25 14 3
25 15 4
25 16 3
25 17 2
25 18 2
25 19 2
25 20 3
25 21 1
25 22 5
25 23 4
25 24 2
26 0 1
26 1 1
26 2 3
26 3 5
26 4 5
26 5 1
26 6 2
26 7 2
26 8 1
26 9 1
26 10 3
26 11 3
26 12 1
26 13 5
26 14 3
26 15 1
26 16 1
26 17 5
26 18 3
26 19 5
26 20 4
26 21 3
26 22 3
26 23 3
26 24 3
26 25 4
27 0 2
27 1 5
27 2 2
27 3 5
27 4 3
27 5 5
27 6 4
27 7 5
27 8 2
27 9 2
27 10 4
27 11 1
27 12 3
27 13 2
27 14 4
27 15 4
27 16 2
27 17 2
27 18 3
27 19 4
27 20 3
27 21 4
27 22 4
27 23 4
27 24 5
27 25 3
27 26 4
28 0 5
28 1 2
28 2 5
28 3 2
28 4 4
28 5 2
28 6 3
28 7 4
28 8 3
28 9 1
28 10 2
28 11 4
28 12 5
28 13 3
28 14 4
28 15 3
28 16 5
28 17 1
28 18 1
28 19 2
28 20 1
28 21 5
28 22 1
28 23 2
28 24 3
28 25 3
28 26 3
28 27 4
29 0 1
29 1 4
29 2 3
29 3 3
29 4 1
29 5 4
29 6 5
29 7 2
29 8 1
29 9 4
29 10 4
29 11 3
29 12 1
29 13 1
29 14 4
29 15 3
29 16 2
29 17 2
29 18 3
29 19 5
29 20 2
29 21 2
29 22 5
29 23 2
29 24 5
29 25 3
29 26 1
29 27 2
29 28 3
30 0 5
30 1 5
30 2 2
30 3 1
30 4 5
30 5 2
30 6 2
30 7 3
30 8 4
30 9 1
30 10 3
30 11 3
30 12 1
30 13 1
30 14 4
30 15 4
30 16 2
30 17 3
30 18 1
30 19 4
30 20 5
30 21 2
30 22 1
30 23 1
30 24 3
30 25 2
30 26 3
30 27 5
30 28 4
30 29 5
31 0 5
31 1 5
31 2 5
31 3 4
31 4 2
31 5 1
31 6 1
31 7 3
31 8 3
31 9 2
31 10 4
31 11 4
31 12 3
31 13 5
31 14 3
31 15 5
31 16 2
31 17 3
31 18 5
31 19 5
31 20 5
31 21 1
31 22 2
31 23 1
31 24 2
31 25 2
31 26 1
31 27 5
31 28 3
31 29 3
31 30 4
32 0 5
32 1 4
32 2 5
32 3 2
32 4 3
32 5 3
32 6 4
32 7 2
32 8 5
32 9 3
32 10 4
32 11 4
32 12 4
32 13 5
32 14 3
32 15 2
32 16 3
32 17 5
32 18 3
32 19 2
32 20 2
32 21 5
32 22 5
32 23 1
32 24 1
32 25 4
32 26 3
32 27 2
32 28 5
32 29 4
32 30 5
32 31 3
33 0 5
33 1 4
33 2 2
33 3 4
33 4 3
33 5 1
33 6 4
33 7 3
33 8 4
33 9 2
33 10 2
33 11 3
33 12 2
33 13 5
33 14 2
33 15 5
33 16 3
33 17 5
33 18 1
33 19 2
33 20 5
33 21 2
33 22 3
33 23 3
33 24 2
33 25 1
33 26 5
33 27 2
33 28 3
33 29 5
33 30 2
33 31 2
33 32 4
34 0 3
34 1 3
34 2 2
34 3 3
34 4 5
34 5 2
34 6 5
34 7 2
34 8 5
34 9 5
34 10 4
34 11 4
34 12 3
34 13 5
34 14 4
34 15 2
34 16 4
34 17 5
34 18 5
34 19 3
34 20 1
34 21 3
34 22 5
34 23 3
34 24 5
34 25 1
34 26 5
34 27 4
34 28 2
34 29 2
34 30 3
34 31 1
34 32 4
34 33 3
35 0 2
35 1 5
35 2 4
35 3 5
35 4 5
35 5 1
35 6 3
35 7 1
35 8 1
35 9 1
35 10 2
35 11 4
35 12 3
35 13 5
35 14 5
35 15 3
35 16 2
35 17 4
35 18 1
35 19 1
35 20 1
35 21 4
35 22 2
35 23 1
35 24 4
35 25 4
35 26 4
35 27 3
35 28 1
35 29 4
35 30 3
35 31 2
35 32 2
35 33 4
35 34 5
36 0 1
36 1 1
36 2 1
36 3 5
36 4 5
36 5 2
36 6 4
36 7 5
36 8 1
36 9 5
36 10 5
36 11 4
36 12 3
36 13 3
36 14 5
36 15 1
36 16 4
36 17 2
36 18 3
36 19 2
36 20 2
36 21 4
36 22 5
36 23 1
36 24 1
36 25 3
36 26 5
36 27 3
36 28 3
36 29 3
36 30 5
36 31 2
36 32 4
36 33 1
36 34 1
36 35 4
37 0 3
37 1 1
37 2 5
37 3 1
37 4 2
37 5 5
37 6 1
37 7 2
37 8 1
37 9 4
37 10 1
37 11 1
37 12 3
37 13 1
37 14 1
37 15 4
37 16 4
37 17 1
37 18 3
37 19 2
37 20 2
37 21 5
37 22 3
37 23 3
37 24 5
37 25 1
37 26 3
37 27 4
37 28 1
37 29 2
37 30 5
37 31 5
37 32 3
37 33 2
37 34 4
37 35 5
37 36 4
38 0 5
38 1 5
38 2 1
38 3 4
38 4 3
38 5 3
38 6 3
38 7 4
38 8 1
38 9 1
38 10 5
38 11 3
38 12 3
38 13 3
38 14 1
38 15 3
38 16 2
38 17 1
38 18 4
38 19 2
38 20 4
38 21 3
38 22 2
38 23 2
38 24 4
38 25 2
38 26 2
38 27 5
38 28 1
38 29 4
38 30 4
38 31 2
38 32 1
38 33 3
38 34 1
38 35 5
38 36 1
38 37 5
39 0 4
39 1 3
39 2 1
39 3 3
39 4 3
39 5 4
39 6 2
39 7 3
39 8 1
39 9 2
39 10 4
39 11 3
39 12 2
39 13 2
39 14 4
39 15 2
39 16 5
39 17 2
39 18 3
39 19 3
39 20 5
39 21 3
39 22 2
39 23 5
39 24 2
39 25 5
39 26 2
39 27 3
39 28 1
39 29 3
39 30 5
39 31 2
39 32 3
39 33 5
39 34 1
39 35 2
39 36 3
39 37 3
39 38 4
40 0 3
40 1 3
40 2 1
40 3 4
40 4 3
40 5 2
40 6 1
40 7 4
40 8 4
40 9 5
40 10 3
40 11 5
40 12 5
40 13 4
40 14 4
40 15 2
40 16 5
40 17 4
40 18 3
40 19 1
40 20 4
40 21 2
40 22 4
40 23 3
40 24 2
40 25 4
40 26 4
40 27 1
40 28 2
40 29 4
40 30 2
40 31 5
40 32 3
40 33 5
40 34 2
40 35 4
40 36 5
40 37 4
40 38 2
40 39 5
41 0 2
41 1 4
41 2 5
41 3 2
41 4 2
41 5 3
41 6 2
41 7 2
41 8 3
41 9 3
41 10 4
41 11 1
41 12 1
41 13 5
41 14 5
41 15 2
41 16 2
41 17 2
41 18 3
41 19 3
41 20 1
41 21 5
41 22 1
41 23 4
41 24 1
41 25 2
41 26 4
41 27 5
41 28 4
41 29 5
41 30 2
41 31 5
41 32 3
41 33 3
41 34 4
41 35 5
41 36 5
41 37 2
41 38 3
41 39 3
41 40 1
42 0 1
42 1 2
42 2 5
42 3 1
42 4 5
42 5 3
42 6 5
42 7 2
42 8 4
42 9 1
42 10 3
42 11 5
42 12 1
42 13 2
42 14 5
42 15 1
42 16 4
42 17 3
42 18 1
42 19 1
42 20 3
42 21 5
42 22 4
42 23 3
42 24 5
42 25 1
42 26 4
42 27 5
42 28 4
42 29 4
42 30 2
42 31 4
42 32 4
42 33 5
42 34 1
42 35 1
42 36 3
42 37 3
42 38 1
42 39 1
42 40 2
42 41 3
43 0 5
43 1 4
43 2 4
43 3 4
43 4 2
43 5 3
43 6 2
43 7 1
43 8 5
43 9 4
43 10 1
43 11 3
43 12 4
43 13 4
43 14 4
43 15 2
43 16 3
43 17 1
43 18 1
43 19 5
43 20 4
43 21 3
43 22 2
43 23 3
43 24 2
43 25 3
43 26 1
43 27 3
43 28 1
43 29 1
43 30 3
43 31 2
43 32 5
43 33 5
43 34 2
43 35 1
43 36 1
43 37 2
43 38 1
43 39 3
43 40 2
43 41 5
43 42 5
44 0 5
44 1 5
44 2 4
44 3 2
44 4 3
44 5 4
44 6 1
44 7 4
44 8 2
44 9 2
44 10 2
44 11 4
44 12 3
44 13 5
44 14 2
44 15 4
44 16 4
44 17 3
44 18 2
44 19 5
44 20 1
44 21 4
44 22 4
44 23 2
44 24 2
44 25 2
44 26 4
44 27 1
44 28 3
44 29 3
44 30 3
44 31 4
44 32 2
44 33 4
44 34 3
44 35 2
44 36 4
44 37 3
44 38 3
44 39 3
44 40 4
44 41 1
44 42 1
44 43 3
45 0 5
45 1 5
45 2 4
45 3 2
45 4 4
45 5 1
45 6 4
45 7 4
45 8 4
45 9 2
45 10 3
45 11 5
45 12 5
45 13 5
45 14 4
45 15 3
45 16 5
45 17 1
45 18 2
45 19 3
45 20 1
45 21 2
45 22 5
45 23 4
45 24 2
45 25 4
45 26 1
45 27 2
45 28 4
45 29 3
45 30 4
45 31 3
45 32 2
45 33 1
45 34 2
45 35 2
45 36 4
45 37 1
45 38 4
45 39 3
45 40 5
45 41 2
45 42 4
45 43 1
45 44 5
46 0 3
46 1 1
46 2 1
46 3 1
46 4 1
46 5 4
46 6 2
46 7 1
46 8 2
46 9 5
46 10 1
46 11 5
46 12 5
46 13 5
46 14 3
46 15 4
46 16 2
46 17 4
46 18 3
46 19 5
46 20 3
46 21 3
46 22 4
46 23 2
46 24 2
46 25 5
46 26 2
46 27 5
46 28 2
46 29 5
46 30 1
46 31 4
46 32 4
46 33 4
46 34 2
46 35 2
46 36 5
46 37 2
46 38 1
46 39 3
46 40 5
46 41 1
46 42 2
46 43 5
46 44 4
46 45 5
47 0 4
47 1 2
47 2 1
47 3 3
47 4 2
47 5 4
47 6 1
47 7 5
47 8 2
47 9 3
47 10 5
47 11 4
47 12 3
47 13 4
47 14 3
47 15 4
47 16 1
47 17 2
47 18 3
47 19 1
47 20 5
47 21 4
47 22 2
47 23 5
47 24 2
47 25 3
47 26 4
47 27 4
47 28 1
47 29 5
47 30 3
47 31 3
47 32 2
47 33 2
47 34 5
47 35 5
47 36 1
47 37 5
47 38 2
47 39 5
47 40 3
47 41 5
47 42 2
47 43 5
47 44 1
47 45 3
47 46 3
48 0 2
48 1 1
48 2 2
48 3 4
48 4 4
48 5 4
48 6 3
48 7 1
48 8 5
48 9 4
48 10 5
48 11 1
48 12 1
48 13 5
48 14 4
48 15 2
48 16 3
48 17 4
48 18 1
48 19 4
48 20 1
48 21 3
48 22 4
48 23 2
48 24 5
48 25 5
48 26 4
48 27 4
48 28 4
48 29 2
48 30 3
48 31 4
48 32 4
48 33 3
48 34 1
48 35 1
48 36 5
48 37 1
48 38 4
48 39 1
48 40 4
48 41 4
48 42 5
48 43 3
48 44 1
48 45 1
48 46 1
48 47 4
49 0 1
49 1 5
49 2 3
49 3 4
49 4 5
49 5 4
49 6 5
49 7 2
49 8 1
49 9 2
49 10 5
49 11 4
49 12 2
49 13 5
49 14 2
49 15 5
49 16 3
49 17 1
49 18 3
49 19 1
49 20 1
49 21 3
49 22 2
49 23 3
49 24 5
49 25 1
49 26 3
49 27 4
49 28 1
49 29 1
49 30 1
49 31 5
49 32 4
49 33 1
49 34 5
49 35 2
49 36 4
49 37 4
49 38 1
49 39 5
49 40 5
49 41 3
49 42 5
49 43 4
49 44 2
49 45 4
49 46 5
49 47 3
49 48 1
50 0 5
50 1 1
50 2 2
50 3 5
50 4 5
50 5 1
50 6 3
50 7 3
50 8 3
50 9 2
50 10 5
50 11 5
50 12 3
50 13 3
50 14 4
50 15 2
50 16 1
50 17 5
50 18 4
50 19 2
50 20 3
50 21 3
50 22 2
50 23 1
50 24 2
50 25 4
50 26 3
50 27 4
50 28 4
50 29 1
50 30 2
50 31 3
50 32 5
50 33 5
50 34 4
50 35 3
50 36 5
50 37 5
50 38 2
50 39 5
50 40 4
50 41 5
50 42 3
50 43 5
50 44 1
50 45 1
50 46 5
50 47 5
50 48 5
50 49 3
51 0 4
51 1 1
51 2 1
51 3 1
51 4 1
51 5 1
51 6 1
51 7 1
51 8 4
51 9 3
51 10 5
51 11 1
51 12 4
51 13 5
51 14 2
51 15 3
51 16 4
51 17 4
51 18 2
51 19 1
51 20 3
51 21 2
51 22 4
51 23 4
51 24 1
51 25 2
51 26 4
51 27 1
51 28 4
51 29 2
51 30 5
51 31 3
51 32 4
51 33 4
51 34 2
51 35 3
51 36 4
51 37 4
51 38 2
51 39 1
51 40 5
51 41 5
51 42 2
51 43 3
51 44 2
51 45 1
51 46 1
51 47 2
51 48 1
51 49 3
51 50 2
52 0 3
52 1 4
52 2 3
52 3 4
52 4 3
52 5 5
52 6 2
52 7 3
52 8 3
52 9 2
52 10 4
52 11 3
52 12 4
52 13 3
52 14 3
52 15 3
52 16 3
52 17 5
52 18 4
52 19 1
52 20 3
52 21 5
52 22 4
52 23 1
52 24 4
52 25 3
52 26 3
52 27 5
52 28 1
52 29 5
52 30 3
52 31 3
52 32 5
52 33 4
52 34 3
52 35 3
52 36 1
52 37 3
52 38 1
52 39 1
52 40 2
52 41 3
52 42 4
52 43 5
52 44 3
52 45 4
52 46 1
52 47 1
52 48 3
52 49 4
52 50 4
52 51 4
53 0 5
53 1 3
53 2 2
53 3 5
53 4 3
53 5 1
53 6 5
53 7 5
53 8 5
53 9 2
53 10 5
53 11 1
53 12 5
53 13 4
53 14 5
53 15 2
53 16 4
53 17 5
53 18 3
53 19 5
53 20 2
53 21 5
53 22 2
53 23 4
53 24 1
53 25 2
53 26 4
53 27 3
53 28 4
53 29 2
53 30 2
53 31 2
53 32 5
53 33 3
53 34 5
53 35 2
53 36 1
53 37 2
53 38 3
53 39 2
53 40 5
53 41 1
53 42 1
53 43 1
53 44 2
53 45 2
53 46 3
53 47 5
53 48 5
53 49 2
53 50 4
53 51 5
53 52 5
54 0 4
54 1 2
54 2 1
54 3 2
54 4 5
54 5 5
54 6 1
54 7 2
54 8 3
54 9 1
54 10 2
54 11 4
54 12 3
54 13 3
54 14 4
54 15 2
54 16 3
54 17 3
54 18 5
54 19 2
54 20 2
54 21 1
54 22 4
54 23 3
54 24 4
54 25 3
54 26 4
54 27 1
54 28 4
54 29 4
54 30 4
54 31 4
54 32 3
54 33 2
54 34 5
54 35 5
54 36 5
54 37 4
54 38 5
54 39 2
54 40 2
54 41 1
54 42 3
54 43 4
54 44 3
54 45 1
54 46 2
54 47 3
54 48 1
54 49 3
54 50 5
54 51 5
54 52 5
54 53 5
55 0 4
55 1 3
55 2 1
55 3 3
55 4 3
55 5 4
55 6 3
55 7 2
55 8 2
55 9 1
55 10 3
55 11 5
55 12 5
55 13 4
55 14 3
55 15 3
55 16 3
55 17 1
55 18 4
55 19 1
55 20 4
55 21 5
55 22 1
55 23 3
55 24 2
55 25 1
55 26 2
55 27 3
55 28 5
55 29 3
55 30 4
55 31 5
55 32 3
55 33 4
55 34 3
55 35 2
55 36 1
55 37 2
55 38 1
55 39 1
55 40 2
55 41 3
55 42 2
55 43 5
55 44 5
55 45 5
55 46 2
55 47 1
55 48 3
55 49 3
55 50 3
55 51 4
55 52 3
55 53 1
55 54 1
56 0 2
56 1 2
56 2 1
56 3 1
56 4 4
56 5 4
56 6 3
56 7 1
56 8 4
56 9 4
56 10 5
56 11 4
56 12 5
56 13 4
56 14 2
56 15 3
56 16 5
56 17 5
56 18 2
56 19 1
56 20 2
56 21 1
56 22 2
56 23 5
56 24 1
56 25 2
56 26 4
56 27 3
56 28 1
56 29 3
56 30 1
56 31 1
56 32 1
56 33 5
56 34 3
56 35 4
56 36 2
56 37 2
56 38 3
56 39 2
56 40 5
56 41 4
56 42 2
56 43 5
56 44 1
56 45 4
56 46 2
56 47 2
56 48 3
56 49 3
56 50 4
56 51 3
56 52 5
56 53 1
56 54 4
56 55 2
57 0 3
57 1 3
57 2 4
57 3 3
57 4 4
57 5 3
57 6 2
57 7 5
57 8 4
57 9 3
57 10 1
57 11 5
57 12 4
57 13 2
57 14 3
57 15 3
57 16 5
57 17 4
57 18 3
57 19 2
57 20 2
57 21 1
57 22 2
57 23 1
57 24 5
57 25 3
57 26 5
57 27 4
57 28 3
57 29 1
57 30 4
57 31 2
57 32 4
57 33 5
57 34 3
57 35 2
57 36 2
57 37 4
57 38 3
57 39 5
57 40 1
57 41 1
57 42 2
57 43 3
57 44 4
57 45 3
57 46 4
57 47 2
57 48 2
57 49 1
57 50 5
57 51 3
57 52 4
57 53 2
57 54 2
57 55 1
57 56 2
58 0 2
58 1 2
58 2 1
58 3 1
58 4 3
58 5 3
58 6 2
58 7 5
58 8 2
58 9 3
58 10 1
58 11 2
58 12 5
58 13 1
58 14 4
58 15 3
58 16 4
58 17 1
58 18 2
58 19 2
58 20 1
58 21 3
58 22 1
58 23 2
58 24 1
58 25 3
58 26 5
58 27 5
58 28 4
58 29 2
58 30 4
58 31 2
58 32 2
58 33 3
58 34 4
58 35 4
58 36 2
58 37 3
58 38 3
58 39 4
58 40 1
58 41 4
58 42 1
58 43 5
58 44 2
58 45 3
58 46 4
58 47 5
58 48 4
58 49 3
58 50 4
58 51 4
58 52 4
58 53 4
58 54 1
58 55 4
58 56 4
58 57 3
59 0 2
59 1 5
59 2 2
59 3 2
59 4 4
59 5 4
59 6 5
59 7 1
59 8 5
59 9 2
59 10 5
59 11 3
59 12 1
59 13 3
59 14 3
59 15 4
59 16 5
59 17 5
59 18 2
59 19 1
59 20 3
59 21 5
59 22 3
59 23 2
59 24 1
59 25 1
59 26 3
59 27 3
59 28 2
59 29 3
59 30 3
59 31 3
59 32 3
59 33 5
59 34 3
59 35 1
59 36 1
59 37 2
59 38 2
59 39 1
59 40 4
59 41 1
59 42 3
59 43 1
59 44 4
59 45 2
59 46 4
59 47 5
59 48 1
59 49 5
59 50 5
59 51 2
59 52 4
59 53 2
59 54 5
59 55 4
59 56 3
59 57 4
59 58 4
