40
1 0 11
2 0 2
2 1 5
3 0 7
3 1 10
3 2 1
4 0 5
4 1 6
4 2 2
4 3 5
5 0 7
5 1 2
5 2 3
5 3 9
5 4 4
6 0 12
6 1 5
6 2 12
6 3 2
6 4 12
6 5 9
7 0 11
7 1 12
7 2 1
7 3 9
7 4 7
7 5 2
7 6 11
8 0 6
8 1 11
8 2 8
8 3 12
8 4 1
8 5 10
8 6 11
8 7 4
9 0 6
9 1 12
9 2 5
9 3 10
9 4 11
9 5 7
9 6 8
9 7 6
9 8 3
10 0 5
10 1 12
10 2 10
10 3 2
10 4 2
10 5 5
10 6 8
10 7 3
10 8 3
10 9 4
11 0 8
11 1 10
11 2 6
11 3 5
11 4 2
11 5 2
11 6 12
11 7 5
11 8 10
11 9 4
11 10 11
12 0 8
12 1 2
12 2 5
12 3 3
12 4 10
12 5 5
12 6 6
12 7 2
12 8 8
12 9 9
12 10 1
12 11 2
13 0 9
13 1 10
13 2 11
13 3 6
13 4 3
13 5 7
13 6 1
13 7 7
13 8 3
13 9 7
13 10 5
13 11 5
13 12 8
14 0 9
14 1 9
14 2 2
14 3 7
14 4 9
14 5 9
14 6 3
14 7 12
14 8 1
14 9 4
14 10 6
14 11 8
14 12 2
14 13 12
15 0 9
15 1 12
15 2 9
15 3 10
15 4 2
15 5 11
15 6 5
15 7 10
15 8 5
15 9 6
15 10 9
15 11 1
15 12 12
15 13 10
15 14 12
16 0 2
16 1 5
16 2 5
16 3 1
16 4 4
16 5 1
16 6 2
16 7 8
16 8 7
16 9 7
16 10 5
16 11 1
16 12 11
16 13 1
16 14 4
16 15 4
17 0 12
17 1 12
17 2 12
17 3 4
17 4 2
17 5 7
17 6 6
17 7 5
17 8 2
17 9 6
17 10 6
17 11 10
17 12 2
17 13 4
17 14 3
17 15 8
17 16 9
18 0 4
18 1 1
18 2 8
18 3 10
18 4 1
18 5 7
18 6 8
18 7 2
18 8 12
18 9 4
18 10 6
18 11 7
18 12 9
18 13 5
18 14 4
18 15 11
18 16 3
18 17 12
19 0 5
19 1 8
19 2 1
19 3 11
19 4 8
19 5 6
19 6 12
19 7 2
19 8 11
19 9 11
19 10 4
19 11 8
19 12 3
19 13 4
19 14 7
19 15 11
19 16 9
19 17 1
19 18 11
20 0 5
20 1 8
20 2 5
20 3 7
20 4 8
20 5 1
20 6 10
20 7 3
20 8 3
20 9 3
20 10 1
20 11 12
20 12 4
20 13 6
20 14 2
20 15 9
20 16 7
20 17 7
20 18 12
20 19 10
21 0 6
21 1 1
21 2 3
21 3 3
21 4 4
21 5 9
21 6 4
21 7 5
21 8 10
21 9 11
21 10 3
21 11 5
21 12 8
21 13 1
21 14 9
21 15 6
21 16 8
21 17 2
21 18 5
21 19 4
21 20 9
22 0 10
22 1 11
22 2 8
22 3 6
22 4 5
22 5 6
22 6 3
22 7 12
22 8 1
22 9 4
22 10 9
22 11 5
22 12 3
22 13 2
22 14 2
22 15 8
22 16 9
22 17 3
22 18 3
22 19 3
22 20 12
22 21 8
23 0 2
23 1 12
23 2 9
23 3 1
23 4 1
23 5 2
23 6 10
23 7 3
23 8 10
23 9 12
23 10 8
23 11 12
23 12 5
23 13 6
23 14 8
23 15 12
23 16 3
23 17 9
23 18 11
23 19 12
23 20 5
23 21 1
23 22 4
24 0 2
24 1 12
24 2 10
24 3 6
24 4 11
24 5 5
24 6 12
24 7 5
24 8 1
24 9 1
24 10 9
24 11 11
24 12 5
24 13 10
24 14 12
24 15 1
24 16 11
24 17 10
24 18 9
24 19 2
24 20 5
24 21 6
24 22 12
24 23 9
25 0 7
25 1 1
25 2 10
25 3 9
25 4 3
25 5 12
25 6 12
25 7 6
25 8 4
25 9 12
25 10 5
25 11 12
25 12 8
25 13 12
25 14 9
25 15 2
25 16 12
25 17 2
25 18 3
25 19 8
25 20 9
25 21 1
25 22 8
25 23 1
25 24 7
26 0 12
26 1 3
26 2 3
26 3 8
26 4 2
26 5 2
26 6 11
26 7 9
26 8 6
26 9 6
26 10 2
26 11 9
26 12 5
26 13 2
26 14 6
26 15 7
26 16 6
26 17 10
26 18 4
26 19 3
26 20 12
26 21 7
26 22 3
26 23 7
26 24 1
26 25 10
27 0 12
27 1 12
27 2 5
27 3 11
27 4 1
27 5 3
27 6 5
27 7 11
27 8 9
27 9 1
27 10 3
27 11 2
27 12 7
27 13 12
27 14 4
27 15 12
27 16 2
27 17 3
27 18 8
27 19 3
27 20 3
27 21 6
27 22 6
27 23 5
27 24 7
27 25 6
27 26 8
28 0 1
28 1 2
28 2 12
28 3 9
28 4 12
28 5 10
28 6 9
28 7 7
28 8 8
28 9 9
28 10 10
28 11 2
28 12 10
28 13 3
28 14 11
28 15 9
28 16 2
28 17 9
28 18 7
28 19 11
28 20 2
28 21 12
28 22 9
28 23 11
28 24 9
28 25 11
28 26 10
28 27 4
29 0 8
29 1 3
29 2 1
29 3 6
29 4 3
29 5 1
29 6 6
29 7 4
29 8 10
29 9 7
29 10 10
29 11 12
29 12 2
29 13 3
29 14 5
29 15 12
29 16 7
29 17 8
29 18 2
29 19 6
29 20 7
29 21 5
29 22 3
29 23 1
29 24 9
29 25 5
29 26 1
29 27 6
29 28 1
30 0 12
30 1 8
30 2 4
30 3 2
30 4 2
30 5 7
30 6 4
30 7 12
30 8 1
30 9 6
30 10 4
30 11 9
30 12 6
30 13 10
30 14 6
30 15 5
30 16 7
30 17 5
30 18 11
30 19 7
30 20 1
30 21 4
30 22 12
30 23 12
30 24 7
30 25 9
30 26 6
30 27 8
30 28 1
30 29 6
31 0 5
31 1 11
31 2 4
31 3 2
31 4 5
31 5 12
31 6 11
31 7 2
31 8 11
31 9 2
31 10 11
31 11 11
31 12 11
31 13 10
31 14 12
31 15 12
31 16 10
31 17 11
31 18 5
31 19 8
31 20 1
31 21 5
31 22 1
31 23 12
31 24 10
31 25 9
31 26 9
31 27 6
31 28 8
31 29 2
31 30 1
32 0 6
32 1 10
32 2 12
32 3 9
32 4 3
32 5 12
32 6 10
32 7 7
32 8 2
32 9 5
32 10 7
32 11 7
32 12 1
32 13 12
32 14 3
32 15 7
32 16 9
32 17 6
32 18 3
32 19 6
32 20 5
32 21 1
32 22 8
32 23 7
32 24 5
32 25 6
32 26 7
32 27 6
32 28 7
32 29 3
32 30 11
32 31 11
33 0 4
33 1 3
33 2 10
33 3 8
33 4 4
33 5 2
33 6 1
33 7 6
33 8 7
33 9 2
33 10 5
33 11 4
33 12 3
33 13 1
33 14 11
33 15 11
33 16 4
33 17 4
33 18 8
33 19 10
33 20 11
33 21 12
33 22 3
33 23 9
33 24 3
33 25 10
33 26 2
33 27 4
33 28 9
33 29 11
33 30 1
33 31 12
33 32 4
34 0 7
34 1 2
34 2 7
34 3 10
34 4 11
34 5 10
34 6 9
34 7 1
34 8 6
34 9 2
34 10 9
34 11 4
34 12 3
34 13 1
34 14 7
34 15 6
34 16 2
34 17 12
34 18 6
34 19 3
34 20 8
34 21 4
34 22 1
34 23 3
34 24 1
34 25 2
34 26 1
34 27 8
34 28 11
34 29 7
34 30 3
34 31 7
34 32 2
34 33 9
35 0 1
35 1 1
35 2 4
35 3 5
35 4 11
35 5 2
35 6 11
35 7 10
35 8 12
35 9 4
35 10 1
35 11 2
35 12 4
35 13 2
35 14 6
35 15 2
35 16 5
35 17 6
35 18 8
35 19 12
35 20 6
35 21 12
35 22 2
35 23 3
35 24 11
35 25 3
35 26 10
35 27 2
35 28 9
35 29 3
35 30 4
35 31 2
35 32 3
35 33 5
35 34 7
36 0 3
36 1 7
36 2 7
36 3 5
36 4 2
36 5 12
36 6 7
36 7 2
36 8 3
36 9 12
36 10 2
36 11 1
36 12 8
36 13 7
36 14 11
36 15 10
36 16 11
36 17 12
36 18 1
36 19 4
36 20 7
36 21 9
36 22 7
36 23 12
36 24 11
36 25 6
36 26 5
36 27 11
36 28 12
36 29 3
36 30 9
36 31 3
36 32 1
36 33 5
36 34 12
36 35 6
37 0 10
37 1 5
37 2 5
37 3 2
37 4 9
37 5 3
37 6 9
37 7 9
37 8 7
37 9 5
37 10 3
37 11 10
37 12 8
37 13 1
37 14 6
37 15 3
37 16 6
37 17 9
37 18 2
37 19 8
37 20 9
37 21 2
37 22 9
37 23 3
37 24 4
37 25 3
37 26 1
37 27 4
37 28 2
37 29 4
37 30 8
37 31 4
37 32 4
37 33 2
37 34 1
37 35 8
37 36 1
38 0 11
38 1 3
38 2 8
38 3 11
38 4 9
38 5 10
38 6 12
38 7 12
38 8 5
38 9 8
38 10 3
38 11 2
38 12 5
38 13 2
38 14 12
38 15 3
38 16 5
38 17 2
38 18 4
38 19 2
38 20 10
38 21 5
38 22 8
38 23 4
38 24 3
38 25 3
38 26 1
38 27 7
38 28 2
38 29 1
38 30 10
38 31 8
38 32 12
38 33 11
38 34 8
38 35 6
38 36 11
38 37 6
39 0 11
39 1 9
39 2 9
39 3 5
39 4 11
39 5 4
39 6 11
39 7 3
39 8 3
39 9 2
39 10 10
39 11 5
39 12 2
39 13 6
39 14 11
39 15 2
39 16 7
39 17 5
39 18 1
39 19 11
39 20 9
39 21 7
39 22 8
39 23 12
39 24 11
39 25 10
39 26 2
39 27 2
39 28 3
39 29 3
39 30 1
39 31 12
39 32 10
39 33 4
39 34 5
39 35 7
39 36 2
39 37 9
39 38 10
