20
3 2 1
4 0 2
4 1 1
4 2 3
4 3 4
5 1 4
5 2 4
6 1 3
7 2 4
7 4 1
8 1 2
8 4 1
8 5 3
8 7 4
9 0 3
9 4 4
9 5 2
9 6 2
9 8 2
10 1 2
10 5 3
11 0 3
11 6 2
11 8 4
12 0 4
12 1 3
12 2 1
12 3 1
12 4 2
12 6 1
12 7 2
12 8 1
12 9 1
12 10 3
12 11 3
13 2 4
13 3 3
13 9 1
13 11 2
13 12 4
14 0 3
14 2 3
14 4 1
14 5 1
14 7 3
14 8 1
14 10 2
14 11 1
15 7 3
15 8 4
15 10 1
15 11 3
15 12 1
15 13 4
15 14 4
16 1 1
16 3 2
16 4 4
16 6 3
16 8 4
16 9 3
16 10 2
16 11 1
16 14 2
16 15 2
17 0 4
17 2 1
17 3 3
17 5 3
17 9 1
17 10 4
17 11 4
17 12 3
17 13 1
17 15 1
17 16 2
18 0 4
18 1 4
18 8 4
18 9 3
18 10 2
18 11 4
18 12 2
18 15 1
18 16 3
19 1 1
19 3 1
19 7 1
19 8 3
19 10 1
19 12 2
19 14 2
19 16 4
19 17 2
