30
1 0 3
2 0 2
2 1 9
3 0 1
3 1 9
3 2 1
4 0 4
4 1 2
4 2 6
4 3 4
5 0 1
5 1 2
5 2 3
5 3 3
5 4 9
6 0 6
6 1 8
6 2 5
6 3 9
6 4 5
6 5 3
7 0 5
7 1 9
7 2 6
7 3 9
7 4 9
7 5 4
7 6 1
8 0 9
8 1 4
8 2 2
8 3 7
8 4 8
8 5 8
8 6 2
8 7 1
9 0 8
9 1 2
9 2 9
9 3 9
9 4 7
9 5 5
9 6 5
9 7 5
9 8 3
10 0 1
10 1 8
10 2 7
10 3 5
10 4 2
10 5 1
10 6 6
10 7 2
10 8 4
10 9 2
11 0 8
11 1 6
11 2 7
11 3 3
11 4 2
11 5 5
11 6 2
11 7 9
11 8 9
11 9 6
11 10 8
12 0 6
12 1 7
12 2 5
12 3 1
12 4 8
12 5 8
12 6 8
12 7 2
12 8 9
12 9 8
12 10 8
12 11 6
13 0 8
13 1 5
13 2 3
13 3 9
13 4 7
13 5 8
13 6 2
13 7 6
13 8 3
13 9 9
13 10 7
13 11 5
13 12 4
14 0 4
14 1 7
14 2 1
14 3 8
14 4 6
14 5 8
14 6 6
14 7 8
14 8 5
14 9 2
14 10 1
14 11 1
14 12 1
14 13 3
15 0 7
15 1 3
15 2 5
15 3 5
15 4 1
15 5 9
15 6 5
15 7 7
15 8 3
15 9 5
15 10 5
15 11 6
15 12 6
15 13 7
15 14 7
16 0 6
16 1 5
16 2 2
16 3 5
16 4 7
16 5 7
16 6 8
16 7 1
16 8 9
16 9 5
16 10 4
16 11 9
16 12 8
16 13 3
16 14 2
16 15 1
17 0 9
17 1 7
17 2 3
17 3 8
17 4 4
17 5 1
17 6 4
17 7 8
17 8 7
17 9 9
17 10 8
17 11 1
17 12 9
17 13 5
17 14 3
17 15 2
17 16 2
18 0 7
18 1 3
18 2 9
18 3 3
18 4 8
18 5 7
18 6 2
18 7 1
18 8 4
18 9 8
18 10 2
18 11 5
18 12 2
18 13 6
18 14 4
18 15 6
18 16 8
18 17 7
19 0 4
19 1 9
19 2 4
19 3 4
19 4 7
19 5 2
19 6 4
19 7 2
19 8 5
19 9 1
19 10 2
19 11 6
19 12 6
19 13 6
19 14 8
19 15 8
19 16 6
19 17 5
19 18 2
20 0 4
20 1 3
20 2 7
20 3 9
20 4 3
20 5 8
20 6 2
20 7 4
20 8 6
20 9 6
20 10 8
20 11 4
20 12 7
20 13 2
20 14 4
20 15 4
20 16 9
20 17 3
20 18 4
20 19 7
21 0 5
21 1 9
21 2 7
21 3 1
21 4 9
21 5 6
21 6 7
21 7 1
21 8 9
21 9 5
21 10 2
21 11 3
21 12 7
21 13 9
21 14 5
21 15 2
21 16 7
21 17 8
21 18 3
21 19 3
21 20 2
22 0 1
22 1 1
22 2 7
22 3 6
22 4 9
22 5 8
22 6 3
22 7 9
22 8 8
22 9 6
22 10 9
22 11 6
22 12 9
22 13 9
22 14 9
22 15 6
22 16 8
22 17 4
22 18 5
22 19 1
22 20 3
22 21 8
23 0 7
23 1 8
23 2 9
23 3 2
23 4 5
23 5 5
23 6 8
23 7 1
23 8 1
23 9 2
23 10 8
23 11 5
23 12 8
23 13 8
23 14 6
23 15 1
23 16 3
23 17 8
23 18 6
23 19 9
23 20 4
23 21 8
23 22 6
24 0 3
24 1 2
24 2 3
24 3 8
24 4 8
24 5 2
24 6 5
24 7 5
24 8 6
24 9 6
24 10 1
24 11 2
24 12 1
24 13 4
24 14 8
24 15 4
24 16 7
24 17 9
24 18 8
24 19 1
24 20 9
24 21 4
24 22 7
24 23 1
25 0 5
25 1 5
25 2 6
25 3 4
25 4 5
25 5 4
25 6 6
25 7 6
25 8 8
25 9 3
25 10 5
25 11 2
25 12 3
25 13 9
25 14 5
25 15 8
25 16 5
25 17 8
25 18 6
25 19 4
25 20 5
25 21 1
25 22 8
25 23 7
25 24 1
26 0 3
26 1 1
26 2 1
26 3 7
26 4 6
26 5 4
26 6 6
26 7 8
26 8 3
26 9 8
26 10 1
26 11 1
26 12 8
26 13 1
26 14 2
26 15 6
26 16 9
26 17 1
26 18 2
26 19 7
26 20 5
26 21 3
26 22 1
26 23 5
26 24 8
26 25 8
27 0 6
27 1 6
27 2 1
27 3 4
27 4 5
27 5 8
27 6 6
27 7 2
27 8 9
27 9 7
27 10 2
27 11 9
27 12 6
27 13 7
27 14 2
27 15 5
27 16 6
27 17 2
27 18 7
27 19 6
27 20 3
27 21 2
27 22 1
27 23 1
27 24 9
27 25 5
27 26 9
28 0 7
28 1 8
28 2 5
28 3 4
28 4 9
28 5 3
28 6 1
28 7 6
28 8 3
28 9 1
28 10 3
28 11 6
28 12 7
28 13 2
28 14 9
28 15 8
28 16 9
28 17 8
28 18 7
28 19 8
28 20 9
28 21 1
28 22 8
28 23 8
28 24 7
28 25 8
28 26 7
28 27 5
29 0 1
29 1 1
29 2 5
29 3 3
29 4 2
29 5 3
29 6 3
29 7 7
29 8 5
29 9 9
29 10 8
29 11 6
29 12 5
29 13 2
29 14 2
29 15 2
29 16 6
29 17 6
29 18 9
29 19 2
29 20 7
29 21 7
29 22 7
29 23 1
29 24 4
29 25 6
29 26 6
29 27 1
29 28 7
