70
1 0 1
3 1 1
4 0 2
4 1 2
5 1 3
5 3 3
6 0 3
6 2 2
6 3 1
7 0 1
7 1 3
7 3 1
7 4 1
7 5 1
7 6 2
8 0 3
8 1 2
8 6 2
9 1 3
9 2 2
9 3 3
9 6 3
9 7 2
9 8 3
10 0 2
10 4 3
10 9 3
11 1 1
11 2 3
11 3 3
11 6 3
11 9 3
12 2 1
12 3 2
12 5 1
12 8 2
12 9 2
13 1 3
13 2 2
13 3 1
13 7 1
13 9 3
13 10 1
13 12 2
14 1 2
14 2 1
14 4 2
14 5 2
14 6 1
14 7 3
14 9 2
14 11 1
14 12 2
14 13 2
15 0 1
15 1 1
15 2 1
15 5 1
15 6 2
15 7 1
15 8 3
15 10 3
15 11 1
15 12 1
16 0 2
16 2 3
16 4 3
16 5 3
16 13 1
16 14 3
16 15 3
17 2 3
17 5 3
17 6 3
17 9 2
17 10 2
17 12 3
17 14 3
18 1 3
18 4 2
18 5 2
18 10 1
18 11 1
18 13 1
19 0 1
19 5 1
19 7 3
19 8 1
19 9 2
19 11 2
19 12 1
19 13 3
19 14 2
19 16 3
19 17 2
20 1 2
20 4 1
20 6 1
20 8 2
20 14 3
20 15 3
20 16 3
20 18 3
20 19 3
21 1 1
21 9 1
21 10 1
21 11 3
21 12 3
21 13 1
21 16 1
21 17 1
22 0 1
22 2 3
22 3 1
22 8 2
22 9 1
22 10 2
22 11 3
22 12 3
22 13 2
22 15 2
22 17 3
22 20 3
23 3 3
23 4 1
23 5 2
23 16 3
23 17 2
23 20 1
23 21 1
23 22 3
24 0 2
24 1 2
24 3 1
24 5 1
24 7 2
24 9 1
24 10 3
24 11 1
24 12 1
24 14 1
24 15 3
24 16 3
24 17 3
24 18 2
24 22 2
25 1 1
25 4 1
25 5 3
25 7 2
25 8 2
25 10 3
25 11 2
25 14 2
25 15 2
25 16 2
25 18 2
25 19 2
25 20 3
25 24 2
26 0 1
26 1 1
26 4 3
26 6 1
26 7 3
26 8 3
26 9 1
26 10 2
26 19 1
26 20 1
26 21 1
26 24 1
27 1 3
27 2 3
27 3 3
27 4 1
27 5 3
27 6 2
27 7 1
27 8 2
27 10 1
27 11 2
27 12 3
27 13 1
27 15 1
27 16 3
27 18 1
27 21 2
27 22 1
27 23 1
27 26 3
28 2 1
28 3 2
28 6 1
28 11 2
28 12 3
28 13 3
28 14 3
28 15 2
28 17 2
28 21 1
28 22 2
28 25 1
29 0 2
29 2 3
29 3 2
29 6 1
29 10 1
29 12 1
29 17 2
29 18 3
29 20 1
29 22 1
29 23 2
29 26 2
29 28 1
30 0 1
30 1 3
30 2 2
30 3 3
30 4 3
30 5 1
30 7 1
30 8 1
30 10 1
30 11 3
30 16 3
30 18 1
30 19 1
30 20 2
30 21 1
30 22 1
30 23 3
30 24 2
30 27 3
30 29 3
31 0 3
31 1 1
31 3 1
31 4 3
31 6 2
31 8 1
31 11 2
31 12 1
31 15 1
31 16 1
31 17 1
31 19 2
31 20 2
31 23 1
31 24 2
31 26 1
31 28 3
31 30 2
32 3 3
32 5 2
32 6 2
32 7 2
32 8 2
32 9 2
32 10 2
32 12 1
32 13 1
32 15 2
32 16 1
32 17 1
32 18 2
32 20 2
32 21 3
32 22 1
32 24 1
32 25 1
32 28 2
32 31 1
33 0 3
33 6 1
33 9 1
33 11 1
33 14 2
33 15 2
33 16 1
33 17 3
33 18 1
33 19 1
33 20 1
33 21 3
33 23 3
33 29 2
33 30 1
33 31 3
34 1 2
34 2 3
34 9 3
34 13 1
34 17 1
34 18 2
34 19 1
34 25 3
34 27 1
34 28 1
34 30 3
34 31 1
34 33 2
35 0 3
35 2 2
35 3 2
35 5 2
35 6 2
35 8 3
35 10 1
35 11 1
35 12 2
35 13 3
35 14 1
35 17 3
35 20 2
35 21 1
35 26 2
35 27 1
35 31 1
35 32 2
35 33 1
35 34 1
36 0 1
36 1 1
36 2 3
36 3 2
36 4 3
36 5 3
36 6 1
36 8 1
36 9 2
36 11 1
36 13 3
36 15 2
36 19 3
36 20 3
36 21 3
36 22 3
36 24 1
36 25 2
36 26 3
36 30 1
37 3 3
37 6 3
37 7 3
37 9 2
37 11 2
37 12 2
37 13 2
37 15 3
37 17 3
37 18 1
37 19 3
37 21 3
37 23 3
37 24 2
37 26 2
37 27 1
37 28 1
37 30 2
37 33 1
38 1 2
38 5 3
38 7 2
38 12 3
38 14 2
38 16 2
38 18 1
38 22 1
38 23 1
38 24 2
38 26 1
38 27 1
38 28 2
38 29 3
38 32 1
38 33 1
38 35 2
38 36 1
38 37 3
39 0 1
39 2 2
39 3 2
39 7 1
39 13 3
39 16 1
39 17 1
39 19 1
39 20 1
39 21 3
39 25 2
39 28 1
39 30 1
39 32 3
39 34 3
39 35 3
39 36 2
39 37 3
40 1 1
40 2 1
40 3 3
40 4 2
40 5 2
40 6 2
40 7 1
40 8 2
40 10 1
40 11 1
40 12 1
40 13 3
40 15 3
40 16 3
40 21 3
40 25 1
40 27 1
40 30 3
40 32 2
40 35 2
40 39 3
41 3 1
41 4 1
41 5 3
41 8 3
41 10 1
41 11 3
41 12 3
41 13 1
41 14 3
41 16 2
41 19 2
41 20 2
41 24 2
41 31 2
41 32 3
41 33 1
41 39 2
41 40 2
42 1 1
42 2 2
42 3 2
42 4 1
42 5 3
42 7 3
42 11 3
42 13 2
42 14 2
42 15 2
42 17 2
42 19 3
42 20 2
42 21 2
42 22 1
42 29 1
42 30 1
42 32 1
42 34 3
42 36 3
42 41 2
43 2 2
43 4 1
43 6 1
43 10 2
43 13 2
43 15 3
43 18 1
43 19 1
43 20 1
43 22 3
43 24 1
43 25 2
43 26 2
43 27 1
43 28 1
43 30 1
43 31 1
43 32 1
43 39 2
43 41 1
43 42 2
44 0 1
44 1 3
44 2 2
44 3 1
44 4 2
44 7 2
44 12 3
44 13 3
44 15 1
44 17 1
44 20 1
44 26 2
44 35 2
44 36 3
44 38 2
44 39 1
44 43 1
45 2 1
45 3 1
45 4 1
45 5 2
45 9 1
45 11 3
45 12 3
45 13 2
45 14 3
45 17 3
45 19 2
45 20 2
45 21 3
45 22 1
45 27 2
45 28 1
45 29 2
45 33 1
45 34 1
45 36 1
45 42 3
46 0 3
46 1 3
46 2 2
46 3 1
46 4 2
46 5 3
46 7 1
46 10 2
46 12 1
46 13 2
46 16 3
46 19 2
46 21 1
46 24 1
46 25 3
46 26 3
46 28 3
46 29 2
46 30 3
46 32 3
46 33 3
46 35 2
46 37 3
46 40 1
46 43 2
46 44 3
47 2 3
47 5 2
47 6 2
47 8 2
47 9 3
47 10 3
47 12 1
47 13 3
47 16 1
47 17 3
47 20 1
47 22 3
47 24 3
47 25 3
47 26 1
47 29 2
47 30 2
47 32 2
47 33 1
47 34 3
47 35 3
47 36 2
47 37 2
47 38 2
47 39 3
47 41 3
47 42 1
47 46 2
48 0 2
48 2 1
48 3 3
48 7 2
48 11 2
48 12 3
48 13 2
48 14 1
48 16 3
48 17 2
48 18 1
48 20 2
48 25 3
48 26 1
48 27 2
48 29 2
48 30 1
48 31 3
48 33 3
48 36 1
48 37 1
48 39 3
48 42 1
48 44 2
48 46 3
48 47 2
49 2 3
49 5 1
49 6 2
49 9 3
49 11 1
49 13 3
49 18 1
49 19 2
49 20 1
49 25 1
49 27 1
49 29 1
49 32 3
49 34 1
49 37 3
49 38 1
49 40 1
49 42 3
49 44 1
49 46 2
49 47 3
49 48 1
50 0 3
50 3 1
50 5 2
50 9 2
50 12 3
50 18 1
50 19 1
50 23 3
50 24 2
50 29 1
50 31 1
50 33 1
50 34 3
50 35 2
50 38 1
50 39 2
50 40 1
50 41 2
50 43 1
50 47 3
50 48 1
50 49 1
51 1 2
51 3 1
51 5 1
51 9 3
51 10 3
51 14 3
51 19 2
51 23 3
51 25 3
51 26 1
51 27 3
51 29 3
51 30 1
51 31 3
51 33 1
51 35 1
51 36 3
51 39 2
51 44 2
51 50 2
52 0 3
52 1 3
52 2 1
52 4 3
52 5 2
52 7 2
52 9 3
52 11 3
52 12 3
52 13 1
52 15 2
52 17 2
52 18 2
52 20 1
52 23 1
52 24 1
52 25 3
52 28 2
52 29 1
52 33 1
52 34 2
52 35 2
52 36 1
52 40 2
52 42 2
52 43 2
52 44 1
52 46 2
52 47 3
52 51 3
53 1 2
53 4 2
53 5 2
53 6 2
53 8 1
53 13 2
53 15 2
53 21 3
53 24 2
53 25 1
53 27 1
53 29 1
53 30 2
53 31 2
53 34 2
53 38 2
53 41 3
53 44 3
53 48 3
53 49 1
53 51 1
54 2 2
54 6 3
54 7 1
54 8 1
54 11 1
54 12 1
54 13 3
54 14 2
54 15 2
54 25 1
54 26 2
54 28 2
54 33 3
54 34 1
54 36 2
54 37 2
54 39 1
54 41 1
54 42 3
54 44 3
54 45 2
54 47 1
54 48 3
54 49 3
54 52 3
55 4 2
55 6 2
55 7 2
55 12 3
55 14 2
55 15 3
55 17 3
55 18 3
55 19 1
55 22 2
55 23 2
55 24 1
55 27 1
55 28 2
55 30 2
55 31 1
55 35 2
55 36 2
55 39 1
55 40 3
55 41 3
55 42 1
55 43 1
55 44 3
55 45 3
55 47 3
55 49 2
55 50 2
55 51 3
55 53 1
55 54 1
56 0 1
56 3 2
56 5 3
56 8 3
56 11 3
56 12 1
56 13 3
56 14 1
56 15 2
56 16 1
56 17 1
56 18 3
56 19 1
56 20 3
56 21 2
56 22 2
56 25 3
56 26 2
56 29 3
56 30 3
56 31 2
56 32 1
56 33 1
56 35 1
56 36 2
56 38 2
56 41 3
56 45 3
56 47 3
56 48 3
56 50 3
56 51 1
56 52 2
56 53 3
56 55 2
57 1 3
57 4 2
57 6 3
57 7 1
57 10 2
57 11 2
57 15 1
57 16 1
57 18 2
57 20 3
57 22 1
57 23 1
57 24 3
57 28 1
57 29 2
57 30 3
57 32 3
57 34 2
57 35 3
57 39 2
57 42 3
57 44 1
57 51 2
57 53 2
57 54 3
57 55 3
58 2 2
58 7 3
58 8 1
58 10 1
58 11 2
58 12 2
58 13 3
58 14 1
58 21 1
58 22 3
58 24 1
58 26 3
58 27 2
58 28 3
58 33 3
58 35 1
58 37 1
58 38 1
58 39 3
58 42 1
58 44 3
58 45 3
58 46 2
58 50 2
58 52 3
58 55 1
58 57 2
59 0 2
59 1 3
59 5 2
59 8 1
59 12 3
59 15 3
59 20 3
59 22 1
59 24 3
59 28 1
59 32 1
59 33 2
59 37 3
59 38 3
59 39 1
59 41 3
59 42 2
59 44 3
59 45 3
59 48 1
59 52 3
59 53 2
59 57 1
59 58 3
60 0 2
60 2 2
60 4 3
60 7 3
60 9 1
60 10 2
60 11 1
60 16 2
60 19 2
60 20 1
60 24 2
60 26 1
60 27 2
60 29 2
60 30 1
60 31 1
60 32 2
60 33 1
60 34 3
60 37 1
60 38 3
60 39 2
60 40 1
60 43 2
60 45 2
60 50 3
60 51 3
60 53 2
60 54 2
60 56 3
60 58 3
60 59 3
61 1 1
61 2 2
61 3 1
61 4 1
61 7 3
61 10 3
61 11 3
61 12 2
61 13 3
61 16 3
61 20 1
61 21 3
61 22 2
61 23 1
61 24 3
61 28 2
61 33 2
61 34 1
61 35 2
61 37 2
61 42 2
61 43 3
61 49 1
61 50 2
61 51 3
61 55 3
61 57 1
61 58 3
62 0 2
62 3 1
62 4 1
62 6 2
62 7 2
62 8 2
62 9 1
62 12 1
62 17 3
62 23 3
62 24 3
62 25 3
62 26 2
62 30 3
62 32 1
62 33 1
62 35 1
62 37 2
62 43 2
62 44 1
62 45 3
62 46 1
62 47 1
62 48 1
62 49 1
62 54 1
62 56 3
62 57 2
62 58 3
62 59 3
62 60 3
62 61 2
63 0 2
63 1 3
63 2 3
63 5 2
63 6 2
63 9 1
63 12 2
63 15 2
63 16 2
63 17 1
63 18 3
63 19 2
63 21 3
63 22 3
63 26 1
63 28 2
63 30 3
63 31 1
63 33 2
63 35 2
63 38 1
63 43 2
63 45 1
63 47 3
63 51 3
63 53 1
63 54 2
63 56 2
63 57 3
63 59 2
63 60 2
63 62 3
64 2 3
64 3 2
64 4 2
64 6 2
64 11 3
64 13 1
64 14 3
64 15 2
64 19 2
64 20 3
64 23 3
64 24 1
64 27 2
64 28 1
64 32 3
64 35 1
64 37 1
64 40 2
64 42 3
64 44 3
64 48 1
64 49 1
64 52 1
64 53 3
64 55 3
64 58 3
65 0 2
65 1 3
65 3 2
65 6 2
65 7 1
65 9 1
65 10 1
65 11 3
65 12 3
65 15 1
65 23 3
65 24 3
65 25 2
65 27 3
65 28 3
65 30 2
65 31 1
65 32 2
65 41 1
65 43 1
65 44 1
65 48 3
65 49 2
65 51 3
65 60 3
65 63 2
66 0 1
66 1 3
66 4 3
66 9 2
66 10 1
66 11 2
66 12 3
66 13 3
66 16 2
66 19 2
66 21 2
66 23 3
66 25 1
66 32 2
66 36 1
66 38 2
66 40 2
66 41 1
66 42 2
66 44 2
66 45 3
66 47 1
66 48 1
66 49 1
66 50 3
66 51 2
66 56 2
66 58 2
66 61 2
66 64 1
67 0 2
67 3 1
67 7 1
67 10 3
67 12 2
67 14 3
67 15 2
67 16 1
67 17 3
67 19 3
67 22 1
67 25 1
67 26 2
67 28 3
67 30 2
67 31 3
67 32 2
67 33 1
67 34 1
67 36 1
67 37 2
67 43 2
67 44 1
67 45 3
67 46 3
67 47 3
67 51 2
67 55 3
67 56 1
67 58 1
67 59 3
67 60 3
67 62 1
67 63 3
67 64 2
68 2 1
68 5 1
68 6 1
68 10 3
68 11 2
68 12 1
68 14 3
68 15 2
68 19 3
68 21 1
68 23 2
68 25 2
68 27 1
68 28 3
68 29 3
68 30 3
68 32 1
68 33 2
68 35 2
68 36 1
68 39 3
68 40 1
68 41 1
68 43 1
68 46 3
68 47 1
68 48 3
68 52 1
68 53 2
68 54 2
68 58 1
68 59 2
68 60 1
68 61 2
68 64 1
69 0 1
69 3 2
69 4 3
69 5 2
69 6 1
69 7 1
69 8 2
69 9 3
69 11 1
69 13 2
69 15 3
69 16 1
69 18 1
69 20 3
69 21 1
69 23 2
69 25 3
69 26 2
69 27 2
69 30 3
69 31 1
69 32 1
69 36 1
69 41 1
69 45 2
69 46 1
69 47 2
69 48 1
69 49 1
69 51 3
69 53 2
69 56 2
69 57 1
69 59 1
69 60 2
69 61 3
69 62 3
69 64 1
69 65 3
69 67 1
69 68 1
