30
2 0 9
3 1 6
3 2 10
4 0 10
4 2 7
4 3 1
6 0 10
6 5 4
7 0 11
7 2 3
7 3 1
7 4 9
8 0 8
8 1 5
8 4 1
8 5 3
8 6 8
8 7 7
9 1 10
9 3 9
9 5 1
9 7 7
9 8 9
10 0 10
10 5 4
10 9 7
11 3 1
11 7 4
11 8 9
12 0 9
12 1 4
12 3 9
12 5 2
12 7 7
12 9 9
12 10 4
13 0 2
13 2 9
13 3 4
13 5 2
13 6 6
13 7 4
13 9 9
13 10 9
13 11 4
14 0 7
14 3 6
14 4 6
14 8 8
14 9 6
14 10 1
14 11 4
14 12 5
14 13 5
15 0 2
15 1 8
15 2 9
15 7 4
15 8 6
15 10 8
15 11 10
15 12 11
15 13 4
16 0 8
16 2 11
16 4 10
16 8 8
16 9 8
16 10 11
16 12 4
16 13 2
17 1 11
17 3 2
17 5 11
17 7 1
17 9 9
17 11 6
17 14 10
17 15 11
17 16 2
18 0 6
18 1 3
18 5 5
18 6 11
18 8 3
18 10 10
18 13 1
18 15 6
18 17 9
19 4 6
19 5 10
19 7 1
19 11 3
19 13 2
19 14 6
19 15 9
19 17 11
19 18 8
20 0 2
20 3 1
20 8 6
20 10 11
20 11 3
20 12 11
20 13 1
20 14 6
20 16 4
20 17 2
21 1 8
21 3 11
21 4 4
21 6 7
21 7 10
21 8 2
21 11 8
21 12 6
21 13 3
21 16 10
21 17 2
21 20 2
22 0 6
22 1 5
22 2 2
22 8 9
22 10 10
22 12 6
22 13 11
22 15 2
22 16 5
22 18 2
22 21 10
23 0 2
23 1 11
23 4 3
23 8 1
23 9 10
23 11 5
23 12 4
23 13 11
23 21 4
24 0 8
24 2 10
24 3 1
24 6 9
24 14 6
24 16 5
24 20 6
24 22 9
25 0 6
25 3 2
25 4 2
25 5 9
25 7 7
25 8 10
25 11 4
25 12 1
25 14 3
25 15 7
25 20 3
25 22 8
26 4 4
26 5 10
26 6 8
26 7 7
26 8 4
26 9 7
26 11 1
26 13 2
26 16 4
26 17 1
26 19 4
26 21 1
26 23 6
26 24 3
27 0 5
27 3 2
27 6 1
27 8 2
27 9 4
27 11 3
27 13 4
27 15 8
27 18 9
27 19 7
27 22 11
27 23 9
27 24 9
27 26 2
28 3 2
28 4 3
28 5 10
28 9 3
28 10 11
28 11 6
28 13 1
28 14 11
28 15 4
28 16 7
28 19 9
28 20 7
28 22 8
28 25 5
28 26 6
28 27 8
29 0 8
29 2 4
29 3 2
29 7 3
29 8 9
29 13 9
29 17 5
29 18 8
29 19 11
29 20 5
29 21 8
29 22 7
29 26 5
29 27 1
