30
1 0 1
2 1 7
3 0 9
3 1 3
3 2 8
4 2 5
6 1 2
6 5 2
7 2 9
7 3 9
7 5 3
7 6 5
8 0 8
8 5 8
8 6 8
9 0 1
9 1 10
9 3 4
9 4 5
9 8 9
10 0 4
10 5 8
10 6 5
10 8 2
11 0 9
11 1 8
11 7 3
11 8 9
11 9 6
12 0 7
12 3 2
12 5 3
12 7 2
12 9 3
13 2 9
13 3 4
13 5 7
13 9 3
13 10 2
13 12 4
14 1 6
14 2 3
14 5 9
14 7 7
14 8 9
14 9 8
14 12 4
15 0 7
15 2 9
15 4 9
15 5 6
15 7 8
15 8 4
15 10 3
15 14 10
16 0 9
16 4 2
16 6 7
16 8 5
16 11 3
17 0 8
17 1 6
17 2 3
17 3 7
17 4 3
17 5 7
17 6 5
17 10 5
17 11 9
17 15 9
17 16 1
18 2 5
18 3 7
18 5 8
18 6 9
18 9 4
18 10 2
18 11 6
18 12 10
18 14 7
18 16 7
19 5 9
19 7 6
19 8 7
19 9 4
19 14 1
19 17 9
20 2 10
20 7 3
20 10 6
20 11 10
20 12 9
20 19 3
21 0 10
21 2 3
21 5 5
21 6 4
21 7 4
21 9 10
21 10 9
21 13 4
21 15 8
21 17 4
21 18 10
21 20 8
22 1 4
22 2 6
22 4 10
22 7 6
22 8 8
22 11 6
22 13 5
22 14 6
22 15 8
22 18 4
22 20 5
22 21 5
23 1 5
23 5 1
23 10 8
23 12 9
23 13 10
23 19 3
23 20 2
24 0 3
24 3 2
24 4 2
24 7 4
24 9 5
24 11 5
24 12 5
24 15 3
24 18 2
24 19 8
24 21 4
24 22 10
25 0 7
25 3 9
25 5 7
25 8 8
25 10 6
25 12 10
25 15 9
25 17 4
25 18 4
25 19 6
25 21 3
25 23 8
25 24 4
26 1 3
26 2 2
26 5 9
26 6 5
26 8 3
26 14 10
26 15 10
26 16 3
26 18 8
26 20 10
26 21 1
26 22 2
26 23 7
26 24 9
27 1 1
27 2 5
27 3 5
27 6 6
27 7 4
27 8 4
27 15 8
27 18 3
27 22 6
27 25 2
27 26 5
28 1 2
28 3 7
28 4 7
28 5 10
28 6 3
28 10 4
28 11 4
28 14 4
28 15 9
28 18 4
28 19 2
28 24 10
28 26 5
28 27 2
29 0 2
29 1 9
29 2 6
29 3 8
29 5 4
29 6 2
29 7 6
29 9 6
29 12 7
29 13 8
29 14 2
29 16 4
29 19 8
29 20 1
29 21 3
29 23 4
29 24 1
29 27 2
