20
1 0 9
3 1 10
3 2 13
5 1 6
6 1 3
6 3 4
6 5 11
7 0 13
7 3 8
7 6 11
8 1 3
8 4 7
8 6 3
9 3 7
9 4 8
9 6 2
10 3 10
10 6 6
10 7 3
10 8 3
10 9 13
11 1 10
11 2 2
11 5 2
11 9 5
12 0 9
12 2 4
12 3 2
12 4 12
12 10 10
12 11 2
13 2 4
13 3 2
13 7 8
13 8 3
13 10 5
13 12 9
14 0 8
14 1 6
14 3 2
14 5 6
14 13 2
15 1 2
15 4 5
15 5 11
15 6 13
15 7 11
15 12 12
15 13 13
16 0 7
16 3 4
16 4 9
16 5 11
16 11 8
16 12 9
16 15 4
17 0 11
17 1 1
17 3 12
17 4 1
17 5 9
17 12 7
17 14 6
17 15 12
17 16 9
18 1 13
18 3 8
18 5 1
18 10 9
18 15 8
19 2 10
19 4 6
19 5 6
19 6 4
19 8 8
19 9 13
19 15 11
19 17 3
19 18 7
