30
2 0 3
2 1 3
3 0 2
3 1 2
3 2 2
4 0 3
5 0 4
5 1 3
5 3 2
5 4 1
6 0 2
6 2 1
7 0 4
7 1 7
7 5 7
8 0 6
8 1 3
8 2 6
8 3 5
8 7 4
9 0 5
9 1 3
9 2 2
9 3 4
9 5 5
9 8 5
10 2 2
10 3 1
10 4 2
10 5 2
11 0 2
11 1 2
11 2 4
11 3 2
11 4 2
11 5 3
11 6 5
12 3 4
12 7 5
12 8 7
12 9 7
12 11 3
13 4 7
13 5 6
13 7 6
13 9 5
13 11 2
13 12 7
14 3 2
14 4 2
14 5 2
14 8 6
14 9 7
14 10 6
14 13 7
15 1 2
15 2 3
15 4 6
15 7 1
15 10 1
15 11 7
15 12 6
15 14 2
16 4 3
16 6 2
16 8 7
16 10 4
17 3 1
17 5 2
17 7 4
17 9 5
17 11 1
17 12 1
18 2 7
18 4 4
18 5 2
18 10 5
18 12 5
18 13 6
18 14 1
18 15 1
18 17 2
19 3 5
19 7 2
19 8 4
19 9 3
19 10 3
19 11 1
19 14 3
19 16 2
19 17 6
20 0 5
20 1 6
20 9 2
20 10 2
20 12 3
20 13 5
20 14 1
20 18 7
21 0 1
21 1 1
21 3 2
21 5 6
21 6 2
21 8 3
21 9 7
21 11 4
21 13 4
21 14 7
21 15 4
21 19 7
22 1 5
22 2 2
22 3 5
22 7 3
22 12 1
22 16 3
22 20 4
22 21 7
23 0 1
23 8 6
23 9 4
23 10 3
23 14 1
23 21 1
24 1 5
24 2 3
24 3 2
24 4 3
24 5 7
24 8 6
24 9 1
24 10 5
24 11 6
24 12 4
24 13 5
24 15 6
25 1 1
25 2 4
25 6 6
25 8 6
25 9 4
25 10 7
25 14 6
25 15 5
25 17 2
25 18 5
25 22 2
25 23 4
25 24 6
26 1 2
26 3 3
26 4 2
26 5 4
26 6 6
26 7 6
26 9 2
26 11 1
26 12 5
26 13 2
26 15 4
26 16 7
26 17 4
26 18 2
26 21 6
26 23 4
26 24 6
27 0 6
27 3 3
27 4 4
27 5 6
27 12 5
27 15 6
27 19 4
27 20 4
27 21 3
27 24 1
27 25 5
27 26 2
28 1 7
28 2 5
28 3 5
28 4 6
28 6 2
28 8 4
28 14 2
28 16 6
28 17 4
28 20 5
28 23 1
28 24 5
29 1 5
29 2 4
29 4 3
29 7 6
29 8 4
29 10 1
29 12 3
29 18 3
29 20 4
29 23 3
29 26 5
29 28 6
