20
1 0 9
2 0 9
2 1 8
3 0 7
3 1 5
3 2 1
4 0 11
4 1 7
4 2 11
4 3 12
5 0 7
5 1 9
5 2 5
5 3 8
5 4 3
6 0 2
6 1 5
6 2 3
6 3 10
6 4 9
6 5 11
7 0 6
7 1 6
7 2 10
7 3 12
7 4 8
7 5 12
7 6 8
8 0 12
8 1 9
8 2 8
8 3 7
8 4 11
8 5 8
8 6 3
8 7 11
9 0 9
9 1 6
9 2 10
9 3 6
9 4 11
9 5 4
9 6 5
9 7 11
9 8 11
10 0 6
10 1 6
10 2 11
10 3 2
10 4 5
10 5 1
10 6 11
10 7 7
10 8 8
10 9 11
11 0 5
11 1 7
11 2 11
11 3 6
11 4 12
11 5 2
11 6 10
11 7 4
11 8 3
11 9 11
11 10 6
12 0 12
12 1 1
12 2 6
12 3 1
12 4 10
12 5 2
12 6 2
12 7 5
12 8 8
12 9 11
12 10 6
12 11 11
13 0 9
13 1 9
13 2 2
13 3 12
13 4 4
13 5 10
13 6 10
13 7 12
13 8 4
13 9 12
13 10 9
13 11 4
13 12 12
14 0 10
14 1 3
14 2 2
14 3 5
14 4 5
14 5 4
14 6 12
14 7 4
14 8 5
14 9 8
14 10 7
14 11 6
14 12 12
14 13 6
15 0 10
15 1 1
15 2 11
15 3 11
15 4 10
15 5 1
15 6 11
15 7 3
15 8 7
15 9 8
15 10 3
15 11 9
15 12 12
15 13 5
15 14 4
16 0 7
16 1 4
16 2 6
16 3 8
16 4 11
16 5 7
16 6 8
16 7 5
16 8 7
16 9 11
16 10 5
16 11 12
16 12 9
16 13 5
16 14 6
16 15 3
17 0 2
17 1 10
17 2 6
17 3 6
17 4 10
17 5 5
17 6 2
17 7 5
17 8 5
17 9 5
17 10 10
17 11 10
17 12 1
17 13 2
17 14 10
17 15 9
17 16 11
18 0 10
18 1 7
18 2 5
18 3 2
18 4 9
18 5 5
18 6 7
18 7 5
18 8 1
18 9 11
18 10 6
18 11 9
18 12 7
18 13 7
18 14 11
18 15 10
18 16 6
18 17 8
19 0 12
19 1 12
19 2 1
19 3 9
19 4 3
19 5 8
19 6 3
19 7 8
19 8 11
19 9 4
19 10 2
19 11 11
19 12 4
19 13 11
19 14 12
19 15 12
19 16 11
19 17 6
19 18 6
