60
1 0 10
2 0 1
2 1 3
3 0 4
3 1 2
3 2 6
4 0 9
4 1 11
4 2 3
4 3 7
5 0 9
5 1 6
5 2 10
5 3 4
5 4 1
6 0 11
6 1 11
6 2 12
6 3 3
6 4 10
6 5 7
7 0 5
7 1 1
7 2 10
7 3 9
7 4 4
7 5 10
7 6 1
8 0 5
8 1 9
8 2 3
8 3 9
8 4 9
8 5 8
8 6 10
8 7 8
9 0 10
9 1 3
9 2 10
9 3 5
9 4 9
9 5 6
9 6 3
9 7 7
9 8 8
10 0 9
10 1 11
10 2 4
10 3 12
10 4 5
10 5 9
10 6 3
10 7 4
10 8 10
10 9 3
11 0 2
11 1 11
11 2 1
11 3 2
11 4 4
11 5 5
11 6 5
11 7 12
11 8 10
11 9 12
11 10 4
12 0 6
12 1 10
12 2 2
12 3 6
12 4 7
12 5 6
12 6 6
12 7 7
12 8 7
12 9 10
12 10 12
12 11 2
13 0 4
13 1 9
13 2 5
13 3 1
13 4 10
13 5 6
13 6 6
13 7 7
13 8 12
13 9 6
13 10 7
13 11 1
13 12 1
14 0 2
14 1 10
14 2 10
14 3 9
14 4 4
14 5 5
14 6 6
14 7 7
14 8 2
14 9 8
14 10 1
14 11 12
14 12 9
14 13 6
15 0 3
15 1 8
15 2 1
15 3 12
15 4 12
15 5 4
15 6 9
15 7 3
15 8 3
15 9 11
15 10 1
15 11 7
15 12 9
15 13 8
15 14 3
16 0 4
16 1 7
16 2 5
16 3 5
16 4 5
16 5 9
16 6 10
16 7 4
16 8 1
16 9 10
16 10 7
16 11 1
16 12 1
16 13 3
16 14 3
16 15 3
17 0 9
17 1 1
17 2 4
17 3 7
17 4 5
17 5 1
17 6 10
17 7 2
17 8 7
17 9 5
17 10 7
17 11 11
17 12 11
17 13 5
17 14 5
17 15 6
17 16 12
18 0 12
18 1 9
18 2 1
18 3 8
18 4 11
18 5 4
18 6 5
18 7 7
18 8 10
18 9 3
18 10 8
18 11 6
18 12 8
18 13 1
18 14 5
18 15 7
18 16 7
18 17 11
19 0 12
19 1 8
19 2 4
19 3 5
19 4 4
19 5 2
19 6 7
19 7 9
19 8 9
19 9 6
19 10 12
19 11 1
19 12 9
19 13 5
19 14 12
19 15 4
19 16 3
19 17 7
19 18 2
20 0 10
20 1 1
20 2 8
20 3 4
20 4 4
20 5 10
20 6 3
20 7 3
20 8 10
20 9 9
20 10 12
20 11 2
20 12 3
20 13 4
20 14 5
20 15 12
20 16 6
20 17 8
20 18 4
20 19 8
21 0 1
21 1 6
21 2 3
21 3 7
21 4 3
21 5 11
21 6 3
21 7 1
21 8 8
21 9 4
21 10 5
21 11 1
21 12 9
21 13 9
21 14 1
21 15 10
21 16 7
21 17 2
21 18 10
21 19 3
21 20 8
22 0 9
22 1 2
22 2 8
22 3 10
22 4 12
22 5 11
22 6 1
22 7 10
22 8 2
22 9 3
22 10 11
22 11 4
22 12 8
22 13 7
22 14 7
22 15 11
22 16 1
22 17 12
22 18 12
22 19 11
22 20 3
22 21 11
23 0 12
23 1 1
23 2 9
23 3 12
23 4 8
23 5 9
23 6 9
23 7 8
23 8 11
23 9 2
23 10 1
23 11 7
23 12 12
23 13 4
23 14 2
23 15 6
23 16 10
23 17 11
23 18 5
23 19 6
23 20 6
23 21 2
23 22 10
24 0 3
24 1 8
24 2 8
24 3 7
24 4 12
24 5 2
24 6 6
24 7 3
24 8 12
24 9 12
24 10 12
24 11 3
24 12 1
24 13 11
24 14 3
24 15 1
24 16 4
24 17 6
24 18 3
24 19 2
24 20 12
24 21 5
24 22 10
24 23 5
25 0 10
25 1 3
25 2 6
25 3 4
25 4 12
25 5 6
25 6 9
25 7 11
25 8 7
25 9 9
25 10 4
25 11 10
25 12 12
25 13 9
25 14 12
25 15 11
25 16 7
25 17 8
25 18 4
25 19 12
25 20 4
25 21 4
25 22 3
25 23 2
25 24 2
26 0 3
26 1 3
26 2 3
26 3 4
26 4 8
26 5 5
26 6 3
26 7 6
26 8 2
26 9 6
26 10 6
26 11 12
26 12 9
26 13 3
26 14 7
26 15 1
26 16 1
26 17 3
26 18 5
26 19 8
26 20 9
26 21 2
26 22 11
26 23 9
26 24 1
26 25 10
27 0 7
27 1 1
27 2 2
27 3 7
27 4 1
27 5 1
27 6 3
27 7 7
27 8 3
27 9 3
27 10 10
27 11 7
27 12 12
27 13 4
27 14 12
27 15 3
27 16 7
27 17 12
27 18 1
27 19 1
27 20 10
27 21 9
27 22 7
27 23 7
27 24 4
27 25 9
27 26 7
28 0 10
28 1 1
28 2 6
28 3 8
28 4 7
28 5 8
28 6 8
28 7 12
28 8 5
28 9 4
28 10 12
28 11 1
28 12 1
28 13 8
28 14 7
28 15 6
28 16 5
28 17 7
28 18 7
28 19 9
28 20 1
28 21 6
28 22 10
28 23 7
28 24 3
28 25 4
28 26 3
28 27 5
29 0 10
29 1 11
29 2 7
29 3 3
29 4 9
29 5 1
29 6 8
29 7 2
29 8 9
29 9 9
29 10 10
29 11 11
29 12 7
29 13 1
29 14 1
29 15 5
29 16 4
29 17 7
29 18 9
29 19 2
29 20 2
29 21 12
29 22 11
29 23 12
29 24 4
29 25 4
29 26 11
29 27 3
29 28 3
30 0 8
30 1 8
30 2 5
30 3 4
30 4 11
30 5 7
30 6 1
30 7 5
30 8 8
30 9 10
30 10 7
30 11 4
30 12 5
30 13 11
30 14 1
30 15 1
30 16 1
30 17 3
30 18 12
30 19 11
30 20 7
30 21 1
30 22 7
30 23 10
30 24 5
30 25 1
30 26 9
30 27 5
30 28 2
30 29 1
31 0 3
31 1 8
31 2 11
31 3 10
31 4 2
31 5 7
31 6 10
31 7 6
31 8 10
31 9 3
31 10 2
31 11 3
31 12 10
31 13 5
31 14 5
31 15 7
31 16 12
31 17 1
31 18 6
31 19 6
31 20 4
31 21 4
31 22 2
31 23 5
31 24 5
31 25 1
31 26 11
31 27 1
31 28 1
31 29 3
31 30 10
32 0 8
32 1 3
32 2 4
32 3 11
32 4 6
32 5 12
32 6 6
32 7 7
32 8 2
32 9 3
32 10 3
32 11 10
32 12 8
32 13 12
32 14 8
32 15 10
32 16 9
32 17 12
32 18 2
32 19 6
32 20 6
32 21 2
32 22 9
32 23 7
32 24 1
32 25 5
32 26 2
32 27 6
32 28 8
32 29 8
32 30 8
32 31 5
33 0 12
33 1 12
33 2 3
33 3 1
33 4 12
33 5 9
33 6 11
33 7 6
33 8 2
33 9 5
33 10 12
33 11 3
33 12 5
33 13 2
33 14 5
33 15 8
33 16 9
33 17 7
33 18 8
33 19 9
33 20 9
33 21 6
33 22 2
33 23 10
33 24 11
33 25 10
33 26 12
33 27 11
33 28 10
33 29 9
33 30 4
33 31 2
33 32 11
34 0 9
34 1 5
34 2 12
34 3 6
34 4 8
34 5 4
34 6 5
34 7 4
34 8 3
34 9 7
34 10 10
34 11 2
34 12 10
34 13 9
34 14 9
34 15 9
34 16 12
34 17 1
34 18 12
34 19 1
34 20 6
34 21 11
34 22 2
34 23 2
34 24 12
34 25 10
34 26 11
34 27 3
34 28 3
34 29 1
34 30 6
34 31 10
34 32 6
34 33 6
35 0 9
35 1 8
35 2 6
35 3 7
35 4 4
35 5 11
35 6 9
35 7 5
35 8 2
35 9 10
35 10 10
35 11 2
35 12 1
35 13 2
35 14 4
35 15 8
35 16 12
35 17 3
35 18 7
35 19 11
35 20 7
35 21 2
35 22 8
35 23 3
35 24 6
35 25 3
35 26 5
35 27 5
35 28 12
35 29 9
35 30 5
35 31 4
35 32 7
35 33 6
35 34 3
36 0 2
36 1 3
36 2 1
36 3 7
36 4 2
36 5 4
36 6 6
36 7 12
36 8 7
36 9 11
36 10 3
36 11 4
36 12 4
36 13 2
36 14 11
36 15 9
36 16 7
36 17 3
36 18 6
36 19 1
36 20 1
36 21 4
36 22 12
36 23 9
36 24 1
36 25 12
36 26 11
36 27 5
36 28 3
36 29 10
36 30 8
36 31 12
36 32 9
36 33 5
36 34 8
36 35 4
37 0 10
37 1 5
37 2 4
37 3 2
37 4 1
37 5 8
37 6 12
37 7 3
37 8 11
37 9 3
37 10 8
37 11 5
37 12 4
37 13 9
37 14 10
37 15 12
37 16 3
37 17 7
37 18 12
37 19 3
37 20 4
37 21 10
37 22 12
37 23 4
37 24 3
37 25 1
37 26 10
37 27 12
37 28 2
37 29 12
37 30 9
37 31 1
37 32 4
37 33 12
37 34 9
37 35 4
37 36 2
38 0 12
38 1 5
38 2 12
38 3 8
38 4 4
38 5 8
38 6 4
38 7 1
38 8 7
38 9 8
38 10 8
38 11 10
38 12 10
38 13 4
38 14 10
38 15 3
38 16 7
38 17 9
38 18 7
38 19 10
38 20 6
38 21 11
38 22 6
38 23 7
38 24 11
38 25 2
38 26 6
38 27 10
38 28 3
38 29 8
38 30 1
38 31 4
38 32 2
38 33 10
38 34 9
38 35 4
38 36 4
38 37 10
39 0 4
39 1 7
39 2 7
39 3 7
39 4 3
39 5 11
39 6 7
39 7 5
39 8 6
39 9 2
39 10 12
39 11 12
39 12 4
39 13 12
39 14 5
39 15 12
39 16 7
39 17 1
39 18 12
39 19 10
39 20 9
39 21 3
39 22 8
39 23 1
39 24 12
39 25 3
39 26 9
39 27 3
39 28 1
39 29 2
39 30 6
39 31 6
39 32 5
39 33 9
39 34 4
39 35 9
39 36 6
39 37 3
39 38 10
40 0 12
40 1 2
40 2 5
40 3 4
40 4 9
40 5 1
40 6 1
40 7 8
40 8 1
40 9 4
40 10 10
40 11 9
40 12 11
40 13 3
40 14 3
40 15 5
40 16 9
40 17 1
40 18 4
40 19 8
40 20 4
40 21 9
40 22 5
40 23 11
40 24 7
40 25 7
40 26 5
40 27 7
40 28 2
40 29 9
40 30 6
40 31 5
40 32 11
40 33 11
40 34 2
40 35 6
40 36 8
40 37 11
40 38 8
40 39 12
41 0 12
41 1 4
41 2 9
41 3 2
41 4 10
41 5 12
41 6 5
41 7 6
41 8 11
41 9 3
41 10 11
41 11 10
41 12 9
41 13 7
41 14 11
41 15 8
41 16 3
41 17 9
41 18 1
41 19 6
41 20 4
41 21 9
41 22 12
41 23 4
41 24 1
41 25 1
41 26 5
41 27 7
41 28 7
41 29 1
41 30 4
41 31 7
41 32 8
41 33 11
41 34 6
41 35 10
41 36 1
41 37 8
41 38 10
41 39 7
41 40 3
42 0 4
42 1 1
42 2 8
42 3 8
42 4 5
42 5 4
42 6 4
42 7 1
42 8 9
42 9 1
42 10 4
42 11 2
42 12 9
42 13 8
42 14 2
42 15 5
42 16 4
42 17 9
42 18 1
42 19 8
42 20 3
42 21 1
42 22 12
42 23 4
42 24 10
42 25 6
42 26 7
42 27 10
42 28 5
42 29 1
42 30 10
42 31 3
42 32 2
42 33 8
42 34 1
42 35 5
42 36 3
42 37 6
42 38 6
42 39 6
42 40 12
42 41 5
43 0 7
43 1 2
43 2 2
43 3 10
43 4 8
43 5 9
43 6 3
43 7 7
43 8 9
43 9 11
43 10 11
43 11 6
43 12 5
43 13 1
43 14 6
43 15 9
43 16 9
43 17 5
43 18 2
43 19 5
43 20 12
43 21 4
43 22 6
43 23 10
43 24 5
43 25 5
43 26 7
43 27 2
43 28 1
43 29 5
43 30 8
43 31 7
43 32 7
43 33 1
43 34 8
43 35 4
43 36 10
43 37 8
43 38 5
43 39 7
43 40 4
43 41 11
43 42 1
44 0 4
44 1 1
44 2 7
44 3 3
44 4 9
44 5 9
44 6 9
44 7 11
44 8 3
44 9 2
44 10 5
44 11 4
44 12 4
44 13 3
44 14 11
44 15 10
44 16 8
44 17 7
44 18 6
44 19 6
44 20 5
44 21 9
44 22 10
44 23 12
44 24 3
44 25 7
44 26 6
44 27 6
44 28 12
44 29 7
44 30 6
44 31 2
44 32 10
44 33 6
44 34 10
44 35 3
44 36 3
44 37 3
44 38 7
44 39 4
44 40 2
44 41 8
44 42 6
44 43 10
45 0 5
45 1 6
45 2 4
45 3 2
45 4 6
45 5 11
45 6 2
45 7 5
45 8 2
45 9 2
45 10 6
45 11 12
45 12 11
45 13 3
45 14 3
45 15 8
45 16 4
45 17 5
45 18 1
45 19 11
45 20 3
45 21 4
45 22 1
45 23 4
45 24 5
45 25 8
45 26 12
45 27 10
45 28 2
45 29 1
45 30 9
45 31 2
45 32 5
45 33 1
45 34 8
45 35 1
45 36 5
45 37 4
45 38 10
45 39 2
45 40 6
45 41 9
45 42 2
45 43 2
45 44 9
46 0 7
46 1 4
46 2 2
46 3 4
46 4 2
46 5 3
46 6 5
46 7 2
46 8 2
46 9 1
46 10 7
46 11 9
46 12 8
46 13 10
46 14 5
46 15 2
46 16 2
46 17 1
46 18 3
46 19 10
46 20 12
46 21 7
46 22 9
46 23 10
46 24 2
46 25 8
46 26 3
46 27 12
46 28 12
46 29 11
46 30 2
46 31 2
46 32 5
46 33 6
46 34 5
46 35 12
46 36 5
46 37 8
46 38 10
46 39 9
46 40 7
46 41 5
46 42 12
46 43 7
46 44 6
46 45 1
47 0 7
47 1 2
47 2 7
47 3 6
47 4 2
47 5 6
47 6 4
47 7 8
47 8 6
47 9 10
47 10 11
47 11 2
47 12 10
47 13 4
47 14 1
47 15 6
47 16 12
47 17 6
47 18 1
47 19 1
47 20 10
47 21 1
47 22 11
47 23 1
47 24 7
47 25 8
47 26 10
47 27 11
47 28 7
47 29 5
47 30 6
47 31 2
47 32 4
47 33 9
47 34 11
47 35 7
47 36 4
47 37 12
47 38 8
47 39 9
47 40 2
47 41 6
47 42 1
47 43 8
47 44 8
47 45 5
47 46 3
48 0 8
48 1 8
48 2 12
48 3 12
48 4 6
48 5 10
48 6 8
48 7 2
48 8 3
48 9 9
48 10 10
48 11 1
48 12 6
48 13 11
48 14 9
48 15 1
48 16 7
48 17 12
48 18 9
48 19 8
48 20 11
48 21 1
48 22 12
48 23 8
48 24 1
48 25 8
48 26 5
48 27 3
48 28 7
48 29 11
48 30 8
48 31 8
48 32 8
48 33 4
48 34 8
48 35 6
48 36 4
48 37 6
48 38 4
48 39 2
48 40 11
48 41 7
48 42 4
48 43 12
48 44 7
48 45 6
48 46 9
48 47 11
49 0 3
49 1 11
49 2 3
49 3 11
49 4 4
49 5 1
49 6 9
49 7 6
49 8 6
49 9 10
49 10 3
49 11 7
49 12 10
49 13 4
49 14 7
49 15 3
49 16 4
49 17 11
49 18 12
49 19 9
49 20 2
49 21 11
49 22 8
49 23 3
49 24 5
49 25 12
49 26 5
49 27 10
49 28 8
49 29 2
49 30 6
49 31 5
49 32 7
49 33 1
49 34 4
49 35 7
49 36 5
49 37 8
49 38 4
49 39 12
49 40 9
49 41 10
49 42 10
49 43 4
49 44 9
49 45 9
49 46 2
49 47 4
49 48 11
50 0 7
50 1 3
50 2 2
50 3 6
50 4 7
50 5 10
50 6 10
50 7 12
50 8 8
50 9 4
50 10 3
50 11 10
50 12 5
50 13 7
50 14 12
50 15 5
50 16 10
50 17 3
50 18 11
50 19 12
50 20 3
50 21 7
50 22 3
50 23 12
50 24 5
50 25 10
50 26 10
50 27 4
50 28 3
50 29 1
50 30 2
50 31 1
50 32 8
50 33 11
50 34 6
50 35 12
50 36 8
50 37 7
50 38 10
50 39 2
50 40 9
50 41 3
50 42 4
50 43 10
50 44 2
50 45 2
50 46 11
50 47 2
50 48 2
50 49 9
51 0 9
51 1 4
51 2 10
51 3 9
51 4 12
51 5 4
51 6 5
51 7 12
51 8 7
51 9 1
51 10 1
51 11 7
51 12 3
51 13 11
51 14 9
51 15 1
51 16 4
51 17 8
51 18 7
51 19 1
51 20 11
51 21 4
51 22 1
51 23 4
51 24 2
51 25 8
51 26 7
51 27 11
51 28 10
51 29 11
51 30 5
51 31 2
51 32 3
51 33 10
51 34 2
51 35 5
51 36 12
51 37 10
51 38 1
51 39 9
51 40 2
51 41 1
51 42 6
51 43 2
51 44 8
51 45 4
51 46 6
51 47 12
51 48 9
51 49 5
51 50 7
52 0 11
52 1 1
52 2 1
52 3 8
52 4 4
52 5 6
52 6 12
52 7 12
52 8 10
52 9 4
52 10 7
52 11 1
52 12 9
52 13 11
52 14 12
52 15 5
52 16 7
52 17 5
52 18 5
52 19 7
52 20 2
52 21 8
52 22 7
52 23 8
52 24 9
52 25 6
52 26 10
52 27 4
52 28 12
52 29 5
52 30 10
52 31 8
52 32 1
52 33 10
52 34 5
52 35 3
52 36 9
52 37 6
52 38 8
52 39 1
52 40 1
52 41 3
52 42 6
52 43 10
52 44 11
52 45 3
52 46 7
52 47 7
52 48 7
52 49 5
52 50 9
52 51 4
53 0 12
53 1 4
53 2 5
53 3 6
53 4 6
53 5 4
53 6 5
53 7 11
53 8 8
53 9 1
53 10 9
53 11 5
53 12 7
53 13 10
53 14 5
53 15 5
53 16 6
53 17 12
53 18 10
53 19 2
53 20 3
53 21 12
53 22 5
53 23 7
53 24 3
53 25 11
53 26 11
53 27 8
53 28 10
53 29 2
53 30 4
53 31 6
53 32 7
53 33 9
53 34 1
53 35 10
53 36 7
53 37 7
53 38 3
53 39 5
53 40 7
53 41 2
53 42 6
53 43 3
53 44 8
53 45 12
53 46 5
53 47 12
53 48 2
53 49 12
53 50 7
53 51 11
53 52 10
54 0 12
54 1 8
54 2 1
54 3 3
54 4 6
54 5 6
54 6 2
54 7 9
54 8 8
54 9 12
54 10 3
54 11 7
54 12 5
54 13 8
54 14 11
54 15 4
54 16 11
54 17 5
54 18 9
54 19 11
54 20 12
54 21 9
54 22 7
54 23 7
54 24 6
54 25 9
54 26 10
54 27 8
54 28 11
54 29 2
54 30 7
54 31 4
54 32 4
54 33 6
54 34 11
54 35 2
54 36 8
54 37 5
54 38 8
54 39 10
54 40 12
54 41 3
54 42 2
54 43 12
54 44 11
54 45 9
54 46 8
54 47 12
54 48 9
54 49 5
54 50 5
54 51 2
54 52 2
54 53 5
55 0 10
55 1 5
55 2 5
55 3 10
55 4 11
55 5 12
55 6 6
55 7 10
55 8 3
55 9 1
55 10 10
55 11 7
55 12 9
55 13 2
55 14 8
55 15 5
55 16 11
55 17 4
55 18 6
55 19 11
55 20 1
55 21 1
55 22 9
55 23 5
55 24 6
55 25 7
55 26 4
55 27 7
55 28 7
55 29 12
55 30 1
55 31 3
55 32 4
55 33 1
55 34 7
55 35 8
55 36 10
55 37 7
55 38 2
55 39 6
55 40 7
55 41 5
55 42 6
55 43 8
55 44 8
55 45 11
55 46 6
55 47 11
55 48 7
55 49 4
55 50 7
55 51 2
55 52 8
55 53 3
55 54 2
56 0 9
56 1 12
56 2 11
56 3 9
56 4 9
56 5 7
56 6 1
56 7 2
56 8 5
56 9 9
56 10 4
56 11 11
56 12 2
56 13 2
56 14 10
56 15 10
56 16 11
56 17 12
56 18 2
56 19 1
56 20 5
56 21 6
56 22 9
56 23 10
56 24 8
56 25 6
56 26 7
56 27 11
56 28 5
56 29 7
56 30 11
56 31 1
56 32 3
56 33 4
56 34 7
56 35 7
56 36 2
56 37 4
56 38 6
56 39 7
56 40 9
56 41 9
56 42 6
56 43 12
56 44 11
56 45 10
56 46 2
56 47 11
56 48 6
56 49 2
56 50 11
56 51 7
56 52 3
56 53 7
56 54 5
56 55 9
57 0 11
57 1 12
57 2 5
57 3 10
57 4 12
57 5 8
57 6 6
57 7 2
57 8 6
57 9 5
57 10 6
57 11 1
57 12 4
57 13 7
57 14 8
57 15 4
57 16 10
57 17 3
57 18 4
57 19 1
57 20 12
57 21 9
57 22 11
57 23 12
57 24 1
57 25 3
57 26 8
57 27 4
57 28 7
57 29 7
57 30 1
57 31 11
57 32 1
57 33 4
57 34 10
57 35 9
57 36 7
57 37 2
57 38 2
57 39 4
57 40 1
57 41 8
57 42 3
57 43 10
57 44 1
57 45 7
57 46 5
57 47 10
57 48 4
57 49 10
57 50 4
57 51 8
57 52 1
57 53 11
57 54 2
57 55 1
57 56 3
58 0 7
58 1 10
58 2 6
58 3 5
58 4 8
58 5 3
58 6 1
58 7 10
58 8 2
58 9 11
58 10 7
58 11 6
58 12 2
58 13 1
58 14 5
58 15 5
58 16 2
58 17 8
58 18 10
58 19 6
58 20 5
58 21 11
58 22 4
58 23 3
58 24 2
58 25 11
58 26 3
58 27 1
58 28 11
58 29 11
58 30 1
58 31 8
58 32 11
58 33 4
58 34 9
58 35 6
58 36 2
58 37 7
58 38 6
58 39 12
58 40 2
58 41 3
58 42 1
58 43 11
58 44 2
58 45 9
58 46 12
58 47 10
58 48 1
58 49 1
58 50 4
58 51 6
58 52 4
58 53 2
58 54 3
58 55 3
58 56 5
58 57 3
59 0 3
59 1 3
59 2 8
59 3 6
59 4 1
59 5 5
59 6 10
59 7 2
59 8 3
59 9 11
59 10 5
59 11 9
59 12 4
59 13 4
59 14 10
59 15 8
59 16 6
59 17 12
59 18 8
59 19 6
59 20 4
59 21 4
59 22 2
59 23 8
59 24 8
59 25 3
59 26 12
59 27 7
59 28 5
59 29 4
59 30 7
59 31 4
59 32 6
59 33 1
59 34 3
59 35 12
59 36 1
59 37 8
59 38 1
59 39 5
59 40 6
59 41 4
59 42 12
59 43 7
59 44 10
59 45 4
59 46 6
59 47 1
59 48 7
59 49 4
59 50 10
59 51 2
59 52 7
59 53 7
59 54 3
59 55 1
59 56 6
59 57 6
59 58 4
