70
1 0 2
3 0 2
4 1 3
5 0 1
5 2 1
5 4 4
6 0 1
6 1 3
6 2 2
6 3 1
6 4 3
6 5 1
7 0 1
7 4 2
7 6 4
8 1 1
8 2 4
8 5 1
9 0 1
9 2 2
9 3 1
9 5 4
9 6 1
9 7 1
10 4 2
10 5 2
10 6 1
10 9 4
11 4 4
11 5 1
11 6 1
12 0 3
12 2 3
12 3 3
12 4 1
13 0 2
13 2 1
13 9 1
13 10 1
14 2 3
14 3 1
14 4 4
14 7 1
14 9 4
14 11 2
14 13 1
15 5 4
15 6 4
15 10 3
15 11 2
15 14 1
16 0 3
16 2 4
16 3 1
16 5 3
16 9 3
16 14 2
17 2 4
17 4 4
17 5 4
17 8 1
17 9 2
17 12 4
17 13 3
17 14 4
18 0 4
18 4 2
18 5 3
18 6 3
18 8 3
18 10 1
18 11 2
18 13 2
18 15 4
19 2 3
19 3 4
19 4 1
19 5 4
19 6 4
19 7 2
19 8 3
19 11 2
19 15 1
19 16 4
19 17 3
20 0 2
20 1 1
20 2 4
20 3 1
20 4 3
20 5 3
20 7 1
20 11 1
20 13 3
20 14 3
20 15 3
20 17 3
20 18 4
20 19 4
21 0 4
21 1 4
21 5 3
21 6 2
21 9 3
21 11 3
21 15 4
21 16 1
22 0 1
22 7 4
22 9 1
22 10 1
22 11 3
22 17 3
22 18 4
22 19 1
22 21 4
23 0 1
23 1 4
23 3 3
23 4 4
23 7 4
23 10 4
23 11 1
23 14 3
23 17 3
23 18 3
23 21 1
24 0 3
24 4 4
24 7 2
24 10 4
24 18 1
24 19 1
24 20 4
24 21 1
25 6 2
25 8 1
25 9 2
25 14 1
25 16 2
25 19 1
25 21 2
25 22 1
25 23 4
26 0 1
26 6 1
26 8 4
26 9 2
26 16 2
26 17 4
26 18 4
26 21 1
26 22 2
26 23 3
26 24 2
26 25 1
27 1 3
27 7 4
27 12 2
27 13 2
27 15 1
27 18 1
27 23 2
27 26 2
28 0 2
28 3 2
28 4 4
28 5 1
28 8 1
28 9 1
28 10 1
28 12 2
28 15 4
28 17 3
28 19 3
28 21 1
28 22 3
28 23 1
28 24 4
29 1 1
29 2 1
29 3 2
29 4 4
29 5 4
29 8 4
29 9 1
29 12 1
29 14 3
29 16 2
29 17 4
29 19 1
29 20 4
29 21 1
29 22 3
29 23 3
29 25 4
29 26 1
30 3 2
30 5 1
30 7 2
30 8 1
30 12 3
30 17 3
30 18 1
30 19 2
30 23 4
30 24 1
30 25 1
31 0 3
31 1 4
31 4 3
31 9 1
31 15 3
31 16 1
31 17 4
31 19 1
31 20 1
31 22 2
31 25 4
31 26 2
31 27 1
31 28 3
31 30 1
32 0 3
32 1 4
32 2 3
32 5 1
32 6 2
32 7 2
32 9 2
32 10 4
32 11 2
32 12 2
32 16 1
32 17 3
32 18 2
32 19 1
32 22 2
32 24 3
32 26 4
32 27 2
32 29 4
32 31 4
33 0 2
33 1 1
33 3 2
33 4 4
33 6 4
33 8 1
33 10 4
33 16 4
33 20 1
33 21 2
33 23 2
33 26 4
33 28 4
33 31 4
34 1 4
34 2 4
34 5 1
34 8 4
34 9 4
34 12 3
34 15 4
34 17 4
34 18 2
34 19 4
34 21 1
34 25 2
34 26 4
34 27 3
34 29 2
34 31 2
34 33 2
35 1 2
35 5 3
35 7 4
35 11 3
35 13 1
35 15 4
35 16 2
35 18 3
35 20 2
35 24 1
35 25 3
35 27 2
35 28 4
35 33 4
36 1 3
36 2 1
36 6 3
36 8 3
36 13 1
36 14 1
36 17 4
36 29 2
36 32 3
36 33 4
36 34 1
37 0 3
37 7 4
37 8 1
37 9 2
37 10 2
37 14 1
37 16 2
37 20 3
37 22 3
37 24 1
37 25 3
37 26 2
37 28 3
37 29 3
37 30 1
37 32 3
37 33 2
37 34 4
37 36 4
38 1 4
38 2 3
38 4 1
38 6 1
38 7 2
38 9 2
38 13 4
38 16 4
38 20 3
38 21 1
38 23 1
38 25 1
38 29 4
38 31 2
38 32 2
38 35 1
38 36 2
38 37 1
39 0 4
39 2 4
39 3 4
39 4 2
39 5 4
39 7 1
39 13 4
39 14 3
39 15 1
39 18 1
39 23 4
39 27 3
39 28 4
39 31 4
39 32 2
39 36 2
39 38 3
40 0 4
40 1 3
40 2 3
40 3 3
40 6 2
40 8 4
40 9 1
40 11 1
40 12 1
40 14 1
40 17 3
40 21 2
40 23 4
40 24 3
40 26 4
40 27 3
40 29 1
40 30 3
40 31 4
40 33 4
40 34 3
40 36 4
40 37 2
40 38 1
40 39 4
41 2 3
41 3 1
41 5 4
41 6 1
41 7 2
41 8 1
41 10 1
41 11 4
41 13 1
41 16 3
41 19 4
41 30 4
41 32 1
41 33 1
41 34 4
41 35 4
41 36 4
42 1 3
42 2 4
42 3 3
42 5 2
42 6 2
42 7 4
42 10 3
42 11 3
42 13 4
42 20 2
42 21 3
42 22 1
42 23 3
42 24 4
42 25 1
42 27 1
42 32 1
42 34 3
42 36 1
42 37 2
42 39 4
42 40 3
42 41 3
43 0 4
43 1 2
43 2 3
43 3 3
43 5 3
43 7 3
43 8 2
43 9 4
43 10 1
43 11 4
43 12 2
43 17 4
43 18 2
43 19 2
43 22 2
43 25 1
43 26 3
43 30 4
43 31 2
43 32 1
43 35 2
43 36 1
43 38 3
43 40 4
43 41 1
43 42 4
44 1 1
44 3 4
44 4 1
44 5 4
44 6 4
44 10 1
44 11 2
44 12 1
44 13 1
44 15 3
44 16 4
44 19 1
44 20 1
44 22 2
44 23 3
44 25 3
44 26 3
44 30 3
44 31 3
44 33 2
44 34 4
44 36 1
44 39 3
44 41 4
45 0 3
45 3 3
45 6 4
45 7 2
45 14 4
45 15 3
45 17 4
45 18 1
45 20 1
45 21 4
45 22 1
45 23 2
45 27 3
45 31 4
45 33 4
45 35 3
45 40 2
45 42 3
45 43 2
45 44 3
46 0 2
46 2 2
46 4 3
46 5 4
46 7 1
46 9 2
46 11 1
46 12 4
46 16 3
46 17 2
46 20 2
46 21 1
46 22 1
46 23 2
46 24 3
46 28 4
46 29 4
46 31 3
46 33 2
46 34 4
46 36 3
46 42 4
47 1 3
47 2 4
47 4 2
47 5 3
47 6 4
47 7 4
47 10 2
47 11 2
47 12 4
47 15 1
47 16 1
47 18 4
47 21 3
47 22 1
47 25 4
47 30 1
47 35 1
47 38 1
47 42 4
47 45 4
47 46 1
48 0 2
48 1 3
48 7 1
48 8 4
48 9 1
48 10 3
48 11 3
48 14 1
48 15 2
48 16 4
48 17 3
48 18 3
48 21 2
48 24 1
48 25 2
48 27 3
48 29 1
48 31 1
48 34 3
48 35 1
48 37 4
48 38 3
48 40 4
48 41 1
48 42 3
48 43 2
48 45 1
48 46 4
49 2 4
49 3 1
49 4 2
49 5 3
49 6 2
49 7 2
49 9 3
49 11 4
49 14 2
49 16 2
49 22 3
49 23 1
49 25 2
49 26 4
49 27 1
49 29 2
49 31 3
49 33 3
49 34 3
49 35 4
49 36 1
49 38 4
49 39 4
49 41 3
49 42 2
49 43 1
49 45 2
49 46 1
50 1 2
50 3 3
50 5 1
50 6 2
50 7 3
50 8 1
50 9 1
50 11 4
50 14 3
50 15 1
50 16 2
50 17 1
50 20 3
50 24 3
50 25 2
50 26 1
50 29 3
50 30 2
50 35 3
50 36 4
50 40 2
50 44 2
50 46 4
50 48 4
50 49 4
51 1 1
51 7 1
51 14 1
51 15 2
51 16 2
51 17 3
51 22 1
51 23 4
51 26 2
51 32 3
51 33 1
51 35 1
51 36 2
51 39 1
51 40 3
51 42 3
51 43 1
51 45 3
51 46 2
51 48 2
52 0 2
52 2 2
52 5 2
52 8 2
52 10 3
52 11 2
52 15 3
52 17 2
52 18 2
52 19 1
52 20 2
52 21 2
52 23 4
52 25 1
52 30 3
52 31 2
52 33 3
52 34 4
52 35 2
52 39 2
52 42 3
52 43 1
52 44 4
52 45 2
52 46 3
52 47 1
52 48 4
52 49 1
52 50 1
53 3 2
53 4 2
53 6 4
53 7 1
53 8 4
53 12 3
53 14 4
53 17 3
53 20 3
53 21 1
53 25 3
53 26 2
53 28 2
53 29 1
53 34 2
53 36 3
53 37 3
53 39 2
53 40 4
53 42 4
53 44 1
53 49 4
53 50 1
53 51 2
53 52 2
54 0 4
54 4 3
54 5 1
54 8 4
54 9 3
54 11 3
54 14 2
54 17 2
54 18 3
54 20 2
54 21 2
54 23 4
54 25 4
54 27 2
54 30 2
54 33 4
54 38 3
54 39 4
54 40 4
54 42 1
54 45 4
54 47 4
54 48 3
54 50 4
55 0 3
55 2 2
55 4 2
55 5 2
55 6 3
55 7 2
55 10 2
55 11 1
55 12 1
55 13 3
55 14 1
55 15 3
55 19 2
55 20 1
55 21 3
55 22 1
55 23 4
55 26 4
55 27 4
55 31 2
55 33 2
55 34 4
55 36 1
55 39 3
55 40 4
55 43 1
55 44 2
55 45 1
55 50 3
55 53 1
55 54 3
56 2 4
56 3 2
56 5 4
56 6 3
56 8 2
56 9 4
56 11 2
56 15 2
56 16 3
56 17 2
56 19 3
56 20 4
56 22 4
56 23 2
56 25 2
56 27 2
56 28 4
56 29 3
56 30 1
56 31 4
56 34 3
56 35 3
56 36 2
56 43 3
56 46 1
56 48 2
56 49 4
56 50 1
56 51 2
56 54 2
57 0 3
57 1 2
57 3 1
57 5 2
57 9 3
57 11 4
57 17 1
57 20 1
57 21 3
57 23 1
57 24 2
57 26 2
57 29 4
57 30 2
57 33 3
57 34 2
57 36 2
57 38 2
57 39 3
57 40 1
57 43 2
57 45 4
57 46 3
57 47 2
57 48 4
57 54 3
57 55 4
57 56 2
58 0 3
58 2 1
58 3 4
58 5 3
58 6 4
58 7 1
58 8 4
58 13 3
58 15 3
58 17 3
58 25 4
58 26 3
58 29 2
58 30 3
58 31 2
58 32 2
58 33 4
58 34 1
58 36 4
58 37 3
58 39 1
58 45 1
58 46 2
58 47 3
58 48 2
58 53 4
58 56 4
59 0 2
59 2 3
59 5 4
59 6 3
59 9 4
59 11 3
59 13 4
59 14 2
59 15 1
59 16 3
59 17 2
59 20 3
59 21 4
59 24 4
59 25 2
59 27 1
59 30 3
59 33 1
59 35 3
59 38 3
59 39 3
59 40 3
59 42 4
59 43 1
59 44 3
59 46 3
59 47 1
59 49 3
59 51 2
59 56 3
59 57 4
60 4 1
60 6 4
60 7 2
60 10 2
60 13 1
60 16 1
60 18 3
60 20 1
60 22 3
60 23 2
60 25 2
60 26 4
60 28 2
60 32 1
60 34 4
60 38 3
60 39 4
60 44 4
60 46 2
60 48 3
60 50 3
60 51 1
60 54 1
60 55 4
60 56 3
60 57 1
60 58 3
61 0 2
61 5 2
61 7 2
61 11 3
61 12 1
61 14 1
61 17 4
61 18 4
61 23 2
61 24 2
61 26 4
61 27 4
61 28 4
61 30 4
61 32 4
61 34 2
61 35 1
61 36 2
61 37 2
61 38 3
61 39 4
61 40 2
61 45 1
61 46 3
61 48 1
61 50 1
61 52 4
61 54 4
61 59 2
62 0 1
62 4 3
62 5 4
62 7 1
62 9 4
62 11 1
62 12 3
62 13 2
62 15 4
62 16 4
62 20 3
62 21 3
62 22 2
62 23 4
62 24 1
62 25 1
62 27 1
62 28 4
62 29 4
62 32 3
62 33 2
62 35 4
62 36 4
62 37 1
62 39 1
62 42 3
62 43 2
62 44 2
62 45 3
62 47 4
62 48 3
62 50 2
62 52 3
62 53 4
62 57 1
62 59 4
62 61 4
63 0 1
63 1 1
63 2 1
63 4 1
63 7 3
63 8 4
63 9 3
63 10 3
63 11 1
63 12 1
63 14 3
63 17 2
63 18 1
63 19 3
63 20 1
63 22 2
63 23 1
63 24 3
63 25 1
63 26 2
63 28 1
63 29 2
63 32 4
63 34 3
63 35 2
63 36 3
63 43 2
63 49 2
63 51 3
63 55 3
63 56 4
63 60 4
64 0 4
64 3 4
64 4 1
64 5 3
64 7 2
64 10 2
64 11 3
64 12 4
64 15 3
64 18 1
64 20 1
64 23 4
64 24 3
64 27 1
64 28 3
64 29 2
64 32 4
64 34 1
64 35 4
64 37 4
64 39 4
64 41 4
64 42 3
64 43 4
64 45 1
64 47 4
64 49 2
64 50 3
64 51 1
64 52 3
64 55 4
64 56 4
64 61 3
64 62 4
64 63 1
65 0 2
65 1 3
65 2 1
65 7 4
65 8 4
65 9 1
65 10 1
65 11 4
65 12 4
65 13 1
65 14 1
65 16 4
65 17 3
65 18 2
65 22 1
65 24 4
65 27 3
65 29 1
65 33 3
65 36 4
65 39 1
65 40 2
65 42 1
65 43 4
65 48 3
65 52 4
65 56 1
65 57 4
65 59 3
65 61 1
65 63 1
65 64 1
66 1 1
66 2 3
66 4 3
66 5 1
66 9 1
66 12 2
66 13 2
66 18 2
66 20 1
66 21 2
66 24 1
66 29 2
66 31 4
66 33 4
66 36 3
66 37 4
66 38 3
66 39 4
66 41 1
66 43 2
66 44 1
66 45 2
66 46 1
66 51 3
66 54 1
66 55 2
66 56 1
66 57 1
66 58 3
66 59 1
66 64 4
67 0 1
67 2 2
67 3 3
67 4 3
67 6 4
67 7 4
67 8 4
67 9 2
67 10 3
67 11 3
67 14 1
67 15 2
67 16 3
67 17 2
67 18 4
67 21 1
67 22 4
67 25 1
67 27 4
67 29 4
67 30 1
67 31 4
67 33 4
67 36 4
67 37 1
67 38 2
67 40 4
67 44 1
67 47 3
67 48 1
67 50 2
67 51 3
67 54 2
67 55 2
67 57 4
67 58 2
67 62 1
67 64 3
67 66 1
68 0 3
68 1 4
68 2 4
68 3 2
68 4 1
68 7 1
68 11 4
68 13 1
68 18 3
68 19 1
68 20 3
68 26 1
68 28 4
68 29 3
68 31 2
68 33 4
68 34 3
68 36 1
68 44 1
68 46 2
68 48 1
68 49 4
68 50 4
68 52 2
68 54 3
68 55 4
68 56 4
68 59 1
68 61 1
68 65 3
68 66 1
69 2 3
69 5 1
69 7 1
69 10 2
69 18 4
69 19 3
69 20 3
69 21 3
69 23 4
69 25 4
69 26 4
69 30 3
69 31 1
69 32 3
69 33 4
69 36 2
69 37 2
69 40 1
69 41 1
69 42 1
69 43 2
69 44 2
69 45 1
69 49 2
69 50 2
69 53 1
69 54 2
69 55 2
69 56 2
69 58 4
69 60 2
69 61 3
69 62 4
69 63 3
69 65 4
69 66 2
69 68 3
