20
3 0 10
3 2 3
4 1 10
4 2 5
4 3 10
5 1 9
5 2 2
5 3 10
5 4 9
6 0 7
6 2 3
6 3 7
6 5 4
7 1 6
7 3 4
7 4 8
8 7 7
9 0 2
9 2 8
9 3 10
9 5 4
9 6 6
10 2 1
10 4 6
10 5 1
10 7 4
10 8 3
10 9 6
11 0 10
11 1 7
11 2 2
11 10 2
12 0 3
12 2 9
12 4 1
12 6 9
12 7 7
12 8 1
12 9 10
13 1 2
13 3 5
13 4 6
13 5 5
13 6 10
13 8 10
13 9 5
13 10 3
13 11 1
13 12 5
14 2 4
14 3 2
14 9 7
14 11 9
14 12 1
14 13 1
15 0 8
15 4 2
15 8 8
15 10 1
15 14 9
16 0 10
16 1 6
16 3 2
16 7 5
16 10 3
16 12 3
16 13 7
16 14 3
17 0 1
17 5 2
17 10 6
17 11 1
17 13 6
17 14 4
17 15 7
18 0 1
18 3 7
18 5 9
18 7 9
18 8 5
18 10 10
18 13 7
18 14 9
18 15 2
19 1 5
19 3 1
19 4 1
19 7 4
19 8 7
19 9 1
19 10 9
19 11 2
19 12 6
19 14 7
19 15 9
