30
1 0 1
2 0 5
2 1 2
3 0 3
3 1 2
3 2 4
4 0 2
4 1 5
4 2 5
4 3 5
5 0 3
5 1 1
5 2 6
5 3 7
5 4 3
6 0 8
6 1 7
6 2 3
6 3 2
6 4 4
6 5 7
7 0 6
7 1 6
7 2 5
7 3 2
7 4 2
7 5 1
7 6 6
8 0 6
8 1 3
8 2 7
8 3 3
8 4 7
8 5 8
8 6 7
8 7 1
9 0 4
9 1 8
9 2 7
9 3 5
9 4 3
9 5 7
9 6 1
9 7 7
9 8 7
10 0 5
10 1 2
10 2 1
10 3 8
10 4 5
10 5 5
10 6 5
10 7 5
10 8 8
10 9 2
11 0 8
11 1 6
11 2 1
11 3 1
11 4 5
11 5 3
11 6 6
11 7 2
11 8 8
11 9 5
11 10 8
12 0 4
12 1 7
12 2 5
12 3 2
12 4 5
12 5 1
12 6 3
12 7 4
12 8 2
12 9 7
12 10 3
12 11 3
13 0 6
13 1 7
13 2 3
13 3 4
13 4 5
13 5 2
13 6 8
13 7 7
13 8 4
13 9 7
13 10 1
13 11 5
13 12 2
14 0 5
14 1 4
14 2 5
14 3 5
14 4 4
14 5 5
14 6 7
14 7 7
14 8 1
14 9 5
14 10 4
14 11 1
14 12 8
14 13 7
15 0 8
15 1 5
15 2 4
15 3 3
15 4 1
15 5 2
15 6 7
15 7 1
15 8 1
15 9 8
15 10 5
15 11 4
15 12 6
15 13 3
15 14 5
16 0 7
16 1 2
16 2 3
16 3 1
16 4 8
16 5 3
16 6 5
16 7 3
16 8 4
16 9 7
16 10 1
16 11 8
16 12 7
16 13 2
16 14 1
16 15 1
17 0 5
17 1 6
17 2 5
17 3 4
17 4 4
17 5 8
17 6 4
17 7 4
17 8 5
17 9 8
17 10 3
17 11 8
17 12 1
17 13 2
17 14 7
17 15 8
17 16 6
18 0 7
18 1 6
18 2 2
18 3 1
18 4 7
18 5 4
18 6 5
18 7 1
18 8 1
18 9 5
18 10 6
18 11 3
18 12 1
18 13 7
18 14 6
18 15 6
18 16 1
18 17 7
19 0 3
19 1 2
19 2 1
19 3 2
19 4 5
19 5 3
19 6 8
19 7 5
19 8 1
19 9 3
19 10 7
19 11 2
19 12 5
19 13 2
19 14 3
19 15 3
19 16 1
19 17 3
19 18 2
20 0 5
20 1 2
20 2 5
20 3 4
20 4 3
20 5 6
20 6 6
20 7 1
20 8 7
20 9 2
20 10 3
20 11 4
20 12 1
20 13 2
20 14 2
20 15 6
20 16 4
20 17 7
20 18 2
20 19 4
21 0 6
21 1 7
21 2 6
21 3 2
21 4 5
21 5 3
21 6 5
21 7 6
21 8 5
21 9 8
21 10 8
21 11 1
21 12 3
21 13 4
21 14 4
21 15 7
21 16 3
21 17 8
21 18 8
21 19 6
21 20 5
22 0 8
22 1 8
22 2 7
22 3 3
22 4 3
22 5 7
22 6 6
22 7 8
22 8 3
22 9 2
22 10 7
22 11 6
22 12 2
22 13 2
22 14 2
22 15 5
22 16 2
22 17 6
22 18 8
22 19 8
22 20 4
22 21 6
23 0 2
23 1 2
23 2 2
23 3 3
23 4 7
23 5 2
23 6 2
23 7 7
23 8 8
23 9 1
23 10 2
23 11 6
23 12 5
23 13 7
23 14 1
23 15 7
23 16 5
23 17 2
23 18 8
23 19 3
23 20 8
23 21 6
23 22 4
24 0 2
24 1 4
24 2 7
24 3 8
24 4 8
24 5 4
24 6 1
24 7 4
24 8 2
24 9 8
24 10 5
24 11 1
24 12 2
24 13 6
24 14 8
24 15 5
24 16 4
24 17 2
24 18 5
24 19 7
24 20 1
24 21 6
24 22 8
24 23 8
25 0 5
25 1 4
25 2 1
25 3 6
25 4 2
25 5 3
25 6 7
25 7 3
25 8 7
25 9 1
25 10 7
25 11 8
25 12 6
25 13 8
25 14 4
25 15 7
25 16 7
25 17 5
25 18 7
25 19 2
25 20 4
25 21 6
25 22 4
25 23 4
25 24 5
26 0 8
26 1 2
26 2 2
26 3 4
26 4 1
26 5 2
26 6 1
26 7 7
26 8 2
26 9 1
26 10 6
26 11 1
26 12 2
26 13 5
26 14 2
26 15 3
26 16 8
26 17 6
26 18 3
26 19 4
26 20 1
26 21 2
26 22 6
26 23 5
26 24 2
26 25 6
27 0 8
27 1 4
27 2 2
27 3 3
27 4 5
27 5 4
27 6 5
27 7 5
27 8 1
27 9 3
27 10 4
27 11 6
27 12 2
27 13 8
27 14 8
27 15 6
27 16 4
27 17 6
27 18 4
27 19 8
27 20 1
27 21 4
27 22 8
27 23 5
27 24 8
27 25 7
27 26 8
28 0 8
28 1 5
28 2 3
28 3 5
28 4 3
28 5 8
28 6 7
28 7 5
28 8 4
28 9 2
28 10 5
28 11 2
28 12 4
28 13 2
28 14 8
28 15 6
28 16 8
28 17 5
28 18 3
28 19 8
28 20 1
28 21 6
28 22 1
28 23 2
28 24 5
28 25 2
28 26 6
28 27 2
29 0 1
29 1 4
29 2 4
29 3 7
29 4 7
29 5 7
29 6 6
29 7 4
29 8 2
29 9 6
29 10 7
29 11 6
29 12 6
29 13 5
29 14 6
29 15 8
29 16 6
29 17 2
29 18 3
29 19 2
29 20 4
29 21 6
29 22 3
29 23 8
29 24 8
29 25 1
29 26 8
29 27 6
29 28 6
