30
1 0 3
2 0 1
2 1 6
3 0 4
3 1 3
3 2 2
4 0 4
4 1 2
4 2 5
4 3 1
5 0 2
5 1 3
5 2 2
5 3 1
5 4 5
6 0 6
6 1 7
6 2 7
6 3 5
6 4 1
6 5 3
7 0 6
7 1 1
7 2 1
7 3 1
7 4 7
7 5 7
7 6 1
8 0 3
8 1 4
8 2 4
8 3 3
8 4 2
8 5 7
8 6 1
8 7 4
9 0 5
9 1 5
9 2 7
9 3 5
9 4 1
9 5 2
9 6 5
9 7 6
9 8 7
10 0 2
10 1 5
10 2 2
10 3 3
10 4 7
10 5 4
10 6 7
10 7 3
10 8 1
10 9 4
11 0 2
11 1 2
11 2 7
11 3 3
11 4 7
11 5 3
11 6 5
11 7 5
11 8 5
11 9 3
11 10 1
12 0 4
12 1 4
12 2 6
12 3 5
12 4 2
12 5 6
12 6 6
12 7 4
12 8 2
12 9 5
12 10 7
12 11 4
13 0 4
13 1 4
13 2 7
13 3 7
13 4 3
13 5 6
13 6 2
13 7 7
13 8 2
13 9 6
13 10 2
13 11 6
13 12 3
14 0 1
14 1 3
14 2 4
14 3 4
14 4 6
14 5 5
14 6 6
14 7 4
14 8 6
14 9 5
14 10 6
14 11 7
14 12 2
14 13 5
15 0 7
15 1 7
15 2 3
15 3 2
15 4 2
15 5 2
15 6 3
15 7 7
15 8 6
15 9 2
15 10 6
15 11 7
15 12 7
15 13 1
15 14 5
16 0 2
16 1 4
16 2 7
16 3 7
16 4 7
16 5 5
16 6 7
16 7 4
16 8 2
16 9 2
16 10 1
16 11 4
16 12 2
16 13 1
16 14 5
16 15 2
17 0 4
17 1 6
17 2 6
17 3 1
17 4 4
17 5 7
17 6 7
17 7 1
17 8 4
17 9 5
17 10 7
17 11 1
17 12 5
17 13 7
17 14 1
17 15 2
17 16 2
18 0 5
18 1 7
18 2 5
18 3 1
18 4 5
18 5 2
18 6 1
18 7 1
18 8 3
18 9 7
18 10 2
18 11 2
18 12 5
18 13 2
18 14 3
18 15 5
18 16 2
18 17 2
19 0 3
19 1 1
19 2 2
19 3 1
19 4 4
19 5 6
19 6 7
19 7 3
19 8 6
19 9 1
19 10 7
19 11 3
19 12 6
19 13 5
19 14 3
19 15 2
19 16 3
19 17 7
19 18 2
20 0 4
20 1 7
20 2 3
20 3 3
20 4 3
20 5 7
20 6 5
20 7 3
20 8 3
20 9 5
20 10 7
20 11 7
20 12 2
20 13 7
20 14 2
20 15 2
20 16 2
20 17 2
20 18 6
20 19 4
21 0 4
21 1 3
21 2 3
21 3 6
21 4 1
21 5 2
21 6 6
21 7 4
21 8 5
21 9 2
21 10 4
21 11 4
21 12 7
21 13 6
21 14 5
21 15 1
21 16 5
21 17 3
21 18 7
21 19 7
21 20 2
22 0 6
22 1 1
22 2 1
22 3 6
22 4 5
22 5 3
22 6 6
22 7 6
22 8 7
22 9 1
22 10 2
22 11 7
22 12 1
22 13 6
22 14 4
22 15 3
22 16 7
22 17 1
22 18 4
22 19 7
22 20 7
22 21 1
23 0 2
23 1 5
23 2 5
23 3 3
23 4 5
23 5 6
23 6 1
23 7 3
23 8 4
23 9 4
23 10 2
23 11 7
23 12 6
23 13 4
23 14 6
23 15 2
23 16 2
23 17 1
23 18 2
23 19 2
23 20 1
23 21 1
23 22 6
24 0 6
24 1 5
24 2 1
24 3 5
24 4 5
24 5 7
24 6 2
24 7 5
24 8 4
24 9 6
24 10 5
24 11 4
24 12 4
24 13 2
24 14 6
24 15 4
24 16 6
24 17 2
24 18 6
24 19 1
24 20 6
24 21 3
24 22 2
24 23 2
25 0 2
25 1 2
25 2 2
25 3 4
25 4 2
25 5 5
25 6 1
25 7 6
25 8 6
25 9 7
25 10 7
25 11 5
25 12 6
25 13 6
25 14 6
25 15 5
25 16 4
25 17 1
25 18 6
25 19 3
25 20 7
25 21 3
25 22 6
25 23 6
25 24 4
26 0 6
26 1 4
26 2 1
26 3 1
26 4 1
26 5 4
26 6 6
26 7 7
26 8 5
26 9 7
26 10 3
26 11 2
26 12 7
26 13 4
26 14 4
26 15 3
26 16 3
26 17 5
26 18 4
26 19 1
26 20 2
26 21 6
26 22 1
26 23 6
26 24 6
26 25 2
27 0 6
27 1 2
27 2 4
27 3 6
27 4 7
27 5 3
27 6 3
27 7 3
27 8 2
27 9 5
27 10 1
27 11 1
27 12 5
27 13 7
27 14 5
27 15 6
27 16 4
27 17 2
27 18 1
27 19 4
27 20 7
27 21 5
27 22 5
27 23 6
27 24 7
27 25 6
27 26 5
28 0 4
28 1 5
28 2 1
28 3 5
28 4 1
28 5 5
28 6 7
28 7 2
28 8 7
28 9 4
28 10 3
28 11 2
28 12 1
28 13 2
28 14 1
28 15 3
28 16 5
28 17 6
28 18 5
28 19 4
28 20 4
28 21 1
28 22 1
28 23 3
28 24 4
28 25 7
28 26 5
28 27 7
29 0 1
29 1 3
29 2 6
29 3 1
29 4 1
29 5 2
29 6 1
29 7 1
29 8 4
29 9 1
29 10 4
29 11 6
29 12 7
29 13 3
29 14 5
29 15 1
29 16 4
29 17 6
29 18 1
29 19 5
29 20 5
29 21 4
29 22 1
29 23 5
29 24 4
29 25 2
29 26 2
29 27 3
29 28 2
