20
2 1 2
3 0 1
3 1 1
4 1 2
4 3 2
5 1 2
5 3 1
5 4 1
6 3 3
7 0 1
7 3 2
7 5 3
8 2 1
8 7 1
9 0 2
9 4 3
10 1 3
10 2 2
10 4 1
10 5 3
10 6 3
10 7 2
10 9 3
11 1 3
11 4 1
11 6 2
11 8 1
12 1 1
12 2 1
12 5 2
12 7 3
12 8 3
12 9 3
13 1 1
13 3 3
13 7 1
13 9 3
13 10 1
13 11 1
13 12 1
14 1 2
14 3 2
14 4 2
14 7 1
14 9 3
14 10 1
14 11 2
14 12 2
14 13 2
15 0 2
15 4 1
15 5 3
15 8 3
15 10 2
15 12 1
16 0 2
16 1 1
16 3 2
16 5 1
16 6 3
16 8 3
16 10 1
16 11 2
16 13 1
16 15 3
17 2 3
17 8 3
17 10 2
17 15 2
17 16 2
18 2 3
18 4 2
18 6 1
18 7 3
18 11 3
18 16 2
18 17 3
19 3 3
19 4 2
19 5 2
19 7 2
19 8 2
19 10 3
19 11 1
19 12 2
19 16 1
