60
3 0 4
3 1 2
3 2 5
4 2 3
5 1 2
5 2 5
5 4 7
6 0 4
6 3 7
6 4 7
6 5 4
7 0 2
7 1 7
7 2 2
7 3 8
7 4 2
7 6 1
8 0 1
8 1 5
8 3 5
8 4 4
8 5 8
8 6 8
9 0 1
9 3 5
9 7 5
9 8 7
10 2 8
10 3 8
10 4 3
10 5 4
10 6 1
10 7 7
10 8 4
11 2 8
11 3 6
11 6 5
11 8 5
11 9 3
12 1 1
12 2 3
12 3 1
12 5 1
12 6 6
12 7 7
12 8 6
12 9 5
12 10 3
13 1 6
13 2 2
13 3 7
13 4 7
13 5 3
13 7 2
13 10 4
13 12 5
14 2 4
14 4 7
14 5 4
14 8 8
14 9 6
14 10 4
15 1 1
15 2 7
15 3 8
15 4 6
15 5 1
15 7 1
15 9 1
15 10 5
15 11 6
15 14 1
16 0 1
16 1 1
16 3 3
16 6 2
16 7 7
16 11 3
16 12 7
16 13 1
16 14 1
16 15 7
17 0 2
17 1 8
17 2 3
17 4 3
17 7 4
17 10 1
17 13 4
18 0 6
18 3 4
18 5 8
18 6 8
18 7 4
18 9 4
18 11 3
18 13 3
18 14 8
18 16 4
19 0 1
19 3 1
19 12 6
19 14 6
19 17 3
19 18 6
20 3 1
20 4 8
20 8 6
20 9 2
20 10 3
20 13 8
20 15 7
20 19 4
21 1 5
21 3 3
21 6 2
21 8 1
21 9 7
21 10 2
21 12 7
21 13 4
21 15 8
21 17 2
21 18 7
21 19 4
21 20 7
22 2 8
22 6 5
22 8 4
22 11 2
22 13 3
22 16 6
22 18 8
23 1 6
23 2 2
23 3 7
23 4 1
23 5 4
23 9 4
23 15 8
23 16 5
23 17 3
23 20 3
24 6 1
24 10 2
24 11 2
24 15 4
24 17 6
24 19 8
24 23 6
25 1 3
25 2 6
25 4 3
25 5 7
25 6 7
25 7 6
25 8 4
25 10 6
25 13 1
25 14 5
25 15 6
25 22 3
26 3 3
26 6 4
26 11 3
26 12 5
26 19 1
26 21 2
26 25 5
27 3 2
27 4 4
27 5 7
27 7 3
27 9 7
27 10 6
27 14 2
27 16 3
27 17 6
27 18 7
27 19 1
27 20 8
27 21 8
27 24 3
27 25 8
27 26 5
28 1 5
28 5 8
28 6 5
28 7 6
28 8 5
28 9 3
28 11 5
28 14 2
28 15 8
28 16 1
28 17 8
28 20 4
28 21 7
28 26 4
29 2 8
29 3 5
29 8 2
29 10 6
29 12 5
29 13 2
29 14 6
29 18 1
29 19 7
29 20 5
29 21 6
29 23 4
29 24 6
29 26 3
29 27 6
30 2 3
30 4 4
30 5 6
30 8 6
30 10 1
30 11 5
30 12 2
30 13 4
30 16 4
30 17 7
30 19 7
30 20 2
30 21 7
30 25 3
30 26 3
31 0 5
31 6 1
31 7 6
31 10 3
31 12 6
31 15 2
31 17 1
31 18 2
31 20 5
31 21 3
31 22 4
31 24 8
31 25 3
31 26 8
31 28 8
31 29 4
32 0 1
32 2 2
32 3 7
32 5 2
32 6 5
32 9 6
32 10 6
32 11 5
32 12 8
32 14 5
32 20 2
32 21 6
32 23 7
32 26 8
32 27 2
32 28 2
33 1 8
33 2 2
33 3 4
33 5 7
33 10 3
33 12 5
33 16 6
33 18 7
33 23 1
33 25 4
33 27 4
33 28 3
34 1 4
34 2 6
34 3 8
34 5 2
34 6 5
34 7 5
34 9 1
34 10 1
34 11 7
34 12 7
34 13 7
34 14 7
34 16 1
34 18 3
34 21 3
34 23 6
34 25 1
34 26 7
34 27 3
34 28 3
34 30 4
34 32 2
34 33 4
35 0 1
35 2 7
35 5 6
35 6 3
35 8 8
35 11 7
35 12 5
35 15 4
35 16 8
35 18 7
35 19 4
35 20 8
35 26 8
35 29 1
35 30 3
35 31 4
35 34 7
36 5 7
36 9 1
36 13 6
36 14 7
36 15 7
36 16 7
36 19 4
36 21 5
36 23 1
36 24 2
36 25 1
36 27 6
36 29 4
36 30 6
36 31 2
36 33 1
37 0 8
37 4 7
37 5 4
37 8 6
37 9 7
37 13 3
37 14 6
37 16 8
37 17 5
37 19 5
37 20 3
37 21 8
37 22 6
37 26 3
37 28 7
37 31 8
37 32 1
37 33 6
37 34 7
38 0 6
38 2 6
38 4 7
38 5 7
38 7 7
38 9 8
38 10 6
38 12 6
38 18 8
38 20 6
38 21 5
38 23 7
38 26 3
38 30 2
38 33 6
38 35 1
38 36 3
39 2 5
39 4 4
39 7 8
39 8 6
39 9 4
39 12 7
39 14 7
39 15 7
39 16 7
39 17 6
39 18 7
39 22 6
39 24 7
39 25 8
39 28 7
39 29 7
39 31 5
39 32 8
39 33 6
39 34 7
39 35 5
39 36 7
39 37 4
39 38 1
40 0 3
40 1 6
40 2 2
40 5 1
40 8 3
40 10 8
40 14 7
40 15 7
40 17 6
40 18 4
40 22 2
40 25 2
40 26 2
40 28 2
40 29 4
40 37 1
40 39 4
41 0 4
41 1 1
41 3 4
41 5 8
41 8 7
41 10 3
41 12 3
41 16 7
41 17 1
41 18 5
41 21 2
41 23 8
41 24 4
41 26 8
41 27 2
41 28 1
41 30 5
41 34 8
41 36 4
41 40 2
42 0 7
42 1 8
42 5 7
42 6 2
42 13 2
42 15 8
42 16 6
42 19 3
42 21 2
42 23 4
42 25 2
42 26 1
42 27 8
42 28 7
42 30 7
42 31 5
42 32 6
42 33 5
42 36 4
42 37 4
42 39 6
42 40 2
42 41 8
43 4 5
43 5 6
43 6 4
43 7 2
43 10 1
43 11 5
43 13 5
43 14 1
43 15 4
43 17 2
43 19 4
43 20 5
43 22 7
43 27 5
43 28 1
43 31 4
43 34 1
43 36 5
43 38 3
43 39 8
43 40 4
44 0 5
44 1 6
44 3 7
44 4 1
44 6 7
44 7 8
44 8 3
44 15 2
44 16 1
44 17 4
44 23 8
44 24 2
44 27 1
44 28 5
44 29 4
44 31 7
44 35 3
44 36 6
44 37 7
44 38 4
44 39 4
44 40 6
44 41 2
45 0 1
45 2 6
45 4 2
45 6 3
45 10 2
45 16 1
45 20 7
45 21 4
45 22 4
45 24 5
45 26 4
45 28 3
45 30 2
45 31 4
45 32 3
45 34 3
45 40 5
45 42 7
46 6 4
46 8 7
46 10 7
46 14 3
46 15 5
46 16 1
46 18 3
46 19 7
46 20 7
46 21 2
46 23 6
46 24 2
46 25 3
46 26 2
46 27 2
46 30 7
46 32 6
46 36 7
46 37 4
46 38 2
46 42 1
46 43 3
47 0 1
47 1 4
47 3 1
47 5 1
47 10 6
47 11 7
47 12 1
47 13 6
47 14 5
47 15 6
47 16 2
47 18 2
47 19 7
47 20 2
47 22 7
47 23 1
47 24 5
47 26 2
47 28 1
47 30 7
47 32 3
47 37 7
47 40 7
47 41 7
48 2 7
48 3 5
48 4 4
48 5 3
48 8 2
48 14 6
48 15 5
48 16 3
48 20 1
48 22 1
48 25 6
48 26 6
48 27 7
48 28 2
48 29 4
48 30 3
48 34 5
48 35 3
48 39 8
48 40 3
48 42 2
48 43 4
48 45 2
48 46 2
49 0 5
49 1 5
49 12 4
49 13 4
49 14 4
49 15 2
49 16 5
49 17 3
49 23 4
49 24 6
49 26 1
49 29 3
49 30 7
49 32 6
49 33 3
49 34 3
49 35 2
49 38 8
49 39 1
49 40 3
49 41 6
49 42 1
49 44 3
49 45 5
49 47 4
50 0 6
50 1 7
50 2 4
50 3 3
50 4 4
50 5 1
50 6 7
50 7 2
50 9 4
50 10 4
50 12 6
50 14 8
50 16 8
50 17 1
50 19 4
50 21 3
50 25 3
50 26 6
50 27 3
50 28 5
50 29 3
50 35 8
50 36 1
50 39 4
50 42 8
50 44 2
50 46 1
51 0 6
51 2 8
51 3 6
51 4 4
51 6 4
51 7 7
51 8 5
51 9 7
51 10 6
51 11 5
51 12 7
51 13 7
51 14 4
51 15 8
51 16 7
51 21 1
51 23 3
51 25 4
51 27 2
51 28 3
51 31 4
51 32 4
51 33 5
51 35 3
51 38 8
51 39 1
51 41 7
51 44 3
51 45 8
51 47 8
51 50 6
52 1 6
52 2 4
52 3 4
52 7 6
52 8 8
52 9 1
52 13 5
52 17 1
52 18 3
52 19 1
52 22 5
52 25 7
52 26 4
52 28 3
52 31 5
52 32 3
52 33 2
52 34 7
52 35 1
52 38 2
52 39 1
52 40 6
52 43 3
52 44 3
52 45 5
52 46 1
52 49 2
52 50 2
52 51 6
53 0 6
53 1 3
53 2 2
53 3 4
53 4 3
53 5 3
53 7 1
53 8 7
53 10 5
53 11 5
53 15 6
53 16 1
53 17 3
53 19 1
53 20 1
53 28 6
53 29 2
53 32 7
53 34 1
53 36 3
53 37 1
53 41 8
53 44 3
53 45 8
53 47 6
53 52 5
54 0 6
54 1 3
54 3 1
54 4 1
54 6 4
54 7 6
54 10 8
54 11 3
54 13 6
54 15 5
54 16 8
54 17 6
54 22 5
54 23 6
54 29 5
54 30 4
54 31 5
54 32 7
54 35 7
54 36 2
54 38 4
54 39 6
54 40 8
54 41 5
54 42 1
54 43 5
54 44 4
54 45 7
54 47 5
54 48 7
54 50 7
54 51 1
54 52 5
54 53 3
55 2 2
55 5 4
55 9 2
55 11 1
55 19 2
55 20 3
55 21 6
55 24 7
55 25 8
55 27 3
55 28 3
55 30 4
55 31 4
55 37 4
55 39 3
55 40 4
55 43 5
55 44 7
55 45 5
55 46 2
55 48 6
55 49 3
55 51 5
55 53 6
56 2 2
56 3 7
56 4 6
56 6 8
56 10 2
56 12 6
56 13 7
56 14 3
56 15 5
56 16 1
56 17 8
56 18 8
56 19 5
56 21 7
56 22 2
56 23 2
56 25 6
56 26 5
56 27 8
56 28 1
56 31 3
56 32 5
56 33 5
56 35 2
56 37 2
56 38 4
56 39 7
56 43 3
56 46 8
56 49 1
56 51 8
56 52 7
56 53 1
57 0 8
57 6 5
57 13 8
57 14 1
57 17 7
57 18 7
57 19 8
57 21 5
57 23 5
57 26 6
57 27 1
57 33 6
57 36 1
57 37 8
57 38 1
57 41 3
57 45 7
57 46 8
57 49 7
57 50 1
57 51 4
57 54 2
57 55 3
57 56 8
58 0 5
58 2 5
58 3 5
58 4 3
58 5 8
58 6 2
58 7 6
58 9 4
58 10 3
58 13 2
58 14 5
58 17 2
58 19 1
58 21 4
58 22 1
58 32 3
58 33 1
58 34 4
58 35 3
58 36 4
58 39 4
58 40 2
58 41 3
58 42 2
58 45 4
58 47 6
58 48 2
58 49 3
58 51 3
58 53 4
58 56 5
58 57 7
59 0 1
59 2 3
59 4 4
59 7 1
59 11 7
59 15 5
59 17 6
59 19 6
59 20 5
59 21 7
59 22 8
59 23 6
59 24 8
59 28 2
59 29 8
59 30 3
59 33 8
59 36 6
59 38 2
59 42 3
59 43 6
59 44 1
59 45 7
59 46 5
59 48 2
59 49 3
59 51 3
59 53 5
59 55 1
59 57 2
