15
1 0 1
2 0 11
2 1 11
3 0 14
3 1 2
3 2 10
4 0 10
4 1 13
4 2 4
4 3 5
5 0 10
5 1 1
5 2 13
5 3 12
5 4 6
6 0 5
6 1 8
6 2 3
6 3 5
6 4 14
6 5 11
7 0 11
7 1 11
7 2 13
7 3 10
7 4 6
7 5 13
7 6 5
8 0 4
8 1 1
8 2 9
8 3 13
8 4 7
8 5 11
8 6 5
8 7 1
9 0 12
9 1 4
9 2 9
9 3 10
9 4 14
9 5 10
9 6 2
9 7 11
9 8 1
10 0 13
10 1 7
10 2 6
10 3 5
10 4 8
10 5 6
10 6 3
10 7 10
10 8 9
10 9 11
11 0 12
11 1 9
11 2 3
11 3 12
11 4 14
11 5 9
11 6 9
11 7 7
11 8 8
11 9 14
11 10 5
12 0 8
12 1 1
12 2 9
12 3 7
12 4 1
12 5 2
12 6 3
12 7 6
12 8 2
12 9 7
12 10 7
12 11 11
13 0 3
13 1 9
13 2 10
13 3 2
13 4 10
13 5 2
13 6 1
13 7 4
13 8 10
13 9 11
13 10 4
13 11 6
13 12 13
14 0 13
14 1 4
14 2 5
14 3 14
14 4 6
14 5 2
14 6 6
14 7 4
14 8 14
14 9 3
14 10 12
14 11 10
14 12 6
14 13 12
