60
2 1 1
3 1 2
3 2 1
4 1 2
4 2 1
5 0 3
5 1 3
5 2 2
5 3 2
6 2 3
6 3 1
7 1 2
7 2 1
7 3 2
7 4 3
7 6 1
8 2 3
8 3 1
8 5 1
9 4 3
9 7 1
9 8 1
10 0 3
10 3 3
10 6 3
10 7 1
10 9 3
11 1 3
11 6 1
11 7 1
11 9 2
12 1 1
12 2 2
12 4 3
12 5 1
12 7 3
12 8 2
12 9 1
12 10 3
13 0 1
13 2 1
13 3 1
13 7 1
13 8 2
13 10 1
14 2 3
14 4 1
14 10 1
14 13 3
15 0 2
15 2 3
15 11 1
15 13 2
16 3 1
16 4 2
16 5 2
16 7 2
16 8 3
16 9 1
16 10 3
16 12 1
16 15 2
17 1 2
17 6 2
17 7 1
17 12 2
17 13 2
17 14 1
17 15 3
17 16 2
18 0 2
18 1 3
18 4 2
18 5 2
18 6 1
18 11 3
18 17 1
19 0 1
19 2 3
19 4 3
19 8 1
19 9 2
19 10 3
19 11 2
19 12 1
19 13 3
19 14 1
19 16 3
20 4 3
20 5 2
20 7 2
20 11 2
20 12 1
20 13 2
20 15 3
20 19 2
21 0 1
21 1 2
21 4 1
21 11 3
21 13 2
21 15 1
21 17 1
21 18 2
22 1 1
22 2 2
22 4 1
22 7 3
22 8 2
22 10 1
22 11 1
22 14 3
22 15 1
22 16 3
22 17 2
22 20 1
22 21 3
23 0 1
23 1 2
23 3 2
23 6 2
23 7 1
23 8 3
23 12 3
23 14 3
23 15 1
23 16 3
23 19 2
23 20 3
24 9 1
24 10 1
24 11 2
24 12 3
24 13 1
24 17 1
24 18 2
24 19 2
24 20 3
24 22 1
24 23 2
25 1 2
25 3 2
25 4 3
25 5 2
25 9 1
25 11 3
25 12 1
25 13 3
25 14 2
25 15 2
25 16 3
25 17 3
25 22 1
25 23 3
25 24 1
26 0 1
26 3 3
26 5 2
26 6 2
26 7 1
26 9 3
26 10 3
26 11 1
26 14 1
26 17 3
26 19 1
26 21 2
26 23 1
27 0 1
27 3 3
27 4 1
27 8 2
27 9 1
27 11 2
27 14 3
27 15 3
27 18 1
27 20 3
27 22 2
27 23 3
27 26 3
28 1 1
28 5 2
28 6 1
28 8 2
28 10 3
28 12 3
28 13 2
28 16 3
28 17 2
28 21 2
28 23 2
28 24 3
28 25 3
28 26 2
28 27 1
29 2 2
29 5 1
29 6 2
29 7 3
29 8 2
29 9 1
29 11 1
29 19 3
29 21 2
29 23 2
29 25 2
29 26 2
29 27 3
29 28 2
30 3 1
30 5 2
30 8 3
30 9 1
30 12 1
30 13 2
30 14 2
30 19 3
30 20 2
30 21 3
30 25 1
30 26 2
30 27 3
31 3 2
31 7 2
31 8 2
31 10 3
31 11 3
31 12 1
31 13 2
31 14 3
31 19 2
31 20 3
31 22 1
31 23 3
31 26 1
31 29 3
31 30 1
32 1 1
32 3 2
32 4 3
32 6 1
32 8 1
32 16 1
32 23 1
32 25 1
32 29 3
32 30 1
33 0 1
33 1 2
33 3 1
33 6 1
33 7 1
33 9 2
33 10 2
33 11 3
33 16 2
33 18 1
33 25 1
33 26 1
33 27 3
33 28 2
33 29 3
33 31 2
33 32 3
34 1 2
34 2 3
34 4 1
34 5 1
34 6 3
34 9 2
34 14 3
34 15 2
34 16 3
34 18 2
34 19 2
34 22 3
34 24 1
34 25 1
34 26 1
34 28 2
34 31 3
34 33 2
35 1 2
35 3 3
35 5 2
35 7 3
35 8 3
35 10 1
35 11 2
35 18 3
35 21 1
35 22 3
35 24 1
35 25 3
35 26 3
35 31 1
35 32 1
36 0 1
36 1 3
36 3 3
36 5 2
36 6 2
36 9 1
36 10 3
36 12 1
36 13 3
36 14 1
36 18 1
36 19 2
36 20 3
36 22 2
36 25 2
36 28 1
36 31 2
36 35 2
37 5 1
37 7 2
37 8 2
37 9 3
37 10 1
37 11 1
37 13 1
37 15 3
37 16 3
37 20 1
37 21 2
37 23 3
37 27 1
37 28 1
37 33 1
38 0 3
38 1 1
38 2 2
38 4 3
38 7 1
38 8 2
38 9 1
38 12 1
38 13 2
38 15 2
38 18 1
38 19 1
38 22 2
38 25 1
38 26 1
38 27 2
38 32 3
38 35 2
38 37 3
39 0 1
39 2 1
39 5 3
39 7 2
39 8 2
39 11 1
39 12 1
39 13 2
39 15 1
39 19 2
39 23 2
39 24 2
39 25 3
39 26 2
39 27 1
39 28 2
39 34 1
39 36 2
39 38 3
40 0 2
40 1 2
40 3 3
40 4 2
40 6 1
40 11 1
40 12 3
40 13 3
40 15 2
40 18 1
40 19 1
40 20 2
40 24 2
40 25 1
40 27 2
40 28 1
40 32 3
40 33 3
40 35 1
40 36 3
40 37 3
41 1 1
41 2 2
41 3 2
41 6 1
41 8 3
41 10 3
41 13 3
41 14 3
41 15 1
41 16 1
41 20 3
41 21 3
41 22 1
41 23 1
41 24 1
41 25 1
41 26 1
41 27 3
41 29 3
41 30 1
41 31 1
41 32 1
41 33 2
41 34 2
41 38 2
41 39 1
41 40 2
42 3 2
42 4 1
42 5 2
42 8 2
42 9 3
42 10 1
42 11 3
42 13 3
42 15 3
42 16 2
42 18 3
42 22 1
42 23 2
42 25 3
42 26 3
42 29 3
42 32 3
42 33 1
42 34 3
42 36 2
42 38 1
42 39 2
42 41 3
43 1 3
43 4 2
43 8 3
43 13 2
43 14 1
43 19 1
43 21 3
43 25 2
43 26 1
43 30 1
43 31 1
43 32 3
43 35 3
43 37 1
43 39 2
43 41 2
44 0 3
44 8 3
44 10 3
44 11 3
44 12 3
44 16 3
44 18 3
44 21 1
44 23 2
44 25 3
44 26 3
44 29 3
44 30 1
44 31 1
44 33 1
44 34 1
44 37 3
44 39 2
44 40 2
44 41 3
45 1 1
45 4 2
45 5 2
45 6 3
45 8 3
45 9 3
45 15 2
45 19 1
45 20 2
45 24 2
45 30 1
45 31 3
45 36 1
45 37 1
45 41 3
46 0 3
46 1 3
46 2 2
46 3 2
46 6 1
46 12 2
46 13 1
46 14 3
46 15 1
46 16 3
46 18 2
46 19 3
46 21 1
46 22 1
46 26 3
46 27 2
46 30 1
46 31 2
46 32 2
46 38 3
46 41 1
46 42 3
46 44 1
46 45 3
47 4 2
47 6 2
47 8 3
47 9 1
47 10 1
47 12 3
47 14 2
47 19 1
47 20 1
47 25 2
47 27 3
47 30 3
47 31 3
47 32 2
47 36 3
47 39 2
47 43 2
47 44 1
48 4 2
48 6 1
48 7 2
48 9 1
48 12 3
48 13 2
48 14 1
48 17 3
48 18 3
48 22 3
48 24 2
48 25 1
48 26 3
48 27 1
48 28 3
48 31 2
48 34 3
48 35 2
48 37 3
48 40 2
48 41 3
48 44 3
48 46 3
49 0 1
49 2 3
49 3 3
49 5 3
49 6 1
49 7 1
49 9 3
49 13 1
49 14 2
49 15 3
49 18 3
49 19 3
49 22 1
49 23 3
49 24 1
49 31 1
49 32 2
49 33 3
49 34 2
49 35 3
49 37 1
49 39 1
49 41 3
49 42 1
49 44 2
49 46 1
49 47 2
50 0 2
50 3 3
50 9 2
50 25 1
50 26 1
50 27 1
50 28 2
50 31 2
50 32 3
50 39 1
50 40 3
50 41 2
50 42 3
50 48 1
51 1 3
51 3 2
51 7 1
51 8 2
51 12 1
51 13 3
51 15 1
51 16 1
51 17 2
51 18 3
51 20 1
51 25 3
51 26 3
51 28 2
51 30 1
51 31 2
51 32 2
51 34 2
51 36 2
51 37 1
51 39 2
51 41 3
51 46 1
51 48 1
52 4 1
52 5 2
52 6 1
52 7 1
52 8 3
52 10 2
52 12 1
52 15 3
52 16 2
52 18 1
52 19 1
52 27 3
52 31 3
52 33 2
52 36 3
52 37 1
52 41 3
52 43 1
52 45 3
52 46 1
52 48 3
53 1 2
53 2 1
53 4 2
53 5 3
53 7 3
53 10 1
53 12 1
53 13 3
53 14 1
53 15 3
53 16 3
53 17 1
53 19 2
53 20 3
53 21 3
53 25 3
53 26 3
53 27 2
53 28 3
53 29 3
53 32 2
53 33 1
53 34 1
53 40 1
53 42 1
53 49 2
53 50 3
54 1 2
54 2 1
54 3 3
54 4 2
54 5 2
54 9 2
54 12 3
54 14 3
54 16 1
54 18 2
54 26 3
54 27 3
54 28 2
54 29 2
54 33 3
54 37 2
54 39 2
54 43 3
54 44 3
54 45 2
54 46 2
54 48 3
54 50 2
55 1 1
55 2 1
55 4 3
55 5 2
55 7 1
55 9 1
55 10 2
55 12 2
55 13 3
55 14 2
55 15 3
55 16 1
55 20 2
55 21 3
55 22 1
55 31 3
55 35 2
55 38 1
55 39 1
55 41 2
55 43 3
55 48 3
55 51 2
55 52 1
55 53 2
55 54 3
56 0 3
56 2 2
56 3 2
56 6 1
56 8 1
56 15 2
56 16 2
56 19 1
56 20 2
56 21 1
56 22 2
56 25 2
56 26 2
56 27 1
56 28 1
56 32 1
56 33 1
56 35 1
56 41 1
56 42 3
56 43 1
56 44 3
56 46 1
56 47 2
56 48 3
56 49 3
56 52 1
57 0 2
57 1 2
57 2 2
57 4 2
57 8 1
57 11 1
57 12 2
57 14 2
57 16 3
57 17 1
57 18 2
57 19 1
57 20 2
57 21 3
57 23 1
57 25 3
57 27 1
57 28 2
57 31 3
57 33 1
57 39 1
57 40 2
57 43 1
57 44 3
57 46 3
57 47 3
57 49 3
57 50 1
57 54 3
57 55 2
58 1 1
58 2 2
58 3 3
58 4 1
58 5 3
58 6 3
58 7 3
58 9 1
58 10 2
58 11 3
58 12 2
58 15 3
58 17 2
58 21 1
58 22 2
58 23 3
58 24 3
58 25 2
58 27 2
58 30 2
58 32 2
58 34 3
58 37 3
58 38 1
58 39 1
58 40 1
58 41 2
58 42 1
58 43 2
58 46 1
58 47 2
58 50 3
58 51 2
59 0 3
59 2 1
59 4 2
59 5 2
59 7 2
59 8 3
59 12 1
59 13 2
59 14 3
59 15 2
59 16 2
59 20 3
59 25 1
59 26 2
59 27 3
59 29 3
59 31 1
59 34 3
59 35 2
59 36 1
59 37 2
59 38 1
59 42 3
59 43 1
59 48 1
59 50 1
59 51 3
59 52 3
59 53 1
59 54 2
59 55 2
59 58 3
