30
1 0 8
2 0 8
2 1 5
3 0 8
3 1 11
3 2 3
4 0 9
4 1 7
4 2 9
4 3 9
5 0 2
5 1 6
5 2 3
5 3 10
5 4 14
6 0 10
6 1 12
6 2 10
6 3 2
6 4 1
6 5 3
7 0 14
7 1 7
7 2 4
7 3 9
7 4 3
7 5 10
7 6 7
8 0 1
8 1 14
8 2 9
8 3 2
8 4 5
8 5 5
8 6 10
8 7 4
9 0 2
9 1 3
9 2 5
9 3 3
9 4 7
9 5 12
9 6 13
9 7 8
9 8 6
10 0 12
10 1 2
10 2 13
10 3 9
10 4 11
10 5 5
10 6 11
10 7 6
10 8 10
10 9 2
11 0 5
11 1 9
11 2 1
11 3 5
11 4 5
11 5 5
11 6 6
11 7 14
11 8 11
11 9 7
11 10 1
12 0 8
12 1 6
12 2 10
12 3 8
12 4 1
12 5 13
12 6 2
12 7 2
12 8 1
12 9 4
12 10 13
12 11 5
13 0 3
13 1 1
13 2 5
13 3 11
13 4 2
13 5 8
13 6 5
13 7 3
13 8 11
13 9 3
13 10 11
13 11 6
13 12 1
14 0 14
14 1 2
14 2 10
14 3 10
14 4 11
14 5 4
14 6 2
14 7 12
14 8 14
14 9 12
14 10 6
14 11 5
14 12 13
14 13 12
15 0 4
15 1 11
15 2 1
15 3 6
15 4 8
15 5 5
15 6 6
15 7 4
15 8 4
15 9 9
15 10 8
15 11 5
15 12 9
15 13 10
15 14 5
16 0 10
16 1 11
16 2 12
16 3 7
16 4 4
16 5 11
16 6 9
16 7 1
16 8 12
16 9 10
16 10 13
16 11 3
16 12 2
16 13 13
16 14 6
16 15 9
17 0 2
17 1 13
17 2 13
17 3 2
17 4 3
17 5 14
17 6 5
17 7 8
17 8 5
17 9 2
17 10 2
17 11 12
17 12 2
17 13 13
17 14 9
17 15 6
17 16 8
18 0 13
18 1 4
18 2 9
18 3 11
18 4 10
18 5 14
18 6 9
18 7 4
18 8 10
18 9 10
18 10 1
18 11 10
18 12 5
18 13 14
18 14 5
18 15 8
18 16 1
18 17 9
19 0 5
19 1 1
19 2 12
19 3 7
19 4 14
19 5 4
19 6 12
19 7 5
19 8 12
19 9 8
19 10 7
19 11 8
19 12 1
19 13 11
19 14 9
19 15 12
19 16 13
19 17 3
19 18 7
20 0 5
20 1 8
20 2 12
20 3 4
20 4 12
20 5 5
20 6 2
20 7 4
20 8 12
20 9 11
20 10 14
20 11 13
20 12 13
20 13 6
20 14 9
20 15 12
20 16 12
20 17 8
20 18 10
20 19 6
21 0 7
21 1 2
21 2 1
21 3 14
21 4 5
21 5 6
21 6 8
21 7 8
21 8 13
21 9 10
21 10 9
21 11 5
21 12 11
21 13 5
21 14 1
21 15 11
21 16 14
21 17 11
21 18 13
21 19 14
21 20 5
22 0 9
22 1 12
22 2 7
22 3 2
22 4 14
22 5 5
22 6 6
22 7 2
22 8 5
22 9 9
22 10 12
22 11 9
22 12 4
22 13 6
22 14 14
22 15 7
22 16 10
22 17 13
22 18 8
22 19 2
22 20 8
22 21 1
23 0 13
23 1 2
23 2 14
23 3 2
23 4 13
23 5 8
23 6 4
23 7 6
23 8 3
23 9 6
23 10 10
23 11 2
23 12 1
23 13 2
23 14 13
23 15 1
23 16 3
23 17 7
23 18 3
23 19 14
23 20 12
23 21 7
23 22 14
24 0 7
24 1 4
24 2 8
24 3 2
24 4 12
24 5 8
24 6 2
24 7 3
24 8 1
24 9 5
24 10 1
24 11 14
24 12 7
24 13 1
24 14 6
24 15 13
24 16 14
24 17 10
24 18 11
24 19 11
24 20 8
24 21 4
24 22 6
24 23 7
25 0 6
25 1 9
25 2 11
25 3 7
25 4 8
25 5 9
25 6 14
25 7 5
25 8 11
25 9 2
25 10 1
25 11 5
25 12 4
25 13 4
25 14 4
25 15 12
25 16 10
25 17 6
25 18 4
25 19 11
25 20 10
25 21 2
25 22 9
25 23 6
25 24 5
26 0 13
26 1 13
26 2 3
26 3 13
26 4 3
26 5 1
26 6 5
26 7 11
26 8 10
26 9 9
26 10 8
26 11 5
26 12 5
26 13 1
26 14 1
26 15 13
26 16 6
26 17 13
26 18 4
26 19 8
26 20 6
26 21 4
26 22 3
26 23 12
26 24 12
26 25 9
27 0 9
27 1 14
27 2 1
27 3 11
27 4 12
27 5 8
27 6 12
27 7 12
27 8 8
27 9 13
27 10 9
27 11 5
27 12 10
27 13 12
27 14 10
27 15 11
27 16 12
27 17 6
27 18 11
27 19 3
27 20 5
27 21 10
27 22 8
27 23 4
27 24 6
27 25 5
27 26 1
28 0 13
28 1 9
28 2 2
28 3 5
28 4 4
28 5 1
28 6 13
28 7 11
28 8 1
28 9 4
28 10 2
28 11 5
28 12 4
28 13 4
28 14 11
28 15 3
28 16 4
28 17 10
28 18 4
28 19 6
28 20 1
28 21 12
28 22 7
28 23 4
28 24 2
28 25 5
28 26 8
28 27 14
29 0 2
29 1 14
29 2 2
29 3 9
29 4 5
29 5 8
29 6 6
29 7 11
29 8 13
29 9 10
29 10 2
29 11 3
29 12 10
29 13 6
29 14 7
29 15 14
29 16 10
29 17 7
29 18 12
29 19 6
29 20 6
29 21 6
29 22 5
29 23 7
29 24 10
29 25 6
29 26 8
29 27 12
29 28 6
