60
1 0 1
2 0 1
3 0 1
3 1 1
3 2 1
4 0 1
4 3 1
5 0 1
5 2 1
5 4 1
6 0 1
6 5 1
7 3 1
7 5 1
7 6 1
8 2 1
8 7 1
9 0 1
10 0 1
10 2 1
10 4 1
10 6 1
10 7 1
10 8 1
11 0 1
11 1 1
11 5 1
11 6 1
11 8 1
11 10 1
12 1 1
12 2 1
12 3 1
12 5 1
12 6 1
12 7 1
12 8 1
12 9 1
12 11 1
13 0 1
13 1 1
13 3 1
13 5 1
13 6 1
13 9 1
14 3 1
14 4 1
14 5 1
14 6 1
14 8 1
14 9 1
14 10 1
14 13 1
15 0 1
15 1 1
15 3 1
15 7 1
15 10 1
15 11 1
15 13 1
15 14 1
16 0 1
16 1 1
16 2 1
16 4 1
16 5 1
16 6 1
16 8 1
16 9 1
16 10 1
16 11 1
16 13 1
16 14 1
17 0 1
17 2 1
17 5 1
17 9 1
17 13 1
18 3 1
18 4 1
18 5 1
18 8 1
18 11 1
18 12 1
18 14 1
18 15 1
18 16 1
18 17 1
19 0 1
19 2 1
19 5 1
19 6 1
19 7 1
19 8 1
19 10 1
19 13 1
19 14 1
19 15 1
19 17 1
19 18 1
20 2 1
20 5 1
20 6 1
20 8 1
20 9 1
20 11 1
20 12 1
20 14 1
20 15 1
20 16 1
21 2 1
21 3 1
21 5 1
21 6 1
21 11 1
21 15 1
21 17 1
21 18 1
22 0 1
22 1 1
22 2 1
22 3 1
22 6 1
22 8 1
22 9 1
22 10 1
22 11 1
22 18 1
22 19 1
23 3 1
23 4 1
23 6 1
23 7 1
23 13 1
23 14 1
23 16 1
23 17 1
23 18 1
24 0 1
24 1 1
24 3 1
24 6 1
24 8 1
24 10 1
24 12 1
24 13 1
24 19 1
24 20 1
25 0 1
25 2 1
25 4 1
25 10 1
25 11 1
25 15 1
25 16 1
25 18 1
25 22 1
26 1 1
26 2 1
26 3 1
26 4 1
26 5 1
26 13 1
26 14 1
26 15 1
26 19 1
26 21 1
26 23 1
27 0 1
27 1 1
27 2 1
27 3 1
27 9 1
27 10 1
27 11 1
27 12 1
27 13 1
27 16 1
27 18 1
27 21 1
27 22 1
27 24 1
27 25 1
28 0 1
28 2 1
28 4 1
28 7 1
28 8 1
28 13 1
28 16 1
28 18 1
28 23 1
28 26 1
29 2 1
29 3 1
29 4 1
29 6 1
29 7 1
29 9 1
29 14 1
29 16 1
29 20 1
29 21 1
29 23 1
29 24 1
29 25 1
29 26 1
29 28 1
30 0 1
30 2 1
30 3 1
30 6 1
30 7 1
30 8 1
30 9 1
30 10 1
30 12 1
30 14 1
30 17 1
30 18 1
30 19 1
30 21 1
30 23 1
30 25 1
30 27 1
31 1 1
31 3 1
31 6 1
31 8 1
31 9 1
31 10 1
31 11 1
31 13 1
31 16 1
31 19 1
31 26 1
31 28 1
32 0 1
32 5 1
32 6 1
32 8 1
32 12 1
32 14 1
32 15 1
32 16 1
32 19 1
32 20 1
32 21 1
32 23 1
32 27 1
33 2 1
33 3 1
33 6 1
33 7 1
33 8 1
33 9 1
33 10 1
33 13 1
33 14 1
33 15 1
33 16 1
33 19 1
33 21 1
33 22 1
33 24 1
33 28 1
33 29 1
33 30 1
34 0 1
34 1 1
34 2 1
34 3 1
34 4 1
34 6 1
34 7 1
34 8 1
34 9 1
34 10 1
34 12 1
34 16 1
34 19 1
34 20 1
34 21 1
34 25 1
34 26 1
34 30 1
34 33 1
35 0 1
35 1 1
35 4 1
35 6 1
35 10 1
35 11 1
35 12 1
35 13 1
35 15 1
35 17 1
35 18 1
35 20 1
35 21 1
35 23 1
35 25 1
35 27 1
35 28 1
35 29 1
35 30 1
35 33 1
35 34 1
36 1 1
36 4 1
36 6 1
36 7 1
36 10 1
36 14 1
36 15 1
36 19 1
36 20 1
36 21 1
36 24 1
36 28 1
36 31 1
37 1 1
37 3 1
37 4 1
37 5 1
37 9 1
37 11 1
37 13 1
37 14 1
37 15 1
37 19 1
37 20 1
37 21 1
37 24 1
37 29 1
37 30 1
37 31 1
37 33 1
37 35 1
38 0 1
38 2 1
38 4 1
38 5 1
38 6 1
38 8 1
38 9 1
38 13 1
38 14 1
38 16 1
38 18 1
38 20 1
38 21 1
38 22 1
38 26 1
38 27 1
38 29 1
38 31 1
38 35 1
38 36 1
39 1 1
39 3 1
39 4 1
39 11 1
39 14 1
39 15 1
39 17 1
39 19 1
39 20 1
39 22 1
39 23 1
39 24 1
39 25 1
39 29 1
39 30 1
39 32 1
39 33 1
39 34 1
40 1 1
40 3 1
40 5 1
40 6 1
40 7 1
40 9 1
40 12 1
40 17 1
40 18 1
40 20 1
40 23 1
40 24 1
40 25 1
40 28 1
40 30 1
40 32 1
40 33 1
40 34 1
40 35 1
41 0 1
41 2 1
41 3 1
41 5 1
41 7 1
41 9 1
41 10 1
41 11 1
41 13 1
41 14 1
41 15 1
41 19 1
41 22 1
41 23 1
41 29 1
41 30 1
41 33 1
41 34 1
41 35 1
41 39 1
41 40 1
42 1 1
42 2 1
42 5 1
42 6 1
42 7 1
42 10 1
42 11 1
42 12 1
42 15 1
42 18 1
42 19 1
42 20 1
42 22 1
42 23 1
42 25 1
42 26 1
42 28 1
42 29 1
42 30 1
42 31 1
42 32 1
42 39 1
42 41 1
43 0 1
43 1 1
43 3 1
43 4 1
43 7 1
43 10 1
43 11 1
43 13 1
43 15 1
43 16 1
43 21 1
43 26 1
43 27 1
43 29 1
43 34 1
43 39 1
43 41 1
43 42 1
44 1 1
44 3 1
44 4 1
44 7 1
44 8 1
44 9 1
44 11 1
44 13 1
44 17 1
44 18 1
44 21 1
44 24 1
44 25 1
44 26 1
44 27 1
44 30 1
44 32 1
44 33 1
44 34 1
44 35 1
44 43 1
45 1 1
45 2 1
45 3 1
45 4 1
45 6 1
45 7 1
45 8 1
45 11 1
45 12 1
45 13 1
45 18 1
45 20 1
45 21 1
45 25 1
45 28 1
45 31 1
45 32 1
45 34 1
45 36 1
45 37 1
45 39 1
45 40 1
46 1 1
46 3 1
46 6 1
46 7 1
46 9 1
46 14 1
46 15 1
46 16 1
46 18 1
46 20 1
46 21 1
46 24 1
46 25 1
46 26 1
46 27 1
46 28 1
46 31 1
46 32 1
46 33 1
46 35 1
46 36 1
46 40 1
46 41 1
47 0 1
47 1 1
47 2 1
47 4 1
47 6 1
47 7 1
47 10 1
47 11 1
47 13 1
47 15 1
47 16 1
47 17 1
47 19 1
47 20 1
47 21 1
47 27 1
47 28 1
47 29 1
47 36 1
47 38 1
47 39 1
47 42 1
47 43 1
47 44 1
47 45 1
48 1 1
48 3 1
48 5 1
48 6 1
48 7 1
48 12 1
48 14 1
48 15 1
48 16 1
48 19 1
48 20 1
48 22 1
48 23 1
48 24 1
48 26 1
48 31 1
48 33 1
48 34 1
48 36 1
48 37 1
48 40 1
48 41 1
48 46 1
49 0 1
49 2 1
49 3 1
49 4 1
49 5 1
49 8 1
49 10 1
49 11 1
49 12 1
49 14 1
49 16 1
49 19 1
49 25 1
49 27 1
49 29 1
49 31 1
49 32 1
49 33 1
49 37 1
49 38 1
49 39 1
49 44 1
49 47 1
50 4 1
50 5 1
50 7 1
50 11 1
50 12 1
50 13 1
50 14 1
50 16 1
50 17 1
50 21 1
50 24 1
50 27 1
50 31 1
50 36 1
50 37 1
50 40 1
50 41 1
50 43 1
51 1 1
51 2 1
51 3 1
51 5 1
51 6 1
51 10 1
51 14 1
51 15 1
51 16 1
51 22 1
51 24 1
51 26 1
51 28 1
51 31 1
51 32 1
51 34 1
51 35 1
51 36 1
51 38 1
51 39 1
51 40 1
51 43 1
51 44 1
51 45 1
51 47 1
51 48 1
51 49 1
52 0 1
52 3 1
52 5 1
52 6 1
52 7 1
52 8 1
52 9 1
52 11 1
52 12 1
52 13 1
52 14 1
52 15 1
52 16 1
52 17 1
52 18 1
52 19 1
52 20 1
52 21 1
52 23 1
52 25 1
52 27 1
52 30 1
52 33 1
52 34 1
52 36 1
52 40 1
52 41 1
52 42 1
52 44 1
52 49 1
52 51 1
53 1 1
53 4 1
53 5 1
53 12 1
53 13 1
53 20 1
53 24 1
53 28 1
53 29 1
53 30 1
53 32 1
53 33 1
53 35 1
53 37 1
53 41 1
53 43 1
53 47 1
53 49 1
53 50 1
54 3 1
54 4 1
54 5 1
54 6 1
54 7 1
54 8 1
54 9 1
54 11 1
54 14 1
54 17 1
54 18 1
54 19 1
54 20 1
54 21 1
54 24 1
54 26 1
54 28 1
54 29 1
54 31 1
54 32 1
54 33 1
54 34 1
54 36 1
54 37 1
54 38 1
54 39 1
54 40 1
54 41 1
54 43 1
54 45 1
54 46 1
54 48 1
54 49 1
55 0 1
55 3 1
55 4 1
55 5 1
55 6 1
55 7 1
55 8 1
55 10 1
55 12 1
55 14 1
55 18 1
55 20 1
55 21 1
55 27 1
55 29 1
55 31 1
55 33 1
55 35 1
55 37 1
55 38 1
55 39 1
55 43 1
55 44 1
55 46 1
55 47 1
55 49 1
55 50 1
55 52 1
56 2 1
56 3 1
56 4 1
56 7 1
56 9 1
56 10 1
56 11 1
56 13 1
56 16 1
56 17 1
56 18 1
56 19 1
56 21 1
56 24 1
56 25 1
56 27 1
56 29 1
56 30 1
56 35 1
56 36 1
56 40 1
56 42 1
56 43 1
56 48 1
56 49 1
56 50 1
56 52 1
56 54 1
56 55 1
57 0 1
57 2 1
57 3 1
57 5 1
57 7 1
57 9 1
57 12 1
57 13 1
57 14 1
57 15 1
57 16 1
57 20 1
57 23 1
57 26 1
57 31 1
57 33 1
57 34 1
57 35 1
57 36 1
57 37 1
57 38 1
57 39 1
57 40 1
57 41 1
57 45 1
57 46 1
57 47 1
57 49 1
57 50 1
57 53 1
58 1 1
58 3 1
58 4 1
58 5 1
58 6 1
58 7 1
58 8 1
58 10 1
58 12 1
58 20 1
58 22 1
58 24 1
58 26 1
58 27 1
58 29 1
58 30 1
58 34 1
58 35 1
58 36 1
58 37 1
58 39 1
58 40 1
58 43 1
58 44 1
58 46 1
58 48 1
58 50 1
58 51 1
58 53 1
58 54 1
59 0 1
59 2 1
59 7 1
59 9 1
59 10 1
59 11 1
59 12 1
59 17 1
59 22 1
59 27 1
59 28 1
59 29 1
59 30 1
59 31 1
59 32 1
59 34 1
59 39 1
59 40 1
59 43 1
59 45 1
59 47 1
59 48 1
59 49 1
59 52 1
59 53 1
59 55 1
59 56 1
59 57 1
59 58 1
