20
1 0 1
2 0 5
2 1 1
3 0 8
3 1 8
3 2 7
4 0 3
4 1 1
4 2 9
4 3 3
5 0 3
5 1 2
5 2 9
5 3 8
5 4 2
6 0 3
6 1 5
6 2 9
6 3 1
6 4 4
6 5 8
7 0 3
7 1 3
7 2 1
7 3 3
7 4 6
7 5 4
7 6 7
8 0 3
8 1 4
8 2 6
8 3 1
8 4 8
8 5 6
8 6 6
8 7 4
9 0 5
9 1 5
9 2 3
9 3 7
9 4 8
9 5 9
9 6 3
9 7 9
9 8 9
10 0 6
10 1 9
10 2 5
10 3 2
10 4 4
10 5 6
10 6 4
10 7 7
10 8 3
10 9 4
11 0 7
11 1 7
11 2 4
11 3 8
11 4 5
11 5 7
11 6 9
11 7 6
11 8 9
11 9 9
11 10 8
12 0 6
12 1 3
12 2 5
12 3 4
12 4 6
12 5 1
12 6 8
12 7 3
12 8 8
12 9 7
12 10 2
12 11 5
13 0 6
13 1 9
13 2 8
13 3 5
13 4 8
13 5 6
13 6 1
13 7 3
13 8 3
13 9 1
13 10 8
13 11 9
13 12 7
14 0 5
14 1 6
14 2 2
14 3 4
14 4 4
14 5 8
14 6 4
14 7 3
14 8 6
14 9 2
14 10 5
14 11 9
14 12 1
14 13 4
15 0 2
15 1 3
15 2 1
15 3 3
15 4 8
15 5 6
15 6 5
15 7 3
15 8 8
15 9 4
15 10 7
15 11 7
15 12 2
15 13 9
15 14 1
16 0 7
16 1 8
16 2 7
16 3 9
16 4 1
16 5 3
16 6 3
16 7 1
16 8 7
16 9 2
16 10 5
16 11 8
16 12 8
16 13 8
16 14 2
16 15 7
17 0 8
17 1 5
17 2 5
17 3 9
17 4 5
17 5 4
17 6 9
17 7 8
17 8 6
17 9 4
17 10 9
17 11 9
17 12 6
17 13 6
17 14 6
17 15 3
17 16 9
18 0 5
18 1 9
18 2 2
18 3 2
18 4 7
18 5 9
18 6 4
18 7 1
18 8 6
18 9 4
18 10 4
18 11 5
18 12 3
18 13 9
18 14 7
18 15 3
18 16 6
18 17 1
19 0 6
19 1 9
19 2 3
19 3 3
19 4 7
19 5 8
19 6 3
19 7 8
19 8 3
19 9 5
19 10 1
19 11 9
19 12 5
19 13 8
19 14 8
19 15 9
19 16 1
19 17 9
19 18 2
