30
1 0 4
2 0 1
3 0 2
3 2 5
4 2 4
4 3 6
5 1 5
5 3 1
6 0 6
6 2 5
6 3 1
6 4 4
7 2 3
7 4 4
8 1 2
8 2 1
8 6 3
9 0 1
9 2 3
9 3 1
9 5 1
9 6 3
9 7 1
10 0 3
10 2 5
10 4 1
10 5 6
10 6 3
10 8 6
11 0 3
11 1 5
11 2 5
11 7 4
11 9 4
11 10 5
12 0 1
12 2 2
12 3 3
12 4 1
12 8 6
12 9 4
12 11 4
13 0 6
13 1 4
13 3 4
13 6 1
13 7 3
13 9 2
13 10 1
14 3 4
14 5 1
14 7 4
14 8 2
14 10 3
14 11 2
14 12 2
14 13 6
15 0 2
15 1 6
15 3 6
15 6 4
15 11 3
15 12 4
15 13 5
15 14 1
16 0 6
16 1 4
16 2 3
16 3 1
16 4 4
16 5 2
16 6 6
16 8 6
16 11 4
16 13 5
16 15 4
17 1 6
17 6 4
17 7 3
17 8 4
17 10 5
17 11 4
17 12 4
17 13 4
17 15 3
18 0 4
18 2 2
18 4 1
18 6 2
18 8 3
18 9 3
18 11 4
18 12 5
18 13 4
18 15 2
18 17 6
19 2 3
19 5 2
19 6 6
19 8 6
19 16 2
19 18 1
20 2 1
20 5 6
20 7 2
20 8 1
20 10 2
20 11 4
20 13 3
20 16 5
20 18 2
21 2 4
21 4 3
21 5 1
21 7 4
21 12 3
21 13 2
21 15 5
21 17 3
21 19 3
21 20 5
22 2 2
22 4 3
22 5 4
22 7 4
22 13 1
22 14 3
22 20 2
23 0 6
23 2 4
23 6 4
23 7 6
23 9 4
23 10 1
23 11 6
23 12 5
23 14 2
23 15 2
23 16 4
23 19 6
23 20 4
23 21 2
23 22 3
24 1 4
24 2 6
24 6 3
24 8 5
24 10 3
24 14 3
24 20 5
24 21 6
24 22 2
24 23 6
25 6 2
25 8 3
25 9 3
25 11 6
25 13 2
25 14 3
25 17 5
25 18 3
25 21 1
25 22 3
25 23 2
25 24 4
26 0 6
26 2 3
26 3 3
26 5 2
26 7 2
26 10 2
26 11 5
26 13 4
26 16 5
26 17 4
26 18 1
26 21 4
26 24 1
27 0 3
27 4 4
27 7 2
27 10 2
27 11 1
27 12 2
27 13 5
27 15 4
27 18 5
27 19 5
27 22 5
27 23 1
27 26 1
28 2 4
28 3 1
28 5 6
28 9 4
28 12 4
28 13 5
28 17 1
28 19 1
28 20 3
28 21 2
28 24 6
28 25 3
29 2 4
29 3 5
29 8 3
29 12 3
29 14 3
29 15 5
29 20 6
29 22 3
29 27 3
