40
1 0 1
2 0 2
2 1 1
3 0 3
3 1 3
3 2 2
4 0 1
4 1 3
4 2 1
4 3 2
5 0 2
5 1 3
5 2 1
5 3 1
5 4 1
6 0 3
6 1 2
6 2 3
6 3 3
6 4 2
6 5 2
7 0 1
7 1 1
7 2 1
7 3 2
7 4 2
7 5 1
7 6 3
8 0 2
8 1 2
8 2 2
8 3 2
8 4 1
8 5 1
8 6 2
8 7 3
9 0 3
9 1 1
9 2 1
9 3 2
9 4 2
9 5 2
9 6 2
9 7 1
9 8 3
10 0 3
10 1 2
10 2 3
10 3 1
10 4 3
10 5 1
10 6 3
10 7 3
10 8 1
10 9 3
11 0 2
11 1 1
11 2 2
11 3 1
11 4 2
11 5 2
11 6 1
11 7 2
11 8 2
11 9 1
11 10 1
12 0 2
12 1 2
12 2 2
12 3 1
12 4 1
12 5 3
12 6 2
12 7 2
12 8 1
12 9 3
12 10 1
12 11 1
13 0 1
13 1 1
13 2 3
13 3 1
13 4 3
13 5 2
13 6 3
13 7 3
13 8 1
13 9 3
13 10 2
13 11 1
13 12 2
14 0 1
14 1 3
14 2 1
14 3 1
14 4 3
14 5 3
14 6 3
14 7 2
14 8 3
14 9 1
14 10 2
14 11 2
14 12 3
14 13 3
15 0 3
15 1 3
15 2 2
15 3 3
15 4 1
15 5 3
15 6 1
15 7 1
15 8 2
15 9 3
15 10 1
15 11 3
15 12 1
15 13 1
15 14 3
16 0 1
16 1 1
16 2 2
16 3 3
16 4 1
16 5 3
16 6 1
16 7 2
16 8 3
16 9 3
16 10 3
16 11 3
16 12 1
16 13 2
16 14 2
16 15 2
17 0 2
17 1 3
17 2 3
17 3 2
17 4 2
17 5 3
17 6 3
17 7 3
17 8 3
17 9 1
17 10 2
17 11 3
17 12 2
17 13 2
17 14 3
17 15 2
17 16 3
18 0 3
18 1 3
18 2 3
18 3 1
18 4 1
18 5 2
18 6 1
18 7 1
18 8 1
18 9 1
18 10 2
18 11 2
18 12 1
18 13 1
18 14 3
18 15 1
18 16 3
18 17 3
19 0 2
19 1 1
19 2 2
19 3 2
19 4 3
19 5 3
19 6 1
19 7 3
19 8 1
19 9 1
19 10 3
19 11 3
19 12 2
19 13 3
19 14 3
19 15 3
19 16 3
19 17 1
19 18 1
20 0 1
20 1 2
20 2 1
20 3 1
20 4 2
20 5 3
20 6 2
20 7 3
20 8 1
20 9 3
20 10 1
20 11 1
20 12 1
20 13 1
20 14 3
20 15 3
20 16 1
20 17 3
20 18 2
20 19 1
21 0 2
21 1 3
21 2 2
21 3 2
21 4 1
21 5 2
21 6 1
21 7 2
21 8 3
21 9 2
21 10 1
21 11 3
21 12 1
21 13 1
21 14 3
21 15 3
21 16 2
21 17 1
21 18 3
21 19 3
21 20 3
22 0 2
22 1 2
22 2 3
22 3 1
22 4 1
22 5 3
22 6 2
22 7 2
22 8 2
22 9 1
22 10 2
22 11 1
22 12 2
22 13 1
22 14 2
22 15 2
22 16 1
22 17 3
22 18 3
22 19 1
22 20 1
22 21 3
23 0 1
23 1 2
23 2 2
23 3 3
23 4 2
23 5 3
23 6 1
23 7 1
23 8 3
23 9 3
23 10 3
23 11 1
23 12 1
23 13 3
23 14 2
23 15 3
23 16 2
23 17 2
23 18 3
23 19 2
23 20 3
23 21 3
23 22 1
24 0 3
24 1 2
24 2 3
24 3 2
24 4 1
24 5 1
24 6 3
24 7 1
24 8 1
24 9 3
24 10 3
24 11 2
24 12 3
24 13 1
24 14 2
24 15 1
24 16 3
24 17 3
24 18 2
24 19 3
24 20 2
24 21 2
24 22 3
24 23 2
25 0 3
25 1 2
25 2 1
25 3 2
25 4 2
25 5 2
25 6 1
25 7 2
25 8 2
25 9 3
25 10 2
25 11 2
25 12 1
25 13 3
25 14 2
25 15 2
25 16 2
25 17 2
25 18 1
25 19 1
25 20 3
25 21 2
25 22 3
25 23 3
25 24 2
26 0 2
26 1 2
26 2 1
26 3 1
26 4 1
26 5 2
26 6 3
26 7 1
26 8 3
26 9 2
26 10 3
26 11 3
26 12 2
26 13 3
26 14 3
26 15 2
26 16 1
26 17 1
26 18 3
26 19 3
26 20 2
26 21 2
26 22 2
26 23 3
26 24 1
26 25 1
27 0 1
27 1 2
27 2 2
27 3 3
27 4 3
27 5 3
27 6 2
27 7 3
27 8 1
27 9 3
27 10 3
27 11 2
27 12 3
27 13 1
27 14 2
27 15 3
27 16 3
27 17 1
27 18 3
27 19 3
27 20 2
27 21 3
27 22 1
27 23 2
27 24 2
27 25 3
27 26 3
28 0 3
28 1 1
28 2 1
28 3 1
28 4 3
28 5 3
28 6 2
28 7 3
28 8 2
28 9 1
28 10 2
28 11 1
28 12 2
28 13 1
28 14 3
28 15 2
28 16 2
28 17 3
28 18 2
28 19 3
28 20 1
28 21 1
28 22 3
28 23 3
28 24 3
28 25 3
28 26 3
28 27 1
29 0 1
29 1 1
29 2 1
29 3 1
29 4 2
29 5 3
29 6 2
29 7 3
29 8 2
29 9 2
29 10 3
29 11 2
29 12 1
29 13 2
29 14 1
29 15 2
29 16 1
29 17 2
29 18 1
29 19 3
29 20 3
29 21 1
29 22 3
29 23 2
29 24 3
29 25 1
29 26 2
29 27 1
29 28 2
30 0 1
30 1 2
30 2 1
30 3 2
30 4 2
30 5 1
30 6 3
30 7 3
30 8 1
30 9 2
30 10 1
30 11 2
30 12 1
30 13 2
30 14 2
30 15 1
30 16 1
30 17 1
30 18 1
30 19 2
30 20 1
30 21 2
30 22 3
30 23 3
30 24 1
30 25 1
30 26 2
30 27 1
30 28 2
30 29 3
31 0 3
31 1 2
31 2 1
31 3 1
31 4 3
31 5 3
31 6 3
31 7 3
31 8 1
31 9 1
31 10 2
31 11 1
31 12 2
31 13 2
31 14 2
31 15 3
31 16 2
31 17 1
31 18 2
31 19 3
31 20 2
31 21 1
31 22 1
31 23 2
31 24 2
31 25 2
31 26 3
31 27 3
31 28 2
31 29 1
31 30 1
32 0 1
32 1 1
32 2 3
32 3 3
32 4 1
32 5 2
32 6 3
32 7 2
32 8 1
32 9 2
32 10 1
32 11 3
32 12 1
32 13 1
32 14 1
32 15 2
32 16 1
32 17 3
32 18 2
32 19 1
32 20 2
32 21 1
32 22 3
32 23 1
32 24 2
32 25 3
32 26 1
32 27 2
32 28 3
32 29 1
32 30 1
32 31 1
33 0 2
33 1 1
33 2 1
33 3 2
33 4 2
33 5 2
33 6 1
33 7 2
33 8 1
33 9 3
33 10 1
33 11 1
33 12 1
33 13 3
33 14 3
33 15 3
33 16 1
33 17 3
33 18 2
33 19 1
33 20 2
33 21 2
33 22 2
33 23 2
33 24 3
33 25 2
33 26 1
33 27 1
33 28 3
33 29 1
33 30 3
33 31 3
33 32 1
34 0 1
34 1 2
34 2 1
34 3 1
34 4 1
34 5 3
34 6 3
34 7 3
34 8 3
34 9 1
34 10 3
34 11 1
34 12 3
34 13 1
34 14 1
34 15 3
34 16 2
34 17 3
34 18 2
34 19 3
34 20 3
34 21 1
34 22 1
34 23 1
34 24 3
34 25 3
34 26 3
34 27 1
34 28 2
34 29 3
34 30 2
34 31 1
34 32 3
34 33 1
35 0 3
35 1 1
35 2 1
35 3 2
35 4 3
35 5 2
35 6 3
35 7 3
35 8 1
35 9 3
35 10 2
35 11 3
35 12 1
35 13 1
35 14 2
35 15 3
35 16 3
35 17 3
35 18 1
35 19 1
35 20 1
35 21 2
35 22 2
35 23 1
35 24 2
35 25 2
35 26 1
35 27 3
35 28 1
35 29 2
35 30 2
35 31 2
35 32 1
35 33 2
35 34 3
36 0 3
36 1 2
36 2 3
36 3 2
36 4 2
36 5 3
36 6 1
36 7 1
36 8 3
36 9 1
36 10 1
36 11 2
36 12 3
36 13 3
36 14 1
36 15 1
36 16 2
36 17 1
36 18 3
36 19 3
36 20 1
36 21 3
36 22 1
36 23 1
36 24 2
36 25 2
36 26 1
36 27 3
36 28 2
36 29 1
36 30 2
36 31 3
36 32 2
36 33 2
36 34 1
36 35 2
37 0 1
37 1 3
37 2 3
37 3 1
37 4 3
37 5 1
37 6 3
37 7 3
37 8 2
37 9 2
37 10 1
37 11 3
37 12 1
37 13 2
37 14 3
37 15 1
37 16 2
37 17 2
37 18 1
37 19 1
37 20 3
37 21 3
37 22 3
37 23 2
37 24 1
37 25 1
37 26 1
37 27 3
37 28 3
37 29 3
37 30 3
37 31 1
37 32 2
37 33 2
37 34 2
37 35 2
37 36 3
38 0 2
38 1 3
38 2 3
38 3 1
38 4 3
38 5 3
38 6 3
38 7 3
38 8 1
38 9 3
38 10 1
38 11 3
38 12 3
38 13 3
38 14 2
38 15 2
38 16 3
38 17 1
38 18 3
38 19 1
38 20 1
38 21 2
38 22 2
38 23 2
38 24 1
38 25 2
38 26 2
38 27 3
38 28 2
38 29 1
38 30 3
38 31 2
38 32 2
38 33 3
38 34 2
38 35 2
38 36 2
38 37 2
39 0 1
39 1 3
39 2 2
39 3 1
39 4 2
39 5 1
39 6 3
39 7 2
39 8 1
39 9 2
39 10 3
39 11 1
39 12 1
39 13 1
39 14 2
39 15 3
39 16 1
39 17 1
39 18 2
39 19 2
39 20 2
39 21 3
39 22 3
39 23 2
39 24 2
39 25 3
39 26 3
39 27 3
39 28 3
39 29 3
39 30 3
39 31 2
39 32 3
39 33 1
39 34 3
39 35 1
39 36 3
39 37 2
39 38 1
