20
1 0 1
2 0 1
2 1 1
3 0 1
3 1 2
3 2 2
4 0 2
4 1 1
4 2 2
5 0 2
5 1 2
5 3 2
5 4 1
6 5 2
7 0 2
7 2 2
7 3 2
7 6 2
8 0 2
8 3 2
8 6 1
8 7 1
9 2 1
9 3 1
9 4 1
9 5 2
10 3 2
10 6 2
10 7 2
10 9 1
11 0 1
11 1 1
11 8 2
11 9 1
11 10 2
12 1 2
12 4 2
12 8 1
12 11 2
13 1 1
13 6 1
13 7 1
13 8 1
13 9 1
13 10 1
13 11 1
14 4 1
14 5 1
14 7 1
14 8 2
14 9 2
14 10 1
14 12 1
14 13 2
15 0 1
15 1 1
15 4 2
15 6 1
15 9 2
15 10 1
15 14 1
16 0 2
16 1 1
16 4 1
16 8 1
16 11 1
16 13 1
17 0 2
17 3 1
17 5 2
17 10 2
17 11 2
17 12 1
17 13 1
17 14 1
18 1 1
18 2 1
18 3 2
18 4 2
18 5 2
18 12 1
18 15 2
18 16 2
19 4 1
19 11 1
19 13 1
19 14 1
19 15 2
19 16 2
19 18 2
