40
2 1 2
3 0 5
3 2 4
4 3 10
5 1 6
5 3 7
6 0 5
6 2 7
6 4 10
6 5 1
7 0 9
7 1 13
7 2 1
7 3 5
8 1 6
8 2 10
8 4 5
8 5 11
9 0 6
9 4 4
9 5 2
9 6 1
9 7 7
10 2 3
10 4 7
10 6 12
11 2 4
11 4 5
11 7 6
11 8 9
11 10 7
12 4 5
12 7 7
12 10 6
13 1 13
13 3 1
13 5 6
13 6 9
13 10 12
14 0 13
14 1 8
14 2 12
14 6 5
14 8 8
14 9 7
14 11 4
14 13 9
15 1 9
15 3 5
15 4 9
15 6 7
15 8 1
15 9 13
15 13 3
16 2 6
16 11 12
16 12 4
16 13 9
17 1 1
17 2 9
17 3 3
17 4 6
17 5 2
17 8 8
17 9 3
17 10 9
17 12 1
17 15 5
17 16 1
18 0 13
18 1 13
18 2 8
18 5 7
18 6 11
18 11 13
18 13 7
18 15 9
18 16 10
18 17 8
19 2 13
19 4 7
19 6 5
19 7 5
19 10 4
19 14 13
19 16 9
20 1 1
20 2 10
20 4 13
20 5 10
20 12 7
20 14 13
20 16 3
20 17 12
20 19 12
21 1 11
21 2 7
21 7 6
21 10 13
21 11 5
21 13 1
21 14 3
21 15 8
21 17 5
21 19 7
21 20 5
22 6 12
22 7 3
22 9 6
22 10 13
22 11 5
22 12 10
22 13 12
22 15 1
22 16 13
22 17 3
22 18 12
23 2 10
23 5 12
23 7 8
23 9 4
23 12 2
23 13 9
23 17 10
23 19 7
23 20 7
24 1 6
24 9 3
24 11 12
24 14 12
24 15 9
24 17 3
24 18 11
24 20 3
24 21 7
25 0 2
25 1 12
25 4 13
25 6 12
25 9 9
25 10 11
25 13 1
25 15 12
25 18 12
25 19 5
25 20 9
25 21 9
25 23 5
26 1 1
26 5 4
26 6 6
26 7 1
26 9 13
26 10 11
26 14 10
26 16 12
26 19 5
26 22 11
26 23 2
27 1 5
27 2 9
27 3 5
27 4 12
27 7 3
27 8 10
27 9 10
27 10 9
27 11 4
27 16 5
27 17 5
27 18 9
27 20 12
27 21 9
27 22 4
27 23 5
27 26 6
28 0 12
28 1 10
28 5 11
28 6 4
28 11 9
28 12 11
28 15 3
28 17 2
28 20 2
28 21 7
28 25 12
29 0 1
29 1 2
29 4 12
29 5 8
29 7 2
29 8 2
29 11 1
29 12 13
29 13 5
29 14 13
29 16 4
29 20 3
29 22 10
29 23 10
29 25 1
29 26 7
29 27 8
29 28 3
30 0 7
30 2 4
30 3 13
30 4 2
30 6 9
30 9 8
30 14 7
30 15 11
30 16 6
30 18 6
30 21 3
30 24 13
30 26 9
30 28 7
31 4 7
31 5 2
31 6 7
31 9 7
31 11 2
31 13 7
31 18 9
31 20 1
31 22 1
31 24 13
31 25 6
31 27 8
32 0 10
32 2 10
32 3 6
32 4 9
32 5 6
32 7 5
32 11 12
32 12 7
32 15 6
32 16 2
32 18 6
32 20 13
32 21 2
32 22 9
32 23 3
32 24 8
32 25 6
32 27 6
33 0 9
33 1 2
33 3 3
33 6 11
33 7 4
33 9 6
33 13 8
33 15 2
33 16 4
33 17 10
33 18 8
33 25 11
33 27 13
33 29 2
33 30 6
33 32 7
34 3 7
34 4 2
34 5 7
34 6 10
34 8 6
34 12 2
34 14 13
34 15 3
34 17 1
34 18 8
34 19 2
34 23 10
34 27 12
34 31 13
34 33 1
35 0 7
35 4 8
35 6 12
35 10 11
35 12 1
35 13 1
35 14 11
35 16 6
35 17 7
35 19 9
35 20 5
35 21 8
35 23 8
35 24 13
35 25 2
35 31 7
35 33 9
35 34 11
36 1 6
36 2 3
36 3 13
36 5 10
36 6 12
36 7 6
36 10 1
36 12 9
36 15 5
36 19 12
36 21 7
36 22 1
36 23 5
36 24 6
36 28 8
36 29 1
36 30 12
36 32 11
36 34 5
37 0 2
37 1 6
37 4 10
37 5 7
37 8 4
37 10 8
37 12 3
37 13 5
37 14 13
37 15 1
37 16 10
37 17 6
37 22 12
37 23 11
37 25 8
37 26 13
37 29 2
37 31 10
37 32 13
37 36 5
38 1 3
38 4 8
38 5 11
38 6 5
38 8 6
38 9 1
38 12 8
38 13 12
38 14 13
38 19 1
38 25 5
38 27 2
38 28 8
38 29 1
38 30 12
38 35 5
39 0 12
39 1 10
39 4 6
39 5 1
39 6 7
39 8 5
39 9 11
39 10 1
39 11 5
39 12 10
39 15 13
39 20 13
39 22 12
39 26 9
39 27 3
39 28 8
39 29 1
39 30 3
39 34 4
39 38 2
