70
1 0 2
2 0 7
3 1 12
3 2 3
4 0 1
4 1 8
4 2 3
4 3 2
5 1 7
5 4 5
6 0 4
6 1 11
6 4 4
6 5 12
7 4 6
7 5 11
7 6 5
8 3 2
8 4 4
8 5 3
8 6 2
8 7 4
9 0 9
9 2 1
9 3 11
9 4 6
9 5 9
9 8 1
10 4 10
10 5 1
10 6 2
10 8 9
11 1 11
11 2 11
11 3 5
11 4 12
11 7 11
11 10 11
12 4 5
12 5 12
12 6 10
12 8 4
12 10 2
13 1 3
13 5 12
13 7 1
13 9 7
13 11 6
14 1 12
14 2 9
14 4 2
14 6 3
14 7 8
14 11 5
14 12 11
15 0 5
15 1 11
15 2 1
15 3 10
15 4 10
15 6 2
15 10 9
15 11 6
15 14 7
16 0 9
16 1 6
16 2 1
16 3 5
16 5 12
16 9 2
16 13 11
16 14 6
16 15 11
17 2 10
17 3 7
17 4 7
17 10 8
17 11 6
17 16 11
18 3 5
18 4 12
18 5 11
18 8 7
18 9 1
18 11 5
18 12 2
18 14 4
18 16 5
19 1 7
19 2 10
19 3 3
19 4 11
19 6 9
19 7 2
19 9 1
19 10 3
19 12 10
19 17 10
20 3 4
20 4 1
20 6 1
20 7 7
20 8 11
20 12 8
20 16 5
20 19 10
21 2 8
21 3 5
21 5 3
21 6 11
21 9 10
21 14 9
21 15 5
21 18 11
22 0 12
22 2 7
22 4 1
22 5 2
22 10 7
22 13 5
22 14 1
22 15 1
22 19 7
22 21 1
23 0 1
23 1 10
23 4 12
23 7 12
23 9 11
23 11 7
23 12 8
23 14 5
23 16 12
23 17 4
23 19 3
23 20 1
23 21 8
24 4 5
24 7 1
24 8 8
24 9 4
24 10 1
24 11 1
24 12 2
24 13 4
24 14 2
24 15 12
24 17 4
24 19 12
24 21 6
24 22 8
25 0 11
25 1 3
25 2 9
25 6 10
25 7 3
25 10 5
25 11 1
25 15 2
25 17 11
25 20 11
25 21 12
25 22 6
26 1 12
26 2 4
26 3 11
26 7 2
26 12 5
26 13 7
26 14 10
26 17 2
26 18 8
26 21 9
26 22 5
26 23 3
27 1 8
27 2 7
27 4 10
27 5 8
27 10 2
27 15 8
27 23 4
27 25 12
28 3 6
28 5 5
28 7 11
28 9 1
28 10 9
28 12 9
28 13 2
28 14 6
28 15 5
28 16 9
28 17 4
28 18 11
28 19 10
28 21 3
28 22 10
28 24 10
28 25 10
28 26 7
29 1 10
29 2 2
29 3 4
29 5 8
29 6 2
29 7 5
29 8 1
29 12 8
29 13 7
29 14 7
29 16 10
29 18 3
29 20 9
29 21 8
29 25 11
29 28 2
30 3 9
30 4 5
30 5 6
30 6 2
30 7 7
30 11 8
30 13 12
30 16 11
30 19 7
30 20 3
30 22 7
30 26 11
30 27 5
30 29 10
31 0 7
31 1 11
31 4 6
31 5 7
31 6 1
31 8 9
31 11 9
31 12 3
31 15 6
31 16 11
31 17 9
31 18 5
31 25 10
31 27 3
31 28 7
31 29 1
32 1 11
32 5 3
32 6 10
32 9 11
32 12 3
32 13 6
32 14 1
32 21 6
32 22 5
32 23 1
32 25 5
32 28 1
32 31 9
33 0 4
33 3 6
33 5 8
33 6 10
33 9 3
33 13 3
33 18 1
33 19 10
33 20 7
33 21 8
33 22 2
33 24 11
33 27 3
33 28 10
33 31 4
34 2 3
34 3 2
34 4 8
34 5 11
34 7 6
34 8 1
34 10 6
34 11 9
34 12 4
34 15 7
34 16 10
34 17 1
34 18 5
34 19 3
34 23 7
34 24 3
34 26 8
34 28 9
34 29 4
34 30 12
34 31 8
34 33 6
35 2 12
35 4 11
35 6 10
35 7 2
35 8 3
35 9 8
35 11 9
35 12 5
35 14 5
35 15 5
35 16 9
35 17 11
35 19 1
35 20 2
35 22 3
35 25 2
35 30 8
35 31 5
35 33 4
36 0 7
36 1 10
36 5 5
36 6 8
36 7 11
36 9 12
36 10 12
36 11 9
36 13 5
36 15 4
36 16 1
36 18 3
36 20 7
36 21 4
36 22 2
36 23 10
36 24 9
36 26 6
36 27 2
36 28 9
36 29 9
36 30 9
36 31 5
36 32 8
36 33 4
36 35 2
37 2 12
37 3 3
37 5 11
37 6 11
37 7 11
37 8 5
37 9 5
37 10 11
37 11 11
37 14 4
37 15 4
37 16 9
37 17 10
37 18 3
37 19 11
37 20 7
37 21 5
37 23 3
37 24 10
37 27 3
37 28 3
37 32 8
37 34 4
38 6 8
38 7 8
38 8 11
38 10 9
38 11 1
38 13 7
38 14 8
38 15 3
38 16 2
38 24 5
38 28 6
38 29 3
38 31 11
38 32 8
38 34 9
38 35 12
39 3 8
39 6 2
39 7 1
39 8 6
39 9 2
39 10 12
39 12 10
39 13 12
39 15 4
39 16 4
39 17 7
39 18 5
39 21 10
39 22 12
39 23 2
39 24 8
39 27 9
39 33 1
39 34 2
39 36 4
39 37 4
40 1 1
40 2 12
40 3 10
40 5 4
40 7 2
40 8 10
40 13 4
40 16 2
40 17 3
40 19 7
40 23 2
40 25 12
40 26 3
40 27 7
40 29 4
40 31 8
40 32 1
40 33 7
40 35 12
40 39 4
41 0 6
41 1 4
41 3 10
41 4 4
41 5 4
41 13 1
41 14 7
41 15 6
41 19 10
41 21 9
41 22 11
41 23 10
41 24 8
41 26 10
41 27 9
41 30 5
41 33 12
41 35 7
41 40 11
42 0 3
42 1 5
42 3 12
42 5 8
42 9 10
42 13 1
42 14 5
42 15 8
42 17 4
42 19 12
42 21 4
42 22 11
42 24 7
42 25 1
42 26 4
42 27 10
42 31 7
42 33 6
42 34 7
42 35 10
42 36 3
42 37 7
42 40 4
43 1 11
43 2 1
43 3 3
43 5 6
43 6 1
43 7 10
43 11 3
43 13 10
43 18 2
43 20 3
43 22 3
43 23 12
43 24 12
43 25 6
43 26 3
43 27 12
43 29 9
43 30 10
43 32 3
43 34 9
43 37 12
43 38 11
43 40 10
43 41 9
43 42 4
44 1 9
44 2 1
44 5 8
44 8 8
44 10 9
44 12 11
44 14 5
44 15 10
44 19 9
44 20 12
44 24 10
44 29 12
44 30 8
44 33 11
44 34 9
44 35 7
44 40 6
44 41 4
44 42 12
44 43 3
45 2 8
45 4 8
45 5 11
45 6 9
45 7 8
45 9 2
45 11 5
45 12 12
45 14 1
45 15 4
45 25 4
45 26 12
45 32 6
45 33 6
45 34 10
45 37 6
45 39 1
45 40 11
45 41 6
46 0 7
46 3 3
46 5 4
46 6 2
46 9 5
46 10 6
46 11 5
46 12 3
46 14 2
46 17 9
46 21 6
46 24 11
46 27 4
46 29 8
46 31 8
46 32 8
46 34 9
46 35 10
46 36 9
46 37 6
46 42 3
46 44 4
46 45 8
47 5 1
47 6 2
47 8 2
47 9 8
47 11 8
47 12 3
47 13 3
47 14 3
47 15 12
47 17 11
47 18 9
47 20 10
47 22 3
47 23 9
47 24 6
47 26 3
47 27 9
47 28 12
47 31 3
47 39 5
47 41 7
47 46 6
48 3 12
48 6 6
48 9 1
48 10 12
48 11 9
48 13 3
48 14 5
48 16 7
48 18 7
48 19 4
48 20 7
48 21 7
48 24 3
48 25 9
48 28 4
48 29 8
48 30 2
48 31 8
48 32 3
48 39 6
48 40 9
48 41 8
48 42 10
48 44 6
48 46 11
49 0 11
49 4 7
49 5 9
49 6 4
49 9 1
49 12 5
49 15 5
49 16 8
49 17 8
49 18 7
49 19 5
49 24 7
49 26 5
49 27 6
49 28 9
49 29 1
49 36 4
49 37 9
49 39 7
49 40 8
49 41 9
49 42 1
49 43 4
49 44 1
49 46 5
50 1 2
50 2 10
50 3 7
50 5 9
50 8 12
50 10 6
50 13 4
50 14 9
50 15 8
50 17 6
50 20 9
50 22 8
50 26 11
50 28 11
50 29 6
50 31 6
50 32 2
50 34 10
50 35 1
50 38 1
50 41 12
50 45 5
50 46 3
50 48 2
51 0 3
51 3 8
51 5 2
51 6 9
51 7 2
51 8 1
51 14 3
51 16 8
51 17 12
51 18 12
51 21 1
51 22 8
51 26 10
51 27 4
51 29 1
51 30 2
51 31 7
51 33 4
51 34 5
51 40 9
51 44 12
51 45 9
51 48 7
51 49 5
51 50 1
52 2 3
52 5 8
52 7 9
52 10 4
52 11 2
52 12 12
52 13 11
52 16 5
52 18 7
52 20 12
52 22 4
52 23 12
52 26 3
52 27 8
52 28 8
52 30 6
52 33 11
52 38 3
52 39 12
52 40 9
52 41 8
52 44 6
52 49 2
52 50 7
52 51 10
53 5 11
53 6 6
53 7 4
53 8 10
53 11 1
53 12 6
53 15 5
53 17 11
53 18 2
53 19 9
53 20 5
53 22 3
53 25 4
53 32 5
53 33 7
53 35 8
53 38 9
53 40 10
53 47 3
53 48 5
53 49 5
53 50 11
53 52 4
54 2 4
54 3 9
54 4 5
54 5 8
54 6 10
54 7 12
54 14 9
54 15 4
54 16 12
54 19 9
54 20 5
54 21 10
54 22 6
54 23 8
54 24 7
54 27 5
54 29 10
54 31 5
54 33 11
54 34 10
54 36 12
54 37 8
54 42 7
54 43 9
54 44 3
54 45 9
54 47 9
54 52 7
55 0 4
55 1 10
55 4 8
55 6 7
55 13 10
55 16 10
55 20 10
55 22 7
55 24 11
55 27 1
55 28 7
55 29 10
55 33 2
55 37 12
55 38 2
55 39 8
55 42 12
55 43 4
55 44 12
55 46 4
55 47 4
55 48 9
55 52 3
55 53 8
56 0 1
56 5 4
56 6 4
56 8 11
56 9 9
56 11 2
56 15 4
56 18 6
56 19 6
56 21 9
56 22 4
56 25 1
56 28 7
56 29 7
56 30 8
56 34 7
56 35 10
56 36 4
56 42 10
56 44 7
56 45 5
56 48 12
56 52 9
56 53 11
57 0 7
57 1 2
57 2 12
57 3 11
57 7 9
57 9 4
57 11 10
57 14 11
57 15 8
57 21 11
57 22 2
57 23 8
57 24 11
57 25 11
57 26 2
57 28 9
57 32 4
57 33 8
57 34 10
57 39 4
57 43 12
57 44 12
57 46 10
57 47 7
57 48 2
57 50 9
57 51 10
57 52 5
57 53 3
57 55 12
57 56 6
58 0 3
58 1 6
58 4 3
58 5 7
58 6 3
58 9 12
58 11 10
58 12 11
58 13 4
58 16 3
58 19 9
58 20 11
58 21 3
58 22 5
58 24 10
58 25 9
58 26 11
58 27 3
58 30 10
58 31 11
58 33 11
58 35 5
58 36 10
58 38 2
58 40 2
58 43 11
58 44 3
58 45 4
58 48 8
58 49 11
58 50 3
58 51 5
58 55 2
58 56 1
59 1 1
59 3 9
59 5 1
59 6 1
59 9 9
59 10 4
59 11 2
59 12 8
59 14 4
59 16 4
59 17 8
59 18 5
59 19 2
59 24 11
59 26 12
59 28 12
59 31 10
59 32 12
59 34 9
59 36 5
59 37 10
59 38 4
59 39 12
59 40 8
59 41 9
59 45 2
59 49 10
59 51 5
59 52 6
59 53 5
59 54 1
59 55 11
59 56 1
59 57 4
60 0 7
60 2 3
60 4 9
60 7 7
60 8 2
60 10 5
60 11 1
60 12 1
60 15 1
60 16 7
60 17 8
60 19 2
60 21 3
60 23 7
60 26 10
60 27 8
60 28 7
60 29 9
60 30 12
60 31 1
60 32 12
60 34 5
60 35 4
60 36 2
60 37 8
60 40 8
60 41 5
60 42 12
60 43 1
60 45 6
60 48 12
60 49 4
60 52 6
60 53 10
60 54 1
60 56 6
60 57 9
61 0 4
61 2 2
61 5 12
61 9 10
61 11 6
61 13 7
61 17 10
61 18 8
61 19 4
61 20 3
61 22 9
61 28 2
61 29 11
61 33 11
61 36 5
61 37 2
61 38 8
61 40 12
61 41 5
61 44 9
61 48 3
61 50 2
61 57 12
62 0 3
62 5 7
62 10 6
62 13 12
62 14 5
62 15 12
62 16 2
62 17 5
62 18 8
62 21 8
62 22 6
62 25 6
62 26 5
62 27 6
62 28 6
62 29 4
62 30 10
62 32 9
62 36 5
62 39 3
62 40 5
62 41 4
62 42 2
62 44 1
62 45 4
62 46 12
62 48 11
62 50 7
62 53 7
62 54 1
62 55 2
62 56 1
62 57 10
62 58 7
63 2 5
63 4 4
63 9 2
63 11 10
63 13 12
63 14 11
63 15 6
63 16 12
63 18 7
63 21 7
63 22 5
63 24 11
63 27 4
63 28 1
63 29 1
63 30 8
63 32 2
63 33 12
63 34 1
63 35 10
63 37 5
63 46 4
63 47 2
63 52 8
63 54 2
63 55 3
63 59 10
63 60 12
64 2 4
64 4 6
64 6 11
64 9 11
64 11 9
64 12 12
64 13 4
64 17 1
64 18 1
64 19 7
64 21 8
64 22 2
64 23 4
64 25 4
64 32 5
64 33 9
64 35 4
64 38 1
64 39 1
64 40 11
64 46 8
64 47 6
64 49 9
64 50 3
64 52 11
64 55 8
64 57 7
64 60 8
64 61 11
64 63 11
65 1 1
65 6 7
65 8 3
65 9 8
65 11 9
65 12 8
65 13 2
65 14 3
65 15 4
65 19 2
65 22 1
65 23 7
65 25 3
65 33 9
65 36 4
65 38 1
65 40 11
65 41 12
65 42 5
65 43 3
65 45 11
65 46 11
65 48 2
65 49 7
65 51 3
65 52 5
65 53 2
65 54 11
65 56 3
65 58 11
65 60 6
65 61 4
65 63 9
66 1 1
66 2 4
66 3 3
66 4 12
66 5 12
66 8 2
66 9 2
66 11 5
66 12 5
66 13 8
66 14 11
66 15 6
66 17 9
66 18 8
66 20 12
66 21 12
66 22 6
66 24 6
66 28 2
66 30 11
66 31 10
66 32 6
66 34 1
66 35 11
66 36 8
66 39 12
66 41 6
66 43 4
66 45 12
66 46 5
66 48 8
66 49 10
66 50 3
66 52 12
66 53 12
66 54 4
66 55 9
66 56 6
66 57 5
66 60 11
66 61 5
66 64 11
67 0 11
67 3 6
67 4 5
67 5 7
67 7 11
67 9 12
67 10 6
67 11 3
67 12 3
67 13 2
67 14 8
67 15 6
67 17 1
67 18 5
67 20 12
67 21 4
67 22 5
67 23 10
67 24 2
67 25 1
67 28 6
67 29 9
67 34 6
67 36 6
67 39 5
67 41 8
67 42 5
67 45 5
67 46 6
67 50 4
67 51 8
67 57 1
67 61 8
67 62 5
67 65 4
68 2 12
68 4 1
68 6 5
68 8 8
68 11 12
68 13 5
68 14 10
68 16 11
68 18 9
68 19 2
68 20 6
68 23 9
68 24 1
68 25 6
68 28 11
68 30 11
68 32 8
68 33 1
68 36 4
68 37 1
68 38 2
68 39 7
68 40 3
68 41 5
68 42 9
68 44 4
68 47 8
68 48 10
68 50 2
68 51 1
68 52 1
68 53 6
68 54 7
68 57 9
68 59 2
68 61 5
68 62 9
68 64 9
68 65 8
68 66 6
68 67 4
69 0 3
69 6 12
69 7 4
69 9 7
69 12 10
69 13 6
69 15 6
69 16 10
69 17 9
69 18 4
69 19 12
69 20 6
69 25 11
69 26 2
69 28 12
69 32 7
69 34 9
69 36 4
69 37 11
69 38 4
69 40 11
69 42 11
69 44 12
69 45 12
69 48 2
69 51 4
69 52 3
69 53 10
69 54 5
69 55 1
69 60 10
69 61 5
69 64 9
69 65 9
69 67 1
