70
2 0 1
4 0 7
4 1 9
4 2 2
4 3 4
5 0 14
5 1 9
5 4 1
6 0 9
6 4 14
6 5 4
7 0 7
7 4 2
7 5 7
8 1 7
8 2 4
8 4 8
8 5 9
8 6 14
8 7 7
9 3 6
10 4 4
10 7 10
10 8 5
10 9 1
11 1 10
11 5 3
11 6 5
11 7 6
11 10 13
12 1 1
12 3 11
12 5 14
12 7 4
12 8 2
13 0 5
13 1 1
13 3 14
13 5 1
13 6 11
13 7 13
13 12 11
14 0 5
14 3 4
14 5 2
14 8 4
14 9 13
14 12 5
15 1 4
15 7 14
15 10 4
15 11 13
15 12 1
16 1 11
16 3 1
16 5 14
16 6 11
16 8 12
16 10 7
16 11 12
16 12 9
17 0 4
17 1 14
17 3 13
17 7 1
17 8 8
17 12 3
17 16 4
18 0 13
18 1 9
18 2 13
18 4 8
18 5 7
18 9 11
18 10 9
18 13 8
18 14 3
18 15 9
18 16 9
18 17 5
19 1 14
19 2 7
19 6 13
19 7 1
19 10 5
19 11 3
19 12 1
19 13 6
19 14 9
19 15 2
19 16 9
19 17 2
20 2 5
20 3 12
20 4 2
20 5 4
20 6 10
20 8 14
20 9 10
20 14 10
20 17 1
21 2 14
21 6 14
21 7 4
21 9 7
21 10 6
21 11 13
21 15 5
21 16 11
22 0 10
22 1 5
22 3 1
22 4 9
22 7 14
22 8 13
22 10 1
22 11 3
22 12 9
22 13 10
22 15 13
22 16 1
22 17 9
22 18 6
22 20 9
22 21 10
23 0 12
23 1 14
23 2 14
23 3 12
23 4 1
23 5 3
23 6 6
23 8 3
23 9 8
23 10 7
23 13 1
23 15 7
23 16 2
23 17 14
23 18 7
23 19 7
23 21 9
24 0 6
24 1 1
24 4 8
24 5 10
24 11 11
24 12 8
24 13 5
24 15 4
24 16 4
24 20 8
24 22 8
25 0 1
25 1 1
25 2 13
25 5 1
25 7 14
25 8 13
25 9 8
25 11 13
25 12 8
25 13 7
25 14 14
25 15 7
25 18 1
25 19 12
25 20 12
25 23 6
25 24 9
26 1 13
26 2 3
26 4 2
26 10 14
26 11 6
26 13 6
26 15 13
26 16 7
26 22 1
26 25 10
27 0 8
27 2 9
27 3 9
27 4 13
27 8 10
27 9 2
27 14 14
27 15 4
27 16 7
27 17 1
27 18 12
27 24 4
27 25 1
28 2 7
28 4 6
28 5 6
28 6 7
28 8 1
28 9 13
28 10 1
28 12 11
28 14 14
28 15 5
28 18 13
28 19 3
28 21 8
28 22 8
28 25 12
28 26 6
28 27 12
29 0 1
29 3 11
29 4 3
29 5 11
29 7 4
29 8 2
29 11 7
29 12 6
29 14 3
29 15 5
29 16 10
29 18 14
29 19 11
29 22 6
29 23 13
29 24 13
29 25 10
29 26 2
29 27 10
29 28 9
30 0 5
30 1 8
30 2 8
30 3 11
30 10 6
30 13 8
30 14 12
30 21 11
30 22 3
30 23 4
30 24 8
31 2 13
31 3 4
31 4 2
31 5 13
31 8 3
31 10 7
31 11 4
31 12 10
31 14 6
31 15 2
31 16 4
31 18 8
31 20 8
31 22 2
31 27 8
31 29 7
31 30 13
32 0 5
32 1 5
32 2 6
32 3 10
32 10 4
32 11 8
32 15 14
32 16 8
32 22 11
32 23 8
32 24 2
32 25 2
32 26 8
32 29 4
32 31 1
33 0 5
33 1 8
33 3 1
33 4 7
33 6 5
33 7 5
33 8 14
33 9 13
33 14 4
33 15 14
33 16 6
33 17 5
33 20 6
33 21 5
33 24 11
33 26 12
33 27 1
33 29 1
33 30 5
33 31 9
34 1 2
34 3 2
34 4 14
34 8 4
34 10 14
34 13 2
34 16 11
34 18 8
34 23 1
34 24 14
34 28 6
34 33 1
35 0 7
35 1 4
35 3 12
35 7 6
35 14 11
35 19 14
35 27 2
35 30 12
35 32 2
35 33 2
35 34 5
36 0 3
36 3 12
36 4 6
36 5 8
36 6 7
36 8 9
36 10 12
36 11 13
36 13 2
36 14 1
36 15 4
36 16 12
36 20 14
36 21 8
36 22 5
36 23 10
36 24 8
36 27 7
36 28 8
36 29 9
36 30 4
36 32 2
36 33 7
36 34 9
37 0 10
37 1 5
37 2 14
37 3 14
37 5 11
37 10 6
37 12 1
37 14 12
37 15 4
37 18 3
37 19 6
37 22 1
37 28 5
37 31 5
38 2 4
38 3 2
38 4 11
38 6 8
38 7 6
38 9 14
38 10 5
38 12 9
38 13 14
38 16 5
38 18 10
38 21 7
38 23 4
38 25 7
38 26 7
38 27 4
38 31 11
38 34 12
38 36 7
38 37 8
39 1 2
39 3 7
39 5 1
39 8 14
39 9 3
39 11 14
39 12 7
39 15 11
39 16 9
39 17 1
39 20 13
39 21 7
39 22 12
39 25 13
39 26 9
39 27 1
39 28 11
39 31 14
39 34 9
39 35 5
39 36 14
40 0 3
40 1 13
40 3 1
40 4 6
40 5 7
40 11 3
40 12 2
40 13 12
40 15 7
40 19 5
40 22 6
40 23 2
40 24 4
40 28 14
40 31 14
40 32 1
40 35 8
40 37 1
41 2 12
41 5 2
41 7 5
41 8 1
41 12 11
41 16 4
41 20 4
41 22 4
41 24 4
41 28 14
41 32 8
41 33 2
41 35 10
41 36 8
41 37 9
41 38 5
42 2 11
42 4 5
42 8 11
42 11 8
42 12 4
42 13 11
42 14 6
42 17 3
42 18 10
42 19 8
42 24 13
42 28 12
42 29 3
42 35 7
42 37 13
42 39 10
42 41 2
43 1 14
43 4 8
43 8 1
43 9 4
43 10 8
43 11 14
43 13 5
43 14 12
43 15 13
43 18 4
43 21 8
43 23 11
43 24 5
43 26 1
43 27 11
43 28 1
43 30 4
43 33 10
43 34 2
43 36 1
43 37 4
43 41 12
43 42 9
44 0 10
44 1 3
44 3 5
44 5 7
44 6 6
44 8 4
44 9 1
44 11 4
44 13 1
44 16 12
44 17 2
44 19 2
44 20 3
44 26 3
44 27 6
44 28 3
44 32 3
44 33 5
44 34 8
44 35 5
44 36 11
44 37 8
44 41 14
44 42 5
44 43 3
45 5 12
45 6 14
45 7 7
45 12 2
45 14 14
45 19 11
45 20 7
45 26 1
45 28 13
45 30 8
45 32 11
45 33 9
45 34 6
45 36 6
45 38 8
45 39 13
45 40 6
45 41 3
45 42 13
45 43 5
46 1 8
46 2 7
46 4 4
46 5 11
46 6 1
46 7 10
46 12 14
46 15 8
46 16 8
46 17 11
46 21 6
46 26 7
46 30 9
46 33 6
46 35 3
46 36 1
46 37 13
46 40 6
46 41 2
46 43 14
47 1 1
47 3 2
47 6 13
47 7 13
47 8 4
47 10 3
47 11 8
47 12 1
47 13 13
47 14 11
47 15 4
47 16 6
47 18 5
47 19 10
47 20 12
47 21 9
47 23 7
47 24 8
47 25 11
47 27 14
47 31 4
47 32 9
47 33 4
47 38 12
47 39 8
47 40 14
47 43 8
47 44 14
47 45 7
47 46 9
48 1 7
48 2 4
48 3 9
48 6 3
48 7 1
48 9 1
48 13 8
48 14 8
48 17 4
48 18 5
48 26 9
48 27 10
48 30 4
48 31 6
48 34 5
48 35 6
48 37 7
48 38 2
48 39 9
48 40 8
48 45 11
48 47 12
49 1 14
49 4 11
49 9 9
49 10 2
49 12 6
49 13 9
49 14 10
49 15 10
49 16 14
49 19 8
49 20 11
49 22 3
49 26 13
49 27 11
49 28 1
49 30 12
49 31 6
49 32 12
49 34 12
49 35 7
49 39 12
49 40 7
49 42 3
49 43 11
49 44 6
49 47 4
49 48 4
50 5 11
50 6 8
50 10 3
50 11 12
50 13 8
50 15 8
50 17 7
50 18 11
50 21 7
50 22 6
50 24 2
50 25 2
50 27 6
50 28 14
50 29 3
50 31 8
50 32 10
50 34 10
50 36 1
50 38 12
50 39 8
50 43 9
50 44 4
50 45 10
50 46 1
50 48 3
50 49 13
51 1 6
51 5 13
51 7 8
51 11 2
51 12 1
51 17 2
51 18 14
51 20 9
51 22 9
51 23 14
51 25 2
51 27 7
51 28 7
51 29 8
51 31 3
51 33 12
51 34 9
51 35 13
51 36 12
51 39 6
51 41 3
51 47 4
51 48 12
52 1 1
52 4 7
52 8 11
52 10 2
52 11 8
52 13 4
52 15 6
52 16 10
52 18 7
52 19 11
52 22 3
52 24 8
52 26 14
52 28 12
52 29 9
52 32 13
52 33 14
52 34 4
52 36 7
52 38 12
52 39 11
52 40 4
52 43 9
52 48 11
52 50 1
53 0 3
53 1 6
53 2 8
53 3 8
53 6 5
53 7 13
53 15 3
53 16 7
53 17 5
53 18 7
53 23 13
53 28 14
53 30 14
53 31 13
53 33 10
53 34 12
53 38 4
53 39 8
53 40 3
53 42 4
53 43 6
53 45 5
53 47 6
53 51 14
54 1 14
54 2 11
54 4 9
54 6 9
54 7 10
54 8 13
54 11 3
54 15 9
54 17 10
54 22 6
54 25 8
54 27 12
54 28 10
54 29 12
54 30 13
54 32 11
54 36 8
54 37 10
54 39 13
54 43 11
54 45 7
54 52 12
54 53 3
55 0 3
55 2 4
55 6 1
55 10 10
55 12 14
55 15 4
55 18 9
55 20 8
55 21 10
55 22 2
55 23 6
55 24 11
55 25 5
55 27 10
55 28 9
55 31 13
55 33 13
55 34 1
55 37 2
55 38 5
55 39 1
55 40 6
55 41 5
55 42 11
55 44 8
55 49 5
55 50 3
55 51 12
55 52 5
55 53 1
55 54 14
56 1 1
56 4 4
56 8 13
56 9 12
56 11 2
56 12 2
56 14 7
56 16 9
56 17 5
56 21 14
56 22 14
56 24 13
56 27 1
56 30 1
56 31 6
56 35 12
56 36 13
56 38 1
56 40 4
56 41 6
56 43 6
56 48 4
56 49 10
56 54 1
56 55 11
57 2 5
57 3 13
57 4 7
57 5 10
57 6 2
57 9 6
57 15 3
57 20 13
57 22 14
57 24 7
57 25 5
57 26 3
57 27 8
57 28 4
57 30 5
57 31 2
57 32 12
57 33 4
57 34 7
57 35 10
57 36 12
57 38 10
57 39 11
57 41 14
57 43 6
57 45 11
57 46 4
57 49 5
57 50 4
57 52 10
57 53 7
57 54 14
57 56 7
58 2 5
58 6 3
58 7 6
58 8 9
58 9 9
58 10 13
58 15 6
58 16 5
58 18 10
58 19 4
58 22 9
58 27 13
58 28 1
58 29 10
58 30 7
58 34 8
58 38 14
58 40 3
58 44 2
58 46 6
58 47 12
58 48 11
58 49 1
58 52 3
58 53 14
59 0 14
59 1 10
59 2 3
59 3 6
59 4 11
59 5 7
59 7 5
59 9 2
59 11 14
59 13 5
59 14 3
59 15 7
59 17 8
59 19 7
59 22 7
59 23 4
59 25 5
59 27 1
59 28 12
59 31 9
59 33 5
59 35 11
59 36 11
59 37 5
59 39 11
59 41 1
59 43 8
59 45 2
59 46 2
59 47 5
59 48 10
59 49 10
59 51 2
59 55 12
59 56 12
59 57 9
60 4 6
60 5 3
60 9 4
60 11 4
60 16 3
60 19 8
60 21 3
60 24 8
60 29 4
60 30 14
60 31 10
60 33 10
60 34 9
60 35 9
60 36 6
60 44 1
60 45 12
60 47 8
60 48 14
60 49 3
60 57 14
61 3 6
61 5 3
61 6 9
61 7 7
61 8 7
61 9 14
61 10 9
61 13 8
61 14 8
61 18 1
61 23 11
61 24 13
61 26 13
61 27 4
61 28 14
61 29 10
61 30 2
61 33 2
61 34 6
61 35 2
61 38 6
61 41 5
61 43 12
61 46 11
61 48 4
61 49 12
61 50 9
61 51 10
61 53 12
61 54 7
61 56 1
61 59 7
62 3 2
62 6 3
62 11 9
62 13 4
62 15 13
62 20 2
62 21 7
62 25 11
62 26 2
62 28 9
62 30 9
62 32 8
62 35 7
62 36 6
62 38 10
62 39 4
62 40 1
62 41 2
62 47 11
62 49 4
62 50 5
62 51 6
62 56 1
62 58 2
62 59 4
62 60 7
63 1 12
63 3 9
63 5 6
63 15 10
63 16 3
63 17 14
63 21 7
63 28 9
63 29 9
63 31 7
63 32 12
63 35 3
63 37 7
63 38 2
63 41 1
63 42 1
63 43 5
63 44 2
63 45 3
63 46 9
63 49 12
63 51 5
63 53 9
63 55 6
63 57 11
63 58 6
63 59 7
63 61 1
64 2 1
64 3 2
64 6 12
64 7 12
64 8 3
64 12 2
64 15 1
64 16 4
64 17 2
64 20 1
64 22 12
64 23 9
64 25 10
64 29 8
64 33 14
64 42 5
64 47 5
64 49 7
64 50 12
64 51 2
64 60 12
65 1 1
65 2 13
65 3 11
65 6 4
65 12 5
65 13 9
65 16 13
65 18 2
65 19 11
65 20 10
65 21 10
65 22 3
65 25 11
65 27 2
65 31 12
65 33 6
65 34 3
65 35 10
65 36 10
65 37 1
65 39 6
65 45 8
65 47 6
65 57 10
65 61 9
65 62 6
65 63 11
65 64 5
66 0 5
66 2 2
66 6 5
66 8 7
66 11 6
66 12 7
66 14 6
66 16 8
66 17 2
66 18 9
66 19 10
66 20 2
66 21 8
66 23 10
66 24 14
66 30 8
66 31 12
66 32 2
66 34 12
66 35 10
66 36 8
66 37 2
66 38 1
66 40 2
66 46 14
66 47 12
66 48 14
66 50 3
66 53 5
66 55 6
66 56 6
66 60 5
66 61 13
66 62 4
66 63 4
67 0 2
67 1 1
67 3 1
67 4 14
67 5 12
67 8 2
67 9 10
67 11 5
67 12 12
67 13 11
67 14 12
67 15 9
67 17 6
67 22 13
67 23 8
67 26 4
67 27 8
67 28 1
67 32 3
67 33 5
67 36 3
67 39 4
67 40 7
67 42 7
67 45 3
67 47 8
67 48 10
67 49 12
67 50 11
67 55 14
67 56 6
67 59 1
67 60 9
67 65 8
67 66 11
68 3 4
68 4 2
68 5 11
68 6 2
68 8 10
68 9 1
68 10 8
68 11 6
68 13 8
68 14 2
68 18 6
68 22 10
68 23 13
68 28 8
68 30 2
68 33 7
68 37 9
68 38 11
68 43 2
68 47 2
68 50 8
68 51 10
68 55 10
68 56 12
68 57 4
68 61 12
68 62 2
68 63 7
68 65 12
68 67 1
69 1 4
69 7 14
69 8 14
69 11 2
69 14 11
69 16 2
69 18 3
69 21 7
69 23 6
69 25 6
69 28 9
69 30 13
69 31 14
69 33 1
69 34 1
69 38 2
69 39 1
69 45 4
69 46 4
69 49 4
69 50 2
69 51 12
69 52 13
69 53 4
69 54 12
69 56 11
69 59 5
69 61 13
69 62 8
69 66 11
69 68 4
