15
1 0 3
2 0 9
2 1 1
3 0 1
3 1 3
3 2 8
4 0 10
4 1 6
4 2 10
4 3 6
5 0 9
5 1 2
5 2 9
5 3 10
5 4 9
6 0 10
6 1 2
6 2 8
6 3 10
6 4 8
6 5 10
7 0 4
7 1 9
7 2 9
7 3 4
7 4 9
7 5 4
7 6 7
8 0 7
8 1 5
8 2 3
8 3 2
8 4 1
8 5 3
8 6 2
8 7 7
9 0 2
9 1 5
9 2 7
9 3 5
9 4 5
9 5 10
9 6 4
9 7 5
9 8 4
10 0 2
10 1 4
10 2 3
10 3 10
10 4 3
10 5 5
10 6 7
10 7 2
10 8 10
10 9 1
11 0 10
11 1 6
11 2 4
11 3 1
11 4 3
11 5 5
11 6 9
11 7 6
11 8 9
11 9 2
11 10 9
12 0 5
12 1 1
12 2 6
12 3 9
12 4 5
12 5 2
12 6 10
12 7 1
12 8 10
12 9 3
12 10 6
12 11 8
13 0 1
13 1 9
13 2 7
13 3 3
13 4 4
13 5 10
13 6 7
13 7 3
13 8 3
13 9 8
13 10 7
13 11 1
13 12 8
14 0 7
14 1 6
14 2 2
14 3 5
14 4 9
14 5 8
14 6 9
14 7 1
14 8 1
14 9 8
14 10 8
14 11 3
14 12 6
14 13 1
