20
1 0 1
2 0 1
2 1 2
3 0 1
3 1 2
3 2 2
4 0 2
4 1 2
4 2 1
4 3 1
5 0 2
5 1 2
5 2 1
5 3 1
5 4 2
6 0 1
6 1 2
6 2 2
6 3 2
6 4 1
6 5 2
7 0 2
7 1 2
7 2 1
7 3 1
7 4 2
7 5 2
7 6 1
8 0 1
8 1 2
8 2 1
8 3 2
8 4 2
8 5 2
8 6 2
8 7 1
9 0 2
9 1 2
9 2 2
9 3 2
9 4 1
9 5 1
9 6 2
9 7 1
9 8 1
10 0 1
10 1 2
10 2 2
10 3 1
10 4 2
10 5 2
10 6 2
10 7 1
10 8 2
10 9 2
11 0 1
11 1 1
11 2 2
11 3 1
11 4 2
11 5 1
11 6 1
11 7 2
11 8 2
11 9 2
11 10 1
12 0 2
12 1 1
12 2 1
12 3 2
12 4 1
12 5 1
12 6 2
12 7 1
12 8 2
12 9 2
12 10 2
12 11 1
13 0 1
13 1 2
13 2 1
13 3 1
13 4 2
13 5 1
13 6 2
13 7 2
13 8 1
13 9 2
13 10 2
13 11 2
13 12 1
14 0 2
14 1 1
14 2 1
14 3 1
14 4 1
14 5 1
14 6 2
14 7 1
14 8 2
14 9 2
14 10 1
14 11 2
14 12 1
14 13 2
15 0 1
15 1 1
15 2 1
15 3 2
15 4 1
15 5 1
15 6 1
15 7 1
15 8 1
15 9 1
15 10 1
15 11 1
15 12 1
15 13 1
15 14 2
16 0 1
16 1 1
16 2 2
16 3 1
16 4 1
16 5 2
16 6 2
16 7 1
16 8 1
16 9 1
16 10 2
16 11 2
16 12 2
16 13 1
16 14 2
16 15 2
17 0 2
17 1 1
17 2 1
17 3 2
17 4 2
17 5 2
17 6 2
17 7 2
17 8 2
17 9 1
17 10 2
17 11 2
17 12 2
17 13 1
17 14 2
17 15 2
17 16 2
18 0 2
18 1 1
18 2 2
18 3 2
18 4 2
18 5 1
18 6 1
18 7 2
18 8 1
18 9 1
18 10 1
18 11 1
18 12 1
18 13 1
18 14 1
18 15 2
18 16 2
18 17 1
19 0 2
19 1 1
19 2 2
19 3 2
19 4 1
19 5 2
19 6 1
19 7 2
19 8 2
19 9 2
19 10 2
19 11 1
19 12 1
19 13 2
19 14 1
19 15 1
19 16 1
19 17 2
19 18 2
