15
1 0 7
2 0 6
2 1 5
3 0 9
3 1 9
3 2 8
4 0 3
4 1 8
4 2 3
4 3 4
5 0 2
5 1 6
5 2 6
5 3 5
5 4 8
6 0 8
6 1 3
6 2 7
6 3 8
6 4 5
6 5 9
7 0 8
7 1 5
7 2 2
7 3 9
7 4 1
7 5 9
7 6 4
8 0 2
8 1 4
8 2 2
8 3 6
8 4 2
8 5 6
8 6 7
8 7 6
9 0 8
9 1 4
9 2 8
9 3 1
9 4 4
9 5 5
9 6 4
9 7 6
9 8 6
10 0 9
10 1 6
10 2 1
10 3 2
10 4 6
10 5 7
10 6 9
10 7 6
10 8 8
10 9 6
11 0 5
11 1 7
11 2 5
11 3 4
11 4 1
11 5 6
11 6 8
11 7 3
11 8 8
11 9 5
11 10 4
12 0 3
12 1 3
12 2 5
12 3 5
12 4 4
12 5 5
12 6 2
12 7 4
12 8 5
12 9 7
12 10 7
12 11 4
13 0 6
13 1 6
13 2 2
13 3 4
13 4 2
13 5 7
13 6 2
13 7 4
13 8 3
13 9 3
13 10 5
13 11 1
13 12 6
14 0 3
14 1 7
14 2 4
14 3 6
14 4 4
14 5 1
14 6 4
14 7 4
14 8 9
14 9 9
14 10 6
14 11 3
14 12 7
14 13 2
