30
1 0 6
3 0 2
3 1 4
3 2 3
4 2 5
5 2 4
6 3 3
7 0 5
7 1 7
7 2 1
7 3 6
7 5 1
8 0 3
8 2 6
8 4 1
8 6 3
8 7 3
9 0 7
9 3 4
9 6 6
9 7 7
10 0 1
10 2 3
10 3 2
10 7 7
10 8 6
10 9 5
11 0 7
11 1 1
11 3 6
11 5 4
11 6 4
11 7 1
11 9 2
12 0 7
12 1 4
12 2 2
12 6 1
12 7 4
12 9 2
12 10 6
12 11 3
13 0 2
13 1 1
13 2 5
13 4 1
13 5 7
13 6 2
13 7 1
13 8 3
13 9 2
13 10 7
13 11 7
14 0 1
14 2 7
14 6 5
14 10 3
14 11 5
14 12 7
15 1 5
15 3 1
15 4 2
15 5 5
16 1 5
16 2 5
16 3 7
16 7 5
16 8 5
16 9 7
16 11 3
16 15 6
17 0 5
17 1 1
17 2 6
17 3 1
17 4 3
17 5 1
17 7 1
17 8 4
17 11 1
17 13 1
17 14 5
17 15 7
18 3 6
18 5 7
18 7 4
18 8 5
18 9 6
18 11 6
18 12 6
18 13 6
18 15 2
18 17 6
19 0 4
19 2 5
19 6 7
19 7 3
19 8 4
19 9 4
19 12 7
19 15 7
19 16 6
19 18 4
20 0 5
20 2 5
20 4 7
20 5 2
20 10 7
20 11 1
20 12 6
20 15 1
20 16 7
20 17 7
20 18 3
21 0 6
21 1 6
21 6 1
21 8 6
21 12 7
21 13 4
21 15 2
21 17 4
21 19 1
22 0 2
22 1 3
22 4 1
22 5 2
22 6 7
22 7 1
22 8 4
22 13 5
22 15 4
22 17 1
22 19 2
23 2 1
23 3 6
23 5 6
23 8 2
23 11 5
23 12 2
23 13 7
23 14 6
23 15 3
23 18 6
23 19 3
23 22 3
24 5 5
24 8 6
24 14 2
24 16 6
24 17 4
24 18 2
24 23 3
25 0 1
25 7 2
25 11 1
25 15 7
25 16 5
25 17 6
25 19 2
25 22 7
25 23 4
25 24 1
26 0 3
26 3 4
26 4 6
26 5 5
26 6 2
26 7 5
26 9 2
26 13 7
26 16 2
26 18 1
26 20 3
26 21 1
26 22 1
26 23 1
26 24 6
26 25 3
27 0 4
27 2 6
27 3 6
27 5 5
27 6 1
27 7 2
27 12 4
27 13 7
27 15 1
27 16 6
27 19 5
27 21 2
27 23 5
27 24 3
27 25 6
28 0 1
28 1 7
28 2 2
28 10 2
28 11 5
28 14 5
28 16 4
28 18 2
28 20 1
28 22 1
28 23 6
28 24 4
28 25 1
28 26 2
29 0 1
29 2 3
29 5 4
29 6 5
29 7 5
29 10 1
29 12 1
29 17 3
29 18 1
29 22 2
29 23 6
29 24 6
