30
3 0 4
3 1 1
4 1 7
4 2 3
5 4 6
6 2 3
6 3 1
7 0 6
7 2 8
7 4 1
7 6 3
8 0 4
8 1 5
8 2 4
8 3 1
8 7 2
9 4 8
9 5 5
9 7 6
9 8 7
10 0 5
10 1 5
10 3 4
10 6 6
10 8 6
11 0 8
11 1 1
11 2 3
11 3 8
11 10 6
12 0 5
12 5 4
12 6 1
12 8 6
13 0 4
13 2 4
13 4 5
13 5 3
13 6 4
13 9 2
14 0 2
14 1 6
14 2 4
14 3 1
14 4 4
14 5 1
14 6 8
14 8 5
14 9 2
14 10 1
14 13 7
15 1 5
15 2 8
15 4 8
15 7 7
15 8 5
15 9 8
15 10 7
15 12 6
15 14 1
16 0 6
16 2 6
16 4 2
16 8 6
16 9 1
16 10 7
16 12 8
16 14 5
17 0 4
17 1 4
17 3 4
17 5 4
17 7 1
17 8 4
17 9 3
17 12 5
17 14 7
17 15 6
18 0 4
18 2 1
18 4 1
18 5 3
18 6 5
18 8 7
18 12 5
18 13 6
18 15 6
18 16 4
19 0 2
19 2 1
19 4 7
19 7 2
19 8 5
19 9 3
19 15 2
19 17 7
20 0 4
20 1 7
20 3 5
20 6 3
20 9 5
20 12 3
20 15 7
20 18 8
20 19 7
21 0 4
21 2 3
21 6 5
21 13 6
21 16 3
21 17 3
21 18 3
21 19 7
21 20 2
22 1 7
22 2 6
22 3 3
22 5 8
22 6 2
22 7 3
22 10 5
22 11 7
22 15 6
22 18 3
22 19 2
23 1 1
23 3 1
23 4 3
23 7 6
23 8 6
23 9 3
23 11 3
23 12 4
23 13 8
23 18 8
24 0 8
24 2 7
24 3 4
24 4 6
24 5 8
24 6 7
24 14 4
24 19 3
24 20 7
24 21 6
25 5 4
25 7 4
25 8 3
25 13 8
25 14 7
25 15 7
25 20 2
25 21 7
25 22 6
25 24 5
26 0 2
26 2 1
26 3 4
26 4 4
26 6 5
26 7 4
26 8 2
26 14 6
26 16 1
26 18 6
26 20 1
26 21 5
26 23 1
26 24 5
27 3 6
27 6 1
27 11 2
27 12 3
27 13 7
27 16 7
27 17 3
27 18 8
27 22 3
27 23 3
27 24 1
27 25 1
28 1 5
28 2 7
28 5 5
28 8 5
28 10 3
28 12 5
28 13 1
28 15 8
28 19 8
28 20 7
28 21 6
28 22 1
28 24 6
28 25 1
29 4 5
29 5 1
29 8 3
29 12 4
29 13 4
29 14 7
29 16 6
29 23 5
29 28 5
