20
1 0 6
2 1 6
4 1 7
4 2 7
4 3 2
5 0 6
5 2 7
5 3 9
6 2 3
6 5 3
7 0 8
7 2 6
7 3 2
7 5 3
8 0 6
8 1 8
8 4 5
8 7 5
9 0 6
9 1 2
9 2 4
9 3 5
9 4 7
9 6 7
9 7 8
10 0 6
10 2 1
10 4 7
10 5 4
10 6 8
10 8 8
11 3 2
11 5 3
11 7 5
11 8 3
11 10 7
12 2 6
12 8 5
12 9 1
12 10 5
12 11 4
13 1 3
13 3 1
13 4 6
13 5 3
13 7 4
13 9 1
13 10 7
13 11 1
13 12 9
14 2 8
14 3 6
14 4 9
14 6 2
14 7 7
14 8 4
14 11 6
14 13 1
15 0 1
15 4 2
15 7 4
15 9 6
15 10 8
15 11 4
16 0 8
16 2 6
16 3 5
16 4 6
16 11 3
16 13 5
16 15 7
17 0 3
17 2 1
17 5 2
17 8 4
17 11 6
17 14 3
18 2 8
18 4 6
18 5 3
18 8 5
18 9 1
18 10 1
18 12 8
18 13 4
18 14 7
18 15 3
18 17 4
19 0 6
19 2 4
19 4 1
19 5 1
19 7 4
19 8 2
19 9 6
19 10 7
19 11 5
19 13 6
19 14 3
19 15 9
19 18 7
