70
1 0 7
2 0 7
2 1 3
3 0 2
3 1 1
3 2 1
4 0 2
4 1 4
4 2 7
4 3 4
5 0 4
5 1 1
5 2 1
5 3 3
5 4 7
6 0 6
6 1 6
6 2 6
6 3 7
6 4 6
6 5 1
7 0 5
7 1 2
7 2 3
7 3 6
7 4 6
7 5 3
7 6 2
8 0 4
8 1 2
8 2 7
8 3 5
8 4 2
8 5 1
8 6 7
8 7 4
9 0 6
9 1 5
9 2 3
9 3 4
9 4 1
9 5 2
9 6 7
9 7 3
9 8 2
10 0 2
10 1 7
10 2 3
10 3 4
10 4 7
10 5 5
10 6 1
10 7 7
10 8 2
10 9 7
11 0 7
11 1 7
11 2 4
11 3 4
11 4 2
11 5 7
11 6 7
11 7 5
11 8 7
11 9 7
11 10 7
12 0 6
12 1 2
12 2 6
12 3 5
12 4 4
12 5 5
12 6 7
12 7 5
12 8 1
12 9 2
12 10 7
12 11 6
13 0 6
13 1 1
13 2 5
13 3 7
13 4 2
13 5 5
13 6 3
13 7 3
13 8 2
13 9 5
13 10 5
13 11 2
13 12 4
14 0 1
14 1 7
14 2 2
14 3 1
14 4 6
14 5 3
14 6 6
14 7 4
14 8 3
14 9 1
14 10 1
14 11 6
14 12 4
14 13 2
15 0 5
15 1 3
15 2 1
15 3 3
15 4 7
15 5 2
15 6 6
15 7 1
15 8 5
15 9 2
15 10 2
15 11 1
15 12 2
15 13 3
15 14 4
16 0 2
16 1 1
16 2 5
16 3 1
16 4 6
16 5 6
16 6 3
16 7 1
16 8 4
16 9 6
16 10 5
16 11 3
16 12 4
16 13 3
16 14 1
16 15 3
17 0 2
17 1 6
17 2 3
17 3 1
17 4 3
17 5 5
17 6 7
17 7 7
17 8 2
17 9 5
17 10 6
17 11 1
17 12 6
17 13 3
17 14 6
17 15 2
17 16 3
18 0 4
18 1 6
18 2 1
18 3 3
18 4 2
18 5 6
18 6 4
18 7 1
18 8 4
18 9 6
18 10 1
18 11 4
18 12 7
18 13 3
18 14 6
18 15 3
18 16 2
18 17 3
19 0 1
19 1 7
19 2 5
19 3 4
19 4 4
19 5 3
19 6 2
19 7 1
19 8 1
19 9 5
19 10 5
19 11 5
19 12 5
19 13 2
19 14 4
19 15 2
19 16 7
19 17 1
19 18 7
20 0 2
20 1 7
20 2 5
20 3 6
20 4 7
20 5 2
20 6 5
20 7 2
20 8 1
20 9 2
20 10 2
20 11 1
20 12 5
20 13 5
20 14 3
20 15 2
20 16 6
20 17 4
20 18 4
20 19 2
21 0 2
21 1 4
21 2 1
21 3 4
21 4 5
21 5 5
21 6 1
21 7 7
21 8 6
21 9 3
21 10 7
21 11 3
21 12 3
21 13 3
21 14 5
21 15 4
21 16 4
21 17 3
21 18 1
21 19 3
21 20 7
22 0 5
22 1 4
22 2 2
22 3 4
22 4 5
22 5 1
22 6 6
22 7 6
22 8 6
22 9 2
22 10 3
22 11 4
22 12 4
22 13 1
22 14 2
22 15 5
22 16 5
22 17 4
22 18 2
22 19 7
22 20 4
22 21 2
23 0 1
23 1 7
23 2 1
23 3 1
23 4 4
23 5 5
23 6 7
23 7 5
23 8 7
23 9 2
23 10 3
23 11 3
23 12 7
23 13 6
23 14 6
23 15 7
23 16 7
23 17 2
23 18 2
23 19 5
23 20 7
23 21 7
23 22 1
24 0 5
24 1 1
24 2 1
24 3 6
24 4 7
24 5 6
24 6 2
24 7 5
24 8 7
24 9 7
24 10 2
24 11 3
24 12 6
24 13 4
24 14 5
24 15 4
24 16 7
24 17 3
24 18 3
24 19 3
24 20 1
24 21 4
24 22 5
24 23 2
25 0 5
25 1 5
25 2 1
25 3 3
25 4 2
25 5 5
25 6 3
25 7 6
25 8 5
25 9 2
25 10 6
25 11 2
25 12 7
25 13 3
25 14 1
25 15 3
25 16 4
25 17 3
25 18 3
25 19 1
25 20 4
25 21 3
25 22 6
25 23 3
25 24 6
26 0 7
26 1 7
26 2 2
26 3 6
26 4 3
26 5 7
26 6 7
26 7 4
26 8 7
26 9 3
26 10 4
26 11 6
26 12 4
26 13 7
26 14 7
26 15 6
26 16 7
26 17 6
26 18 3
26 19 4
26 20 1
26 21 2
26 22 3
26 23 4
26 24 3
26 25 2
27 0 6
27 1 2
27 2 6
27 3 5
27 4 5
27 5 1
27 6 6
27 7 2
27 8 6
27 9 6
27 10 6
27 11 1
27 12 7
27 13 6
27 14 3
27 15 7
27 16 4
27 17 1
27 18 2
27 19 2
27 20 6
27 21 3
27 22 3
27 23 6
27 24 3
27 25 3
27 26 1
28 0 6
28 1 7
28 2 3
28 3 6
28 4 4
28 5 6
28 6 2
28 7 5
28 8 1
28 9 6
28 10 7
28 11 5
28 12 4
28 13 6
28 14 1
28 15 2
28 16 1
28 17 4
28 18 1
28 19 3
28 20 6
28 21 7
28 22 6
28 23 6
28 24 1
28 25 1
28 26 6
28 27 5
29 0 6
29 1 5
29 2 3
29 3 5
29 4 2
29 5 1
29 6 7
29 7 3
29 8 4
29 9 7
29 10 2
29 11 2
29 12 6
29 13 4
29 14 1
29 15 3
29 16 3
29 17 2
29 18 2
29 19 1
29 20 1
29 21 4
29 22 1
29 23 4
29 24 1
29 25 1
29 26 4
29 27 7
29 28 1
30 0 3
30 1 3
30 2 7
30 3 7
30 4 1
30 5 6
30 6 4
30 7 7
30 8 3
30 9 7
30 10 7
30 11 3
30 12 6
30 13 4
30 14 5
30 15 5
30 16 5
30 17 5
30 18 2
30 19 7
30 20 3
30 21 7
30 22 6
30 23 4
30 24 3
30 25 6
30 26 1
30 27 3
30 28 7
30 29 7
31 0 2
31 1 5
31 2 4
31 3 4
31 4 2
31 5 1
31 6 5
31 7 3
31 8 4
31 9 1
31 10 3
31 11 2
31 12 4
31 13 3
31 14 7
31 15 2
31 16 7
31 17 7
31 18 1
31 19 6
31 20 2
31 21 3
31 22 4
31 23 5
31 24 1
31 25 2
31 26 4
31 27 1
31 28 6
31 29 1
31 30 6
32 0 3
32 1 3
32 2 2
32 3 1
32 4 2
32 5 2
32 6 3
32 7 6
32 8 3
32 9 2
32 10 4
32 11 6
32 12 6
32 13 7
32 14 4
32 15 5
32 16 3
32 17 7
32 18 6
32 19 2
32 20 5
32 21 4
32 22 7
32 23 7
32 24 5
32 25 1
32 26 4
32 27 5
32 28 2
32 29 1
32 30 5
32 31 2
33 0 3
33 1 6
33 2 7
33 3 7
33 4 6
33 5 7
33 6 5
33 7 1
33 8 1
33 9 1
33 10 6
33 11 5
33 12 5
33 13 7
33 14 3
33 15 6
33 16 6
33 17 6
33 18 4
33 19 4
33 20 2
33 21 6
33 22 3
33 23 5
33 24 6
33 25 4
33 26 5
33 27 3
33 28 6
33 29 4
33 30 1
33 31 4
33 32 3
34 0 7
34 1 7
34 2 5
34 3 5
34 4 1
34 5 1
34 6 5
34 7 4
34 8 2
34 9 1
34 10 3
34 11 4
34 12 5
34 13 7
34 14 3
34 15 2
34 16 5
34 17 4
34 18 2
34 19 7
34 20 2
34 21 7
34 22 7
34 23 7
34 24 5
34 25 3
34 26 6
34 27 6
34 28 2
34 29 7
34 30 3
34 31 3
34 32 3
34 33 6
35 0 1
35 1 3
35 2 1
35 3 4
35 4 5
35 5 6
35 6 6
35 7 5
35 8 6
35 9 7
35 10 5
35 11 7
35 12 2
35 13 1
35 14 6
35 15 2
35 16 2
35 17 4
35 18 1
35 19 3
35 20 5
35 21 4
35 22 7
35 23 7
35 24 1
35 25 1
35 26 2
35 27 4
35 28 6
35 29 4
35 30 6
35 31 4
35 32 5
35 33 1
35 34 6
36 0 7
36 1 6
36 2 4
36 3 5
36 4 7
36 5 4
36 6 7
36 7 7
36 8 3
36 9 2
36 10 6
36 11 3
36 12 1
36 13 4
36 14 3
36 15 1
36 16 2
36 17 6
36 18 7
36 19 5
36 20 4
36 21 2
36 22 4
36 23 3
36 24 5
36 25 3
36 26 1
36 27 5
36 28 3
36 29 3
36 30 5
36 31 2
36 32 3
36 33 2
36 34 5
36 35 2
37 0 3
37 1 1
37 2 4
37 3 1
37 4 6
37 5 6
37 6 2
37 7 5
37 8 1
37 9 4
37 10 4
37 11 5
37 12 2
37 13 2
37 14 1
37 15 2
37 16 5
37 17 5
37 18 3
37 19 2
37 20 3
37 21 1
37 22 4
37 23 6
37 24 7
37 25 2
37 26 6
37 27 6
37 28 4
37 29 5
37 30 3
37 31 2
37 32 2
37 33 2
37 34 6
37 35 5
37 36 3
38 0 7
38 1 2
38 2 7
38 3 4
38 4 5
38 5 1
38 6 7
38 7 6
38 8 1
38 9 6
38 10 6
38 11 2
38 12 7
38 13 1
38 14 1
38 15 7
38 16 1
38 17 5
38 18 6
38 19 2
38 20 3
38 21 1
38 22 4
38 23 2
38 24 7
38 25 1
38 26 4
38 27 7
38 28 3
38 29 1
38 30 3
38 31 5
38 32 7
38 33 5
38 34 5
38 35 1
38 36 1
38 37 6
39 0 2
39 1 1
39 2 3
39 3 4
39 4 4
39 5 3
39 6 4
39 7 3
39 8 1
39 9 6
39 10 1
39 11 2
39 12 3
39 13 1
39 14 7
39 15 1
39 16 2
39 17 2
39 18 5
39 19 5
39 20 7
39 21 1
39 22 6
39 23 3
39 24 7
39 25 5
39 26 2
39 27 5
39 28 1
39 29 5
39 30 7
39 31 1
39 32 3
39 33 3
39 34 2
39 35 6
39 36 4
39 37 2
39 38 1
40 0 1
40 1 1
40 2 6
40 3 3
40 4 4
40 5 1
40 6 1
40 7 3
40 8 7
40 9 5
40 10 2
40 11 2
40 12 3
40 13 4
40 14 5
40 15 7
40 16 6
40 17 4
40 18 6
40 19 7
40 20 4
40 21 3
40 22 7
40 23 4
40 24 3
40 25 1
40 26 4
40 27 5
40 28 7
40 29 4
40 30 5
40 31 2
40 32 4
40 33 4
40 34 4
40 35 1
40 36 5
40 37 7
40 38 6
40 39 5
41 0 6
41 1 3
41 2 6
41 3 6
41 4 3
41 5 2
41 6 2
41 7 3
41 8 4
41 9 3
41 10 1
41 11 5
41 12 7
41 13 6
41 14 4
41 15 3
41 16 5
41 17 1
41 18 3
41 19 3
41 20 7
41 21 5
41 22 7
41 23 7
41 24 6
41 25 6
41 26 2
41 27 2
41 28 7
41 29 1
41 30 3
41 31 5
41 32 7
41 33 6
41 34 2
41 35 2
41 36 4
41 37 3
41 38 2
41 39 6
41 40 4
42 0 1
42 1 5
42 2 6
42 3 4
42 4 7
42 5 3
42 6 6
42 7 6
42 8 4
42 9 2
42 10 1
42 11 7
42 12 6
42 13 3
42 14 7
42 15 6
42 16 1
42 17 2
42 18 1
42 19 6
42 20 3
42 21 5
42 22 5
42 23 6
42 24 7
42 25 6
42 26 6
42 27 5
42 28 6
42 29 4
42 30 3
42 31 5
42 32 2
42 33 4
42 34 5
42 35 5
42 36 4
42 37 1
42 38 3
42 39 2
42 40 5
42 41 7
43 0 1
43 1 7
43 2 1
43 3 1
43 4 2
43 5 1
43 6 5
43 7 6
43 8 6
43 9 1
43 10 3
43 11 3
43 12 1
43 13 3
43 14 6
43 15 7
43 16 7
43 17 7
43 18 6
43 19 3
43 20 2
43 21 1
43 22 7
43 23 7
43 24 4
43 25 3
43 26 6
43 27 2
43 28 6
43 29 4
43 30 3
43 31 2
43 32 7
43 33 3
43 34 2
43 35 2
43 36 4
43 37 5
43 38 3
43 39 5
43 40 4
43 41 3
43 42 5
44 0 6
44 1 6
44 2 6
44 3 1
44 4 4
44 5 2
44 6 6
44 7 5
44 8 1
44 9 7
44 10 3
44 11 2
44 12 2
44 13 2
44 14 1
44 15 2
44 16 5
44 17 3
44 18 1
44 19 5
44 20 2
44 21 4
44 22 1
44 23 6
44 24 2
44 25 1
44 26 5
44 27 2
44 28 4
44 29 2
44 30 4
44 31 2
44 32 7
44 33 1
44 34 4
44 35 1
44 36 5
44 37 2
44 38 7
44 39 3
44 40 3
44 41 1
44 42 3
44 43 4
45 0 4
45 1 6
45 2 3
45 3 3
45 4 7
45 5 6
45 6 1
45 7 3
45 8 5
45 9 1
45 10 1
45 11 4
45 12 1
45 13 5
45 14 2
45 15 6
45 16 1
45 17 4
45 18 5
45 19 1
45 20 7
45 21 6
45 22 3
45 23 3
45 24 7
45 25 1
45 26 1
45 27 2
45 28 3
45 29 4
45 30 7
45 31 2
45 32 3
45 33 4
45 34 4
45 35 2
45 36 4
45 37 6
45 38 6
45 39 3
45 40 6
45 41 7
45 42 4
45 43 4
45 44 1
46 0 3
46 1 5
46 2 5
46 3 5
46 4 7
46 5 5
46 6 6
46 7 7
46 8 2
46 9 3
46 10 4
46 11 1
46 12 2
46 13 3
46 14 4
46 15 7
46 16 1
46 17 3
46 18 6
46 19 2
46 20 1
46 21 6
46 22 7
46 23 1
46 24 6
46 25 2
46 26 2
46 27 7
46 28 7
46 29 3
46 30 7
46 31 5
46 32 7
46 33 1
46 34 6
46 35 1
46 36 5
46 37 4
46 38 7
46 39 1
46 40 3
46 41 5
46 42 3
46 43 2
46 44 2
46 45 2
47 0 2
47 1 4
47 2 1
47 3 1
47 4 2
47 5 2
47 6 4
47 7 6
47 8 6
47 9 6
47 10 4
47 11 7
47 12 6
47 13 2
47 14 3
47 15 3
47 16 6
47 17 5
47 18 5
47 19 4
47 20 1
47 21 5
47 22 7
47 23 6
47 24 3
47 25 3
47 26 4
47 27 7
47 28 3
47 29 1
47 30 1
47 31 6
47 32 6
47 33 5
47 34 5
47 35 5
47 36 4
47 37 1
47 38 6
47 39 5
47 40 4
47 41 2
47 42 4
47 43 5
47 44 2
47 45 7
47 46 2
48 0 6
48 1 1
48 2 1
48 3 2
48 4 1
48 5 5
48 6 5
48 7 3
48 8 2
48 9 1
48 10 1
48 11 2
48 12 1
48 13 4
48 14 2
48 15 1
48 16 7
48 17 1
48 18 2
48 19 3
48 20 7
48 21 3
48 22 3
48 23 4
48 24 6
48 25 7
48 26 4
48 27 2
48 28 2
48 29 7
48 30 5
48 31 2
48 32 7
48 33 6
48 34 4
48 35 5
48 36 6
48 37 5
48 38 6
48 39 7
48 40 3
48 41 6
48 42 2
48 43 2
48 44 6
48 45 5
48 46 6
48 47 4
49 0 3
49 1 1
49 2 7
49 3 5
49 4 1
49 5 1
49 6 2
49 7 3
49 8 4
49 9 7
49 10 5
49 11 2
49 12 2
49 13 3
49 14 3
49 15 2
49 16 6
49 17 5
49 18 3
49 19 6
49 20 4
49 21 4
49 22 1
49 23 3
49 24 4
49 25 3
49 26 1
49 27 6
49 28 4
49 29 4
49 30 2
49 31 2
49 32 1
49 33 1
49 34 2
49 35 2
49 36 1
49 37 1
49 38 3
49 39 2
49 40 6
49 41 7
49 42 5
49 43 1
49 44 3
49 45 2
49 46 7
49 47 1
49 48 7
50 0 6
50 1 5
50 2 4
50 3 1
50 4 4
50 5 3
50 6 2
50 7 7
50 8 7
50 9 3
50 10 3
50 11 5
50 12 1
50 13 7
50 14 1
50 15 7
50 16 6
50 17 7
50 18 6
50 19 3
50 20 4
50 21 1
50 22 3
50 23 1
50 24 7
50 25 6
50 26 7
50 27 1
50 28 5
50 29 6
50 30 3
50 31 5
50 32 4
50 33 4
50 34 3
50 35 2
50 36 4
50 37 2
50 38 7
50 39 6
50 40 1
50 41 3
50 42 4
50 43 7
50 44 1
50 45 1
50 46 2
50 47 4
50 48 1
50 49 7
51 0 4
51 1 4
51 2 6
51 3 6
51 4 7
51 5 2
51 6 6
51 7 2
51 8 1
51 9 2
51 10 4
51 11 1
51 12 4
51 13 2
51 14 2
51 15 2
51 16 2
51 17 5
51 18 4
51 19 1
51 20 3
51 21 7
51 22 7
51 23 6
51 24 1
51 25 7
51 26 3
51 27 5
51 28 6
51 29 7
51 30 5
51 31 5
51 32 6
51 33 2
51 34 5
51 35 6
51 36 7
51 37 3
51 38 2
51 39 7
51 40 7
51 41 7
51 42 7
51 43 2
51 44 1
51 45 3
51 46 5
51 47 5
51 48 2
51 49 7
51 50 6
52 0 6
52 1 2
52 2 1
52 3 3
52 4 6
52 5 4
52 6 7
52 7 6
52 8 7
52 9 6
52 10 5
52 11 2
52 12 6
52 13 1
52 14 7
52 15 3
52 16 4
52 17 6
52 18 2
52 19 6
52 20 2
52 21 4
52 22 6
52 23 4
52 24 1
52 25 1
52 26 5
52 27 6
52 28 2
52 29 4
52 30 3
52 31 5
52 32 2
52 33 7
52 34 6
52 35 2
52 36 7
52 37 6
52 38 7
52 39 3
52 40 5
52 41 5
52 42 3
52 43 3
52 44 2
52 45 2
52 46 2
52 47 5
52 48 1
52 49 5
52 50 6
52 51 5
53 0 3
53 1 5
53 2 2
53 3 4
53 4 5
53 5 5
53 6 2
53 7 7
53 8 7
53 9 6
53 10 1
53 11 1
53 12 5
53 13 5
53 14 5
53 15 2
53 16 6
53 17 7
53 18 2
53 19 4
53 20 5
53 21 3
53 22 6
53 23 3
53 24 7
53 25 4
53 26 3
53 27 2
53 28 5
53 29 6
53 30 3
53 31 6
53 32 2
53 33 5
53 34 1
53 35 5
53 36 4
53 37 7
53 38 6
53 39 1
53 40 4
53 41 6
53 42 6
53 43 5
53 44 2
53 45 6
53 46 3
53 47 3
53 48 1
53 49 5
53 50 4
53 51 1
53 52 6
54 0 1
54 1 3
54 2 5
54 3 6
54 4 1
54 5 1
54 6 6
54 7 3
54 8 2
54 9 6
54 10 4
54 11 1
54 12 7
54 13 6
54 14 6
54 15 1
54 16 3
54 17 1
54 18 3
54 19 6
54 20 2
54 21 7
54 22 5
54 23 3
54 24 2
54 25 3
54 26 2
54 27 4
54 28 6
54 29 1
54 30 7
54 31 5
54 32 7
54 33 3
54 34 1
54 35 1
54 36 2
54 37 2
54 38 7
54 39 2
54 40 5
54 41 4
54 42 1
54 43 2
54 44 3
54 45 3
54 46 4
54 47 2
54 48 6
54 49 2
54 50 1
54 51 4
54 52 4
54 53 4
55 0 2
55 1 7
55 2 4
55 3 1
55 4 3
55 5 7
55 6 7
55 7 6
55 8 3
55 9 2
55 10 4
55 11 1
55 12 7
55 13 2
55 14 6
55 15 2
55 16 4
55 17 6
55 18 5
55 19 4
55 20 1
55 21 3
55 22 2
55 23 3
55 24 6
55 25 3
55 26 4
55 27 6
55 28 4
55 29 3
55 30 7
55 31 2
55 32 6
55 33 3
55 34 6
55 35 7
55 36 4
55 37 6
55 38 2
55 39 6
55 40 7
55 41 4
55 42 2
55 43 7
55 44 7
55 45 2
55 46 4
55 47 4
55 48 2
55 49 2
55 50 7
55 51 6
55 52 5
55 53 5
55 54 7
56 0 6
56 1 7
56 2 6
56 3 4
56 4 4
56 5 4
56 6 2
56 7 5
56 8 4
56 9 1
56 10 5
56 11 2
56 12 3
56 13 1
56 14 3
56 15 3
56 16 4
56 17 2
56 18 6
56 19 5
56 20 6
56 21 5
56 22 4
56 23 4
56 24 4
56 25 5
56 26 6
56 27 3
56 28 6
56 29 4
56 30 1
56 31 5
56 32 1
56 33 4
56 34 2
56 35 1
56 36 3
56 37 3
56 38 7
56 39 7
56 40 5
56 41 6
56 42 7
56 43 5
56 44 2
56 45 3
56 46 2
56 47 7
56 48 4
56 49 3
56 50 4
56 51 6
56 52 4
56 53 3
56 54 5
56 55 5
57 0 4
57 1 6
57 2 2
57 3 1
57 4 5
57 5 4
57 6 3
57 7 4
57 8 4
57 9 1
57 10 6
57 11 6
57 12 6
57 13 3
57 14 1
57 15 1
57 16 5
57 17 5
57 18 1
57 19 4
57 20 2
57 21 7
57 22 2
57 23 7
57 24 4
57 25 4
57 26 3
57 27 4
57 28 1
57 29 6
57 30 6
57 31 5
57 32 2
57 33 7
57 34 5
57 35 1
57 36 3
57 37 7
57 38 2
57 39 7
57 40 5
57 41 6
57 42 2
57 43 2
57 44 2
57 45 4
57 46 2
57 47 1
57 48 3
57 49 6
57 50 3
57 51 3
57 52 7
57 53 5
57 54 1
57 55 3
57 56 7
58 0 1
58 1 5
58 2 4
58 3 6
58 4 4
58 5 6
58 6 3
58 7 1
58 8 6
58 9 4
58 10 4
58 11 7
58 12 5
58 13 5
58 14 6
58 15 2
58 16 4
58 17 2
58 18 5
58 19 5
58 20 7
58 21 3
58 22 2
58 23 4
58 24 4
58 25 1
58 26 4
58 27 1
58 28 4
58 29 7
58 30 4
58 31 7
58 32 5
58 33 5
58 34 1
58 35 4
58 36 5
58 37 1
58 38 1
58 39 6
58 40 2
58 41 3
58 42 6
58 43 5
58 44 4
58 45 6
58 46 3
58 47 2
58 48 6
58 49 3
58 50 1
58 51 2
58 52 4
58 53 4
58 54 5
58 55 3
58 56 6
58 57 4
59 0 5
59 1 6
59 2 5
59 3 1
59 4 4
59 5 1
59 6 2
59 7 7
59 8 3
59 9 1
59 10 5
59 11 7
59 12 6
59 13 6
59 14 3
59 15 5
59 16 1
59 17 3
59 18 1
59 19 2
59 20 7
59 21 2
59 22 7
59 23 2
59 24 3
59 25 7
59 26 2
59 27 3
59 28 4
59 29 1
59 30 1
59 31 1
59 32 4
59 33 5
59 34 4
59 35 5
59 36 5
59 37 3
59 38 4
59 39 6
59 40 5
59 41 7
59 42 7
59 43 7
59 44 6
59 45 6
59 46 7
59 47 3
59 48 7
59 49 6
59 50 1
59 51 3
59 52 2
59 53 7
59 54 7
59 55 6
59 56 6
59 57 5
59 58 1
60 0 4
60 1 4
60 2 4
60 3 7
60 4 4
60 5 3
60 6 6
60 7 6
60 8 1
60 9 4
60 10 3
60 11 5
60 12 3
60 13 7
60 14 5
60 15 4
60 16 7
60 17 5
60 18 2
60 19 1
60 20 3
60 21 7
60 22 2
60 23 5
60 24 3
60 25 1
60 26 2
60 27 2
60 28 3
60 29 6
60 30 1
60 31 6
60 32 5
60 33 7
60 34 4
60 35 4
60 36 7
60 37 3
60 38 6
60 39 7
60 40 1
60 41 6
60 42 5
60 43 2
60 44 5
60 45 6
60 46 2
60 47 4
60 48 6
60 49 3
60 50 6
60 51 1
60 52 6
60 53 2
60 54 1
60 55 2
60 56 1
60 57 7
60 58 3
60 59 3
61 0 7
61 1 1
61 2 7
61 3 6
61 4 4
61 5 3
61 6 1
61 7 6
61 8 1
61 9 1
61 10 5
61 11 7
61 12 1
61 13 7
61 14 3
61 15 4
61 16 1
61 17 3
61 18 6
61 19 1
61 20 4
61 21 7
61 22 6
61 23 1
61 24 4
61 25 5
61 26 2
61 27 5
61 28 4
61 29 7
61 30 7
61 31 1
61 32 1
61 33 2
61 34 5
61 35 7
61 36 6
61 37 4
61 38 4
61 39 2
61 40 5
61 41 3
61 42 2
61 43 1
61 44 7
61 45 5
61 46 7
61 47 1
61 48 1
61 49 2
61 50 6
61 51 7
61 52 2
61 53 6
61 54 6
61 55 3
61 56 3
61 57 5
61 58 1
61 59 5
61 60 2
62 0 7
62 1 3
62 2 6
62 3 3
62 4 7
62 5 4
62 6 5
62 7 4
62 8 2
62 9 4
62 10 4
62 11 7
62 12 7
62 13 3
62 14 1
62 15 3
62 16 6
62 17 2
62 18 6
62 19 6
62 20 5
62 21 1
62 22 7
62 23 3
62 24 5
62 25 2
62 26 4
62 27 7
62 28 6
62 29 1
62 30 6
62 31 7
62 32 4
62 33 7
62 34 6
62 35 4
62 36 5
62 37 7
62 38 1
62 39 2
62 40 5
62 41 3
62 42 3
62 43 5
62 44 7
62 45 4
62 46 3
62 47 1
62 48 1
62 49 1
62 50 3
62 51 7
62 52 7
62 53 4
62 54 6
62 55 1
62 56 6
62 57 4
62 58 3
62 59 3
62 60 5
62 61 4
63 0 5
63 1 6
63 2 1
63 3 6
63 4 1
63 5 1
63 6 2
63 7 4
63 8 4
63 9 7
63 10 4
63 11 3
63 12 4
63 13 5
63 14 5
63 15 6
63 16 3
63 17 2
63 18 4
63 19 2
63 20 6
63 21 7
63 22 4
63 23 3
63 24 6
63 25 6
63 26 5
63 27 5
63 28 6
63 29 6
63 30 7
63 31 6
63 32 7
63 33 7
63 34 6
63 35 2
63 36 4
63 37 4
63 38 1
63 39 3
63 40 1
63 41 5
63 42 7
63 43 2
63 44 6
63 45 7
63 46 2
63 47 6
63 48 4
63 49 5
63 50 6
63 51 6
63 52 2
63 53 2
63 54 6
63 55 1
63 56 2
63 57 3
63 58 3
63 59 1
63 60 7
63 61 7
63 62 6
64 0 4
64 1 7
64 2 1
64 3 1
64 4 7
64 5 4
64 6 3
64 7 6
64 8 1
64 9 4
64 10 6
64 11 7
64 12 3
64 13 6
64 14 4
64 15 4
64 16 7
64 17 2
64 18 3
64 19 7
64 20 2
64 21 4
64 22 1
64 23 7
64 24 3
64 25 5
64 26 1
64 27 1
64 28 6
64 29 3
64 30 1
64 31 1
64 32 6
64 33 2
64 34 3
64 35 4
64 36 6
64 37 3
64 38 7
64 39 2
64 40 7
64 41 5
64 42 5
64 43 4
64 44 7
64 45 5
64 46 5
64 47 7
64 48 6
64 49 3
64 50 1
64 51 5
64 52 3
64 53 1
64 54 5
64 55 3
64 56 7
64 57 4
64 58 6
64 59 2
64 60 5
64 61 2
64 62 4
64 63 1
65 0 4
65 1 7
65 2 6
65 3 1
65 4 4
65 5 3
65 6 4
65 7 3
65 8 1
65 9 7
65 10 7
65 11 3
65 12 5
65 13 5
65 14 7
65 15 3
65 16 7
65 17 4
65 18 3
65 19 7
65 20 7
65 21 2
65 22 5
65 23 4
65 24 1
65 25 2
65 26 2
65 27 7
65 28 5
65 29 1
65 30 3
65 31 2
65 32 6
65 33 3
65 34 6
65 35 3
65 36 5
65 37 7
65 38 1
65 39 2
65 40 7
65 41 5
65 42 2
65 43 1
65 44 7
65 45 6
65 46 4
65 47 4
65 48 2
65 49 2
65 50 5
65 51 4
65 52 4
65 53 2
65 54 2
65 55 1
65 56 6
65 57 6
65 58 1
65 59 3
65 60 6
65 61 1
65 62 4
65 63 7
65 64 1
66 0 3
66 1 2
66 2 7
66 3 2
66 4 5
66 5 1
66 6 6
66 7 5
66 8 7
66 9 2
66 10 7
66 11 5
66 12 7
66 13 1
66 14 5
66 15 3
66 16 6
66 17 2
66 18 3
66 19 2
66 20 3
66 21 3
66 22 3
66 23 6
66 24 1
66 25 1
66 26 7
66 27 1
66 28 6
66 29 6
66 30 4
66 31 5
66 32 2
66 33 6
66 34 5
66 35 6
66 36 7
66 37 2
66 38 4
66 39 2
66 40 6
66 41 7
66 42 3
66 43 4
66 44 2
66 45 3
66 46 4
66 47 2
66 48 4
66 49 2
66 50 3
66 51 1
66 52 2
66 53 5
66 54 5
66 55 5
66 56 7
66 57 3
66 58 5
66 59 4
66 60 1
66 61 6
66 62 7
66 63 2
66 64 3
66 65 6
67 0 1
67 1 7
67 2 3
67 3 2
67 4 5
67 5 4
67 6 7
67 7 4
67 8 1
67 9 4
67 10 4
67 11 7
67 12 3
67 13 6
67 14 4
67 15 3
67 16 1
67 17 4
67 18 1
67 19 3
67 20 3
67 21 7
67 22 5
67 23 2
67 24 4
67 25 1
67 26 4
67 27 7
67 28 3
67 29 4
67 30 5
67 31 5
67 32 4
67 33 5
67 34 5
67 35 1
67 36 3
67 37 6
67 38 5
67 39 5
67 40 7
67 41 5
67 42 4
67 43 5
67 44 4
67 45 5
67 46 5
67 47 3
67 48 1
67 49 2
67 50 3
67 51 1
67 52 6
67 53 4
67 54 5
67 55 7
67 56 7
67 57 7
67 58 6
67 59 5
67 60 7
67 61 1
67 62 6
67 63 6
67 64 5
67 65 4
67 66 7
68 0 7
68 1 4
68 2 4
68 3 3
68 4 7
68 5 4
68 6 2
68 7 2
68 8 4
68 9 2
68 10 6
68 11 6
68 12 5
68 13 3
68 14 1
68 15 5
68 16 4
68 17 4
68 18 5
68 19 4
68 20 1
68 21 3
68 22 7
68 23 3
68 24 5
68 25 3
68 26 1
68 27 5
68 28 1
68 29 1
68 30 4
68 31 3
68 32 3
68 33 1
68 34 3
68 35 7
68 36 4
68 37 7
68 38 1
68 39 2
68 40 1
68 41 4
68 42 3
68 43 5
68 44 4
68 45 1
68 46 6
68 47 3
68 48 2
68 49 7
68 50 3
68 51 4
68 52 5
68 53 1
68 54 3
68 55 5
68 56 2
68 57 4
68 58 3
68 59 5
68 60 4
68 61 5
68 62 7
68 63 7
68 64 5
68 65 7
68 66 1
68 67 7
69 0 4
69 1 2
69 2 5
69 3 7
69 4 4
69 5 1
69 6 6
69 7 4
69 8 7
69 9 6
69 10 1
69 11 6
69 12 7
69 13 6
69 14 7
69 15 3
69 16 1
69 17 6
69 18 1
69 19 6
69 20 4
69 21 7
69 22 6
69 23 6
69 24 7
69 25 7
69 26 6
69 27 5
69 28 4
69 29 5
69 30 6
69 31 2
69 32 2
69 33 2
69 34 1
69 35 2
69 36 5
69 37 1
69 38 3
69 39 5
69 40 4
69 41 7
69 42 5
69 43 4
69 44 6
69 45 2
69 46 6
69 47 7
69 48 3
69 49 1
69 50 5
69 51 5
69 52 3
69 53 1
69 54 4
69 55 6
69 56 1
69 57 1
69 58 2
69 59 5
69 60 7
69 61 5
69 62 6
69 63 3
69 64 4
69 65 3
69 66 6
69 67 1
69 68 4
