60
1 0 4
2 1 1
3 2 4
4 0 1
4 2 3
4 3 4
5 1 3
5 2 2
5 3 4
5 4 3
6 0 2
6 1 2
6 2 3
6 3 3
6 5 4
7 1 2
7 4 1
7 5 2
7 6 2
8 0 4
8 2 4
8 3 4
8 4 4
9 2 4
9 3 3
9 4 2
10 0 3
10 3 2
10 4 2
10 5 1
10 7 2
11 3 4
11 6 4
11 7 2
11 8 2
12 1 4
12 2 2
12 8 2
12 9 2
12 10 1
12 11 3
13 0 1
13 1 1
13 2 1
13 3 1
13 6 2
13 10 1
13 11 1
14 0 2
14 3 4
14 4 4
14 6 2
14 7 4
14 9 2
14 10 4
15 0 4
15 2 3
15 4 3
15 8 3
15 9 1
15 10 4
15 14 2
16 2 1
16 9 2
16 10 1
16 11 1
16 13 1
16 14 3
17 1 4
17 3 3
17 4 4
17 5 1
17 6 2
17 7 2
17 9 1
17 10 1
17 12 2
17 13 2
17 15 2
17 16 1
18 2 1
18 4 4
18 5 4
18 6 3
18 7 1
18 8 1
18 9 4
18 11 1
18 12 3
18 13 1
18 15 3
19 0 1
19 2 2
19 3 1
19 5 2
19 6 3
19 9 3
19 10 2
19 13 4
19 15 4
19 16 1
20 2 1
20 5 4
20 6 4
20 8 2
20 11 4
20 13 2
20 16 4
20 17 2
21 0 3
21 1 2
21 2 4
21 3 3
21 5 1
21 6 4
21 8 4
21 9 4
21 10 1
21 11 1
21 12 3
21 13 1
21 14 3
21 15 4
21 17 2
21 19 4
21 20 2
22 1 2
22 4 4
22 6 1
22 10 3
22 12 4
22 14 2
22 15 3
22 17 2
22 18 4
23 1 1
23 2 4
23 6 1
23 9 4
23 10 1
23 13 2
23 15 4
23 16 3
23 17 3
24 1 3
24 2 2
24 3 1
24 4 1
24 7 3
24 8 2
24 11 1
24 12 2
24 14 3
24 17 2
24 22 1
24 23 3
25 2 4
25 4 3
25 5 2
25 7 4
25 8 3
25 11 2
25 12 1
25 15 1
25 16 1
25 17 2
25 19 3
25 20 2
25 22 1
25 24 4
26 0 3
26 4 1
26 5 1
26 7 2
26 12 2
26 13 1
26 15 4
26 16 4
26 17 3
26 19 2
26 20 2
26 22 4
26 24 2
27 0 3
27 2 2
27 3 4
27 4 1
27 5 1
27 8 4
27 11 1
27 13 4
27 14 4
27 15 4
27 20 3
27 22 2
27 24 1
28 0 4
28 2 3
28 3 1
28 5 4
28 6 2
28 8 3
28 9 4
28 10 4
28 14 1
28 15 3
28 16 1
28 21 4
28 24 1
28 26 4
28 27 2
29 0 3
29 1 2
29 4 2
29 8 4
29 9 4
29 11 1
29 12 1
29 13 2
29 15 1
29 16 3
29 18 3
29 20 2
29 23 1
29 25 2
29 27 3
30 0 3
30 1 3
30 2 1
30 3 3
30 5 3
30 7 1
30 9 4
30 11 2
30 12 2
30 15 2
30 17 2
30 18 2
30 23 1
30 25 1
30 26 1
31 3 1
31 4 1
31 6 2
31 12 3
31 14 4
31 15 4
31 16 3
31 20 2
31 21 1
31 23 4
31 25 2
31 27 3
31 28 1
31 30 2
32 4 4
32 6 1
32 7 2
32 8 3
32 10 2
32 13 1
32 19 4
32 23 3
32 25 4
32 26 4
32 27 3
32 30 3
33 0 4
33 1 4
33 2 1
33 3 1
33 4 1
33 6 3
33 7 1
33 8 2
33 9 2
33 11 3
33 12 1
33 13 4
33 15 3
33 16 1
33 17 2
33 22 1
33 23 1
33 24 1
33 25 1
33 27 1
33 29 2
33 30 4
33 32 1
34 3 3
34 6 2
34 7 4
34 10 3
34 12 3
34 13 2
34 15 4
34 16 2
34 18 3
34 19 3
34 20 2
34 21 1
34 26 4
34 31 4
34 32 3
34 33 2
35 1 1
35 4 1
35 9 1
35 12 4
35 13 4
35 14 3
35 19 3
35 21 1
35 24 2
35 26 3
35 27 1
35 28 1
35 30 1
35 32 2
35 33 4
36 0 3
36 1 4
36 6 1
36 11 2
36 12 3
36 14 1
36 16 4
36 20 3
36 23 3
36 24 3
36 26 2
36 28 4
36 29 2
36 30 2
36 31 4
36 33 2
36 34 2
36 35 4
37 0 1
37 1 1
37 2 2
37 3 4
37 6 3
37 7 4
37 11 4
37 12 3
37 14 2
37 16 2
37 19 2
37 21 2
37 25 2
37 28 3
37 29 4
38 0 1
38 1 3
38 2 1
38 3 4
38 10 3
38 17 1
38 19 4
38 23 3
38 26 2
38 29 4
38 30 3
38 31 2
38 32 1
38 33 3
38 35 2
38 36 3
39 1 4
39 3 4
39 5 3
39 7 2
39 9 1
39 11 1
39 13 1
39 14 1
39 15 4
39 16 2
39 18 2
39 20 4
39 22 3
39 23 3
39 25 4
39 27 2
39 30 4
39 31 4
39 32 1
39 36 2
39 37 3
39 38 3
40 1 3
40 4 4
40 6 2
40 8 2
40 10 3
40 11 3
40 14 3
40 16 4
40 17 3
40 18 1
40 21 1
40 22 2
40 25 2
40 32 1
40 34 2
40 35 2
40 36 3
40 38 1
41 0 3
41 1 1
41 3 2
41 8 1
41 9 2
41 13 2
41 14 4
41 18 1
41 21 4
41 24 2
41 25 3
41 29 4
41 30 3
41 31 2
41 32 1
41 35 2
41 37 2
42 3 2
42 4 4
42 5 4
42 6 4
42 7 4
42 9 2
42 11 1
42 12 1
42 13 4
42 20 4
42 21 4
42 23 4
42 24 3
42 25 3
42 26 1
42 27 2
42 28 4
42 29 3
42 30 2
42 31 1
42 33 2
42 35 4
42 37 1
42 38 1
42 41 3
43 3 3
43 4 2
43 8 1
43 9 2
43 11 4
43 12 1
43 13 4
43 14 1
43 15 3
43 17 3
43 21 3
43 23 1
43 24 3
43 26 2
43 29 4
43 33 4
43 34 4
43 38 1
43 40 2
43 42 4
44 0 2
44 1 1
44 2 3
44 3 1
44 6 3
44 8 1
44 9 1
44 10 1
44 12 2
44 16 3
44 20 3
44 22 3
44 24 1
44 25 1
44 26 4
44 27 1
44 28 4
44 30 3
44 32 1
44 36 2
44 39 1
44 43 4
45 0 1
45 5 3
45 6 4
45 10 2
45 11 4
45 13 2
45 14 1
45 15 3
45 18 2
45 19 2
45 20 2
45 21 1
45 22 3
45 23 1
45 26 3
45 28 4
45 29 1
45 31 4
45 32 1
45 33 1
45 37 3
45 38 3
45 39 1
45 40 1
45 41 2
45 44 3
46 0 4
46 1 3
46 3 1
46 4 2
46 5 2
46 6 3
46 8 4
46 9 4
46 11 2
46 13 1
46 14 3
46 15 4
46 16 1
46 17 4
46 18 3
46 19 1
46 20 1
46 22 3
46 23 1
46 26 2
46 28 1
46 29 4
46 30 2
46 31 3
46 32 3
46 33 4
46 35 2
46 37 1
46 38 1
47 1 3
47 2 2
47 4 1
47 6 1
47 9 2
47 10 3
47 12 3
47 17 1
47 18 3
47 20 1
47 21 4
47 22 3
47 23 3
47 24 1
47 37 3
47 39 2
47 43 1
48 2 1
48 5 2
48 6 2
48 10 4
48 14 2
48 17 3
48 18 4
48 19 4
48 22 3
48 24 4
48 28 3
48 31 3
48 32 2
48 35 4
48 36 4
48 37 2
48 39 4
48 42 3
48 47 2
49 0 1
49 3 4
49 4 4
49 5 4
49 7 2
49 8 2
49 14 1
49 15 4
49 16 4
49 17 2
49 19 4
49 20 4
49 23 3
49 24 3
49 25 3
49 27 3
49 29 4
49 31 1
49 32 1
49 34 3
49 35 2
49 37 1
49 40 4
49 41 3
49 42 3
49 44 4
49 45 2
49 48 4
50 1 3
50 4 3
50 6 3
50 7 1
50 8 4
50 9 2
50 12 3
50 13 2
50 14 4
50 15 3
50 16 1
50 18 1
50 20 4
50 23 1
50 24 2
50 30 1
50 31 2
50 34 2
50 36 2
50 38 1
50 39 1
50 40 2
50 41 2
50 44 3
50 46 4
50 48 1
51 0 2
51 1 3
51 2 1
51 3 3
51 4 4
51 6 1
51 10 4
51 11 1
51 14 2
51 18 3
51 20 3
51 22 1
51 24 1
51 27 2
51 31 1
51 33 2
51 36 2
51 37 1
51 39 1
51 43 1
51 46 1
51 47 1
51 50 4
52 1 2
52 2 2
52 4 2
52 5 3
52 7 2
52 12 1
52 13 1
52 14 2
52 16 3
52 19 3
52 20 2
52 22 3
52 25 3
52 26 3
52 27 4
52 28 3
52 33 3
52 34 2
52 37 4
52 38 4
52 41 3
52 42 1
52 48 2
52 49 3
52 50 1
52 51 2
53 0 1
53 2 3
53 4 1
53 7 4
53 8 4
53 14 3
53 15 1
53 16 3
53 19 2
53 20 2
53 27 3
53 28 3
53 29 2
53 30 1
53 31 3
53 32 3
53 34 1
53 36 2
53 37 4
53 39 3
53 40 1
53 41 4
53 42 2
53 43 1
53 44 4
53 47 4
53 48 3
53 52 3
54 1 2
54 2 3
54 3 2
54 8 1
54 9 1
54 10 1
54 12 1
54 15 3
54 16 2
54 20 2
54 25 4
54 26 1
54 27 2
54 28 2
54 29 1
54 30 3
54 32 1
54 33 3
54 35 3
54 36 4
54 37 3
54 40 1
54 42 4
54 43 4
54 44 2
54 46 1
54 47 3
54 48 4
54 51 1
55 0 4
55 1 3
55 3 3
55 6 2
55 7 4
55 8 3
55 9 3
55 10 4
55 11 1
55 16 2
55 17 4
55 19 4
55 20 4
55 21 2
55 22 3
55 23 2
55 25 3
55 27 2
55 29 1
55 30 3
55 31 2
55 34 2
55 36 2
55 37 1
55 38 2
55 40 4
55 41 4
55 42 2
55 43 3
55 45 4
55 49 1
55 54 1
56 2 1
56 4 2
56 6 1
56 9 4
56 10 1
56 14 1
56 15 3
56 16 2
56 21 2
56 25 2
56 26 2
56 28 3
56 32 3
56 34 1
56 36 3
56 37 3
56 38 3
56 39 2
56 40 2
56 41 4
56 42 1
56 43 2
56 45 1
56 46 4
56 48 2
56 49 2
56 52 2
56 53 3
56 54 2
56 55 1
57 0 3
57 1 4
57 2 1
57 3 1
57 4 3
57 5 4
57 6 1
57 11 2
57 15 3
57 19 4
57 20 2
57 26 3
57 28 3
57 36 4
57 44 1
57 45 3
57 48 2
57 51 2
57 52 3
57 54 1
57 55 3
57 56 1
58 3 1
58 4 2
58 5 1
58 6 1
58 7 2
58 8 2
58 9 4
58 11 4
58 13 3
58 14 3
58 15 2
58 17 3
58 18 2
58 19 3
58 22 2
58 23 3
58 24 3
58 26 1
58 28 3
58 35 3
58 36 2
58 37 1
58 39 1
58 40 4
58 41 4
58 42 4
58 43 3
58 45 1
58 46 2
58 50 3
58 51 2
58 53 3
58 54 3
58 57 2
59 4 1
59 8 1
59 9 4
59 15 1
59 19 1
59 20 3
59 21 2
59 22 3
59 25 1
59 26 1
59 28 3
59 30 1
59 40 3
59 48 4
59 49 2
59 55 1
59 56 4
59 57 3
59 58 2
