30
1 0 1
2 0 3
2 1 1
3 0 1
3 1 1
3 2 2
4 0 1
4 1 3
4 2 1
4 3 3
5 0 1
5 1 2
5 2 3
5 3 1
5 4 2
6 0 2
6 1 2
6 2 3
6 3 2
6 4 1
6 5 2
7 0 1
7 1 3
7 2 3
7 3 2
7 4 1
7 5 1
7 6 2
8 0 3
8 1 3
8 2 3
8 3 3
8 4 2
8 5 2
8 6 3
8 7 2
9 0 3
9 1 3
9 2 1
9 3 1
9 4 1
9 5 1
9 6 1
9 7 3
9 8 3
10 0 2
10 1 2
10 2 3
10 3 1
10 4 2
10 5 2
10 6 3
10 7 3
10 8 1
10 9 1
11 0 3
11 1 3
11 2 2
11 3 3
11 4 2
11 5 1
11 6 3
11 7 2
11 8 3
11 9 1
11 10 3
12 0 1
12 1 3
12 2 2
12 3 2
12 4 2
12 5 3
12 6 3
12 7 2
12 8 2
12 9 1
12 10 3
12 11 1
13 0 1
13 1 3
13 2 1
13 3 1
13 4 3
13 5 3
13 6 2
13 7 2
13 8 1
13 9 1
13 10 1
13 11 1
13 12 3
14 0 1
14 1 1
14 2 3
14 3 3
14 4 3
14 5 2
14 6 2
14 7 1
14 8 2
14 9 3
14 10 2
14 11 1
14 12 3
14 13 3
15 0 3
15 1 3
15 2 1
15 3 2
15 4 3
15 5 1
15 6 1
15 7 3
15 8 2
15 9 3
15 10 2
15 11 1
15 12 1
15 13 1
15 14 3
16 0 2
16 1 3
16 2 1
16 3 3
16 4 1
16 5 3
16 6 1
16 7 3
16 8 2
16 9 3
16 10 1
16 11 2
16 12 1
16 13 3
16 14 2
16 15 1
17 0 2
17 1 2
17 2 1
17 3 2
17 4 3
17 5 3
17 6 1
17 7 2
17 8 1
17 9 2
17 10 3
17 11 3
17 12 1
17 13 3
17 14 2
17 15 3
17 16 1
18 0 3
18 1 1
18 2 2
18 3 1
18 4 1
18 5 2
18 6 3
18 7 1
18 8 3
18 9 1
18 10 2
18 11 3
18 12 3
18 13 1
18 14 2
18 15 3
18 16 1
18 17 3
19 0 3
19 1 2
19 2 3
19 3 3
19 4 2
19 5 2
19 6 2
19 7 3
19 8 2
19 9 1
19 10 2
19 11 3
19 12 1
19 13 2
19 14 1
19 15 3
19 16 2
19 17 2
19 18 3
20 0 2
20 1 1
20 2 3
20 3 2
20 4 1
20 5 2
20 6 2
20 7 2
20 8 1
20 9 1
20 10 2
20 11 1
20 12 2
20 13 2
20 14 3
20 15 2
20 16 1
20 17 2
20 18 1
20 19 3
21 0 2
21 1 3
21 2 2
21 3 3
21 4 3
21 5 1
21 6 3
21 7 3
21 8 1
21 9 2
21 10 3
21 11 2
21 12 3
21 13 2
21 14 1
21 15 1
21 16 2
21 17 3
21 18 1
21 19 1
21 20 2
22 0 3
22 1 3
22 2 1
22 3 1
22 4 3
22 5 1
22 6 2
22 7 3
22 8 2
22 9 2
22 10 2
22 11 1
22 12 2
22 13 1
22 14 1
22 15 1
22 16 3
22 17 2
22 18 2
22 19 3
22 20 1
22 21 3
23 0 1
23 1 3
23 2 2
23 3 1
23 4 3
23 5 3
23 6 3
23 7 3
23 8 3
23 9 2
23 10 3
23 11 3
23 12 2
23 13 2
23 14 3
23 15 2
23 16 2
23 17 2
23 18 3
23 19 2
23 20 2
23 21 3
23 22 3
24 0 1
24 1 1
24 2 2
24 3 3
24 4 3
24 5 2
24 6 1
24 7 2
24 8 2
24 9 3
24 10 1
24 11 1
24 12 3
24 13 1
24 14 2
24 15 1
24 16 2
24 17 2
24 18 3
24 19 2
24 20 3
24 21 3
24 22 1
24 23 2
25 0 3
25 1 2
25 2 2
25 3 3
25 4 2
25 5 3
25 6 3
25 7 2
25 8 2
25 9 3
25 10 2
25 11 2
25 12 3
25 13 1
25 14 1
25 15 2
25 16 1
25 17 3
25 18 3
25 19 2
25 20 3
25 21 2
25 22 2
25 23 3
25 24 3
26 0 2
26 1 2
26 2 3
26 3 2
26 4 2
26 5 3
26 6 3
26 7 3
26 8 1
26 9 1
26 10 1
26 11 3
26 12 2
26 13 2
26 14 2
26 15 3
26 16 1
26 17 2
26 18 2
26 19 2
26 20 1
26 21 1
26 22 2
26 23 2
26 24 1
26 25 3
27 0 1
27 1 1
27 2 1
27 3 3
27 4 1
27 5 3
27 6 1
27 7 2
27 8 2
27 9 3
27 10 2
27 11 1
27 12 3
27 13 1
27 14 1
27 15 2
27 16 3
27 17 1
27 18 3
27 19 1
27 20 2
27 21 3
27 22 2
27 23 3
27 24 1
27 25 2
27 26 2
28 0 3
28 1 2
28 2 3
28 3 1
28 4 2
28 5 1
28 6 3
28 7 2
28 8 2
28 9 1
28 10 3
28 11 3
28 12 3
28 13 2
28 14 1
28 15 2
28 16 1
28 17 1
28 18 2
28 19 3
28 20 3
28 21 3
28 22 1
28 23 2
28 24 1
28 25 3
28 26 3
28 27 3
29 0 2
29 1 2
29 2 2
29 3 2
29 4 3
29 5 3
29 6 3
29 7 3
29 8 1
29 9 1
29 10 2
29 11 1
29 12 1
29 13 2
29 14 3
29 15 2
29 16 1
29 17 2
29 18 3
29 19 3
29 20 1
29 21 2
29 22 1
29 23 3
29 24 1
29 25 1
29 26 2
29 27 1
29 28 2
