60
1 0 7
2 1 13
3 1 11
4 1 1
4 2 9
5 1 5
5 3 13
5 4 12
6 3 1
7 1 5
7 5 10
8 2 12
8 3 2
8 7 11
9 0 13
9 1 11
9 5 9
9 6 13
10 2 10
10 6 9
10 8 1
11 1 1
11 2 13
11 4 10
11 6 4
11 7 4
11 8 9
12 0 4
12 4 6
12 6 9
12 7 9
12 8 13
12 9 4
12 11 3
13 0 11
13 2 1
13 5 4
13 7 5
13 8 4
13 9 4
13 10 9
13 11 7
14 0 13
14 1 11
14 2 2
14 4 7
14 5 12
14 8 2
14 9 10
14 10 11
15 0 1
15 1 13
15 3 7
15 4 2
15 8 1
15 9 3
15 10 4
15 13 7
15 14 3
16 2 10
16 6 6
16 7 7
16 10 5
16 11 9
16 12 9
16 13 11
16 15 4
17 1 12
17 2 8
17 5 10
17 6 3
17 7 7
17 10 9
17 11 5
17 12 4
17 13 5
17 14 5
17 15 12
18 1 2
18 6 7
18 11 12
18 14 2
18 15 2
19 0 3
19 2 10
19 3 2
19 4 5
19 5 13
19 7 10
19 8 1
19 10 13
19 13 12
19 14 6
19 15 6
19 17 9
19 18 7
20 1 2
20 2 10
20 3 5
20 4 2
20 5 9
20 7 4
20 8 2
20 9 12
20 10 2
20 12 6
20 18 1
20 19 1
21 0 6
21 1 2
21 3 5
21 4 9
21 5 8
21 6 11
21 7 6
21 8 10
21 10 11
21 17 8
21 18 1
21 20 4
22 1 4
22 2 3
22 3 13
22 4 7
22 9 6
22 12 2
22 15 8
22 17 6
22 18 2
22 19 12
23 1 1
23 2 5
23 4 8
23 9 9
23 10 12
23 11 4
23 12 13
23 14 8
23 15 11
23 17 4
23 18 8
23 21 8
23 22 11
24 2 12
24 3 5
24 5 5
24 6 6
24 7 9
24 9 1
24 10 3
24 11 3
24 14 8
24 15 10
24 18 9
24 20 8
24 21 1
24 22 9
25 0 9
25 1 9
25 2 11
25 4 5
25 5 7
25 10 9
25 16 7
25 21 7
25 23 10
25 24 11
26 2 10
26 3 10
26 7 4
26 11 11
26 12 7
26 14 6
26 18 5
26 19 9
26 20 5
26 21 12
26 24 7
26 25 5
27 2 2
27 3 9
27 6 2
27 7 9
27 10 3
27 12 9
27 13 13
27 14 6
27 16 6
27 21 11
27 23 10
27 24 11
27 25 2
28 3 8
28 4 11
28 6 9
28 7 6
28 8 11
28 15 13
28 17 8
28 18 6
28 19 11
28 22 8
28 23 9
28 24 1
28 27 2
29 0 11
29 2 7
29 3 8
29 4 5
29 7 1
29 8 4
29 9 2
29 13 10
29 14 8
29 15 3
29 16 1
29 17 6
29 18 5
29 20 1
29 22 13
29 24 5
29 25 1
29 26 3
29 27 7
30 0 13
30 3 6
30 6 9
30 10 2
30 12 3
30 15 13
30 16 10
30 17 4
30 23 1
30 25 12
30 26 1
30 27 13
30 29 1
31 3 13
31 5 6
31 7 5
31 8 6
31 9 1
31 11 9
31 13 8
31 20 11
31 21 3
31 23 12
31 24 9
31 25 9
31 30 8
32 0 5
32 1 8
32 3 5
32 6 13
32 7 10
32 10 13
32 11 13
32 12 2
32 13 6
32 15 2
32 17 6
32 19 5
32 20 6
32 23 12
32 26 3
32 27 8
32 30 8
32 31 3
33 3 12
33 4 7
33 5 1
33 6 3
33 8 5
33 9 13
33 11 11
33 12 9
33 13 1
33 15 9
33 16 13
33 18 8
33 19 13
33 22 2
33 24 11
33 26 9
33 27 5
33 28 5
33 29 7
33 30 9
34 1 3
34 3 9
34 5 5
34 8 7
34 11 13
34 12 7
34 15 1
34 16 3
34 19 10
34 20 6
34 21 8
34 24 9
34 25 13
34 26 6
34 28 1
34 31 3
34 32 2
34 33 7
35 0 9
35 2 13
35 3 13
35 8 1
35 9 12
35 11 10
35 12 3
35 13 7
35 14 7
35 16 4
35 17 11
35 19 12
35 21 2
35 23 9
35 24 7
35 27 8
35 30 12
35 32 12
35 34 10
36 0 3
36 1 10
36 2 7
36 5 9
36 8 8
36 11 8
36 12 9
36 16 11
36 17 13
36 19 6
36 22 2
36 24 10
36 26 7
36 27 7
36 29 13
36 33 9
37 0 3
37 1 7
37 2 8
37 3 4
37 8 7
37 11 12
37 13 11
37 18 12
37 22 2
37 26 5
37 33 6
37 35 7
37 36 12
38 1 3
38 2 1
38 7 12
38 8 13
38 9 6
38 11 1
38 12 7
38 13 7
38 16 9
38 19 12
38 21 4
38 23 5
38 25 2
38 26 7
38 27 2
38 30 12
38 32 4
38 33 9
38 35 6
39 0 12
39 1 6
39 6 12
39 8 10
39 9 3
39 11 1
39 12 3
39 13 13
39 15 8
39 19 11
39 20 8
39 21 4
39 23 2
39 25 1
39 32 1
39 34 5
39 35 10
40 0 1
40 1 10
40 2 7
40 3 5
40 9 12
40 11 2
40 12 11
40 16 11
40 18 11
40 19 11
40 21 3
40 22 4
40 23 13
40 24 13
40 25 13
40 30 13
40 34 2
40 35 2
40 38 13
40 39 5
41 0 13
41 1 8
41 2 9
41 3 6
41 5 9
41 6 12
41 8 7
41 9 6
41 10 12
41 13 8
41 16 4
41 20 3
41 21 7
41 23 11
41 26 2
41 27 6
41 29 10
41 31 2
41 32 8
41 33 9
41 34 11
41 35 2
41 36 2
41 38 9
41 39 6
42 0 3
42 1 6
42 4 13
42 8 2
42 9 13
42 13 4
42 15 5
42 17 5
42 18 3
42 22 6
42 24 6
42 26 3
42 27 10
42 31 9
42 33 13
42 35 4
42 36 13
42 40 7
43 0 5
43 5 12
43 7 13
43 10 11
43 12 3
43 15 13
43 17 2
43 18 11
43 19 7
43 22 8
43 24 12
43 25 5
43 28 6
43 30 7
43 33 3
43 35 1
43 38 13
43 42 6
44 2 12
44 4 1
44 5 6
44 6 11
44 7 1
44 9 3
44 12 6
44 16 13
44 18 9
44 19 13
44 20 7
44 21 13
44 22 10
44 25 10
44 29 11
44 33 9
44 35 10
44 37 5
44 40 3
44 42 3
44 43 1
45 1 6
45 2 8
45 3 11
45 5 7
45 6 8
45 8 13
45 9 7
45 10 6
45 11 6
45 17 12
45 19 8
45 21 11
45 25 6
45 26 9
45 27 2
45 28 7
45 29 6
45 30 1
45 31 7
45 32 10
45 33 8
45 34 8
45 35 3
45 36 3
45 41 1
45 42 9
46 0 2
46 1 7
46 2 3
46 4 12
46 10 6
46 11 3
46 12 10
46 14 9
46 26 13
46 27 10
46 28 12
46 29 2
46 30 7
46 32 6
46 36 5
46 37 6
46 39 8
46 40 11
46 45 11
47 0 4
47 1 10
47 2 5
47 3 6
47 8 13
47 14 1
47 15 11
47 21 1
47 22 8
47 23 4
47 24 1
47 27 10
47 28 3
47 29 11
47 32 10
47 33 5
47 35 5
47 36 2
47 37 6
47 39 9
47 41 9
47 44 8
47 46 5
48 0 5
48 1 13
48 2 12
48 3 12
48 5 13
48 6 2
48 8 12
48 9 5
48 12 5
48 15 7
48 18 8
48 23 1
48 24 6
48 25 5
48 26 5
48 27 13
48 28 5
48 33 10
48 34 10
48 35 10
48 38 8
48 42 1
48 43 13
48 44 13
48 46 3
48 47 1
49 5 4
49 6 10
49 8 10
49 13 9
49 15 8
49 16 11
49 18 2
49 20 9
49 22 7
49 25 2
49 26 2
49 27 8
49 30 6
49 45 1
50 0 8
50 3 3
50 4 2
50 6 6
50 7 11
50 10 2
50 17 11
50 21 6
50 23 2
50 25 3
50 26 13
50 27 8
50 28 3
50 30 6
50 32 1
50 33 6
50 34 11
50 35 6
50 37 13
50 38 7
50 42 1
51 0 3
51 3 13
51 5 8
51 9 10
51 11 6
51 12 11
51 14 6
51 17 12
51 18 7
51 22 1
51 23 6
51 25 1
51 26 8
51 29 3
51 31 6
51 33 8
51 34 6
51 35 13
51 43 3
51 47 2
51 49 2
51 50 4
52 0 10
52 2 5
52 3 7
52 5 13
52 6 12
52 10 13
52 12 7
52 14 5
52 15 4
52 20 1
52 21 1
52 24 10
52 26 8
52 29 6
52 30 13
52 32 12
52 35 6
52 41 11
52 43 13
52 46 3
52 47 13
52 49 4
52 50 9
52 51 9
53 0 10
53 1 11
53 2 12
53 3 7
53 5 10
53 6 11
53 7 2
53 8 8
53 9 3
53 12 2
53 13 12
53 15 10
53 16 6
53 18 11
53 21 2
53 23 11
53 24 4
53 25 8
53 26 10
53 27 13
53 29 4
53 31 6
53 32 1
53 36 2
53 39 10
53 40 2
53 44 5
53 46 3
53 47 9
53 50 9
53 51 4
53 52 1
54 6 8
54 8 2
54 10 8
54 14 11
54 17 6
54 19 4
54 20 10
54 21 8
54 22 6
54 23 11
54 24 9
54 25 1
54 30 8
54 32 2
54 36 4
54 39 5
54 42 8
54 46 4
54 50 12
54 51 9
54 53 8
55 0 9
55 1 6
55 4 8
55 6 6
55 7 13
55 11 6
55 12 3
55 13 4
55 16 9
55 17 7
55 21 5
55 22 12
55 25 4
55 34 10
55 36 8
55 37 5
55 39 11
55 44 1
55 45 4
55 46 9
55 47 3
55 48 13
55 50 2
56 0 4
56 1 6
56 3 6
56 4 9
56 8 2
56 9 2
56 16 7
56 18 5
56 21 9
56 22 10
56 25 4
56 26 6
56 27 11
56 29 11
56 32 6
56 34 4
56 35 3
56 36 6
56 37 6
56 38 13
56 43 8
56 44 10
56 47 12
56 49 7
56 50 3
56 51 11
56 52 10
56 53 2
56 54 11
57 0 3
57 1 6
57 3 1
57 5 2
57 7 3
57 13 5
57 14 4
57 15 11
57 16 6
57 18 6
57 20 3
57 22 2
57 24 9
57 25 6
57 30 11
57 32 10
57 33 8
57 34 10
57 35 8
57 40 11
57 41 13
57 45 8
57 47 7
57 48 6
57 50 10
57 51 4
57 52 10
57 54 7
57 55 5
57 56 8
58 0 7
58 1 8
58 2 8
58 3 9
58 4 6
58 5 4
58 6 8
58 9 13
58 11 10
58 17 13
58 18 11
58 22 7
58 23 1
58 26 5
58 28 3
58 29 6
58 30 9
58 35 10
58 37 2
58 41 2
58 47 3
58 48 10
58 49 3
58 54 9
58 55 5
59 2 5
59 6 1
59 9 12
59 10 4
59 11 12
59 12 10
59 13 6
59 14 3
59 15 5
59 17 1
59 19 4
59 20 11
59 21 10
59 22 9
59 23 11
59 24 13
59 26 9
59 27 8
59 28 4
59 33 3
59 35 9
59 39 6
59 40 2
59 43 3
59 44 10
59 45 5
59 47 11
59 48 3
59 49 9
59 52 1
59 54 12
59 55 12
59 56 6
59 57 4
