70
1 0 2
2 1 1
3 0 2
3 1 3
3 2 1
4 1 1
5 0 1
5 1 2
5 2 2
5 4 2
6 0 3
6 4 1
6 5 1
7 1 3
7 3 2
7 4 3
7 6 1
8 0 1
8 2 3
8 4 3
8 7 1
9 7 2
10 2 3
10 3 1
10 7 1
10 9 2
11 1 2
11 2 3
11 6 1
11 9 3
11 10 1
12 0 2
12 2 3
12 3 2
12 5 2
12 8 1
12 9 1
12 11 1
13 1 3
13 5 2
13 6 3
13 7 3
13 9 1
13 10 2
13 11 3
14 0 3
14 1 1
14 3 3
14 6 3
14 7 3
14 8 3
14 9 2
14 11 2
15 0 3
15 1 2
15 4 3
15 9 3
15 10 2
15 11 2
15 13 3
15 14 2
16 0 2
16 1 1
16 2 3
16 3 2
16 4 1
16 10 2
16 12 3
16 13 2
16 14 1
17 0 1
17 3 3
17 4 2
17 5 3
17 6 1
17 7 3
17 10 1
17 11 1
17 15 1
18 0 3
18 1 3
18 3 3
18 4 2
18 6 3
18 12 3
18 14 2
18 15 2
19 0 1
19 3 2
19 4 3
19 6 1
19 7 1
19 13 1
19 14 2
20 0 1
20 3 1
20 5 2
20 6 1
20 7 1
20 8 3
20 16 2
21 0 3
21 3 2
21 4 3
21 5 2
21 6 2
21 7 3
21 12 2
21 13 1
21 14 2
21 15 1
21 16 2
21 18 1
21 19 2
22 1 3
22 3 3
22 5 3
22 8 2
22 9 1
22 15 2
22 17 2
22 18 1
22 19 2
23 0 3
23 1 3
23 2 2
23 4 3
23 5 1
23 7 3
23 8 3
23 9 2
23 10 2
23 13 2
23 14 2
23 16 1
23 17 1
23 18 3
23 19 2
23 22 3
24 1 1
24 2 1
24 5 1
24 6 2
24 7 3
24 10 3
24 13 1
24 14 2
24 15 2
24 16 1
24 18 2
24 19 1
24 21 2
24 22 2
25 4 2
25 6 2
25 9 2
25 11 2
25 13 3
25 14 3
25 16 3
25 21 2
25 22 1
25 24 2
26 3 3
26 4 3
26 5 1
26 6 1
26 8 1
26 9 2
26 12 2
26 14 1
26 15 3
26 16 2
26 18 1
26 19 1
26 21 2
26 22 1
26 23 1
26 25 3
27 0 3
27 1 2
27 3 2
27 4 2
27 5 1
27 6 2
27 8 3
27 11 2
27 12 2
27 13 2
27 16 2
27 17 3
27 22 3
27 25 2
28 2 2
28 3 2
28 9 2
28 10 2
28 13 2
28 14 2
28 16 1
28 21 2
28 24 1
28 25 2
28 27 3
29 1 1
29 4 2
29 5 3
29 8 1
29 10 3
29 12 3
29 13 2
29 15 3
29 17 2
29 18 2
29 19 3
29 20 1
29 22 1
29 23 1
29 24 1
29 28 1
30 0 3
30 3 3
30 4 2
30 13 1
30 14 1
30 19 2
30 21 1
30 23 3
30 24 2
30 28 2
30 29 2
31 0 3
31 2 1
31 3 1
31 5 1
31 8 2
31 9 2
31 10 2
31 12 3
31 15 3
31 20 2
31 22 1
31 25 1
31 26 2
31 28 2
31 30 2
32 0 1
32 3 2
32 4 1
32 5 2
32 7 3
32 9 2
32 12 2
32 15 3
32 16 3
32 17 3
32 19 3
32 20 3
32 22 3
32 25 1
32 26 1
32 28 1
32 29 3
32 31 1
33 1 3
33 2 2
33 3 2
33 4 3
33 7 3
33 10 1
33 11 1
33 12 2
33 14 1
33 19 1
33 20 3
33 22 1
33 26 2
33 27 1
33 28 3
33 30 2
33 31 1
34 2 2
34 3 1
34 8 2
34 9 2
34 10 3
34 11 2
34 17 2
34 18 3
34 19 3
34 21 1
34 23 2
34 24 3
34 25 2
34 26 3
34 28 1
34 31 1
34 33 3
35 0 3
35 2 2
35 3 3
35 4 3
35 5 3
35 6 2
35 8 1
35 9 2
35 11 1
35 15 2
35 16 2
35 17 2
35 18 3
35 19 3
35 20 1
35 21 1
35 24 3
35 26 2
35 28 3
35 29 2
35 32 1
35 34 2
36 0 3
36 2 2
36 3 3
36 5 3
36 6 2
36 8 1
36 9 1
36 12 2
36 14 2
36 16 2
36 17 3
36 19 2
36 20 2
36 21 1
36 23 1
36 25 2
36 26 3
36 27 2
36 28 1
36 29 1
36 30 1
36 33 1
36 35 2
37 0 2
37 3 2
37 5 3
37 7 2
37 8 2
37 10 2
37 11 1
37 12 2
37 20 3
37 26 1
37 28 1
37 30 3
37 34 2
38 1 3
38 4 3
38 5 3
38 8 2
38 10 3
38 14 3
38 15 1
38 17 2
38 18 2
38 23 3
38 26 2
38 27 3
38 28 1
38 30 2
38 32 2
38 35 1
38 36 2
39 0 3
39 6 2
39 7 2
39 8 2
39 12 3
39 15 2
39 20 2
39 21 2
39 22 1
39 24 1
39 25 1
39 30 1
39 31 3
39 34 3
39 35 1
39 36 3
39 38 2
40 0 1
40 1 1
40 2 3
40 3 1
40 6 3
40 7 3
40 8 1
40 9 2
40 15 3
40 17 1
40 18 1
40 19 1
40 21 1
40 22 1
40 25 2
40 26 3
40 27 1
40 28 2
40 30 3
40 31 1
40 33 2
40 34 2
40 39 2
41 1 1
41 2 3
41 5 2
41 7 3
41 9 2
41 10 1
41 13 2
41 14 3
41 19 1
41 20 1
41 21 3
41 22 1
41 23 2
41 24 1
41 27 1
41 28 1
41 29 2
41 32 2
41 34 2
41 35 2
41 36 3
41 38 3
42 1 2
42 3 2
42 6 1
42 9 3
42 11 1
42 12 3
42 13 3
42 18 3
42 30 2
42 31 2
42 33 3
42 34 3
42 35 1
42 40 3
42 41 1
43 0 1
43 2 2
43 3 1
43 5 2
43 7 3
43 11 2
43 14 2
43 15 3
43 16 2
43 20 1
43 23 3
43 24 1
43 29 1
43 30 1
43 31 1
43 33 1
43 34 2
43 35 2
43 37 1
43 38 3
44 0 2
44 1 1
44 3 1
44 4 1
44 5 1
44 6 2
44 7 3
44 10 2
44 15 3
44 16 1
44 17 2
44 18 1
44 21 2
44 22 3
44 23 3
44 25 3
44 26 3
44 29 1
44 30 1
44 31 2
44 34 2
44 35 3
44 36 2
44 39 3
44 41 1
45 0 1
45 2 1
45 4 3
45 8 3
45 13 3
45 14 1
45 15 2
45 17 1
45 18 2
45 19 2
45 21 3
45 22 3
45 23 2
45 26 2
45 27 1
45 28 3
45 29 1
45 32 1
45 33 3
45 34 3
45 35 2
45 37 3
45 40 1
45 41 2
45 43 2
45 44 2
46 0 3
46 3 1
46 4 3
46 5 1
46 6 1
46 8 1
46 9 1
46 10 1
46 12 3
46 16 3
46 17 3
46 18 1
46 19 3
46 21 2
46 27 3
46 28 2
46 29 2
46 32 3
46 34 2
46 37 2
46 38 2
46 39 2
46 40 3
46 41 1
46 45 1
47 1 2
47 2 3
47 8 2
47 9 3
47 12 3
47 15 3
47 16 3
47 17 3
47 19 2
47 21 2
47 24 2
47 28 2
47 29 2
47 31 3
47 32 2
47 33 1
47 35 1
47 36 1
47 38 3
47 39 3
47 42 3
47 43 1
47 44 1
47 45 3
48 0 1
48 1 1
48 2 1
48 6 2
48 8 3
48 9 1
48 10 1
48 11 2
48 13 2
48 17 2
48 18 3
48 20 2
48 21 2
48 24 1
48 26 1
48 27 2
48 28 2
48 29 2
48 31 2
48 32 1
48 33 1
48 35 3
48 36 1
48 37 2
48 41 1
48 43 1
48 45 1
48 46 1
49 3 2
49 7 2
49 9 1
49 10 1
49 11 3
49 12 3
49 13 1
49 14 2
49 16 1
49 17 3
49 18 2
49 19 3
49 22 2
49 23 2
49 25 2
49 26 1
49 29 1
49 30 2
49 31 1
49 33 3
49 34 2
49 36 1
49 39 2
49 40 3
49 41 1
49 42 2
49 43 3
49 46 2
49 48 3
50 2 3
50 7 1
50 9 1
50 10 1
50 11 3
50 12 1
50 14 1
50 15 2
50 17 3
50 19 2
50 20 1
50 21 3
50 24 3
50 25 1
50 29 1
50 30 2
50 32 2
50 33 3
50 37 1
50 39 3
50 40 1
50 41 1
50 43 1
50 44 2
50 46 3
50 48 2
51 1 2
51 3 1
51 4 2
51 5 1
51 10 1
51 12 3
51 13 1
51 14 1
51 15 3
51 16 2
51 17 2
51 19 1
51 20 1
51 21 1
51 26 3
51 27 3
51 30 3
51 34 1
51 35 2
51 36 2
51 37 3
51 39 1
51 44 3
51 49 3
52 0 3
52 1 1
52 3 1
52 4 3
52 5 1
52 7 3
52 8 2
52 10 3
52 12 2
52 17 3
52 18 3
52 19 3
52 23 1
52 25 1
52 26 1
52 27 3
52 34 1
52 35 1
52 37 1
52 42 2
52 44 2
52 45 3
52 47 1
52 48 2
52 49 2
53 1 1
53 2 2
53 3 2
53 6 1
53 7 3
53 9 3
53 10 3
53 16 3
53 17 2
53 19 2
53 21 3
53 23 1
53 24 1
53 25 3
53 26 1
53 28 1
53 30 3
53 31 2
53 33 3
53 34 1
53 36 2
53 39 2
53 40 2
53 41 3
53 44 1
53 45 3
53 48 1
53 49 3
53 51 1
53 52 2
54 2 3
54 4 3
54 5 2
54 6 2
54 7 2
54 10 1
54 14 2
54 18 1
54 19 2
54 20 1
54 25 2
54 27 2
54 28 3
54 29 3
54 30 3
54 31 3
54 32 2
54 34 3
54 37 2
54 42 1
54 44 2
54 45 3
54 46 3
54 47 1
54 48 3
54 50 1
55 1 1
55 3 1
55 4 1
55 7 1
55 8 1
55 10 2
55 11 1
55 12 3
55 13 3
55 15 3
55 17 3
55 20 1
55 22 1
55 24 2
55 26 1
55 27 1
55 28 2
55 30 2
55 31 2
55 32 3
55 33 2
55 35 3
55 36 3
55 42 2
55 43 2
55 47 1
55 51 2
55 52 3
55 53 1
56 1 3
56 2 2
56 3 3
56 8 1
56 10 3
56 13 1
56 15 3
56 16 2
56 18 3
56 21 2
56 22 2
56 24 2
56 26 1
56 27 2
56 30 1
56 34 2
56 35 2
56 36 2
56 38 2
56 40 2
56 42 1
56 43 1
56 46 2
56 47 3
56 48 1
56 50 2
56 52 1
56 53 2
57 0 3
57 1 3
57 3 3
57 5 1
57 7 1
57 11 1
57 12 1
57 14 2
57 19 3
57 21 3
57 22 3
57 25 3
57 27 3
57 28 3
57 29 1
57 31 3
57 34 2
57 40 2
57 41 3
57 42 2
57 43 2
57 45 1
57 47 2
57 48 1
57 54 3
57 56 2
58 1 1
58 4 2
58 8 1
58 11 1
58 12 2
58 14 3
58 17 3
58 18 3
58 22 3
58 26 2
58 27 3
58 28 2
58 30 1
58 31 3
58 35 1
58 40 3
58 41 2
58 43 3
58 44 1
58 48 1
58 51 2
58 52 1
58 53 1
58 54 1
58 55 2
58 57 1
59 0 1
59 5 3
59 11 1
59 13 1
59 14 2
59 15 2
59 16 3
59 17 3
59 19 1
59 20 3
59 21 3
59 22 1
59 24 2
59 27 1
59 29 3
59 31 2
59 34 1
59 37 2
59 38 2
59 39 2
59 40 3
59 41 2
59 42 3
59 43 2
59 45 2
59 48 1
59 50 1
59 51 2
59 53 2
59 55 1
59 56 2
59 57 1
59 58 3
60 1 2
60 2 1
60 3 3
60 6 2
60 12 2
60 13 1
60 14 1
60 15 2
60 17 2
60 18 2
60 19 3
60 21 3
60 23 2
60 25 1
60 27 2
60 28 2
60 29 1
60 30 2
60 31 2
60 32 3
60 33 2
60 36 3
60 37 2
60 38 3
60 43 1
60 46 3
60 51 2
60 53 1
60 56 2
60 59 2
61 1 1
61 2 3
61 4 3
61 5 1
61 7 1
61 9 3
61 13 1
61 18 1
61 20 1
61 24 3
61 25 2
61 28 1
61 31 3
61 32 1
61 36 3
61 38 1
61 42 1
61 44 3
61 47 3
61 48 1
61 50 2
61 51 3
61 53 1
61 55 3
61 59 3
61 60 3
62 0 3
62 1 1
62 2 3
62 3 1
62 9 3
62 15 1
62 17 3
62 18 1
62 21 1
62 22 1
62 23 2
62 25 1
62 28 2
62 30 3
62 31 3
62 32 3
62 33 2
62 34 3
62 35 3
62 36 2
62 38 3
62 40 2
62 42 3
62 43 2
62 46 1
62 47 3
62 48 2
62 49 2
62 51 2
62 52 1
62 55 1
62 60 3
63 0 1
63 3 2
63 5 2
63 6 1
63 7 2
63 8 3
63 10 3
63 13 3
63 21 3
63 22 1
63 23 1
63 25 2
63 26 2
63 28 3
63 29 1
63 31 1
63 33 1
63 35 3
63 38 1
63 41 1
63 43 2
63 44 3
63 46 3
63 47 2
63 48 2
63 49 2
63 52 1
63 53 2
63 55 3
63 57 3
63 59 3
63 60 2
63 61 1
64 0 1
64 3 2
64 4 2
64 9 3
64 12 1
64 13 2
64 14 1
64 15 1
64 16 1
64 20 1
64 23 3
64 24 3
64 28 3
64 29 2
64 30 1
64 31 1
64 32 2
64 33 2
64 35 1
64 38 1
64 40 3
64 43 1
64 44 2
64 45 1
64 46 3
64 48 1
64 52 2
64 53 1
64 55 2
64 56 1
64 59 3
64 60 3
64 61 1
64 62 1
64 63 3
65 0 3
65 4 1
65 7 2
65 10 3
65 13 1
65 14 3
65 16 3
65 17 1
65 18 2
65 19 2
65 20 2
65 21 2
65 24 3
65 26 2
65 27 1
65 28 2
65 29 3
65 30 3
65 39 2
65 40 2
65 42 1
65 43 2
65 47 1
65 48 1
65 50 1
65 53 3
65 55 2
65 57 3
65 61 3
66 2 2
66 4 2
66 5 1
66 6 1
66 9 1
66 11 3
66 12 1
66 15 3
66 16 3
66 20 2
66 22 1
66 26 1
66 27 1
66 28 2
66 30 1
66 31 3
66 32 2
66 34 2
66 35 1
66 36 3
66 37 2
66 40 1
66 41 3
66 43 3
66 48 2
66 49 1
66 54 2
66 59 2
66 62 3
66 65 2
67 0 3
67 2 2
67 3 2
67 4 2
67 6 3
67 9 3
67 12 1
67 13 3
67 15 2
67 18 2
67 19 3
67 21 1
67 29 3
67 31 3
67 33 2
67 36 3
67 44 1
67 45 3
67 48 1
67 52 1
67 53 2
67 56 2
67 57 2
67 59 3
67 60 3
67 63 3
68 2 1
68 3 1
68 5 1
68 6 2
68 9 2
68 13 3
68 15 1
68 16 3
68 17 1
68 18 2
68 19 2
68 20 1
68 21 2
68 23 1
68 24 3
68 25 1
68 26 2
68 29 2
68 30 1
68 31 1
68 32 2
68 35 3
68 38 3
68 39 3
68 40 3
68 41 2
68 43 3
68 47 2
68 48 3
68 49 2
68 50 2
68 55 2
68 56 3
68 57 1
68 58 1
68 64 2
68 67 1
69 0 3
69 2 1
69 6 3
69 8 3
69 9 1
69 10 2
69 11 1
69 12 3
69 14 2
69 15 2
69 16 2
69 17 3
69 20 1
69 21 1
69 22 2
69 23 3
69 24 1
69 26 2
69 27 3
69 29 3
69 33 2
69 37 1
69 38 2
69 39 3
69 40 1
69 41 2
69 43 1
69 44 1
69 47 2
69 48 1
69 50 2
69 53 3
69 55 1
69 56 3
69 57 1
69 58 3
69 59 1
69 63 1
69 64 2
69 65 2
69 67 3
69 68 1
