30
1 0 2
2 0 2
3 1 2
3 2 4
4 0 4
4 1 2
4 2 4
5 0 1
5 1 4
5 4 6
6 2 1
6 3 2
6 5 3
7 0 1
7 1 5
7 2 5
7 4 6
7 5 2
7 6 5
8 0 2
8 1 4
8 2 1
8 3 1
8 4 5
8 7 1
9 0 3
9 2 1
9 5 6
9 6 6
9 8 1
10 0 1
10 1 3
10 2 2
10 3 5
10 4 1
10 5 6
10 6 6
10 8 1
10 9 5
11 1 1
11 3 3
11 8 1
11 10 3
12 2 5
12 3 4
12 4 3
12 5 5
12 6 5
12 7 5
12 8 1
12 9 6
12 10 2
12 11 4
13 0 3
13 1 4
13 4 4
13 5 4
13 7 1
13 8 5
13 10 5
13 12 6
14 0 1
14 3 1
14 4 6
14 7 1
14 8 1
14 11 6
15 0 3
15 5 2
15 6 6
15 8 2
15 9 6
15 13 1
16 2 3
16 4 4
16 5 1
16 6 6
16 9 2
16 10 5
16 13 2
17 0 5
17 5 3
17 7 4
17 8 6
17 9 6
17 11 1
17 14 1
17 16 5
18 0 2
18 1 5
18 3 6
18 4 4
18 6 3
18 7 2
18 9 2
18 11 4
18 14 1
18 15 2
18 16 3
18 17 5
19 1 3
19 6 3
19 8 6
19 9 3
19 10 2
19 12 3
19 13 1
19 15 4
19 16 2
19 17 5
20 0 4
20 1 4
20 2 5
20 3 4
20 4 4
20 10 2
20 13 5
20 14 2
20 15 1
20 16 2
21 0 6
21 1 1
21 2 1
21 6 5
21 7 3
21 8 2
21 10 6
21 11 6
21 17 3
21 18 6
22 0 6
22 1 6
22 2 1
22 4 4
22 5 3
22 6 6
22 7 1
22 8 5
22 11 6
22 12 5
22 15 6
22 16 3
22 21 6
23 1 1
23 2 5
23 4 5
23 5 5
23 7 1
23 8 2
23 10 2
23 11 2
23 15 3
23 16 1
23 17 2
23 19 3
23 20 4
24 0 3
24 1 1
24 2 6
24 6 1
24 7 2
24 8 2
24 9 3
24 11 4
24 14 4
24 16 5
24 17 3
24 20 5
25 1 6
25 2 5
25 3 2
25 5 2
25 7 1
25 9 3
25 11 6
25 20 6
25 21 2
25 23 3
26 0 6
26 6 4
26 12 5
26 13 3
26 14 3
26 18 4
26 20 3
26 21 3
26 23 6
26 25 4
27 1 5
27 2 5
27 3 6
27 4 5
27 8 4
27 9 2
27 12 6
27 15 1
27 17 5
27 18 6
27 19 1
27 23 1
27 24 6
27 26 6
28 3 6
28 4 1
28 9 3
28 10 2
28 12 3
28 15 2
28 16 6
28 17 3
28 22 3
28 26 4
28 27 5
29 0 2
29 1 3
29 2 1
29 4 4
29 8 6
29 9 4
29 10 4
29 11 4
29 13 3
29 15 1
29 16 1
29 18 3
29 19 3
29 20 4
29 21 5
29 22 4
29 25 1
29 26 3
29 27 5
29 28 1
