15
1 0 8
2 0 9
2 1 8
3 0 1
3 1 7
3 2 7
4 0 7
4 1 1
4 2 4
4 3 1
5 0 7
5 1 5
5 2 9
5 3 4
5 4 4
6 0 9
6 1 5
6 2 2
6 3 2
6 4 9
6 5 3
7 0 8
7 1 8
7 2 4
7 3 3
7 4 9
7 5 5
7 6 7
8 0 1
8 1 3
8 2 6
8 3 5
8 4 5
8 5 5
8 6 8
8 7 2
9 0 1
9 1 6
9 2 2
9 3 9
9 4 2
9 5 8
9 6 2
9 7 4
9 8 4
10 0 5
10 1 2
10 2 4
10 3 6
10 4 1
10 5 3
10 6 8
10 7 6
10 8 9
10 9 7
11 0 2
11 1 8
11 2 5
11 3 2
11 4 7
11 5 6
11 6 2
11 7 8
11 8 6
11 9 8
11 10 2
12 0 2
12 1 6
12 2 4
12 3 7
12 4 4
12 5 3
12 6 9
12 7 4
12 8 3
12 9 5
12 10 2
12 11 8
13 0 9
13 1 5
13 2 9
13 3 1
13 4 6
13 5 6
13 6 3
13 7 8
13 8 8
13 9 6
13 10 3
13 11 6
13 12 6
14 0 9
14 1 1
14 2 2
14 3 9
14 4 8
14 5 8
14 6 3
14 7 9
14 8 8
14 9 7
14 10 9
14 11 1
14 12 7
14 13 1
