20
1 0 6
2 1 4
3 0 1
3 2 1
4 1 9
5 0 3
5 2 8
6 1 8
6 2 4
6 3 10
6 4 8
6 5 7
7 0 2
7 1 5
7 4 1
8 2 1
8 3 2
8 4 7
8 5 3
9 4 6
9 5 2
9 7 2
10 0 6
10 3 2
10 7 6
10 8 9
10 9 6
11 1 10
11 2 8
11 3 1
11 4 8
11 6 2
11 8 9
11 9 9
12 1 6
12 5 2
12 7 1
12 8 5
12 11 8
13 0 8
13 5 5
13 6 10
13 8 8
13 9 9
13 10 8
13 12 1
14 1 8
14 4 5
14 5 8
14 6 8
14 7 8
14 8 9
14 9 5
14 13 1
15 1 10
15 2 1
15 3 1
15 4 6
15 6 10
15 8 6
15 13 4
15 14 7
16 0 5
16 3 6
16 7 7
16 15 2
17 3 9
17 4 5
17 5 7
17 7 10
17 8 7
17 10 1
17 11 6
17 13 2
18 1 4
18 2 6
18 3 3
18 4 6
18 5 3
18 6 6
18 8 2
18 10 8
18 11 2
18 17 6
19 0 9
19 7 5
19 8 3
19 12 1
19 13 3
19 14 9
19 15 7
19 16 6
19 17 9
