20
1 0 1
2 0 1
2 1 1
4 3 1
5 3 1
5 4 1
6 0 1
6 2 1
7 0 1
7 1 1
7 4 1
7 5 1
8 1 1
8 2 1
8 3 1
8 4 1
8 6 1
9 0 1
9 4 1
10 0 1
10 1 1
10 3 1
10 6 1
11 1 1
11 2 1
11 3 1
11 7 1
11 8 1
11 10 1
12 0 1
12 3 1
12 4 1
12 6 1
12 7 1
12 9 1
12 10 1
13 0 1
13 3 1
13 5 1
13 7 1
13 8 1
13 9 1
13 11 1
14 2 1
14 4 1
14 5 1
14 12 1
14 13 1
15 0 1
15 1 1
15 2 1
15 3 1
15 5 1
15 7 1
15 10 1
15 11 1
15 12 1
15 13 1
16 3 1
16 5 1
16 7 1
16 8 1
16 11 1
16 13 1
16 14 1
17 1 1
17 4 1
17 6 1
17 8 1
17 9 1
17 12 1
17 16 1
18 1 1
18 2 1
18 4 1
18 5 1
18 6 1
18 8 1
18 9 1
18 10 1
18 11 1
18 13 1
18 16 1
18 17 1
19 0 1
19 3 1
19 4 1
19 5 1
19 8 1
19 9 1
19 11 1
19 12 1
19 16 1
19 18 1
