30
1 0 5
2 0 3
2 1 4
3 0 5
3 1 4
3 2 4
4 0 5
4 1 4
4 2 2
4 3 2
5 0 4
5 1 5
5 2 1
5 3 4
5 4 5
6 0 2
6 1 1
6 2 2
6 3 1
6 4 1
6 5 1
7 0 3
7 1 4
7 2 5
7 3 1
7 4 4
7 5 3
7 6 2
8 0 3
8 1 2
8 2 4
8 3 5
8 4 2
8 5 4
8 6 5
8 7 3
9 0 4
9 1 4
9 2 3
9 3 3
9 4 1
9 5 1
9 6 2
9 7 4
9 8 2
10 0 1
10 1 3
10 2 3
10 3 4
10 4 1
10 5 1
10 6 2
10 7 5
10 8 3
10 9 2
11 0 2
11 1 1
11 2 4
11 3 3
11 4 5
11 5 2
11 6 1
11 7 5
11 8 5
11 9 2
11 10 4
12 0 1
12 1 1
12 2 2
12 3 4
12 4 2
12 5 4
12 6 5
12 7 3
12 8 1
12 9 3
12 10 1
12 11 3
13 0 3
13 1 5
13 2 3
13 3 2
13 4 2
13 5 5
13 6 2
13 7 5
13 8 2
13 9 5
13 10 4
13 11 3
13 12 2
14 0 3
14 1 1
14 2 1
14 3 1
14 4 5
14 5 1
14 6 4
14 7 4
14 8 3
14 9 4
14 10 4
14 11 4
14 12 2
14 13 2
15 0 5
15 1 5
15 2 2
15 3 3
15 4 4
15 5 2
15 6 1
15 7 4
15 8 4
15 9 4
15 10 2
15 11 2
15 12 2
15 13 3
15 14 4
16 0 2
16 1 3
16 2 3
16 3 1
16 4 4
16 5 3
16 6 5
16 7 3
16 8 3
16 9 3
16 10 1
16 11 5
16 12 1
16 13 2
16 14 4
16 15 2
17 0 1
17 1 3
17 2 1
17 3 5
17 4 4
17 5 5
17 6 3
17 7 3
17 8 2
17 9 4
17 10 2
17 11 1
17 12 4
17 13 3
17 14 4
17 15 2
17 16 5
18 0 5
18 1 3
18 2 5
18 3 5
18 4 4
18 5 3
18 6 1
18 7 2
18 8 1
18 9 3
18 10 2
18 11 1
18 12 5
18 13 3
18 14 3
18 15 1
18 16 4
18 17 4
19 0 3
19 1 2
19 2 2
19 3 3
19 4 2
19 5 5
19 6 1
19 7 5
19 8 4
19 9 5
19 10 5
19 11 3
19 12 4
19 13 4
19 14 2
19 15 4
19 16 3
19 17 4
19 18 3
20 0 3
20 1 4
20 2 4
20 3 3
20 4 1
20 5 1
20 6 1
20 7 1
20 8 1
20 9 3
20 10 4
20 11 5
20 12 5
20 13 5
20 14 5
20 15 2
20 16 5
20 17 2
20 18 2
20 19 4
21 0 4
21 1 5
21 2 5
21 3 5
21 4 1
21 5 4
21 6 5
21 7 5
21 8 1
21 9 2
21 10 2
21 11 2
21 12 4
21 13 2
21 14 1
21 15 5
21 16 4
21 17 2
21 18 1
21 19 1
21 20 1
22 0 4
22 1 3
22 2 2
22 3 3
22 4 5
22 5 1
22 6 3
22 7 1
22 8 5
22 9 4
22 10 3
22 11 3
22 12 4
22 13 2
22 14 3
22 15 3
22 16 4
22 17 2
22 18 4
22 19 4
22 20 4
22 21 1
23 0 1
23 1 1
23 2 2
23 3 3
23 4 1
23 5 5
23 6 3
23 7 1
23 8 4
23 9 5
23 10 5
23 11 3
23 12 4
23 13 1
23 14 4
23 15 2
23 16 4
23 17 4
23 18 1
23 19 3
23 20 2
23 21 1
23 22 2
24 0 5
24 1 2
24 2 5
24 3 3
24 4 4
24 5 2
24 6 4
24 7 3
24 8 1
24 9 2
24 10 1
24 11 2
24 12 1
24 13 2
24 14 2
24 15 3
24 16 4
24 17 2
24 18 3
24 19 5
24 20 2
24 21 5
24 22 5
24 23 3
25 0 5
25 1 1
25 2 3
25 3 3
25 4 2
25 5 1
25 6 2
25 7 3
25 8 1
25 9 2
25 10 1
25 11 4
25 12 3
25 13 2
25 14 2
25 15 2
25 16 3
25 17 2
25 18 3
25 19 3
25 20 5
25 21 2
25 22 4
25 23 3
25 24 3
26 0 3
26 1 5
26 2 3
26 3 1
26 4 4
26 5 5
26 6 3
26 7 5
26 8 2
26 9 1
26 10 4
26 11 3
26 12 1
26 13 5
26 14 4
26 15 4
26 16 2
26 17 5
26 18 1
26 19 1
26 20 4
26 21 3
26 22 3
26 23 1
26 24 2
26 25 4
27 0 4
27 1 3
27 2 5
27 3 4
27 4 1
27 5 4
27 6 4
27 7 1
27 8 4
27 9 5
27 10 1
27 11 5
27 12 5
27 13 1
27 14 4
27 15 4
27 16 3
27 17 4
27 18 2
27 19 5
27 20 2
27 21 1
27 22 4
27 23 1
27 24 4
27 25 1
27 26 4
28 0 2
28 1 2
28 2 2
28 3 2
28 4 3
28 5 2
28 6 2
28 7 3
28 8 2
28 9 3
28 10 2
28 11 2
28 12 1
28 13 3
28 14 5
28 15 5
28 16 5
28 17 5
28 18 4
28 19 1
28 20 3
28 21 2
28 22 1
28 23 3
28 24 2
28 25 1
28 26 5
28 27 4
29 0 4
29 1 1
29 2 2
29 3 5
29 4 1
29 5 3
29 6 1
29 7 5
29 8 4
29 9 1
29 10 2
29 11 2
29 12 4
29 13 5
29 14 1
29 15 4
29 16 2
29 17 3
29 18 4
29 19 3
29 20 3
29 21 4
29 22 1
29 23 1
29 24 4
29 25 5
29 26 4
29 27 3
29 28 4
