60
1 0 4
3 1 3
3 2 5
4 0 2
4 1 3
4 2 6
5 0 3
5 2 4
5 3 6
6 2 3
6 3 1
6 4 6
7 0 1
7 2 4
8 0 2
8 1 2
8 2 1
8 5 5
8 7 5
9 1 1
9 3 6
9 5 6
10 8 4
11 0 5
11 1 1
11 2 2
11 3 2
11 5 4
11 6 4
11 7 3
11 8 1
11 9 4
12 1 2
12 3 3
12 4 3
12 5 6
12 7 1
13 0 5
13 1 5
13 3 5
13 5 6
13 10 1
13 11 1
14 4 3
14 7 5
14 8 2
14 9 6
14 10 1
14 13 1
15 0 5
15 1 2
15 4 6
15 5 6
15 7 3
15 10 2
15 11 1
15 12 2
16 0 4
16 1 5
16 4 4
16 5 5
16 6 2
16 7 5
16 9 4
16 11 6
16 12 4
16 13 1
16 14 3
16 15 2
17 1 3
17 2 3
17 3 1
17 5 4
17 6 5
17 11 1
17 12 2
17 14 5
17 16 2
18 0 2
18 1 1
18 2 4
18 6 6
18 8 5
18 11 4
18 12 2
18 15 4
18 16 1
18 17 6
19 0 6
19 1 1
19 4 6
19 6 1
19 7 2
19 8 5
19 9 3
19 10 2
19 11 5
19 12 1
19 14 4
19 15 2
19 17 5
19 18 3
20 1 6
20 4 4
20 5 4
20 9 6
20 11 5
20 12 6
20 13 4
20 14 6
20 16 1
20 17 2
20 18 1
21 1 5
21 8 5
21 9 5
21 11 4
21 14 6
21 16 6
21 18 2
21 20 2
22 0 1
22 2 5
22 3 2
22 4 5
22 5 5
22 9 3
22 12 6
22 14 5
22 16 5
22 18 4
22 20 2
22 21 2
23 0 5
23 1 2
23 2 3
23 3 1
23 4 1
23 5 4
23 6 2
23 7 1
23 9 2
23 12 1
23 18 4
23 20 3
23 22 6
24 6 2
24 7 3
24 8 2
24 10 3
24 12 2
24 13 1
24 14 4
24 15 6
24 20 1
24 21 4
24 22 1
25 2 5
25 6 3
25 7 4
25 8 3
25 9 2
25 10 5
25 12 3
25 13 5
25 14 1
25 17 4
25 20 5
25 22 5
25 24 5
26 2 3
26 3 5
26 8 6
26 14 5
26 15 2
26 16 5
26 17 6
26 18 5
26 19 1
26 20 4
26 24 4
27 2 4
27 3 6
27 4 5
27 6 1
27 7 4
27 8 6
27 9 2
27 11 3
27 14 5
27 15 5
27 19 6
28 3 2
28 5 2
28 6 2
28 8 3
28 11 3
28 12 2
28 13 2
28 14 1
28 16 4
28 18 3
28 20 2
28 23 5
28 27 4
29 0 4
29 2 3
29 4 3
29 8 1
29 14 3
29 16 4
29 18 2
29 20 4
29 22 6
29 24 4
29 27 5
29 28 2
30 1 2
30 4 3
30 5 5
30 7 2
30 8 3
30 9 3
30 11 6
30 13 6
30 14 5
30 15 4
30 16 4
30 18 6
30 19 3
30 20 3
30 23 6
30 25 1
30 26 6
30 28 4
30 29 2
31 1 1
31 3 3
31 7 6
31 8 4
31 9 2
31 10 3
31 12 5
31 13 3
31 14 2
31 15 6
31 16 4
31 17 6
31 18 3
31 20 3
31 21 6
31 22 2
31 23 6
31 24 2
31 26 3
31 27 2
31 29 3
31 30 2
32 0 2
32 3 5
32 4 1
32 5 6
32 8 4
32 13 4
32 14 4
32 16 4
32 17 5
32 19 3
32 22 2
32 24 5
32 25 2
32 28 4
32 29 6
33 0 6
33 3 1
33 4 1
33 5 2
33 9 4
33 10 1
33 12 2
33 14 2
33 15 6
33 16 3
33 18 5
33 20 5
33 21 5
33 23 1
33 25 3
33 32 1
34 1 2
34 2 5
34 4 2
34 6 6
34 7 2
34 8 1
34 10 1
34 11 5
34 12 6
34 13 3
34 15 2
34 17 6
34 18 1
34 20 6
34 21 2
34 23 6
34 25 1
34 26 4
34 27 1
34 29 4
34 33 4
35 0 5
35 2 2
35 3 5
35 4 2
35 8 5
35 9 3
35 10 3
35 11 2
35 13 3
35 14 6
35 16 2
35 19 4
35 20 1
35 21 3
35 25 1
35 28 2
35 29 1
35 30 1
35 34 3
36 1 5
36 6 1
36 9 6
36 10 2
36 11 4
36 14 6
36 15 6
36 17 5
36 20 2
36 21 3
36 22 3
36 23 5
36 24 2
36 30 5
36 31 6
36 34 2
36 35 1
37 1 5
37 2 1
37 3 4
37 4 5
37 6 6
37 7 1
37 8 2
37 9 1
37 11 2
37 12 6
37 13 2
37 14 2
37 16 6
37 17 3
37 18 5
37 19 1
37 20 6
37 21 2
37 23 2
37 24 5
37 26 1
37 28 5
37 31 3
37 32 6
37 34 4
37 35 5
37 36 4
38 0 5
38 4 3
38 5 2
38 7 1
38 8 6
38 9 3
38 10 2
38 11 3
38 13 5
38 14 5
38 15 3
38 17 5
38 22 5
38 23 1
38 24 6
38 25 3
38 26 3
38 27 6
38 28 3
38 29 2
38 32 6
38 33 6
38 34 6
38 36 2
39 1 4
39 3 6
39 5 5
39 6 4
39 9 5
39 14 5
39 16 4
39 17 3
39 19 5
39 22 3
39 25 5
39 27 6
39 28 1
39 30 2
39 31 3
39 32 4
39 34 4
39 35 5
39 38 1
40 0 3
40 6 1
40 7 6
40 8 2
40 9 6
40 10 4
40 11 2
40 13 5
40 14 3
40 17 4
40 19 2
40 21 5
40 24 3
40 25 4
40 28 3
40 30 3
40 33 3
40 34 1
40 37 1
40 38 1
41 2 5
41 5 2
41 6 6
41 9 1
41 14 2
41 18 2
41 19 3
41 20 6
41 21 2
41 22 1
41 23 6
41 24 5
41 26 3
41 30 3
41 32 6
41 34 5
41 35 2
41 37 4
41 39 5
42 0 6
42 1 6
42 2 5
42 4 6
42 6 2
42 11 2
42 12 3
42 14 4
42 15 1
42 16 5
42 22 3
42 23 4
42 26 3
42 31 6
42 33 5
42 35 2
42 36 1
42 37 5
42 38 6
42 39 2
42 40 4
43 0 4
43 1 1
43 2 6
43 6 1
43 7 1
43 9 5
43 12 6
43 13 6
43 14 4
43 21 4
43 24 2
43 25 4
43 26 6
43 28 3
43 31 6
43 36 4
43 37 2
43 42 4
44 0 6
44 1 6
44 2 6
44 3 2
44 4 4
44 13 1
44 15 2
44 17 5
44 18 4
44 19 6
44 20 2
44 22 1
44 24 6
44 26 1
44 29 2
44 32 3
44 33 4
44 34 6
44 36 4
44 37 4
44 38 2
44 40 3
44 41 3
44 43 2
45 0 2
45 1 2
45 4 4
45 6 4
45 8 4
45 9 3
45 12 5
45 16 4
45 17 6
45 19 5
45 20 2
45 23 2
45 28 4
45 30 3
45 31 5
45 37 6
45 38 4
45 39 2
45 40 6
45 41 3
45 42 2
46 2 1
46 4 2
46 5 6
46 6 2
46 8 2
46 9 5
46 10 1
46 11 4
46 12 4
46 14 4
46 15 5
46 17 3
46 18 5
46 19 3
46 20 3
46 21 4
46 22 2
46 27 4
46 28 2
46 31 6
46 32 3
46 34 6
46 35 5
46 38 5
46 39 2
46 41 5
46 42 6
46 44 2
47 0 4
47 1 3
47 2 3
47 9 3
47 10 3
47 15 2
47 20 5
47 23 6
47 24 2
47 31 4
47 33 2
47 34 2
47 35 6
47 39 3
47 41 1
47 42 4
47 44 4
47 46 4
48 1 6
48 2 1
48 3 6
48 6 1
48 13 1
48 15 2
48 16 6
48 17 3
48 18 3
48 19 3
48 21 1
48 22 4
48 23 1
48 26 4
48 27 2
48 28 3
48 31 4
48 32 2
48 34 6
48 35 3
48 36 4
48 38 3
48 40 1
48 43 3
48 45 2
48 47 3
49 0 2
49 1 3
49 2 6
49 4 6
49 6 3
49 8 4
49 10 2
49 14 4
49 16 5
49 17 6
49 20 3
49 21 4
49 22 1
49 23 3
49 26 4
49 28 6
49 29 1
49 31 4
49 33 3
49 36 6
49 37 5
49 38 3
49 41 3
49 42 2
49 44 5
49 45 3
49 46 3
49 47 6
50 0 1
50 1 2
50 2 6
50 4 3
50 6 5
50 11 5
50 12 2
50 13 5
50 16 2
50 17 3
50 20 2
50 22 5
50 24 6
50 26 5
50 27 3
50 28 2
50 30 3
50 35 1
50 37 5
50 38 3
50 39 6
50 41 6
50 44 3
50 45 2
50 47 5
50 49 2
51 0 3
51 3 4
51 4 6
51 5 2
51 6 1
51 7 4
51 8 2
51 9 6
51 10 2
51 11 1
51 12 6
51 13 4
51 15 5
51 19 2
51 25 3
51 26 5
51 27 5
51 28 6
51 29 4
51 30 6
51 32 2
51 33 3
51 34 5
51 37 6
51 38 2
51 42 2
51 43 4
51 45 5
51 46 1
51 47 4
51 48 1
52 1 4
52 6 4
52 7 2
52 9 2
52 12 6
52 13 3
52 17 6
52 18 2
52 19 4
52 24 6
52 26 1
52 31 3
52 33 1
52 34 1
52 35 6
52 36 3
52 37 3
52 38 6
52 39 2
52 41 4
52 43 3
52 44 2
52 45 4
52 47 5
52 48 5
52 49 4
52 51 1
53 0 1
53 1 6
53 2 3
53 4 6
53 5 4
53 8 1
53 13 2
53 15 4
53 16 2
53 18 3
53 20 3
53 21 3
53 23 3
53 24 4
53 25 3
53 27 2
53 30 2
53 31 5
53 32 5
53 35 6
53 36 6
53 37 1
53 38 3
53 40 4
53 41 2
53 43 4
53 50 6
53 52 4
54 4 2
54 5 1
54 6 4
54 7 2
54 8 3
54 9 4
54 12 3
54 13 1
54 15 6
54 16 5
54 17 6
54 18 5
54 19 6
54 23 1
54 24 5
54 31 6
54 35 3
54 36 2
54 38 6
54 42 1
54 46 4
54 49 4
54 50 1
54 51 1
54 52 1
54 53 2
55 4 2
55 5 2
55 7 6
55 8 6
55 11 5
55 19 5
55 20 5
55 21 1
55 22 1
55 25 5
55 28 4
55 30 5
55 36 1
55 37 1
55 44 4
55 45 5
55 46 5
55 47 3
55 48 5
55 50 4
55 51 1
56 3 6
56 4 4
56 5 2
56 6 4
56 7 1
56 9 3
56 10 4
56 12 5
56 13 6
56 14 2
56 17 5
56 18 5
56 21 4
56 22 6
56 23 2
56 27 2
56 28 5
56 29 3
56 31 3
56 35 1
56 36 5
56 37 4
56 38 1
56 40 6
56 42 5
56 44 4
56 45 5
56 47 1
56 51 4
56 52 2
56 55 3
57 6 1
57 8 4
57 9 3
57 13 2
57 14 5
57 15 2
57 16 4
57 17 3
57 18 1
57 19 1
57 20 3
57 22 2
57 30 2
57 33 3
57 34 3
57 40 1
57 41 3
57 42 4
57 44 3
57 45 6
57 47 5
57 49 6
57 54 6
57 56 3
58 0 3
58 3 6
58 4 6
58 7 6
58 8 3
58 9 3
58 11 4
58 12 4
58 14 1
58 15 3
58 16 5
58 17 5
58 19 2
58 23 6
58 25 3
58 29 4
58 30 3
58 33 2
58 36 5
58 38 5
58 39 5
58 40 2
58 41 6
58 44 4
58 46 4
58 48 6
58 51 2
58 52 4
58 54 1
58 56 1
58 57 1
59 0 2
59 3 3
59 5 4
59 9 3
59 13 3
59 15 6
59 16 3
59 20 3
59 24 3
59 27 5
59 31 4
59 32 5
59 33 4
59 34 4
59 35 4
59 37 3
59 38 3
59 40 3
59 42 5
59 44 1
59 45 4
59 47 1
59 48 4
59 50 5
59 53 4
59 56 5
59 57 5
59 58 5
