60
2 0 1
3 0 5
3 1 6
4 0 6
4 2 5
5 3 10
5 4 1
6 0 11
6 1 6
6 2 10
6 5 13
7 0 8
7 1 3
7 4 10
7 6 13
8 1 10
8 5 6
9 1 8
9 5 12
9 6 13
9 7 9
10 0 4
10 1 4
10 6 5
10 7 7
10 8 12
11 2 14
11 4 14
11 7 4
11 8 1
11 10 1
12 2 5
12 3 3
12 4 14
12 7 11
12 11 6
13 0 4
13 1 4
13 4 1
13 11 11
14 0 14
14 1 12
14 5 10
14 6 4
14 7 1
14 10 3
14 11 13
14 12 3
14 13 4
15 0 10
15 2 8
15 6 10
15 7 1
15 12 3
15 13 13
15 14 8
16 2 3
16 3 6
16 4 12
16 6 3
16 8 10
16 10 5
16 11 4
16 12 13
16 14 9
16 15 4
17 1 12
17 3 12
17 4 3
17 7 1
17 8 3
17 10 12
17 11 11
17 14 5
18 2 12
18 3 5
18 5 1
18 6 2
18 7 2
18 8 11
18 9 8
18 12 13
18 14 13
18 15 11
18 16 12
18 17 14
19 1 10
19 2 11
19 5 13
19 6 3
19 8 8
19 10 2
19 11 7
19 12 8
19 13 12
19 15 9
19 17 13
20 0 12
20 1 3
20 2 10
20 3 2
20 4 4
20 7 6
20 9 5
20 11 14
20 12 1
20 13 12
20 14 1
20 15 10
20 17 10
20 18 3
21 0 5
21 1 3
21 2 5
21 3 5
21 6 2
21 8 1
21 11 12
21 15 9
21 16 2
21 18 13
22 0 8
22 1 2
22 2 7
22 5 12
22 6 4
22 8 7
22 9 13
22 10 2
22 12 13
22 13 7
22 14 10
22 16 5
22 19 6
22 21 5
23 2 11
23 4 7
23 5 4
23 6 2
23 7 11
23 8 12
23 12 14
23 13 11
23 15 6
23 18 11
23 19 4
23 20 6
23 21 9
23 22 3
24 0 1
24 2 11
24 4 1
24 5 9
24 6 5
24 8 7
24 9 1
24 10 14
24 12 3
24 16 11
24 18 13
24 21 13
24 23 5
25 0 14
25 1 2
25 2 12
25 3 2
25 5 5
25 6 4
25 8 12
25 9 11
25 10 11
25 11 6
25 12 10
25 15 14
25 17 8
25 19 9
25 20 3
25 22 9
25 23 4
26 1 12
26 2 5
26 3 2
26 4 9
26 5 7
26 10 2
26 12 13
26 13 6
26 14 5
26 15 5
26 16 13
26 17 1
26 19 2
26 21 5
26 22 14
26 23 8
27 0 5
27 1 6
27 3 7
27 5 11
27 9 11
27 10 13
27 15 13
27 22 6
28 0 9
28 2 1
28 6 14
28 8 10
28 9 14
28 10 10
28 11 7
28 12 12
28 15 11
28 20 5
28 21 14
28 22 12
28 25 14
28 26 2
28 27 14
29 3 1
29 5 14
29 6 5
29 7 5
29 9 3
29 11 12
29 12 10
29 14 6
29 16 11
29 18 4
29 19 13
29 20 7
29 21 12
29 23 2
29 25 8
29 27 5
29 28 9
30 0 8
30 2 3
30 5 8
30 7 1
30 10 3
30 13 10
30 14 3
30 15 12
30 16 3
30 20 6
30 22 1
31 3 8
31 5 1
31 6 5
31 7 2
31 8 11
31 9 8
31 11 13
31 13 13
31 15 11
31 17 4
31 22 10
31 25 2
31 26 8
31 28 8
32 3 7
32 6 12
32 8 10
32 9 11
32 11 10
32 12 13
32 14 3
32 15 6
32 21 4
32 22 1
32 24 14
32 25 8
32 27 5
32 28 3
33 1 2
33 2 6
33 5 11
33 11 5
33 13 12
33 15 11
33 16 5
33 17 10
33 20 5
33 21 6
33 29 13
33 30 3
34 0 5
34 2 2
34 9 14
34 10 10
34 12 7
34 13 8
34 14 8
34 15 14
34 16 14
34 19 14
34 21 11
34 23 13
34 25 7
34 26 1
34 27 9
34 28 5
34 32 8
35 4 13
35 9 1
35 13 6
35 15 5
35 18 8
35 20 4
35 21 5
35 22 2
35 23 11
35 24 11
35 25 12
35 27 5
35 28 12
35 29 2
35 30 12
35 31 14
35 32 6
35 34 2
36 3 13
36 4 2
36 5 6
36 8 8
36 10 14
36 11 14
36 16 14
36 20 10
36 22 7
36 23 12
36 27 9
36 28 3
36 30 2
36 32 4
36 34 7
36 35 14
37 3 11
37 4 9
37 5 2
37 7 5
37 8 11
37 9 8
37 10 12
37 14 2
37 16 7
37 17 3
37 18 4
37 20 13
37 22 6
37 23 8
37 25 13
37 28 13
37 29 7
37 31 12
37 33 12
37 35 4
37 36 9
38 2 11
38 4 10
38 5 4
38 13 1
38 14 8
38 16 6
38 20 2
38 22 8
38 25 4
38 26 3
38 27 6
38 29 9
38 30 11
38 32 8
38 34 7
39 0 4
39 3 3
39 4 5
39 5 2
39 6 6
39 7 11
39 8 12
39 9 14
39 11 4
39 13 10
39 14 12
39 15 10
39 18 3
39 20 13
39 21 3
39 23 5
39 26 2
39 29 8
39 36 10
39 37 10
39 38 2
40 0 3
40 4 11
40 5 14
40 11 12
40 12 13
40 14 10
40 16 9
40 19 9
40 24 14
40 25 1
40 27 10
40 28 4
40 31 3
40 32 6
40 34 8
40 37 7
40 39 1
41 1 7
41 2 4
41 4 10
41 5 6
41 7 4
41 9 2
41 10 4
41 11 13
41 12 6
41 15 11
41 17 7
41 18 12
41 20 14
41 22 14
41 23 4
41 24 8
41 28 13
41 33 8
41 34 12
41 35 1
41 36 4
41 38 6
41 39 13
42 0 4
42 1 6
42 4 14
42 10 10
42 12 14
42 13 5
42 14 10
42 15 12
42 20 10
42 21 13
42 22 3
42 24 8
42 25 11
42 28 4
42 33 10
42 35 14
42 36 3
42 37 9
42 39 6
42 40 14
43 1 3
43 2 7
43 5 14
43 7 8
43 9 11
43 12 10
43 15 10
43 18 5
43 19 14
43 24 6
43 28 1
43 29 5
43 30 14
43 31 12
43 32 4
43 36 8
43 37 14
43 39 7
43 41 6
44 1 13
44 3 4
44 4 1
44 7 11
44 8 2
44 9 6
44 11 4
44 13 10
44 14 9
44 15 7
44 16 4
44 17 7
44 18 4
44 21 13
44 22 6
44 29 2
44 31 6
44 33 5
44 34 13
44 36 5
44 39 4
44 40 10
44 41 12
44 42 9
45 1 11
45 2 11
45 6 10
45 8 6
45 12 8
45 15 13
45 16 11
45 17 3
45 18 5
45 26 6
45 28 7
45 30 13
45 32 9
45 33 12
45 34 7
45 35 10
45 36 10
45 38 7
45 39 14
45 40 3
45 42 13
45 44 10
46 1 12
46 3 2
46 6 6
46 7 10
46 9 5
46 10 1
46 11 9
46 13 4
46 14 5
46 20 1
46 21 9
46 23 8
46 27 13
46 28 9
46 30 12
46 31 12
46 32 3
46 33 5
46 34 4
46 37 13
46 38 11
46 39 11
46 40 3
46 42 10
46 43 12
46 44 5
47 1 12
47 7 11
47 9 8
47 11 13
47 13 3
47 14 6
47 15 8
47 16 13
47 17 12
47 18 11
47 20 10
47 24 11
47 25 7
47 27 7
47 28 12
47 29 1
47 32 7
47 33 3
47 34 2
47 37 8
47 38 7
47 40 4
47 45 11
48 0 10
48 2 7
48 3 11
48 4 8
48 5 3
48 6 8
48 7 4
48 10 5
48 12 9
48 13 3
48 14 9
48 18 3
48 21 4
48 22 4
48 24 7
48 25 1
48 26 6
48 27 11
48 28 5
48 29 6
48 33 13
48 34 12
48 35 12
48 36 14
48 38 3
48 41 3
48 43 4
48 46 8
48 47 12
49 1 1
49 3 2
49 4 12
49 7 2
49 8 10
49 9 11
49 11 11
49 12 7
49 14 1
49 17 9
49 19 4
49 22 11
49 24 9
49 25 14
49 26 3
49 27 1
49 29 8
49 30 4
49 31 1
49 33 2
49 36 8
49 38 6
49 43 14
49 44 11
49 48 6
50 1 5
50 3 6
50 4 3
50 6 8
50 7 13
50 10 7
50 11 8
50 15 5
50 17 6
50 18 4
50 20 8
50 21 13
50 22 5
50 23 2
50 25 14
50 27 7
50 28 1
50 30 14
50 31 14
50 32 8
50 35 1
50 36 1
50 38 6
50 39 11
50 40 14
50 41 12
50 42 11
50 44 14
50 45 9
50 46 6
50 48 13
51 2 10
51 4 14
51 5 3
51 7 4
51 8 8
51 13 1
51 14 8
51 16 13
51 17 13
51 19 8
51 20 10
51 22 5
51 24 9
51 26 12
51 27 11
51 30 14
51 31 5
51 35 10
51 37 3
51 38 14
51 39 12
51 40 12
51 41 7
51 43 13
51 46 2
51 49 13
52 0 1
52 1 12
52 5 4
52 6 14
52 8 4
52 9 7
52 11 7
52 12 5
52 14 10
52 16 13
52 19 13
52 21 13
52 26 2
52 27 9
52 29 9
52 31 2
52 33 6
52 34 7
52 35 8
52 36 6
52 37 10
52 38 7
52 39 14
52 40 2
52 41 11
52 42 12
52 43 13
52 44 10
52 46 1
52 47 2
52 49 1
52 50 7
52 51 8
53 0 6
53 1 6
53 2 11
53 4 6
53 8 13
53 11 9
53 13 4
53 14 9
53 17 14
53 23 10
53 24 10
53 25 8
53 26 5
53 28 6
53 29 10
53 31 5
53 32 8
53 36 8
53 37 3
53 41 4
53 42 6
53 43 14
53 47 14
53 49 9
53 52 6
54 2 11
54 3 11
54 5 7
54 8 10
54 9 10
54 11 1
54 12 5
54 15 4
54 16 6
54 19 4
54 22 6
54 25 2
54 26 3
54 27 6
54 29 3
54 30 11
54 32 13
54 33 4
54 34 3
54 37 2
54 41 9
54 44 5
54 46 14
54 48 2
54 49 14
55 1 1
55 2 10
55 3 11
55 5 2
55 13 4
55 17 9
55 19 2
55 20 13
55 21 12
55 22 6
55 23 7
55 29 11
55 31 9
55 32 12
55 33 12
55 35 4
55 36 9
55 39 11
55 41 4
55 43 9
55 48 1
55 49 8
55 53 10
55 54 5
56 4 8
56 5 2
56 6 4
56 8 7
56 9 11
56 10 13
56 11 7
56 12 5
56 15 8
56 17 9
56 21 6
56 22 3
56 27 12
56 31 4
56 33 7
56 39 8
56 41 12
56 44 8
56 46 5
56 51 4
56 53 1
56 54 6
57 0 8
57 1 10
57 2 13
57 3 8
57 4 11
57 5 11
57 6 13
57 7 1
57 9 12
57 14 7
57 18 7
57 19 8
57 21 14
57 23 9
57 24 8
57 26 8
57 27 2
57 28 2
57 30 4
57 35 3
57 36 1
57 37 4
57 39 3
57 42 9
57 43 7
57 44 4
57 47 7
57 51 6
57 53 5
57 54 13
57 55 12
58 1 2
58 2 1
58 8 11
58 9 4
58 11 10
58 12 1
58 13 8
58 14 10
58 15 4
58 17 4
58 19 6
58 21 4
58 23 3
58 25 6
58 27 3
58 28 1
58 31 4
58 32 1
58 33 6
58 37 13
58 38 6
58 39 8
58 41 4
58 42 3
58 43 7
58 45 2
58 48 1
58 55 3
58 56 9
58 57 11
59 0 9
59 1 13
59 4 3
59 5 3
59 8 4
59 9 1
59 13 6
59 15 11
59 16 14
59 20 13
59 23 6
59 25 10
59 26 9
59 32 8
59 34 13
59 35 3
59 40 11
59 42 13
59 48 12
59 51 11
59 52 9
59 55 8
59 56 9
