40
2 0 2
3 0 6
3 2 7
4 0 7
4 2 1
4 3 4
5 2 4
6 0 3
6 3 4
6 4 1
6 5 7
7 1 5
7 6 5
8 3 1
8 6 8
9 1 6
9 2 4
9 6 3
9 7 6
9 8 2
10 0 8
10 1 1
10 5 4
10 7 6
10 8 7
11 0 3
11 1 1
11 4 1
11 5 3
12 1 1
12 3 2
12 6 2
12 8 6
12 9 3
12 10 2
12 11 5
13 5 4
13 6 2
14 0 3
14 1 4
14 4 1
14 6 7
14 8 1
14 9 7
14 10 3
14 11 1
15 0 3
15 2 4
15 3 5
15 4 1
15 5 8
15 6 1
15 7 3
15 8 5
15 10 1
15 11 2
15 12 6
15 14 2
16 1 1
16 3 5
16 7 4
16 10 5
16 11 6
16 12 8
16 13 5
17 1 1
17 3 8
17 6 1
17 7 8
17 9 6
17 12 1
17 13 4
18 0 2
18 2 6
18 3 7
18 5 8
18 9 6
18 10 4
18 11 3
18 14 1
18 16 1
18 17 1
19 3 3
19 5 3
19 6 7
19 8 2
19 10 4
19 11 2
19 13 4
19 16 1
19 18 8
20 1 7
20 2 3
20 5 7
20 6 4
20 7 1
20 13 8
20 14 6
20 15 8
20 16 3
20 18 6
20 19 5
21 1 8
21 7 6
21 9 3
21 15 4
21 17 3
21 18 3
21 20 1
22 1 2
22 3 3
22 4 3
22 5 4
22 6 1
22 7 3
22 8 2
22 14 7
22 18 1
22 20 1
22 21 8
23 2 3
23 3 4
23 4 1
23 5 8
23 8 1
23 9 3
23 10 5
23 14 5
23 16 6
23 19 1
23 22 8
24 0 1
24 1 2
24 4 2
24 5 4
24 7 4
24 11 1
24 12 5
24 13 7
24 14 1
24 17 8
24 18 3
24 19 5
24 20 4
24 22 8
24 23 6
25 0 4
25 3 5
25 4 8
25 7 3
25 8 6
25 9 5
25 10 1
25 11 1
25 13 1
25 15 2
25 17 1
25 18 6
25 19 2
25 20 7
25 21 6
26 0 2
26 3 8
26 5 7
26 6 7
26 7 6
26 9 8
26 12 5
26 13 3
26 18 1
26 21 8
27 0 4
27 2 7
27 3 6
27 5 2
27 6 5
27 7 8
27 12 2
27 13 1
27 18 7
27 19 7
27 20 6
27 21 6
27 23 2
28 1 3
28 2 5
28 6 1
28 9 1
28 10 8
28 11 5
28 12 7
28 16 1
28 23 4
28 24 7
28 25 7
28 26 2
28 27 2
29 0 3
29 2 4
29 3 6
29 4 4
29 5 5
29 6 5
29 8 3
29 12 7
29 13 8
29 14 6
29 15 7
29 17 5
29 19 3
29 26 1
29 28 5
30 1 8
30 2 8
30 3 5
30 5 1
30 6 4
30 7 7
30 9 8
30 10 7
30 11 5
30 19 3
30 23 1
30 25 2
30 26 7
30 27 1
30 29 4
31 1 5
31 6 5
31 8 8
31 9 1
31 10 2
31 15 5
31 16 5
31 19 3
31 24 8
31 25 7
31 28 3
31 29 4
32 0 8
32 1 7
32 2 3
32 4 5
32 6 2
32 7 7
32 11 7
32 14 4
32 15 4
32 16 7
32 18 1
32 20 4
32 24 1
32 25 2
32 26 3
32 27 4
32 29 1
32 31 8
33 0 1
33 2 6
33 5 4
33 7 4
33 8 3
33 9 1
33 11 6
33 13 2
33 14 2
33 15 3
33 16 3
33 17 6
33 18 8
33 19 1
33 20 2
33 22 4
33 25 4
33 28 2
33 29 1
33 31 1
33 32 3
34 0 7
34 1 5
34 2 2
34 4 5
34 5 8
34 6 3
34 8 1
34 10 6
34 12 5
34 14 1
34 15 5
34 17 5
34 18 3
34 19 8
34 20 8
34 23 3
34 25 6
34 27 5
34 28 7
34 30 6
34 31 5
34 32 8
34 33 5
35 1 5
35 4 3
35 6 7
35 10 1
35 11 1
35 14 7
35 16 8
35 19 5
35 23 7
35 29 7
35 30 6
35 32 6
36 0 7
36 1 2
36 2 3
36 3 4
36 4 2
36 7 1
36 10 1
36 12 7
36 14 2
36 17 4
36 18 3
36 19 7
36 20 1
36 22 8
36 23 6
36 24 7
36 26 2
36 28 1
36 29 2
36 31 5
36 34 1
37 0 5
37 2 1
37 3 4
37 4 3
37 5 4
37 7 2
37 8 6
37 12 7
37 14 1
37 15 7
37 17 2
37 21 1
37 22 6
37 25 1
37 27 8
37 28 3
37 30 5
37 32 6
37 34 5
37 36 5
38 4 2
38 6 4
38 8 1
38 10 6
38 14 2
38 16 7
38 17 6
38 19 6
38 20 4
38 21 6
38 23 5
38 24 6
38 28 5
38 29 6
38 30 7
38 31 2
38 36 1
38 37 1
39 2 4
39 7 4
39 8 5
39 11 7
39 13 7
39 15 3
39 16 3
39 19 3
39 20 3
39 23 5
39 24 4
39 25 7
39 26 5
39 27 1
39 29 1
39 31 7
39 32 6
39 33 1
39 36 3
