20
1 0 2
2 0 3
2 1 1
3 0 4
3 1 1
3 2 1
4 0 8
4 1 5
4 2 9
4 3 2
5 0 9
5 1 1
5 2 2
5 3 3
5 4 6
6 0 6
6 1 5
6 2 7
6 3 4
6 4 9
6 5 3
7 0 6
7 1 9
7 2 8
7 3 8
7 4 5
7 5 5
7 6 7
8 0 8
8 1 5
8 2 9
8 3 7
8 4 4
8 5 2
8 6 6
8 7 2
9 0 6
9 1 9
9 2 1
9 3 4
9 4 6
9 5 7
9 6 1
9 7 4
9 8 9
10 0 5
10 1 5
10 2 3
10 3 3
10 4 4
10 5 4
10 6 9
10 7 1
10 8 3
10 9 8
11 0 1
11 1 9
11 2 5
11 3 2
11 4 4
11 5 6
11 6 4
11 7 6
11 8 3
11 9 5
11 10 3
12 0 5
12 1 9
12 2 9
12 3 4
12 4 7
12 5 4
12 6 4
12 7 5
12 8 6
12 9 6
12 10 1
12 11 4
13 0 3
13 1 6
13 2 9
13 3 3
13 4 3
13 5 6
13 6 1
13 7 2
13 8 5
13 9 2
13 10 6
13 11 9
13 12 6
14 0 5
14 1 6
14 2 4
14 3 1
14 4 9
14 5 7
14 6 5
14 7 9
14 8 3
14 9 4
14 10 6
14 11 5
14 12 9
14 13 9
15 0 7
15 1 2
15 2 5
15 3 4
15 4 7
15 5 1
15 6 1
15 7 2
15 8 6
15 9 7
15 10 4
15 11 2
15 12 5
15 13 5
15 14 7
16 0 9
16 1 7
16 2 1
16 3 7
16 4 2
16 5 9
16 6 4
16 7 8
16 8 2
16 9 2
16 10 3
16 11 1
16 12 3
16 13 2
16 14 6
16 15 2
17 0 3
17 1 2
17 2 6
17 3 7
17 4 4
17 5 7
17 6 8
17 7 6
17 8 6
17 9 5
17 10 6
17 11 2
17 12 7
17 13 7
17 14 6
17 15 9
17 16 9
18 0 3
18 1 7
18 2 8
18 3 2
18 4 6
18 5 4
18 6 7
18 7 3
18 8 9
18 9 2
18 10 3
18 11 7
18 12 1
18 13 3
18 14 2
18 15 7
18 16 4
18 17 1
19 0 3
19 1 1
19 2 4
19 3 9
19 4 7
19 5 7
19 6 9
19 7 5
19 8 6
19 9 9
19 10 1
19 11 2
19 12 4
19 13 3
19 14 1
19 15 8
19 16 1
19 17 4
19 18 9
