20
1 0 5
2 0 2
3 1 3
3 2 5
4 1 5
4 2 4
5 0 2
6 0 3
6 2 2
6 4 5
6 5 5
7 2 1
7 5 2
8 1 3
8 2 2
8 7 1
9 5 3
9 6 2
9 7 2
10 0 3
10 1 2
10 2 4
10 3 1
10 5 2
10 6 4
10 7 2
10 8 3
10 9 4
11 1 3
11 2 4
11 3 2
11 5 1
11 9 2
12 0 4
12 2 3
12 3 2
12 5 3
12 7 3
12 9 4
12 11 4
13 1 4
13 2 2
13 4 4
13 6 3
13 9 3
13 10 1
13 11 1
14 2 2
14 5 3
14 6 4
14 7 2
14 9 2
14 13 5
15 0 1
15 4 5
15 5 3
15 7 3
15 9 5
15 10 5
15 12 2
15 13 5
15 14 4
16 0 4
16 1 3
16 2 5
16 6 1
16 7 3
16 9 5
16 10 2
16 12 1
16 14 2
17 0 3
17 2 5
17 7 1
17 15 5
18 0 2
18 1 3
18 7 4
18 9 4
18 11 5
18 12 5
18 14 4
19 2 4
19 3 5
19 5 1
19 7 1
19 9 3
19 10 1
19 12 1
19 17 4
