60
1 0 2
2 0 1
2 1 1
3 0 1
3 1 2
3 2 1
4 0 1
4 1 1
4 2 1
4 3 1
5 0 1
5 1 2
5 2 1
5 3 1
5 4 1
6 0 1
6 1 1
6 2 1
6 3 1
6 4 1
6 5 2
7 0 1
7 1 1
7 2 1
7 3 2
7 4 1
7 5 1
7 6 1
8 0 1
8 1 1
8 2 2
8 3 2
8 4 1
8 5 1
8 6 2
8 7 2
9 0 2
9 1 1
9 2 1
9 3 1
9 4 2
9 5 2
9 6 1
9 7 1
9 8 1
10 0 1
10 1 2
10 2 1
10 3 2
10 4 1
10 5 1
10 6 1
10 7 2
10 8 2
10 9 1
11 0 2
11 1 2
11 2 2
11 3 1
11 4 2
11 5 1
11 6 2
11 7 2
11 8 2
11 9 1
11 10 2
12 0 2
12 1 1
12 2 2
12 3 2
12 4 1
12 5 2
12 6 1
12 7 2
12 8 1
12 9 2
12 10 1
12 11 2
13 0 2
13 1 1
13 2 1
13 3 2
13 4 1
13 5 1
13 6 1
13 7 2
13 8 1
13 9 2
13 10 2
13 11 2
13 12 1
14 0 1
14 1 2
14 2 2
14 3 2
14 4 2
14 5 2
14 6 2
14 7 2
14 8 2
14 9 2
14 10 2
14 11 1
14 12 1
14 13 2
15 0 2
15 1 1
15 2 2
15 3 1
15 4 2
15 5 2
15 6 1
15 7 2
15 8 1
15 9 2
15 10 2
15 11 2
15 12 1
15 13 1
15 14 1
16 0 2
16 1 2
16 2 2
16 3 1
16 4 2
16 5 1
16 6 1
16 7 1
16 8 2
16 9 2
16 10 2
16 11 2
16 12 2
16 13 2
16 14 2
16 15 2
17 0 2
17 1 2
17 2 2
17 3 2
17 4 2
17 5 2
17 6 2
17 7 2
17 8 2
17 9 1
17 10 2
17 11 1
17 12 1
17 13 2
17 14 2
17 15 2
17 16 1
18 0 2
18 1 2
18 2 2
18 3 2
18 4 1
18 5 1
18 6 2
18 7 2
18 8 2
18 9 2
18 10 2
18 11 1
18 12 2
18 13 1
18 14 2
18 15 2
18 16 2
18 17 2
19 0 2
19 1 1
19 2 2
19 3 2
19 4 1
19 5 2
19 6 2
19 7 1
19 8 1
19 9 1
19 10 2
19 11 1
19 12 1
19 13 1
19 14 1
19 15 1
19 16 1
19 17 2
19 18 1
20 0 2
20 1 2
20 2 1
20 3 2
20 4 1
20 5 2
20 6 2
20 7 1
20 8 1
20 9 2
20 10 2
20 11 1
20 12 1
20 13 1
20 14 2
20 15 2
20 16 2
20 17 2
20 18 2
20 19 1
21 0 1
21 1 1
21 2 2
21 3 2
21 4 2
21 5 1
21 6 1
21 7 1
21 8 2
21 9 1
21 10 1
21 11 2
21 12 1
21 13 1
21 14 1
21 15 2
21 16 1
21 17 2
21 18 1
21 19 2
21 20 1
22 0 1
22 1 1
22 2 2
22 3 2
22 4 2
22 5 2
22 6 2
22 7 2
22 8 1
22 9 1
22 10 1
22 11 2
22 12 2
22 13 2
22 14 1
22 15 2
22 16 2
22 17 1
22 18 1
22 19 1
22 20 1
22 21 2
23 0 2
23 1 1
23 2 1
23 3 2
23 4 1
23 5 1
23 6 1
23 7 1
23 8 1
23 9 2
23 10 2
23 11 2
23 12 2
23 13 1
23 14 2
23 15 1
23 16 1
23 17 2
23 18 2
23 19 1
23 20 2
23 21 2
23 22 2
24 0 1
24 1 1
24 2 1
24 3 1
24 4 2
24 5 2
24 6 1
24 7 1
24 8 2
24 9 1
24 10 2
24 11 1
24 12 2
24 13 1
24 14 2
24 15 2
24 16 2
24 17 1
24 18 1
24 19 1
24 20 2
24 21 1
24 22 2
24 23 2
25 0 2
25 1 1
25 2 2
25 3 1
25 4 2
25 5 1
25 6 2
25 7 2
25 8 1
25 9 2
25 10 1
25 11 2
25 12 1
25 13 1
25 14 2
25 15 2
25 16 1
25 17 1
25 18 1
25 19 1
25 20 1
25 21 2
25 22 2
25 23 2
25 24 2
26 0 1
26 1 2
26 2 1
26 3 1
26 4 1
26 5 2
26 6 1
26 7 1
26 8 1
26 9 2
26 10 1
26 11 2
26 12 1
26 13 1
26 14 2
26 15 1
26 16 2
26 17 1
26 18 1
26 19 1
26 20 1
26 21 2
26 22 1
26 23 2
26 24 1
26 25 2
27 0 2
27 1 2
27 2 1
27 3 2
27 4 2
27 5 1
27 6 1
27 7 2
27 8 1
27 9 2
27 10 2
27 11 1
27 12 2
27 13 2
27 14 2
27 15 2
27 16 1
27 17 2
27 18 2
27 19 1
27 20 2
27 21 2
27 22 2
27 23 2
27 24 2
27 25 2
27 26 1
28 0 2
28 1 1
28 2 1
28 3 1
28 4 1
28 5 1
28 6 2
28 7 2
28 8 1
28 9 2
28 10 1
28 11 2
28 12 2
28 13 2
28 14 1
28 15 2
28 16 2
28 17 1
28 18 1
28 19 2
28 20 1
28 21 2
28 22 2
28 23 1
28 24 2
28 25 1
28 26 2
28 27 1
29 0 2
29 1 2
29 2 2
29 3 2
29 4 2
29 5 1
29 6 2
29 7 1
29 8 2
29 9 1
29 10 2
29 11 2
29 12 2
29 13 2
29 14 2
29 15 1
29 16 1
29 17 2
29 18 2
29 19 2
29 20 2
29 21 1
29 22 2
29 23 2
29 24 1
29 25 1
29 26 1
29 27 2
29 28 2
30 0 1
30 1 1
30 2 2
30 3 1
30 4 2
30 5 2
30 6 2
30 7 1
30 8 2
30 9 1
30 10 1
30 11 2
30 12 2
30 13 2
30 14 1
30 15 2
30 16 1
30 17 2
30 18 1
30 19 2
30 20 1
30 21 1
30 22 2
30 23 1
30 24 1
30 25 2
30 26 1
30 27 1
30 28 1
30 29 2
31 0 1
31 1 2
31 2 1
31 3 1
31 4 1
31 5 1
31 6 2
31 7 1
31 8 2
31 9 1
31 10 2
31 11 1
31 12 2
31 13 2
31 14 1
31 15 1
31 16 1
31 17 2
31 18 1
31 19 1
31 20 2
31 21 1
31 22 2
31 23 1
31 24 2
31 25 2
31 26 2
31 27 1
31 28 2
31 29 2
31 30 1
32 0 1
32 1 2
32 2 1
32 3 1
32 4 1
32 5 2
32 6 1
32 7 1
32 8 2
32 9 2
32 10 2
32 11 2
32 12 1
32 13 1
32 14 1
32 15 1
32 16 2
32 17 1
32 18 2
32 19 1
32 20 1
32 21 1
32 22 1
32 23 2
32 24 1
32 25 2
32 26 1
32 27 1
32 28 2
32 29 1
32 30 2
32 31 1
33 0 1
33 1 2
33 2 2
33 3 1
33 4 1
33 5 2
33 6 2
33 7 2
33 8 1
33 9 1
33 10 2
33 11 1
33 12 1
33 13 2
33 14 2
33 15 1
33 16 1
33 17 1
33 18 2
33 19 1
33 20 1
33 21 1
33 22 2
33 23 1
33 24 1
33 25 2
33 26 2
33 27 1
33 28 2
33 29 1
33 30 1
33 31 1
33 32 1
34 0 1
34 1 1
34 2 1
34 3 2
34 4 2
34 5 2
34 6 2
34 7 1
34 8 2
34 9 2
34 10 2
34 11 2
34 12 2
34 13 2
34 14 1
34 15 1
34 16 1
34 17 1
34 18 2
34 19 2
34 20 2
34 21 1
34 22 2
34 23 1
34 24 2
34 25 1
34 26 1
34 27 2
34 28 2
34 29 2
34 30 2
34 31 1
34 32 1
34 33 2
35 0 1
35 1 1
35 2 1
35 3 1
35 4 2
35 5 1
35 6 2
35 7 2
35 8 1
35 9 2
35 10 2
35 11 2
35 12 1
35 13 2
35 14 2
35 15 1
35 16 1
35 17 1
35 18 1
35 19 2
35 20 2
35 21 2
35 22 2
35 23 1
35 24 1
35 25 2
35 26 2
35 27 2
35 28 2
35 29 2
35 30 1
35 31 2
35 32 1
35 33 1
35 34 1
36 0 2
36 1 2
36 2 2
36 3 2
36 4 1
36 5 1
36 6 2
36 7 1
36 8 2
36 9 1
36 10 2
36 11 2
36 12 1
36 13 1
36 14 1
36 15 2
36 16 2
36 17 1
36 18 2
36 19 1
36 20 2
36 21 2
36 22 1
36 23 2
36 24 1
36 25 1
36 26 2
36 27 2
36 28 1
36 29 1
36 30 1
36 31 2
36 32 2
36 33 2
36 34 1
36 35 2
37 0 1
37 1 1
37 2 2
37 3 1
37 4 2
37 5 1
37 6 2
37 7 2
37 8 2
37 9 1
37 10 2
37 11 2
37 12 2
37 13 2
37 14 1
37 15 1
37 16 2
37 17 2
37 18 1
37 19 1
37 20 2
37 21 2
37 22 2
37 23 1
37 24 1
37 25 2
37 26 2
37 27 2
37 28 2
37 29 1
37 30 1
37 31 1
37 32 2
37 33 2
37 34 1
37 35 1
37 36 1
38 0 2
38 1 1
38 2 2
38 3 1
38 4 2
38 5 1
38 6 1
38 7 2
38 8 2
38 9 2
38 10 2
38 11 2
38 12 1
38 13 1
38 14 2
38 15 1
38 16 1
38 17 2
38 18 2
38 19 2
38 20 1
38 21 1
38 22 1
38 23 1
38 24 2
38 25 2
38 26 1
38 27 1
38 28 1
38 29 2
38 30 2
38 31 1
38 32 2
38 33 2
38 34 2
38 35 2
38 36 2
38 37 1
39 0 2
39 1 2
39 2 1
39 3 2
39 4 2
39 5 1
39 6 2
39 7 1
39 8 1
39 9 2
39 10 2
39 11 1
39 12 1
39 13 1
39 14 1
39 15 2
39 16 1
39 17 1
39 18 1
39 19 2
39 20 1
39 21 2
39 22 1
39 23 1
39 24 2
39 25 1
39 26 2
39 27 2
39 28 2
39 29 1
39 30 1
39 31 2
39 32 2
39 33 1
39 34 1
39 35 2
39 36 1
39 37 2
39 38 1
40 0 2
40 1 2
40 2 2
40 3 1
40 4 2
40 5 1
40 6 1
40 7 2
40 8 1
40 9 1
40 10 1
40 11 2
40 12 2
40 13 1
40 14 2
40 15 2
40 16 2
40 17 1
40 18 1
40 19 1
40 20 1
40 21 2
40 22 2
40 23 2
40 24 2
40 25 2
40 26 2
40 27 2
40 28 1
40 29 2
40 30 1
40 31 2
40 32 2
40 33 1
40 34 1
40 35 2
40 36 2
40 37 1
40 38 1
40 39 1
41 0 2
41 1 2
41 2 1
41 3 1
41 4 1
41 5 2
41 6 2
41 7 2
41 8 1
41 9 1
41 10 2
41 11 2
41 12 2
41 13 1
41 14 1
41 15 2
41 16 2
41 17 1
41 18 1
41 19 1
41 20 2
41 21 1
41 22 1
41 23 2
41 24 2
41 25 1
41 26 2
41 27 2
41 28 2
41 29 1
41 30 1
41 31 2
41 32 1
41 33 1
41 34 2
41 35 1
41 36 1
41 37 2
41 38 1
41 39 1
41 40 2
42 0 2
42 1 2
42 2 1
42 3 2
42 4 2
42 5 2
42 6 2
42 7 2
42 8 1
42 9 2
42 10 2
42 11 2
42 12 2
42 13 2
42 14 2
42 15 2
42 16 2
42 17 2
42 18 1
42 19 1
42 20 2
42 21 1
42 22 2
42 23 2
42 24 2
42 25 1
42 26 2
42 27 1
42 28 2
42 29 1
42 30 2
42 31 2
42 32 2
42 33 1
42 34 1
42 35 2
42 36 2
42 37 2
42 38 2
42 39 2
42 40 1
42 41 1
43 0 2
43 1 2
43 2 1
43 3 2
43 4 2
43 5 1
43 6 1
43 7 1
43 8 1
43 9 1
43 10 1
43 11 1
43 12 2
43 13 1
43 14 2
43 15 2
43 16 1
43 17 2
43 18 1
43 19 2
43 20 2
43 21 2
43 22 2
43 23 2
43 24 2
43 25 1
43 26 2
43 27 2
43 28 1
43 29 1
43 30 1
43 31 2
43 32 1
43 33 2
43 34 2
43 35 2
43 36 1
43 37 2
43 38 2
43 39 2
43 40 1
43 41 2
43 42 2
44 0 1
44 1 1
44 2 1
44 3 1
44 4 1
44 5 2
44 6 1
44 7 2
44 8 1
44 9 2
44 10 1
44 11 1
44 12 2
44 13 2
44 14 2
44 15 2
44 16 2
44 17 1
44 18 1
44 19 1
44 20 1
44 21 2
44 22 1
44 23 1
44 24 1
44 25 2
44 26 1
44 27 2
44 28 2
44 29 1
44 30 1
44 31 1
44 32 1
44 33 1
44 34 2
44 35 2
44 36 1
44 37 1
44 38 2
44 39 1
44 40 1
44 41 1
44 42 2
44 43 1
45 0 2
45 1 2
45 2 2
45 3 2
45 4 1
45 5 1
45 6 2
45 7 2
45 8 2
45 9 1
45 10 1
45 11 1
45 12 1
45 13 1
45 14 1
45 15 2
45 16 1
45 17 2
45 18 2
45 19 2
45 20 2
45 21 1
45 22 1
45 23 2
45 24 1
45 25 1
45 26 1
45 27 1
45 28 2
45 29 1
45 30 1
45 31 1
45 32 2
45 33 2
45 34 1
45 35 2
45 36 1
45 37 2
45 38 1
45 39 1
45 40 2
45 41 1
45 42 2
45 43 1
45 44 2
46 0 2
46 1 1
46 2 2
46 3 1
46 4 2
46 5 1
46 6 1
46 7 2
46 8 2
46 9 1
46 10 1
46 11 2
46 12 1
46 13 2
46 14 1
46 15 1
46 16 1
46 17 2
46 18 2
46 19 2
46 20 1
46 21 2
46 22 1
46 23 2
46 24 2
46 25 2
46 26 1
46 27 1
46 28 2
46 29 2
46 30 1
46 31 1
46 32 1
46 33 1
46 34 1
46 35 2
46 36 1
46 37 1
46 38 2
46 39 1
46 40 1
46 41 2
46 42 1
46 43 2
46 44 2
46 45 2
47 0 1
47 1 1
47 2 2
47 3 2
47 4 2
47 5 2
47 6 1
47 7 2
47 8 1
47 9 2
47 10 1
47 11 2
47 12 1
47 13 2
47 14 1
47 15 1
47 16 1
47 17 2
47 18 2
47 19 1
47 20 2
47 21 2
47 22 2
47 23 2
47 24 1
47 25 1
47 26 2
47 27 1
47 28 1
47 29 2
47 30 2
47 31 2
47 32 1
47 33 1
47 34 2
47 35 2
47 36 1
47 37 1
47 38 1
47 39 1
47 40 2
47 41 2
47 42 1
47 43 1
47 44 2
47 45 2
47 46 2
48 0 2
48 1 2
48 2 1
48 3 2
48 4 2
48 5 2
48 6 1
48 7 2
48 8 1
48 9 2
48 10 2
48 11 2
48 12 2
48 13 1
48 14 1
48 15 1
48 16 2
48 17 1
48 18 1
48 19 1
48 20 2
48 21 2
48 22 1
48 23 1
48 24 2
48 25 1
48 26 1
48 27 2
48 28 2
48 29 1
48 30 1
48 31 1
48 32 1
48 33 1
48 34 2
48 35 2
48 36 2
48 37 2
48 38 1
48 39 2
48 40 1
48 41 1
48 42 2
48 43 2
48 44 1
48 45 2
48 46 1
48 47 2
49 0 1
49 1 2
49 2 2
49 3 2
49 4 1
49 5 2
49 6 1
49 7 2
49 8 1
49 9 1
49 10 2
49 11 2
49 12 1
49 13 1
49 14 2
49 15 1
49 16 1
49 17 2
49 18 2
49 19 2
49 20 2
49 21 1
49 22 1
49 23 1
49 24 1
49 25 1
49 26 2
49 27 1
49 28 2
49 29 2
49 30 2
49 31 2
49 32 2
49 33 2
49 34 2
49 35 1
49 36 2
49 37 1
49 38 1
49 39 1
49 40 1
49 41 1
49 42 2
49 43 1
49 44 1
49 45 2
49 46 1
49 47 1
49 48 2
50 0 1
50 1 2
50 2 2
50 3 1
50 4 1
50 5 1
50 6 1
50 7 1
50 8 2
50 9 2
50 10 1
50 11 1
50 12 2
50 13 2
50 14 1
50 15 1
50 16 1
50 17 1
50 18 1
50 19 2
50 20 1
50 21 1
50 22 1
50 23 1
50 24 2
50 25 1
50 26 1
50 27 2
50 28 2
50 29 2
50 30 1
50 31 1
50 32 2
50 33 2
50 34 2
50 35 2
50 36 2
50 37 2
50 38 1
50 39 2
50 40 1
50 41 1
50 42 1
50 43 1
50 44 1
50 45 2
50 46 1
50 47 1
50 48 1
50 49 1
51 0 2
51 1 2
51 2 1
51 3 2
51 4 2
51 5 2
51 6 1
51 7 2
51 8 2
51 9 2
51 10 1
51 11 2
51 12 1
51 13 2
51 14 2
51 15 2
51 16 1
51 17 1
51 18 2
51 19 1
51 20 1
51 21 1
51 22 2
51 23 1
51 24 2
51 25 2
51 26 1
51 27 2
51 28 1
51 29 2
51 30 1
51 31 1
51 32 1
51 33 2
51 34 1
51 35 2
51 36 2
51 37 2
51 38 1
51 39 2
51 40 1
51 41 2
51 42 2
51 43 1
51 44 1
51 45 2
51 46 2
51 47 2
51 48 1
51 49 1
51 50 2
52 0 1
52 1 2
52 2 1
52 3 1
52 4 1
52 5 1
52 6 2
52 7 1
52 8 2
52 9 2
52 10 1
52 11 1
52 12 1
52 13 2
52 14 2
52 15 1
52 16 1
52 17 1
52 18 2
52 19 1
52 20 1
52 21 1
52 22 2
52 23 1
52 24 1
52 25 2
52 26 1
52 27 2
52 28 2
52 29 2
52 30 1
52 31 2
52 32 1
52 33 1
52 34 2
52 35 1
52 36 2
52 37 1
52 38 1
52 39 1
52 40 2
52 41 1
52 42 2
52 43 2
52 44 2
52 45 1
52 46 2
52 47 1
52 48 1
52 49 2
52 50 2
52 51 2
53 0 1
53 1 2
53 2 1
53 3 2
53 4 1
53 5 2
53 6 2
53 7 2
53 8 1
53 9 1
53 10 1
53 11 1
53 12 1
53 13 1
53 14 2
53 15 1
53 16 2
53 17 2
53 18 2
53 19 2
53 20 2
53 21 1
53 22 2
53 23 2
53 24 1
53 25 2
53 26 1
53 27 1
53 28 1
53 29 1
53 30 2
53 31 1
53 32 2
53 33 1
53 34 2
53 35 1
53 36 1
53 37 2
53 38 1
53 39 2
53 40 1
53 41 2
53 42 2
53 43 2
53 44 2
53 45 1
53 46 1
53 47 2
53 48 1
53 49 1
53 50 1
53 51 2
53 52 2
54 0 1
54 1 2
54 2 1
54 3 1
54 4 1
54 5 2
54 6 1
54 7 2
54 8 1
54 9 1
54 10 1
54 11 2
54 12 2
54 13 1
54 14 1
54 15 1
54 16 1
54 17 1
54 18 2
54 19 1
54 20 2
54 21 1
54 22 2
54 23 2
54 24 2
54 25 1
54 26 1
54 27 1
54 28 2
54 29 1
54 30 2
54 31 1
54 32 1
54 33 1
54 34 2
54 35 2
54 36 1
54 37 1
54 38 2
54 39 2
54 40 1
54 41 1
54 42 2
54 43 1
54 44 2
54 45 2
54 46 1
54 47 2
54 48 2
54 49 1
54 50 2
54 51 1
54 52 1
54 53 2
55 0 2
55 1 1
55 2 1
55 3 2
55 4 1
55 5 1
55 6 1
55 7 2
55 8 2
55 9 1
55 10 2
55 11 2
55 12 1
55 13 1
55 14 1
55 15 1
55 16 1
55 17 1
55 18 1
55 19 2
55 20 1
55 21 1
55 22 1
55 23 1
55 24 1
55 25 2
55 26 2
55 27 1
55 28 1
55 29 1
55 30 2
55 31 2
55 32 1
55 33 1
55 34 2
55 35 1
55 36 2
55 37 1
55 38 1
55 39 2
55 40 2
55 41 1
55 42 1
55 43 2
55 44 1
55 45 1
55 46 1
55 47 2
55 48 1
55 49 2
55 50 2
55 51 1
55 52 1
55 53 1
55 54 2
56 0 2
56 1 2
56 2 2
56 3 1
56 4 2
56 5 1
56 6 2
56 7 2
56 8 1
56 9 2
56 10 2
56 11 2
56 12 2
56 13 1
56 14 2
56 15 1
56 16 2
56 17 1
56 18 1
56 19 1
56 20 2
56 21 2
56 22 1
56 23 1
56 24 2
56 25 1
56 26 1
56 27 1
56 28 1
56 29 2
56 30 2
56 31 1
56 32 1
56 33 2
56 34 1
56 35 2
56 36 1
56 37 2
56 38 2
56 39 2
56 40 2
56 41 1
56 42 1
56 43 1
56 44 2
56 45 2
56 46 1
56 47 1
56 48 1
56 49 1
56 50 1
56 51 2
56 52 2
56 53 2
56 54 2
56 55 1
57 0 1
57 1 2
57 2 2
57 3 2
57 4 2
57 5 1
57 6 2
57 7 1
57 8 2
57 9 2
57 10 2
57 11 1
57 12 2
57 13 2
57 14 2
57 15 2
57 16 2
57 17 1
57 18 1
57 19 1
57 20 2
57 21 2
57 22 2
57 23 1
57 24 2
57 25 2
57 26 1
57 27 2
57 28 1
57 29 2
57 30 1
57 31 1
57 32 2
57 33 1
57 34 2
57 35 2
57 36 1
57 37 2
57 38 1
57 39 2
57 40 1
57 41 2
57 42 2
57 43 2
57 44 1
57 45 1
57 46 1
57 47 2
57 48 1
57 49 1
57 50 2
57 51 2
57 52 2
57 53 2
57 54 1
57 55 2
57 56 2
58 0 2
58 1 2
58 2 2
58 3 1
58 4 2
58 5 1
58 6 2
58 7 1
58 8 1
58 9 2
58 10 1
58 11 2
58 12 1
58 13 1
58 14 1
58 15 2
58 16 2
58 17 2
58 18 2
58 19 1
58 20 2
58 21 1
58 22 2
58 23 1
58 24 2
58 25 2
58 26 1
58 27 2
58 28 2
58 29 2
58 30 1
58 31 2
58 32 2
58 33 2
58 34 2
58 35 1
58 36 1
58 37 2
58 38 2
58 39 2
58 40 1
58 41 1
58 42 2
58 43 1
58 44 1
58 45 2
58 46 1
58 47 2
58 48 1
58 49 2
58 50 1
58 51 2
58 52 1
58 53 1
58 54 2
58 55 1
58 56 1
58 57 1
59 0 1
59 1 1
59 2 2
59 3 1
59 4 2
59 5 1
59 6 1
59 7 1
59 8 2
59 9 1
59 10 2
59 11 1
59 12 2
59 13 1
59 14 1
59 15 2
59 16 2
59 17 1
59 18 2
59 19 1
59 20 2
59 21 1
59 22 2
59 23 2
59 24 1
59 25 1
59 26 2
59 27 1
59 28 1
59 29 1
59 30 2
59 31 1
59 32 2
59 33 1
59 34 2
59 35 2
59 36 1
59 37 1
59 38 2
59 39 2
59 40 1
59 41 2
59 42 2
59 43 2
59 44 1
59 45 2
59 46 1
59 47 2
59 48 1
59 49 1
59 50 1
59 51 2
59 52 2
59 53 2
59 54 2
59 55 1
59 56 1
59 57 2
59 58 2
