60
2 1 1
3 1 2
3 2 3
4 2 2
4 3 1
5 3 4
6 2 4
7 0 3
7 1 4
7 4 4
7 6 2
8 2 2
8 4 3
9 3 2
9 4 2
9 5 2
10 0 1
10 1 4
10 3 4
10 6 1
10 9 1
11 1 1
11 2 4
11 4 1
11 5 3
11 6 4
11 7 4
11 8 4
11 10 3
12 0 3
12 4 4
12 5 4
12 8 3
12 9 4
12 11 4
13 2 1
13 5 2
13 6 3
13 7 2
13 8 4
13 10 4
13 11 2
14 1 3
14 4 2
14 7 2
14 8 1
15 1 2
15 2 1
15 3 3
15 4 3
15 5 2
15 6 1
15 7 1
15 10 3
15 12 1
15 13 2
16 0 2
16 3 3
16 5 3
16 6 3
16 8 4
16 12 1
16 13 1
17 1 1
17 5 1
17 7 3
17 8 1
17 9 4
17 12 1
17 13 3
17 14 1
17 15 1
18 1 1
18 6 3
18 8 1
18 9 1
18 11 2
19 0 2
19 1 2
19 2 4
19 3 1
19 4 3
19 5 3
19 6 2
19 7 4
19 8 2
19 10 4
19 11 4
19 12 4
19 13 1
19 17 4
19 18 4
20 3 2
20 5 1
20 7 3
20 8 4
20 10 3
20 11 4
20 13 3
20 15 4
20 16 2
20 19 1
21 0 1
21 1 3
21 2 1
21 6 1
21 11 1
21 13 1
21 15 4
21 17 4
22 0 2
22 8 3
22 9 4
22 10 1
22 12 4
22 14 1
22 15 2
22 16 3
22 17 3
22 18 4
23 0 2
23 2 1
23 3 1
23 9 2
23 10 2
23 13 4
23 14 4
23 15 1
23 16 3
23 18 1
23 19 2
24 2 1
24 3 4
24 4 1
24 6 3
24 8 1
24 9 2
24 11 4
24 13 1
24 14 4
24 17 3
24 19 3
24 20 2
25 2 1
25 5 1
25 7 3
25 8 2
25 12 4
25 13 3
25 14 2
25 15 3
25 16 2
25 17 2
25 22 2
26 0 4
26 1 2
26 11 4
26 12 1
26 13 1
26 18 4
26 19 2
26 20 3
26 21 4
26 22 2
27 1 3
27 2 2
27 4 1
27 5 4
27 7 4
27 8 2
27 9 1
27 11 4
27 13 1
27 14 2
27 16 3
27 17 1
27 19 3
27 20 1
27 21 4
27 22 2
27 26 1
28 5 2
28 6 4
28 8 4
28 9 3
28 13 3
28 14 3
28 16 2
28 18 1
28 19 2
28 21 4
28 22 3
28 24 1
28 25 2
28 26 1
29 0 4
29 2 2
29 5 4
29 10 3
29 11 3
29 13 1
29 15 1
29 16 1
29 17 4
29 18 2
29 20 3
29 22 2
29 23 3
29 25 3
29 26 2
29 27 2
30 2 4
30 6 2
30 7 4
30 8 2
30 9 4
30 10 2
30 11 4
30 12 2
30 13 4
30 14 3
30 17 4
30 18 1
30 19 2
30 20 2
30 21 1
30 22 4
30 24 4
30 25 2
30 26 2
31 0 4
31 2 2
31 4 4
31 7 3
31 8 2
31 9 1
31 10 3
31 12 3
31 14 1
31 15 1
31 16 4
31 18 1
31 19 2
31 20 3
31 21 4
31 24 2
31 26 1
31 27 4
31 30 4
32 0 1
32 2 4
32 3 4
32 7 3
32 9 1
32 11 1
32 13 4
32 14 1
32 15 2
32 16 4
32 17 4
32 20 1
32 22 1
32 24 3
32 27 4
32 28 3
32 29 1
32 30 2
33 0 1
33 1 4
33 2 1
33 3 2
33 5 1
33 8 4
33 9 1
33 10 4
33 12 2
33 16 4
33 19 2
33 21 3
33 22 2
33 25 2
33 27 3
33 28 3
33 29 4
33 31 1
33 32 4
34 2 3
34 3 3
34 4 3
34 6 4
34 8 2
34 10 1
34 12 3
34 13 2
34 14 3
34 16 1
34 17 2
34 20 2
34 21 4
34 23 3
34 24 4
34 25 1
34 29 1
34 30 1
34 31 4
34 32 1
35 0 3
35 1 1
35 4 4
35 6 2
35 8 4
35 9 2
35 10 4
35 11 3
35 16 4
35 17 2
35 18 2
35 19 3
35 22 2
35 23 1
35 24 4
35 26 1
35 29 3
35 32 1
35 33 2
36 1 1
36 6 1
36 7 2
36 8 2
36 9 3
36 10 2
36 11 3
36 13 4
36 14 4
36 17 4
36 18 2
36 19 4
36 21 2
36 22 2
36 23 3
36 25 3
36 29 1
36 30 1
36 32 3
36 35 4
37 0 3
37 1 4
37 3 4
37 4 4
37 5 2
37 6 4
37 7 3
37 8 1
37 9 1
37 11 3
37 12 2
37 14 3
37 15 2
37 20 2
37 23 3
37 24 2
37 32 1
37 33 1
37 35 2
37 36 4
38 1 2
38 2 1
38 3 4
38 7 1
38 10 3
38 11 4
38 13 3
38 15 3
38 16 3
38 18 2
38 19 2
38 20 2
38 21 3
38 22 1
38 25 2
38 26 3
38 28 3
38 29 2
38 36 2
38 37 4
39 0 3
39 1 1
39 5 4
39 6 1
39 7 1
39 8 2
39 9 1
39 10 4
39 12 2
39 16 1
39 18 2
39 19 1
39 20 3
39 24 2
39 25 1
39 28 3
39 30 1
39 33 1
39 35 4
39 36 2
39 38 2
40 2 2
40 3 3
40 7 4
40 9 1
40 11 3
40 12 4
40 14 4
40 15 1
40 17 1
40 21 3
40 22 1
40 23 1
40 24 2
40 27 2
40 28 1
40 31 4
40 32 3
40 34 2
40 35 3
40 36 3
40 38 3
40 39 3
41 0 2
41 1 3
41 2 3
41 3 1
41 4 2
41 5 2
41 6 4
41 7 1
41 11 3
41 12 1
41 14 2
41 19 3
41 20 2
41 21 3
41 23 1
41 25 3
41 30 3
41 32 2
41 35 4
41 36 1
41 38 2
42 1 2
42 3 2
42 4 2
42 8 1
42 9 4
42 10 4
42 15 4
42 16 4
42 17 3
42 18 1
42 19 2
42 20 2
42 23 2
42 24 4
42 25 1
42 27 3
42 28 4
42 32 3
42 34 3
42 38 4
42 39 2
43 0 3
43 1 3
43 3 1
43 4 2
43 8 2
43 11 2
43 12 2
43 14 1
43 16 2
43 17 2
43 22 3
43 24 1
43 25 2
43 26 4
43 27 3
43 28 1
43 30 4
43 31 1
43 33 3
43 36 4
43 39 3
43 40 2
43 41 1
43 42 2
44 2 2
44 3 1
44 4 2
44 6 2
44 8 4
44 9 4
44 10 4
44 11 1
44 12 3
44 16 3
44 20 1
44 27 4
44 28 4
44 29 3
44 30 1
44 31 1
44 35 4
44 38 1
44 39 2
45 1 2
45 3 3
45 4 1
45 5 1
45 6 1
45 8 1
45 10 1
45 12 3
45 13 4
45 15 1
45 17 4
45 18 2
45 21 3
45 22 1
45 23 3
45 26 1
45 28 4
45 29 2
45 30 3
45 31 3
45 33 1
45 34 2
45 35 1
45 38 1
45 39 2
45 41 3
45 42 2
46 0 1
46 3 1
46 4 2
46 6 2
46 7 1
46 9 2
46 12 2
46 13 1
46 14 4
46 16 4
46 17 4
46 19 2
46 24 1
46 31 1
46 34 4
46 35 2
46 36 1
46 40 3
46 41 1
46 42 1
46 45 2
47 4 2
47 5 2
47 6 4
47 7 1
47 8 4
47 9 1
47 10 1
47 11 3
47 14 3
47 17 2
47 20 3
47 23 3
47 24 1
47 28 2
47 29 2
47 31 2
47 37 1
47 38 2
47 40 2
47 42 2
47 43 1
47 46 2
48 0 4
48 2 2
48 4 3
48 5 1
48 9 1
48 14 4
48 15 1
48 16 4
48 20 3
48 24 2
48 26 2
48 28 1
48 29 3
48 31 2
48 32 3
48 34 1
48 35 4
48 37 3
48 39 4
48 40 3
48 41 4
48 44 4
49 0 4
49 1 2
49 2 2
49 4 3
49 6 3
49 7 4
49 9 4
49 13 3
49 15 4
49 17 4
49 22 1
49 24 4
49 25 4
49 26 4
49 27 4
49 28 1
49 32 4
49 33 2
49 34 2
49 35 3
49 37 2
49 39 3
49 40 3
49 41 3
49 44 1
50 3 4
50 4 1
50 6 1
50 8 2
50 10 4
50 13 1
50 15 4
50 16 3
50 17 1
50 18 3
50 21 4
50 22 3
50 25 4
50 26 3
50 27 4
50 28 3
50 29 1
50 30 3
50 32 2
50 33 3
50 34 2
50 35 1
50 37 1
50 38 1
50 41 2
50 42 3
50 43 3
51 0 1
51 1 3
51 3 2
51 4 4
51 8 3
51 9 3
51 14 1
51 16 3
51 17 4
51 19 3
51 21 3
51 24 4
51 25 4
51 28 3
51 30 3
51 31 2
51 38 2
51 41 3
51 43 2
51 45 3
51 46 3
51 47 3
51 48 2
51 49 2
52 0 4
52 1 1
52 2 3
52 5 3
52 8 2
52 9 2
52 10 3
52 11 4
52 15 3
52 17 1
52 18 1
52 20 1
52 24 2
52 28 4
52 29 3
52 30 3
52 31 2
52 32 3
52 34 2
52 35 1
52 39 4
52 42 4
52 43 2
52 44 3
52 45 4
52 46 1
52 49 3
53 0 3
53 3 2
53 8 1
53 9 1
53 10 1
53 11 1
53 14 4
53 15 3
53 17 4
53 18 3
53 19 3
53 20 1
53 21 4
53 22 1
53 26 4
53 27 1
53 28 3
53 30 4
53 35 4
53 36 4
53 39 1
53 40 2
53 41 3
53 42 2
53 44 3
53 45 1
53 52 2
54 0 3
54 1 4
54 3 1
54 7 1
54 10 3
54 12 3
54 13 1
54 14 2
54 16 4
54 17 4
54 18 4
54 23 4
54 25 4
54 27 1
54 28 3
54 30 3
54 33 1
54 34 3
54 36 4
54 37 1
54 38 3
54 40 3
54 41 2
54 42 4
54 45 4
54 48 1
54 51 2
54 53 2
55 1 4
55 2 3
55 3 4
55 5 2
55 9 2
55 12 2
55 13 4
55 17 1
55 19 2
55 20 1
55 22 2
55 23 4
55 24 4
55 26 2
55 30 4
55 31 2
55 32 1
55 34 3
55 35 4
55 36 4
55 37 4
55 39 4
55 40 4
55 42 3
55 43 4
55 45 1
55 46 1
55 47 4
55 48 4
55 51 4
55 54 3
56 0 3
56 1 2
56 4 2
56 5 4
56 6 4
56 7 3
56 9 1
56 11 1
56 14 1
56 15 3
56 16 4
56 17 2
56 18 1
56 19 3
56 23 4
56 24 3
56 25 3
56 26 1
56 27 3
56 29 3
56 30 2
56 31 1
56 34 1
56 35 4
56 38 3
56 39 2
56 43 2
56 46 3
56 48 4
56 50 1
56 53 2
56 54 3
56 55 3
57 0 2
57 2 2
57 4 3
57 5 3
57 6 2
57 10 2
57 11 3
57 12 4
57 13 2
57 14 3
57 16 2
57 17 2
57 18 2
57 19 2
57 20 3
57 23 1
57 24 3
57 25 3
57 28 1
57 29 1
57 30 4
57 31 4
57 32 3
57 33 3
57 34 2
57 39 4
57 40 3
57 42 3
57 46 1
57 47 1
57 48 4
57 55 4
58 1 1
58 2 1
58 8 2
58 9 4
58 10 2
58 12 1
58 13 3
58 14 3
58 16 3
58 17 3
58 20 3
58 21 4
58 25 1
58 28 1
58 29 1
58 32 3
58 33 1
58 37 3
58 39 4
58 40 3
58 42 2
58 44 1
58 46 4
58 47 3
58 51 4
58 52 1
58 54 2
58 55 1
58 56 4
59 0 3
59 2 3
59 3 3
59 5 1
59 7 4
59 10 1
59 11 1
59 12 3
59 15 1
59 17 4
59 19 3
59 20 1
59 22 1
59 24 2
59 28 3
59 30 4
59 35 3
59 38 2
59 39 3
59 41 4
59 42 3
59 46 3
59 48 4
59 49 1
59 50 4
59 51 2
59 52 1
59 53 1
59 55 1
59 56 3
