40
1 0 4
2 0 1
3 0 5
4 0 5
4 2 5
4 3 3
5 1 2
5 4 4
6 0 1
6 4 2
7 2 5
7 4 3
7 5 4
7 6 4
8 0 5
8 1 4
8 4 1
8 5 2
8 6 2
8 7 5
9 1 3
9 4 4
9 5 5
9 6 2
9 8 1
10 1 1
10 2 1
10 3 1
10 4 2
10 6 3
10 9 5
11 1 2
11 2 5
11 3 5
11 4 4
11 5 3
11 7 2
11 8 3
11 9 5
12 0 5
12 1 2
12 2 1
12 3 2
12 4 1
12 10 5
13 0 5
13 4 4
13 5 1
13 8 2
13 10 1
13 12 4
14 1 4
14 2 5
14 3 5
14 7 2
14 8 1
14 9 4
14 10 3
14 12 2
14 13 1
15 1 1
15 6 1
15 9 5
15 10 4
15 11 3
15 12 3
15 13 3
16 0 2
16 1 4
16 5 4
16 6 2
16 8 4
16 9 5
16 12 3
16 13 4
17 2 3
17 4 5
17 11 5
17 14 3
17 15 2
17 16 5
18 1 5
18 2 5
18 4 4
18 8 1
18 10 5
18 14 5
18 15 1
18 16 5
18 17 1
19 0 5
19 2 5
19 5 5
19 8 5
19 10 4
19 11 5
19 14 4
19 16 2
19 17 3
20 1 1
20 4 2
20 8 4
20 11 3
20 12 4
20 14 2
20 17 1
20 18 5
20 19 1
21 3 2
21 5 4
21 8 4
21 18 5
21 20 4
22 0 4
22 1 1
22 2 3
22 3 4
22 5 2
22 8 3
22 10 3
22 11 2
22 12 1
22 13 5
22 15 4
22 16 4
22 18 2
22 20 5
23 2 2
23 4 1
23 5 2
23 6 2
23 9 5
23 11 4
23 15 3
23 18 4
23 20 2
23 21 2
24 0 3
24 1 3
24 2 5
24 3 5
24 4 1
24 5 1
24 6 4
24 8 5
24 10 5
24 12 2
24 16 3
24 18 3
24 20 3
24 22 2
24 23 1
25 0 3
25 1 3
25 8 4
25 9 3
25 10 2
25 12 1
25 14 2
25 15 5
25 16 2
25 17 1
25 20 3
25 21 1
25 24 5
26 2 2
26 4 5
26 5 1
26 8 5
26 11 1
26 12 3
26 13 1
26 14 4
26 15 1
26 21 4
26 22 4
26 25 5
27 0 5
27 1 4
27 3 2
27 6 4
27 7 4
27 8 5
27 9 2
27 10 1
27 12 2
27 15 3
27 16 5
27 17 1
27 18 4
27 19 1
27 20 5
27 23 3
27 24 3
27 26 5
28 4 3
28 5 1
28 8 4
28 9 1
28 10 5
28 11 3
28 12 1
28 15 5
28 17 5
28 20 3
28 22 1
28 23 3
28 24 1
28 26 5
29 1 3
29 4 1
29 6 5
29 8 4
29 9 5
29 11 4
29 12 1
29 13 1
29 20 4
29 21 1
29 22 1
29 24 3
29 26 3
30 0 1
30 3 5
30 6 3
30 12 1
30 13 1
30 14 1
30 15 4
30 16 2
30 17 5
30 20 5
30 22 2
30 23 3
30 24 3
30 25 1
30 26 1
30 27 2
30 28 5
30 29 5
31 1 5
31 2 3
31 6 2
31 8 3
31 9 3
31 10 5
31 11 1
31 12 2
31 13 5
31 14 4
31 15 3
31 16 2
31 17 2
31 18 4
31 19 1
31 21 2
31 23 3
31 26 1
31 29 3
31 30 2
32 0 4
32 1 2
32 2 5
32 4 3
32 5 2
32 7 1
32 9 3
32 10 1
32 11 5
32 12 3
32 13 5
32 17 2
32 18 2
32 20 2
32 21 5
32 22 5
32 23 4
32 24 3
32 26 3
32 28 5
32 29 3
32 30 4
32 31 1
33 0 5
33 1 3
33 2 5
33 6 1
33 7 3
33 8 4
33 12 2
33 14 3
33 15 3
33 16 4
33 18 3
33 20 3
33 23 2
33 24 4
33 25 4
33 28 1
33 29 5
33 30 5
33 31 4
33 32 2
34 3 1
34 6 3
34 7 1
34 10 5
34 13 1
34 14 4
34 17 4
34 21 5
34 24 1
34 25 5
34 27 5
34 28 1
34 30 1
34 33 3
35 2 3
35 3 3
35 4 1
35 5 4
35 6 3
35 10 4
35 13 2
35 14 4
35 15 5
35 16 1
35 17 5
35 19 4
35 21 4
35 23 3
35 24 5
35 26 4
35 27 3
35 28 5
35 30 5
35 32 1
35 34 3
36 2 5
36 3 3
36 4 4
36 7 2
36 8 2
36 13 2
36 15 2
36 18 5
36 21 5
36 22 1
36 23 1
36 25 2
36 29 2
36 32 3
36 33 5
36 35 2
37 0 2
37 1 1
37 2 3
37 3 5
37 6 3
37 10 3
37 11 4
37 13 5
37 14 1
37 15 3
37 25 3
37 28 3
37 29 1
37 30 3
37 31 4
37 33 5
37 36 1
38 1 5
38 2 1
38 3 5
38 5 2
38 6 3
38 10 4
38 11 4
38 12 2
38 13 2
38 14 2
38 16 1
38 19 4
38 20 1
38 23 2
38 24 5
38 25 4
38 27 1
38 29 2
38 31 5
38 32 4
38 33 5
38 35 1
39 0 3
39 1 1
39 4 3
39 5 5
39 6 1
39 7 3
39 10 4
39 11 5
39 12 2
39 15 2
39 16 3
39 19 3
39 21 3
39 26 3
39 29 4
39 31 1
39 35 2
39 37 3
