40
1 0 7
2 0 9
2 1 11
3 0 8
3 1 1
3 2 7
4 0 11
4 1 3
4 2 9
4 3 8
5 0 1
5 1 11
5 2 7
5 3 11
5 4 8
6 0 2
6 1 11
6 2 4
6 3 4
6 4 11
6 5 11
7 0 8
7 1 7
7 2 5
7 3 7
7 4 7
7 5 9
7 6 11
8 0 8
8 1 8
8 2 9
8 3 6
8 4 10
8 5 4
8 6 11
8 7 7
9 0 11
9 1 10
9 2 11
9 3 1
9 4 5
9 5 7
9 6 7
9 7 7
9 8 2
10 0 11
10 1 7
10 2 2
10 3 4
10 4 9
10 5 10
10 6 2
10 7 5
10 8 11
10 9 2
11 0 3
11 1 10
11 2 1
11 3 8
11 4 3
11 5 9
11 6 10
11 7 9
11 8 6
11 9 8
11 10 9
12 0 1
12 1 11
12 2 8
12 3 10
12 4 6
12 5 4
12 6 1
12 7 11
12 8 11
12 9 6
12 10 5
12 11 8
13 0 10
13 1 6
13 2 8
13 3 6
13 4 5
13 5 1
13 6 2
13 7 11
13 8 10
13 9 7
13 10 3
13 11 4
13 12 1
14 0 3
14 1 10
14 2 10
14 3 8
14 4 5
14 5 10
14 6 4
14 7 3
14 8 5
14 9 4
14 10 7
14 11 8
14 12 9
14 13 3
15 0 6
15 1 9
15 2 5
15 3 7
15 4 1
15 5 8
15 6 1
15 7 5
15 8 8
15 9 6
15 10 3
15 11 5
15 12 7
15 13 1
15 14 8
16 0 5
16 1 3
16 2 4
16 3 2
16 4 7
16 5 1
16 6 2
16 7 8
16 8 6
16 9 9
16 10 4
16 11 6
16 12 6
16 13 2
16 14 9
16 15 4
17 0 9
17 1 7
17 2 5
17 3 11
17 4 10
17 5 4
17 6 10
17 7 11
17 8 11
17 9 2
17 10 3
17 11 11
17 12 2
17 13 7
17 14 2
17 15 8
17 16 5
18 0 5
18 1 10
18 2 3
18 3 2
18 4 7
18 5 2
18 6 7
18 7 3
18 8 10
18 9 11
18 10 4
18 11 3
18 12 11
18 13 10
18 14 10
18 15 1
18 16 10
18 17 7
19 0 11
19 1 8
19 2 7
19 3 5
19 4 6
19 5 10
19 6 6
19 7 3
19 8 2
19 9 1
19 10 3
19 11 9
19 12 11
19 13 3
19 14 5
19 15 7
19 16 9
19 17 10
19 18 9
20 0 5
20 1 10
20 2 9
20 3 8
20 4 2
20 5 3
20 6 4
20 7 6
20 8 5
20 9 8
20 10 9
20 11 6
20 12 10
20 13 2
20 14 2
20 15 10
20 16 10
20 17 11
20 18 4
20 19 10
21 0 4
21 1 9
21 2 4
21 3 5
21 4 8
21 5 11
21 6 1
21 7 7
21 8 5
21 9 11
21 10 3
21 11 3
21 12 2
21 13 1
21 14 10
21 15 3
21 16 10
21 17 2
21 18 3
21 19 3
21 20 3
22 0 10
22 1 10
22 2 10
22 3 11
22 4 1
22 5 8
22 6 8
22 7 8
22 8 9
22 9 7
22 10 10
22 11 10
22 12 6
22 13 7
22 14 7
22 15 11
22 16 11
22 17 9
22 18 1
22 19 8
22 20 7
22 21 2
23 0 1
23 1 11
23 2 6
23 3 6
23 4 5
23 5 2
23 6 2
23 7 3
23 8 9
23 9 4
23 10 6
23 11 1
23 12 6
23 13 10
23 14 1
23 15 11
23 16 5
23 17 8
23 18 1
23 19 6
23 20 6
23 21 11
23 22 11
24 0 2
24 1 5
24 2 3
24 3 3
24 4 3
24 5 5
24 6 4
24 7 6
24 8 11
24 9 1
24 10 8
24 11 9
24 12 4
24 13 1
24 14 6
24 15 8
24 16 2
24 17 4
24 18 10
24 19 4
24 20 7
24 21 11
24 22 1
24 23 11
25 0 10
25 1 11
25 2 5
25 3 8
25 4 8
25 5 2
25 6 2
25 7 2
25 8 3
25 9 1
25 10 3
25 11 7
25 12 1
25 13 1
25 14 6
25 15 10
25 16 4
25 17 5
25 18 7
25 19 9
25 20 11
25 21 9
25 22 9
25 23 1
25 24 4
26 0 11
26 1 2
26 2 10
26 3 3
26 4 10
26 5 8
26 6 6
26 7 7
26 8 9
26 9 7
26 10 4
26 11 11
26 12 5
26 13 6
26 14 10
26 15 7
26 16 9
26 17 4
26 18 9
26 19 4
26 20 7
26 21 10
26 22 6
26 23 8
26 24 11
26 25 8
27 0 2
27 1 9
27 2 10
27 3 1
27 4 9
27 5 7
27 6 4
27 7 4
27 8 5
27 9 11
27 10 8
27 11 4
27 12 7
27 13 1
27 14 6
27 15 7
27 16 3
27 17 1
27 18 9
27 19 6
27 20 1
27 21 10
27 22 10
27 23 9
27 24 10
27 25 8
27 26 1
28 0 4
28 1 7
28 2 1
28 3 6
28 4 5
28 5 4
28 6 8
28 7 1
28 8 1
28 9 1
28 10 10
28 11 9
28 12 7
28 13 5
28 14 1
28 15 8
28 16 3
28 17 9
28 18 3
28 19 3
28 20 8
28 21 2
28 22 6
28 23 2
28 24 10
28 25 6
28 26 10
28 27 9
29 0 1
29 1 6
29 2 6
29 3 8
29 4 8
29 5 10
29 6 2
29 7 7
29 8 10
29 9 9
29 10 3
29 11 7
29 12 2
29 13 2
29 14 6
29 15 11
29 16 9
29 17 2
29 18 9
29 19 11
29 20 8
29 21 7
29 22 11
29 23 2
29 24 6
29 25 1
29 26 8
29 27 10
29 28 6
30 0 8
30 1 3
30 2 8
30 3 7
30 4 8
30 5 2
30 6 11
30 7 11
30 8 1
30 9 2
30 10 4
30 11 11
30 12 7
30 13 6
30 14 2
30 15 10
30 16 9
30 17 11
30 18 11
30 19 4
30 20 11
30 21 9
30 22 10
30 23 5
30 24 2
30 25 8
30 26 8
30 27 7
30 28 7
30 29 7
31 0 7
31 1 5
31 2 8
31 3 6
31 4 8
31 5 8
31 6 9
31 7 5
31 8 2
31 9 3
31 10 1
31 11 8
31 12 6
31 13 7
31 14 2
31 15 7
31 16 9
31 17 3
31 18 7
31 19 7
31 20 1
31 21 7
31 22 6
31 23 5
31 24 8
31 25 1
31 26 2
31 27 6
31 28 11
31 29 5
31 30 3
32 0 8
32 1 5
32 2 6
32 3 5
32 4 9
32 5 9
32 6 4
32 7 4
32 8 2
32 9 11
32 10 1
32 11 10
32 12 10
32 13 2
32 14 1
32 15 10
32 16 5
32 17 6
32 18 5
32 19 5
32 20 10
32 21 11
32 22 1
32 23 6
32 24 11
32 25 10
32 26 8
32 27 10
32 28 4
32 29 4
32 30 4
32 31 9
33 0 2
33 1 2
33 2 9
33 3 1
33 4 3
33 5 3
33 6 6
33 7 9
33 8 6
33 9 6
33 10 1
33 11 6
33 12 10
33 13 10
33 14 3
33 15 4
33 16 5
33 17 6
33 18 6
33 19 10
33 20 2
33 21 2
33 22 11
33 23 1
33 24 6
33 25 4
33 26 10
33 27 1
33 28 1
33 29 9
33 30 7
33 31 1
33 32 1
34 0 3
34 1 9
34 2 3
34 3 2
34 4 3
34 5 5
34 6 9
34 7 5
34 8 11
34 9 4
34 10 10
34 11 1
34 12 5
34 13 9
34 14 10
34 15 8
34 16 3
34 17 11
34 18 7
34 19 2
34 20 4
34 21 5
34 22 8
34 23 9
34 24 11
34 25 6
34 26 6
34 27 4
34 28 2
34 29 10
34 30 9
34 31 5
34 32 5
34 33 2
35 0 9
35 1 5
35 2 2
35 3 3
35 4 10
35 5 8
35 6 2
35 7 8
35 8 5
35 9 11
35 10 8
35 11 2
35 12 2
35 13 11
35 14 7
35 15 9
35 16 8
35 17 9
35 18 10
35 19 3
35 20 3
35 21 2
35 22 1
35 23 9
35 24 7
35 25 10
35 26 8
35 27 7
35 28 6
35 29 9
35 30 10
35 31 7
35 32 11
35 33 4
35 34 8
36 0 1
36 1 4
36 2 11
36 3 4
36 4 4
36 5 7
36 6 11
36 7 10
36 8 8
36 9 2
36 10 11
36 11 9
36 12 1
36 13 5
36 14 2
36 15 4
36 16 11
36 17 2
36 18 5
36 19 11
36 20 1
36 21 7
36 22 7
36 23 6
36 24 7
36 25 5
36 26 4
36 27 2
36 28 1
36 29 11
36 30 5
36 31 2
36 32 8
36 33 3
36 34 9
36 35 6
37 0 11
37 1 3
37 2 4
37 3 10
37 4 4
37 5 10
37 6 2
37 7 4
37 8 4
37 9 10
37 10 11
37 11 6
37 12 6
37 13 5
37 14 8
37 15 9
37 16 8
37 17 11
37 18 6
37 19 8
37 20 11
37 21 8
37 22 10
37 23 11
37 24 2
37 25 1
37 26 5
37 27 6
37 28 1
37 29 3
37 30 9
37 31 9
37 32 3
37 33 7
37 34 2
37 35 8
37 36 8
38 0 9
38 1 11
38 2 7
38 3 3
38 4 5
38 5 4
38 6 3
38 7 4
38 8 10
38 9 8
38 10 7
38 11 2
38 12 10
38 13 8
38 14 2
38 15 4
38 16 8
38 17 5
38 18 10
38 19 5
38 20 4
38 21 2
38 22 3
38 23 1
38 24 6
38 25 8
38 26 10
38 27 4
38 28 7
38 29 2
38 30 11
38 31 8
38 32 10
38 33 1
38 34 6
38 35 5
38 36 2
38 37 7
39 0 7
39 1 2
39 2 7
39 3 1
39 4 3
39 5 9
39 6 9
39 7 10
39 8 9
39 9 4
39 10 5
39 11 5
39 12 7
39 13 4
39 14 10
39 15 3
39 16 7
39 17 11
39 18 8
39 19 2
39 20 6
39 21 5
39 22 3
39 23 9
39 24 1
39 25 10
39 26 8
39 27 9
39 28 4
39 29 4
39 30 10
39 31 3
39 32 3
39 33 11
39 34 3
39 35 8
39 36 3
39 37 7
39 38 3
