60
1 0 3
2 1 3
3 0 8
3 1 7
4 2 8
4 3 8
5 0 1
5 1 8
5 2 4
5 4 5
6 1 8
7 1 8
7 2 7
7 5 5
8 0 3
8 2 4
8 5 1
8 6 6
9 1 3
9 4 7
9 5 1
9 7 3
9 8 2
10 0 5
10 1 8
10 2 2
10 3 5
10 5 1
10 6 3
10 7 2
10 9 1
11 0 6
11 1 7
11 2 3
11 3 1
11 4 2
11 6 4
11 9 2
12 0 6
12 2 1
12 3 6
12 4 7
12 5 8
12 6 1
12 7 8
12 10 2
13 0 3
13 1 8
13 3 6
13 7 2
13 8 4
13 9 5
13 10 6
14 2 5
14 4 3
14 5 4
14 8 2
14 9 2
14 10 7
14 13 8
15 3 5
15 4 7
15 5 3
15 6 3
15 7 1
15 12 5
15 14 3
16 0 8
16 1 7
16 2 8
16 4 5
16 7 2
16 9 1
16 10 6
16 12 7
16 13 7
16 14 3
16 15 8
17 2 2
17 6 3
17 8 2
17 11 7
17 12 4
17 13 8
17 15 3
17 16 7
18 6 4
18 7 5
18 9 4
18 11 2
18 13 4
18 17 7
19 0 3
19 1 5
19 2 6
19 3 7
19 4 5
19 6 3
19 7 6
19 9 2
19 11 4
19 12 5
19 14 8
19 15 7
19 16 4
19 17 3
20 3 8
20 4 7
20 5 5
20 6 8
20 9 8
20 10 3
20 13 1
20 16 6
20 18 2
20 19 6
21 1 1
21 2 4
21 3 2
21 4 8
21 5 5
21 8 6
21 9 5
21 11 6
21 12 4
21 13 6
21 14 1
21 15 6
21 19 2
21 20 6
22 0 3
22 5 3
22 7 6
22 9 3
22 10 3
22 11 1
22 13 8
22 14 6
22 16 2
22 17 3
22 19 1
22 21 2
23 1 5
23 3 6
23 8 8
23 9 8
23 10 2
23 11 5
23 12 2
23 13 7
23 14 6
23 15 4
23 21 1
23 22 1
24 0 6
24 2 4
24 4 1
24 7 4
24 8 6
24 13 7
24 15 1
24 17 6
24 18 7
24 19 7
24 21 3
25 4 1
25 5 5
25 6 7
25 9 3
25 10 2
25 13 4
25 17 4
25 18 8
25 19 6
25 22 8
25 23 7
25 24 7
26 1 1
26 2 2
26 3 1
26 4 1
26 5 4
26 6 4
26 7 7
26 11 8
26 12 1
26 13 4
26 16 2
26 17 2
26 19 4
26 20 4
26 21 6
26 25 1
27 0 2
27 1 4
27 3 7
27 5 4
27 6 5
27 7 1
27 8 5
27 13 8
27 15 5
27 17 3
27 19 6
27 21 5
27 23 5
28 0 5
28 2 2
28 7 5
28 8 3
28 11 2
28 14 6
28 15 7
28 16 2
28 18 5
28 19 8
28 21 3
28 23 1
28 24 6
28 25 6
28 26 2
29 0 2
29 1 6
29 2 2
29 4 3
29 5 7
29 6 5
29 7 1
29 8 4
29 10 5
29 11 7
29 12 5
29 13 1
29 14 7
29 15 2
29 17 1
29 18 8
29 19 3
29 23 6
29 26 2
29 28 3
30 0 6
30 4 4
30 5 8
30 6 1
30 10 7
30 11 3
30 12 6
30 15 8
30 17 3
30 18 8
30 20 1
30 21 6
30 22 7
30 23 1
30 27 1
30 29 1
31 0 3
31 1 5
31 2 1
31 7 4
31 9 1
31 10 1
31 11 4
31 12 8
31 15 8
31 17 7
31 20 5
31 22 7
31 23 1
31 24 7
31 26 5
31 27 6
31 30 6
32 0 8
32 1 7
32 2 3
32 6 8
32 8 7
32 9 3
32 14 6
32 17 7
32 18 7
32 21 6
32 24 3
32 25 3
32 26 2
32 30 6
32 31 8
33 0 2
33 2 7
33 5 8
33 8 7
33 9 8
33 10 8
33 11 5
33 12 1
33 13 5
33 15 6
33 16 6
33 18 7
33 22 8
33 24 4
33 28 7
33 29 2
33 30 8
33 32 6
34 0 6
34 3 2
34 4 1
34 6 8
34 9 7
34 15 7
34 18 3
34 19 2
34 21 8
34 22 4
34 23 4
34 24 6
34 25 6
34 27 1
34 31 2
34 33 2
35 6 5
35 7 8
35 8 6
35 11 3
35 14 8
35 16 7
35 17 3
35 18 2
35 19 8
35 20 1
35 21 7
35 22 2
35 23 7
35 24 7
35 27 1
35 29 1
35 30 1
35 33 5
36 0 7
36 2 6
36 3 6
36 4 3
36 8 8
36 11 3
36 12 8
36 16 3
36 20 2
36 21 8
36 24 1
36 28 5
36 32 8
36 35 6
37 0 6
37 1 1
37 6 6
37 7 3
37 13 7
37 18 8
37 21 4
37 22 6
37 25 5
37 26 7
37 30 3
37 35 3
37 36 5
38 0 1
38 1 4
38 2 8
38 4 8
38 7 7
38 8 1
38 12 2
38 13 7
38 15 1
38 16 3
38 17 6
38 18 1
38 26 2
38 29 1
38 30 7
38 31 5
38 33 4
38 35 1
38 36 1
39 2 6
39 4 7
39 5 7
39 7 4
39 8 2
39 10 2
39 14 1
39 15 5
39 18 5
39 19 3
39 21 5
39 22 8
39 24 7
39 25 2
39 26 6
39 27 4
39 30 7
39 31 6
39 36 3
39 38 3
40 8 8
40 13 4
40 16 2
40 19 7
40 23 2
40 25 2
40 30 3
40 31 6
40 32 2
40 33 7
40 34 2
40 35 1
40 36 3
40 37 1
40 39 5
41 2 5
41 3 7
41 5 3
41 6 8
41 10 8
41 14 5
41 18 4
41 25 1
41 26 4
41 27 5
41 29 7
41 30 4
41 33 8
41 35 4
41 39 3
42 1 6
42 3 6
42 8 4
42 12 7
42 13 2
42 14 4
42 15 7
42 16 2
42 18 8
42 19 5
42 20 5
42 28 5
42 29 1
42 30 3
42 31 7
42 35 7
42 36 7
42 38 3
42 40 2
42 41 2
43 1 3
43 5 1
43 6 5
43 7 2
43 8 8
43 10 7
43 11 1
43 12 2
43 15 4
43 18 8
43 19 2
43 29 5
43 31 3
43 33 1
43 35 8
43 37 1
43 40 6
44 0 8
44 2 2
44 4 3
44 5 5
44 7 2
44 10 7
44 14 4
44 18 2
44 20 6
44 21 4
44 22 7
44 25 3
44 28 7
44 30 6
44 31 5
44 33 5
44 34 2
44 39 5
44 41 6
45 0 8
45 2 8
45 4 3
45 6 3
45 7 2
45 10 1
45 12 1
45 13 4
45 19 1
45 21 4
45 24 8
45 28 8
45 30 7
45 31 1
45 33 1
45 34 4
45 36 5
45 37 8
45 41 7
45 44 6
46 0 1
46 2 1
46 4 2
46 5 8
46 6 7
46 7 3
46 11 1
46 13 8
46 14 1
46 15 5
46 16 8
46 17 5
46 18 1
46 19 4
46 21 3
46 22 3
46 23 7
46 25 1
46 26 2
46 28 7
46 32 4
46 33 6
46 34 2
46 35 6
46 37 5
46 40 5
46 42 8
47 1 1
47 2 2
47 4 8
47 5 2
47 7 4
47 11 2
47 12 4
47 14 3
47 15 7
47 18 7
47 19 8
47 20 4
47 21 3
47 22 8
47 23 1
47 25 3
47 30 4
47 32 8
47 34 5
47 37 3
47 39 3
47 40 1
47 46 3
48 0 6
48 6 3
48 7 7
48 8 5
48 9 1
48 10 5
48 13 4
48 15 6
48 22 8
48 25 7
48 27 7
48 32 5
48 34 3
48 35 7
48 36 2
48 37 5
48 39 5
48 41 7
48 43 2
48 44 2
49 0 5
49 1 1
49 3 4
49 7 3
49 10 7
49 12 7
49 13 1
49 16 6
49 20 7
49 22 1
49 24 1
49 25 5
49 27 3
49 28 8
49 29 8
49 30 5
49 31 8
49 32 2
49 34 6
49 35 1
49 38 3
49 42 4
49 44 1
49 45 1
49 47 2
50 0 4
50 1 5
50 3 4
50 7 1
50 13 2
50 15 3
50 16 5
50 19 8
50 21 2
50 22 8
50 23 2
50 24 6
50 29 4
50 30 4
50 31 1
50 34 3
50 35 3
50 37 6
50 39 5
50 43 2
50 45 5
50 46 3
50 47 2
50 48 1
50 49 5
51 0 3
51 1 3
51 2 5
51 4 4
51 5 1
51 7 3
51 8 4
51 9 3
51 10 8
51 11 4
51 12 2
51 13 5
51 22 4
51 25 6
51 27 7
51 29 7
51 35 6
51 37 6
51 40 8
51 41 3
51 42 3
51 43 3
51 44 6
51 47 1
51 48 6
52 0 6
52 1 3
52 2 6
52 5 8
52 6 6
52 9 1
52 13 4
52 14 6
52 16 4
52 20 1
52 21 5
52 25 7
52 29 6
52 30 1
52 31 4
52 33 4
52 34 6
52 37 7
52 41 5
52 42 5
52 47 1
52 48 2
52 50 5
52 51 3
53 1 8
53 2 5
53 6 5
53 7 3
53 8 6
53 9 6
53 10 5
53 14 4
53 15 3
53 19 8
53 20 8
53 21 3
53 22 2
53 24 1
53 29 3
53 32 3
53 34 2
53 40 5
53 41 1
53 42 6
53 43 5
53 44 4
53 45 2
53 47 3
53 48 5
53 49 1
53 52 3
54 1 5
54 4 6
54 8 5
54 10 1
54 11 3
54 13 1
54 14 5
54 16 8
54 17 5
54 18 7
54 19 2
54 24 3
54 27 5
54 30 4
54 35 1
54 36 5
54 37 6
54 40 8
54 42 4
54 44 7
54 45 6
54 46 8
54 47 1
54 48 7
54 49 3
54 50 8
54 52 8
54 53 2
55 1 5
55 3 8
55 6 5
55 7 8
55 9 7
55 10 2
55 11 8
55 12 3
55 13 8
55 19 2
55 20 5
55 24 5
55 26 2
55 27 8
55 29 7
55 30 8
55 31 4
55 33 8
55 34 6
55 36 1
55 40 5
55 41 5
55 42 2
55 43 8
55 46 3
55 47 1
55 48 3
55 50 6
55 51 6
55 52 4
56 0 7
56 1 8
56 3 3
56 4 4
56 7 6
56 8 3
56 9 7
56 10 3
56 13 8
56 14 5
56 19 2
56 20 5
56 21 3
56 22 6
56 23 1
56 27 6
56 29 4
56 31 2
56 33 7
56 35 3
56 36 7
56 37 6
56 38 7
56 39 1
56 41 3
56 42 5
56 43 5
56 44 4
56 46 4
56 47 6
56 48 2
56 50 4
56 51 3
56 52 4
56 54 5
57 2 5
57 5 1
57 8 6
57 9 3
57 10 2
57 11 3
57 12 7
57 14 2
57 16 1
57 18 8
57 21 5
57 22 4
57 23 2
57 25 7
57 26 2
57 30 1
57 31 6
57 32 6
57 35 1
57 36 4
57 41 2
57 42 5
57 43 1
57 44 4
57 48 6
57 50 3
57 51 3
57 54 1
57 56 2
58 0 5
58 1 2
58 5 8
58 6 7
58 7 5
58 9 3
58 11 1
58 17 5
58 18 1
58 20 3
58 24 8
58 28 5
58 32 8
58 33 6
58 34 2
58 36 8
58 38 8
58 39 3
58 40 8
58 44 3
58 51 8
58 52 7
58 53 8
58 56 3
59 2 2
59 4 5
59 5 7
59 7 6
59 8 4
59 13 4
59 14 5
59 16 2
59 20 7
59 22 4
59 23 3
59 24 3
59 25 5
59 26 8
59 27 8
59 30 3
59 31 4
59 32 3
59 33 8
59 36 7
59 37 5
59 39 4
59 40 3
59 42 1
59 43 3
59 45 2
59 51 1
59 52 1
59 54 3
59 56 4
