40
1 0 1
2 1 1
3 0 1
5 0 1
5 1 1
6 5 1
7 2 1
7 3 1
7 6 1
8 0 1
8 1 1
8 7 1
9 6 1
9 7 1
9 8 1
10 4 1
10 5 1
10 8 1
10 9 1
11 0 1
11 5 1
11 9 1
11 10 1
12 1 1
12 2 1
12 3 1
12 4 1
12 5 1
13 0 1
13 1 1
13 2 1
13 4 1
13 5 1
13 7 1
13 8 1
14 1 1
14 2 1
14 3 1
14 10 1
14 11 1
15 8 1
15 9 1
15 12 1
15 13 1
15 14 1
16 0 1
16 2 1
16 4 1
16 8 1
16 12 1
16 13 1
16 15 1
17 2 1
17 3 1
17 4 1
17 5 1
17 8 1
17 10 1
17 15 1
17 16 1
18 2 1
18 4 1
18 7 1
18 11 1
18 12 1
18 14 1
18 16 1
18 17 1
19 0 1
19 2 1
19 4 1
19 5 1
19 9 1
19 11 1
19 16 1
19 17 1
20 2 1
20 3 1
20 4 1
20 6 1
20 7 1
20 8 1
20 10 1
20 11 1
20 13 1
20 14 1
20 16 1
21 2 1
21 3 1
21 4 1
21 5 1
21 6 1
21 7 1
21 10 1
21 12 1
21 14 1
21 16 1
21 18 1
21 20 1
22 0 1
22 2 1
22 4 1
22 5 1
22 6 1
22 7 1
22 8 1
22 11 1
22 13 1
22 14 1
22 15 1
22 16 1
22 17 1
22 20 1
23 0 1
23 2 1
23 3 1
23 6 1
23 7 1
23 10 1
23 12 1
23 17 1
23 20 1
23 21 1
24 1 1
24 3 1
24 5 1
24 6 1
24 9 1
24 10 1
24 12 1
24 13 1
24 16 1
24 18 1
24 19 1
24 21 1
25 0 1
25 2 1
25 6 1
25 7 1
25 10 1
25 13 1
25 14 1
25 16 1
25 20 1
25 22 1
25 24 1
26 0 1
26 1 1
26 2 1
26 4 1
26 5 1
26 8 1
26 10 1
26 12 1
26 13 1
26 14 1
26 17 1
26 18 1
26 21 1
26 23 1
26 24 1
26 25 1
27 2 1
27 3 1
27 4 1
27 6 1
27 8 1
27 12 1
27 15 1
27 18 1
27 19 1
27 24 1
28 0 1
28 1 1
28 3 1
28 5 1
28 6 1
28 9 1
28 10 1
28 13 1
28 15 1
28 17 1
28 18 1
28 19 1
28 23 1
28 26 1
28 27 1
29 0 1
29 1 1
29 2 1
29 3 1
29 4 1
29 5 1
29 6 1
29 13 1
29 14 1
29 19 1
29 20 1
29 21 1
29 22 1
29 23 1
29 24 1
29 26 1
29 27 1
30 3 1
30 9 1
30 10 1
30 12 1
30 14 1
30 18 1
30 19 1
30 22 1
30 23 1
30 26 1
30 27 1
30 28 1
31 2 1
31 3 1
31 4 1
31 5 1
31 6 1
31 7 1
31 10 1
31 11 1
31 12 1
31 16 1
31 17 1
31 18 1
31 20 1
31 23 1
31 24 1
31 25 1
31 26 1
31 28 1
32 2 1
32 5 1
32 6 1
32 9 1
32 11 1
32 14 1
32 15 1
32 18 1
32 19 1
32 20 1
32 21 1
32 23 1
32 24 1
32 25 1
32 26 1
32 27 1
32 30 1
33 0 1
33 1 1
33 4 1
33 5 1
33 7 1
33 8 1
33 9 1
33 12 1
33 13 1
33 15 1
33 19 1
33 20 1
33 24 1
33 28 1
33 32 1
34 0 1
34 1 1
34 3 1
34 5 1
34 6 1
34 7 1
34 8 1
34 10 1
34 15 1
34 18 1
34 20 1
34 28 1
34 29 1
34 30 1
34 31 1
35 0 1
35 2 1
35 3 1
35 4 1
35 5 1
35 6 1
35 7 1
35 9 1
35 10 1
35 12 1
35 13 1
35 15 1
35 16 1
35 17 1
35 19 1
35 21 1
35 22 1
35 23 1
35 24 1
35 27 1
35 28 1
35 29 1
35 30 1
35 31 1
35 34 1
36 0 1
36 3 1
36 6 1
36 7 1
36 8 1
36 10 1
36 11 1
36 12 1
36 16 1
36 18 1
36 21 1
36 24 1
36 25 1
36 28 1
36 30 1
36 34 1
36 35 1
37 2 1
37 4 1
37 5 1
37 6 1
37 9 1
37 10 1
37 11 1
37 12 1
37 14 1
37 19 1
37 20 1
37 21 1
37 22 1
37 26 1
37 29 1
37 32 1
37 34 1
38 0 1
38 1 1
38 2 1
38 7 1
38 9 1
38 10 1
38 13 1
38 17 1
38 18 1
38 19 1
38 24 1
38 25 1
38 28 1
38 30 1
38 32 1
38 35 1
38 36 1
39 4 1
39 5 1
39 6 1
39 8 1
39 9 1
39 10 1
39 11 1
39 19 1
39 20 1
39 21 1
39 22 1
39 24 1
39 28 1
39 29 1
39 30 1
39 33 1
39 37 1
