60
1 0 7
2 0 5
2 1 8
3 0 1
3 1 3
3 2 8
4 0 5
4 1 1
4 2 4
4 3 1
5 0 3
5 1 4
5 2 9
5 3 4
5 4 4
6 0 7
6 1 3
6 2 4
6 3 9
6 4 2
6 5 1
7 0 7
7 1 5
7 2 2
7 3 9
7 4 1
7 5 6
7 6 8
8 0 8
8 1 4
8 2 8
8 3 8
8 4 5
8 5 2
8 6 5
8 7 2
9 0 3
9 1 7
9 2 2
9 3 7
9 4 5
9 5 4
9 6 8
9 7 1
9 8 3
10 0 4
10 1 6
10 2 5
10 3 5
10 4 4
10 5 1
10 6 3
10 7 9
10 8 5
10 9 3
11 0 9
11 1 7
11 2 2
11 3 4
11 4 7
11 5 9
11 6 7
11 7 6
11 8 8
11 9 5
11 10 6
12 0 1
12 1 3
12 2 9
12 3 3
12 4 5
12 5 5
12 6 8
12 7 2
12 8 3
12 9 8
12 10 1
12 11 8
13 0 4
13 1 8
13 2 6
13 3 6
13 4 7
13 5 8
13 6 4
13 7 1
13 8 1
13 9 6
13 10 5
13 11 4
13 12 9
14 0 8
14 1 2
14 2 2
14 3 3
14 4 4
14 5 4
14 6 3
14 7 5
14 8 3
14 9 5
14 10 9
14 11 3
14 12 5
14 13 7
15 0 5
15 1 3
15 2 3
15 3 1
15 4 7
15 5 2
15 6 4
15 7 5
15 8 7
15 9 2
15 10 8
15 11 5
15 12 2
15 13 8
15 14 6
16 0 4
16 1 2
16 2 3
16 3 1
16 4 8
16 5 4
16 6 9
16 7 3
16 8 6
16 9 7
16 10 5
16 11 5
16 12 6
16 13 8
16 14 9
16 15 9
17 0 6
17 1 2
17 2 6
17 3 3
17 4 2
17 5 1
17 6 4
17 7 6
17 8 4
17 9 1
17 10 6
17 11 9
17 12 3
17 13 9
17 14 3
17 15 1
17 16 5
18 0 8
18 1 1
18 2 2
18 3 2
18 4 6
18 5 5
18 6 7
18 7 4
18 8 4
18 9 4
18 10 7
18 11 1
18 12 5
18 13 9
18 14 4
18 15 2
18 16 4
18 17 2
19 0 2
19 1 1
19 2 8
19 3 9
19 4 8
19 5 4
19 6 5
19 7 2
19 8 9
19 9 9
19 10 5
19 11 5
19 12 9
19 13 5
19 14 3
19 15 3
19 16 2
19 17 9
19 18 4
20 0 4
20 1 2
20 2 1
20 3 7
20 4 3
20 5 5
20 6 6
20 7 6
20 8 6
20 9 2
20 10 7
20 11 7
20 12 3
20 13 8
20 14 9
20 15 4
20 16 7
20 17 5
20 18 5
20 19 6
21 0 3
21 1 9
21 2 2
21 3 7
21 4 7
21 5 7
21 6 5
21 7 6
21 8 4
21 9 1
21 10 3
21 11 3
21 12 5
21 13 1
21 14 2
21 15 5
21 16 5
21 17 6
21 18 9
21 19 8
21 20 2
22 0 8
22 1 7
22 2 6
22 3 4
22 4 2
22 5 9
22 6 2
22 7 7
22 8 3
22 9 8
22 10 7
22 11 8
22 12 1
22 13 8
22 14 7
22 15 7
22 16 6
22 17 6
22 18 8
22 19 8
22 20 4
22 21 2
23 0 7
23 1 8
23 2 2
23 3 5
23 4 2
23 5 6
23 6 5
23 7 5
23 8 1
23 9 5
23 10 9
23 11 6
23 12 7
23 13 9
23 14 9
23 15 1
23 16 2
23 17 8
23 18 9
23 19 5
23 20 3
23 21 1
23 22 4
24 0 9
24 1 9
24 2 8
24 3 4
24 4 3
24 5 6
24 6 1
24 7 2
24 8 2
24 9 1
24 10 4
24 11 5
24 12 8
24 13 3
24 14 4
24 15 9
24 16 8
24 17 4
24 18 6
24 19 3
24 20 7
24 21 9
24 22 9
24 23 8
25 0 5
25 1 2
25 2 7
25 3 9
25 4 2
25 5 7
25 6 9
25 7 2
25 8 8
25 9 3
25 10 2
25 11 4
25 12 6
25 13 6
25 14 3
25 15 2
25 16 1
25 17 1
25 18 1
25 19 1
25 20 1
25 21 7
25 22 1
25 23 5
25 24 3
26 0 7
26 1 5
26 2 3
26 3 3
26 4 9
26 5 4
26 6 1
26 7 1
26 8 6
26 9 2
26 10 4
26 11 1
26 12 1
26 13 3
26 14 7
26 15 3
26 16 1
26 17 7
26 18 8
26 19 4
26 20 6
26 21 4
26 22 8
26 23 6
26 24 8
26 25 5
27 0 1
27 1 3
27 2 7
27 3 7
27 4 7
27 5 9
27 6 5
27 7 3
27 8 9
27 9 5
27 10 1
27 11 2
27 12 2
27 13 4
27 14 9
27 15 8
27 16 3
27 17 7
27 18 7
27 19 1
27 20 2
27 21 7
27 22 6
27 23 6
27 24 3
27 25 9
27 26 7
28 0 4
28 1 7
28 2 1
28 3 9
28 4 6
28 5 1
28 6 5
28 7 9
28 8 3
28 9 1
28 10 2
28 11 8
28 12 6
28 13 7
28 14 5
28 15 3
28 16 8
28 17 3
28 18 4
28 19 8
28 20 2
28 21 4
28 22 9
28 23 5
28 24 1
28 25 1
28 26 3
28 27 8
29 0 1
29 1 9
29 2 2
29 3 4
29 4 8
29 5 7
29 6 8
29 7 7
29 8 9
29 9 4
29 10 8
29 11 2
29 12 3
29 13 3
29 14 8
29 15 9
29 16 7
29 17 5
29 18 3
29 19 9
29 20 9
29 21 1
29 22 4
29 23 9
29 24 6
29 25 7
29 26 2
29 27 4
29 28 7
30 0 9
30 1 2
30 2 2
30 3 1
30 4 6
30 5 4
30 6 6
30 7 3
30 8 6
30 9 2
30 10 3
30 11 9
30 12 6
30 13 6
30 14 5
30 15 9
30 16 4
30 17 7
30 18 4
30 19 6
30 20 9
30 21 7
30 22 1
30 23 6
30 24 5
30 25 7
30 26 7
30 27 7
30 28 7
30 29 4
31 0 1
31 1 7
31 2 7
31 3 5
31 4 6
31 5 6
31 6 8
31 7 9
31 8 3
31 9 7
31 10 9
31 11 9
31 12 9
31 13 9
31 14 9
31 15 1
31 16 6
31 17 3
31 18 1
31 19 5
31 20 6
31 21 9
31 22 7
31 23 7
31 24 5
31 25 9
31 26 2
31 27 8
31 28 9
31 29 2
31 30 9
32 0 4
32 1 5
32 2 5
32 3 2
32 4 1
32 5 3
32 6 8
32 7 5
32 8 1
32 9 1
32 10 8
32 11 8
32 12 1
32 13 9
32 14 3
32 15 7
32 16 5
32 17 9
32 18 2
32 19 3
32 20 9
32 21 9
32 22 5
32 23 5
32 24 8
32 25 1
32 26 6
32 27 2
32 28 4
32 29 3
32 30 4
32 31 7
33 0 9
33 1 7
33 2 1
33 3 6
33 4 5
33 5 3
33 6 5
33 7 1
33 8 9
33 9 7
33 10 6
33 11 3
33 12 4
33 13 9
33 14 9
33 15 2
33 16 4
33 17 6
33 18 7
33 19 4
33 20 9
33 21 1
33 22 5
33 23 2
33 24 6
33 25 7
33 26 5
33 27 8
33 28 5
33 29 2
33 30 2
33 31 3
33 32 8
34 0 3
34 1 7
34 2 4
34 3 4
34 4 7
34 5 5
34 6 7
34 7 4
34 8 2
34 9 4
34 10 1
34 11 2
34 12 2
34 13 9
34 14 3
34 15 1
34 16 7
34 17 1
34 18 2
34 19 1
34 20 4
34 21 9
34 22 9
34 23 5
34 24 8
34 25 7
34 26 9
34 27 8
34 28 3
34 29 3
34 30 5
34 31 2
34 32 4
34 33 4
35 0 6
35 1 8
35 2 2
35 3 7
35 4 9
35 5 3
35 6 7
35 7 1
35 8 1
35 9 9
35 10 4
35 11 1
35 12 2
35 13 7
35 14 7
35 15 2
35 16 9
35 17 1
35 18 5
35 19 1
35 20 6
35 21 6
35 22 9
35 23 3
35 24 1
35 25 6
35 26 3
35 27 1
35 28 5
35 29 6
35 30 7
35 31 6
35 32 1
35 33 2
35 34 8
36 0 7
36 1 8
36 2 4
36 3 4
36 4 8
36 5 4
36 6 7
36 7 1
36 8 7
36 9 9
36 10 1
36 11 4
36 12 1
36 13 2
36 14 5
36 15 7
36 16 2
36 17 7
36 18 2
36 19 5
36 20 3
36 21 7
36 22 3
36 23 5
36 24 3
36 25 5
36 26 2
36 27 3
36 28 2
36 29 5
36 30 2
36 31 3
36 32 1
36 33 3
36 34 9
36 35 4
37 0 4
37 1 7
37 2 3
37 3 8
37 4 5
37 5 9
37 6 2
37 7 6
37 8 8
37 9 6
37 10 3
37 11 1
37 12 6
37 13 5
37 14 9
37 15 3
37 16 1
37 17 9
37 18 9
37 19 4
37 20 6
37 21 2
37 22 7
37 23 6
37 24 5
37 25 3
37 26 5
37 27 2
37 28 5
37 29 9
37 30 4
37 31 4
37 32 6
37 33 2
37 34 5
37 35 3
37 36 7
38 0 3
38 1 5
38 2 3
38 3 4
38 4 8
38 5 5
38 6 4
38 7 5
38 8 2
38 9 5
38 10 5
38 11 9
38 12 5
38 13 2
38 14 5
38 15 5
38 16 8
38 17 1
38 18 9
38 19 6
38 20 7
38 21 5
38 22 1
38 23 1
38 24 9
38 25 8
38 26 6
38 27 4
38 28 6
38 29 7
38 30 3
38 31 1
38 32 3
38 33 6
38 34 8
38 35 7
38 36 1
38 37 1
39 0 6
39 1 6
39 2 3
39 3 6
39 4 1
39 5 9
39 6 8
39 7 5
39 8 8
39 9 5
39 10 3
39 11 9
39 12 4
39 13 6
39 14 6
39 15 5
39 16 5
39 17 1
39 18 1
39 19 9
39 20 5
39 21 8
39 22 8
39 23 9
39 24 2
39 25 4
39 26 3
39 27 5
39 28 8
39 29 9
39 30 5
39 31 9
39 32 9
39 33 2
39 34 6
39 35 4
39 36 4
39 37 6
39 38 6
40 0 6
40 1 7
40 2 2
40 3 2
40 4 4
40 5 9
40 6 2
40 7 9
40 8 3
40 9 4
40 10 8
40 11 9
40 12 5
40 13 9
40 14 6
40 15 5
40 16 3
40 17 6
40 18 5
40 19 6
40 20 5
40 21 7
40 22 5
40 23 4
40 24 7
40 25 8
40 26 7
40 27 4
40 28 7
40 29 8
40 30 4
40 31 3
40 32 1
40 33 5
40 34 7
40 35 4
40 36 8
40 37 2
40 38 8
40 39 7
41 0 5
41 1 3
41 2 9
41 3 6
41 4 2
41 5 2
41 6 9
41 7 6
41 8 4
41 9 5
41 10 5
41 11 5
41 12 8
41 13 4
41 14 4
41 15 1
41 16 5
41 17 4
41 18 7
41 19 4
41 20 7
41 21 8
41 22 4
41 23 7
41 24 8
41 25 7
41 26 6
41 27 8
41 28 9
41 29 4
41 30 8
41 31 5
41 32 7
41 33 9
41 34 3
41 35 7
41 36 8
41 37 1
41 38 7
41 39 5
41 40 5
42 0 2
42 1 5
42 2 5
42 3 6
42 4 1
42 5 4
42 6 6
42 7 4
42 8 1
42 9 7
42 10 2
42 11 9
42 12 9
42 13 1
42 14 3
42 15 5
42 16 6
42 17 2
42 18 6
42 19 5
42 20 9
42 21 3
42 22 8
42 23 7
42 24 3
42 25 7
42 26 9
42 27 6
42 28 2
42 29 9
42 30 8
42 31 8
42 32 2
42 33 5
42 34 6
42 35 7
42 36 4
42 37 9
42 38 2
42 39 1
42 40 7
42 41 1
43 0 5
43 1 5
43 2 3
43 3 9
43 4 7
43 5 1
43 6 7
43 7 4
43 8 4
43 9 7
43 10 2
43 11 7
43 12 5
43 13 5
43 14 7
43 15 2
43 16 6
43 17 3
43 18 1
43 19 4
43 20 3
43 21 1
43 22 3
43 23 6
43 24 1
43 25 3
43 26 9
43 27 4
43 28 1
43 29 8
43 30 6
43 31 2
43 32 9
43 33 6
43 34 1
43 35 1
43 36 7
43 37 4
43 38 8
43 39 2
43 40 6
43 41 1
43 42 1
44 0 7
44 1 5
44 2 7
44 3 1
44 4 3
44 5 7
44 6 1
44 7 6
44 8 5
44 9 8
44 10 7
44 11 4
44 12 5
44 13 4
44 14 9
44 15 1
44 16 5
44 17 9
44 18 8
44 19 6
44 20 7
44 21 3
44 22 2
44 23 7
44 24 8
44 25 6
44 26 2
44 27 1
44 28 7
44 29 4
44 30 9
44 31 8
44 32 7
44 33 2
44 34 1
44 35 2
44 36 9
44 37 3
44 38 2
44 39 5
44 40 6
44 41 9
44 42 8
44 43 3
45 0 1
45 1 4
45 2 4
45 3 2
45 4 2
45 5 9
45 6 9
45 7 4
45 8 7
45 9 8
45 10 5
45 11 9
45 12 6
45 13 2
45 14 5
45 15 2
45 16 6
45 17 6
45 18 3
45 19 2
45 20 2
45 21 6
45 22 7
45 23 4
45 24 8
45 25 8
45 26 6
45 27 1
45 28 8
45 29 9
45 30 5
45 31 1
45 32 7
45 33 3
45 34 5
45 35 7
45 36 6
45 37 2
45 38 3
45 39 7
45 40 6
45 41 6
45 42 8
45 43 8
45 44 4
46 0 8
46 1 4
46 2 8
46 3 5
46 4 6
46 5 3
46 6 7
46 7 8
46 8 4
46 9 3
46 10 5
46 11 6
46 12 5
46 13 8
46 14 2
46 15 9
46 16 4
46 17 8
46 18 8
46 19 2
46 20 2
46 21 4
46 22 7
46 23 8
46 24 9
46 25 2
46 26 2
46 27 9
46 28 1
46 29 4
46 30 4
46 31 4
46 32 8
46 33 5
46 34 2
46 35 2
46 36 6
46 37 7
46 38 9
46 39 2
46 40 4
46 41 5
46 42 1
46 43 7
46 44 4
46 45 2
47 0 3
47 1 7
47 2 4
47 3 2
47 4 7
47 5 3
47 6 8
47 7 6
47 8 6
47 9 6
47 10 2
47 11 3
47 12 1
47 13 4
47 14 6
47 15 3
47 16 8
47 17 8
47 18 8
47 19 7
47 20 1
47 21 5
47 22 5
47 23 4
47 24 6
47 25 8
47 26 1
47 27 5
47 28 3
47 29 1
47 30 4
47 31 6
47 32 9
47 33 4
47 34 7
47 35 3
47 36 8
47 37 7
47 38 2
47 39 2
47 40 3
47 41 6
47 42 5
47 43 8
47 44 6
47 45 4
47 46 7
48 0 2
48 1 2
48 2 3
48 3 1
48 4 1
48 5 7
48 6 8
48 7 6
48 8 7
48 9 4
48 10 5
48 11 6
48 12 6
48 13 7
48 14 6
48 15 5
48 16 6
48 17 6
48 18 2
48 19 6
48 20 5
48 21 7
48 22 9
48 23 9
48 24 2
48 25 8
48 26 3
48 27 2
48 28 1
48 29 8
48 30 8
48 31 1
48 32 9
48 33 5
48 34 9
48 35 6
48 36 9
48 37 6
48 38 4
48 39 2
48 40 4
48 41 6
48 42 6
48 43 9
48 44 7
48 45 7
48 46 9
48 47 9
49 0 4
49 1 8
49 2 8
49 3 5
49 4 7
49 5 2
49 6 1
49 7 6
49 8 2
49 9 9
49 10 8
49 11 4
49 12 4
49 13 7
49 14 6
49 15 7
49 16 9
49 17 3
49 18 5
49 19 5
49 20 4
49 21 9
49 22 6
49 23 9
49 24 4
49 25 8
49 26 8
49 27 2
49 28 7
49 29 3
49 30 2
49 31 6
49 32 2
49 33 5
49 34 2
49 35 7
49 36 8
49 37 8
49 38 4
49 39 8
49 40 2
49 41 6
49 42 5
49 43 6
49 44 9
49 45 9
49 46 5
49 47 9
49 48 6
50 0 3
50 1 5
50 2 2
50 3 2
50 4 4
50 5 3
50 6 1
50 7 7
50 8 7
50 9 6
50 10 5
50 11 7
50 12 5
50 13 5
50 14 7
50 15 3
50 16 1
50 17 2
50 18 9
50 19 7
50 20 9
50 21 5
50 22 1
50 23 3
50 24 2
50 25 1
50 26 4
50 27 6
50 28 9
50 29 2
50 30 2
50 31 9
50 32 7
50 33 4
50 34 8
50 35 5
50 36 7
50 37 7
50 38 7
50 39 4
50 40 5
50 41 4
50 42 6
50 43 6
50 44 4
50 45 6
50 46 3
50 47 9
50 48 7
50 49 1
51 0 2
51 1 4
51 2 7
51 3 3
51 4 1
51 5 8
51 6 2
51 7 1
51 8 8
51 9 9
51 10 9
51 11 2
51 12 1
51 13 3
51 14 1
51 15 9
51 16 7
51 17 1
51 18 2
51 19 2
51 20 4
51 21 8
51 22 5
51 23 7
51 24 3
51 25 6
51 26 7
51 27 8
51 28 2
51 29 1
51 30 3
51 31 5
51 32 8
51 33 3
51 34 5
51 35 1
51 36 3
51 37 9
51 38 9
51 39 2
51 40 5
51 41 6
51 42 9
51 43 7
51 44 7
51 45 6
51 46 8
51 47 9
51 48 4
51 49 3
51 50 8
52 0 3
52 1 3
52 2 5
52 3 3
52 4 8
52 5 5
52 6 1
52 7 1
52 8 3
52 9 4
52 10 8
52 11 5
52 12 6
52 13 2
52 14 1
52 15 6
52 16 1
52 17 5
52 18 2
52 19 5
52 20 4
52 21 7
52 22 2
52 23 1
52 24 2
52 25 1
52 26 9
52 27 5
52 28 6
52 29 1
52 30 4
52 31 6
52 32 2
52 33 9
52 34 7
52 35 6
52 36 1
52 37 7
52 38 2
52 39 3
52 40 7
52 41 1
52 42 5
52 43 5
52 44 6
52 45 3
52 46 4
52 47 1
52 48 9
52 49 3
52 50 2
52 51 7
53 0 7
53 1 8
53 2 8
53 3 5
53 4 5
53 5 4
53 6 4
53 7 7
53 8 1
53 9 1
53 10 5
53 11 1
53 12 8
53 13 9
53 14 1
53 15 7
53 16 5
53 17 3
53 18 2
53 19 2
53 20 5
53 21 7
53 22 6
53 23 5
53 24 3
53 25 2
53 26 3
53 27 3
53 28 8
53 29 2
53 30 3
53 31 6
53 32 7
53 33 9
53 34 9
53 35 7
53 36 6
53 37 6
53 38 8
53 39 6
53 40 7
53 41 8
53 42 9
53 43 2
53 44 7
53 45 7
53 46 4
53 47 7
53 48 4
53 49 8
53 50 7
53 51 3
53 52 7
54 0 4
54 1 2
54 2 2
54 3 8
54 4 9
54 5 2
54 6 4
54 7 6
54 8 7
54 9 3
54 10 4
54 11 1
54 12 5
54 13 8
54 14 9
54 15 2
54 16 8
54 17 8
54 18 8
54 19 2
54 20 9
54 21 3
54 22 1
54 23 6
54 24 1
54 25 2
54 26 3
54 27 4
54 28 2
54 29 7
54 30 6
54 31 3
54 32 6
54 33 1
54 34 6
54 35 2
54 36 2
54 37 3
54 38 3
54 39 9
54 40 6
54 41 2
54 42 7
54 43 6
54 44 4
54 45 3
54 46 6
54 47 6
54 48 3
54 49 3
54 50 3
54 51 9
54 52 3
54 53 5
55 0 4
55 1 1
55 2 8
55 3 3
55 4 9
55 5 7
55 6 7
55 7 1
55 8 6
55 9 1
55 10 2
55 11 7
55 12 8
55 13 2
55 14 9
55 15 3
55 16 1
55 17 3
55 18 1
55 19 4
55 20 5
55 21 3
55 22 9
55 23 1
55 24 4
55 25 2
55 26 8
55 27 8
55 28 4
55 29 9
55 30 4
55 31 2
55 32 3
55 33 4
55 34 3
55 35 7
55 36 7
55 37 9
55 38 3
55 39 9
55 40 2
55 41 4
55 42 3
55 43 6
55 44 8
55 45 7
55 46 7
55 47 9
55 48 7
55 49 2
55 50 6
55 51 1
55 52 6
55 53 7
55 54 1
56 0 2
56 1 7
56 2 2
56 3 7
56 4 6
56 5 8
56 6 2
56 7 5
56 8 6
56 9 6
56 10 8
56 11 5
56 12 1
56 13 6
56 14 6
56 15 4
56 16 8
56 17 6
56 18 7
56 19 6
56 20 4
56 21 5
56 22 7
56 23 9
56 24 2
56 25 9
56 26 9
56 27 6
56 28 1
56 29 7
56 30 9
56 31 6
56 32 6
56 33 1
56 34 9
56 35 9
56 36 2
56 37 1
56 38 4
56 39 8
56 40 2
56 41 2
56 42 6
56 43 1
56 44 4
56 45 1
56 46 2
56 47 7
56 48 9
56 49 9
56 50 2
56 51 3
56 52 1
56 53 9
56 54 8
56 55 9
57 0 1
57 1 5
57 2 6
57 3 2
57 4 1
57 5 4
57 6 9
57 7 3
57 8 1
57 9 3
57 10 5
57 11 3
57 12 7
57 13 2
57 14 7
57 15 3
57 16 8
57 17 1
57 18 4
57 19 6
57 20 6
57 21 2
57 22 1
57 23 7
57 24 1
57 25 2
57 26 4
57 27 5
57 28 6
57 29 7
57 30 8
57 31 2
57 32 9
57 33 1
57 34 4
57 35 5
57 36 1
57 37 5
57 38 3
57 39 9
57 40 5
57 41 6
57 42 9
57 43 8
57 44 1
57 45 4
57 46 6
57 47 3
57 48 5
57 49 1
57 50 3
57 51 8
57 52 5
57 53 7
57 54 1
57 55 3
57 56 9
58 0 9
58 1 1
58 2 2
58 3 3
58 4 8
58 5 4
58 6 3
58 7 9
58 8 1
58 9 8
58 10 7
58 11 3
58 12 9
58 13 2
58 14 9
58 15 7
58 16 8
58 17 4
58 18 4
58 19 1
58 20 8
58 21 1
58 22 3
58 23 8
58 24 8
58 25 7
58 26 7
58 27 1
58 28 4
58 29 3
58 30 4
58 31 3
58 32 5
58 33 6
58 34 2
58 35 6
58 36 1
58 37 7
58 38 3
58 39 5
58 40 6
58 41 7
58 42 6
58 43 2
58 44 5
58 45 4
58 46 7
58 47 5
58 48 6
58 49 5
58 50 7
58 51 5
58 52 2
58 53 3
58 54 5
58 55 4
58 56 4
58 57 2
59 0 5
59 1 4
59 2 8
59 3 6
59 4 7
59 5 3
59 6 1
59 7 7
59 8 1
59 9 1
59 10 7
59 11 3
59 12 8
59 13 5
59 14 4
59 15 5
59 16 9
59 17 8
59 18 2
59 19 7
59 20 7
59 21 4
59 22 2
59 23 1
59 24 4
59 25 7
59 26 9
59 27 9
59 28 6
59 29 1
59 30 2
59 31 5
59 32 8
59 33 9
59 34 9
59 35 2
59 36 8
59 37 8
59 38 7
59 39 4
59 40 6
59 41 3
59 42 6
59 43 6
59 44 4
59 45 2
59 46 9
59 47 2
59 48 6
59 49 2
59 50 1
59 51 9
59 52 8
59 53 3
59 54 3
59 55 1
59 56 3
59 57 9
59 58 9
