15
1 0 1
2 0 4
2 1 4
3 0 4
3 1 6
3 2 6
4 0 4
4 1 3
4 2 2
4 3 4
5 0 3
5 1 5
5 2 5
5 3 2
5 4 3
6 0 3
6 1 7
6 2 3
6 3 4
6 4 7
6 5 7
7 0 1
7 1 1
7 2 6
7 3 5
7 4 4
7 5 7
7 6 4
8 0 7
8 1 4
8 2 7
8 3 3
8 4 3
8 5 2
8 6 6
8 7 4
9 0 2
9 1 6
9 2 5
9 3 7
9 4 3
9 5 5
9 6 3
9 7 5
9 8 6
10 0 7
10 1 4
10 2 4
10 3 1
10 4 6
10 5 7
10 6 3
10 7 2
10 8 4
10 9 2
11 0 6
11 1 6
11 2 3
11 3 6
11 4 5
11 5 6
11 6 3
11 7 7
11 8 4
11 9 4
11 10 1
12 0 6
12 1 5
12 2 7
12 3 1
12 4 2
12 5 5
12 6 5
12 7 2
12 8 5
12 9 3
12 10 2
12 11 2
13 0 6
13 1 7
13 2 7
13 3 6
13 4 5
13 5 7
13 6 6
13 7 4
13 8 4
13 9 5
13 10 1
13 11 5
13 12 2
14 0 3
14 1 3
14 2 1
14 3 2
14 4 1
14 5 6
14 6 7
14 7 4
14 8 7
14 9 5
14 10 6
14 11 6
14 12 4
14 13 5
