15
1 0 5
2 0 3
2 1 2
3 0 7
3 1 2
3 2 7
4 0 3
4 1 8
4 2 5
4 3 2
5 0 1
5 1 3
5 2 3
5 3 3
5 4 6
6 0 6
6 1 2
6 2 8
6 3 6
6 4 6
6 5 3
7 0 2
7 1 8
7 2 6
7 3 1
7 4 1
7 5 5
7 6 6
8 0 7
8 1 8
8 2 1
8 3 7
8 4 7
8 5 7
8 6 2
8 7 3
9 0 4
9 1 5
9 2 6
9 3 7
9 4 4
9 5 3
9 6 2
9 7 5
9 8 7
10 0 2
10 1 6
10 2 4
10 3 4
10 4 6
10 5 4
10 6 4
10 7 6
10 8 7
10 9 5
11 0 2
11 1 5
11 2 3
11 3 7
11 4 8
11 5 2
11 6 8
11 7 5
11 8 6
11 9 4
11 10 4
12 0 3
12 1 7
12 2 5
12 3 2
12 4 5
12 5 7
12 6 2
12 7 6
12 8 2
12 9 5
12 10 5
12 11 4
13 0 2
13 1 8
13 2 7
13 3 5
13 4 2
13 5 7
13 6 4
13 7 8
13 8 5
13 9 1
13 10 5
13 11 3
13 12 1
14 0 4
14 1 7
14 2 2
14 3 3
14 4 5
14 5 7
14 6 7
14 7 4
14 8 3
14 9 7
14 10 5
14 11 2
14 12 4
14 13 7
