70
1 0 5
2 1 3
3 0 3
4 3 4
5 0 1
5 3 5
6 1 5
6 4 7
7 1 8
7 2 4
7 5 2
7 6 5
8 1 2
8 5 3
9 0 8
9 3 3
9 4 5
9 8 1
10 4 4
10 5 8
10 6 1
11 1 5
11 2 1
11 4 6
11 6 4
11 7 3
11 8 4
11 10 4
12 2 5
12 7 4
12 10 5
12 11 7
13 0 1
13 1 1
13 3 3
13 6 5
13 8 3
13 11 6
14 2 5
14 4 8
14 7 1
14 9 8
14 10 6
14 13 8
15 0 3
15 2 4
15 3 8
15 10 5
16 0 3
16 2 5
16 5 8
16 6 1
16 8 3
16 10 1
16 11 6
16 13 6
16 14 4
16 15 3
17 0 1
17 1 2
17 3 6
17 4 8
17 5 5
17 7 6
17 8 6
17 11 3
17 12 4
17 13 1
17 14 2
18 2 2
18 4 2
18 5 8
18 7 7
18 8 3
18 11 1
18 13 2
18 14 7
18 15 6
19 3 5
19 4 7
19 7 4
19 8 2
19 9 1
19 11 7
19 12 1
19 14 8
19 15 7
19 16 8
19 17 1
19 18 3
20 0 1
20 4 3
20 6 5
20 9 2
20 12 4
20 15 2
20 17 8
20 19 7
21 0 8
21 1 1
21 2 7
21 4 7
21 5 3
21 6 6
21 11 3
21 13 3
21 19 4
21 20 8
22 1 6
22 3 3
22 4 5
22 5 6
22 6 5
22 11 1
22 14 8
22 17 8
22 19 6
22 20 7
22 21 4
23 3 3
23 4 7
23 6 8
23 8 6
23 13 6
23 15 2
23 18 1
23 20 5
23 21 7
23 22 5
24 2 3
24 3 3
24 4 5
24 9 8
24 10 8
24 11 7
24 13 3
24 17 4
24 18 8
24 20 7
24 23 6
25 2 2
25 4 2
25 7 8
25 11 4
25 15 8
25 16 5
25 17 1
25 19 7
25 20 3
25 23 3
26 1 1
26 2 3
26 3 5
26 6 1
26 7 4
26 11 1
26 12 1
26 14 3
26 16 8
26 17 5
26 21 7
26 22 7
26 23 6
26 25 8
27 3 3
27 4 4
27 7 3
27 9 2
27 14 4
27 16 6
27 18 6
27 20 5
27 22 1
27 24 7
28 0 1
28 1 2
28 2 4
28 3 7
28 4 2
28 6 6
28 9 2
28 11 2
28 13 8
28 17 7
28 19 2
28 20 1
28 22 2
28 23 7
28 27 7
29 0 4
29 2 1
29 4 4
29 5 1
29 8 5
29 14 1
29 17 4
29 19 7
29 20 3
29 21 6
29 22 4
29 24 3
29 26 8
29 28 6
30 0 3
30 2 8
30 3 6
30 12 4
30 15 1
30 16 4
30 17 3
30 19 1
30 20 5
30 21 4
30 22 1
30 23 4
30 24 8
30 26 5
30 28 6
30 29 1
31 1 2
31 4 2
31 5 2
31 10 5
31 12 6
31 13 7
31 17 2
31 18 8
31 19 3
31 20 7
31 21 4
31 22 5
31 25 7
31 28 2
31 30 1
32 3 7
32 7 7
32 9 7
32 12 4
32 13 1
32 16 5
32 18 8
32 19 5
32 24 1
32 26 5
32 28 1
32 29 1
32 30 6
33 0 2
33 1 8
33 2 7
33 3 2
33 4 6
33 6 5
33 12 2
33 13 8
33 16 2
33 22 1
33 26 5
33 30 4
33 31 4
34 0 5
34 2 7
34 3 8
34 6 4
34 8 2
34 9 3
34 11 5
34 12 2
34 15 4
34 16 1
34 17 3
34 18 7
34 19 1
34 20 2
34 22 7
34 25 8
34 26 1
34 27 2
34 29 2
34 30 6
34 31 6
34 33 1
35 0 2
35 3 7
35 4 7
35 10 8
35 12 7
35 15 5
35 18 6
35 20 3
35 21 3
35 24 4
35 27 2
35 28 3
35 30 5
35 31 8
35 32 1
35 33 7
36 0 4
36 1 2
36 2 1
36 3 7
36 6 2
36 9 5
36 12 6
36 13 2
36 15 8
36 16 7
36 18 3
36 19 5
36 21 7
36 22 5
36 26 8
36 27 2
36 28 8
36 32 7
36 33 3
36 35 4
37 3 8
37 4 2
37 5 1
37 6 1
37 10 8
37 14 1
37 16 3
37 17 1
37 19 6
37 22 8
37 23 1
37 24 3
37 26 6
37 28 5
37 31 8
37 32 3
37 34 7
37 35 2
38 1 3
38 2 5
38 6 7
38 7 8
38 13 2
38 18 5
38 19 3
38 21 7
38 22 3
38 24 6
38 25 4
38 28 3
38 29 8
38 31 1
38 32 6
38 34 5
38 35 2
38 37 4
39 1 4
39 8 4
39 10 1
39 11 4
39 12 4
39 13 4
39 15 5
39 16 8
39 17 2
39 19 6
39 21 3
39 22 6
39 23 7
39 24 5
39 26 4
39 29 5
39 30 8
39 31 5
39 32 2
39 36 4
39 38 1
40 2 5
40 4 1
40 5 6
40 6 4
40 9 6
40 11 5
40 12 1
40 14 6
40 16 5
40 17 5
40 19 8
40 20 4
40 23 7
40 25 5
40 29 4
40 31 8
40 33 6
40 39 7
41 2 2
41 3 8
41 6 8
41 7 3
41 9 5
41 13 7
41 14 1
41 16 3
41 17 1
41 19 4
41 20 3
41 21 8
41 23 7
41 24 1
41 25 1
41 26 1
41 28 8
41 30 1
41 32 4
41 35 3
41 36 7
41 37 1
41 39 7
42 2 5
42 3 4
42 4 6
42 8 6
42 9 3
42 12 4
42 14 6
42 16 7
42 17 7
42 19 1
42 20 5
42 23 1
42 29 6
42 30 1
42 32 8
42 33 8
42 35 3
42 36 7
42 38 4
42 41 1
43 0 7
43 1 8
43 2 5
43 6 8
43 9 5
43 11 6
43 12 2
43 13 4
43 15 1
43 16 6
43 17 3
43 20 1
43 22 8
43 25 6
43 26 5
43 29 5
43 30 4
43 32 7
43 34 7
43 35 3
43 37 8
43 40 6
43 42 4
44 2 4
44 6 1
44 8 2
44 9 4
44 10 6
44 13 7
44 14 4
44 15 5
44 16 5
44 17 4
44 18 7
44 19 1
44 20 8
44 21 3
44 23 8
44 24 1
44 29 3
44 31 2
44 33 6
44 34 6
44 38 7
44 39 5
44 42 5
45 2 6
45 6 6
45 8 5
45 11 7
45 18 4
45 20 7
45 22 8
45 23 8
45 24 2
45 26 1
45 28 2
45 30 8
45 31 1
45 32 4
45 34 8
45 35 1
45 40 8
45 41 3
45 43 2
46 0 2
46 2 1
46 4 2
46 7 8
46 15 1
46 16 7
46 17 7
46 20 1
46 21 8
46 23 4
46 28 3
46 32 8
46 33 8
46 34 5
46 35 1
46 37 6
46 43 7
46 44 6
47 0 8
47 7 2
47 10 3
47 12 5
47 13 2
47 16 8
47 18 8
47 19 3
47 23 2
47 27 6
47 29 7
47 32 1
47 33 5
47 37 5
47 38 4
47 45 8
48 1 2
48 2 2
48 7 8
48 8 5
48 10 8
48 11 3
48 12 7
48 14 1
48 16 3
48 21 3
48 22 3
48 23 3
48 24 2
48 25 3
48 28 5
48 30 7
48 34 1
48 35 1
48 39 3
48 43 7
48 45 3
48 46 6
49 1 3
49 2 6
49 4 3
49 5 7
49 6 2
49 9 7
49 10 8
49 12 1
49 18 1
49 22 7
49 23 2
49 26 5
49 28 5
49 29 4
49 30 2
49 32 8
49 35 4
49 39 7
49 40 7
49 41 8
49 43 2
49 44 4
49 45 6
49 46 4
49 48 4
50 3 4
50 5 8
50 10 4
50 11 8
50 13 1
50 14 3
50 15 1
50 16 1
50 19 1
50 20 7
50 26 8
50 27 3
50 29 4
50 31 1
50 32 5
50 33 3
50 34 4
50 41 1
50 42 4
50 46 2
50 47 2
50 48 6
51 0 8
51 1 3
51 2 3
51 3 6
51 4 6
51 7 8
51 8 3
51 10 3
51 11 3
51 15 3
51 16 2
51 19 5
51 20 7
51 21 3
51 23 4
51 25 1
51 26 3
51 30 3
51 31 7
51 32 7
51 34 2
51 35 1
51 39 2
51 42 1
51 47 2
51 49 2
52 1 4
52 2 6
52 3 7
52 4 7
52 5 4
52 6 5
52 8 6
52 12 4
52 14 5
52 16 1
52 17 7
52 18 4
52 19 7
52 23 3
52 25 7
52 26 5
52 27 4
52 28 5
52 31 4
52 34 6
52 35 6
52 37 5
52 38 5
52 39 3
52 41 2
52 43 4
52 45 6
52 46 3
52 49 8
52 50 6
53 6 7
53 9 5
53 10 4
53 13 5
53 15 3
53 17 2
53 18 7
53 19 7
53 20 5
53 22 2
53 23 4
53 26 1
53 28 3
53 30 1
53 31 2
53 33 1
53 35 2
53 36 8
53 38 6
53 40 4
53 41 7
53 48 3
54 1 5
54 2 6
54 3 1
54 4 1
54 5 1
54 6 6
54 8 6
54 10 1
54 15 7
54 18 1
54 22 4
54 23 3
54 24 5
54 27 6
54 32 5
54 34 2
54 36 4
54 37 1
54 38 8
54 42 5
54 45 4
54 46 3
54 47 5
54 48 2
54 50 7
54 53 8
55 1 4
55 4 5
55 5 5
55 6 2
55 8 4
55 10 5
55 12 4
55 13 7
55 16 5
55 17 1
55 18 6
55 23 7
55 26 2
55 27 1
55 29 4
55 30 7
55 32 1
55 35 6
55 37 2
55 42 5
55 44 5
55 45 1
55 46 6
55 48 2
55 50 8
56 1 4
56 5 1
56 10 4
56 13 2
56 15 8
56 16 6
56 17 7
56 18 5
56 19 4
56 21 3
56 22 1
56 24 8
56 26 4
56 30 4
56 33 7
56 36 1
56 38 4
56 40 5
56 41 4
56 43 6
56 44 3
56 45 8
56 46 4
56 48 6
56 50 5
56 55 5
57 1 1
57 2 3
57 3 7
57 4 4
57 5 4
57 6 1
57 9 5
57 11 7
57 15 2
57 16 4
57 22 1
57 26 5
57 29 6
57 30 4
57 31 8
57 35 2
57 36 4
57 37 5
57 38 3
57 40 4
57 41 8
57 42 1
57 45 2
57 52 4
57 53 6
57 55 3
58 0 7
58 2 2
58 3 2
58 4 5
58 8 4
58 9 6
58 11 2
58 13 6
58 15 3
58 16 4
58 17 7
58 18 7
58 20 6
58 23 5
58 24 6
58 26 2
58 28 6
58 37 7
58 40 6
58 42 7
58 44 8
58 46 7
58 47 6
58 49 6
58 55 1
58 56 2
58 57 1
59 0 2
59 1 3
59 2 8
59 3 8
59 5 7
59 8 4
59 10 5
59 12 7
59 16 8
59 17 8
59 18 5
59 19 6
59 20 8
59 30 3
59 31 6
59 33 2
59 39 1
59 40 2
59 42 3
59 43 1
59 45 5
59 47 2
59 50 5
59 52 7
59 53 4
59 54 7
59 55 1
59 56 6
59 58 6
60 2 5
60 3 8
60 4 8
60 6 1
60 7 2
60 8 3
60 9 7
60 10 8
60 11 5
60 14 5
60 15 1
60 16 5
60 18 8
60 19 4
60 21 4
60 22 6
60 24 6
60 25 5
60 26 8
60 29 7
60 30 7
60 31 4
60 32 8
60 35 2
60 37 8
60 39 1
60 41 6
60 44 5
60 45 5
60 47 5
60 48 4
60 52 4
60 53 2
60 56 7
60 58 5
60 59 4
61 7 5
61 8 3
61 11 7
61 21 8
61 24 5
61 27 2
61 32 2
61 34 2
61 36 6
61 37 1
61 38 7
61 39 1
61 44 8
61 45 1
61 46 4
61 47 3
61 48 2
61 50 2
61 54 6
61 57 3
61 58 3
61 59 6
62 1 8
62 2 7
62 3 2
62 4 3
62 6 7
62 7 5
62 9 6
62 11 1
62 12 1
62 13 5
62 21 5
62 22 4
62 24 1
62 25 1
62 26 5
62 28 5
62 29 1
62 32 5
62 33 8
62 36 1
62 38 5
62 39 3
62 46 8
62 48 1
62 50 3
62 52 6
62 54 8
62 55 5
62 56 6
62 57 6
62 59 2
62 60 1
63 4 3
63 7 2
63 9 5
63 12 6
63 15 2
63 18 7
63 19 8
63 20 6
63 21 1
63 25 7
63 28 1
63 29 8
63 30 7
63 32 8
63 34 4
63 38 2
63 41 2
63 42 3
63 43 1
63 44 8
63 45 3
63 48 1
63 50 3
63 51 8
63 53 3
63 54 5
63 55 1
63 56 6
63 57 8
63 58 2
63 59 7
63 62 2
64 1 7
64 2 6
64 3 5
64 5 3
64 6 8
64 7 5
64 10 8
64 14 6
64 15 2
64 20 3
64 21 1
64 22 6
64 23 1
64 24 1
64 29 2
64 32 7
64 38 4
64 39 8
64 44 2
64 50 8
64 52 7
64 53 2
64 54 4
64 57 8
64 58 7
64 59 2
64 62 2
64 63 6
65 0 6
65 3 4
65 5 5
65 6 4
65 7 6
65 8 4
65 9 7
65 10 6
65 12 5
65 13 4
65 14 2
65 16 7
65 21 6
65 22 6
65 23 8
65 28 1
65 33 7
65 34 7
65 39 7
65 40 7
65 41 7
65 43 8
65 44 7
65 51 6
65 52 7
65 53 3
65 54 1
65 55 7
65 57 7
65 59 5
65 60 7
65 62 5
65 63 2
66 0 1
66 4 1
66 7 6
66 9 1
66 10 6
66 11 7
66 12 8
66 13 3
66 14 5
66 15 2
66 16 2
66 17 7
66 18 3
66 22 8
66 24 5
66 25 2
66 26 1
66 27 2
66 29 1
66 32 8
66 35 3
66 36 2
66 39 3
66 45 8
66 47 2
66 48 7
66 51 1
66 53 6
66 57 8
66 62 5
66 64 6
67 0 6
67 1 4
67 2 3
67 10 7
67 12 7
67 15 6
67 21 3
67 22 7
67 24 8
67 25 3
67 26 7
67 29 5
67 30 7
67 31 3
67 33 1
67 34 7
67 42 2
67 43 8
67 44 3
67 45 1
67 50 3
67 51 4
67 52 5
67 56 4
67 58 6
67 59 2
67 61 8
67 65 3
68 1 2
68 2 6
68 8 5
68 9 1
68 10 3
68 12 2
68 14 4
68 17 3
68 20 6
68 21 2
68 22 7
68 23 3
68 25 7
68 26 1
68 31 3
68 34 1
68 35 4
68 36 2
68 38 6
68 40 2
68 43 7
68 44 6
68 47 3
68 50 3
68 51 4
68 55 5
68 58 4
68 60 7
68 61 8
68 62 3
68 64 7
69 1 8
69 2 2
69 6 4
69 7 2
69 8 1
69 9 1
69 10 3
69 12 5
69 13 7
69 14 4
69 26 6
69 28 8
69 31 3
69 35 4
69 36 8
69 37 5
69 41 6
69 42 6
69 44 3
69 45 8
69 47 7
69 53 7
69 54 4
69 55 4
69 57 8
69 58 1
69 59 1
69 61 5
69 64 6
69 66 6
