70
3 1 2
4 2 2
4 3 6
6 0 6
6 1 2
6 4 6
6 5 3
7 1 3
7 5 6
7 6 5
8 0 4
8 3 6
8 4 3
8 6 1
9 0 4
9 1 3
9 2 5
9 5 2
9 6 6
10 0 3
10 1 4
10 3 3
10 4 2
10 7 6
10 8 1
11 0 4
11 4 2
11 5 6
11 8 2
11 9 3
12 1 1
12 2 6
12 3 1
12 5 6
12 6 6
12 9 4
12 10 2
12 11 2
13 1 1
13 2 5
13 6 3
13 9 1
13 12 3
14 0 5
14 1 4
14 6 5
14 8 4
14 9 6
14 11 2
14 12 2
14 13 3
15 1 5
15 2 3
15 3 6
15 7 3
15 8 3
15 9 2
15 12 3
15 13 3
15 14 5
16 1 1
16 3 3
16 6 6
16 7 2
16 11 2
16 12 2
16 13 3
17 0 4
17 7 2
17 8 4
17 10 4
17 11 1
17 12 2
17 14 4
18 1 1
18 2 4
18 7 3
18 11 1
18 14 1
18 15 3
18 17 5
19 3 4
19 6 6
19 7 6
19 8 6
19 11 4
19 13 6
19 14 6
19 18 1
20 0 5
20 1 6
20 6 1
20 10 1
20 13 4
20 16 1
20 17 2
20 19 2
21 0 5
21 1 5
21 4 1
21 5 3
21 6 2
21 9 6
21 14 1
21 15 5
21 16 3
21 19 5
21 20 3
22 3 1
22 4 6
22 5 3
22 6 2
22 8 4
22 9 3
22 14 2
22 16 2
22 18 3
22 19 1
22 20 4
23 0 1
23 4 1
23 7 4
23 8 6
23 9 6
23 15 4
23 16 1
23 17 5
23 19 4
23 20 5
23 22 4
24 0 3
24 2 4
24 3 4
24 4 2
24 6 2
24 8 2
24 9 3
24 11 3
24 14 1
24 18 2
24 23 2
25 4 3
25 5 3
25 6 4
25 7 5
25 8 3
25 11 3
25 12 2
25 15 2
25 16 2
25 18 2
25 19 4
25 20 2
25 21 6
25 24 1
26 0 6
26 2 1
26 6 1
26 8 2
26 9 6
26 13 1
26 14 2
26 15 6
26 16 1
26 18 6
26 19 1
26 20 5
26 22 6
26 23 2
27 2 3
27 4 2
27 5 6
27 7 4
27 8 6
27 9 3
27 12 4
27 13 1
27 17 3
27 20 5
27 21 6
27 23 6
27 26 6
28 0 4
28 1 5
28 3 2
28 4 1
28 5 1
28 9 1
28 11 3
28 15 3
28 16 3
28 20 4
29 2 6
29 3 6
29 4 4
29 7 4
29 8 2
29 9 5
29 11 2
29 13 3
29 14 4
29 15 5
29 17 1
29 18 1
29 19 6
29 20 5
29 22 3
29 23 5
29 25 6
30 1 5
30 2 3
30 4 6
30 5 5
30 8 2
30 9 3
30 13 1
30 15 5
30 16 5
30 17 4
30 19 5
30 21 2
30 24 6
30 26 3
30 27 4
30 29 4
31 1 4
31 7 2
31 8 5
31 10 6
31 13 1
31 17 6
31 18 1
31 22 2
31 23 5
31 24 2
31 25 3
31 27 2
31 30 6
32 1 4
32 2 1
32 4 6
32 6 2
32 7 1
32 11 6
32 13 2
32 18 6
32 20 1
32 24 3
32 27 3
32 28 4
32 30 5
33 3 4
33 4 6
33 5 4
33 6 1
33 11 5
33 12 5
33 14 5
33 19 4
33 20 2
33 23 4
33 24 4
33 27 5
33 28 6
33 29 1
33 30 3
33 31 3
34 0 4
34 3 3
34 5 3
34 7 3
34 8 4
34 9 6
34 10 6
34 11 1
34 12 6
34 13 1
34 14 3
34 15 1
34 17 2
34 18 1
34 19 5
34 20 2
34 23 1
34 24 4
34 28 1
34 31 5
34 32 6
35 1 3
35 4 1
35 5 5
35 8 3
35 10 3
35 12 3
35 16 1
35 17 3
35 20 4
35 21 5
35 22 2
35 24 3
35 26 4
35 30 6
35 31 2
35 33 2
35 34 1
36 1 1
36 2 3
36 4 2
36 5 5
36 6 2
36 9 5
36 11 1
36 12 4
36 13 1
36 15 1
36 16 3
36 18 4
36 19 5
36 21 1
36 22 3
36 25 5
36 29 5
36 32 6
36 35 3
37 0 5
37 1 4
37 2 6
37 3 1
37 5 5
37 6 6
37 7 3
37 8 6
37 9 1
37 12 4
37 13 3
37 16 2
37 21 5
37 24 1
37 26 4
37 28 6
37 30 1
37 32 5
37 33 4
37 34 1
38 1 5
38 2 4
38 5 4
38 7 3
38 8 3
38 9 6
38 11 4
38 18 2
38 19 5
38 21 1
38 23 3
38 25 3
38 26 4
38 27 2
38 28 2
38 29 5
38 30 5
38 31 1
38 33 6
38 35 1
39 2 2
39 7 5
39 9 3
39 10 2
39 12 3
39 13 1
39 14 1
39 15 1
39 18 6
39 23 3
39 30 3
39 32 4
39 38 2
40 4 2
40 8 3
40 10 4
40 11 4
40 15 3
40 18 5
40 20 3
40 23 3
40 25 2
40 27 6
40 28 1
40 29 2
40 30 5
40 32 5
40 33 2
40 35 5
40 37 1
40 38 6
41 3 5
41 4 2
41 6 6
41 13 3
41 14 3
41 17 2
41 18 6
41 21 1
41 22 3
41 24 3
41 25 5
41 29 4
41 30 2
41 31 6
41 33 2
41 39 1
42 0 6
42 1 4
42 3 5
42 7 6
42 9 5
42 14 4
42 18 2
42 21 5
42 23 4
42 24 1
42 26 5
42 28 3
42 29 2
42 30 1
42 32 6
42 33 5
42 34 2
42 35 4
42 38 4
43 0 5
43 2 2
43 6 3
43 8 2
43 9 5
43 11 1
43 12 3
43 16 2
43 17 4
43 20 2
43 21 4
43 23 4
43 26 2
43 27 3
43 28 2
43 29 5
43 30 1
43 33 3
43 34 2
43 35 6
43 36 4
43 37 3
43 38 1
43 39 1
43 42 6
44 0 5
44 1 1
44 5 2
44 11 3
44 14 6
44 16 3
44 18 6
44 19 6
44 25 6
44 28 1
44 29 2
44 30 6
44 31 4
44 33 6
44 34 4
44 35 4
44 37 6
44 38 2
44 41 3
44 42 6
45 11 6
45 12 4
45 13 6
45 16 2
45 19 5
45 23 6
45 25 4
45 26 5
45 27 2
45 29 3
45 30 5
45 34 3
45 35 2
45 40 2
45 41 2
45 42 5
45 43 6
46 3 1
46 7 1
46 8 4
46 11 6
46 12 4
46 13 4
46 14 6
46 15 2
46 19 4
46 21 3
46 33 1
46 34 2
46 35 6
46 40 4
46 41 5
46 42 1
47 1 2
47 3 5
47 4 1
47 7 6
47 10 2
47 12 5
47 13 1
47 14 6
47 18 6
47 19 5
47 20 1
47 21 3
47 22 2
47 23 2
47 26 5
47 30 1
47 32 2
47 33 2
47 35 6
47 41 6
47 43 4
47 44 3
47 45 3
48 0 4
48 1 2
48 2 4
48 3 5
48 4 6
48 7 5
48 8 6
48 9 5
48 10 4
48 11 2
48 12 4
48 13 1
48 14 4
48 16 5
48 17 1
48 18 6
48 22 2
48 23 2
48 24 2
48 27 6
48 29 5
48 33 5
48 35 5
48 39 2
48 41 2
48 42 4
48 43 6
48 46 6
48 47 2
49 0 3
49 3 6
49 4 2
49 6 5
49 7 4
49 12 1
49 13 4
49 14 4
49 16 5
49 18 5
49 19 1
49 22 3
49 23 4
49 24 1
49 25 4
49 26 4
49 29 3
49 30 3
49 32 4
49 33 4
49 34 1
49 35 1
49 37 2
49 38 2
49 39 3
49 41 2
49 44 2
49 45 5
49 46 4
49 47 3
50 2 6
50 3 2
50 5 6
50 6 3
50 8 3
50 10 3
50 12 3
50 13 6
50 14 6
50 16 4
50 22 6
50 29 4
50 34 3
50 40 2
50 41 6
50 43 4
50 44 5
50 45 2
50 49 4
51 2 5
51 3 6
51 5 2
51 6 2
51 8 1
51 11 1
51 13 1
51 16 3
51 17 4
51 18 4
51 19 2
51 20 5
51 22 6
51 24 5
51 27 2
51 28 5
51 29 4
51 33 3
51 35 2
51 39 5
51 40 5
51 42 3
51 43 5
51 45 1
51 47 1
51 48 6
51 49 1
51 50 4
52 2 4
52 3 1
52 8 1
52 9 5
52 11 1
52 12 5
52 13 1
52 16 1
52 18 6
52 19 2
52 22 4
52 24 1
52 27 2
52 28 2
52 29 6
52 31 3
52 33 1
52 36 1
52 37 3
52 38 3
52 40 3
52 41 3
52 45 1
52 46 2
52 48 4
52 50 4
53 0 2
53 5 6
53 7 4
53 11 2
53 13 4
53 15 1
53 16 4
53 17 6
53 19 2
53 24 2
53 25 2
53 26 5
53 30 3
53 32 5
53 33 3
53 36 6
53 37 2
53 38 1
53 41 4
53 44 1
53 46 4
53 47 4
53 50 4
53 51 6
53 52 4
54 1 3
54 3 3
54 7 3
54 8 6
54 9 3
54 12 3
54 14 6
54 16 3
54 17 1
54 18 3
54 20 3
54 21 4
54 24 1
54 26 1
54 28 4
54 30 5
54 32 4
54 33 1
54 36 2
54 38 1
54 41 4
54 43 3
54 45 2
54 47 2
54 48 6
54 49 1
54 51 2
54 52 5
55 0 1
55 2 2
55 3 2
55 5 3
55 6 6
55 9 5
55 10 5
55 12 5
55 15 2
55 16 2
55 20 4
55 24 2
55 25 5
55 27 2
55 30 3
55 32 4
55 33 3
55 34 3
55 37 6
55 38 5
55 39 3
55 41 4
55 45 6
55 46 5
55 48 6
55 49 2
55 50 4
55 52 2
55 54 2
56 0 2
56 2 1
56 6 2
56 7 6
56 16 4
56 20 4
56 22 6
56 28 6
56 29 1
56 30 2
56 31 1
56 32 1
56 40 2
56 41 6
56 47 4
56 48 4
56 49 4
56 50 4
56 52 6
57 0 4
57 2 5
57 4 3
57 5 2
57 7 2
57 8 4
57 9 6
57 10 6
57 12 1
57 13 6
57 15 5
57 16 5
57 17 4
57 18 4
57 19 4
57 20 4
57 21 3
57 22 4
57 25 1
57 27 6
57 28 1
57 30 3
57 31 4
57 33 5
57 35 4
57 37 3
57 38 1
57 39 4
57 41 5
57 42 3
57 43 5
57 44 1
57 47 5
57 52 5
57 53 4
57 54 6
58 2 5
58 6 3
58 7 1
58 10 3
58 11 1
58 13 2
58 15 2
58 18 2
58 19 2
58 20 3
58 21 5
58 22 3
58 24 3
58 26 4
58 27 5
58 28 5
58 31 1
58 32 4
58 35 3
58 36 5
58 37 5
58 38 3
58 39 1
58 40 6
58 41 2
58 42 6
58 43 6
58 44 3
58 45 4
58 46 6
58 48 6
58 50 5
58 52 6
58 53 6
58 56 3
58 57 4
59 3 5
59 4 1
59 5 4
59 10 4
59 11 2
59 13 5
59 14 5
59 15 1
59 17 1
59 20 4
59 21 1
59 22 6
59 23 6
59 24 6
59 25 4
59 28 3
59 29 3
59 30 1
59 31 3
59 32 6
59 34 1
59 36 5
59 37 2
59 38 1
59 41 6
59 42 4
59 50 3
59 51 5
59 53 4
59 54 6
59 57 1
60 0 3
60 3 2
60 8 5
60 9 1
60 11 6
60 14 1
60 15 1
60 16 5
60 18 1
60 19 2
60 20 4
60 24 4
60 25 1
60 26 1
60 28 4
60 29 6
60 30 1
60 31 5
60 32 6
60 33 1
60 34 4
60 35 2
60 38 1
60 41 3
60 42 5
60 45 4
60 49 2
60 54 3
61 0 2
61 1 4
61 6 6
61 8 4
61 12 1
61 13 3
61 19 6
61 20 4
61 21 5
61 24 4
61 26 1
61 28 3
61 30 4
61 31 2
61 32 3
61 33 3
61 34 1
61 35 1
61 37 2
61 42 2
61 43 2
61 45 5
61 47 3
61 48 6
61 52 2
61 54 4
61 60 4
62 0 5
62 2 4
62 3 1
62 4 6
62 5 2
62 8 4
62 9 1
62 12 1
62 14 3
62 18 3
62 19 2
62 21 4
62 23 5
62 27 2
62 29 4
62 33 5
62 35 6
62 36 3
62 41 3
62 42 5
62 46 4
62 49 5
62 50 2
62 51 6
62 52 3
62 54 3
62 56 2
62 60 4
62 61 2
63 2 3
63 4 4
63 5 1
63 9 3
63 10 3
63 12 5
63 14 5
63 15 2
63 16 6
63 17 1
63 18 6
63 19 2
63 21 5
63 22 4
63 23 2
63 25 6
63 27 3
63 28 5
63 30 2
63 31 3
63 38 6
63 41 5
63 43 4
63 45 3
63 46 1
63 49 2
63 50 6
63 54 1
63 56 1
63 58 3
63 59 2
63 62 4
64 0 6
64 1 1
64 2 4
64 3 6
64 5 1
64 6 3
64 7 4
64 8 5
64 10 6
64 11 6
64 12 5
64 14 5
64 15 5
64 16 1
64 17 1
64 18 5
64 19 5
64 20 1
64 21 5
64 22 6
64 25 1
64 26 4
64 27 5
64 28 2
64 29 6
64 30 4
64 32 4
64 35 6
64 36 1
64 38 1
64 43 6
64 45 1
64 47 4
64 48 1
64 49 1
64 51 2
64 52 6
64 53 1
64 56 3
64 57 4
64 59 3
64 61 5
64 62 2
65 2 3
65 3 4
65 4 1
65 6 1
65 9 4
65 10 1
65 11 3
65 12 2
65 13 5
65 19 1
65 23 5
65 24 4
65 27 1
65 29 5
65 30 3
65 32 1
65 33 1
65 34 6
65 35 1
65 36 6
65 37 1
65 40 6
65 41 3
65 42 5
65 46 4
65 47 2
65 49 3
65 52 3
65 53 6
65 54 6
65 55 3
65 56 4
65 57 4
65 61 6
65 62 1
66 1 4
66 3 1
66 5 5
66 9 3
66 10 1
66 11 5
66 14 4
66 15 5
66 20 4
66 21 4
66 23 4
66 26 4
66 28 4
66 29 5
66 30 2
66 32 3
66 34 4
66 36 6
66 37 2
66 43 1
66 44 6
66 46 1
66 49 3
66 52 2
66 56 3
66 57 6
66 62 2
66 63 3
66 64 3
66 65 3
67 0 2
67 1 2
67 2 1
67 3 1
67 4 5
67 5 4
67 6 2
67 10 4
67 11 1
67 13 5
67 18 2
67 22 2
67 26 4
67 27 3
67 29 6
67 33 3
67 35 3
67 37 3
67 39 5
67 41 3
67 42 4
67 44 3
67 45 4
67 49 1
67 52 3
67 53 6
67 55 3
67 56 3
67 57 2
67 58 3
67 60 1
67 61 4
67 64 2
68 9 4
68 13 2
68 14 5
68 15 5
68 18 3
68 21 6
68 29 4
68 31 3
68 32 3
68 33 3
68 34 3
68 36 1
68 37 6
68 38 3
68 41 5
68 44 1
68 46 5
68 48 6
68 50 4
68 51 3
68 52 2
68 56 5
68 57 1
68 58 1
68 59 5
68 60 5
68 61 2
68 63 1
68 64 5
68 65 2
69 1 5
69 4 5
69 6 1
69 10 2
69 11 1
69 12 1
69 14 4
69 15 1
69 16 1
69 22 5
69 25 4
69 26 4
69 27 1
69 30 1
69 31 1
69 32 4
69 33 6
69 35 6
69 41 4
69 42 3
69 45 3
69 46 2
69 51 2
69 52 6
69 53 6
69 55 2
69 57 5
69 59 2
69 61 1
69 63 6
69 64 1
69 65 3
69 66 4
69 68 2
