30
1 0 8
2 0 1
2 1 8
3 0 7
3 1 9
3 2 9
4 0 4
4 1 9
4 2 6
4 3 2
5 0 1
5 1 3
5 2 9
5 3 9
5 4 9
6 0 8
6 1 9
6 2 6
6 3 4
6 4 6
6 5 6
7 0 3
7 1 9
7 2 3
7 3 5
7 4 5
7 5 2
7 6 5
8 0 5
8 1 5
8 2 1
8 3 4
8 4 7
8 5 3
8 6 4
8 7 3
9 0 7
9 1 3
9 2 1
9 3 6
9 4 7
9 5 5
9 6 8
9 7 7
9 8 2
10 0 6
10 1 5
10 2 2
10 3 8
10 4 1
10 5 9
10 6 7
10 7 2
10 8 3
10 9 6
11 0 3
11 1 5
11 2 9
11 3 9
11 4 9
11 5 7
11 6 9
11 7 4
11 8 3
11 9 6
11 10 4
12 0 2
12 1 1
12 2 5
12 3 7
12 4 5
12 5 2
12 6 5
12 7 8
12 8 7
12 9 6
12 10 9
12 11 2
13 0 6
13 1 5
13 2 4
13 3 1
13 4 9
13 5 9
13 6 1
13 7 8
13 8 6
13 9 9
13 10 1
13 11 3
13 12 6
14 0 9
14 1 3
14 2 6
14 3 8
14 4 1
14 5 3
14 6 7
14 7 1
14 8 7
14 9 9
14 10 8
14 11 1
14 12 7
14 13 8
15 0 9
15 1 9
15 2 3
15 3 4
15 4 6
15 5 6
15 6 3
15 7 2
15 8 3
15 9 5
15 10 6
15 11 5
15 12 1
15 13 5
15 14 3
16 0 1
16 1 9
16 2 4
16 3 3
16 4 2
16 5 4
16 6 4
16 7 7
16 8 8
16 9 6
16 10 9
16 11 1
16 12 5
16 13 8
16 14 9
16 15 5
17 0 4
17 1 4
17 2 6
17 3 1
17 4 2
17 5 1
17 6 2
17 7 6
17 8 7
17 9 8
17 10 2
17 11 8
17 12 6
17 13 9
17 14 1
17 15 3
17 16 5
18 0 9
18 1 8
18 2 8
18 3 5
18 4 2
18 5 6
18 6 9
18 7 3
18 8 6
18 9 8
18 10 1
18 11 7
18 12 3
18 13 8
18 14 7
18 15 2
18 16 8
18 17 9
19 0 5
19 1 1
19 2 2
19 3 9
19 4 4
19 5 6
19 6 4
19 7 3
19 8 7
19 9 7
19 10 6
19 11 2
19 12 3
19 13 7
19 14 1
19 15 2
19 16 5
19 17 3
19 18 6
20 0 8
20 1 4
20 2 2
20 3 3
20 4 5
20 5 8
20 6 2
20 7 9
20 8 5
20 9 7
20 10 4
20 11 6
20 12 9
20 13 6
20 14 2
20 15 5
20 16 7
20 17 8
20 18 3
20 19 5
21 0 4
21 1 9
21 2 6
21 3 3
21 4 9
21 5 7
21 6 8
21 7 4
21 8 1
21 9 7
21 10 2
21 11 5
21 12 6
21 13 5
21 14 6
21 15 2
21 16 9
21 17 9
21 18 9
21 19 1
21 20 4
22 0 5
22 1 2
22 2 1
22 3 9
22 4 9
22 5 2
22 6 8
22 7 1
22 8 8
22 9 9
22 10 9
22 11 7
22 12 1
22 13 2
22 14 3
22 15 2
22 16 2
22 17 4
22 18 9
22 19 4
22 20 1
22 21 2
23 0 3
23 1 5
23 2 2
23 3 5
23 4 4
23 5 6
23 6 4
23 7 1
23 8 8
23 9 4
23 10 8
23 11 7
23 12 1
23 13 4
23 14 5
23 15 2
23 16 1
23 17 7
23 18 4
23 19 3
23 20 9
23 21 1
23 22 7
24 0 5
24 1 2
24 2 5
24 3 9
24 4 3
24 5 8
24 6 3
24 7 3
24 8 5
24 9 9
24 10 5
24 11 1
24 12 2
24 13 2
24 14 8
24 15 4
24 16 8
24 17 6
24 18 7
24 19 2
24 20 9
24 21 1
24 22 1
24 23 6
25 0 6
25 1 6
25 2 1
25 3 8
25 4 6
25 5 8
25 6 2
25 7 5
25 8 7
25 9 1
25 10 6
25 11 6
25 12 6
25 13 5
25 14 9
25 15 9
25 16 2
25 17 4
25 18 9
25 19 2
25 20 8
25 21 1
25 22 6
25 23 2
25 24 5
26 0 4
26 1 6
26 2 6
26 3 4
26 4 2
26 5 6
26 6 7
26 7 1
26 8 1
26 9 3
26 10 9
26 11 8
26 12 7
26 13 2
26 14 8
26 15 9
26 16 9
26 17 6
26 18 8
26 19 1
26 20 5
26 21 8
26 22 9
26 23 7
26 24 8
26 25 2
27 0 9
27 1 6
27 2 4
27 3 3
27 4 3
27 5 3
27 6 6
27 7 6
27 8 6
27 9 6
27 10 7
27 11 1
27 12 7
27 13 3
27 14 4
27 15 8
27 16 1
27 17 2
27 18 7
27 19 7
27 20 8
27 21 2
27 22 1
27 23 3
27 24 9
27 25 7
27 26 7
28 0 1
28 1 7
28 2 3
28 3 7
28 4 6
28 5 9
28 6 4
28 7 8
28 8 7
28 9 8
28 10 1
28 11 7
28 12 2
28 13 1
28 14 2
28 15 5
28 16 8
28 17 2
28 18 3
28 19 5
28 20 1
28 21 1
28 22 9
28 23 9
28 24 7
28 25 4
28 26 1
28 27 4
29 0 9
29 1 7
29 2 4
29 3 7
29 4 7
29 5 7
29 6 6
29 7 3
29 8 8
29 9 3
29 10 9
29 11 5
29 12 1
29 13 2
29 14 7
29 15 5
29 16 8
29 17 9
29 18 7
29 19 4
29 20 6
29 21 7
29 22 7
29 23 5
29 24 6
29 25 1
29 26 9
29 27 2
29 28 5
