40
1 0 2
2 0 1
2 1 2
3 0 5
3 1 1
3 2 2
4 0 6
4 1 8
4 2 3
4 3 8
5 0 1
5 1 3
5 2 4
5 3 2
5 4 7
6 0 7
6 1 5
6 2 5
6 3 6
6 4 5
6 5 4
7 0 3
7 1 7
7 2 1
7 3 1
7 4 3
7 5 4
7 6 1
8 0 8
8 1 6
8 2 1
8 3 4
8 4 1
8 5 1
8 6 5
8 7 1
9 0 1
9 1 4
9 2 8
9 3 6
9 4 4
9 5 3
9 6 8
9 7 8
9 8 5
10 0 8
10 1 5
10 2 2
10 3 4
10 4 3
10 5 1
10 6 5
10 7 5
10 8 8
10 9 1
11 0 2
11 1 8
11 2 3
11 3 5
11 4 1
11 5 3
11 6 5
11 7 1
11 8 6
11 9 2
11 10 3
12 0 2
12 1 7
12 2 1
12 3 5
12 4 3
12 5 4
12 6 4
12 7 5
12 8 5
12 9 3
12 10 7
12 11 4
13 0 2
13 1 1
13 2 4
13 3 5
13 4 2
13 5 3
13 6 6
13 7 3
13 8 6
13 9 2
13 10 1
13 11 7
13 12 4
14 0 4
14 1 1
14 2 4
14 3 7
14 4 7
14 5 3
14 6 5
14 7 2
14 8 7
14 9 3
14 10 3
14 11 7
14 12 8
14 13 3
15 0 5
15 1 6
15 2 5
15 3 4
15 4 7
15 5 4
15 6 7
15 7 4
15 8 3
15 9 4
15 10 4
15 11 2
15 12 8
15 13 2
15 14 8
16 0 7
16 1 8
16 2 8
16 3 8
16 4 7
16 5 5
16 6 7
16 7 6
16 8 8
16 9 3
16 10 2
16 11 5
16 12 8
16 13 6
16 14 6
16 15 5
17 0 7
17 1 6
17 2 2
17 3 7
17 4 6
17 5 2
17 6 1
17 7 1
17 8 3
17 9 6
17 10 2
17 11 3
17 12 6
17 13 1
17 14 7
17 15 4
17 16 4
18 0 6
18 1 7
18 2 4
18 3 5
18 4 2
18 5 2
18 6 5
18 7 2
18 8 6
18 9 6
18 10 3
18 11 7
18 12 1
18 13 6
18 14 1
18 15 1
18 16 7
18 17 8
19 0 2
19 1 3
19 2 1
19 3 8
19 4 3
19 5 2
19 6 1
19 7 4
19 8 7
19 9 4
19 10 1
19 11 7
19 12 2
19 13 7
19 14 8
19 15 6
19 16 2
19 17 4
19 18 2
20 0 3
20 1 3
20 2 5
20 3 5
20 4 5
20 5 7
20 6 4
20 7 4
20 8 3
20 9 1
20 10 7
20 11 4
20 12 1
20 13 3
20 14 7
20 15 1
20 16 2
20 17 5
20 18 5
20 19 2
21 0 5
21 1 8
21 2 7
21 3 3
21 4 8
21 5 6
21 6 1
21 7 7
21 8 5
21 9 6
21 10 1
21 11 4
21 12 4
21 13 7
21 14 3
21 15 6
21 16 4
21 17 2
21 18 2
21 19 5
21 20 5
22 0 7
22 1 6
22 2 5
22 3 1
22 4 3
22 5 4
22 6 6
22 7 7
22 8 7
22 9 2
22 10 3
22 11 2
22 12 5
22 13 7
22 14 8
22 15 2
22 16 3
22 17 2
22 18 1
22 19 2
22 20 1
22 21 5
23 0 1
23 1 4
23 2 6
23 3 5
23 4 3
23 5 2
23 6 2
23 7 7
23 8 2
23 9 3
23 10 7
23 11 2
23 12 5
23 13 2
23 14 1
23 15 3
23 16 8
23 17 8
23 18 2
23 19 7
23 20 6
23 21 6
23 22 8
24 0 5
24 1 8
24 2 3
24 3 5
24 4 8
24 5 5
24 6 2
24 7 2
24 8 3
24 9 4
24 10 4
24 11 1
24 12 3
24 13 6
24 14 7
24 15 3
24 16 3
24 17 8
24 18 8
24 19 5
24 20 2
24 21 3
24 22 2
24 23 8
25 0 7
25 1 5
25 2 7
25 3 7
25 4 7
25 5 8
25 6 5
25 7 4
25 8 6
25 9 5
25 10 4
25 11 1
25 12 8
25 13 8
25 14 3
25 15 1
25 16 8
25 17 1
25 18 3
25 19 6
25 20 6
25 21 6
25 22 8
25 23 2
25 24 6
26 0 1
26 1 4
26 2 8
26 3 7
26 4 5
26 5 8
26 6 5
26 7 4
26 8 5
26 9 5
26 10 4
26 11 5
26 12 2
26 13 5
26 14 2
26 15 2
26 16 3
26 17 8
26 18 8
26 19 1
26 20 6
26 21 4
26 22 3
26 23 7
26 24 5
26 25 5
27 0 6
27 1 2
27 2 4
27 3 8
27 4 2
27 5 1
27 6 5
27 7 3
27 8 3
27 9 5
27 10 1
27 11 8
27 12 5
27 13 3
27 14 1
27 15 5
27 16 8
27 17 5
27 18 4
27 19 2
27 20 6
27 21 3
27 22 1
27 23 8
27 24 6
27 25 4
27 26 4
28 0 7
28 1 1
28 2 8
28 3 6
28 4 7
28 5 6
28 6 7
28 7 3
28 8 6
28 9 2
28 10 3
28 11 4
28 12 2
28 13 5
28 14 4
28 15 2
28 16 4
28 17 1
28 18 7
28 19 2
28 20 2
28 21 4
28 22 5
28 23 3
28 24 1
28 25 4
28 26 4
28 27 5
29 0 7
29 1 8
29 2 7
29 3 6
29 4 3
29 5 5
29 6 3
29 7 7
29 8 6
29 9 2
29 10 1
29 11 3
29 12 2
29 13 4
29 14 5
29 15 3
29 16 4
29 17 6
29 18 6
29 19 8
29 20 5
29 21 2
29 22 4
29 23 1
29 24 4
29 25 2
29 26 7
29 27 5
29 28 1
30 0 8
30 1 6
30 2 7
30 3 4
30 4 7
30 5 1
30 6 4
30 7 4
30 8 8
30 9 1
30 10 4
30 11 3
30 12 5
30 13 3
30 14 5
30 15 3
30 16 6
30 17 7
30 18 5
30 19 8
30 20 3
30 21 7
30 22 4
30 23 2
30 24 1
30 25 1
30 26 8
30 27 8
30 28 3
30 29 2
31 0 1
31 1 4
31 2 8
31 3 3
31 4 5
31 5 1
31 6 6
31 7 4
31 8 7
31 9 2
31 10 5
31 11 2
31 12 3
31 13 6
31 14 1
31 15 6
31 16 5
31 17 5
31 18 3
31 19 7
31 20 6
31 21 4
31 22 2
31 23 1
31 24 6
31 25 5
31 26 4
31 27 2
31 28 3
31 29 7
31 30 1
32 0 2
32 1 8
32 2 2
32 3 8
32 4 5
32 5 7
32 6 5
32 7 7
32 8 5
32 9 8
32 10 2
32 11 1
32 12 4
32 13 6
32 14 8
32 15 5
32 16 5
32 17 8
32 18 3
32 19 5
32 20 4
32 21 1
32 22 6
32 23 5
32 24 3
32 25 7
32 26 3
32 27 7
32 28 8
32 29 3
32 30 3
32 31 8
33 0 3
33 1 8
33 2 7
33 3 5
33 4 4
33 5 2
33 6 5
33 7 1
33 8 5
33 9 4
33 10 6
33 11 6
33 12 1
33 13 8
33 14 5
33 15 1
33 16 5
33 17 8
33 18 1
33 19 1
33 20 7
33 21 5
33 22 6
33 23 8
33 24 4
33 25 3
33 26 3
33 27 8
33 28 5
33 29 3
33 30 7
33 31 1
33 32 8
34 0 3
34 1 1
34 2 5
34 3 8
34 4 7
34 5 8
34 6 7
34 7 4
34 8 8
34 9 5
34 10 8
34 11 6
34 12 5
34 13 1
34 14 1
34 15 5
34 16 7
34 17 5
34 18 1
34 19 3
34 20 7
34 21 3
34 22 4
34 23 4
34 24 1
34 25 2
34 26 7
34 27 7
34 28 6
34 29 5
34 30 8
34 31 2
34 32 8
34 33 1
35 0 6
35 1 2
35 2 1
35 3 4
35 4 8
35 5 7
35 6 1
35 7 7
35 8 7
35 9 1
35 10 6
35 11 2
35 12 6
35 13 8
35 14 3
35 15 6
35 16 5
35 17 8
35 18 5
35 19 5
35 20 6
35 21 2
35 22 8
35 23 5
35 24 5
35 25 1
35 26 6
35 27 4
35 28 3
35 29 7
35 30 1
35 31 7
35 32 5
35 33 8
35 34 2
36 0 1
36 1 1
36 2 6
36 3 6
36 4 4
36 5 4
36 6 8
36 7 4
36 8 4
36 9 3
36 10 1
36 11 3
36 12 2
36 13 8
36 14 2
36 15 6
36 16 2
36 17 6
36 18 4
36 19 2
36 20 4
36 21 2
36 22 7
36 23 7
36 24 6
36 25 1
36 26 7
36 27 4
36 28 3
36 29 8
36 30 1
36 31 3
36 32 4
36 33 2
36 34 1
36 35 2
37 0 6
37 1 6
37 2 1
37 3 1
37 4 8
37 5 7
37 6 8
37 7 7
37 8 2
37 9 2
37 10 3
37 11 6
37 12 6
37 13 8
37 14 7
37 15 3
37 16 5
37 17 1
37 18 8
37 19 4
37 20 5
37 21 8
37 22 2
37 23 7
37 24 3
37 25 3
37 26 2
37 27 5
37 28 6
37 29 8
37 30 2
37 31 3
37 32 3
37 33 3
37 34 4
37 35 4
37 36 4
38 0 5
38 1 5
38 2 2
38 3 1
38 4 1
38 5 1
38 6 6
38 7 6
38 8 5
38 9 4
38 10 7
38 11 4
38 12 6
38 13 4
38 14 5
38 15 5
38 16 3
38 17 4
38 18 4
38 19 8
38 20 4
38 21 8
38 22 2
38 23 6
38 24 4
38 25 1
38 26 6
38 27 7
38 28 8
38 29 7
38 30 2
38 31 1
38 32 1
38 33 2
38 34 4
38 35 4
38 36 3
38 37 5
39 0 4
39 1 2
39 2 7
39 3 4
39 4 4
39 5 2
39 6 2
39 7 3
39 8 6
39 9 7
39 10 5
39 11 6
39 12 1
39 13 3
39 14 7
39 15 6
39 16 6
39 17 2
39 18 3
39 19 2
39 20 4
39 21 1
39 22 1
39 23 4
39 24 3
39 25 8
39 26 5
39 27 5
39 28 1
39 29 1
39 30 8
39 31 7
39 32 6
39 33 5
39 34 4
39 35 5
39 36 4
39 37 5
39 38 2
