60
1 0 9
2 0 7
2 1 6
3 1 9
3 2 5
4 0 5
4 3 10
5 1 10
5 3 5
6 1 2
6 3 5
6 4 9
7 1 10
7 2 1
7 5 6
8 0 9
8 1 11
8 3 2
8 6 8
9 1 4
9 4 5
9 5 3
9 7 8
10 2 1
10 4 6
10 7 4
10 8 5
10 9 9
11 0 9
11 1 5
11 3 10
11 4 9
11 5 9
11 7 2
12 2 9
12 3 6
12 7 8
12 8 4
12 9 2
12 11 10
13 6 5
13 7 7
13 8 5
13 9 11
13 10 9
13 12 8
14 0 8
14 1 11
14 2 2
14 4 6
14 5 6
14 6 2
14 7 11
14 8 8
14 9 2
14 13 4
15 0 10
15 1 4
15 2 1
15 4 3
15 6 7
15 8 6
15 9 7
15 10 4
15 13 8
15 14 10
16 3 2
16 4 5
16 5 6
16 6 7
16 8 1
16 10 11
16 12 11
16 13 8
16 15 2
17 2 9
17 4 1
17 5 5
17 6 4
17 8 1
17 9 3
17 12 10
17 13 1
17 15 4
18 3 7
18 8 6
18 9 11
18 11 4
18 15 4
18 17 11
19 0 5
19 2 8
19 7 3
19 8 1
19 9 1
19 10 8
19 11 6
19 14 7
19 15 4
19 16 9
19 18 3
20 1 1
20 3 6
20 4 11
20 5 8
20 6 6
20 7 11
20 12 1
20 13 8
20 16 10
20 17 11
20 18 9
20 19 4
21 3 7
21 5 10
21 8 1
21 11 5
21 12 7
21 13 3
21 15 11
21 16 1
21 17 3
21 19 9
22 2 5
22 5 3
22 8 9
22 9 9
22 12 1
22 13 11
22 14 5
22 17 11
22 19 4
22 20 2
23 1 5
23 4 11
23 6 10
23 7 10
23 8 6
23 9 3
23 12 6
23 15 8
23 16 8
23 18 11
23 19 1
23 20 3
23 22 4
24 1 2
24 3 6
24 12 11
24 13 5
24 14 5
24 16 9
24 19 7
24 22 10
24 23 4
25 0 2
25 4 7
25 5 4
25 6 2
25 9 5
25 11 3
25 12 6
25 13 10
25 17 11
25 19 6
25 20 10
25 21 7
25 22 7
25 24 7
26 5 8
26 6 2
26 7 7
26 8 1
26 11 9
26 12 9
26 13 10
26 14 10
26 16 7
26 17 9
26 18 2
26 19 5
26 22 1
26 24 9
26 25 6
27 0 9
27 4 4
27 8 6
27 9 4
27 10 9
27 12 3
27 14 10
27 17 4
27 19 6
27 22 8
27 24 8
27 25 4
27 26 11
28 0 3
28 3 9
28 4 4
28 6 5
28 7 2
28 9 3
28 10 4
28 11 1
28 13 4
28 19 11
28 20 1
28 22 6
28 23 9
28 24 9
29 1 11
29 2 8
29 3 1
29 9 2
29 11 9
29 12 10
29 13 2
29 18 6
29 27 11
30 0 4
30 7 1
30 8 10
30 12 3
30 13 7
30 14 7
30 15 4
30 17 11
30 20 1
30 21 5
30 24 3
30 25 3
30 26 1
30 28 1
31 2 11
31 5 9
31 6 1
31 7 9
31 14 6
31 15 6
31 17 6
31 21 6
31 22 2
31 24 7
31 25 3
31 26 10
31 28 3
31 29 10
32 0 3
32 3 2
32 4 3
32 5 10
32 6 5
32 7 5
32 9 3
32 12 1
32 15 3
32 18 1
32 20 1
32 21 9
32 22 11
32 24 4
32 26 10
32 27 1
33 0 3
33 2 10
33 3 3
33 4 11
33 7 3
33 8 6
33 9 1
33 11 11
33 15 4
33 20 4
33 21 2
33 22 4
33 23 10
33 24 11
33 25 4
33 29 3
33 32 2
34 4 9
34 5 2
34 9 11
34 11 2
34 12 1
34 14 3
34 15 6
34 17 6
34 19 6
34 21 3
34 24 9
34 33 11
35 4 2
35 7 3
35 8 6
35 9 6
35 11 10
35 12 2
35 13 5
35 15 1
35 17 2
35 18 3
35 19 8
35 22 5
35 23 6
35 31 4
35 32 10
35 34 7
36 1 6
36 3 11
36 8 9
36 9 11
36 10 1
36 11 11
36 12 10
36 13 5
36 14 10
36 18 10
36 19 3
36 21 1
36 22 9
36 23 11
36 24 11
36 29 10
36 30 10
36 31 3
36 33 5
36 34 8
36 35 3
37 0 4
37 1 2
37 14 10
37 17 6
37 19 1
37 20 6
37 22 1
37 23 5
37 24 1
37 25 4
37 27 7
37 33 3
37 34 9
37 36 3
38 1 11
38 2 8
38 3 6
38 4 8
38 5 5
38 6 6
38 8 9
38 9 1
38 10 2
38 11 2
38 14 6
38 16 1
38 19 7
38 20 6
38 21 8
38 27 8
38 29 8
38 30 9
38 33 6
38 34 2
39 0 7
39 2 7
39 3 8
39 4 3
39 5 7
39 7 4
39 8 5
39 11 3
39 12 5
39 14 3
39 15 2
39 16 9
39 24 1
39 26 10
39 27 3
39 30 7
39 31 10
39 32 3
39 33 3
39 34 4
39 35 8
39 36 8
39 37 3
39 38 6
40 1 5
40 2 6
40 3 1
40 6 6
40 10 4
40 13 7
40 15 5
40 19 5
40 23 8
40 24 3
40 31 3
40 33 10
40 34 2
40 35 3
40 36 6
40 37 11
41 2 1
41 3 4
41 4 2
41 5 10
41 6 1
41 7 10
41 10 11
41 12 10
41 13 6
41 15 5
41 17 7
41 18 8
41 19 10
41 20 5
41 21 2
41 28 9
41 29 2
41 30 8
41 31 9
41 33 2
41 34 3
41 38 3
42 0 9
42 1 3
42 3 6
42 4 7
42 6 11
42 7 2
42 8 8
42 10 9
42 12 9
42 13 3
42 18 2
42 19 1
42 20 5
42 21 2
42 23 1
42 27 9
42 28 8
42 29 1
42 30 8
42 31 11
42 32 2
42 37 2
43 0 6
43 2 3
43 3 5
43 4 6
43 5 10
43 8 4
43 9 1
43 10 2
43 11 4
43 12 6
43 16 1
43 17 11
43 18 2
43 20 2
43 21 3
43 24 8
43 26 11
43 29 5
43 32 7
43 34 9
43 35 11
43 37 6
43 38 7
43 40 9
43 41 11
44 1 2
44 2 9
44 4 1
44 8 4
44 11 6
44 12 4
44 13 7
44 14 5
44 16 7
44 18 10
44 21 2
44 24 9
44 29 4
44 30 1
44 32 4
44 33 4
44 35 9
44 39 3
44 43 9
45 2 6
45 6 4
45 7 5
45 8 11
45 9 1
45 10 1
45 15 10
45 16 7
45 19 10
45 23 8
45 24 7
45 27 10
45 29 1
45 30 8
45 31 7
45 32 2
45 34 6
45 35 1
45 37 7
45 39 8
45 43 3
46 0 1
46 2 1
46 3 8
46 5 7
46 7 1
46 10 10
46 11 2
46 13 9
46 15 9
46 16 8
46 18 1
46 19 2
46 21 6
46 22 3
46 23 10
46 25 3
46 26 7
46 27 3
46 29 9
46 30 10
46 32 1
46 35 10
46 36 4
46 38 1
46 40 5
46 42 5
46 43 3
46 44 9
47 0 5
47 5 11
47 13 1
47 14 10
47 15 3
47 19 4
47 22 6
47 27 2
47 28 1
47 29 10
47 30 8
47 31 11
47 33 6
47 36 2
47 37 5
47 38 8
47 39 6
47 40 5
47 42 9
48 2 6
48 7 10
48 8 10
48 9 10
48 10 8
48 12 5
48 13 6
48 14 10
48 15 2
48 16 10
48 17 6
48 19 2
48 23 2
48 24 7
48 28 8
48 30 1
48 33 7
48 35 7
48 36 6
48 40 2
48 44 10
49 2 6
49 3 1
49 4 9
49 5 11
49 6 3
49 9 4
49 10 7
49 12 5
49 14 5
49 16 4
49 17 5
49 18 7
49 19 8
49 24 8
49 26 4
49 29 3
49 31 8
49 32 4
49 34 8
49 37 7
49 38 3
49 41 6
49 43 2
49 47 5
50 3 2
50 5 7
50 6 6
50 8 4
50 9 5
50 12 11
50 14 6
50 15 3
50 18 2
50 20 6
50 22 4
50 24 2
50 25 1
50 28 10
50 30 4
50 31 6
50 34 6
50 35 7
50 38 8
50 40 8
50 41 6
50 42 9
50 43 4
50 44 3
50 45 9
50 48 9
50 49 4
51 0 2
51 1 1
51 4 11
51 5 6
51 6 2
51 8 2
51 9 9
51 12 7
51 14 7
51 17 5
51 21 11
51 22 2
51 24 4
51 28 5
51 29 8
51 30 8
51 32 8
51 33 2
51 34 7
51 35 4
51 39 10
51 41 11
51 42 6
51 43 11
51 48 8
52 1 1
52 3 6
52 4 9
52 7 8
52 8 9
52 9 2
52 10 1
52 11 7
52 15 4
52 16 6
52 17 5
52 19 8
52 22 7
52 25 9
52 26 3
52 27 4
52 29 8
52 30 4
52 37 1
52 41 10
52 44 5
52 45 9
52 50 3
53 3 1
53 10 10
53 13 11
53 14 1
53 16 3
53 20 3
53 21 5
53 23 8
53 25 6
53 27 9
53 28 11
53 29 9
53 30 8
53 32 11
53 33 2
53 38 11
53 40 2
53 41 6
53 43 5
53 46 1
53 47 8
53 52 9
54 1 8
54 2 9
54 5 7
54 7 9
54 10 1
54 11 4
54 12 6
54 16 10
54 18 1
54 20 9
54 21 2
54 24 9
54 26 7
54 28 6
54 30 3
54 32 9
54 33 2
54 35 7
54 38 3
54 41 7
54 43 5
54 44 6
54 45 1
54 46 10
54 47 5
54 50 4
54 53 11
55 0 4
55 1 8
55 4 3
55 6 6
55 10 5
55 12 1
55 14 6
55 15 1
55 16 6
55 17 10
55 20 5
55 21 1
55 24 2
55 25 10
55 26 2
55 28 2
55 29 3
55 34 11
55 37 6
55 38 11
55 41 11
55 45 10
55 47 2
55 51 1
55 52 5
55 53 4
56 1 5
56 2 3
56 6 2
56 7 4
56 8 1
56 9 5
56 10 4
56 13 4
56 14 10
56 15 6
56 17 8
56 18 11
56 21 3
56 22 4
56 23 5
56 24 10
56 25 2
56 27 2
56 29 11
56 35 7
56 38 4
56 41 2
56 42 6
56 43 7
56 45 9
56 47 9
56 48 1
56 50 10
56 51 4
56 54 4
56 55 7
57 0 8
57 2 6
57 4 1
57 8 1
57 11 7
57 12 11
57 13 1
57 15 3
57 17 2
57 19 3
57 21 4
57 22 6
57 28 6
57 29 4
57 30 7
57 32 3
57 33 9
57 36 8
57 37 4
57 38 5
57 40 4
57 41 6
57 43 7
57 44 7
57 45 2
57 46 8
57 47 11
57 48 7
57 49 6
57 52 2
57 54 2
57 55 1
57 56 5
58 0 1
58 1 1
58 2 5
58 7 3
58 10 3
58 13 5
58 17 11
58 18 2
58 19 11
58 21 5
58 22 2
58 24 8
58 26 1
58 28 8
58 30 2
58 32 2
58 33 8
58 34 1
58 36 1
58 37 8
58 38 9
58 42 1
58 43 3
58 44 6
58 45 1
58 47 5
58 48 3
58 49 10
58 51 5
58 52 4
58 53 4
58 54 8
58 56 5
58 57 5
59 0 1
59 6 7
59 10 10
59 11 10
59 12 7
59 13 1
59 14 2
59 15 8
59 19 2
59 21 4
59 22 5
59 23 11
59 24 1
59 27 8
59 28 11
59 29 8
59 31 10
59 32 4
59 33 2
59 34 8
59 37 9
59 38 5
59 40 8
59 41 4
59 44 1
59 45 4
59 46 5
59 47 2
59 48 8
59 49 8
59 50 3
59 52 7
59 54 2
59 55 7
