30
2 0 5
2 1 1
3 0 2
3 1 5
4 0 5
4 1 4
5 2 6
5 3 1
5 4 6
6 0 2
6 1 6
6 2 3
6 5 2
7 0 5
7 1 4
7 2 6
7 4 5
7 6 3
8 1 1
8 3 6
8 5 5
8 6 6
9 5 4
10 1 3
10 3 1
10 4 4
10 8 2
10 9 1
11 5 5
11 6 1
11 7 5
11 9 5
11 10 2
12 0 6
12 2 4
12 4 6
12 5 3
12 6 2
12 8 6
12 9 4
12 10 5
12 11 2
13 1 4
13 4 1
13 5 4
13 6 5
13 8 4
13 10 3
13 11 3
14 3 6
14 5 5
14 7 6
14 13 1
15 1 3
15 2 4
15 4 2
15 5 4
15 6 4
15 9 5
15 13 6
15 14 5
16 0 2
16 1 2
16 2 6
16 4 1
16 9 2
16 14 6
17 0 2
17 4 2
17 5 5
17 9 5
17 10 6
17 14 6
17 15 3
18 0 4
18 4 1
18 6 1
18 8 6
18 9 5
18 10 2
18 15 3
18 16 2
19 0 3
19 4 1
19 8 1
19 11 5
19 12 5
19 14 2
19 15 1
19 16 3
19 17 1
19 18 4
20 0 1
20 5 6
20 7 2
20 8 4
20 10 4
20 15 4
21 1 6
21 2 2
21 3 4
21 7 3
21 8 6
21 10 6
21 11 1
21 12 5
21 16 3
21 18 4
22 0 5
22 1 3
22 3 6
22 4 2
22 5 3
22 9 3
22 12 4
22 15 2
22 17 6
22 18 4
22 19 2
22 21 6
23 0 1
23 1 1
23 4 1
23 5 1
23 8 2
23 15 6
23 17 5
23 19 6
23 20 6
23 21 6
23 22 2
24 1 1
24 3 5
24 4 3
24 6 3
24 7 6
24 8 4
24 11 6
24 13 3
24 17 1
24 18 4
24 21 2
24 23 4
25 1 2
25 2 1
25 4 2
25 5 3
25 8 1
25 10 3
25 11 1
25 12 1
25 13 5
25 17 3
25 22 1
25 23 2
25 24 6
26 0 3
26 2 4
26 3 2
26 4 6
26 5 3
26 10 3
26 12 4
26 14 1
26 15 6
26 16 2
26 17 1
26 18 2
26 20 6
26 21 6
26 23 3
26 24 3
26 25 6
27 14 1
27 17 4
27 18 6
27 21 4
27 24 4
28 0 2
28 1 2
28 2 3
28 5 5
28 7 3
28 9 5
28 10 1
28 11 4
28 13 2
28 14 4
28 15 4
28 17 5
28 19 1
28 20 4
28 21 2
28 22 4
28 24 5
28 25 6
29 0 6
29 3 3
29 4 3
29 5 4
29 6 2
29 10 5
29 11 1
29 12 2
29 13 1
29 14 2
29 15 5
29 16 4
29 18 1
29 20 3
29 21 3
29 22 5
29 23 4
29 26 3
29 27 1
