40
2 0 10
3 0 2
3 1 6
3 2 9
4 2 2
4 3 7
5 1 6
5 3 5
6 4 7
6 5 9
7 0 5
7 1 9
7 2 7
7 4 9
7 5 8
7 6 6
8 0 9
8 4 10
8 6 6
8 7 1
9 1 10
9 3 7
9 7 2
9 8 10
10 2 2
10 4 10
11 0 9
11 2 9
11 6 8
11 8 1
12 3 10
12 5 4
12 9 4
12 11 4
13 2 7
13 3 1
13 4 4
13 5 3
13 10 5
13 12 10
14 2 6
14 5 6
14 7 9
14 9 10
14 10 4
14 12 9
14 13 2
15 0 2
15 2 1
15 4 2
15 5 8
15 8 4
16 2 9
16 3 2
16 4 2
16 7 8
16 8 6
16 11 10
16 13 4
16 15 1
17 4 5
17 5 1
17 6 3
17 7 5
17 8 7
17 9 4
17 10 6
17 11 6
17 12 2
17 13 5
17 16 2
18 3 8
18 7 8
18 9 6
18 12 9
18 14 5
18 15 3
19 4 2
19 8 1
19 12 1
19 13 10
19 14 2
19 16 2
19 17 9
20 0 8
20 2 2
20 5 10
20 6 10
20 8 3
20 9 9
20 10 7
20 11 7
20 12 5
20 13 10
20 15 6
20 17 3
21 0 9
21 2 3
21 4 10
21 5 4
21 6 8
21 8 10
21 9 10
21 12 7
21 15 7
21 18 10
21 19 6
21 20 8
22 5 3
22 6 7
22 12 8
22 13 1
22 14 8
22 15 8
22 16 8
22 17 4
22 18 7
22 19 1
22 21 3
23 1 8
23 5 3
23 6 7
23 7 8
23 9 8
23 18 7
23 19 3
23 20 6
23 21 7
24 3 3
24 5 8
24 6 2
24 7 10
24 9 5
24 10 2
24 12 5
24 13 1
24 16 7
24 17 7
24 19 7
24 22 2
25 3 2
25 4 7
25 5 9
25 6 9
25 8 5
25 10 10
25 13 8
25 15 1
25 17 9
25 18 3
25 20 6
25 21 5
25 23 10
26 0 1
26 1 4
26 2 10
26 5 1
26 6 2
26 7 7
26 10 7
26 12 10
26 14 1
26 19 9
26 22 6
26 25 3
27 1 1
27 3 9
27 4 4
27 5 6
27 7 4
27 8 9
27 9 6
27 11 6
27 13 5
27 15 10
27 17 7
27 18 4
27 22 6
27 23 3
27 26 8
28 0 3
28 1 4
28 4 4
28 6 5
28 7 1
28 8 4
28 10 1
28 11 2
28 12 2
28 14 6
28 18 6
28 22 4
28 23 10
28 27 4
29 6 1
29 7 4
29 8 1
29 15 5
29 17 7
29 18 10
29 20 5
29 21 2
29 22 6
29 25 6
29 27 10
29 28 8
30 0 4
30 1 8
30 3 2
30 7 2
30 11 2
30 13 8
30 14 1
30 16 10
30 17 2
30 22 5
30 27 2
31 0 5
31 6 8
31 7 1
31 8 10
31 9 3
31 11 3
31 12 2
31 13 8
31 16 10
31 19 2
31 21 7
31 25 4
31 30 10
32 0 9
32 1 4
32 2 2
32 6 3
32 7 10
32 8 5
32 10 10
32 11 9
32 12 7
32 13 9
32 14 9
32 15 9
32 18 4
32 21 4
32 22 10
32 23 8
32 25 9
32 26 3
32 27 2
32 30 8
32 31 2
33 0 3
33 2 9
33 3 2
33 5 5
33 6 4
33 8 7
33 9 3
33 11 3
33 12 9
33 13 3
33 15 5
33 17 9
33 18 7
33 29 5
33 30 5
34 0 6
34 5 1
34 9 10
34 12 2
34 13 1
34 14 3
34 16 7
34 17 2
34 18 9
34 22 8
34 24 10
34 26 9
34 27 4
34 28 10
34 29 8
34 30 2
35 0 3
35 1 8
35 8 7
35 14 2
35 19 9
35 20 10
35 21 6
35 23 9
35 24 2
35 25 10
35 26 6
35 34 10
36 3 10
36 4 10
36 5 6
36 7 8
36 9 1
36 10 9
36 12 8
36 15 9
36 16 10
36 17 1
36 18 4
36 19 7
36 20 8
36 26 7
36 27 5
36 28 4
36 29 8
36 30 3
36 31 7
36 33 3
37 0 5
37 1 5
37 2 2
37 3 3
37 5 7
37 7 3
37 8 5
37 10 9
37 12 1
37 13 8
37 14 9
37 17 7
37 18 9
37 20 5
37 21 10
37 22 1
37 24 10
37 28 6
37 30 5
37 33 5
38 0 10
38 2 7
38 3 9
38 4 6
38 6 3
38 9 6
38 10 8
38 11 4
38 13 8
38 18 3
38 20 9
38 22 2
38 23 4
38 25 10
38 26 4
38 28 5
38 29 8
38 30 6
38 33 4
38 34 10
38 35 2
38 37 8
39 0 2
39 1 2
39 2 10
39 3 3
39 4 2
39 5 4
39 6 4
39 7 9
39 8 6
39 12 6
39 14 9
39 15 7
39 16 6
39 17 10
39 18 4
39 19 2
39 20 9
39 21 8
39 22 3
39 24 2
39 26 5
39 27 4
39 29 6
39 30 8
39 32 5
39 37 5
