20
1 0 7
2 0 6
2 1 1
3 0 5
3 1 2
3 2 6
4 0 10
4 1 8
4 2 5
4 3 6
5 0 9
5 1 4
5 2 7
5 3 2
5 4 7
6 0 5
6 1 8
6 2 5
6 3 8
6 4 7
6 5 10
7 0 1
7 1 2
7 2 7
7 3 4
7 4 6
7 5 8
7 6 3
8 0 4
8 1 4
8 2 4
8 3 8
8 4 5
8 5 3
8 6 5
8 7 6
9 0 2
9 1 10
9 2 1
9 3 1
9 4 1
9 5 4
9 6 6
9 7 3
9 8 2
10 0 3
10 1 8
10 2 2
10 3 3
10 4 2
10 5 3
10 6 10
10 7 4
10 8 7
10 9 9
11 0 9
11 1 1
11 2 3
11 3 3
11 4 9
11 5 8
11 6 2
11 7 3
11 8 1
11 9 1
11 10 6
12 0 3
12 1 1
12 2 8
12 3 3
12 4 5
12 5 5
12 6 6
12 7 9
12 8 2
12 9 8
12 10 4
12 11 8
13 0 1
13 1 1
13 2 1
13 3 3
13 4 9
13 5 5
13 6 8
13 7 4
13 8 7
13 9 5
13 10 2
13 11 10
13 12 2
14 0 6
14 1 10
14 2 6
14 3 2
14 4 9
14 5 3
14 6 8
14 7 2
14 8 6
14 9 1
14 10 9
14 11 5
14 12 3
14 13 10
15 0 10
15 1 4
15 2 7
15 3 2
15 4 2
15 5 8
15 6 10
15 7 9
15 8 3
15 9 8
15 10 1
15 11 10
15 12 5
15 13 5
15 14 10
16 0 10
16 1 4
16 2 6
16 3 10
16 4 1
16 5 8
16 6 8
16 7 9
16 8 7
16 9 9
16 10 3
16 11 9
16 12 1
16 13 9
16 14 5
16 15 6
17 0 4
17 1 8
17 2 7
17 3 4
17 4 3
17 5 6
17 6 8
17 7 3
17 8 8
17 9 1
17 10 9
17 11 2
17 12 6
17 13 6
17 14 6
17 15 4
17 16 5
18 0 6
18 1 6
18 2 7
18 3 7
18 4 10
18 5 10
18 6 3
18 7 1
18 8 2
18 9 3
18 10 8
18 11 1
18 12 2
18 13 2
18 14 4
18 15 8
18 16 9
18 17 9
19 0 5
19 1 7
19 2 1
19 3 7
19 4 7
19 5 2
19 6 9
19 7 7
19 8 9
19 9 1
19 10 3
19 11 8
19 12 7
19 13 1
19 14 3
19 15 5
19 16 2
19 17 5
19 18 8
