15
1 0 3
2 0 1
2 1 2
3 0 2
3 1 3
3 2 1
4 0 1
4 1 1
4 2 1
4 3 3
5 0 3
5 1 3
5 2 1
5 3 1
5 4 3
6 0 1
6 1 2
6 2 3
6 3 3
6 4 3
6 5 1
7 0 1
7 1 3
7 2 2
7 3 2
7 4 2
7 5 1
7 6 3
8 0 3
8 1 3
8 2 1
8 3 2
8 4 2
8 5 2
8 6 1
8 7 1
9 0 1
9 1 3
9 2 2
9 3 3
9 4 1
9 5 1
9 6 2
9 7 1
9 8 1
10 0 2
10 1 1
10 2 1
10 3 1
10 4 3
10 5 3
10 6 1
10 7 3
10 8 1
10 9 3
11 0 3
11 1 2
11 2 1
11 3 1
11 4 3
11 5 3
11 6 3
11 7 2
11 8 3
11 9 2
11 10 1
12 0 1
12 1 1
12 2 1
12 3 3
12 4 1
12 5 1
12 6 1
12 7 3
12 8 2
12 9 3
12 10 2
12 11 2
13 0 2
13 1 1
13 2 1
13 3 1
13 4 1
13 5 1
13 6 3
13 7 3
13 8 3
13 9 3
13 10 2
13 11 3
13 12 3
14 0 1
14 1 1
14 2 3
14 3 2
14 4 1
14 5 3
14 6 2
14 7 1
14 8 1
14 9 1
14 10 3
14 11 1
14 12 1
14 13 1
