15
1 0 5
2 0 3
2 1 2
3 0 3
3 1 1
3 2 5
4 0 2
4 1 2
4 2 5
4 3 2
5 0 5
5 1 5
5 2 4
5 3 1
5 4 5
6 0 4
6 1 3
6 2 1
6 3 5
6 4 3
6 5 1
7 0 2
7 1 1
7 2 5
7 3 2
7 4 5
7 5 3
7 6 2
8 0 1
8 1 4
8 2 2
8 3 3
8 4 2
8 5 2
8 6 3
8 7 1
9 0 4
9 1 2
9 2 1
9 3 2
9 4 5
9 5 1
9 6 2
9 7 1
9 8 5
10 0 4
10 1 4
10 2 3
10 3 1
10 4 1
10 5 3
10 6 2
10 7 4
10 8 3
10 9 1
11 0 3
11 1 5
11 2 1
11 3 4
11 4 1
11 5 5
11 6 3
11 7 2
11 8 3
11 9 2
11 10 2
12 0 3
12 1 2
12 2 3
12 3 5
12 4 5
12 5 1
12 6 4
12 7 4
12 8 1
12 9 2
12 10 5
12 11 4
13 0 5
13 1 1
13 2 4
13 3 5
13 4 5
13 5 5
13 6 2
13 7 5
13 8 5
13 9 5
13 10 1
13 11 4
13 12 5
14 0 1
14 1 2
14 2 1
14 3 4
14 4 2
14 5 5
14 6 5
14 7 4
14 8 4
14 9 4
14 10 4
14 11 1
14 12 3
14 13 4
