70
1 0 3
2 0 2
2 1 3
3 0 3
3 1 4
3 2 3
4 0 1
4 1 3
4 2 4
4 3 1
5 0 2
5 1 1
5 2 5
5 3 3
5 4 2
6 0 4
6 1 3
6 2 2
6 3 3
6 4 5
6 5 4
7 0 1
7 1 2
7 2 2
7 3 3
7 4 1
7 5 4
7 6 3
8 0 5
8 1 5
8 2 2
8 3 3
8 4 5
8 5 2
8 6 1
8 7 5
9 0 1
9 1 1
9 2 1
9 3 5
9 4 4
9 5 1
9 6 5
9 7 3
9 8 4
10 0 5
10 1 3
10 2 1
10 3 4
10 4 5
10 5 2
10 6 1
10 7 5
10 8 3
10 9 3
11 0 2
11 1 5
11 2 5
11 3 3
11 4 5
11 5 5
11 6 3
11 7 2
11 8 3
11 9 5
11 10 1
12 0 5
12 1 3
12 2 3
12 3 4
12 4 4
12 5 3
12 6 5
12 7 5
12 8 5
12 9 4
12 10 1
12 11 2
13 0 4
13 1 1
13 2 4
13 3 2
13 4 4
13 5 2
13 6 4
13 7 1
13 8 1
13 9 2
13 10 4
13 11 2
13 12 4
14 0 3
14 1 4
14 2 1
14 3 3
14 4 3
14 5 3
14 6 4
14 7 5
14 8 4
14 9 3
14 10 3
14 11 3
14 12 2
14 13 2
15 0 2
15 1 5
15 2 2
15 3 2
15 4 5
15 5 1
15 6 1
15 7 1
15 8 4
15 9 3
15 10 5
15 11 2
15 12 5
15 13 3
15 14 2
16 0 1
16 1 5
16 2 4
16 3 1
16 4 1
16 5 1
16 6 4
16 7 4
16 8 5
16 9 1
16 10 2
16 11 1
16 12 3
16 13 4
16 14 3
16 15 4
17 0 4
17 1 2
17 2 5
17 3 1
17 4 2
17 5 1
17 6 1
17 7 1
17 8 3
17 9 5
17 10 1
17 11 4
17 12 2
17 13 2
17 14 3
17 15 4
17 16 1
18 0 3
18 1 1
18 2 2
18 3 2
18 4 1
18 5 2
18 6 1
18 7 2
18 8 1
18 9 4
18 10 3
18 11 3
18 12 2
18 13 4
18 14 3
18 15 1
18 16 1
18 17 3
19 0 3
19 1 5
19 2 3
19 3 3
19 4 2
19 5 1
19 6 5
19 7 1
19 8 2
19 9 4
19 10 2
19 11 3
19 12 5
19 13 3
19 14 2
19 15 5
19 16 4
19 17 5
19 18 5
20 0 1
20 1 2
20 2 3
20 3 5
20 4 5
20 5 1
20 6 1
20 7 1
20 8 3
20 9 2
20 10 3
20 11 2
20 12 4
20 13 3
20 14 2
20 15 1
20 16 4
20 17 1
20 18 1
20 19 3
21 0 4
21 1 1
21 2 5
21 3 5
21 4 5
21 5 2
21 6 3
21 7 1
21 8 1
21 9 4
21 10 2
21 11 3
21 12 1
21 13 1
21 14 4
21 15 1
21 16 1
21 17 3
21 18 2
21 19 3
21 20 4
22 0 3
22 1 5
22 2 5
22 3 3
22 4 5
22 5 1
22 6 2
22 7 1
22 8 4
22 9 1
22 10 5
22 11 2
22 12 5
22 13 3
22 14 3
22 15 3
22 16 2
22 17 3
22 18 1
22 19 4
22 20 2
22 21 2
23 0 2
23 1 5
23 2 4
23 3 5
23 4 4
23 5 4
23 6 2
23 7 2
23 8 4
23 9 4
23 10 2
23 11 1
23 12 4
23 13 1
23 14 1
23 15 4
23 16 2
23 17 3
23 18 4
23 19 2
23 20 3
23 21 3
23 22 4
24 0 2
24 1 4
24 2 5
24 3 4
24 4 3
24 5 1
24 6 2
24 7 1
24 8 3
24 9 1
24 10 4
24 11 1
24 12 5
24 13 4
24 14 4
24 15 4
24 16 1
24 17 4
24 18 5
24 19 5
24 20 5
24 21 4
24 22 3
24 23 5
25 0 2
25 1 1
25 2 2
25 3 5
25 4 1
25 5 4
25 6 5
25 7 3
25 8 1
25 9 2
25 10 1
25 11 4
25 12 5
25 13 5
25 14 2
25 15 5
25 16 2
25 17 3
25 18 5
25 19 3
25 20 3
25 21 3
25 22 3
25 23 5
25 24 4
26 0 2
26 1 2
26 2 2
26 3 1
26 4 3
26 5 5
26 6 2
26 7 2
26 8 3
26 9 5
26 10 3
26 11 5
26 12 4
26 13 3
26 14 5
26 15 5
26 16 4
26 17 4
26 18 5
26 19 1
26 20 2
26 21 1
26 22 3
26 23 5
26 24 4
26 25 2
27 0 2
27 1 4
27 2 1
27 3 4
27 4 4
27 5 3
27 6 5
27 7 2
27 8 3
27 9 5
27 10 5
27 11 2
27 12 2
27 13 5
27 14 4
27 15 5
27 16 4
27 17 2
27 18 3
27 19 2
27 20 5
27 21 1
27 22 3
27 23 5
27 24 2
27 25 3
27 26 2
28 0 3
28 1 3
28 2 3
28 3 1
28 4 4
28 5 5
28 6 5
28 7 1
28 8 3
28 9 5
28 10 3
28 11 3
28 12 3
28 13 5
28 14 4
28 15 2
28 16 2
28 17 2
28 18 1
28 19 1
28 20 5
28 21 4
28 22 1
28 23 1
28 24 1
28 25 1
28 26 5
28 27 1
29 0 5
29 1 4
29 2 1
29 3 1
29 4 3
29 5 3
29 6 5
29 7 4
29 8 2
29 9 1
29 10 3
29 11 5
29 12 4
29 13 1
29 14 2
29 15 1
29 16 4
29 17 5
29 18 1
29 19 2
29 20 4
29 21 4
29 22 2
29 23 3
29 24 3
29 25 4
29 26 5
29 27 1
29 28 5
30 0 5
30 1 2
30 2 3
30 3 5
30 4 1
30 5 5
30 6 4
30 7 3
30 8 4
30 9 1
30 10 5
30 11 3
30 12 3
30 13 1
30 14 1
30 15 5
30 16 1
30 17 5
30 18 2
30 19 3
30 20 1
30 21 5
30 22 3
30 23 2
30 24 2
30 25 5
30 26 2
30 27 2
30 28 1
30 29 1
31 0 4
31 1 3
31 2 5
31 3 3
31 4 5
31 5 4
31 6 5
31 7 4
31 8 2
31 9 5
31 10 4
31 11 2
31 12 1
31 13 4
31 14 5
31 15 5
31 16 5
31 17 3
31 18 2
31 19 5
31 20 1
31 21 5
31 22 3
31 23 2
31 24 5
31 25 4
31 26 2
31 27 1
31 28 4
31 29 3
31 30 1
32 0 4
32 1 5
32 2 5
32 3 2
32 4 3
32 5 1
32 6 2
32 7 3
32 8 1
32 9 1
32 10 4
32 11 3
32 12 1
32 13 2
32 14 4
32 15 1
32 16 5
32 17 3
32 18 3
32 19 2
32 20 3
32 21 4
32 22 2
32 23 5
32 24 5
32 25 5
32 26 3
32 27 1
32 28 3
32 29 4
32 30 4
32 31 1
33 0 5
33 1 3
33 2 3
33 3 2
33 4 3
33 5 5
33 6 2
33 7 1
33 8 5
33 9 3
33 10 4
33 11 3
33 12 4
33 13 5
33 14 1
33 15 4
33 16 2
33 17 1
33 18 2
33 19 5
33 20 2
33 21 4
33 22 4
33 23 5
33 24 1
33 25 4
33 26 4
33 27 2
33 28 4
33 29 5
33 30 4
33 31 5
33 32 1
34 0 5
34 1 1
34 2 1
34 3 4
34 4 5
34 5 3
34 6 1
34 7 4
34 8 5
34 9 1
34 10 5
34 11 4
34 12 3
34 13 2
34 14 4
34 15 4
34 16 3
34 17 4
34 18 3
34 19 5
34 20 5
34 21 3
34 22 5
34 23 4
34 24 4
34 25 4
34 26 5
34 27 4
34 28 1
34 29 5
34 30 3
34 31 4
34 32 3
34 33 3
35 0 2
35 1 3
35 2 3
35 3 1
35 4 5
35 5 5
35 6 2
35 7 2
35 8 4
35 9 2
35 10 1
35 11 1
35 12 5
35 13 5
35 14 4
35 15 2
35 16 5
35 17 2
35 18 2
35 19 5
35 20 1
35 21 4
35 22 1
35 23 5
35 24 2
35 25 2
35 26 4
35 27 3
35 28 3
35 29 1
35 30 3
35 31 3
35 32 3
35 33 1
35 34 3
36 0 3
36 1 3
36 2 1
36 3 2
36 4 1
36 5 1
36 6 2
36 7 4
36 8 4
36 9 4
36 10 1
36 11 1
36 12 5
36 13 5
36 14 2
36 15 4
36 16 5
36 17 2
36 18 3
36 19 2
36 20 1
36 21 2
36 22 1
36 23 4
36 24 1
36 25 3
36 26 5
36 27 5
36 28 2
36 29 5
36 30 1
36 31 2
36 32 5
36 33 1
36 34 1
36 35 1
37 0 1
37 1 5
37 2 2
37 3 5
37 4 5
37 5 3
37 6 5
37 7 3
37 8 5
37 9 1
37 10 2
37 11 4
37 12 3
37 13 3
37 14 2
37 15 5
37 16 5
37 17 2
37 18 3
37 19 3
37 20 3
37 21 3
37 22 3
37 23 3
37 24 5
37 25 1
37 26 4
37 27 4
37 28 1
37 29 3
37 30 5
37 31 2
37 32 2
37 33 1
37 34 2
37 35 3
37 36 5
38 0 5
38 1 1
38 2 4
38 3 5
38 4 4
38 5 2
38 6 2
38 7 1
38 8 3
38 9 4
38 10 4
38 11 1
38 12 5
38 13 5
38 14 3
38 15 2
38 16 2
38 17 5
38 18 2
38 19 5
38 20 3
38 21 3
38 22 3
38 23 5
38 24 4
38 25 1
38 26 5
38 27 5
38 28 1
38 29 3
38 30 4
38 31 1
38 32 3
38 33 4
38 34 1
38 35 4
38 36 5
38 37 3
39 0 1
39 1 4
39 2 4
39 3 2
39 4 3
39 5 2
39 6 1
39 7 4
39 8 5
39 9 5
39 10 1
39 11 2
39 12 3
39 13 5
39 14 1
39 15 1
39 16 5
39 17 5
39 18 2
39 19 5
39 20 1
39 21 2
39 22 4
39 23 3
39 24 3
39 25 4
39 26 4
39 27 5
39 28 4
39 29 4
39 30 5
39 31 4
39 32 2
39 33 2
39 34 5
39 35 5
39 36 1
39 37 5
39 38 1
40 0 3
40 1 4
40 2 4
40 3 1
40 4 5
40 5 2
40 6 3
40 7 4
40 8 3
40 9 2
40 10 2
40 11 4
40 12 1
40 13 3
40 14 3
40 15 2
40 16 3
40 17 4
40 18 5
40 19 5
40 20 3
40 21 4
40 22 5
40 23 1
40 24 5
40 25 5
40 26 5
40 27 3
40 28 4
40 29 1
40 30 3
40 31 5
40 32 2
40 33 4
40 34 5
40 35 3
40 36 1
40 37 2
40 38 1
40 39 3
41 0 3
41 1 3
41 2 2
41 3 4
41 4 5
41 5 1
41 6 3
41 7 1
41 8 1
41 9 5
41 10 4
41 11 5
41 12 4
41 13 1
41 14 1
41 15 1
41 16 4
41 17 5
41 18 5
41 19 3
41 20 5
41 21 2
41 22 1
41 23 3
41 24 5
41 25 1
41 26 1
41 27 4
41 28 3
41 29 4
41 30 5
41 31 5
41 32 2
41 33 2
41 34 5
41 35 2
41 36 1
41 37 5
41 38 4
41 39 3
41 40 4
42 0 3
42 1 2
42 2 4
42 3 1
42 4 5
42 5 2
42 6 2
42 7 1
42 8 4
42 9 3
42 10 5
42 11 2
42 12 1
42 13 5
42 14 2
42 15 5
42 16 1
42 17 1
42 18 3
42 19 5
42 20 2
42 21 4
42 22 1
42 23 3
42 24 5
42 25 3
42 26 4
42 27 3
42 28 5
42 29 5
42 30 1
42 31 3
42 32 2
42 33 1
42 34 3
42 35 1
42 36 4
42 37 5
42 38 3
42 39 1
42 40 3
42 41 2
43 0 1
43 1 3
43 2 2
43 3 1
43 4 1
43 5 5
43 6 4
43 7 4
43 8 5
43 9 5
43 10 4
43 11 4
43 12 3
43 13 1
43 14 4
43 15 4
43 16 4
43 17 4
43 18 3
43 19 1
43 20 5
43 21 1
43 22 5
43 23 3
43 24 3
43 25 4
43 26 5
43 27 3
43 28 3
43 29 5
43 30 1
43 31 1
43 32 2
43 33 5
43 34 4
43 35 2
43 36 1
43 37 4
43 38 1
43 39 4
43 40 1
43 41 1
43 42 4
44 0 5
44 1 4
44 2 5
44 3 5
44 4 3
44 5 3
44 6 5
44 7 5
44 8 1
44 9 3
44 10 5
44 11 1
44 12 2
44 13 1
44 14 2
44 15 3
44 16 2
44 17 4
44 18 5
44 19 3
44 20 5
44 21 2
44 22 1
44 23 2
44 24 5
44 25 3
44 26 1
44 27 5
44 28 3
44 29 3
44 30 3
44 31 1
44 32 2
44 33 5
44 34 4
44 35 3
44 36 3
44 37 5
44 38 3
44 39 2
44 40 1
44 41 2
44 42 2
44 43 4
45 0 2
45 1 3
45 2 5
45 3 4
45 4 5
45 5 3
45 6 5
45 7 4
45 8 3
45 9 1
45 10 3
45 11 4
45 12 5
45 13 4
45 14 2
45 15 4
45 16 5
45 17 5
45 18 5
45 19 5
45 20 4
45 21 1
45 22 4
45 23 2
45 24 4
45 25 5
45 26 3
45 27 1
45 28 2
45 29 2
45 30 4
45 31 2
45 32 5
45 33 1
45 34 5
45 35 3
45 36 2
45 37 3
45 38 3
45 39 4
45 40 1
45 41 1
45 42 5
45 43 3
45 44 2
46 0 2
46 1 4
46 2 3
46 3 2
46 4 4
46 5 1
46 6 4
46 7 2
46 8 5
46 9 5
46 10 2
46 11 1
46 12 2
46 13 5
46 14 5
46 15 3
46 16 4
46 17 2
46 18 3
46 19 4
46 20 2
46 21 3
46 22 4
46 23 2
46 24 2
46 25 3
46 26 1
46 27 5
46 28 1
46 29 5
46 30 2
46 31 1
46 32 5
46 33 4
46 34 5
46 35 1
46 36 3
46 37 4
46 38 4
46 39 3
46 40 1
46 41 3
46 42 5
46 43 5
46 44 5
46 45 1
47 0 1
47 1 2
47 2 2
47 3 2
47 4 3
47 5 1
47 6 3
47 7 2
47 8 1
47 9 5
47 10 2
47 11 3
47 12 3
47 13 3
47 14 4
47 15 2
47 16 5
47 17 4
47 18 2
47 19 1
47 20 2
47 21 2
47 22 1
47 23 4
47 24 4
47 25 1
47 26 2
47 27 1
47 28 3
47 29 2
47 30 3
47 31 4
47 32 1
47 33 5
47 34 1
47 35 5
47 36 4
47 37 3
47 38 2
47 39 5
47 40 1
47 41 4
47 42 1
47 43 1
47 44 2
47 45 1
47 46 1
48 0 4
48 1 5
48 2 2
48 3 2
48 4 5
48 5 1
48 6 4
48 7 1
48 8 2
48 9 5
48 10 5
48 11 4
48 12 4
48 13 1
48 14 1
48 15 2
48 16 1
48 17 3
48 18 2
48 19 4
48 20 4
48 21 3
48 22 3
48 23 5
48 24 2
48 25 1
48 26 1
48 27 4
48 28 2
48 29 4
48 30 2
48 31 5
48 32 2
48 33 2
48 34 1
48 35 4
48 36 1
48 37 3
48 38 3
48 39 5
48 40 5
48 41 1
48 42 1
48 43 5
48 44 3
48 45 5
48 46 5
48 47 4
49 0 5
49 1 3
49 2 1
49 3 2
49 4 5
49 5 1
49 6 2
49 7 4
49 8 2
49 9 3
49 10 2
49 11 1
49 12 5
49 13 2
49 14 4
49 15 3
49 16 3
49 17 3
49 18 5
49 19 4
49 20 5
49 21 5
49 22 2
49 23 2
49 24 1
49 25 1
49 26 3
49 27 3
49 28 1
49 29 2
49 30 3
49 31 2
49 32 1
49 33 5
49 34 3
49 35 1
49 36 4
49 37 5
49 38 1
49 39 1
49 40 1
49 41 1
49 42 3
49 43 1
49 44 1
49 45 2
49 46 2
49 47 4
49 48 2
50 0 3
50 1 2
50 2 1
50 3 4
50 4 2
50 5 4
50 6 1
50 7 5
50 8 2
50 9 5
50 10 2
50 11 1
50 12 2
50 13 2
50 14 5
50 15 2
50 16 5
50 17 4
50 18 4
50 19 2
50 20 5
50 21 4
50 22 3
50 23 5
50 24 5
50 25 3
50 26 2
50 27 5
50 28 4
50 29 2
50 30 4
50 31 3
50 32 4
50 33 1
50 34 5
50 35 2
50 36 1
50 37 1
50 38 1
50 39 2
50 40 2
50 41 4
50 42 2
50 43 3
50 44 3
50 45 1
50 46 4
50 47 2
50 48 1
50 49 1
51 0 3
51 1 5
51 2 2
51 3 3
51 4 1
51 5 1
51 6 4
51 7 4
51 8 1
51 9 5
51 10 5
51 11 5
51 12 4
51 13 5
51 14 1
51 15 4
51 16 3
51 17 3
51 18 1
51 19 5
51 20 3
51 21 3
51 22 1
51 23 4
51 24 3
51 25 1
51 26 3
51 27 1
51 28 3
51 29 3
51 30 3
51 31 1
51 32 1
51 33 1
51 34 5
51 35 1
51 36 3
51 37 1
51 38 4
51 39 1
51 40 3
51 41 1
51 42 5
51 43 4
51 44 1
51 45 1
51 46 4
51 47 2
51 48 4
51 49 1
51 50 3
52 0 4
52 1 3
52 2 5
52 3 3
52 4 5
52 5 1
52 6 5
52 7 5
52 8 1
52 9 1
52 10 3
52 11 5
52 12 3
52 13 4
52 14 4
52 15 1
52 16 1
52 17 2
52 18 2
52 19 1
52 20 5
52 21 3
52 22 1
52 23 3
52 24 4
52 25 3
52 26 1
52 27 3
52 28 3
52 29 4
52 30 3
52 31 5
52 32 1
52 33 1
52 34 1
52 35 2
52 36 4
52 37 2
52 38 3
52 39 5
52 40 2
52 41 5
52 42 3
52 43 1
52 44 5
52 45 1
52 46 3
52 47 1
52 48 5
52 49 5
52 50 3
52 51 1
53 0 3
53 1 4
53 2 2
53 3 4
53 4 3
53 5 5
53 6 2
53 7 1
53 8 2
53 9 1
53 10 2
53 11 3
53 12 2
53 13 1
53 14 5
53 15 5
53 16 4
53 17 3
53 18 1
53 19 1
53 20 1
53 21 4
53 22 3
53 23 4
53 24 2
53 25 3
53 26 5
53 27 1
53 28 3
53 29 2
53 30 2
53 31 2
53 32 3
53 33 5
53 34 1
53 35 2
53 36 2
53 37 1
53 38 2
53 39 2
53 40 3
53 41 1
53 42 1
53 43 2
53 44 5
53 45 3
53 46 2
53 47 2
53 48 3
53 49 1
53 50 2
53 51 1
53 52 4
54 0 3
54 1 4
54 2 3
54 3 3
54 4 5
54 5 4
54 6 3
54 7 2
54 8 3
54 9 1
54 10 5
54 11 2
54 12 4
54 13 2
54 14 3
54 15 3
54 16 1
54 17 4
54 18 5
54 19 5
54 20 4
54 21 5
54 22 1
54 23 3
54 24 5
54 25 5
54 26 5
54 27 3
54 28 3
54 29 5
54 30 3
54 31 2
54 32 1
54 33 5
54 34 3
54 35 5
54 36 2
54 37 4
54 38 3
54 39 1
54 40 1
54 41 2
54 42 4
54 43 3
54 44 1
54 45 1
54 46 1
54 47 2
54 48 2
54 49 1
54 50 5
54 51 4
54 52 4
54 53 2
55 0 2
55 1 4
55 2 5
55 3 1
55 4 5
55 5 5
55 6 1
55 7 3
55 8 5
55 9 5
55 10 5
55 11 4
55 12 4
55 13 1
55 14 2
55 15 2
55 16 3
55 17 3
55 18 1
55 19 1
55 20 1
55 21 3
55 22 5
55 23 2
55 24 3
55 25 2
55 26 1
55 27 3
55 28 2
55 29 5
55 30 5
55 31 2
55 32 2
55 33 2
55 34 1
55 35 1
55 36 5
55 37 4
55 38 1
55 39 4
55 40 5
55 41 3
55 42 2
55 43 4
55 44 5
55 45 5
55 46 3
55 47 1
55 48 4
55 49 5
55 50 4
55 51 4
55 52 1
55 53 5
55 54 2
56 0 2
56 1 3
56 2 3
56 3 5
56 4 3
56 5 2
56 6 4
56 7 2
56 8 5
56 9 3
56 10 2
56 11 1
56 12 2
56 13 5
56 14 4
56 15 1
56 16 5
56 17 3
56 18 4
56 19 2
56 20 1
56 21 3
56 22 1
56 23 4
56 24 5
56 25 5
56 26 5
56 27 2
56 28 4
56 29 1
56 30 3
56 31 2
56 32 5
56 33 1
56 34 1
56 35 2
56 36 5
56 37 2
56 38 4
56 39 3
56 40 1
56 41 3
56 42 3
56 43 3
56 44 1
56 45 5
56 46 2
56 47 3
56 48 5
56 49 3
56 50 3
56 51 5
56 52 1
56 53 2
56 54 2
56 55 4
57 0 5
57 1 1
57 2 2
57 3 4
57 4 1
57 5 5
57 6 4
57 7 3
57 8 3
57 9 2
57 10 3
57 11 1
57 12 1
57 13 3
57 14 2
57 15 3
57 16 3
57 17 2
57 18 1
57 19 1
57 20 2
57 21 5
57 22 4
57 23 4
57 24 3
57 25 3
57 26 1
57 27 3
57 28 2
57 29 3
57 30 4
57 31 4
57 32 4
57 33 4
57 34 1
57 35 2
57 36 3
57 37 1
57 38 2
57 39 2
57 40 4
57 41 3
57 42 2
57 43 5
57 44 4
57 45 1
57 46 3
57 47 3
57 48 3
57 49 4
57 50 5
57 51 1
57 52 5
57 53 5
57 54 1
57 55 1
57 56 1
58 0 2
58 1 5
58 2 4
58 3 5
58 4 2
58 5 4
58 6 2
58 7 4
58 8 1
58 9 1
58 10 4
58 11 1
58 12 4
58 13 4
58 14 3
58 15 4
58 16 1
58 17 5
58 18 4
58 19 3
58 20 3
58 21 4
58 22 1
58 23 1
58 24 1
58 25 2
58 26 4
58 27 1
58 28 5
58 29 1
58 30 3
58 31 4
58 32 4
58 33 1
58 34 3
58 35 4
58 36 4
58 37 3
58 38 1
58 39 1
58 40 2
58 41 1
58 42 1
58 43 3
58 44 1
58 45 3
58 46 1
58 47 2
58 48 3
58 49 1
58 50 3
58 51 1
58 52 5
58 53 5
58 54 1
58 55 5
58 56 2
58 57 2
59 0 2
59 1 2
59 2 4
59 3 5
59 4 4
59 5 4
59 6 2
59 7 4
59 8 4
59 9 2
59 10 4
59 11 1
59 12 4
59 13 5
59 14 4
59 15 4
59 16 3
59 17 2
59 18 3
59 19 2
59 20 1
59 21 4
59 22 2
59 23 4
59 24 1
59 25 5
59 26 3
59 27 1
59 28 3
59 29 1
59 30 1
59 31 1
59 32 2
59 33 3
59 34 2
59 35 1
59 36 5
59 37 5
59 38 2
59 39 3
59 40 5
59 41 3
59 42 4
59 43 1
59 44 5
59 45 3
59 46 3
59 47 5
59 48 5
59 49 2
59 50 1
59 51 3
59 52 3
59 53 2
59 54 2
59 55 2
59 56 4
59 57 1
59 58 5
60 0 2
60 1 2
60 2 5
60 3 3
60 4 4
60 5 3
60 6 1
60 7 5
60 8 2
60 9 5
60 10 1
60 11 1
60 12 2
60 13 3
60 14 1
60 15 3
60 16 3
60 17 2
60 18 2
60 19 2
60 20 4
60 21 5
60 22 2
60 23 5
60 24 3
60 25 5
60 26 1
60 27 1
60 28 3
60 29 1
60 30 5
60 31 4
60 32 4
60 33 2
60 34 3
60 35 2
60 36 3
60 37 2
60 38 2
60 39 1
60 40 4
60 41 5
60 42 4
60 43 1
60 44 5
60 45 1
60 46 1
60 47 1
60 48 3
60 49 5
60 50 3
60 51 3
60 52 5
60 53 5
60 54 3
60 55 2
60 56 3
60 57 2
60 58 2
60 59 5
61 0 3
61 1 4
61 2 5
61 3 2
61 4 2
61 5 4
61 6 3
61 7 5
61 8 3
61 9 1
61 10 4
61 11 5
61 12 1
61 13 4
61 14 2
61 15 2
61 16 1
61 17 4
61 18 2
61 19 4
61 20 1
61 21 3
61 22 4
61 23 5
61 24 5
61 25 5
61 26 5
61 27 1
61 28 1
61 29 3
61 30 1
61 31 3
61 32 1
61 33 3
61 34 5
61 35 2
61 36 2
61 37 2
61 38 1
61 39 1
61 40 1
61 41 3
61 42 1
61 43 1
61 44 1
61 45 1
61 46 2
61 47 4
61 48 3
61 49 2
61 50 4
61 51 5
61 52 4
61 53 3
61 54 3
61 55 1
61 56 4
61 57 2
61 58 4
61 59 2
61 60 2
62 0 1
62 1 1
62 2 4
62 3 1
62 4 4
62 5 2
62 6 5
62 7 5
62 8 5
62 9 2
62 10 2
62 11 5
62 12 3
62 13 3
62 14 1
62 15 5
62 16 5
62 17 2
62 18 2
62 19 1
62 20 1
62 21 2
62 22 3
62 23 5
62 24 1
62 25 5
62 26 4
62 27 4
62 28 2
62 29 5
62 30 1
62 31 5
62 32 4
62 33 2
62 34 4
62 35 2
62 36 1
62 37 2
62 38 2
62 39 3
62 40 2
62 41 3
62 42 4
62 43 3
62 44 3
62 45 3
62 46 5
62 47 1
62 48 4
62 49 4
62 50 1
62 51 4
62 52 5
62 53 2
62 54 3
62 55 2
62 56 1
62 57 3
62 58 3
62 59 1
62 60 5
62 61 1
63 0 1
63 1 2
63 2 5
63 3 3
63 4 5
63 5 4
63 6 1
63 7 1
63 8 4
63 9 1
63 10 5
63 11 3
63 12 3
63 13 3
63 14 3
63 15 4
63 16 5
63 17 3
63 18 1
63 19 4
63 20 3
63 21 2
63 22 3
63 23 2
63 24 2
63 25 3
63 26 1
63 27 4
63 28 4
63 29 2
63 30 5
63 31 2
63 32 5
63 33 1
63 34 4
63 35 4
63 36 4
63 37 1
63 38 4
63 39 5
63 40 2
63 41 2
63 42 2
63 43 3
63 44 5
63 45 1
63 46 2
63 47 1
63 48 3
63 49 5
63 50 4
63 51 4
63 52 2
63 53 1
63 54 1
63 55 5
63 56 2
63 57 5
63 58 4
63 59 1
63 60 3
63 61 2
63 62 1
64 0 2
64 1 3
64 2 5
64 3 4
64 4 5
64 5 5
64 6 3
64 7 4
64 8 3
64 9 5
64 10 1
64 11 2
64 12 5
64 13 4
64 14 1
64 15 1
64 16 1
64 17 5
64 18 1
64 19 3
64 20 1
64 21 4
64 22 2
64 23 3
64 24 3
64 25 2
64 26 5
64 27 1
64 28 4
64 29 5
64 30 4
64 31 1
64 32 5
64 33 1
64 34 3
64 35 5
64 36 5
64 37 1
64 38 2
64 39 3
64 40 1
64 41 4
64 42 4
64 43 2
64 44 5
64 45 4
64 46 2
64 47 3
64 48 2
64 49 4
64 50 3
64 51 1
64 52 2
64 53 4
64 54 4
64 55 2
64 56 4
64 57 2
64 58 4
64 59 2
64 60 5
64 61 5
64 62 4
64 63 4
65 0 5
65 1 1
65 2 1
65 3 2
65 4 4
65 5 5
65 6 3
65 7 3
65 8 3
65 9 1
65 10 2
65 11 1
65 12 2
65 13 3
65 14 1
65 15 5
65 16 2
65 17 2
65 18 4
65 19 1
65 20 2
65 21 4
65 22 4
65 23 4
65 24 5
65 25 3
65 26 4
65 27 2
65 28 1
65 29 1
65 30 3
65 31 1
65 32 3
65 33 5
65 34 1
65 35 5
65 36 1
65 37 5
65 38 5
65 39 5
65 40 2
65 41 3
65 42 2
65 43 3
65 44 2
65 45 2
65 46 3
65 47 4
65 48 4
65 49 1
65 50 3
65 51 3
65 52 3
65 53 3
65 54 3
65 55 4
65 56 2
65 57 1
65 58 4
65 59 3
65 60 2
65 61 2
65 62 3
65 63 3
65 64 2
66 0 3
66 1 3
66 2 1
66 3 2
66 4 4
66 5 4
66 6 3
66 7 5
66 8 4
66 9 2
66 10 2
66 11 3
66 12 2
66 13 4
66 14 4
66 15 2
66 16 4
66 17 4
66 18 1
66 19 3
66 20 3
66 21 2
66 22 4
66 23 3
66 24 3
66 25 3
66 26 1
66 27 5
66 28 4
66 29 5
66 30 4
66 31 3
66 32 3
66 33 1
66 34 3
66 35 5
66 36 5
66 37 4
66 38 4
66 39 1
66 40 5
66 41 5
66 42 3
66 43 3
66 44 3
66 45 2
66 46 2
66 47 5
66 48 4
66 49 5
66 50 4
66 51 3
66 52 3
66 53 2
66 54 3
66 55 5
66 56 4
66 57 2
66 58 4
66 59 3
66 60 1
66 61 4
66 62 2
66 63 4
66 64 2
66 65 3
67 0 2
67 1 4
67 2 4
67 3 2
67 4 1
67 5 5
67 6 5
67 7 4
67 8 3
67 9 3
67 10 4
67 11 2
67 12 4
67 13 1
67 14 2
67 15 2
67 16 5
67 17 5
67 18 3
67 19 3
67 20 1
67 21 2
67 22 2
67 23 1
67 24 3
67 25 1
67 26 4
67 27 2
67 28 1
67 29 4
67 30 5
67 31 4
67 32 1
67 33 3
67 34 1
67 35 4
67 36 3
67 37 3
67 38 4
67 39 5
67 40 5
67 41 1
67 42 2
67 43 5
67 44 4
67 45 2
67 46 2
67 47 4
67 48 3
67 49 4
67 50 1
67 51 3
67 52 2
67 53 5
67 54 1
67 55 3
67 56 2
67 57 4
67 58 1
67 59 3
67 60 1
67 61 2
67 62 5
67 63 2
67 64 1
67 65 5
67 66 4
68 0 2
68 1 5
68 2 4
68 3 2
68 4 4
68 5 1
68 6 1
68 7 5
68 8 4
68 9 4
68 10 1
68 11 1
68 12 2
68 13 2
68 14 4
68 15 4
68 16 5
68 17 3
68 18 1
68 19 3
68 20 5
68 21 2
68 22 4
68 23 4
68 24 2
68 25 3
68 26 3
68 27 3
68 28 4
68 29 3
68 30 4
68 31 3
68 32 5
68 33 4
68 34 2
68 35 5
68 36 3
68 37 3
68 38 1
68 39 1
68 40 4
68 41 5
68 42 1
68 43 5
68 44 3
68 45 5
68 46 4
68 47 4
68 48 2
68 49 4
68 50 3
68 51 4
68 52 1
68 53 2
68 54 5
68 55 4
68 56 4
68 57 1
68 58 2
68 59 4
68 60 4
68 61 5
68 62 1
68 63 3
68 64 5
68 65 1
68 66 5
68 67 5
69 0 2
69 1 4
69 2 1
69 3 5
69 4 4
69 5 2
69 6 1
69 7 1
69 8 5
69 9 4
69 10 2
69 11 5
69 12 2
69 13 4
69 14 5
69 15 4
69 16 1
69 17 1
69 18 3
69 19 5
69 20 3
69 21 5
69 22 5
69 23 5
69 24 4
69 25 5
69 26 4
69 27 3
69 28 3
69 29 4
69 30 5
69 31 2
69 32 5
69 33 3
69 34 1
69 35 1
69 36 3
69 37 5
69 38 3
69 39 2
69 40 2
69 41 3
69 42 4
69 43 3
69 44 2
69 45 2
69 46 5
69 47 3
69 48 3
69 49 4
69 50 5
69 51 1
69 52 1
69 53 3
69 54 2
69 55 1
69 56 1
69 57 1
69 58 4
69 59 4
69 60 1
69 61 3
69 62 1
69 63 5
69 64 3
69 65 1
69 66 2
69 67 2
69 68 4
