30
1 0 8
2 0 3
3 0 9
3 1 4
4 0 11
4 1 10
4 2 3
6 0 9
6 2 3
6 4 3
7 1 5
7 2 7
7 3 8
7 6 2
8 1 1
8 3 11
8 6 6
8 7 1
9 0 2
9 1 2
9 2 3
9 3 10
9 5 7
9 8 7
10 1 2
10 2 1
10 3 6
10 8 7
11 0 7
11 1 10
11 4 9
11 8 2
12 1 9
12 3 5
12 4 8
12 8 4
12 9 3
13 0 5
13 2 8
13 3 4
13 5 8
13 6 2
13 7 6
13 9 10
13 11 6
13 12 5
14 0 5
14 1 1
14 2 8
14 3 3
14 4 4
14 7 7
14 8 10
14 11 5
14 13 10
15 2 11
15 5 10
15 6 2
15 10 9
15 11 9
16 0 8
16 2 11
16 8 4
16 12 2
16 13 8
17 2 9
17 3 3
17 4 7
17 5 11
17 6 6
17 7 9
17 13 9
17 16 4
18 1 2
18 4 11
18 5 6
18 7 8
18 10 3
18 12 5
18 13 4
18 14 9
18 15 3
19 0 6
19 1 2
19 5 3
19 6 5
19 7 5
19 8 11
19 10 9
19 11 3
19 12 10
19 16 11
19 17 9
20 0 3
20 3 1
20 4 10
20 5 2
20 6 4
20 12 5
20 15 5
20 17 4
20 18 4
20 19 3
21 2 11
21 3 4
21 5 9
21 8 8
21 12 5
21 13 3
21 14 8
21 18 4
21 19 7
22 1 11
22 2 3
22 3 11
22 5 5
22 10 11
22 11 1
22 13 1
22 14 7
22 16 9
22 18 1
22 20 8
23 0 11
23 4 9
23 5 5
23 6 1
23 11 7
23 12 8
23 14 11
23 16 10
23 21 5
23 22 1
24 2 6
24 3 2
24 8 10
24 10 10
24 11 10
24 12 2
24 16 9
24 18 7
24 20 8
24 21 9
24 22 11
25 4 10
25 5 2
25 6 11
25 10 5
25 11 3
25 13 7
25 14 2
25 16 2
25 17 4
25 19 11
25 21 3
25 23 10
26 0 1
26 1 8
26 2 2
26 5 7
26 13 7
26 15 5
26 16 8
26 18 4
27 4 6
27 7 11
27 8 4
27 12 4
27 13 2
27 15 2
27 24 8
27 26 11
28 1 3
28 4 5
28 6 2
28 8 1
28 9 8
28 11 11
28 12 11
28 13 5
28 17 6
28 18 10
28 19 10
28 20 8
28 21 2
28 23 5
29 0 10
29 2 4
29 6 11
29 7 1
29 8 1
29 9 5
29 10 10
29 14 11
29 15 11
29 18 1
29 23 7
29 24 7
