70
2 1 3
3 0 2
3 1 3
4 0 6
4 2 2
4 3 1
5 3 1
7 0 2
7 2 4
7 3 2
7 4 3
7 5 5
7 6 2
8 1 3
8 4 4
8 5 3
8 6 6
9 5 2
9 6 1
10 1 6
10 3 6
10 5 4
10 6 5
10 7 1
10 8 1
11 0 5
11 3 6
11 4 5
11 9 2
11 10 3
12 0 5
12 1 5
12 3 1
12 4 5
12 6 6
12 7 2
12 9 6
13 2 6
13 3 3
13 5 3
13 6 1
13 7 2
13 8 3
13 10 5
13 11 5
14 2 2
14 3 6
14 6 3
14 7 3
14 10 4
14 12 3
15 7 1
15 8 5
15 11 6
15 12 4
16 0 1
16 2 2
16 5 6
16 6 5
16 7 4
16 8 4
16 11 6
16 12 5
16 13 5
16 14 3
17 0 2
17 2 6
17 3 2
17 4 5
17 5 3
17 7 1
17 8 5
17 9 3
17 11 6
17 12 5
17 14 5
17 15 3
18 1 1
18 2 4
18 4 1
18 7 5
18 8 2
18 10 5
18 12 4
18 14 4
19 0 1
19 1 4
19 3 2
19 8 4
19 10 1
19 11 4
19 12 1
19 13 6
19 15 6
19 18 4
20 0 6
20 5 3
20 6 1
20 8 2
20 9 3
20 10 5
20 11 2
20 13 4
20 15 5
20 19 4
21 3 2
21 4 4
21 5 1
21 7 4
21 9 2
21 11 1
21 13 2
21 17 3
21 19 2
21 20 4
22 2 2
22 3 6
22 6 4
22 8 6
22 9 4
22 15 3
22 17 1
22 20 6
22 21 5
23 2 6
23 6 6
23 8 3
23 10 2
23 14 5
23 16 4
23 17 4
23 18 6
23 20 6
23 22 3
24 2 1
24 5 1
24 6 2
24 11 1
24 12 2
24 13 5
24 14 2
24 15 4
24 16 6
24 18 4
25 3 1
25 4 4
25 5 6
25 7 1
25 8 3
25 10 5
25 11 4
25 16 5
25 18 6
25 21 6
25 22 4
25 23 6
26 0 3
26 2 4
26 3 6
26 4 2
26 6 6
26 8 1
26 9 6
26 11 6
26 14 5
26 15 2
26 17 6
26 19 3
26 20 3
26 22 5
26 23 3
26 24 5
27 1 3
27 4 3
27 5 3
27 7 4
27 8 2
27 11 3
27 12 5
27 14 2
27 15 4
27 18 4
27 20 4
27 26 1
28 0 4
28 1 5
28 2 4
28 6 6
28 8 2
28 9 4
28 10 1
28 11 4
28 12 5
28 13 4
28 16 3
28 17 3
28 18 3
28 19 6
28 20 3
28 22 5
28 23 5
28 26 6
29 2 4
29 6 6
29 7 2
29 8 4
29 9 5
29 10 3
29 12 2
29 14 3
29 18 6
29 19 6
29 20 6
29 21 2
29 22 6
29 23 3
29 27 2
30 3 6
30 4 4
30 6 5
30 7 6
30 8 4
30 10 2
30 11 3
30 15 6
30 16 3
30 24 2
30 26 1
30 27 2
31 0 5
31 1 6
31 2 6
31 7 3
31 8 1
31 9 3
31 13 1
31 14 1
31 17 1
31 21 3
31 22 5
31 24 3
31 25 2
31 26 4
31 29 6
32 1 2
32 2 5
32 3 4
32 4 3
32 5 2
32 6 2
32 10 5
32 11 4
32 12 5
32 14 6
32 15 2
32 18 6
32 19 1
32 20 3
32 29 4
32 31 3
33 2 1
33 3 4
33 4 1
33 6 3
33 11 2
33 15 2
33 17 6
33 18 1
33 20 6
33 23 1
33 26 4
33 27 4
33 29 5
33 30 1
33 31 2
33 32 5
34 1 5
34 2 3
34 3 6
34 5 5
34 7 5
34 9 1
34 11 4
34 12 1
34 14 4
34 19 4
34 22 2
34 24 5
34 27 2
34 28 2
34 30 6
34 31 4
34 32 4
35 0 1
35 2 2
35 5 5
35 6 5
35 7 3
35 8 2
35 10 4
35 11 4
35 14 4
35 15 3
35 16 5
35 18 2
35 20 5
35 21 2
35 23 1
35 24 2
35 26 5
35 29 6
35 30 2
35 32 5
35 33 1
36 0 6
36 1 2
36 3 4
36 4 2
36 5 3
36 7 3
36 9 2
36 11 6
36 15 6
36 17 6
36 18 5
36 19 4
36 21 4
36 22 5
36 24 4
36 26 4
36 27 2
36 28 4
36 29 4
36 32 1
36 34 6
36 35 1
37 4 4
37 5 4
37 6 1
37 8 1
37 9 3
37 10 2
37 14 6
37 18 3
37 21 6
37 24 1
37 25 2
37 26 3
37 27 4
37 30 2
37 31 4
37 33 6
38 0 3
38 4 2
38 6 6
38 7 1
38 10 2
38 11 2
38 13 5
38 15 4
38 17 1
38 18 3
38 19 2
38 21 6
38 27 3
38 29 1
38 32 1
38 33 4
38 36 4
38 37 4
39 3 2
39 4 3
39 6 6
39 17 5
39 18 3
39 19 6
39 21 2
39 23 4
39 24 1
39 28 1
39 29 2
39 32 5
39 38 3
40 1 6
40 3 1
40 4 4
40 7 4
40 8 3
40 10 2
40 12 4
40 13 5
40 14 1
40 15 6
40 16 4
40 17 5
40 18 5
40 19 1
40 23 1
40 24 1
40 25 1
40 29 4
40 30 2
40 31 1
40 32 2
40 33 4
40 35 6
40 38 1
41 0 1
41 1 2
41 2 3
41 3 2
41 4 1
41 5 6
41 15 3
41 17 3
41 18 1
41 20 2
41 23 2
41 24 6
41 28 3
41 29 4
41 31 4
41 33 2
41 35 2
41 37 4
41 38 6
41 40 3
42 2 2
42 7 5
42 8 4
42 10 2
42 11 1
42 13 5
42 17 6
42 18 6
42 20 2
42 23 2
42 25 5
42 29 1
42 30 4
42 31 4
42 34 5
42 37 3
42 40 6
42 41 5
43 1 4
43 2 5
43 3 1
43 5 4
43 6 6
43 7 4
43 18 4
43 21 3
43 22 3
43 24 4
43 29 3
43 31 4
43 32 6
43 35 4
43 38 4
43 39 5
43 41 2
44 0 3
44 1 3
44 2 2
44 3 4
44 4 3
44 8 4
44 9 1
44 12 5
44 13 5
44 20 6
44 21 3
44 22 4
44 23 3
44 26 1
44 27 3
44 29 6
44 30 5
44 34 3
44 35 5
44 36 4
44 37 2
44 39 3
44 41 5
45 8 1
45 9 4
45 10 1
45 12 2
45 15 3
45 25 5
45 27 4
45 28 6
45 29 4
45 30 5
45 32 1
45 34 5
45 36 1
45 39 2
45 40 2
45 42 6
45 43 3
45 44 5
46 2 6
46 7 2
46 8 3
46 14 5
46 15 5
46 16 5
46 18 2
46 19 1
46 20 6
46 22 5
46 24 3
46 29 6
46 30 3
46 31 1
46 32 5
46 34 6
46 36 2
46 37 3
46 43 5
46 45 6
47 1 3
47 3 6
47 4 3
47 7 2
47 8 5
47 9 2
47 11 1
47 12 6
47 15 3
47 16 2
47 17 1
47 18 5
47 24 5
47 25 1
47 26 3
47 29 4
47 30 1
47 32 2
47 35 3
47 36 2
47 39 1
47 40 4
47 42 1
47 44 6
48 1 4
48 4 5
48 6 4
48 9 2
48 12 5
48 14 5
48 15 3
48 17 1
48 18 2
48 22 2
48 24 6
48 25 5
48 26 2
48 27 1
48 28 5
48 30 3
48 32 1
48 33 2
48 34 6
48 36 5
48 37 1
48 39 2
48 41 2
48 44 4
48 45 3
48 46 1
49 0 2
49 2 2
49 3 6
49 4 1
49 6 3
49 7 1
49 8 2
49 12 2
49 14 5
49 15 5
49 17 3
49 18 1
49 19 1
49 23 4
49 24 3
49 26 4
49 27 4
49 30 2
49 33 6
49 34 2
49 35 6
49 36 5
49 38 4
49 39 1
49 41 4
49 47 6
49 48 3
50 1 4
50 5 4
50 6 5
50 7 1
50 10 6
50 13 5
50 14 5
50 18 3
50 19 3
50 20 3
50 21 2
50 23 2
50 24 4
50 26 5
50 27 2
50 29 2
50 30 5
50 35 1
50 37 1
50 38 6
50 40 6
50 43 6
50 45 2
50 46 4
51 1 5
51 3 3
51 4 5
51 5 2
51 8 3
51 9 6
51 11 2
51 13 5
51 14 5
51 17 4
51 18 6
51 20 6
51 22 6
51 25 4
51 26 4
51 34 2
51 37 6
51 38 1
51 39 4
51 40 4
51 41 6
51 46 4
51 47 3
51 48 2
51 50 2
52 5 6
52 8 1
52 9 1
52 10 4
52 11 6
52 14 3
52 16 6
52 17 1
52 18 5
52 19 3
52 20 3
52 22 4
52 29 1
52 31 6
52 34 2
52 35 2
52 37 4
52 38 3
52 41 2
52 44 2
52 49 5
52 50 3
52 51 1
53 1 1
53 3 6
53 5 4
53 6 4
53 7 4
53 9 2
53 10 1
53 12 2
53 14 3
53 19 2
53 22 4
53 23 3
53 25 6
53 26 6
53 28 2
53 34 2
53 35 4
53 39 4
53 40 1
53 42 6
53 43 3
53 44 3
53 45 4
53 48 1
53 49 1
53 52 4
54 2 1
54 3 6
54 5 6
54 7 6
54 8 5
54 9 4
54 10 6
54 15 6
54 18 4
54 19 3
54 20 2
54 21 2
54 22 6
54 23 6
54 26 1
54 29 5
54 30 2
54 31 6
54 33 1
54 34 5
54 35 1
54 36 2
54 37 1
54 38 5
54 40 5
54 45 3
54 46 6
54 49 2
54 50 6
55 2 3
55 5 1
55 6 3
55 8 5
55 9 1
55 11 5
55 15 1
55 17 5
55 18 4
55 20 1
55 21 2
55 22 6
55 23 4
55 24 2
55 25 6
55 26 2
55 28 5
55 30 5
55 38 1
55 39 2
55 40 4
55 43 3
55 45 6
55 46 1
55 47 1
55 48 2
55 49 5
55 51 3
55 52 6
55 53 2
56 0 5
56 2 6
56 3 5
56 4 1
56 5 4
56 8 2
56 12 5
56 20 4
56 22 3
56 24 1
56 26 3
56 28 1
56 31 2
56 32 4
56 34 2
56 38 2
56 40 4
56 43 6
56 44 5
56 45 1
56 48 2
56 50 3
56 52 6
56 53 1
56 55 3
57 1 3
57 2 6
57 6 1
57 8 5
57 11 4
57 12 2
57 14 2
57 15 6
57 18 6
57 19 3
57 21 4
57 23 2
57 24 5
57 27 3
57 28 5
57 30 1
57 32 1
57 33 6
57 34 3
57 38 3
57 39 2
57 41 1
57 42 5
57 45 1
57 47 4
57 50 1
57 51 1
57 53 4
57 55 1
57 56 4
58 6 4
58 7 4
58 15 3
58 18 2
58 19 5
58 21 2
58 25 1
58 33 4
58 36 3
58 43 3
58 45 2
58 47 3
58 53 6
58 55 3
58 57 3
59 1 6
59 3 2
59 4 1
59 5 4
59 6 1
59 7 2
59 8 5
59 9 4
59 10 4
59 12 1
59 13 3
59 20 3
59 21 4
59 25 3
59 32 5
59 33 5
59 35 4
59 37 5
59 39 4
59 42 1
59 43 6
59 45 4
59 49 2
59 51 3
59 54 6
59 58 1
60 1 2
60 2 3
60 3 5
60 5 1
60 6 4
60 10 1
60 11 3
60 13 3
60 14 4
60 16 2
60 17 4
60 18 6
60 19 2
60 22 1
60 23 2
60 24 4
60 26 4
60 30 5
60 32 1
60 37 5
60 38 3
60 42 5
60 44 5
60 48 1
60 52 2
60 53 6
60 56 1
60 59 5
61 1 4
61 6 5
61 8 1
61 11 6
61 13 2
61 14 5
61 15 2
61 18 6
61 20 4
61 21 5
61 23 4
61 28 3
61 31 6
61 33 2
61 34 6
61 35 6
61 36 4
61 37 2
61 38 6
61 40 5
61 41 1
61 45 1
61 47 5
61 50 2
61 51 5
61 52 6
61 54 3
61 55 3
61 57 1
61 58 4
61 60 2
62 0 6
62 4 3
62 6 1
62 9 4
62 10 4
62 11 6
62 12 5
62 14 5
62 19 4
62 20 6
62 21 3
62 25 4
62 27 5
62 28 3
62 29 3
62 30 2
62 31 4
62 33 3
62 34 4
62 39 1
62 42 5
62 44 1
62 45 5
62 46 4
62 52 6
62 55 5
62 56 3
62 57 6
62 58 2
62 60 6
62 61 1
63 1 4
63 8 4
63 11 6
63 13 3
63 15 1
63 19 6
63 20 6
63 21 5
63 25 1
63 32 1
63 33 1
63 37 3
63 43 1
63 45 2
63 48 1
63 49 6
63 50 3
63 51 1
63 52 5
63 54 3
63 55 6
63 60 4
63 62 2
64 2 3
64 5 1
64 7 3
64 8 5
64 9 3
64 10 5
64 11 2
64 12 6
64 13 2
64 14 4
64 16 2
64 19 3
64 20 2
64 21 3
64 24 1
64 25 5
64 27 2
64 34 4
64 35 1
64 36 3
64 37 4
64 40 2
64 41 6
64 42 4
64 44 2
64 46 1
64 49 5
64 51 4
64 52 6
64 53 1
64 55 5
64 57 3
64 58 6
64 61 2
64 63 5
65 1 4
65 2 3
65 3 6
65 4 2
65 5 2
65 6 3
65 7 4
65 8 2
65 10 6
65 11 1
65 12 2
65 16 2
65 18 5
65 20 6
65 28 1
65 29 5
65 31 1
65 33 6
65 35 5
65 36 5
65 40 3
65 43 2
65 45 6
65 48 3
65 49 2
65 51 2
65 53 5
65 54 4
65 56 6
65 57 5
65 63 3
65 64 6
66 1 6
66 6 3
66 7 1
66 10 2
66 11 4
66 15 6
66 17 4
66 18 3
66 20 1
66 21 4
66 22 3
66 23 6
66 24 1
66 25 2
66 26 2
66 29 1
66 34 5
66 36 1
66 39 6
66 41 6
66 42 2
66 44 5
66 45 2
66 46 1
66 48 4
66 54 3
66 60 3
66 62 4
67 1 3
67 2 2
67 3 1
67 7 3
67 11 6
67 13 6
67 16 6
67 17 1
67 18 4
67 19 4
67 21 3
67 22 4
67 23 1
67 25 5
67 27 5
67 30 1
67 31 6
67 36 6
67 37 3
67 38 6
67 39 6
67 41 5
67 42 2
67 43 5
67 45 6
67 46 2
67 47 4
67 48 1
67 55 2
67 56 1
67 58 1
67 59 2
67 63 6
68 0 3
68 5 5
68 8 5
68 10 4
68 11 5
68 17 2
68 19 5
68 20 4
68 22 4
68 23 4
68 24 3
68 25 3
68 26 5
68 27 1
68 28 6
68 29 6
68 30 5
68 31 3
68 32 4
68 33 6
68 35 5
68 36 3
68 37 5
68 53 5
68 54 3
68 61 1
68 62 5
68 65 2
68 67 4
69 1 5
69 6 2
69 9 3
69 14 6
69 16 6
69 17 6
69 18 1
69 20 5
69 21 2
69 24 5
69 26 2
69 29 1
69 30 5
69 31 4
69 32 6
69 35 2
69 42 5
69 44 2
69 46 3
69 48 1
69 50 2
69 51 5
69 53 5
69 55 2
69 56 5
69 58 5
69 60 6
69 61 6
69 62 3
69 64 1
69 65 1
69 68 4
