70
1 0 5
2 0 7
2 1 3
3 0 8
3 1 7
3 2 1
4 0 4
4 1 5
4 2 9
4 3 2
5 0 5
5 1 2
5 2 4
5 3 1
5 4 6
6 0 1
6 1 5
6 2 3
6 3 2
6 4 9
6 5 6
7 0 6
7 1 3
7 2 8
7 3 5
7 4 1
7 5 1
7 6 5
8 0 2
8 1 6
8 2 1
8 3 7
8 4 4
8 5 1
8 6 3
8 7 5
9 0 6
9 1 7
9 2 6
9 3 9
9 4 7
9 5 8
9 6 9
9 7 5
9 8 1
10 0 6
10 1 9
10 2 4
10 3 7
10 4 6
10 5 5
10 6 4
10 7 7
10 8 2
10 9 2
11 0 7
11 1 2
11 2 6
11 3 2
11 4 6
11 5 7
11 6 9
11 7 8
11 8 8
11 9 1
11 10 7
12 0 8
12 1 8
12 2 6
12 3 7
12 4 7
12 5 5
12 6 1
12 7 8
12 8 9
12 9 9
12 10 9
12 11 3
13 0 6
13 1 4
13 2 9
13 3 9
13 4 1
13 5 4
13 6 6
13 7 9
13 8 5
13 9 1
13 10 6
13 11 3
13 12 4
14 0 5
14 1 4
14 2 5
14 3 9
14 4 8
14 5 8
14 6 4
14 7 2
14 8 7
14 9 9
14 10 8
14 11 8
14 12 9
14 13 7
15 0 8
15 1 1
15 2 2
15 3 8
15 4 2
15 5 1
15 6 2
15 7 4
15 8 7
15 9 9
15 10 7
15 11 9
15 12 2
15 13 4
15 14 8
16 0 2
16 1 8
16 2 9
16 3 9
16 4 4
16 5 7
16 6 2
16 7 1
16 8 7
16 9 6
16 10 3
16 11 4
16 12 2
16 13 9
16 14 8
16 15 5
17 0 6
17 1 4
17 2 8
17 3 8
17 4 1
17 5 6
17 6 4
17 7 6
17 8 1
17 9 2
17 10 7
17 11 8
17 12 4
17 13 1
17 14 1
17 15 5
17 16 1
18 0 1
18 1 6
18 2 8
18 3 3
18 4 9
18 5 6
18 6 1
18 7 1
18 8 5
18 9 5
18 10 2
18 11 3
18 12 4
18 13 4
18 14 9
18 15 8
18 16 4
18 17 8
19 0 2
19 1 2
19 2 1
19 3 4
19 4 3
19 5 1
19 6 3
19 7 8
19 8 4
19 9 6
19 10 4
19 11 7
19 12 4
19 13 1
19 14 1
19 15 8
19 16 6
19 17 8
19 18 4
20 0 9
20 1 3
20 2 7
20 3 6
20 4 9
20 5 3
20 6 7
20 7 7
20 8 5
20 9 2
20 10 6
20 11 1
20 12 5
20 13 8
20 14 6
20 15 2
20 16 4
20 17 3
20 18 1
20 19 7
21 0 8
21 1 1
21 2 2
21 3 4
21 4 9
21 5 2
21 6 5
21 7 6
21 8 2
21 9 7
21 10 3
21 11 5
21 12 6
21 13 6
21 14 7
21 15 8
21 16 7
21 17 8
21 18 3
21 19 1
21 20 7
22 0 9
22 1 9
22 2 8
22 3 3
22 4 5
22 5 8
22 6 8
22 7 9
22 8 6
22 9 6
22 10 1
22 11 5
22 12 6
22 13 1
22 14 5
22 15 7
22 16 4
22 17 2
22 18 1
22 19 8
22 20 3
22 21 7
23 0 8
23 1 2
23 2 6
23 3 4
23 4 6
23 5 4
23 6 9
23 7 7
23 8 1
23 9 1
23 10 7
23 11 2
23 12 4
23 13 2
23 14 5
23 15 3
23 16 7
23 17 4
23 18 4
23 19 8
23 20 7
23 21 1
23 22 2
24 0 9
24 1 7
24 2 5
24 3 8
24 4 2
24 5 9
24 6 6
24 7 8
24 8 2
24 9 3
24 10 7
24 11 7
24 12 7
24 13 2
24 14 6
24 15 1
24 16 8
24 17 8
24 18 7
24 19 4
24 20 1
24 21 4
24 22 9
24 23 1
25 0 2
25 1 3
25 2 8
25 3 4
25 4 4
25 5 3
25 6 6
25 7 3
25 8 3
25 9 1
25 10 7
25 11 6
25 12 7
25 13 3
25 14 1
25 15 7
25 16 9
25 17 7
25 18 2
25 19 2
25 20 2
25 21 3
25 22 3
25 23 6
25 24 5
26 0 2
26 1 2
26 2 6
26 3 2
26 4 4
26 5 9
26 6 3
26 7 3
26 8 9
26 9 8
26 10 7
26 11 4
26 12 1
26 13 6
26 14 7
26 15 7
26 16 8
26 17 2
26 18 1
26 19 6
26 20 8
26 21 3
26 22 4
26 23 7
26 24 9
26 25 2
27 0 3
27 1 8
27 2 5
27 3 9
27 4 2
27 5 6
27 6 9
27 7 7
27 8 4
27 9 7
27 10 9
27 11 6
27 12 6
27 13 2
27 14 5
27 15 1
27 16 4
27 17 3
27 18 9
27 19 1
27 20 5
27 21 2
27 22 3
27 23 5
27 24 7
27 25 3
27 26 8
28 0 5
28 1 9
28 2 2
28 3 8
28 4 7
28 5 8
28 6 8
28 7 3
28 8 3
28 9 1
28 10 5
28 11 3
28 12 9
28 13 2
28 14 5
28 15 5
28 16 3
28 17 3
28 18 7
28 19 8
28 20 9
28 21 7
28 22 7
28 23 6
28 24 2
28 25 8
28 26 9
28 27 6
29 0 5
29 1 1
29 2 4
29 3 3
29 4 5
29 5 3
29 6 7
29 7 6
29 8 2
29 9 4
29 10 5
29 11 1
29 12 8
29 13 6
29 14 4
29 15 5
29 16 3
29 17 3
29 18 6
29 19 7
29 20 2
29 21 7
29 22 3
29 23 6
29 24 8
29 25 3
29 26 6
29 27 3
29 28 5
30 0 1
30 1 4
30 2 7
30 3 7
30 4 7
30 5 3
30 6 4
30 7 3
30 8 9
30 9 9
30 10 7
30 11 6
30 12 2
30 13 4
30 14 8
30 15 5
30 16 7
30 17 3
30 18 8
30 19 8
30 20 8
30 21 5
30 22 4
30 23 8
30 24 7
30 25 7
30 26 5
30 27 1
30 28 1
30 29 6
31 0 6
31 1 6
31 2 9
31 3 9
31 4 5
31 5 4
31 6 9
31 7 4
31 8 5
31 9 8
31 10 9
31 11 8
31 12 8
31 13 8
31 14 6
31 15 1
31 16 4
31 17 1
31 18 3
31 19 2
31 20 6
31 21 6
31 22 4
31 23 9
31 24 5
31 25 8
31 26 5
31 27 9
31 28 2
31 29 4
31 30 3
32 0 9
32 1 4
32 2 4
32 3 8
32 4 2
32 5 2
32 6 6
32 7 9
32 8 4
32 9 5
32 10 3
32 11 8
32 12 6
32 13 2
32 14 2
32 15 8
32 16 8
32 17 1
32 18 7
32 19 1
32 20 1
32 21 1
32 22 1
32 23 9
32 24 8
32 25 5
32 26 7
32 27 3
32 28 9
32 29 5
32 30 5
32 31 8
33 0 1
33 1 1
33 2 4
33 3 2
33 4 1
33 5 8
33 6 8
33 7 5
33 8 1
33 9 1
33 10 6
33 11 3
33 12 5
33 13 5
33 14 8
33 15 9
33 16 2
33 17 4
33 18 2
33 19 9
33 20 7
33 21 9
33 22 2
33 23 9
33 24 1
33 25 1
33 26 9
33 27 2
33 28 9
33 29 6
33 30 1
33 31 2
33 32 7
34 0 6
34 1 2
34 2 5
34 3 7
34 4 7
34 5 2
34 6 1
34 7 3
34 8 9
34 9 6
34 10 6
34 11 6
34 12 8
34 13 1
34 14 5
34 15 8
34 16 7
34 17 2
34 18 8
34 19 6
34 20 8
34 21 6
34 22 9
34 23 5
34 24 3
34 25 7
34 26 7
34 27 8
34 28 5
34 29 7
34 30 9
34 31 8
34 32 9
34 33 9
35 0 6
35 1 9
35 2 8
35 3 9
35 4 4
35 5 5
35 6 2
35 7 2
35 8 9
35 9 2
35 10 3
35 11 7
35 12 7
35 13 5
35 14 3
35 15 1
35 16 1
35 17 9
35 18 7
35 19 1
35 20 2
35 21 8
35 22 2
35 23 2
35 24 8
35 25 7
35 26 1
35 27 2
35 28 3
35 29 5
35 30 1
35 31 9
35 32 9
35 33 9
35 34 1
36 0 9
36 1 8
36 2 6
36 3 9
36 4 3
36 5 5
36 6 1
36 7 2
36 8 1
36 9 4
36 10 5
36 11 7
36 12 1
36 13 7
36 14 2
36 15 4
36 16 7
36 17 2
36 18 7
36 19 9
36 20 7
36 21 5
36 22 3
36 23 3
36 24 2
36 25 5
36 26 7
36 27 5
36 28 5
36 29 3
36 30 4
36 31 6
36 32 1
36 33 7
36 34 5
36 35 7
37 0 8
37 1 8
37 2 1
37 3 9
37 4 1
37 5 6
37 6 3
37 7 5
37 8 5
37 9 7
37 10 7
37 11 6
37 12 7
37 13 4
37 14 3
37 15 4
37 16 5
37 17 1
37 18 7
37 19 5
37 20 9
37 21 8
37 22 4
37 23 2
37 24 8
37 25 7
37 26 5
37 27 8
37 28 3
37 29 2
37 30 3
37 31 4
37 32 3
37 33 8
37 34 3
37 35 9
37 36 3
38 0 7
38 1 9
38 2 3
38 3 7
38 4 1
38 5 6
38 6 8
38 7 4
38 8 3
38 9 3
38 10 8
38 11 9
38 12 9
38 13 1
38 14 1
38 15 5
38 16 7
38 17 4
38 18 9
38 19 3
38 20 3
38 21 8
38 22 2
38 23 6
38 24 7
38 25 2
38 26 4
38 27 2
38 28 7
38 29 6
38 30 2
38 31 9
38 32 6
38 33 7
38 34 6
38 35 8
38 36 5
38 37 9
39 0 4
39 1 8
39 2 8
39 3 9
39 4 5
39 5 9
39 6 6
39 7 6
39 8 5
39 9 9
39 10 5
39 11 1
39 12 1
39 13 8
39 14 6
39 15 8
39 16 5
39 17 1
39 18 5
39 19 3
39 20 6
39 21 5
39 22 9
39 23 2
39 24 6
39 25 4
39 26 8
39 27 1
39 28 7
39 29 6
39 30 8
39 31 2
39 32 7
39 33 4
39 34 3
39 35 1
39 36 8
39 37 6
39 38 2
40 0 2
40 1 2
40 2 2
40 3 2
40 4 6
40 5 4
40 6 3
40 7 6
40 8 5
40 9 1
40 10 5
40 11 2
40 12 6
40 13 4
40 14 3
40 15 8
40 16 6
40 17 7
40 18 4
40 19 3
40 20 3
40 21 7
40 22 7
40 23 2
40 24 5
40 25 6
40 26 8
40 27 9
40 28 5
40 29 6
40 30 1
40 31 8
40 32 8
40 33 3
40 34 7
40 35 5
40 36 5
40 37 3
40 38 8
40 39 8
41 0 4
41 1 5
41 2 2
41 3 5
41 4 6
41 5 2
41 6 1
41 7 2
41 8 6
41 9 6
41 10 9
41 11 6
41 12 1
41 13 2
41 14 3
41 15 7
41 16 6
41 17 3
41 18 7
41 19 1
41 20 4
41 21 3
41 22 5
41 23 2
41 24 9
41 25 1
41 26 8
41 27 2
41 28 9
41 29 3
41 30 4
41 31 1
41 32 3
41 33 2
41 34 4
41 35 6
41 36 9
41 37 7
41 38 7
41 39 1
41 40 4
42 0 9
42 1 3
42 2 4
42 3 6
42 4 1
42 5 8
42 6 6
42 7 5
42 8 2
42 9 3
42 10 8
42 11 1
42 12 3
42 13 3
42 14 8
42 15 6
42 16 1
42 17 6
42 18 9
42 19 2
42 20 9
42 21 4
42 22 3
42 23 7
42 24 8
42 25 7
42 26 8
42 27 4
42 28 6
42 29 7
42 30 9
42 31 5
42 32 7
42 33 2
42 34 8
42 35 2
42 36 3
42 37 4
42 38 1
42 39 4
42 40 3
42 41 2
43 0 5
43 1 9
43 2 8
43 3 4
43 4 6
43 5 5
43 6 5
43 7 2
43 8 4
43 9 1
43 10 6
43 11 3
43 12 5
43 13 1
43 14 8
43 15 4
43 16 4
43 17 4
43 18 8
43 19 7
43 20 7
43 21 4
43 22 8
43 23 1
43 24 2
43 25 6
43 26 3
43 27 3
43 28 9
43 29 7
43 30 2
43 31 4
43 32 9
43 33 2
43 34 8
43 35 6
43 36 8
43 37 7
43 38 4
43 39 3
43 40 3
43 41 2
43 42 9
44 0 2
44 1 9
44 2 1
44 3 6
44 4 7
44 5 6
44 6 7
44 7 8
44 8 6
44 9 9
44 10 6
44 11 2
44 12 4
44 13 6
44 14 3
44 15 6
44 16 8
44 17 9
44 18 2
44 19 2
44 20 4
44 21 5
44 22 7
44 23 6
44 24 5
44 25 2
44 26 5
44 27 6
44 28 9
44 29 7
44 30 5
44 31 9
44 32 8
44 33 8
44 34 2
44 35 3
44 36 7
44 37 6
44 38 5
44 39 2
44 40 6
44 41 7
44 42 8
44 43 7
45 0 2
45 1 2
45 2 3
45 3 3
45 4 6
45 5 4
45 6 4
45 7 6
45 8 6
45 9 5
45 10 5
45 11 4
45 12 1
45 13 7
45 14 5
45 15 9
45 16 4
45 17 8
45 18 7
45 19 3
45 20 4
45 21 7
45 22 5
45 23 7
45 24 1
45 25 3
45 26 9
45 27 7
45 28 5
45 29 6
45 30 4
45 31 4
45 32 4
45 33 3
45 34 9
45 35 7
45 36 4
45 37 3
45 38 6
45 39 8
45 40 9
45 41 3
45 42 1
45 43 2
45 44 8
46 0 2
46 1 4
46 2 6
46 3 8
46 4 1
46 5 7
46 6 5
46 7 1
46 8 6
46 9 2
46 10 9
46 11 7
46 12 2
46 13 4
46 14 4
46 15 6
46 16 5
46 17 2
46 18 4
46 19 9
46 20 5
46 21 1
46 22 2
46 23 5
46 24 6
46 25 3
46 26 7
46 27 9
46 28 8
46 29 2
46 30 9
46 31 9
46 32 9
46 33 1
46 34 7
46 35 7
46 36 5
46 37 9
46 38 7
46 39 6
46 40 5
46 41 7
46 42 8
46 43 8
46 44 4
46 45 3
47 0 3
47 1 6
47 2 7
47 3 4
47 4 1
47 5 9
47 6 5
47 7 5
47 8 7
47 9 2
47 10 3
47 11 4
47 12 8
47 13 5
47 14 4
47 15 5
47 16 5
47 17 5
47 18 9
47 19 1
47 20 9
47 21 9
47 22 4
47 23 4
47 24 8
47 25 7
47 26 5
47 27 9
47 28 5
47 29 2
47 30 5
47 31 9
47 32 2
47 33 2
47 34 3
47 35 1
47 36 1
47 37 3
47 38 4
47 39 3
47 40 3
47 41 6
47 42 2
47 43 6
47 44 6
47 45 8
47 46 2
48 0 7
48 1 7
48 2 8
48 3 3
48 4 1
48 5 9
48 6 8
48 7 6
48 8 9
48 9 7
48 10 7
48 11 8
48 12 6
48 13 5
48 14 3
48 15 6
48 16 4
48 17 8
48 18 5
48 19 9
48 20 1
48 21 3
48 22 5
48 23 8
48 24 7
48 25 5
48 26 4
48 27 4
48 28 1
48 29 5
48 30 4
48 31 9
48 32 1
48 33 7
48 34 7
48 35 4
48 36 3
48 37 2
48 38 8
48 39 8
48 40 7
48 41 2
48 42 7
48 43 3
48 44 4
48 45 1
48 46 5
48 47 2
49 0 4
49 1 7
49 2 5
49 3 7
49 4 8
49 5 6
49 6 9
49 7 6
49 8 8
49 9 4
49 10 6
49 11 9
49 12 4
49 13 6
49 14 1
49 15 1
49 16 8
49 17 5
49 18 7
49 19 8
49 20 9
49 21 9
49 22 6
49 23 4
49 24 6
49 25 9
49 26 9
49 27 7
49 28 1
49 29 2
49 30 9
49 31 4
49 32 5
49 33 9
49 34 3
49 35 1
49 36 6
49 37 6
49 38 6
49 39 3
49 40 5
49 41 8
49 42 2
49 43 3
49 44 5
49 45 4
49 46 3
49 47 9
49 48 2
50 0 7
50 1 2
50 2 4
50 3 3
50 4 3
50 5 7
50 6 8
50 7 3
50 8 1
50 9 4
50 10 4
50 11 1
50 12 3
50 13 9
50 14 1
50 15 7
50 16 9
50 17 8
50 18 8
50 19 2
50 20 2
50 21 7
50 22 3
50 23 5
50 24 6
50 25 7
50 26 1
50 27 7
50 28 4
50 29 9
50 30 6
50 31 6
50 32 1
50 33 4
50 34 8
50 35 6
50 36 4
50 37 8
50 38 5
50 39 2
50 40 7
50 41 1
50 42 5
50 43 6
50 44 1
50 45 3
50 46 7
50 47 4
50 48 1
50 49 7
51 0 9
51 1 4
51 2 4
51 3 1
51 4 3
51 5 2
51 6 2
51 7 8
51 8 5
51 9 3
51 10 2
51 11 3
51 12 3
51 13 4
51 14 6
51 15 6
51 16 6
51 17 1
51 18 3
51 19 4
51 20 7
51 21 4
51 22 2
51 23 3
51 24 3
51 25 4
51 26 7
51 27 4
51 28 2
51 29 5
51 30 5
51 31 5
51 32 6
51 33 8
51 34 5
51 35 8
51 36 8
51 37 4
51 38 1
51 39 8
51 40 7
51 41 6
51 42 4
51 43 1
51 44 3
51 45 5
51 46 3
51 47 4
51 48 2
51 49 6
51 50 3
52 0 5
52 1 4
52 2 3
52 3 2
52 4 7
52 5 9
52 6 8
52 7 5
52 8 5
52 9 5
52 10 8
52 11 9
52 12 9
52 13 6
52 14 3
52 15 9
52 16 2
52 17 8
52 18 7
52 19 9
52 20 1
52 21 3
52 22 3
52 23 6
52 24 8
52 25 8
52 26 7
52 27 2
52 28 9
52 29 6
52 30 1
52 31 7
52 32 2
52 33 2
52 34 3
52 35 7
52 36 6
52 37 5
52 38 5
52 39 8
52 40 2
52 41 1
52 42 6
52 43 4
52 44 7
52 45 3
52 46 6
52 47 7
52 48 6
52 49 3
52 50 9
52 51 5
53 0 2
53 1 5
53 2 3
53 3 3
53 4 5
53 5 4
53 6 4
53 7 8
53 8 1
53 9 7
53 10 5
53 11 4
53 12 5
53 13 9
53 14 3
53 15 4
53 16 6
53 17 5
53 18 6
53 19 1
53 20 2
53 21 5
53 22 3
53 23 6
53 24 5
53 25 1
53 26 5
53 27 4
53 28 4
53 29 7
53 30 2
53 31 3
53 32 4
53 33 6
53 34 9
53 35 4
53 36 9
53 37 8
53 38 4
53 39 1
53 40 7
53 41 6
53 42 8
53 43 1
53 44 7
53 45 7
53 46 3
53 47 5
53 48 8
53 49 4
53 50 4
53 51 7
53 52 8
54 0 2
54 1 1
54 2 5
54 3 7
54 4 7
54 5 9
54 6 6
54 7 1
54 8 8
54 9 6
54 10 6
54 11 8
54 12 8
54 13 8
54 14 7
54 15 9
54 16 3
54 17 2
54 18 1
54 19 2
54 20 9
54 21 1
54 22 4
54 23 8
54 24 9
54 25 6
54 26 7
54 27 2
54 28 8
54 29 2
54 30 8
54 31 7
54 32 7
54 33 8
54 34 1
54 35 6
54 36 3
54 37 7
54 38 2
54 39 6
54 40 9
54 41 8
54 42 9
54 43 4
54 44 1
54 45 5
54 46 6
54 47 8
54 48 9
54 49 2
54 50 9
54 51 1
54 52 8
54 53 8
55 0 1
55 1 6
55 2 2
55 3 5
55 4 2
55 5 5
55 6 3
55 7 5
55 8 6
55 9 8
55 10 5
55 11 8
55 12 6
55 13 7
55 14 5
55 15 2
55 16 2
55 17 9
55 18 9
55 19 3
55 20 7
55 21 5
55 22 7
55 23 5
55 24 7
55 25 2
55 26 2
55 27 5
55 28 7
55 29 9
55 30 3
55 31 8
55 32 4
55 33 5
55 34 5
55 35 5
55 36 4
55 37 8
55 38 1
55 39 9
55 40 4
55 41 3
55 42 7
55 43 4
55 44 5
55 45 7
55 46 4
55 47 7
55 48 5
55 49 7
55 50 2
55 51 1
55 52 6
55 53 1
55 54 9
56 0 3
56 1 1
56 2 6
56 3 3
56 4 9
56 5 4
56 6 2
56 7 9
56 8 9
56 9 7
56 10 7
56 11 6
56 12 4
56 13 3
56 14 8
56 15 4
56 16 6
56 17 5
56 18 2
56 19 1
56 20 8
56 21 6
56 22 1
56 23 6
56 24 9
56 25 2
56 26 9
56 27 8
56 28 7
56 29 2
56 30 4
56 31 2
56 32 4
56 33 2
56 34 7
56 35 5
56 36 8
56 37 1
56 38 4
56 39 1
56 40 1
56 41 6
56 42 7
56 43 6
56 44 4
56 45 5
56 46 6
56 47 9
56 48 6
56 49 3
56 50 6
56 51 1
56 52 8
56 53 4
56 54 1
56 55 7
57 0 3
57 1 6
57 2 2
57 3 9
57 4 8
57 5 8
57 6 2
57 7 3
57 8 5
57 9 2
57 10 2
57 11 8
57 12 2
57 13 8
57 14 7
57 15 1
57 16 2
57 17 3
57 18 6
57 19 2
57 20 8
57 21 4
57 22 4
57 23 9
57 24 7
57 25 1
57 26 7
57 27 4
57 28 6
57 29 5
57 30 8
57 31 7
57 32 3
57 33 4
57 34 4
57 35 9
57 36 2
57 37 7
57 38 4
57 39 4
57 40 6
57 41 1
57 42 3
57 43 7
57 44 7
57 45 3
57 46 1
57 47 1
57 48 7
57 49 6
57 50 6
57 51 8
57 52 3
57 53 7
57 54 6
57 55 3
57 56 2
58 0 7
58 1 2
58 2 6
58 3 4
58 4 2
58 5 1
58 6 5
58 7 8
58 8 6
58 9 8
58 10 7
58 11 7
58 12 7
58 13 9
58 14 7
58 15 7
58 16 9
58 17 4
58 18 5
58 19 3
58 20 8
58 21 2
58 22 4
58 23 4
58 24 3
58 25 3
58 26 8
58 27 1
58 28 5
58 29 9
58 30 1
58 31 9
58 32 1
58 33 7
58 34 1
58 35 1
58 36 7
58 37 2
58 38 9
58 39 4
58 40 7
58 41 6
58 42 8
58 43 1
58 44 3
58 45 9
58 46 8
58 47 5
58 48 5
58 49 2
58 50 1
58 51 2
58 52 7
58 53 8
58 54 5
58 55 2
58 56 8
58 57 3
59 0 2
59 1 6
59 2 1
59 3 9
59 4 7
59 5 1
59 6 3
59 7 2
59 8 5
59 9 2
59 10 7
59 11 9
59 12 9
59 13 1
59 14 6
59 15 5
59 16 8
59 17 1
59 18 4
59 19 5
59 20 7
59 21 9
59 22 8
59 23 2
59 24 3
59 25 4
59 26 4
59 27 6
59 28 7
59 29 9
59 30 4
59 31 4
59 32 1
59 33 2
59 34 2
59 35 8
59 36 9
59 37 9
59 38 9
59 39 4
59 40 9
59 41 7
59 42 6
59 43 5
59 44 2
59 45 2
59 46 9
59 47 7
59 48 7
59 49 8
59 50 4
59 51 3
59 52 9
59 53 4
59 54 9
59 55 1
59 56 8
59 57 4
59 58 6
60 0 5
60 1 7
60 2 7
60 3 6
60 4 1
60 5 5
60 6 4
60 7 3
60 8 2
60 9 3
60 10 5
60 11 5
60 12 3
60 13 2
60 14 5
60 15 8
60 16 3
60 17 6
60 18 1
60 19 9
60 20 6
60 21 5
60 22 8
60 23 6
60 24 1
60 25 4
60 26 9
60 27 1
60 28 3
60 29 4
60 30 8
60 31 1
60 32 3
60 33 8
60 34 2
60 35 5
60 36 9
60 37 4
60 38 1
60 39 2
60 40 6
60 41 5
60 42 4
60 43 1
60 44 4
60 45 1
60 46 9
60 47 8
60 48 8
60 49 5
60 50 7
60 51 6
60 52 3
60 53 2
60 54 4
60 55 3
60 56 1
60 57 7
60 58 4
60 59 5
61 0 9
61 1 6
61 2 1
61 3 7
61 4 3
61 5 4
61 6 1
61 7 6
61 8 3
61 9 2
61 10 9
61 11 5
61 12 9
61 13 2
61 14 5
61 15 6
61 16 1
61 17 3
61 18 6
61 19 6
61 20 9
61 21 9
61 22 2
61 23 5
61 24 6
61 25 8
61 26 1
61 27 1
61 28 1
61 29 4
61 30 8
61 31 5
61 32 3
61 33 5
61 34 2
61 35 5
61 36 7
61 37 2
61 38 5
61 39 7
61 40 9
61 41 3
61 42 7
61 43 4
61 44 3
61 45 7
61 46 5
61 47 7
61 48 3
61 49 2
61 50 4
61 51 9
61 52 3
61 53 9
61 54 8
61 55 7
61 56 1
61 57 2
61 58 8
61 59 2
61 60 5
62 0 2
62 1 8
62 2 8
62 3 5
62 4 6
62 5 8
62 6 2
62 7 7
62 8 7
62 9 7
62 10 6
62 11 3
62 12 3
62 13 2
62 14 4
62 15 9
62 16 4
62 17 1
62 18 3
62 19 6
62 20 7
62 21 9
62 22 2
62 23 6
62 24 4
62 25 6
62 26 6
62 27 6
62 28 7
62 29 9
62 30 2
62 31 1
62 32 2
62 33 3
62 34 3
62 35 8
62 36 8
62 37 5
62 38 2
62 39 4
62 40 2
62 41 7
62 42 5
62 43 4
62 44 5
62 45 2
62 46 8
62 47 9
62 48 6
62 49 5
62 50 8
62 51 1
62 52 5
62 53 4
62 54 1
62 55 2
62 56 8
62 57 2
62 58 7
62 59 5
62 60 9
62 61 2
63 0 9
63 1 6
63 2 3
63 3 1
63 4 3
63 5 5
63 6 3
63 7 4
63 8 7
63 9 4
63 10 9
63 11 7
63 12 9
63 13 5
63 14 5
63 15 2
63 16 2
63 17 5
63 18 1
63 19 6
63 20 2
63 21 8
63 22 6
63 23 2
63 24 9
63 25 2
63 26 7
63 27 3
63 28 1
63 29 6
63 30 3
63 31 8
63 32 8
63 33 5
63 34 1
63 35 4
63 36 6
63 37 5
63 38 2
63 39 9
63 40 7
63 41 4
63 42 8
63 43 5
63 44 3
63 45 2
63 46 1
63 47 3
63 48 2
63 49 6
63 50 1
63 51 1
63 52 3
63 53 6
63 54 4
63 55 9
63 56 1
63 57 5
63 58 4
63 59 3
63 60 5
63 61 9
63 62 1
64 0 8
64 1 2
64 2 1
64 3 5
64 4 4
64 5 5
64 6 5
64 7 9
64 8 1
64 9 3
64 10 4
64 11 9
64 12 8
64 13 7
64 14 3
64 15 1
64 16 8
64 17 8
64 18 7
64 19 8
64 20 6
64 21 5
64 22 2
64 23 5
64 24 7
64 25 4
64 26 4
64 27 4
64 28 3
64 29 1
64 30 4
64 31 9
64 32 5
64 33 4
64 34 4
64 35 7
64 36 9
64 37 9
64 38 6
64 39 8
64 40 3
64 41 2
64 42 8
64 43 3
64 44 8
64 45 8
64 46 7
64 47 7
64 48 8
64 49 5
64 50 1
64 51 7
64 52 8
64 53 9
64 54 3
64 55 6
64 56 5
64 57 4
64 58 5
64 59 2
64 60 8
64 61 5
64 62 2
64 63 8
65 0 5
65 1 6
65 2 8
65 3 5
65 4 1
65 5 4
65 6 1
65 7 1
65 8 9
65 9 4
65 10 6
65 11 4
65 12 5
65 13 6
65 14 4
65 15 9
65 16 3
65 17 6
65 18 8
65 19 1
65 20 1
65 21 8
65 22 8
65 23 8
65 24 3
65 25 2
65 26 1
65 27 4
65 28 4
65 29 6
65 30 5
65 31 5
65 32 7
65 33 3
65 34 5
65 35 7
65 36 2
65 37 4
65 38 8
65 39 5
65 40 5
65 41 1
65 42 2
65 43 3
65 44 8
65 45 4
65 46 9
65 47 7
65 48 7
65 49 6
65 50 8
65 51 4
65 52 3
65 53 4
65 54 5
65 55 9
65 56 1
65 57 3
65 58 3
65 59 2
65 60 1
65 61 6
65 62 2
65 63 4
65 64 1
66 0 2
66 1 9
66 2 1
66 3 6
66 4 7
66 5 6
66 6 1
66 7 1
66 8 6
66 9 7
66 10 1
66 11 6
66 12 2
66 13 1
66 14 7
66 15 3
66 16 3
66 17 8
66 18 3
66 19 2
66 20 2
66 21 7
66 22 7
66 23 7
66 24 3
66 25 6
66 26 4
66 27 2
66 28 5
66 29 1
66 30 5
66 31 6
66 32 2
66 33 6
66 34 5
66 35 8
66 36 8
66 37 3
66 38 6
66 39 9
66 40 4
66 41 9
66 42 4
66 43 7
66 44 1
66 45 2
66 46 4
66 47 6
66 48 7
66 49 7
66 50 8
66 51 5
66 52 9
66 53 7
66 54 7
66 55 5
66 56 4
66 57 8
66 58 2
66 59 5
66 60 9
66 61 6
66 62 7
66 63 4
66 64 2
66 65 6
67 0 9
67 1 3
67 2 4
67 3 8
67 4 2
67 5 4
67 6 6
67 7 3
67 8 2
67 9 1
67 10 6
67 11 2
67 12 5
67 13 8
67 14 4
67 15 4
67 16 4
67 17 2
67 18 6
67 19 3
67 20 3
67 21 7
67 22 6
67 23 3
67 24 3
67 25 5
67 26 9
67 27 7
67 28 1
67 29 3
67 30 3
67 31 1
67 32 7
67 33 3
67 34 5
67 35 2
67 36 7
67 37 1
67 38 4
67 39 2
67 40 1
67 41 8
67 42 4
67 43 6
67 44 9
67 45 3
67 46 8
67 47 8
67 48 6
67 49 5
67 50 1
67 51 7
67 52 2
67 53 9
67 54 3
67 55 4
67 56 5
67 57 1
67 58 6
67 59 8
67 60 1
67 61 9
67 62 4
67 63 8
67 64 5
67 65 6
67 66 5
68 0 6
68 1 9
68 2 5
68 3 7
68 4 1
68 5 9
68 6 1
68 7 9
68 8 3
68 9 3
68 10 6
68 11 7
68 12 4
68 13 9
68 14 8
68 15 8
68 16 8
68 17 9
68 18 4
68 19 4
68 20 4
68 21 1
68 22 7
68 23 7
68 24 9
68 25 7
68 26 5
68 27 8
68 28 9
68 29 2
68 30 2
68 31 5
68 32 7
68 33 3
68 34 9
68 35 8
68 36 8
68 37 6
68 38 6
68 39 9
68 40 7
68 41 9
68 42 5
68 43 9
68 44 7
68 45 3
68 46 9
68 47 7
68 48 6
68 49 3
68 50 3
68 51 1
68 52 1
68 53 9
68 54 2
68 55 7
68 56 2
68 57 8
68 58 9
68 59 4
68 60 4
68 61 9
68 62 8
68 63 1
68 64 5
68 65 7
68 66 8
68 67 2
69 0 3
69 1 5
69 2 5
69 3 8
69 4 2
69 5 3
69 6 6
69 7 9
69 8 4
69 9 9
69 10 2
69 11 8
69 12 3
69 13 5
69 14 5
69 15 9
69 16 9
69 17 7
69 18 3
69 19 7
69 20 9
69 21 5
69 22 6
69 23 7
69 24 5
69 25 1
69 26 8
69 27 3
69 28 1
69 29 9
69 30 9
69 31 9
69 32 5
69 33 9
69 34 9
69 35 8
69 36 6
69 37 1
69 38 7
69 39 2
69 40 2
69 41 4
69 42 4
69 43 9
69 44 3
69 45 7
69 46 9
69 47 5
69 48 8
69 49 1
69 50 4
69 51 2
69 52 6
69 53 2
69 54 2
69 55 5
69 56 4
69 57 8
69 58 6
69 59 4
69 60 6
69 61 9
69 62 9
69 63 3
69 64 3
69 65 6
69 66 2
69 67 7
69 68 6
