40
1 0 1
2 0 3
2 1 4
3 0 2
3 1 1
3 2 2
4 0 4
4 1 1
4 2 2
4 3 4
5 0 5
5 1 2
5 2 1
5 3 2
5 4 2
6 0 4
6 1 2
6 2 2
6 3 1
6 4 2
6 5 1
7 0 5
7 1 3
7 2 3
7 3 1
7 4 4
7 5 2
7 6 2
8 0 3
8 1 5
8 2 1
8 3 5
8 4 1
8 5 5
8 6 3
8 7 5
9 0 4
9 1 4
9 2 2
9 3 5
9 4 5
9 5 4
9 6 4
9 7 3
9 8 2
10 0 1
10 1 4
10 2 5
10 3 3
10 4 4
10 5 1
10 6 2
10 7 1
10 8 2
10 9 3
11 0 4
11 1 1
11 2 4
11 3 1
11 4 2
11 5 1
11 6 5
11 7 2
11 8 4
11 9 4
11 10 2
12 0 2
12 1 5
12 2 5
12 3 4
12 4 1
12 5 1
12 6 2
12 7 4
12 8 5
12 9 3
12 10 2
12 11 5
13 0 4
13 1 2
13 2 2
13 3 2
13 4 3
13 5 1
13 6 3
13 7 5
13 8 3
13 9 4
13 10 3
13 11 3
13 12 2
14 0 2
14 1 1
14 2 3
14 3 1
14 4 3
14 5 3
14 6 5
14 7 2
14 8 3
14 9 3
14 10 3
14 11 4
14 12 3
14 13 5
15 0 1
15 1 2
15 2 3
15 3 5
15 4 3
15 5 4
15 6 5
15 7 2
15 8 1
15 9 2
15 10 1
15 11 2
15 12 4
15 13 2
15 14 4
16 0 3
16 1 5
16 2 2
16 3 3
16 4 5
16 5 2
16 6 2
16 7 5
16 8 3
16 9 3
16 10 5
16 11 2
16 12 3
16 13 4
16 14 4
16 15 4
17 0 3
17 1 5
17 2 3
17 3 2
17 4 4
17 5 4
17 6 3
17 7 4
17 8 1
17 9 2
17 10 4
17 11 4
17 12 4
17 13 3
17 14 2
17 15 5
17 16 1
18 0 4
18 1 3
18 2 4
18 3 3
18 4 5
18 5 3
18 6 5
18 7 5
18 8 3
18 9 3
18 10 2
18 11 4
18 12 3
18 13 2
18 14 1
18 15 5
18 16 3
18 17 2
19 0 3
19 1 5
19 2 4
19 3 1
19 4 2
19 5 1
19 6 3
19 7 4
19 8 5
19 9 2
19 10 2
19 11 1
19 12 3
19 13 2
19 14 5
19 15 5
19 16 3
19 17 2
19 18 3
20 0 5
20 1 4
20 2 2
20 3 2
20 4 3
20 5 1
20 6 3
20 7 3
20 8 5
20 9 4
20 10 5
20 11 2
20 12 5
20 13 5
20 14 4
20 15 2
20 16 3
20 17 3
20 18 5
20 19 3
21 0 1
21 1 3
21 2 2
21 3 4
21 4 5
21 5 4
21 6 1
21 7 3
21 8 3
21 9 1
21 10 3
21 11 3
21 12 2
21 13 5
21 14 4
21 15 1
21 16 3
21 17 1
21 18 5
21 19 3
21 20 2
22 0 3
22 1 4
22 2 5
22 3 2
22 4 2
22 5 5
22 6 5
22 7 2
22 8 2
22 9 5
22 10 2
22 11 2
22 12 2
22 13 1
22 14 1
22 15 2
22 16 3
22 17 3
22 18 2
22 19 5
22 20 2
22 21 1
23 0 3
23 1 3
23 2 1
23 3 3
23 4 1
23 5 4
23 6 4
23 7 2
23 8 5
23 9 2
23 10 1
23 11 2
23 12 4
23 13 5
23 14 4
23 15 2
23 16 3
23 17 1
23 18 5
23 19 4
23 20 1
23 21 2
23 22 4
24 0 4
24 1 5
24 2 3
24 3 3
24 4 3
24 5 3
24 6 3
24 7 4
24 8 5
24 9 2
24 10 4
24 11 2
24 12 4
24 13 4
24 14 1
24 15 4
24 16 1
24 17 3
24 18 1
24 19 2
24 20 1
24 21 4
24 22 5
24 23 2
25 0 5
25 1 5
25 2 4
25 3 3
25 4 3
25 5 4
25 6 2
25 7 5
25 8 3
25 9 2
25 10 4
25 11 4
25 12 4
25 13 1
25 14 3
25 15 2
25 16 1
25 17 3
25 18 4
25 19 2
25 20 2
25 21 1
25 22 5
25 23 3
25 24 5
26 0 3
26 1 4
26 2 3
26 3 4
26 4 4
26 5 5
26 6 5
26 7 5
26 8 4
26 9 5
26 10 4
26 11 4
26 12 1
26 13 4
26 14 5
26 15 1
26 16 5
26 17 1
26 18 3
26 19 1
26 20 5
26 21 4
26 22 5
26 23 1
26 24 1
26 25 2
27 0 5
27 1 3
27 2 1
27 3 3
27 4 3
27 5 5
27 6 3
27 7 1
27 8 2
27 9 1
27 10 2
27 11 2
27 12 4
27 13 1
27 14 5
27 15 4
27 16 5
27 17 2
27 18 3
27 19 2
27 20 3
27 21 3
27 22 5
27 23 5
27 24 4
27 25 2
27 26 1
28 0 5
28 1 1
28 2 3
28 3 2
28 4 1
28 5 2
28 6 1
28 7 1
28 8 5
28 9 2
28 10 3
28 11 2
28 12 4
28 13 5
28 14 3
28 15 4
28 16 4
28 17 5
28 18 5
28 19 4
28 20 4
28 21 3
28 22 4
28 23 5
28 24 1
28 25 1
28 26 2
28 27 2
29 0 4
29 1 1
29 2 1
29 3 2
29 4 5
29 5 3
29 6 1
29 7 3
29 8 4
29 9 1
29 10 1
29 11 2
29 12 1
29 13 4
29 14 4
29 15 2
29 16 4
29 17 5
29 18 5
29 19 4
29 20 4
29 21 4
29 22 3
29 23 5
29 24 1
29 25 2
29 26 4
29 27 2
29 28 5
30 0 5
30 1 2
30 2 3
30 3 5
30 4 2
30 5 4
30 6 4
30 7 1
30 8 2
30 9 5
30 10 2
30 11 3
30 12 2
30 13 5
30 14 4
30 15 5
30 16 5
30 17 4
30 18 5
30 19 2
30 20 1
30 21 3
30 22 1
30 23 1
30 24 1
30 25 4
30 26 1
30 27 2
30 28 3
30 29 3
31 0 2
31 1 5
31 2 5
31 3 3
31 4 4
31 5 4
31 6 3
31 7 3
31 8 4
31 9 4
31 10 1
31 11 3
31 12 5
31 13 2
31 14 5
31 15 3
31 16 2
31 17 4
31 18 3
31 19 1
31 20 2
31 21 2
31 22 4
31 23 4
31 24 2
31 25 3
31 26 3
31 27 1
31 28 5
31 29 1
31 30 2
32 0 2
32 1 2
32 2 5
32 3 3
32 4 3
32 5 3
32 6 5
32 7 5
32 8 5
32 9 3
32 10 2
32 11 1
32 12 2
32 13 1
32 14 3
32 15 5
32 16 5
32 17 5
32 18 3
32 19 5
32 20 5
32 21 3
32 22 4
32 23 3
32 24 3
32 25 1
32 26 5
32 27 1
32 28 4
32 29 4
32 30 3
32 31 5
33 0 4
33 1 4
33 2 2
33 3 2
33 4 1
33 5 3
33 6 1
33 7 2
33 8 5
33 9 3
33 10 1
33 11 4
33 12 4
33 13 1
33 14 3
33 15 3
33 16 5
33 17 2
33 18 5
33 19 2
33 20 5
33 21 3
33 22 5
33 23 5
33 24 2
33 25 4
33 26 4
33 27 4
33 28 3
33 29 1
33 30 4
33 31 1
33 32 2
34 0 2
34 1 2
34 2 2
34 3 3
34 4 1
34 5 3
34 6 3
34 7 4
34 8 3
34 9 4
34 10 3
34 11 5
34 12 4
34 13 3
34 14 2
34 15 2
34 16 1
34 17 1
34 18 2
34 19 2
34 20 5
34 21 4
34 22 4
34 23 4
34 24 5
34 25 1
34 26 5
34 27 5
34 28 2
34 29 1
34 30 5
34 31 5
34 32 2
34 33 2
35 0 5
35 1 5
35 2 4
35 3 5
35 4 2
35 5 5
35 6 5
35 7 1
35 8 1
35 9 5
35 10 3
35 11 1
35 12 4
35 13 3
35 14 3
35 15 1
35 16 5
35 17 2
35 18 5
35 19 2
35 20 1
35 21 4
35 22 1
35 23 3
35 24 3
35 25 5
35 26 4
35 27 4
35 28 1
35 29 4
35 30 1
35 31 4
35 32 4
35 33 2
35 34 3
36 0 5
36 1 2
36 2 2
36 3 5
36 4 2
36 5 3
36 6 2
36 7 1
36 8 2
36 9 5
36 10 1
36 11 3
36 12 1
36 13 1
36 14 2
36 15 1
36 16 4
36 17 1
36 18 3
36 19 4
36 20 4
36 21 3
36 22 2
36 23 3
36 24 2
36 25 1
36 26 4
36 27 1
36 28 2
36 29 4
36 30 4
36 31 4
36 32 5
36 33 1
36 34 2
36 35 1
37 0 1
37 1 2
37 2 3
37 3 3
37 4 5
37 5 2
37 6 5
37 7 3
37 8 1
37 9 2
37 10 5
37 11 2
37 12 1
37 13 4
37 14 5
37 15 1
37 16 4
37 17 1
37 18 2
37 19 4
37 20 2
37 21 3
37 22 3
37 23 4
37 24 2
37 25 3
37 26 1
37 27 1
37 28 2
37 29 1
37 30 2
37 31 3
37 32 1
37 33 3
37 34 1
37 35 1
37 36 2
38 0 1
38 1 2
38 2 5
38 3 4
38 4 1
38 5 2
38 6 3
38 7 1
38 8 5
38 9 4
38 10 1
38 11 5
38 12 1
38 13 1
38 14 2
38 15 5
38 16 3
38 17 2
38 18 3
38 19 3
38 20 2
38 21 2
38 22 4
38 23 4
38 24 4
38 25 1
38 26 1
38 27 3
38 28 5
38 29 5
38 30 4
38 31 1
38 32 2
38 33 4
38 34 3
38 35 4
38 36 2
38 37 4
39 0 5
39 1 3
39 2 3
39 3 3
39 4 2
39 5 1
39 6 2
39 7 5
39 8 3
39 9 5
39 10 5
39 11 5
39 12 1
39 13 4
39 14 2
39 15 1
39 16 1
39 17 3
39 18 4
39 19 5
39 20 4
39 21 4
39 22 1
39 23 4
39 24 5
39 25 5
39 26 4
39 27 2
39 28 4
39 29 3
39 30 4
39 31 3
39 32 1
39 33 2
39 34 2
39 35 2
39 36 4
39 37 4
39 38 3
