40
2 1 2
3 0 2
3 2 2
4 1 4
5 2 4
5 4 2
6 1 4
6 3 3
6 4 1
7 0 2
7 2 3
7 4 4
7 5 4
8 0 3
8 2 4
8 3 4
8 4 2
8 5 2
8 7 4
9 1 4
9 2 3
9 3 4
9 4 2
9 5 4
9 7 4
10 1 4
10 3 1
10 7 1
10 8 4
10 9 3
11 0 1
11 1 2
11 2 2
11 4 3
11 8 1
11 9 3
11 10 1
12 0 3
12 2 1
12 3 2
12 4 2
12 6 4
12 7 4
12 9 4
12 10 4
13 6 1
13 7 4
13 8 2
13 10 3
13 11 3
14 1 4
14 3 3
14 7 4
14 8 4
14 9 2
14 11 3
14 13 3
15 0 1
15 4 2
15 5 2
15 6 1
15 10 1
15 12 2
15 14 3
16 1 3
16 3 3
16 4 3
16 6 1
16 7 3
16 8 4
16 10 3
16 12 4
16 15 4
17 0 2
17 1 2
17 3 2
17 5 2
17 6 2
17 8 3
17 9 1
17 10 4
17 11 4
17 12 2
17 14 3
17 15 4
17 16 4
18 3 4
18 4 1
18 5 3
18 8 3
18 10 1
18 11 3
18 12 3
18 14 3
18 15 1
18 16 1
19 0 2
19 1 3
19 6 3
19 7 2
19 8 1
19 9 2
19 10 4
19 14 3
19 15 2
20 8 4
20 11 3
20 13 3
20 15 4
20 16 4
20 18 4
21 0 3
21 2 2
21 5 3
21 6 2
21 7 3
21 10 3
21 13 3
21 14 1
21 16 4
21 17 4
21 18 1
21 20 2
22 2 3
22 3 1
22 4 4
22 6 3
22 7 1
22 10 2
22 12 4
22 13 4
22 15 2
22 17 3
22 19 3
22 21 1
23 1 3
23 10 4
23 12 3
23 13 1
23 15 4
23 16 3
23 17 2
23 18 4
23 21 4
24 0 4
24 1 3
24 3 1
24 4 2
24 6 3
24 8 2
24 11 1
24 14 2
24 16 1
24 19 3
25 0 1
25 1 1
25 2 2
25 4 3
25 6 3
25 8 3
25 10 4
25 12 3
25 14 4
25 17 3
25 18 1
26 0 1
26 2 3
26 3 3
26 4 1
26 5 1
26 7 1
26 9 2
26 12 4
26 13 1
26 14 1
26 15 2
26 16 2
26 19 3
26 23 4
26 25 4
27 0 1
27 3 4
27 4 4
27 8 1
27 10 4
27 12 2
27 14 4
27 16 2
27 19 4
27 20 1
27 23 4
27 24 4
27 25 1
28 0 1
28 1 2
28 2 1
28 4 1
28 12 3
28 16 2
28 20 2
28 21 1
29 0 3
29 1 4
29 3 2
29 5 4
29 6 4
29 7 2
29 11 3
29 12 3
29 16 3
29 17 3
29 18 2
29 21 3
29 25 4
30 2 3
30 3 2
30 6 3
30 7 3
30 8 3
30 9 1
30 10 1
30 12 4
30 15 2
30 17 1
30 18 3
30 29 4
31 0 4
31 1 2
31 2 2
31 3 3
31 4 3
31 5 3
31 6 4
31 7 4
31 8 1
31 10 2
31 16 1
31 17 1
31 21 1
31 22 3
31 23 4
31 24 4
31 26 3
31 27 2
31 29 2
31 30 3
32 5 1
32 8 3
32 11 2
32 12 4
32 13 2
32 14 2
32 17 3
32 18 4
32 21 1
32 22 2
32 24 2
32 28 2
32 30 4
32 31 3
33 0 4
33 1 4
33 2 4
33 7 4
33 8 2
33 9 3
33 10 4
33 11 3
33 12 2
33 13 2
33 14 3
33 15 1
33 17 2
33 18 1
33 26 4
33 27 4
33 28 2
33 30 1
33 31 1
34 0 3
34 1 1
34 2 4
34 3 2
34 4 1
34 5 3
34 6 2
34 8 2
34 10 1
34 12 4
34 13 1
34 15 3
34 16 2
34 18 4
34 19 1
34 23 4
34 24 2
34 25 1
34 27 1
34 28 3
34 29 2
34 32 1
35 1 3
35 4 1
35 5 1
35 6 2
35 8 2
35 9 3
35 10 3
35 11 4
35 16 4
35 18 4
35 19 3
35 20 1
35 21 2
35 23 1
35 25 3
35 28 2
35 30 1
35 32 1
35 33 4
36 0 4
36 2 4
36 3 1
36 5 1
36 6 1
36 9 3
36 10 3
36 16 1
36 18 2
36 19 1
36 22 4
36 23 3
36 26 1
36 32 2
36 33 1
37 2 1
37 3 3
37 8 2
37 10 2
37 11 4
37 13 3
37 15 2
37 16 4
37 17 1
37 20 3
37 22 2
37 25 2
37 27 2
37 28 3
37 32 2
37 34 4
37 36 1
38 0 1
38 2 1
38 3 4
38 5 2
38 6 4
38 8 3
38 9 3
38 13 4
38 14 3
38 15 1
38 16 1
38 19 3
38 20 1
38 21 1
38 24 4
38 25 2
38 29 3
38 31 3
38 32 2
38 35 4
38 37 2
39 1 4
39 7 3
39 8 2
39 9 3
39 10 2
39 11 2
39 12 4
39 13 2
39 14 4
39 15 4
39 16 3
39 17 2
39 19 4
39 24 3
39 25 4
39 27 1
39 33 4
39 34 3
39 35 2
39 38 3
