20
3 0 8
3 1 7
4 0 8
4 2 8
4 3 7
5 2 1
5 3 9
5 4 8
6 1 7
6 2 8
6 4 3
7 0 4
7 2 1
7 3 7
7 4 8
7 5 6
7 6 5
8 1 1
8 2 4
8 3 3
8 5 1
9 0 2
9 2 3
9 4 9
9 5 6
9 7 6
9 8 3
10 1 2
10 3 9
10 7 1
10 8 5
10 9 9
11 0 8
11 1 3
11 2 5
11 5 4
11 6 7
11 9 5
11 10 1
12 0 7
12 1 1
12 2 8
12 6 3
12 11 3
13 2 5
13 3 1
13 5 3
13 6 8
13 7 1
13 8 5
13 11 2
13 12 7
14 0 3
14 3 7
14 5 9
14 9 6
14 11 6
15 1 9
15 2 9
15 3 6
15 4 8
15 5 9
15 13 9
16 0 6
16 4 1
16 5 6
16 6 7
16 8 5
16 9 4
16 11 4
16 14 8
17 0 9
17 1 6
17 2 8
17 6 7
17 7 3
17 9 1
17 10 8
17 11 2
17 12 1
17 16 3
18 0 1
18 2 2
18 5 4
18 6 8
18 8 5
18 12 1
18 13 7
18 16 5
19 0 5
19 2 7
19 4 6
19 6 9
19 17 8
19 18 2
