70
1 0 6
2 1 1
3 0 2
3 2 9
4 0 5
4 1 4
4 3 8
5 2 9
6 0 4
6 4 1
7 0 1
7 2 4
7 4 1
7 6 1
8 2 8
8 5 2
9 6 2
9 8 7
10 0 8
10 1 3
10 5 9
10 7 4
10 9 8
11 1 9
11 2 4
11 3 10
11 5 9
11 9 4
11 10 6
12 2 7
12 3 6
12 4 7
12 6 6
12 7 3
12 9 2
12 10 3
13 1 10
13 3 7
13 5 5
13 6 2
14 0 4
14 2 2
14 5 3
14 8 8
15 0 10
15 3 4
15 4 3
15 6 6
15 7 8
15 8 10
15 11 3
15 13 9
15 14 7
16 0 5
16 1 10
16 2 10
16 3 7
16 5 8
16 6 3
16 7 6
16 9 8
16 10 8
16 11 10
16 15 3
17 0 8
17 1 10
17 5 10
17 8 8
17 10 5
17 11 7
17 13 6
17 16 1
18 0 5
18 1 9
18 6 6
18 8 2
18 9 8
18 13 2
18 14 1
18 15 6
18 16 3
18 17 8
19 1 4
19 2 2
19 3 3
19 4 1
19 7 5
19 9 4
19 11 4
19 13 5
19 14 7
19 15 2
19 16 7
19 18 9
20 0 10
20 1 10
20 3 2
20 4 1
20 7 5
20 8 4
20 9 7
20 11 10
20 12 9
20 14 1
20 16 1
21 2 3
21 3 6
21 4 6
21 6 2
21 7 7
21 9 7
21 11 10
21 13 8
21 14 7
22 2 4
22 3 9
22 6 1
22 9 1
22 10 5
22 11 2
22 12 4
22 15 8
22 16 5
22 19 1
22 20 3
22 21 10
23 0 3
23 3 2
23 4 5
23 6 7
23 9 9
23 12 8
23 15 8
23 17 7
23 18 5
23 19 10
23 21 8
23 22 9
24 1 1
24 2 1
24 4 9
24 6 9
24 8 3
24 10 5
24 11 1
24 12 8
24 15 6
24 18 5
24 19 10
24 20 4
25 0 3
25 1 5
25 2 8
25 3 1
25 5 7
25 12 2
25 15 4
25 16 1
25 22 5
26 0 2
26 2 6
26 3 2
26 6 3
26 8 7
26 12 5
26 16 9
26 17 10
26 19 9
26 25 7
27 1 10
27 5 4
27 6 4
27 7 5
27 11 5
27 12 3
27 19 5
27 20 3
27 22 1
27 24 10
27 26 9
28 0 2
28 1 7
28 2 9
28 3 7
28 6 8
28 9 5
28 10 4
28 16 5
28 17 1
28 22 8
28 26 9
29 2 3
29 4 10
29 11 5
29 12 3
29 14 6
29 15 2
29 16 2
29 17 4
29 18 8
29 19 1
29 20 10
29 23 7
29 24 4
29 25 1
30 1 4
30 4 8
30 5 8
30 6 1
30 8 6
30 9 7
30 14 8
30 19 4
30 20 7
30 22 10
30 25 10
30 26 2
30 27 1
30 28 7
30 29 9
31 1 9
31 2 3
31 3 4
31 4 7
31 5 5
31 6 10
31 10 10
31 11 8
31 13 4
31 14 4
31 18 8
31 23 3
31 26 9
31 27 9
31 28 6
31 29 10
31 30 6
32 0 10
32 1 8
32 4 10
32 5 10
32 6 1
32 8 5
32 10 8
32 18 5
32 20 2
32 21 8
32 22 2
32 23 2
32 24 1
32 25 8
32 27 4
32 28 5
32 29 3
32 31 10
33 0 10
33 3 9
33 4 9
33 6 4
33 8 6
33 9 8
33 11 6
33 13 6
33 17 5
33 21 8
33 24 1
33 25 1
33 27 9
34 0 6
34 2 8
34 4 8
34 5 4
34 6 7
34 10 1
34 11 7
34 12 1
34 14 10
34 15 10
34 16 9
34 18 8
34 19 9
34 20 8
34 21 4
34 23 4
34 24 9
34 26 1
34 29 3
34 30 7
34 33 2
35 4 7
35 7 5
35 9 10
35 10 10
35 11 7
35 15 2
35 16 8
35 20 10
35 21 10
35 23 10
35 25 4
35 27 3
35 28 6
35 32 7
36 1 6
36 2 9
36 3 4
36 6 4
36 7 10
36 10 9
36 11 10
36 13 3
36 14 8
36 15 1
36 16 1
36 19 8
36 21 3
36 25 2
36 26 5
36 27 8
36 28 5
36 31 2
36 34 6
36 35 4
37 1 3
37 2 6
37 4 8
37 7 9
37 9 10
37 13 6
37 14 8
37 17 3
37 20 6
37 23 1
37 26 9
37 27 7
37 28 4
37 30 7
37 31 8
37 33 3
37 36 3
38 2 5
38 5 7
38 6 4
38 7 4
38 11 6
38 12 4
38 18 10
38 19 6
38 20 4
38 23 9
38 25 1
38 26 1
38 29 2
38 30 10
38 31 7
38 33 7
38 35 2
38 36 5
38 37 2
39 4 5
39 5 8
39 6 3
39 7 2
39 8 7
39 10 8
39 12 9
39 14 8
39 16 2
39 17 6
39 20 4
39 22 9
39 23 10
39 25 5
39 27 1
39 28 2
39 29 5
39 30 5
39 32 2
39 34 8
39 35 1
39 37 5
39 38 2
40 4 7
40 6 6
40 7 7
40 8 4
40 9 8
40 13 2
40 14 8
40 15 2
40 17 9
40 18 8
40 23 8
40 25 1
40 31 2
40 33 7
40 34 9
40 35 4
40 37 8
40 39 6
41 2 9
41 5 10
41 6 8
41 7 8
41 8 9
41 10 9
41 11 9
41 13 5
41 14 2
41 15 2
41 18 1
41 21 7
41 22 5
41 28 6
41 30 10
41 33 9
41 35 10
41 37 3
41 38 4
41 39 5
41 40 9
42 1 3
42 4 1
42 6 2
42 8 6
42 11 7
42 14 9
42 15 10
42 19 9
42 30 10
42 32 1
42 34 1
42 36 7
42 38 8
42 39 3
42 41 1
43 1 10
43 2 6
43 4 1
43 10 1
43 11 3
43 13 7
43 15 4
43 16 2
43 19 7
43 21 3
43 23 1
43 24 9
43 25 10
43 29 2
43 30 8
43 31 7
43 34 7
43 35 9
43 36 5
43 37 4
43 39 7
43 42 4
44 1 10
44 2 6
44 8 9
44 10 7
44 11 4
44 12 8
44 13 10
44 14 10
44 15 5
44 17 4
44 21 10
44 22 6
44 23 8
44 26 5
44 28 5
44 30 8
44 33 6
44 34 4
44 36 5
44 37 10
44 38 8
44 39 9
44 40 10
44 41 3
45 5 6
45 6 1
45 7 4
45 8 2
45 13 8
45 14 4
45 15 9
45 17 4
45 18 5
45 20 10
45 21 8
45 22 9
45 23 8
45 25 7
45 27 1
45 29 10
45 32 9
45 33 5
45 36 10
45 38 9
45 40 10
45 42 3
46 0 7
46 1 1
46 2 5
46 10 7
46 15 8
46 18 3
46 19 7
46 21 4
46 22 3
46 23 9
46 24 10
46 25 10
46 26 4
46 27 5
46 28 2
46 36 1
46 37 6
46 39 5
46 40 2
46 42 4
46 45 10
47 0 6
47 2 7
47 4 6
47 5 3
47 7 9
47 11 9
47 12 7
47 14 5
47 15 7
47 16 3
47 17 9
47 19 9
47 21 5
47 25 9
47 26 10
47 28 9
47 29 1
47 30 7
47 31 9
47 32 1
47 33 5
47 38 3
47 40 5
47 41 5
47 42 4
47 43 4
47 46 9
48 2 2
48 3 10
48 5 3
48 8 1
48 11 7
48 12 1
48 13 10
48 14 9
48 17 2
48 18 8
48 20 9
48 22 3
48 26 5
48 27 2
48 29 3
48 30 3
48 31 8
48 32 4
48 34 10
48 35 4
48 40 6
48 41 7
48 42 5
48 43 5
48 44 9
48 46 2
48 47 8
49 0 4
49 2 9
49 3 7
49 5 3
49 6 8
49 11 7
49 14 8
49 15 9
49 17 8
49 18 5
49 19 4
49 20 4
49 21 3
49 22 9
49 28 4
49 29 10
49 33 10
49 36 10
49 38 9
49 39 3
49 41 5
49 42 1
49 43 5
49 44 2
49 45 10
49 46 8
50 0 5
50 3 1
50 5 2
50 6 1
50 10 7
50 12 4
50 13 9
50 15 2
50 16 2
50 17 6
50 19 8
50 20 1
50 23 2
50 24 10
50 26 4
50 28 8
50 29 6
50 30 8
50 31 1
50 34 10
50 35 2
50 36 4
50 38 1
50 39 4
50 41 2
50 42 5
50 43 7
50 44 8
50 45 4
50 46 7
50 48 4
50 49 6
51 3 1
51 5 5
51 6 8
51 8 5
51 15 5
51 20 3
51 22 1
51 24 4
51 25 4
51 26 3
51 29 4
51 30 6
51 36 7
51 39 6
51 41 9
51 42 2
51 43 9
52 1 5
52 3 5
52 8 7
52 10 5
52 11 2
52 12 7
52 13 10
52 16 7
52 18 3
52 19 5
52 23 6
52 24 3
52 27 2
52 29 5
52 30 1
52 31 1
52 32 8
52 33 5
52 36 5
52 37 4
52 38 5
52 39 2
52 40 5
52 42 5
52 43 4
52 45 5
52 46 1
52 47 2
52 50 8
53 0 9
53 1 4
53 2 1
53 3 8
53 4 9
53 5 4
53 7 4
53 9 8
53 11 3
53 12 6
53 13 2
53 15 3
53 17 4
53 18 2
53 20 5
53 23 5
53 25 3
53 26 5
53 30 10
53 32 1
53 34 2
53 39 9
53 41 7
53 42 1
53 43 10
53 46 10
53 50 9
53 51 7
53 52 8
54 0 9
54 10 8
54 11 9
54 13 1
54 14 4
54 16 7
54 17 7
54 20 7
54 21 9
54 23 3
54 24 1
54 25 8
54 29 2
54 30 7
54 31 4
54 32 6
54 33 1
54 34 6
54 38 5
54 39 2
54 43 9
54 45 5
54 48 4
54 50 10
54 51 5
54 52 9
55 3 8
55 5 6
55 6 1
55 7 10
55 13 6
55 15 6
55 16 1
55 20 8
55 22 5
55 24 3
55 25 8
55 31 7
55 32 8
55 34 9
55 35 8
55 36 10
55 39 9
55 40 10
55 41 7
55 44 4
55 50 7
55 52 10
55 53 1
56 0 3
56 1 4
56 2 9
56 3 7
56 5 4
56 9 3
56 10 1
56 12 1
56 14 5
56 18 1
56 23 6
56 26 6
56 28 1
56 36 8
56 39 7
56 40 2
56 41 8
56 47 2
56 48 8
56 51 8
56 55 6
57 2 4
57 4 6
57 8 5
57 9 8
57 10 3
57 12 3
57 13 6
57 14 2
57 18 1
57 19 1
57 20 7
57 21 9
57 23 8
57 27 9
57 28 9
57 29 7
57 30 3
57 35 2
57 36 9
57 38 9
57 41 5
57 44 7
57 48 1
57 49 4
57 50 7
57 52 3
58 1 4
58 2 3
58 3 2
58 4 5
58 5 10
58 6 4
58 7 1
58 8 9
58 9 10
58 10 10
58 14 8
58 15 10
58 17 5
58 18 6
58 20 3
58 22 10
58 26 10
58 28 7
58 30 10
58 31 7
58 32 2
58 33 6
58 34 4
58 38 7
58 44 8
58 45 3
58 46 1
58 47 10
58 50 7
58 51 8
58 52 5
58 53 8
58 54 9
58 55 9
58 56 1
58 57 9
59 0 1
59 1 7
59 3 3
59 7 6
59 9 1
59 10 7
59 11 3
59 12 6
59 15 10
59 17 8
59 19 7
59 20 1
59 23 10
59 24 8
59 25 7
59 27 9
59 29 5
59 38 10
59 42 5
59 43 9
59 44 4
59 46 1
59 47 2
59 48 2
59 49 2
59 51 5
59 52 2
59 53 4
60 0 1
60 1 7
60 4 9
60 6 1
60 7 2
60 8 10
60 9 2
60 10 6
60 11 3
60 12 5
60 14 7
60 17 5
60 18 9
60 19 5
60 21 2
60 23 4
60 24 2
60 26 4
60 28 8
60 30 3
60 31 6
60 32 5
60 35 8
60 37 3
60 40 7
60 42 7
60 45 4
60 47 10
60 49 4
60 52 4
60 53 8
60 58 1
61 0 1
61 3 5
61 7 9
61 8 6
61 9 4
61 10 8
61 11 4
61 13 10
61 14 5
61 15 6
61 16 4
61 21 8
61 23 3
61 26 9
61 27 10
61 28 4
61 30 8
61 33 9
61 34 3
61 35 5
61 38 9
61 40 3
61 42 9
61 44 4
61 47 2
61 49 4
61 53 2
61 54 10
61 55 9
61 57 1
61 59 1
61 60 3
62 0 9
62 1 1
62 2 9
62 6 9
62 10 7
62 13 2
62 15 7
62 20 7
62 21 2
62 23 5
62 24 4
62 26 10
62 27 2
62 29 9
62 30 7
62 31 4
62 32 3
62 33 7
62 34 3
62 38 5
62 39 3
62 43 4
62 44 1
62 45 5
62 46 5
62 47 8
62 48 7
62 49 6
62 50 1
62 51 9
62 52 4
62 56 6
62 57 6
62 61 1
63 1 7
63 2 7
63 6 9
63 9 4
63 10 8
63 12 9
63 14 10
63 19 7
63 21 1
63 23 8
63 25 1
63 28 10
63 31 9
63 32 9
63 33 10
63 35 9
63 36 2
63 37 5
63 40 8
63 43 3
63 47 10
63 51 9
63 52 10
63 53 2
63 58 7
64 0 5
64 2 4
64 3 2
64 4 7
64 5 2
64 7 10
64 9 6
64 12 6
64 14 5
64 17 4
64 18 9
64 19 8
64 20 6
64 21 10
64 22 5
64 26 9
64 28 6
64 30 10
64 31 8
64 33 10
64 35 6
64 37 6
64 38 1
64 42 6
64 48 3
64 53 6
64 57 7
64 58 2
64 59 7
64 61 7
65 2 5
65 3 9
65 4 9
65 5 9
65 6 1
65 8 10
65 9 4
65 11 7
65 16 3
65 18 7
65 19 1
65 22 5
65 25 7
65 26 10
65 28 4
65 29 5
65 31 1
65 33 7
65 35 5
65 37 10
65 38 9
65 39 7
65 41 2
65 42 8
65 43 2
65 50 1
65 54 10
65 55 1
65 57 3
65 59 1
65 64 7
66 0 5
66 2 2
66 3 7
66 4 9
66 5 5
66 6 3
66 7 8
66 8 10
66 11 4
66 12 5
66 13 2
66 14 3
66 17 1
66 18 2
66 20 5
66 21 6
66 23 9
66 25 4
66 27 7
66 28 8
66 29 3
66 31 7
66 32 4
66 35 8
66 37 5
66 38 2
66 40 3
66 46 4
66 50 3
66 52 9
66 55 7
66 56 4
66 57 1
66 58 4
66 63 2
66 64 7
66 65 7
67 1 5
67 5 3
67 11 9
67 14 8
67 15 2
67 16 1
67 19 9
67 20 6
67 23 7
67 28 10
67 30 3
67 31 8
67 34 4
67 36 2
67 39 4
67 40 9
67 42 8
67 43 8
67 45 10
67 46 8
67 49 3
67 51 2
67 52 7
67 53 3
67 54 1
67 55 2
67 59 9
67 60 3
67 61 5
67 65 3
67 66 7
68 1 3
68 2 5
68 8 4
68 9 6
68 12 2
68 13 8
68 14 9
68 15 9
68 16 8
68 19 3
68 20 1
68 21 2
68 23 6
68 24 2
68 27 4
68 28 2
68 30 7
68 31 9
68 33 7
68 34 3
68 37 2
68 38 10
68 39 1
68 44 4
68 46 5
68 47 3
68 48 10
68 49 3
68 53 8
68 55 5
68 59 10
68 60 3
68 63 2
68 65 5
68 66 9
68 67 3
69 0 8
69 1 5
69 2 7
69 4 8
69 6 6
69 11 4
69 12 5
69 13 4
69 17 3
69 19 1
69 20 1
69 21 3
69 24 2
69 26 5
69 27 1
69 28 9
69 29 8
69 31 4
69 35 7
69 37 6
69 39 4
69 43 7
69 44 8
69 45 6
69 50 9
69 52 5
69 53 8
69 57 9
69 60 3
69 62 8
69 63 9
69 64 3
69 65 2
69 66 8
69 67 6
69 68 3
