40
1 0 6
2 0 8
2 1 7
3 0 5
3 1 7
3 2 4
4 0 4
4 1 1
4 2 4
4 3 4
5 0 1
5 1 7
5 2 1
5 3 4
5 4 8
6 0 1
6 1 8
6 2 1
6 3 5
6 4 3
6 5 5
7 0 6
7 1 2
7 2 5
7 3 7
7 4 2
7 5 8
7 6 6
8 0 6
8 1 4
8 2 6
8 3 7
8 4 8
8 5 3
8 6 3
8 7 2
9 0 8
9 1 1
9 2 8
9 3 7
9 4 1
9 5 7
9 6 6
9 7 5
9 8 7
10 0 2
10 1 4
10 2 7
10 3 4
10 4 2
10 5 4
10 6 6
10 7 3
10 8 2
10 9 2
11 0 8
11 1 8
11 2 6
11 3 3
11 4 5
11 5 8
11 6 3
11 7 3
11 8 3
11 9 3
11 10 7
12 0 3
12 1 3
12 2 1
12 3 4
12 4 8
12 5 2
12 6 3
12 7 2
12 8 5
12 9 3
12 10 6
12 11 5
13 0 2
13 1 7
13 2 7
13 3 7
13 4 4
13 5 2
13 6 6
13 7 6
13 8 2
13 9 6
13 10 1
13 11 6
13 12 3
14 0 2
14 1 7
14 2 2
14 3 5
14 4 8
14 5 1
14 6 6
14 7 8
14 8 4
14 9 3
14 10 6
14 11 3
14 12 2
14 13 6
15 0 7
15 1 3
15 2 4
15 3 8
15 4 6
15 5 5
15 6 2
15 7 2
15 8 1
15 9 6
15 10 3
15 11 6
15 12 6
15 13 8
15 14 2
16 0 1
16 1 5
16 2 8
16 3 7
16 4 4
16 5 5
16 6 4
16 7 3
16 8 6
16 9 1
16 10 7
16 11 3
16 12 5
16 13 5
16 14 5
16 15 2
17 0 2
17 1 3
17 2 7
17 3 2
17 4 5
17 5 4
17 6 8
17 7 8
17 8 3
17 9 4
17 10 8
17 11 5
17 12 4
17 13 4
17 14 1
17 15 3
17 16 4
18 0 3
18 1 3
18 2 4
18 3 3
18 4 6
18 5 2
18 6 6
18 7 1
18 8 3
18 9 2
18 10 5
18 11 7
18 12 1
18 13 2
18 14 8
18 15 3
18 16 3
18 17 2
19 0 3
19 1 1
19 2 6
19 3 1
19 4 7
19 5 7
19 6 3
19 7 2
19 8 3
19 9 7
19 10 1
19 11 7
19 12 2
19 13 7
19 14 3
19 15 4
19 16 1
19 17 1
19 18 6
20 0 8
20 1 7
20 2 1
20 3 2
20 4 4
20 5 7
20 6 6
20 7 7
20 8 4
20 9 1
20 10 1
20 11 2
20 12 2
20 13 4
20 14 6
20 15 6
20 16 8
20 17 5
20 18 5
20 19 4
21 0 7
21 1 3
21 2 8
21 3 2
21 4 2
21 5 5
21 6 5
21 7 2
21 8 2
21 9 4
21 10 1
21 11 5
21 12 4
21 13 8
21 14 5
21 15 6
21 16 5
21 17 6
21 18 8
21 19 5
21 20 1
22 0 3
22 1 3
22 2 7
22 3 6
22 4 8
22 5 3
22 6 8
22 7 6
22 8 2
22 9 4
22 10 1
22 11 6
22 12 1
22 13 2
22 14 7
22 15 8
22 16 1
22 17 6
22 18 4
22 19 7
22 20 8
22 21 2
23 0 3
23 1 2
23 2 6
23 3 7
23 4 8
23 5 2
23 6 3
23 7 7
23 8 4
23 9 5
23 10 4
23 11 5
23 12 4
23 13 6
23 14 6
23 15 8
23 16 1
23 17 4
23 18 6
23 19 1
23 20 8
23 21 2
23 22 6
24 0 6
24 1 5
24 2 1
24 3 6
24 4 1
24 5 8
24 6 5
24 7 3
24 8 7
24 9 4
24 10 7
24 11 7
24 12 2
24 13 1
24 14 5
24 15 8
24 16 3
24 17 3
24 18 5
24 19 8
24 20 2
24 21 2
24 22 2
24 23 5
25 0 1
25 1 1
25 2 2
25 3 1
25 4 2
25 5 7
25 6 3
25 7 3
25 8 5
25 9 2
25 10 1
25 11 5
25 12 8
25 13 4
25 14 6
25 15 3
25 16 1
25 17 2
25 18 7
25 19 3
25 20 6
25 21 5
25 22 5
25 23 6
25 24 6
26 0 5
26 1 3
26 2 1
26 3 5
26 4 8
26 5 4
26 6 7
26 7 5
26 8 6
26 9 6
26 10 8
26 11 1
26 12 7
26 13 5
26 14 6
26 15 6
26 16 7
26 17 5
26 18 4
26 19 1
26 20 1
26 21 6
26 22 4
26 23 8
26 24 6
26 25 2
27 0 8
27 1 2
27 2 8
27 3 1
27 4 8
27 5 7
27 6 2
27 7 1
27 8 1
27 9 1
27 10 1
27 11 1
27 12 6
27 13 3
27 14 5
27 15 4
27 16 2
27 17 4
27 18 8
27 19 6
27 20 4
27 21 7
27 22 4
27 23 7
27 24 4
27 25 5
27 26 3
28 0 3
28 1 7
28 2 1
28 3 8
28 4 8
28 5 1
28 6 6
28 7 3
28 8 7
28 9 8
28 10 6
28 11 8
28 12 4
28 13 1
28 14 5
28 15 8
28 16 7
28 17 4
28 18 8
28 19 7
28 20 7
28 21 7
28 22 8
28 23 4
28 24 6
28 25 6
28 26 8
28 27 4
29 0 5
29 1 7
29 2 5
29 3 4
29 4 4
29 5 8
29 6 4
29 7 8
29 8 5
29 9 3
29 10 4
29 11 1
29 12 1
29 13 4
29 14 8
29 15 3
29 16 1
29 17 4
29 18 2
29 19 3
29 20 2
29 21 3
29 22 5
29 23 4
29 24 4
29 25 7
29 26 3
29 27 1
29 28 6
30 0 8
30 1 8
30 2 6
30 3 1
30 4 1
30 5 7
30 6 2
30 7 4
30 8 8
30 9 3
30 10 5
30 11 8
30 12 4
30 13 2
30 14 3
30 15 7
30 16 3
30 17 6
30 18 7
30 19 4
30 20 3
30 21 1
30 22 3
30 23 7
30 24 1
30 25 7
30 26 3
30 27 5
30 28 3
30 29 8
31 0 6
31 1 2
31 2 4
31 3 8
31 4 3
31 5 4
31 6 1
31 7 8
31 8 1
31 9 3
31 10 3
31 11 5
31 12 1
31 13 4
31 14 5
31 15 7
31 16 4
31 17 4
31 18 5
31 19 7
31 20 1
31 21 1
31 22 5
31 23 4
31 24 3
31 25 3
31 26 5
31 27 3
31 28 6
31 29 5
31 30 1
32 0 1
32 1 6
32 2 1
32 3 4
32 4 2
32 5 8
32 6 3
32 7 8
32 8 2
32 9 3
32 10 2
32 11 4
32 12 2
32 13 5
32 14 7
32 15 7
32 16 6
32 17 6
32 18 1
32 19 3
32 20 4
32 21 2
32 22 1
32 23 8
32 24 4
32 25 4
32 26 3
32 27 8
32 28 8
32 29 1
32 30 2
32 31 8
33 0 6
33 1 3
33 2 5
33 3 4
33 4 6
33 5 7
33 6 4
33 7 6
33 8 3
33 9 4
33 10 8
33 11 3
33 12 1
33 13 5
33 14 7
33 15 3
33 16 8
33 17 7
33 18 6
33 19 5
33 20 1
33 21 8
33 22 3
33 23 4
33 24 8
33 25 2
33 26 1
33 27 2
33 28 5
33 29 8
33 30 5
33 31 4
33 32 2
34 0 6
34 1 3
34 2 3
34 3 2
34 4 8
34 5 8
34 6 2
34 7 4
34 8 2
34 9 5
34 10 8
34 11 4
34 12 1
34 13 4
34 14 2
34 15 1
34 16 7
34 17 7
34 18 7
34 19 6
34 20 1
34 21 5
34 22 1
34 23 8
34 24 7
34 25 7
34 26 3
34 27 3
34 28 3
34 29 5
34 30 4
34 31 3
34 32 2
34 33 2
35 0 5
35 1 2
35 2 6
35 3 5
35 4 6
35 5 4
35 6 7
35 7 2
35 8 6
35 9 3
35 10 2
35 11 6
35 12 3
35 13 1
35 14 7
35 15 2
35 16 8
35 17 1
35 18 4
35 19 5
35 20 5
35 21 4
35 22 1
35 23 8
35 24 3
35 25 8
35 26 8
35 27 3
35 28 4
35 29 7
35 30 8
35 31 8
35 32 1
35 33 8
35 34 7
36 0 5
36 1 5
36 2 8
36 3 7
36 4 7
36 5 6
36 6 6
36 7 5
36 8 6
36 9 2
36 10 3
36 11 7
36 12 2
36 13 8
36 14 4
36 15 3
36 16 7
36 17 7
36 18 6
36 19 7
36 20 8
36 21 5
36 22 2
36 23 5
36 24 4
36 25 6
36 26 6
36 27 3
36 28 5
36 29 2
36 30 8
36 31 2
36 32 5
36 33 2
36 34 8
36 35 3
37 0 7
37 1 3
37 2 8
37 3 7
37 4 8
37 5 1
37 6 3
37 7 8
37 8 5
37 9 5
37 10 7
37 11 5
37 12 1
37 13 1
37 14 7
37 15 7
37 16 2
37 17 3
37 18 2
37 19 6
37 20 7
37 21 2
37 22 2
37 23 2
37 24 6
37 25 4
37 26 5
37 27 1
37 28 3
37 29 1
37 30 8
37 31 7
37 32 1
37 33 4
37 34 5
37 35 4
37 36 1
38 0 6
38 1 7
38 2 7
38 3 5
38 4 7
38 5 7
38 6 3
38 7 2
38 8 4
38 9 8
38 10 2
38 11 6
38 12 3
38 13 2
38 14 7
38 15 6
38 16 5
38 17 8
38 18 1
38 19 8
38 20 3
38 21 8
38 22 7
38 23 7
38 24 8
38 25 6
38 26 5
38 27 4
38 28 1
38 29 2
38 30 1
38 31 3
38 32 2
38 33 5
38 34 3
38 35 6
38 36 5
38 37 4
39 0 2
39 1 3
39 2 5
39 3 5
39 4 7
39 5 5
39 6 8
39 7 3
39 8 6
39 9 8
39 10 4
39 11 8
39 12 5
39 13 5
39 14 6
39 15 8
39 16 5
39 17 2
39 18 1
39 19 1
39 20 6
39 21 5
39 22 5
39 23 3
39 24 2
39 25 3
39 26 8
39 27 3
39 28 5
39 29 4
39 30 2
39 31 8
39 32 5
39 33 4
39 34 3
39 35 3
39 36 2
39 37 3
39 38 7
