60
1 0 7
2 0 8
2 1 6
3 0 6
3 1 5
3 2 4
4 0 1
4 1 9
4 2 12
4 3 8
5 0 11
5 1 5
5 2 2
5 3 6
5 4 3
6 0 5
6 1 6
6 2 2
6 3 12
6 4 9
6 5 2
7 0 2
7 1 3
7 2 10
7 3 1
7 4 8
7 5 4
7 6 8
8 0 10
8 1 1
8 2 5
8 3 4
8 4 9
8 5 11
8 6 7
8 7 1
9 0 6
9 1 6
9 2 1
9 3 2
9 4 6
9 5 7
9 6 2
9 7 3
9 8 5
10 0 6
10 1 10
10 2 5
10 3 4
10 4 10
10 5 6
10 6 8
10 7 5
10 8 4
10 9 1
11 0 9
11 1 5
11 2 11
11 3 3
11 4 11
11 5 12
11 6 3
11 7 7
11 8 5
11 9 6
11 10 9
12 0 8
12 1 11
12 2 4
12 3 6
12 4 2
12 5 4
12 6 1
12 7 8
12 8 12
12 9 12
12 10 8
12 11 5
13 0 9
13 1 8
13 2 9
13 3 8
13 4 3
13 5 2
13 6 4
13 7 1
13 8 1
13 9 4
13 10 12
13 11 1
13 12 10
14 0 10
14 1 8
14 2 10
14 3 7
14 4 11
14 5 7
14 6 7
14 7 12
14 8 1
14 9 11
14 10 8
14 11 6
14 12 6
14 13 12
15 0 4
15 1 12
15 2 6
15 3 3
15 4 8
15 5 12
15 6 4
15 7 12
15 8 5
15 9 5
15 10 1
15 11 6
15 12 7
15 13 12
15 14 9
16 0 9
16 1 10
16 2 7
16 3 12
16 4 7
16 5 6
16 6 10
16 7 12
16 8 7
16 9 2
16 10 10
16 11 10
16 12 12
16 13 5
16 14 11
16 15 8
17 0 12
17 1 4
17 2 8
17 3 9
17 4 6
17 5 4
17 6 6
17 7 10
17 8 11
17 9 3
17 10 10
17 11 6
17 12 3
17 13 8
17 14 9
17 15 7
17 16 12
18 0 7
18 1 1
18 2 6
18 3 1
18 4 11
18 5 6
18 6 6
18 7 7
18 8 8
18 9 9
18 10 10
18 11 1
18 12 11
18 13 3
18 14 8
18 15 11
18 16 2
18 17 1
19 0 12
19 1 7
19 2 8
19 3 2
19 4 9
19 5 9
19 6 3
19 7 9
19 8 2
19 9 11
19 10 11
19 11 7
19 12 1
19 13 12
19 14 7
19 15 4
19 16 7
19 17 4
19 18 2
20 0 3
20 1 3
20 2 3
20 3 8
20 4 12
20 5 10
20 6 5
20 7 3
20 8 10
20 9 1
20 10 6
20 11 6
20 12 2
20 13 3
20 14 11
20 15 7
20 16 1
20 17 9
20 18 7
20 19 11
21 0 10
21 1 11
21 2 1
21 3 12
21 4 9
21 5 9
21 6 1
21 7 7
21 8 5
21 9 11
21 10 1
21 11 1
21 12 12
21 13 9
21 14 10
21 15 1
21 16 9
21 17 7
21 18 9
21 19 11
21 20 8
22 0 12
22 1 7
22 2 9
22 3 5
22 4 8
22 5 11
22 6 1
22 7 10
22 8 5
22 9 9
22 10 3
22 11 2
22 12 12
22 13 1
22 14 5
22 15 9
22 16 4
22 17 6
22 18 1
22 19 3
22 20 11
22 21 5
23 0 9
23 1 11
23 2 4
23 3 8
23 4 9
23 5 2
23 6 11
23 7 5
23 8 4
23 9 4
23 10 3
23 11 7
23 12 2
23 13 9
23 14 12
23 15 3
23 16 7
23 17 12
23 18 2
23 19 11
23 20 6
23 21 10
23 22 10
24 0 7
24 1 6
24 2 10
24 3 2
24 4 1
24 5 9
24 6 1
24 7 6
24 8 12
24 9 12
24 10 6
24 11 8
24 12 9
24 13 10
24 14 11
24 15 5
24 16 11
24 17 1
24 18 8
24 19 8
24 20 12
24 21 6
24 22 7
24 23 10
25 0 10
25 1 2
25 2 7
25 3 3
25 4 11
25 5 4
25 6 3
25 7 11
25 8 9
25 9 3
25 10 4
25 11 2
25 12 7
25 13 12
25 14 8
25 15 11
25 16 9
25 17 7
25 18 4
25 19 2
25 20 11
25 21 2
25 22 1
25 23 5
25 24 4
26 0 4
26 1 12
26 2 11
26 3 10
26 4 4
26 5 5
26 6 3
26 7 1
26 8 5
26 9 3
26 10 6
26 11 9
26 12 4
26 13 10
26 14 7
26 15 10
26 16 2
26 17 2
26 18 8
26 19 3
26 20 2
26 21 8
26 22 11
26 23 11
26 24 9
26 25 9
27 0 3
27 1 3
27 2 9
27 3 6
27 4 1
27 5 9
27 6 5
27 7 9
27 8 5
27 9 6
27 10 4
27 11 3
27 12 2
27 13 5
27 14 5
27 15 3
27 16 6
27 17 8
27 18 7
27 19 11
27 20 3
27 21 3
27 22 5
27 23 1
27 24 10
27 25 12
27 26 1
28 0 6
28 1 4
28 2 9
28 3 7
28 4 4
28 5 12
28 6 9
28 7 1
28 8 3
28 9 1
28 10 4
28 11 1
28 12 7
28 13 1
28 14 2
28 15 12
28 16 1
28 17 6
28 18 6
28 19 3
28 20 11
28 21 1
28 22 5
28 23 7
28 24 6
28 25 11
28 26 7
28 27 6
29 0 3
29 1 8
29 2 12
29 3 4
29 4 12
29 5 1
29 6 6
29 7 4
29 8 3
29 9 5
29 10 6
29 11 8
29 12 10
29 13 5
29 14 6
29 15 11
29 16 12
29 17 7
29 18 3
29 19 9
29 20 11
29 21 12
29 22 9
29 23 7
29 24 11
29 25 8
29 26 1
29 27 4
29 28 8
30 0 6
30 1 2
30 2 1
30 3 6
30 4 10
30 5 9
30 6 8
30 7 6
30 8 6
30 9 6
30 10 2
30 11 5
30 12 10
30 13 1
30 14 2
30 15 10
30 16 10
30 17 3
30 18 9
30 19 8
30 20 11
30 21 4
30 22 5
30 23 7
30 24 2
30 25 9
30 26 12
30 27 4
30 28 10
30 29 1
31 0 1
31 1 11
31 2 3
31 3 6
31 4 4
31 5 10
31 6 10
31 7 2
31 8 9
31 9 10
31 10 3
31 11 10
31 12 1
31 13 6
31 14 3
31 15 1
31 16 4
31 17 12
31 18 12
31 19 8
31 20 1
31 21 1
31 22 4
31 23 4
31 24 9
31 25 12
31 26 1
31 27 7
31 28 2
31 29 11
31 30 8
32 0 10
32 1 3
32 2 5
32 3 3
32 4 7
32 5 4
32 6 10
32 7 5
32 8 12
32 9 12
32 10 11
32 11 6
32 12 4
32 13 7
32 14 5
32 15 12
32 16 6
32 17 8
32 18 1
32 19 1
32 20 5
32 21 8
32 22 3
32 23 6
32 24 3
32 25 9
32 26 8
32 27 6
32 28 5
32 29 6
32 30 9
32 31 10
33 0 2
33 1 4
33 2 9
33 3 8
33 4 4
33 5 3
33 6 1
33 7 2
33 8 5
33 9 5
33 10 1
33 11 9
33 12 7
33 13 2
33 14 11
33 15 9
33 16 12
33 17 6
33 18 9
33 19 2
33 20 12
33 21 6
33 22 2
33 23 4
33 24 12
33 25 12
33 26 9
33 27 6
33 28 7
33 29 7
33 30 8
33 31 6
33 32 5
34 0 11
34 1 11
34 2 2
34 3 12
34 4 3
34 5 4
34 6 8
34 7 3
34 8 1
34 9 8
34 10 4
34 11 8
34 12 6
34 13 8
34 14 5
34 15 6
34 16 12
34 17 6
34 18 7
34 19 1
34 20 6
34 21 2
34 22 6
34 23 5
34 24 2
34 25 12
34 26 10
34 27 4
34 28 5
34 29 3
34 30 5
34 31 2
34 32 6
34 33 1
35 0 8
35 1 8
35 2 3
35 3 4
35 4 2
35 5 3
35 6 10
35 7 12
35 8 1
35 9 1
35 10 1
35 11 11
35 12 1
35 13 6
35 14 10
35 15 8
35 16 4
35 17 3
35 18 1
35 19 2
35 20 12
35 21 3
35 22 7
35 23 7
35 24 1
35 25 2
35 26 12
35 27 11
35 28 7
35 29 6
35 30 3
35 31 10
35 32 1
35 33 5
35 34 11
36 0 11
36 1 9
36 2 12
36 3 9
36 4 5
36 5 6
36 6 10
36 7 5
36 8 11
36 9 8
36 10 6
36 11 3
36 12 12
36 13 6
36 14 1
36 15 3
36 16 5
36 17 5
36 18 11
36 19 3
36 20 1
36 21 6
36 22 10
36 23 5
36 24 6
36 25 2
36 26 8
36 27 5
36 28 8
36 29 5
36 30 11
36 31 10
36 32 7
36 33 11
36 34 9
36 35 7
37 0 10
37 1 2
37 2 1
37 3 6
37 4 12
37 5 4
37 6 3
37 7 10
37 8 1
37 9 7
37 10 7
37 11 11
37 12 6
37 13 4
37 14 4
37 15 5
37 16 3
37 17 11
37 18 6
37 19 9
37 20 6
37 21 7
37 22 10
37 23 6
37 24 1
37 25 9
37 26 1
37 27 7
37 28 7
37 29 8
37 30 4
37 31 9
37 32 3
37 33 3
37 34 4
37 35 4
37 36 5
38 0 9
38 1 8
38 2 10
38 3 8
38 4 2
38 5 10
38 6 11
38 7 1
38 8 12
38 9 2
38 10 2
38 11 3
38 12 8
38 13 4
38 14 12
38 15 9
38 16 3
38 17 5
38 18 10
38 19 8
38 20 10
38 21 8
38 22 11
38 23 10
38 24 7
38 25 11
38 26 6
38 27 12
38 28 12
38 29 11
38 30 1
38 31 4
38 32 8
38 33 4
38 34 2
38 35 1
38 36 11
38 37 1
39 0 7
39 1 1
39 2 2
39 3 5
39 4 8
39 5 1
39 6 8
39 7 8
39 8 9
39 9 6
39 10 6
39 11 6
39 12 11
39 13 6
39 14 4
39 15 9
39 16 4
39 17 10
39 18 4
39 19 3
39 20 6
39 21 2
39 22 9
39 23 6
39 24 10
39 25 9
39 26 3
39 27 12
39 28 7
39 29 9
39 30 4
39 31 6
39 32 11
39 33 3
39 34 2
39 35 3
39 36 6
39 37 11
39 38 9
40 0 8
40 1 5
40 2 2
40 3 8
40 4 2
40 5 11
40 6 9
40 7 3
40 8 3
40 9 12
40 10 6
40 11 11
40 12 4
40 13 12
40 14 1
40 15 9
40 16 6
40 17 9
40 18 4
40 19 4
40 20 1
40 21 3
40 22 6
40 23 1
40 24 3
40 25 6
40 26 6
40 27 9
40 28 5
40 29 3
40 30 9
40 31 4
40 32 5
40 33 12
40 34 4
40 35 7
40 36 3
40 37 11
40 38 11
40 39 8
41 0 9
41 1 2
41 2 3
41 3 7
41 4 3
41 5 5
41 6 7
41 7 7
41 8 2
41 9 4
41 10 3
41 11 3
41 12 8
41 13 11
41 14 12
41 15 3
41 16 12
41 17 1
41 18 4
41 19 12
41 20 7
41 21 10
41 22 3
41 23 9
41 24 10
41 25 11
41 26 6
41 27 1
41 28 12
41 29 7
41 30 3
41 31 8
41 32 11
41 33 3
41 34 6
41 35 2
41 36 5
41 37 8
41 38 9
41 39 1
41 40 4
42 0 4
42 1 2
42 2 7
42 3 4
42 4 7
42 5 1
42 6 10
42 7 6
42 8 10
42 9 12
42 10 2
42 11 7
42 12 9
42 13 2
42 14 7
42 15 5
42 16 1
42 17 5
42 18 4
42 19 6
42 20 3
42 21 2
42 22 1
42 23 9
42 24 4
42 25 2
42 26 1
42 27 11
42 28 7
42 29 9
42 30 4
42 31 8
42 32 8
42 33 4
42 34 4
42 35 4
42 36 6
42 37 4
42 38 3
42 39 10
42 40 1
42 41 5
43 0 9
43 1 2
43 2 8
43 3 5
43 4 12
43 5 3
43 6 8
43 7 4
43 8 2
43 9 12
43 10 7
43 11 10
43 12 9
43 13 11
43 14 12
43 15 11
43 16 11
43 17 2
43 18 4
43 19 11
43 20 7
43 21 4
43 22 1
43 23 2
43 24 8
43 25 3
43 26 4
43 27 3
43 28 8
43 29 9
43 30 6
43 31 3
43 32 2
43 33 12
43 34 12
43 35 10
43 36 5
43 37 1
43 38 12
43 39 6
43 40 7
43 41 2
43 42 10
44 0 3
44 1 10
44 2 8
44 3 12
44 4 9
44 5 6
44 6 2
44 7 11
44 8 6
44 9 2
44 10 10
44 11 6
44 12 3
44 13 9
44 14 9
44 15 7
44 16 10
44 17 3
44 18 3
44 19 3
44 20 2
44 21 10
44 22 5
44 23 10
44 24 4
44 25 7
44 26 9
44 27 8
44 28 10
44 29 2
44 30 2
44 31 3
44 32 10
44 33 7
44 34 5
44 35 4
44 36 3
44 37 12
44 38 8
44 39 3
44 40 7
44 41 3
44 42 1
44 43 3
45 0 4
45 1 10
45 2 2
45 3 12
45 4 1
45 5 11
45 6 9
45 7 1
45 8 6
45 9 12
45 10 8
45 11 9
45 12 6
45 13 4
45 14 7
45 15 1
45 16 7
45 17 5
45 18 12
45 19 8
45 20 11
45 21 3
45 22 12
45 23 2
45 24 11
45 25 5
45 26 12
45 27 2
45 28 2
45 29 12
45 30 4
45 31 10
45 32 4
45 33 2
45 34 6
45 35 11
45 36 1
45 37 5
45 38 12
45 39 12
45 40 11
45 41 9
45 42 4
45 43 12
45 44 12
46 0 8
46 1 2
46 2 9
46 3 10
46 4 3
46 5 12
46 6 8
46 7 12
46 8 12
46 9 5
46 10 9
46 11 2
46 12 11
46 13 4
46 14 1
46 15 10
46 16 3
46 17 9
46 18 2
46 19 11
46 20 7
46 21 12
46 22 9
46 23 7
46 24 11
46 25 8
46 26 2
46 27 10
46 28 10
46 29 8
46 30 12
46 31 6
46 32 4
46 33 1
46 34 10
46 35 10
46 36 3
46 37 2
46 38 1
46 39 3
46 40 10
46 41 10
46 42 2
46 43 8
46 44 3
46 45 10
47 0 11
47 1 11
47 2 5
47 3 10
47 4 8
47 5 8
47 6 10
47 7 10
47 8 6
47 9 8
47 10 3
47 11 8
47 12 12
47 13 3
47 14 4
47 15 3
47 16 11
47 17 1
47 18 4
47 19 11
47 20 7
47 21 1
47 22 4
47 23 9
47 24 6
47 25 8
47 26 5
47 27 1
47 28 3
47 29 11
47 30 4
47 31 6
47 32 6
47 33 1
47 34 10
47 35 11
47 36 3
47 37 11
47 38 2
47 39 12
47 40 10
47 41 7
47 42 8
47 43 9
47 44 10
47 45 8
47 46 2
48 0 1
48 1 8
48 2 5
48 3 12
48 4 3
48 5 6
48 6 6
48 7 10
48 8 6
48 9 6
48 10 1
48 11 1
48 12 4
48 13 12
48 14 7
48 15 6
48 16 3
48 17 7
48 18 6
48 19 11
48 20 3
48 21 4
48 22 8
48 23 6
48 24 3
48 25 10
48 26 8
48 27 8
48 28 7
48 29 2
48 30 10
48 31 5
48 32 3
48 33 7
48 34 4
48 35 8
48 36 7
48 37 12
48 38 10
48 39 1
48 40 12
48 41 2
48 42 9
48 43 9
48 44 3
48 45 6
48 46 10
48 47 8
49 0 5
49 1 9
49 2 8
49 3 9
49 4 10
49 5 4
49 6 5
49 7 2
49 8 10
49 9 4
49 10 5
49 11 1
49 12 6
49 13 12
49 14 1
49 15 6
49 16 12
49 17 10
49 18 3
49 19 1
49 20 10
49 21 6
49 22 2
49 23 11
49 24 6
49 25 7
49 26 6
49 27 9
49 28 4
49 29 10
49 30 2
49 31 3
49 32 1
49 33 5
49 34 4
49 35 6
49 36 5
49 37 11
49 38 2
49 39 7
49 40 8
49 41 12
49 42 4
49 43 10
49 44 7
49 45 8
49 46 5
49 47 12
49 48 7
50 0 11
50 1 4
50 2 9
50 3 12
50 4 4
50 5 2
50 6 12
50 7 6
50 8 11
50 9 6
50 10 8
50 11 9
50 12 5
50 13 11
50 14 4
50 15 8
50 16 5
50 17 3
50 18 9
50 19 4
50 20 11
50 21 5
50 22 10
50 23 3
50 24 4
50 25 6
50 26 11
50 27 6
50 28 6
50 29 8
50 30 9
50 31 4
50 32 7
50 33 5
50 34 2
50 35 3
50 36 7
50 37 7
50 38 12
50 39 1
50 40 2
50 41 5
50 42 7
50 43 12
50 44 11
50 45 8
50 46 11
50 47 4
50 48 5
50 49 4
51 0 11
51 1 3
51 2 2
51 3 8
51 4 10
51 5 3
51 6 5
51 7 1
51 8 4
51 9 4
51 10 11
51 11 11
51 12 5
51 13 3
51 14 10
51 15 7
51 16 7
51 17 6
51 18 12
51 19 10
51 20 4
51 21 10
51 22 5
51 23 11
51 24 4
51 25 4
51 26 6
51 27 1
51 28 6
51 29 12
51 30 3
51 31 6
51 32 10
51 33 7
51 34 2
51 35 10
51 36 10
51 37 9
51 38 10
51 39 10
51 40 10
51 41 6
51 42 7
51 43 9
51 44 8
51 45 3
51 46 2
51 47 8
51 48 1
51 49 9
51 50 12
52 0 10
52 1 6
52 2 2
52 3 3
52 4 10
52 5 4
52 6 1
52 7 5
52 8 5
52 9 6
52 10 4
52 11 5
52 12 4
52 13 10
52 14 9
52 15 5
52 16 10
52 17 8
52 18 10
52 19 10
52 20 11
52 21 1
52 22 11
52 23 9
52 24 1
52 25 11
52 26 8
52 27 7
52 28 6
52 29 2
52 30 5
52 31 4
52 32 2
52 33 2
52 34 11
52 35 3
52 36 3
52 37 7
52 38 10
52 39 11
52 40 11
52 41 7
52 42 8
52 43 5
52 44 4
52 45 5
52 46 6
52 47 11
52 48 8
52 49 7
52 50 11
52 51 10
53 0 2
53 1 3
53 2 7
53 3 8
53 4 1
53 5 6
53 6 8
53 7 7
53 8 3
53 9 2
53 10 3
53 11 5
53 12 12
53 13 2
53 14 11
53 15 2
53 16 11
53 17 1
53 18 6
53 19 5
53 20 4
53 21 1
53 22 8
53 23 1
53 24 7
53 25 6
53 26 10
53 27 6
53 28 12
53 29 1
53 30 2
53 31 8
53 32 9
53 33 4
53 34 6
53 35 12
53 36 12
53 37 1
53 38 8
53 39 2
53 40 2
53 41 6
53 42 9
53 43 6
53 44 7
53 45 4
53 46 9
53 47 7
53 48 6
53 49 8
53 50 10
53 51 1
53 52 1
54 0 4
54 1 7
54 2 4
54 3 10
54 4 11
54 5 7
54 6 4
54 7 8
54 8 9
54 9 9
54 10 2
54 11 2
54 12 7
54 13 10
54 14 6
54 15 2
54 16 2
54 17 7
54 18 6
54 19 8
54 20 3
54 21 8
54 22 7
54 23 6
54 24 3
54 25 2
54 26 3
54 27 7
54 28 10
54 29 9
54 30 2
54 31 3
54 32 6
54 33 12
54 34 12
54 35 1
54 36 10
54 37 8
54 38 2
54 39 11
54 40 5
54 41 9
54 42 7
54 43 12
54 44 9
54 45 6
54 46 11
54 47 9
54 48 7
54 49 7
54 50 11
54 51 12
54 52 5
54 53 7
55 0 6
55 1 8
55 2 6
55 3 6
55 4 5
55 5 2
55 6 8
55 7 11
55 8 3
55 9 11
55 10 2
55 11 8
55 12 9
55 13 12
55 14 1
55 15 9
55 16 10
55 17 9
55 18 10
55 19 9
55 20 10
55 21 1
55 22 11
55 23 6
55 24 11
55 25 10
55 26 6
55 27 12
55 28 11
55 29 1
55 30 7
55 31 9
55 32 1
55 33 12
55 34 1
55 35 8
55 36 2
55 37 12
55 38 10
55 39 10
55 40 10
55 41 9
55 42 8
55 43 6
55 44 3
55 45 5
55 46 7
55 47 4
55 48 7
55 49 9
55 50 10
55 51 2
55 52 11
55 53 3
55 54 3
56 0 4
56 1 12
56 2 5
56 3 3
56 4 3
56 5 1
56 6 10
56 7 12
56 8 3
56 9 2
56 10 3
56 11 12
56 12 3
56 13 2
56 14 2
56 15 2
56 16 7
56 17 9
56 18 8
56 19 8
56 20 5
56 21 9
56 22 4
56 23 10
56 24 6
56 25 8
56 26 9
56 27 7
56 28 8
56 29 6
56 30 2
56 31 2
56 32 3
56 33 4
56 34 10
56 35 8
56 36 11
56 37 8
56 38 9
56 39 1
56 40 9
56 41 6
56 42 2
56 43 4
56 44 4
56 45 8
56 46 2
56 47 2
56 48 11
56 49 7
56 50 6
56 51 3
56 52 4
56 53 2
56 54 11
56 55 2
57 0 12
57 1 7
57 2 1
57 3 8
57 4 8
57 5 2
57 6 5
57 7 2
57 8 11
57 9 11
57 10 3
57 11 3
57 12 2
57 13 1
57 14 9
57 15 1
57 16 5
57 17 4
57 18 5
57 19 1
57 20 5
57 21 2
57 22 11
57 23 4
57 24 2
57 25 10
57 26 3
57 27 11
57 28 12
57 29 10
57 30 3
57 31 3
57 32 11
57 33 5
57 34 3
57 35 8
57 36 8
57 37 10
57 38 3
57 39 5
57 40 8
57 41 1
57 42 2
57 43 9
57 44 3
57 45 12
57 46 6
57 47 12
57 48 12
57 49 12
57 50 2
57 51 12
57 52 1
57 53 9
57 54 4
57 55 4
57 56 11
58 0 7
58 1 9
58 2 1
58 3 12
58 4 7
58 5 5
58 6 8
58 7 11
58 8 7
58 9 1
58 10 1
58 11 6
58 12 5
58 13 7
58 14 2
58 15 11
58 16 9
58 17 8
58 18 7
58 19 1
58 20 2
58 21 8
58 22 6
58 23 4
58 24 9
58 25 4
58 26 8
58 27 4
58 28 6
58 29 6
58 30 11
58 31 1
58 32 11
58 33 9
58 34 6
58 35 6
58 36 7
58 37 3
58 38 11
58 39 8
58 40 10
58 41 2
58 42 9
58 43 2
58 44 8
58 45 11
58 46 3
58 47 7
58 48 12
58 49 9
58 50 3
58 51 1
58 52 7
58 53 5
58 54 11
58 55 7
58 56 12
58 57 2
59 0 4
59 1 3
59 2 8
59 3 6
59 4 9
59 5 11
59 6 1
59 7 7
59 8 8
59 9 3
59 10 4
59 11 6
59 12 2
59 13 4
59 14 10
59 15 3
59 16 9
59 17 8
59 18 3
59 19 3
59 20 3
59 21 8
59 22 6
59 23 11
59 24 8
59 25 4
59 26 11
59 27 2
59 28 1
59 29 1
59 30 11
59 31 7
59 32 7
59 33 8
59 34 8
59 35 4
59 36 3
59 37 8
59 38 2
59 39 7
59 40 2
59 41 7
59 42 2
59 43 3
59 44 4
59 45 11
59 46 8
59 47 12
59 48 6
59 49 12
59 50 7
59 51 9
59 52 2
59 53 2
59 54 10
59 55 9
59 56 6
59 57 3
59 58 12
