20
1 0 1
2 0 6
3 0 7
3 1 1
4 0 3
5 2 4
5 4 1
6 0 10
6 2 9
6 3 8
6 4 7
7 0 1
7 1 1
7 5 9
8 6 8
8 7 2
9 2 8
9 3 3
10 1 9
10 2 5
10 3 4
10 5 2
10 7 3
10 8 8
10 9 2
11 0 3
11 7 9
11 8 9
11 10 7
12 0 10
12 4 4
12 5 7
12 9 10
13 6 10
13 7 1
13 8 8
13 9 5
13 11 4
13 12 9
14 0 1
14 1 4
14 5 4
14 8 5
14 13 10
15 0 4
15 1 5
15 2 2
15 3 9
15 4 1
15 5 2
15 7 10
15 8 5
15 12 4
15 13 8
15 14 10
16 4 8
16 5 10
16 7 4
16 10 8
16 12 10
16 13 9
17 2 8
17 3 1
17 5 10
17 7 1
17 8 8
17 10 4
17 12 3
17 14 1
17 15 9
17 16 9
18 1 9
18 2 5
18 3 6
18 15 8
18 16 7
19 0 3
19 7 7
19 14 4
19 17 10
19 18 2
