70
1 0 6
2 0 7
2 1 8
3 0 3
3 1 7
3 2 7
4 0 5
4 1 1
4 2 7
4 3 3
5 0 3
5 1 4
5 2 9
5 3 4
5 4 5
6 0 3
6 1 10
6 2 2
6 3 10
6 4 7
6 5 3
7 0 9
7 1 8
7 2 4
7 3 2
7 4 1
7 5 3
7 6 9
8 0 10
8 1 10
8 2 9
8 3 2
8 4 2
8 5 1
8 6 5
8 7 5
9 0 7
9 1 3
9 2 5
9 3 8
9 4 6
9 5 2
9 6 5
9 7 10
9 8 4
10 0 6
10 1 1
10 2 3
10 3 8
10 4 6
10 5 8
10 6 7
10 7 10
10 8 1
10 9 6
11 0 1
11 1 6
11 2 5
11 3 6
11 4 4
11 5 8
11 6 5
11 7 6
11 8 3
11 9 6
11 10 2
12 0 10
12 1 7
12 2 10
12 3 2
12 4 7
12 5 5
12 6 1
12 7 7
12 8 5
12 9 2
12 10 5
12 11 7
13 0 2
13 1 8
13 2 3
13 3 10
13 4 8
13 5 8
13 6 9
13 7 5
13 8 10
13 9 8
13 10 8
13 11 5
13 12 9
14 0 8
14 1 10
14 2 4
14 3 10
14 4 8
14 5 8
14 6 8
14 7 9
14 8 1
14 9 6
14 10 9
14 11 7
14 12 2
14 13 7
15 0 3
15 1 7
15 2 9
15 3 3
15 4 7
15 5 9
15 6 5
15 7 6
15 8 5
15 9 5
15 10 7
15 11 4
15 12 6
15 13 2
15 14 4
16 0 3
16 1 3
16 2 6
16 3 5
16 4 3
16 5 3
16 6 3
16 7 7
16 8 4
16 9 6
16 10 6
16 11 10
16 12 9
16 13 10
16 14 8
16 15 6
17 0 9
17 1 10
17 2 3
17 3 1
17 4 9
17 5 4
17 6 4
17 7 3
17 8 10
17 9 5
17 10 6
17 11 6
17 12 7
17 13 4
17 14 1
17 15 1
17 16 4
18 0 5
18 1 10
18 2 3
18 3 5
18 4 8
18 5 1
18 6 2
18 7 6
18 8 1
18 9 2
18 10 9
18 11 10
18 12 9
18 13 8
18 14 1
18 15 3
18 16 1
18 17 10
19 0 3
19 1 8
19 2 5
19 3 9
19 4 8
19 5 10
19 6 6
19 7 10
19 8 2
19 9 2
19 10 4
19 11 10
19 12 2
19 13 6
19 14 9
19 15 10
19 16 6
19 17 1
19 18 1
20 0 10
20 1 9
20 2 6
20 3 3
20 4 6
20 5 4
20 6 4
20 7 6
20 8 6
20 9 3
20 10 6
20 11 5
20 12 7
20 13 2
20 14 8
20 15 10
20 16 1
20 17 8
20 18 8
20 19 9
21 0 2
21 1 6
21 2 7
21 3 2
21 4 6
21 5 4
21 6 7
21 7 7
21 8 6
21 9 6
21 10 7
21 11 5
21 12 2
21 13 9
21 14 7
21 15 2
21 16 8
21 17 8
21 18 6
21 19 1
21 20 4
22 0 8
22 1 9
22 2 8
22 3 10
22 4 4
22 5 6
22 6 2
22 7 1
22 8 5
22 9 1
22 10 5
22 11 1
22 12 10
22 13 10
22 14 9
22 15 8
22 16 7
22 17 9
22 18 6
22 19 1
22 20 5
22 21 10
23 0 4
23 1 2
23 2 9
23 3 4
23 4 7
23 5 9
23 6 8
23 7 10
23 8 5
23 9 2
23 10 7
23 11 8
23 12 5
23 13 1
23 14 1
23 15 4
23 16 8
23 17 6
23 18 7
23 19 4
23 20 7
23 21 8
23 22 2
24 0 10
24 1 7
24 2 5
24 3 1
24 4 10
24 5 10
24 6 9
24 7 3
24 8 3
24 9 7
24 10 4
24 11 6
24 12 5
24 13 7
24 14 5
24 15 1
24 16 2
24 17 10
24 18 7
24 19 5
24 20 4
24 21 1
24 22 4
24 23 5
25 0 5
25 1 2
25 2 10
25 3 7
25 4 1
25 5 2
25 6 8
25 7 5
25 8 8
25 9 4
25 10 3
25 11 10
25 12 4
25 13 3
25 14 9
25 15 9
25 16 1
25 17 3
25 18 10
25 19 3
25 20 4
25 21 7
25 22 6
25 23 1
25 24 2
26 0 1
26 1 5
26 2 2
26 3 10
26 4 5
26 5 8
26 6 8
26 7 1
26 8 5
26 9 10
26 10 6
26 11 9
26 12 8
26 13 2
26 14 1
26 15 8
26 16 7
26 17 8
26 18 10
26 19 6
26 20 9
26 21 7
26 22 10
26 23 7
26 24 3
26 25 3
27 0 8
27 1 1
27 2 3
27 3 8
27 4 4
27 5 2
27 6 2
27 7 1
27 8 8
27 9 4
27 10 8
27 11 2
27 12 7
27 13 10
27 14 9
27 15 8
27 16 4
27 17 6
27 18 4
27 19 7
27 20 7
27 21 2
27 22 9
27 23 6
27 24 7
27 25 10
27 26 3
28 0 7
28 1 1
28 2 3
28 3 10
28 4 5
28 5 9
28 6 7
28 7 9
28 8 8
28 9 9
28 10 3
28 11 10
28 12 4
28 13 1
28 14 1
28 15 7
28 16 10
28 17 9
28 18 9
28 19 6
28 20 6
28 21 4
28 22 4
28 23 4
28 24 2
28 25 7
28 26 4
28 27 6
29 0 9
29 1 3
29 2 3
29 3 4
29 4 2
29 5 5
29 6 10
29 7 1
29 8 5
29 9 1
29 10 9
29 11 7
29 12 9
29 13 7
29 14 10
29 15 2
29 16 7
29 17 10
29 18 1
29 19 3
29 20 8
29 21 10
29 22 6
29 23 10
29 24 2
29 25 1
29 26 3
29 27 9
29 28 4
30 0 1
30 1 2
30 2 1
30 3 9
30 4 9
30 5 6
30 6 7
30 7 5
30 8 5
30 9 9
30 10 1
30 11 5
30 12 3
30 13 8
30 14 7
30 15 8
30 16 7
30 17 2
30 18 4
30 19 6
30 20 9
30 21 8
30 22 1
30 23 4
30 24 2
30 25 10
30 26 10
30 27 7
30 28 2
30 29 6
31 0 5
31 1 3
31 2 9
31 3 9
31 4 6
31 5 9
31 6 6
31 7 4
31 8 2
31 9 3
31 10 9
31 11 8
31 12 9
31 13 4
31 14 2
31 15 8
31 16 1
31 17 4
31 18 2
31 19 4
31 20 6
31 21 6
31 22 2
31 23 3
31 24 9
31 25 8
31 26 5
31 27 7
31 28 1
31 29 3
31 30 3
32 0 10
32 1 10
32 2 3
32 3 9
32 4 5
32 5 4
32 6 6
32 7 1
32 8 9
32 9 7
32 10 7
32 11 5
32 12 4
32 13 6
32 14 7
32 15 4
32 16 8
32 17 10
32 18 1
32 19 8
32 20 7
32 21 8
32 22 10
32 23 3
32 24 1
32 25 3
32 26 5
32 27 1
32 28 3
32 29 4
32 30 6
32 31 6
33 0 9
33 1 9
33 2 2
33 3 4
33 4 6
33 5 6
33 6 8
33 7 10
33 8 2
33 9 3
33 10 1
33 11 7
33 12 6
33 13 2
33 14 2
33 15 7
33 16 2
33 17 5
33 18 8
33 19 5
33 20 3
33 21 7
33 22 9
33 23 10
33 24 2
33 25 6
33 26 8
33 27 2
33 28 6
33 29 10
33 30 9
33 31 1
33 32 10
34 0 4
34 1 6
34 2 7
34 3 1
34 4 10
34 5 3
34 6 9
34 7 4
34 8 7
34 9 10
34 10 9
34 11 3
34 12 9
34 13 5
34 14 8
34 15 2
34 16 5
34 17 2
34 18 2
34 19 3
34 20 5
34 21 9
34 22 1
34 23 1
34 24 2
34 25 7
34 26 4
34 27 9
34 28 1
34 29 9
34 30 10
34 31 4
34 32 6
34 33 10
35 0 10
35 1 8
35 2 4
35 3 2
35 4 7
35 5 7
35 6 4
35 7 5
35 8 9
35 9 2
35 10 4
35 11 7
35 12 2
35 13 10
35 14 3
35 15 10
35 16 5
35 17 2
35 18 3
35 19 7
35 20 5
35 21 9
35 22 3
35 23 1
35 24 9
35 25 6
35 26 7
35 27 4
35 28 6
35 29 7
35 30 5
35 31 7
35 32 8
35 33 9
35 34 7
36 0 8
36 1 6
36 2 5
36 3 10
36 4 9
36 5 7
36 6 3
36 7 8
36 8 2
36 9 5
36 10 9
36 11 5
36 12 9
36 13 10
36 14 5
36 15 10
36 16 4
36 17 3
36 18 8
36 19 8
36 20 10
36 21 4
36 22 2
36 23 7
36 24 1
36 25 6
36 26 1
36 27 3
36 28 2
36 29 8
36 30 8
36 31 2
36 32 1
36 33 6
36 34 9
36 35 8
37 0 6
37 1 7
37 2 5
37 3 8
37 4 10
37 5 4
37 6 3
37 7 10
37 8 7
37 9 5
37 10 6
37 11 6
37 12 8
37 13 8
37 14 9
37 15 6
37 16 7
37 17 6
37 18 7
37 19 1
37 20 7
37 21 2
37 22 6
37 23 6
37 24 4
37 25 2
37 26 8
37 27 3
37 28 9
37 29 8
37 30 4
37 31 9
37 32 4
37 33 9
37 34 3
37 35 1
37 36 9
38 0 1
38 1 3
38 2 9
38 3 8
38 4 9
38 5 2
38 6 5
38 7 6
38 8 9
38 9 5
38 10 5
38 11 1
38 12 9
38 13 3
38 14 8
38 15 6
38 16 4
38 17 3
38 18 6
38 19 6
38 20 7
38 21 9
38 22 2
38 23 6
38 24 7
38 25 4
38 26 3
38 27 4
38 28 5
38 29 7
38 30 4
38 31 5
38 32 10
38 33 2
38 34 4
38 35 10
38 36 9
38 37 4
39 0 3
39 1 2
39 2 3
39 3 2
39 4 10
39 5 4
39 6 1
39 7 9
39 8 4
39 9 3
39 10 7
39 11 4
39 12 9
39 13 7
39 14 1
39 15 8
39 16 9
39 17 9
39 18 5
39 19 1
39 20 8
39 21 7
39 22 10
39 23 4
39 24 5
39 25 4
39 26 6
39 27 3
39 28 3
39 29 9
39 30 5
39 31 5
39 32 4
39 33 2
39 34 2
39 35 4
39 36 2
39 37 6
39 38 10
40 0 4
40 1 5
40 2 1
40 3 10
40 4 5
40 5 2
40 6 5
40 7 7
40 8 5
40 9 2
40 10 3
40 11 7
40 12 10
40 13 10
40 14 9
40 15 7
40 16 7
40 17 4
40 18 7
40 19 7
40 20 6
40 21 2
40 22 8
40 23 8
40 24 7
40 25 6
40 26 6
40 27 1
40 28 7
40 29 6
40 30 8
40 31 1
40 32 2
40 33 7
40 34 1
40 35 10
40 36 3
40 37 8
40 38 5
40 39 5
41 0 1
41 1 8
41 2 10
41 3 9
41 4 6
41 5 3
41 6 7
41 7 5
41 8 5
41 9 7
41 10 5
41 11 6
41 12 2
41 13 2
41 14 2
41 15 3
41 16 10
41 17 9
41 18 5
41 19 5
41 20 9
41 21 6
41 22 9
41 23 3
41 24 3
41 25 3
41 26 3
41 27 9
41 28 6
41 29 5
41 30 5
41 31 2
41 32 10
41 33 9
41 34 5
41 35 4
41 36 10
41 37 9
41 38 10
41 39 3
41 40 3
42 0 4
42 1 7
42 2 2
42 3 5
42 4 5
42 5 6
42 6 2
42 7 1
42 8 2
42 9 8
42 10 1
42 11 6
42 12 4
42 13 10
42 14 4
42 15 4
42 16 5
42 17 8
42 18 3
42 19 5
42 20 1
42 21 3
42 22 2
42 23 4
42 24 8
42 25 8
42 26 9
42 27 6
42 28 7
42 29 8
42 30 2
42 31 2
42 32 7
42 33 6
42 34 1
42 35 10
42 36 4
42 37 9
42 38 4
42 39 10
42 40 4
42 41 9
43 0 3
43 1 5
43 2 3
43 3 8
43 4 9
43 5 1
43 6 5
43 7 10
43 8 5
43 9 3
43 10 10
43 11 5
43 12 2
43 13 8
43 14 4
43 15 10
43 16 1
43 17 7
43 18 4
43 19 8
43 20 1
43 21 7
43 22 3
43 23 8
43 24 1
43 25 8
43 26 5
43 27 5
43 28 7
43 29 1
43 30 1
43 31 4
43 32 8
43 33 7
43 34 4
43 35 3
43 36 6
43 37 2
43 38 1
43 39 6
43 40 2
43 41 3
43 42 1
44 0 8
44 1 1
44 2 10
44 3 3
44 4 10
44 5 5
44 6 6
44 7 7
44 8 9
44 9 9
44 10 9
44 11 1
44 12 2
44 13 7
44 14 8
44 15 7
44 16 4
44 17 10
44 18 9
44 19 1
44 20 6
44 21 3
44 22 7
44 23 7
44 24 2
44 25 3
44 26 5
44 27 10
44 28 9
44 29 6
44 30 1
44 31 1
44 32 9
44 33 2
44 34 4
44 35 10
44 36 7
44 37 7
44 38 3
44 39 5
44 40 2
44 41 4
44 42 7
44 43 4
45 0 5
45 1 2
45 2 5
45 3 5
45 4 2
45 5 2
45 6 8
45 7 1
45 8 1
45 9 2
45 10 7
45 11 1
45 12 1
45 13 4
45 14 3
45 15 1
45 16 10
45 17 4
45 18 5
45 19 4
45 20 2
45 21 1
45 22 8
45 23 7
45 24 4
45 25 4
45 26 1
45 27 8
45 28 4
45 29 8
45 30 2
45 31 8
45 32 2
45 33 6
45 34 4
45 35 3
45 36 9
45 37 9
45 38 7
45 39 3
45 40 9
45 41 2
45 42 3
45 43 6
45 44 6
46 0 6
46 1 3
46 2 3
46 3 9
46 4 1
46 5 1
46 6 9
46 7 4
46 8 4
46 9 2
46 10 2
46 11 7
46 12 10
46 13 7
46 14 5
46 15 3
46 16 5
46 17 1
46 18 4
46 19 8
46 20 2
46 21 2
46 22 1
46 23 1
46 24 9
46 25 5
46 26 2
46 27 4
46 28 10
46 29 5
46 30 9
46 31 3
46 32 4
46 33 1
46 34 1
46 35 4
46 36 10
46 37 10
46 38 2
46 39 10
46 40 3
46 41 2
46 42 1
46 43 10
46 44 3
46 45 3
47 0 6
47 1 1
47 2 3
47 3 9
47 4 10
47 5 7
47 6 4
47 7 10
47 8 2
47 9 10
47 10 9
47 11 1
47 12 2
47 13 7
47 14 9
47 15 10
47 16 4
47 17 3
47 18 1
47 19 9
47 20 4
47 21 8
47 22 4
47 23 2
47 24 7
47 25 1
47 26 3
47 27 8
47 28 8
47 29 3
47 30 7
47 31 6
47 32 5
47 33 1
47 34 10
47 35 1
47 36 3
47 37 8
47 38 9
47 39 10
47 40 10
47 41 10
47 42 3
47 43 6
47 44 1
47 45 8
47 46 5
48 0 8
48 1 9
48 2 9
48 3 1
48 4 1
48 5 9
48 6 6
48 7 1
48 8 8
48 9 10
48 10 1
48 11 8
48 12 10
48 13 10
48 14 3
48 15 6
48 16 3
48 17 9
48 18 3
48 19 9
48 20 10
48 21 1
48 22 3
48 23 2
48 24 3
48 25 1
48 26 4
48 27 6
48 28 7
48 29 9
48 30 5
48 31 4
48 32 5
48 33 5
48 34 2
48 35 7
48 36 10
48 37 10
48 38 8
48 39 9
48 40 9
48 41 7
48 42 4
48 43 6
48 44 7
48 45 7
48 46 9
48 47 6
49 0 9
49 1 1
49 2 4
49 3 5
49 4 4
49 5 3
49 6 1
49 7 1
49 8 5
49 9 10
49 10 7
49 11 2
49 12 1
49 13 7
49 14 7
49 15 8
49 16 10
49 17 3
49 18 1
49 19 9
49 20 7
49 21 3
49 22 10
49 23 4
49 24 2
49 25 8
49 26 8
49 27 9
49 28 7
49 29 1
49 30 4
49 31 9
49 32 10
49 33 4
49 34 9
49 35 4
49 36 5
49 37 2
49 38 7
49 39 6
49 40 4
49 41 3
49 42 8
49 43 2
49 44 8
49 45 8
49 46 8
49 47 10
49 48 9
50 0 5
50 1 2
50 2 8
50 3 9
50 4 5
50 5 8
50 6 7
50 7 6
50 8 7
50 9 2
50 10 7
50 11 4
50 12 1
50 13 2
50 14 8
50 15 7
50 16 5
50 17 3
50 18 3
50 19 8
50 20 4
50 21 6
50 22 5
50 23 6
50 24 1
50 25 3
50 26 7
50 27 1
50 28 7
50 29 5
50 30 5
50 31 8
50 32 7
50 33 4
50 34 3
50 35 10
50 36 4
50 37 6
50 38 7
50 39 7
50 40 8
50 41 8
50 42 7
50 43 3
50 44 5
50 45 2
50 46 5
50 47 3
50 48 7
50 49 3
51 0 6
51 1 7
51 2 5
51 3 2
51 4 8
51 5 10
51 6 9
51 7 1
51 8 9
51 9 5
51 10 9
51 11 10
51 12 10
51 13 1
51 14 6
51 15 8
51 16 10
51 17 1
51 18 6
51 19 9
51 20 4
51 21 1
51 22 8
51 23 7
51 24 4
51 25 5
51 26 6
51 27 1
51 28 2
51 29 8
51 30 2
51 31 9
51 32 3
51 33 3
51 34 5
51 35 3
51 36 8
51 37 9
51 38 6
51 39 5
51 40 4
51 41 8
51 42 2
51 43 4
51 44 8
51 45 6
51 46 8
51 47 7
51 48 7
51 49 2
51 50 1
52 0 7
52 1 10
52 2 2
52 3 8
52 4 9
52 5 7
52 6 1
52 7 1
52 8 4
52 9 6
52 10 8
52 11 8
52 12 4
52 13 9
52 14 9
52 15 7
52 16 10
52 17 5
52 18 1
52 19 4
52 20 4
52 21 9
52 22 8
52 23 5
52 24 6
52 25 9
52 26 3
52 27 2
52 28 2
52 29 8
52 30 6
52 31 9
52 32 3
52 33 8
52 34 4
52 35 8
52 36 5
52 37 5
52 38 8
52 39 7
52 40 4
52 41 6
52 42 9
52 43 5
52 44 9
52 45 10
52 46 9
52 47 1
52 48 8
52 49 10
52 50 1
52 51 9
53 0 10
53 1 1
53 2 10
53 3 5
53 4 6
53 5 7
53 6 6
53 7 9
53 8 9
53 9 4
53 10 4
53 11 7
53 12 6
53 13 7
53 14 5
53 15 2
53 16 7
53 17 1
53 18 3
53 19 7
53 20 9
53 21 2
53 22 8
53 23 4
53 24 4
53 25 4
53 26 8
53 27 6
53 28 10
53 29 8
53 30 2
53 31 2
53 32 7
53 33 10
53 34 4
53 35 5
53 36 7
53 37 1
53 38 6
53 39 8
53 40 4
53 41 6
53 42 7
53 43 6
53 44 2
53 45 2
53 46 8
53 47 5
53 48 5
53 49 7
53 50 7
53 51 5
53 52 6
54 0 5
54 1 4
54 2 1
54 3 5
54 4 9
54 5 10
54 6 9
54 7 7
54 8 8
54 9 9
54 10 4
54 11 7
54 12 9
54 13 7
54 14 8
54 15 4
54 16 7
54 17 3
54 18 2
54 19 2
54 20 6
54 21 5
54 22 5
54 23 8
54 24 4
54 25 9
54 26 3
54 27 9
54 28 8
54 29 4
54 30 6
54 31 9
54 32 3
54 33 8
54 34 5
54 35 2
54 36 7
54 37 1
54 38 8
54 39 1
54 40 5
54 41 5
54 42 3
54 43 4
54 44 8
54 45 6
54 46 3
54 47 8
54 48 6
54 49 4
54 50 4
54 51 1
54 52 7
54 53 2
55 0 2
55 1 9
55 2 5
55 3 4
55 4 6
55 5 10
55 6 10
55 7 1
55 8 10
55 9 7
55 10 8
55 11 8
55 12 4
55 13 6
55 14 9
55 15 8
55 16 3
55 17 2
55 18 1
55 19 8
55 20 9
55 21 3
55 22 2
55 23 9
55 24 4
55 25 8
55 26 10
55 27 9
55 28 6
55 29 2
55 30 7
55 31 4
55 32 8
55 33 4
55 34 9
55 35 7
55 36 5
55 37 6
55 38 9
55 39 4
55 40 10
55 41 8
55 42 8
55 43 8
55 44 10
55 45 2
55 46 7
55 47 6
55 48 8
55 49 8
55 50 7
55 51 2
55 52 4
55 53 7
55 54 8
56 0 7
56 1 8
56 2 9
56 3 10
56 4 1
56 5 2
56 6 9
56 7 7
56 8 3
56 9 3
56 10 6
56 11 9
56 12 2
56 13 8
56 14 8
56 15 4
56 16 6
56 17 6
56 18 7
56 19 5
56 20 1
56 21 10
56 22 1
56 23 7
56 24 1
56 25 4
56 26 7
56 27 6
56 28 6
56 29 3
56 30 3
56 31 9
56 32 3
56 33 5
56 34 7
56 35 3
56 36 3
56 37 9
56 38 6
56 39 7
56 40 8
56 41 2
56 42 3
56 43 4
56 44 5
56 45 9
56 46 3
56 47 5
56 48 9
56 49 7
56 50 1
56 51 6
56 52 8
56 53 9
56 54 2
56 55 2
57 0 2
57 1 7
57 2 5
57 3 2
57 4 5
57 5 8
57 6 3
57 7 4
57 8 7
57 9 1
57 10 2
57 11 5
57 12 10
57 13 8
57 14 1
57 15 5
57 16 6
57 17 5
57 18 9
57 19 7
57 20 6
57 21 5
57 22 8
57 23 9
57 24 9
57 25 10
57 26 10
57 27 3
57 28 5
57 29 6
57 30 1
57 31 8
57 32 4
57 33 4
57 34 7
57 35 3
57 36 6
57 37 6
57 38 4
57 39 1
57 40 6
57 41 3
57 42 3
57 43 2
57 44 9
57 45 6
57 46 4
57 47 8
57 48 4
57 49 2
57 50 7
57 51 2
57 52 1
57 53 6
57 54 10
57 55 9
57 56 1
58 0 3
58 1 6
58 2 1
58 3 7
58 4 2
58 5 5
58 6 4
58 7 3
58 8 10
58 9 6
58 10 2
58 11 6
58 12 5
58 13 8
58 14 7
58 15 4
58 16 3
58 17 6
58 18 3
58 19 8
58 20 10
58 21 5
58 22 7
58 23 1
58 24 6
58 25 1
58 26 5
58 27 1
58 28 2
58 29 6
58 30 7
58 31 8
58 32 9
58 33 8
58 34 1
58 35 7
58 36 8
58 37 4
58 38 3
58 39 7
58 40 3
58 41 4
58 42 9
58 43 5
58 44 1
58 45 2
58 46 1
58 47 8
58 48 8
58 49 3
58 50 7
58 51 6
58 52 1
58 53 8
58 54 1
58 55 8
58 56 6
58 57 5
59 0 9
59 1 7
59 2 9
59 3 7
59 4 2
59 5 6
59 6 2
59 7 1
59 8 9
59 9 2
59 10 10
59 11 10
59 12 6
59 13 1
59 14 4
59 15 9
59 16 4
59 17 5
59 18 2
59 19 8
59 20 6
59 21 4
59 22 5
59 23 4
59 24 4
59 25 2
59 26 8
59 27 10
59 28 1
59 29 1
59 30 7
59 31 8
59 32 4
59 33 7
59 34 3
59 35 9
59 36 9
59 37 1
59 38 4
59 39 10
59 40 3
59 41 6
59 42 3
59 43 1
59 44 1
59 45 9
59 46 9
59 47 1
59 48 5
59 49 6
59 50 1
59 51 1
59 52 8
59 53 3
59 54 6
59 55 6
59 56 6
59 57 9
59 58 6
60 0 4
60 1 7
60 2 3
60 3 2
60 4 1
60 5 6
60 6 3
60 7 3
60 8 3
60 9 1
60 10 6
60 11 3
60 12 8
60 13 6
60 14 6
60 15 4
60 16 10
60 17 4
60 18 10
60 19 1
60 20 4
60 21 1
60 22 5
60 23 3
60 24 3
60 25 10
60 26 10
60 27 6
60 28 1
60 29 5
60 30 8
60 31 7
60 32 10
60 33 1
60 34 4
60 35 4
60 36 5
60 37 3
60 38 10
60 39 1
60 40 9
60 41 9
60 42 6
60 43 8
60 44 1
60 45 6
60 46 6
60 47 10
60 48 10
60 49 5
60 50 5
60 51 9
60 52 3
60 53 8
60 54 6
60 55 2
60 56 6
60 57 3
60 58 6
60 59 3
61 0 10
61 1 2
61 2 2
61 3 9
61 4 8
61 5 4
61 6 4
61 7 8
61 8 5
61 9 4
61 10 6
61 11 2
61 12 6
61 13 8
61 14 7
61 15 6
61 16 8
61 17 3
61 18 4
61 19 5
61 20 3
61 21 5
61 22 8
61 23 4
61 24 7
61 25 1
61 26 4
61 27 7
61 28 2
61 29 6
61 30 3
61 31 7
61 32 9
61 33 1
61 34 5
61 35 5
61 36 8
61 37 7
61 38 3
61 39 2
61 40 9
61 41 10
61 42 5
61 43 7
61 44 2
61 45 1
61 46 1
61 47 8
61 48 4
61 49 2
61 50 3
61 51 6
61 52 2
61 53 10
61 54 3
61 55 8
61 56 10
61 57 7
61 58 6
61 59 10
61 60 4
62 0 9
62 1 8
62 2 4
62 3 1
62 4 6
62 5 1
62 6 7
62 7 1
62 8 2
62 9 4
62 10 7
62 11 3
62 12 6
62 13 1
62 14 9
62 15 10
62 16 9
62 17 4
62 18 5
62 19 7
62 20 2
62 21 8
62 22 6
62 23 3
62 24 9
62 25 1
62 26 4
62 27 3
62 28 7
62 29 4
62 30 2
62 31 7
62 32 6
62 33 2
62 34 8
62 35 4
62 36 8
62 37 3
62 38 10
62 39 3
62 40 10
62 41 4
62 42 10
62 43 7
62 44 7
62 45 4
62 46 5
62 47 7
62 48 8
62 49 7
62 50 9
62 51 8
62 52 5
62 53 6
62 54 10
62 55 6
62 56 3
62 57 3
62 58 10
62 59 4
62 60 3
62 61 3
63 0 6
63 1 3
63 2 4
63 3 9
63 4 8
63 5 5
63 6 3
63 7 9
63 8 6
63 9 4
63 10 1
63 11 4
63 12 8
63 13 4
63 14 1
63 15 8
63 16 5
63 17 3
63 18 10
63 19 2
63 20 3
63 21 2
63 22 6
63 23 8
63 24 9
63 25 7
63 26 7
63 27 10
63 28 10
63 29 4
63 30 6
63 31 4
63 32 10
63 33 10
63 34 5
63 35 5
63 36 7
63 37 4
63 38 6
63 39 1
63 40 6
63 41 2
63 42 8
63 43 5
63 44 4
63 45 5
63 46 8
63 47 6
63 48 3
63 49 7
63 50 6
63 51 10
63 52 2
63 53 9
63 54 5
63 55 8
63 56 9
63 57 1
63 58 1
63 59 8
63 60 8
63 61 1
63 62 3
64 0 7
64 1 10
64 2 2
64 3 9
64 4 3
64 5 8
64 6 10
64 7 7
64 8 7
64 9 10
64 10 3
64 11 8
64 12 5
64 13 4
64 14 7
64 15 7
64 16 8
64 17 4
64 18 6
64 19 8
64 20 5
64 21 9
64 22 10
64 23 2
64 24 2
64 25 6
64 26 9
64 27 3
64 28 5
64 29 1
64 30 1
64 31 1
64 32 4
64 33 3
64 34 4
64 35 3
64 36 5
64 37 6
64 38 5
64 39 3
64 40 1
64 41 8
64 42 1
64 43 2
64 44 3
64 45 5
64 46 3
64 47 2
64 48 7
64 49 1
64 50 8
64 51 10
64 52 1
64 53 10
64 54 10
64 55 4
64 56 7
64 57 5
64 58 6
64 59 8
64 60 7
64 61 2
64 62 9
64 63 8
65 0 4
65 1 3
65 2 3
65 3 7
65 4 9
65 5 1
65 6 8
65 7 7
65 8 9
65 9 8
65 10 5
65 11 1
65 12 7
65 13 9
65 14 2
65 15 7
65 16 4
65 17 4
65 18 2
65 19 10
65 20 1
65 21 1
65 22 1
65 23 10
65 24 8
65 25 2
65 26 8
65 27 3
65 28 8
65 29 3
65 30 3
65 31 2
65 32 2
65 33 7
65 34 5
65 35 10
65 36 5
65 37 2
65 38 4
65 39 1
65 40 5
65 41 6
65 42 2
65 43 10
65 44 3
65 45 2
65 46 10
65 47 6
65 48 9
65 49 9
65 50 1
65 51 8
65 52 10
65 53 7
65 54 1
65 55 9
65 56 3
65 57 6
65 58 2
65 59 3
65 60 9
65 61 2
65 62 10
65 63 6
65 64 5
66 0 10
66 1 4
66 2 6
66 3 6
66 4 2
66 5 5
66 6 8
66 7 7
66 8 10
66 9 8
66 10 7
66 11 9
66 12 7
66 13 8
66 14 6
66 15 2
66 16 6
66 17 3
66 18 5
66 19 4
66 20 3
66 21 8
66 22 7
66 23 1
66 24 10
66 25 5
66 26 3
66 27 4
66 28 10
66 29 6
66 30 10
66 31 9
66 32 6
66 33 8
66 34 3
66 35 6
66 36 5
66 37 4
66 38 2
66 39 5
66 40 1
66 41 4
66 42 1
66 43 10
66 44 8
66 45 3
66 46 6
66 47 4
66 48 5
66 49 1
66 50 6
66 51 6
66 52 9
66 53 9
66 54 2
66 55 8
66 56 4
66 57 8
66 58 5
66 59 7
66 60 7
66 61 10
66 62 9
66 63 4
66 64 7
66 65 2
67 0 6
67 1 6
67 2 7
67 3 5
67 4 2
67 5 7
67 6 3
67 7 7
67 8 4
67 9 9
67 10 4
67 11 8
67 12 1
67 13 9
67 14 8
67 15 7
67 16 10
67 17 2
67 18 8
67 19 4
67 20 10
67 21 5
67 22 5
67 23 10
67 24 3
67 25 7
67 26 8
67 27 7
67 28 6
67 29 10
67 30 10
67 31 1
67 32 7
67 33 4
67 34 5
67 35 3
67 36 10
67 37 6
67 38 7
67 39 4
67 40 1
67 41 9
67 42 2
67 43 4
67 44 3
67 45 8
67 46 5
67 47 4
67 48 3
67 49 10
67 50 6
67 51 7
67 52 6
67 53 1
67 54 8
67 55 2
67 56 6
67 57 10
67 58 3
67 59 4
67 60 4
67 61 1
67 62 1
67 63 8
67 64 10
67 65 6
67 66 9
68 0 9
68 1 8
68 2 3
68 3 2
68 4 5
68 5 7
68 6 3
68 7 7
68 8 1
68 9 3
68 10 5
68 11 10
68 12 4
68 13 8
68 14 10
68 15 3
68 16 5
68 17 4
68 18 2
68 19 10
68 20 5
68 21 5
68 22 5
68 23 7
68 24 8
68 25 1
68 26 8
68 27 6
68 28 1
68 29 8
68 30 6
68 31 9
68 32 1
68 33 1
68 34 2
68 35 3
68 36 8
68 37 10
68 38 9
68 39 2
68 40 2
68 41 9
68 42 6
68 43 6
68 44 3
68 45 8
68 46 1
68 47 10
68 48 5
68 49 10
68 50 10
68 51 10
68 52 4
68 53 8
68 54 5
68 55 5
68 56 6
68 57 3
68 58 9
68 59 1
68 60 10
68 61 6
68 62 3
68 63 6
68 64 2
68 65 10
68 66 4
68 67 9
69 0 9
69 1 2
69 2 8
69 3 4
69 4 2
69 5 3
69 6 2
69 7 7
69 8 1
69 9 6
69 10 7
69 11 6
69 12 9
69 13 3
69 14 3
69 15 1
69 16 9
69 17 2
69 18 7
69 19 1
69 20 10
69 21 5
69 22 6
69 23 7
69 24 10
69 25 6
69 26 6
69 27 6
69 28 5
69 29 1
69 30 8
69 31 9
69 32 7
69 33 3
69 34 6
69 35 9
69 36 9
69 37 10
69 38 10
69 39 5
69 40 3
69 41 10
69 42 1
69 43 5
69 44 10
69 45 6
69 46 10
69 47 1
69 48 4
69 49 1
69 50 5
69 51 8
69 52 8
69 53 5
69 54 9
69 55 8
69 56 2
69 57 4
69 58 10
69 59 10
69 60 4
69 61 9
69 62 5
69 63 5
69 64 9
69 65 5
69 66 8
69 67 2
69 68 10
