70
1 0 2
2 0 10
2 1 9
3 0 9
3 1 1
3 2 1
4 0 2
4 1 1
4 2 5
4 3 11
5 0 9
5 1 1
5 2 13
5 3 3
5 4 5
6 0 2
6 1 11
6 2 1
6 3 2
6 4 9
6 5 10
7 0 2
7 1 13
7 2 1
7 3 4
7 4 3
7 5 10
7 6 12
8 0 2
8 1 2
8 2 1
8 3 3
8 4 12
8 5 3
8 6 7
8 7 8
9 0 2
9 1 5
9 2 8
9 3 13
9 4 13
9 5 5
9 6 7
9 7 5
9 8 7
10 0 11
10 1 12
10 2 5
10 3 13
10 4 10
10 5 1
10 6 5
10 7 8
10 8 5
10 9 2
11 0 5
11 1 7
11 2 13
11 3 12
11 4 12
11 5 13
11 6 2
11 7 10
11 8 5
11 9 5
11 10 4
12 0 7
12 1 8
12 2 11
12 3 9
12 4 10
12 5 6
12 6 12
12 7 10
12 8 4
12 9 11
12 10 13
12 11 11
13 0 7
13 1 2
13 2 5
13 3 6
13 4 1
13 5 12
13 6 10
13 7 4
13 8 8
13 9 2
13 10 5
13 11 12
13 12 9
14 0 11
14 1 1
14 2 13
14 3 12
14 4 13
14 5 7
14 6 6
14 7 13
14 8 6
14 9 10
14 10 3
14 11 1
14 12 5
14 13 13
15 0 12
15 1 1
15 2 5
15 3 12
15 4 8
15 5 13
15 6 13
15 7 7
15 8 1
15 9 11
15 10 3
15 11 3
15 12 11
15 13 1
15 14 1
16 0 5
16 1 3
16 2 5
16 3 8
16 4 5
16 5 4
16 6 6
16 7 7
16 8 2
16 9 7
16 10 12
16 11 7
16 12 5
16 13 13
16 14 9
16 15 11
17 0 1
17 1 6
17 2 4
17 3 5
17 4 3
17 5 1
17 6 10
17 7 3
17 8 5
17 9 9
17 10 12
17 11 9
17 12 3
17 13 13
17 14 6
17 15 13
17 16 7
18 0 12
18 1 8
18 2 9
18 3 2
18 4 9
18 5 9
18 6 2
18 7 11
18 8 2
18 9 5
18 10 9
18 11 10
18 12 13
18 13 13
18 14 7
18 15 12
18 16 5
18 17 8
19 0 11
19 1 4
19 2 3
19 3 5
19 4 1
19 5 9
19 6 1
19 7 5
19 8 13
19 9 9
19 10 8
19 11 12
19 12 3
19 13 12
19 14 7
19 15 12
19 16 12
19 17 13
19 18 8
20 0 12
20 1 2
20 2 5
20 3 1
20 4 6
20 5 6
20 6 2
20 7 9
20 8 3
20 9 8
20 10 9
20 11 7
20 12 5
20 13 5
20 14 5
20 15 10
20 16 2
20 17 11
20 18 12
20 19 1
21 0 7
21 1 1
21 2 6
21 3 5
21 4 4
21 5 11
21 6 4
21 7 6
21 8 5
21 9 4
21 10 11
21 11 8
21 12 13
21 13 12
21 14 4
21 15 1
21 16 5
21 17 2
21 18 11
21 19 9
21 20 2
22 0 1
22 1 7
22 2 10
22 3 6
22 4 6
22 5 3
22 6 12
22 7 2
22 8 2
22 9 8
22 10 8
22 11 5
22 12 4
22 13 4
22 14 11
22 15 12
22 16 9
22 17 1
22 18 1
22 19 6
22 20 8
22 21 6
23 0 7
23 1 3
23 2 6
23 3 2
23 4 3
23 5 1
23 6 2
23 7 5
23 8 4
23 9 1
23 10 8
23 11 5
23 12 10
23 13 8
23 14 11
23 15 8
23 16 11
23 17 3
23 18 2
23 19 5
23 20 4
23 21 8
23 22 7
24 0 13
24 1 9
24 2 13
24 3 8
24 4 6
24 5 1
24 6 5
24 7 9
24 8 1
24 9 9
24 10 11
24 11 13
24 12 3
24 13 13
24 14 10
24 15 13
24 16 10
24 17 6
24 18 11
24 19 2
24 20 9
24 21 9
24 22 6
24 23 2
25 0 8
25 1 10
25 2 5
25 3 6
25 4 6
25 5 10
25 6 11
25 7 8
25 8 10
25 9 12
25 10 11
25 11 7
25 12 8
25 13 12
25 14 13
25 15 10
25 16 4
25 17 9
25 18 11
25 19 7
25 20 13
25 21 7
25 22 6
25 23 8
25 24 10
26 0 12
26 1 1
26 2 10
26 3 12
26 4 10
26 5 13
26 6 7
26 7 5
26 8 10
26 9 12
26 10 6
26 11 2
26 12 10
26 13 9
26 14 11
26 15 13
26 16 13
26 17 9
26 18 9
26 19 13
26 20 3
26 21 4
26 22 6
26 23 5
26 24 3
26 25 3
27 0 13
27 1 8
27 2 7
27 3 2
27 4 2
27 5 9
27 6 7
27 7 7
27 8 13
27 9 3
27 10 1
27 11 3
27 12 9
27 13 7
27 14 7
27 15 4
27 16 7
27 17 9
27 18 6
27 19 1
27 20 1
27 21 2
27 22 11
27 23 2
27 24 10
27 25 1
27 26 9
28 0 4
28 1 13
28 2 3
28 3 8
28 4 3
28 5 1
28 6 1
28 7 9
28 8 10
28 9 9
28 10 13
28 11 5
28 12 12
28 13 8
28 14 1
28 15 3
28 16 12
28 17 12
28 18 4
28 19 1
28 20 10
28 21 13
28 22 12
28 23 6
28 24 1
28 25 12
28 26 11
28 27 4
29 0 5
29 1 1
29 2 1
29 3 1
29 4 4
29 5 3
29 6 11
29 7 3
29 8 9
29 9 11
29 10 7
29 11 12
29 12 5
29 13 11
29 14 13
29 15 8
29 16 3
29 17 6
29 18 1
29 19 7
29 20 2
29 21 4
29 22 9
29 23 13
29 24 12
29 25 5
29 26 11
29 27 12
29 28 7
30 0 10
30 1 2
30 2 13
30 3 12
30 4 9
30 5 9
30 6 9
30 7 13
30 8 13
30 9 1
30 10 11
30 11 6
30 12 7
30 13 7
30 14 1
30 15 8
30 16 5
30 17 4
30 18 1
30 19 13
30 20 11
30 21 6
30 22 8
30 23 12
30 24 12
30 25 8
30 26 9
30 27 7
30 28 9
30 29 4
31 0 12
31 1 11
31 2 12
31 3 10
31 4 7
31 5 4
31 6 6
31 7 5
31 8 7
31 9 11
31 10 5
31 11 3
31 12 3
31 13 7
31 14 9
31 15 12
31 16 7
31 17 4
31 18 12
31 19 13
31 20 3
31 21 3
31 22 4
31 23 12
31 24 12
31 25 13
31 26 1
31 27 11
31 28 6
31 29 3
31 30 5
32 0 8
32 1 4
32 2 4
32 3 2
32 4 11
32 5 12
32 6 10
32 7 5
32 8 6
32 9 2
32 10 11
32 11 3
32 12 9
32 13 13
32 14 6
32 15 11
32 16 3
32 17 2
32 18 3
32 19 7
32 20 9
32 21 3
32 22 8
32 23 5
32 24 13
32 25 7
32 26 7
32 27 4
32 28 8
32 29 9
32 30 11
32 31 8
33 0 4
33 1 3
33 2 12
33 3 4
33 4 10
33 5 5
33 6 11
33 7 11
33 8 8
33 9 13
33 10 13
33 11 3
33 12 9
33 13 3
33 14 11
33 15 11
33 16 8
33 17 5
33 18 10
33 19 7
33 20 6
33 21 2
33 22 13
33 23 1
33 24 13
33 25 9
33 26 7
33 27 6
33 28 3
33 29 13
33 30 5
33 31 6
33 32 10
34 0 13
34 1 5
34 2 11
34 3 9
34 4 11
34 5 13
34 6 3
34 7 4
34 8 10
34 9 4
34 10 3
34 11 12
34 12 10
34 13 7
34 14 11
34 15 4
34 16 9
34 17 6
34 18 1
34 19 9
34 20 6
34 21 1
34 22 8
34 23 5
34 24 7
34 25 8
34 26 2
34 27 13
34 28 6
34 29 6
34 30 11
34 31 10
34 32 3
34 33 1
35 0 10
35 1 2
35 2 8
35 3 5
35 4 11
35 5 11
35 6 1
35 7 1
35 8 13
35 9 2
35 10 8
35 11 7
35 12 10
35 13 4
35 14 6
35 15 9
35 16 8
35 17 4
35 18 6
35 19 10
35 20 1
35 21 11
35 22 9
35 23 12
35 24 10
35 25 4
35 26 9
35 27 3
35 28 11
35 29 3
35 30 5
35 31 3
35 32 13
35 33 9
35 34 3
36 0 5
36 1 7
36 2 10
36 3 1
36 4 11
36 5 1
36 6 11
36 7 11
36 8 4
36 9 12
36 10 2
36 11 1
36 12 7
36 13 11
36 14 10
36 15 2
36 16 4
36 17 2
36 18 6
36 19 1
36 20 3
36 21 6
36 22 11
36 23 12
36 24 10
36 25 1
36 26 13
36 27 3
36 28 8
36 29 3
36 30 11
36 31 11
36 32 6
36 33 11
36 34 6
36 35 5
37 0 12
37 1 11
37 2 13
37 3 8
37 4 13
37 5 1
37 6 7
37 7 5
37 8 1
37 9 4
37 10 7
37 11 1
37 12 10
37 13 6
37 14 9
37 15 4
37 16 2
37 17 8
37 18 13
37 19 3
37 20 12
37 21 5
37 22 2
37 23 12
37 24 10
37 25 6
37 26 4
37 27 13
37 28 7
37 29 8
37 30 2
37 31 5
37 32 12
37 33 13
37 34 7
37 35 11
37 36 6
38 0 4
38 1 10
38 2 9
38 3 5
38 4 11
38 5 12
38 6 6
38 7 5
38 8 11
38 9 13
38 10 8
38 11 6
38 12 9
38 13 8
38 14 11
38 15 9
38 16 4
38 17 13
38 18 2
38 19 12
38 20 11
38 21 12
38 22 7
38 23 10
38 24 7
38 25 13
38 26 13
38 27 10
38 28 7
38 29 2
38 30 10
38 31 7
38 32 8
38 33 10
38 34 12
38 35 12
38 36 6
38 37 7
39 0 5
39 1 9
39 2 4
39 3 3
39 4 4
39 5 11
39 6 9
39 7 5
39 8 1
39 9 5
39 10 3
39 11 9
39 12 3
39 13 11
39 14 13
39 15 4
39 16 7
39 17 5
39 18 12
39 19 6
39 20 7
39 21 11
39 22 11
39 23 1
39 24 7
39 25 1
39 26 9
39 27 6
39 28 8
39 29 5
39 30 12
39 31 13
39 32 1
39 33 11
39 34 1
39 35 10
39 36 7
39 37 8
39 38 13
40 0 11
40 1 8
40 2 8
40 3 3
40 4 8
40 5 7
40 6 2
40 7 1
40 8 5
40 9 1
40 10 1
40 11 5
40 12 4
40 13 1
40 14 3
40 15 13
40 16 4
40 17 2
40 18 3
40 19 6
40 20 6
40 21 5
40 22 3
40 23 4
40 24 9
40 25 10
40 26 8
40 27 3
40 28 8
40 29 12
40 30 4
40 31 10
40 32 13
40 33 7
40 34 7
40 35 11
40 36 3
40 37 13
40 38 13
40 39 13
41 0 1
41 1 8
41 2 10
41 3 1
41 4 9
41 5 4
41 6 11
41 7 9
41 8 9
41 9 9
41 10 5
41 11 9
41 12 10
41 13 13
41 14 6
41 15 12
41 16 5
41 17 4
41 18 7
41 19 5
41 20 8
41 21 3
41 22 3
41 23 1
41 24 9
41 25 9
41 26 3
41 27 8
41 28 12
41 29 5
41 30 13
41 31 8
41 32 1
41 33 10
41 34 3
41 35 3
41 36 7
41 37 1
41 38 6
41 39 11
41 40 6
42 0 6
42 1 9
42 2 10
42 3 9
42 4 2
42 5 2
42 6 8
42 7 10
42 8 10
42 9 13
42 10 13
42 11 8
42 12 13
42 13 5
42 14 11
42 15 8
42 16 9
42 17 5
42 18 6
42 19 4
42 20 1
42 21 9
42 22 9
42 23 5
42 24 3
42 25 11
42 26 8
42 27 5
42 28 13
42 29 1
42 30 1
42 31 10
42 32 2
42 33 11
42 34 5
42 35 12
42 36 5
42 37 2
42 38 10
42 39 3
42 40 2
42 41 9
43 0 8
43 1 5
43 2 1
43 3 12
43 4 4
43 5 7
43 6 13
43 7 12
43 8 12
43 9 1
43 10 6
43 11 3
43 12 4
43 13 12
43 14 11
43 15 2
43 16 6
43 17 13
43 18 7
43 19 11
43 20 8
43 21 5
43 22 11
43 23 6
43 24 13
43 25 9
43 26 4
43 27 11
43 28 9
43 29 7
43 30 2
43 31 7
43 32 11
43 33 4
43 34 9
43 35 11
43 36 12
43 37 6
43 38 4
43 39 10
43 40 5
43 41 7
43 42 3
44 0 12
44 1 11
44 2 5
44 3 13
44 4 7
44 5 2
44 6 12
44 7 11
44 8 7
44 9 11
44 10 8
44 11 8
44 12 1
44 13 9
44 14 4
44 15 9
44 16 6
44 17 5
44 18 6
44 19 5
44 20 11
44 21 11
44 22 13
44 23 5
44 24 8
44 25 9
44 26 12
44 27 8
44 28 6
44 29 12
44 30 7
44 31 1
44 32 3
44 33 4
44 34 9
44 35 6
44 36 13
44 37 4
44 38 5
44 39 4
44 40 5
44 41 10
44 42 5
44 43 1
45 0 9
45 1 9
45 2 7
45 3 11
45 4 5
45 5 3
45 6 3
45 7 10
45 8 6
45 9 1
45 10 8
45 11 8
45 12 12
45 13 2
45 14 10
45 15 1
45 16 9
45 17 8
45 18 9
45 19 6
45 20 13
45 21 3
45 22 11
45 23 11
45 24 6
45 25 4
45 26 7
45 27 7
45 28 4
45 29 3
45 30 9
45 31 13
45 32 2
45 33 2
45 34 9
45 35 3
45 36 13
45 37 7
45 38 7
45 39 4
45 40 2
45 41 9
45 42 2
45 43 6
45 44 3
46 0 11
46 1 11
46 2 11
46 3 2
46 4 12
46 5 6
46 6 1
46 7 4
46 8 1
46 9 3
46 10 7
46 11 11
46 12 3
46 13 7
46 14 6
46 15 4
46 16 9
46 17 5
46 18 3
46 19 3
46 20 8
46 21 1
46 22 7
46 23 1
46 24 7
46 25 1
46 26 8
46 27 3
46 28 9
46 29 9
46 30 13
46 31 7
46 32 12
46 33 8
46 34 6
46 35 13
46 36 7
46 37 9
46 38 10
46 39 4
46 40 4
46 41 10
46 42 1
46 43 7
46 44 12
46 45 13
47 0 9
47 1 4
47 2 10
47 3 6
47 4 1
47 5 2
47 6 12
47 7 5
47 8 8
47 9 12
47 10 4
47 11 11
47 12 10
47 13 7
47 14 12
47 15 12
47 16 6
47 17 12
47 18 12
47 19 10
47 20 5
47 21 9
47 22 7
47 23 11
47 24 12
47 25 7
47 26 4
47 27 2
47 28 1
47 29 1
47 30 5
47 31 8
47 32 4
47 33 5
47 34 5
47 35 8
47 36 3
47 37 12
47 38 9
47 39 13
47 40 13
47 41 2
47 42 4
47 43 6
47 44 11
47 45 9
47 46 6
48 0 3
48 1 5
48 2 4
48 3 7
48 4 12
48 5 6
48 6 7
48 7 11
48 8 7
48 9 4
48 10 10
48 11 1
48 12 10
48 13 7
48 14 9
48 15 10
48 16 13
48 17 6
48 18 3
48 19 8
48 20 9
48 21 12
48 22 6
48 23 1
48 24 13
48 25 9
48 26 10
48 27 5
48 28 4
48 29 7
48 30 13
48 31 8
48 32 1
48 33 9
48 34 1
48 35 11
48 36 3
48 37 3
48 38 5
48 39 13
48 40 2
48 41 9
48 42 8
48 43 12
48 44 3
48 45 12
48 46 1
48 47 7
49 0 2
49 1 3
49 2 10
49 3 13
49 4 4
49 5 3
49 6 13
49 7 2
49 8 3
49 9 10
49 10 13
49 11 11
49 12 3
49 13 11
49 14 13
49 15 1
49 16 8
49 17 11
49 18 8
49 19 7
49 20 4
49 21 1
49 22 3
49 23 10
49 24 5
49 25 5
49 26 5
49 27 8
49 28 12
49 29 4
49 30 1
49 31 9
49 32 1
49 33 12
49 34 12
49 35 12
49 36 12
49 37 4
49 38 9
49 39 1
49 40 7
49 41 11
49 42 11
49 43 9
49 44 7
49 45 11
49 46 3
49 47 2
49 48 8
50 0 3
50 1 2
50 2 1
50 3 4
50 4 8
50 5 12
50 6 9
50 7 6
50 8 1
50 9 4
50 10 12
50 11 12
50 12 9
50 13 3
50 14 12
50 15 9
50 16 13
50 17 2
50 18 5
50 19 12
50 20 2
50 21 8
50 22 2
50 23 1
50 24 2
50 25 13
50 26 11
50 27 3
50 28 1
50 29 10
50 30 12
50 31 8
50 32 13
50 33 4
50 34 9
50 35 3
50 36 2
50 37 10
50 38 12
50 39 9
50 40 3
50 41 8
50 42 6
50 43 8
50 44 12
50 45 9
50 46 9
50 47 4
50 48 9
50 49 1
51 0 6
51 1 12
51 2 3
51 3 10
51 4 3
51 5 5
51 6 9
51 7 12
51 8 2
51 9 12
51 10 8
51 11 12
51 12 5
51 13 4
51 14 4
51 15 11
51 16 10
51 17 2
51 18 12
51 19 5
51 20 11
51 21 7
51 22 2
51 23 13
51 24 12
51 25 13
51 26 1
51 27 4
51 28 6
51 29 3
51 30 7
51 31 5
51 32 5
51 33 9
51 34 4
51 35 8
51 36 5
51 37 3
51 38 4
51 39 5
51 40 8
51 41 6
51 42 3
51 43 12
51 44 5
51 45 6
51 46 10
51 47 2
51 48 9
51 49 2
51 50 1
52 0 1
52 1 7
52 2 12
52 3 3
52 4 3
52 5 1
52 6 10
52 7 5
52 8 1
52 9 9
52 10 9
52 11 2
52 12 3
52 13 6
52 14 7
52 15 9
52 16 10
52 17 8
52 18 4
52 19 2
52 20 3
52 21 7
52 22 7
52 23 6
52 24 6
52 25 2
52 26 2
52 27 13
52 28 1
52 29 7
52 30 7
52 31 12
52 32 8
52 33 8
52 34 11
52 35 12
52 36 12
52 37 5
52 38 11
52 39 8
52 40 13
52 41 5
52 42 1
52 43 12
52 44 12
52 45 8
52 46 4
52 47 7
52 48 7
52 49 6
52 50 11
52 51 4
53 0 10
53 1 11
53 2 4
53 3 13
53 4 9
53 5 5
53 6 13
53 7 7
53 8 5
53 9 7
53 10 1
53 11 2
53 12 12
53 13 12
53 14 6
53 15 13
53 16 1
53 17 8
53 18 11
53 19 1
53 20 4
53 21 10
53 22 12
53 23 6
53 24 11
53 25 3
53 26 9
53 27 10
53 28 13
53 29 10
53 30 5
53 31 7
53 32 9
53 33 11
53 34 1
53 35 8
53 36 3
53 37 13
53 38 2
53 39 5
53 40 10
53 41 10
53 42 4
53 43 10
53 44 10
53 45 2
53 46 5
53 47 10
53 48 13
53 49 4
53 50 12
53 51 10
53 52 13
54 0 10
54 1 8
54 2 7
54 3 9
54 4 7
54 5 2
54 6 4
54 7 10
54 8 3
54 9 4
54 10 12
54 11 7
54 12 10
54 13 2
54 14 6
54 15 9
54 16 11
54 17 8
54 18 5
54 19 13
54 20 2
54 21 2
54 22 6
54 23 1
54 24 3
54 25 4
54 26 1
54 27 7
54 28 11
54 29 7
54 30 9
54 31 4
54 32 13
54 33 7
54 34 6
54 35 5
54 36 9
54 37 4
54 38 5
54 39 13
54 40 1
54 41 4
54 42 6
54 43 8
54 44 11
54 45 2
54 46 13
54 47 6
54 48 6
54 49 2
54 50 7
54 51 1
54 52 6
54 53 11
55 0 10
55 1 4
55 2 5
55 3 11
55 4 8
55 5 2
55 6 10
55 7 10
55 8 11
55 9 5
55 10 1
55 11 7
55 12 13
55 13 11
55 14 9
55 15 13
55 16 6
55 17 5
55 18 10
55 19 8
55 20 11
55 21 4
55 22 3
55 23 10
55 24 7
55 25 12
55 26 6
55 27 13
55 28 9
55 29 8
55 30 9
55 31 2
55 32 12
55 33 4
55 34 9
55 35 2
55 36 1
55 37 2
55 38 8
55 39 2
55 40 6
55 41 3
55 42 8
55 43 10
55 44 9
55 45 3
55 46 13
55 47 6
55 48 8
55 49 6
55 50 7
55 51 13
55 52 13
55 53 13
55 54 5
56 0 10
56 1 1
56 2 1
56 3 7
56 4 3
56 5 5
56 6 6
56 7 2
56 8 8
56 9 6
56 10 7
56 11 6
56 12 7
56 13 2
56 14 11
56 15 3
56 16 8
56 17 1
56 18 1
56 19 6
56 20 12
56 21 13
56 22 1
56 23 4
56 24 5
56 25 7
56 26 1
56 27 4
56 28 11
56 29 9
56 30 8
56 31 4
56 32 1
56 33 8
56 34 10
56 35 9
56 36 8
56 37 3
56 38 7
56 39 6
56 40 9
56 41 13
56 42 5
56 43 2
56 44 1
56 45 11
56 46 10
56 47 1
56 48 7
56 49 11
56 50 2
56 51 10
56 52 8
56 53 5
56 54 8
56 55 11
57 0 3
57 1 9
57 2 8
57 3 12
57 4 10
57 5 6
57 6 4
57 7 5
57 8 11
57 9 2
57 10 13
57 11 6
57 12 3
57 13 12
57 14 5
57 15 13
57 16 8
57 17 10
57 18 13
57 19 2
57 20 6
57 21 7
57 22 8
57 23 4
57 24 11
57 25 8
57 26 3
57 27 5
57 28 1
57 29 7
57 30 7
57 31 6
57 32 5
57 33 6
57 34 4
57 35 4
57 36 12
57 37 10
57 38 1
57 39 11
57 40 1
57 41 1
57 42 12
57 43 12
57 44 3
57 45 6
57 46 10
57 47 11
57 48 3
57 49 3
57 50 12
57 51 12
57 52 4
57 53 3
57 54 8
57 55 8
57 56 9
58 0 13
58 1 7
58 2 10
58 3 10
58 4 6
58 5 9
58 6 13
58 7 12
58 8 7
58 9 7
58 10 7
58 11 3
58 12 5
58 13 7
58 14 9
58 15 13
58 16 13
58 17 13
58 18 11
58 19 4
58 20 1
58 21 7
58 22 13
58 23 2
58 24 11
58 25 9
58 26 5
58 27 2
58 28 8
58 29 8
58 30 11
58 31 10
58 32 7
58 33 2
58 34 3
58 35 5
58 36 11
58 37 8
58 38 3
58 39 7
58 40 10
58 41 5
58 42 4
58 43 8
58 44 4
58 45 5
58 46 13
58 47 1
58 48 5
58 49 5
58 50 2
58 51 4
58 52 1
58 53 13
58 54 5
58 55 1
58 56 10
58 57 9
59 0 9
59 1 13
59 2 3
59 3 2
59 4 12
59 5 3
59 6 2
59 7 10
59 8 13
59 9 12
59 10 10
59 11 7
59 12 13
59 13 10
59 14 6
59 15 9
59 16 8
59 17 9
59 18 12
59 19 4
59 20 1
59 21 5
59 22 3
59 23 9
59 24 8
59 25 4
59 26 11
59 27 10
59 28 6
59 29 10
59 30 2
59 31 4
59 32 11
59 33 11
59 34 9
59 35 9
59 36 13
59 37 6
59 38 10
59 39 2
59 40 8
59 41 10
59 42 4
59 43 5
59 44 6
59 45 1
59 46 7
59 47 4
59 48 2
59 49 7
59 50 5
59 51 3
59 52 7
59 53 7
59 54 5
59 55 8
59 56 4
59 57 10
59 58 4
60 0 6
60 1 9
60 2 4
60 3 6
60 4 4
60 5 7
60 6 8
60 7 11
60 8 1
60 9 9
60 10 5
60 11 1
60 12 5
60 13 10
60 14 3
60 15 8
60 16 3
60 17 5
60 18 1
60 19 8
60 20 12
60 21 9
60 22 6
60 23 6
60 24 8
60 25 6
60 26 1
60 27 12
60 28 7
60 29 11
60 30 5
60 31 13
60 32 1
60 33 6
60 34 4
60 35 6
60 36 12
60 37 5
60 38 6
60 39 10
60 40 11
60 41 2
60 42 4
60 43 3
60 44 10
60 45 11
60 46 2
60 47 9
60 48 2
60 49 13
60 50 9
60 51 4
60 52 10
60 53 11
60 54 4
60 55 11
60 56 5
60 57 9
60 58 3
60 59 11
61 0 5
61 1 3
61 2 11
61 3 13
61 4 2
61 5 7
61 6 11
61 7 3
61 8 7
61 9 13
61 10 10
61 11 2
61 12 5
61 13 4
61 14 7
61 15 1
61 16 12
61 17 9
61 18 10
61 19 1
61 20 8
61 21 4
61 22 5
61 23 3
61 24 1
61 25 6
61 26 6
61 27 6
61 28 3
61 29 9
61 30 9
61 31 11
61 32 12
61 33 3
61 34 6
61 35 5
61 36 10
61 37 10
61 38 13
61 39 8
61 40 12
61 41 7
61 42 6
61 43 5
61 44 6
61 45 12
61 46 3
61 47 7
61 48 6
61 49 12
61 50 13
61 51 9
61 52 9
61 53 5
61 54 11
61 55 2
61 56 1
61 57 7
61 58 4
61 59 6
61 60 8
62 0 2
62 1 13
62 2 11
62 3 10
62 4 5
62 5 8
62 6 3
62 7 10
62 8 11
62 9 7
62 10 5
62 11 13
62 12 2
62 13 1
62 14 7
62 15 7
62 16 11
62 17 9
62 18 8
62 19 5
62 20 2
62 21 5
62 22 1
62 23 9
62 24 3
62 25 1
62 26 6
62 27 4
62 28 11
62 29 13
62 30 3
62 31 3
62 32 8
62 33 7
62 34 8
62 35 11
62 36 6
62 37 8
62 38 11
62 39 1
62 40 9
62 41 7
62 42 1
62 43 5
62 44 12
62 45 1
62 46 9
62 47 13
62 48 3
62 49 5
62 50 7
62 51 12
62 52 1
62 53 10
62 54 7
62 55 2
62 56 2
62 57 5
62 58 10
62 59 7
62 60 8
62 61 13
63 0 10
63 1 11
63 2 1
63 3 12
63 4 7
63 5 3
63 6 2
63 7 5
63 8 10
63 9 8
63 10 7
63 11 12
63 12 5
63 13 4
63 14 5
63 15 6
63 16 2
63 17 2
63 18 4
63 19 4
63 20 11
63 21 3
63 22 10
63 23 9
63 24 3
63 25 2
63 26 11
63 27 10
63 28 8
63 29 2
63 30 10
63 31 10
63 32 12
63 33 6
63 34 13
63 35 10
63 36 3
63 37 7
63 38 9
63 39 12
63 40 1
63 41 8
63 42 1
63 43 8
63 44 4
63 45 10
63 46 1
63 47 12
63 48 6
63 49 7
63 50 1
63 51 11
63 52 9
63 53 12
63 54 7
63 55 4
63 56 5
63 57 2
63 58 8
63 59 11
63 60 3
63 61 13
63 62 6
64 0 6
64 1 4
64 2 11
64 3 3
64 4 4
64 5 3
64 6 9
64 7 9
64 8 2
64 9 8
64 10 9
64 11 10
64 12 6
64 13 2
64 14 13
64 15 7
64 16 12
64 17 7
64 18 2
64 19 2
64 20 3
64 21 12
64 22 11
64 23 3
64 24 13
64 25 9
64 26 8
64 27 6
64 28 1
64 29 13
64 30 1
64 31 10
64 32 9
64 33 5
64 34 2
64 35 9
64 36 1
64 37 6
64 38 10
64 39 5
64 40 5
64 41 12
64 42 1
64 43 8
64 44 7
64 45 1
64 46 2
64 47 6
64 48 8
64 49 12
64 50 1
64 51 12
64 52 6
64 53 6
64 54 6
64 55 8
64 56 11
64 57 11
64 58 10
64 59 2
64 60 3
64 61 4
64 62 13
64 63 13
65 0 12
65 1 2
65 2 8
65 3 12
65 4 8
65 5 5
65 6 4
65 7 11
65 8 4
65 9 6
65 10 9
65 11 10
65 12 5
65 13 9
65 14 10
65 15 12
65 16 6
65 17 1
65 18 9
65 19 11
65 20 10
65 21 11
65 22 11
65 23 3
65 24 5
65 25 6
65 26 11
65 27 8
65 28 11
65 29 12
65 30 13
65 31 12
65 32 4
65 33 8
65 34 2
65 35 8
65 36 13
65 37 11
65 38 4
65 39 3
65 40 3
65 41 13
65 42 5
65 43 5
65 44 11
65 45 8
65 46 11
65 47 6
65 48 1
65 49 2
65 50 5
65 51 5
65 52 3
65 53 3
65 54 5
65 55 7
65 56 7
65 57 7
65 58 5
65 59 11
65 60 2
65 61 2
65 62 1
65 63 13
65 64 4
66 0 7
66 1 2
66 2 9
66 3 8
66 4 8
66 5 8
66 6 8
66 7 12
66 8 5
66 9 12
66 10 13
66 11 9
66 12 7
66 13 2
66 14 4
66 15 6
66 16 6
66 17 4
66 18 6
66 19 9
66 20 10
66 21 11
66 22 6
66 23 11
66 24 3
66 25 3
66 26 3
66 27 10
66 28 11
66 29 1
66 30 3
66 31 4
66 32 1
66 33 11
66 34 6
66 35 9
66 36 5
66 37 10
66 38 5
66 39 5
66 40 13
66 41 6
66 42 4
66 43 4
66 44 3
66 45 12
66 46 5
66 47 13
66 48 7
66 49 13
66 50 4
66 51 13
66 52 3
66 53 11
66 54 13
66 55 3
66 56 7
66 57 11
66 58 8
66 59 12
66 60 7
66 61 2
66 62 8
66 63 7
66 64 4
66 65 5
67 0 11
67 1 1
67 2 10
67 3 7
67 4 5
67 5 4
67 6 10
67 7 4
67 8 10
67 9 4
67 10 1
67 11 9
67 12 10
67 13 2
67 14 4
67 15 11
67 16 11
67 17 3
67 18 3
67 19 10
67 20 11
67 21 11
67 22 7
67 23 4
67 24 7
67 25 10
67 26 12
67 27 7
67 28 1
67 29 1
67 30 5
67 31 2
67 32 3
67 33 12
67 34 11
67 35 8
67 36 2
67 37 13
67 38 6
67 39 7
67 40 9
67 41 2
67 42 9
67 43 10
67 44 7
67 45 11
67 46 3
67 47 3
67 48 10
67 49 8
67 50 10
67 51 1
67 52 2
67 53 8
67 54 11
67 55 7
67 56 5
67 57 4
67 58 9
67 59 1
67 60 13
67 61 4
67 62 5
67 63 6
67 64 13
67 65 2
67 66 11
68 0 4
68 1 9
68 2 8
68 3 10
68 4 8
68 5 12
68 6 13
68 7 7
68 8 12
68 9 13
68 10 3
68 11 6
68 12 5
68 13 8
68 14 13
68 15 3
68 16 4
68 17 2
68 18 12
68 19 5
68 20 6
68 21 5
68 22 10
68 23 10
68 24 13
68 25 12
68 26 1
68 27 9
68 28 6
68 29 8
68 30 5
68 31 8
68 32 2
68 33 2
68 34 3
68 35 2
68 36 1
68 37 8
68 38 12
68 39 11
68 40 2
68 41 13
68 42 6
68 43 12
68 44 2
68 45 2
68 46 11
68 47 12
68 48 4
68 49 11
68 50 13
68 51 12
68 52 1
68 53 11
68 54 8
68 55 6
68 56 6
68 57 10
68 58 6
68 59 3
68 60 6
68 61 6
68 62 2
68 63 10
68 64 8
68 65 9
68 66 4
68 67 9
69 0 2
69 1 13
69 2 3
69 3 11
69 4 4
69 5 13
69 6 3
69 7 9
69 8 5
69 9 2
69 10 3
69 11 4
69 12 8
69 13 6
69 14 1
69 15 9
69 16 11
69 17 8
69 18 11
69 19 9
69 20 4
69 21 6
69 22 4
69 23 5
69 24 11
69 25 6
69 26 3
69 27 9
69 28 8
69 29 7
69 30 3
69 31 7
69 32 8
69 33 10
69 34 5
69 35 12
69 36 8
69 37 13
69 38 6
69 39 11
69 40 10
69 41 13
69 42 5
69 43 7
69 44 1
69 45 5
69 46 9
69 47 4
69 48 8
69 49 9
69 50 12
69 51 2
69 52 8
69 53 7
69 54 5
69 55 5
69 56 7
69 57 11
69 58 7
69 59 11
69 60 4
69 61 5
69 62 4
69 63 7
69 64 13
69 65 13
69 66 5
69 67 10
69 68 6
