40
1 0 6
2 0 9
2 1 3
3 0 4
3 1 1
3 2 2
4 0 8
4 1 1
4 2 8
4 3 3
5 0 4
5 1 6
5 2 2
5 3 8
5 4 6
6 0 2
6 1 7
6 2 9
6 3 9
6 4 6
6 5 1
7 0 8
7 1 4
7 2 9
7 3 8
7 4 2
7 5 8
7 6 7
8 0 4
8 1 4
8 2 6
8 3 5
8 4 7
8 5 5
8 6 9
8 7 5
9 0 2
9 1 8
9 2 9
9 3 9
9 4 3
9 5 1
9 6 4
9 7 6
9 8 1
10 0 2
10 1 9
10 2 6
10 3 2
10 4 4
10 5 9
10 6 4
10 7 2
10 8 2
10 9 4
11 0 4
11 1 7
11 2 2
11 3 6
11 4 7
11 5 4
11 6 5
11 7 6
11 8 8
11 9 5
11 10 8
12 0 5
12 1 7
12 2 6
12 3 7
12 4 7
12 5 7
12 6 9
12 7 1
12 8 6
12 9 4
12 10 6
12 11 1
13 0 7
13 1 3
13 2 2
13 3 3
13 4 1
13 5 4
13 6 2
13 7 2
13 8 9
13 9 7
13 10 2
13 11 6
13 12 1
14 0 7
14 1 9
14 2 2
14 3 4
14 4 7
14 5 7
14 6 1
14 7 8
14 8 6
14 9 4
14 10 1
14 11 1
14 12 3
14 13 2
15 0 2
15 1 8
15 2 6
15 3 6
15 4 2
15 5 8
15 6 7
15 7 9
15 8 3
15 9 5
15 10 6
15 11 3
15 12 7
15 13 1
15 14 2
16 0 5
16 1 4
16 2 2
16 3 5
16 4 5
16 5 7
16 6 9
16 7 8
16 8 3
16 9 5
16 10 7
16 11 8
16 12 3
16 13 1
16 14 8
16 15 3
17 0 3
17 1 9
17 2 9
17 3 4
17 4 5
17 5 6
17 6 7
17 7 3
17 8 1
17 9 4
17 10 4
17 11 4
17 12 5
17 13 3
17 14 6
17 15 6
17 16 2
18 0 2
18 1 3
18 2 1
18 3 5
18 4 8
18 5 2
18 6 9
18 7 3
18 8 8
18 9 5
18 10 5
18 11 5
18 12 7
18 13 2
18 14 7
18 15 6
18 16 1
18 17 2
19 0 4
19 1 7
19 2 1
19 3 6
19 4 2
19 5 6
19 6 9
19 7 6
19 8 9
19 9 9
19 10 8
19 11 1
19 12 9
19 13 1
19 14 2
19 15 2
19 16 9
19 17 1
19 18 4
20 0 8
20 1 2
20 2 6
20 3 9
20 4 1
20 5 5
20 6 4
20 7 4
20 8 9
20 9 3
20 10 5
20 11 6
20 12 8
20 13 7
20 14 3
20 15 3
20 16 2
20 17 7
20 18 9
20 19 5
21 0 1
21 1 8
21 2 2
21 3 4
21 4 8
21 5 8
21 6 8
21 7 5
21 8 1
21 9 8
21 10 7
21 11 8
21 12 6
21 13 3
21 14 5
21 15 9
21 16 6
21 17 2
21 18 8
21 19 5
21 20 3
22 0 5
22 1 9
22 2 5
22 3 4
22 4 5
22 5 8
22 6 6
22 7 7
22 8 4
22 9 2
22 10 6
22 11 7
22 12 6
22 13 2
22 14 5
22 15 6
22 16 1
22 17 5
22 18 7
22 19 5
22 20 9
22 21 5
23 0 5
23 1 6
23 2 5
23 3 6
23 4 1
23 5 1
23 6 3
23 7 6
23 8 9
23 9 6
23 10 5
23 11 5
23 12 1
23 13 9
23 14 4
23 15 4
23 16 4
23 17 8
23 18 5
23 19 9
23 20 1
23 21 7
23 22 7
24 0 2
24 1 6
24 2 8
24 3 5
24 4 7
24 5 2
24 6 7
24 7 2
24 8 1
24 9 2
24 10 7
24 11 6
24 12 8
24 13 3
24 14 1
24 15 2
24 16 6
24 17 4
24 18 4
24 19 3
24 20 8
24 21 3
24 22 8
24 23 8
25 0 6
25 1 7
25 2 3
25 3 2
25 4 6
25 5 2
25 6 2
25 7 3
25 8 9
25 9 3
25 10 2
25 11 9
25 12 9
25 13 2
25 14 6
25 15 9
25 16 9
25 17 3
25 18 1
25 19 4
25 20 2
25 21 6
25 22 7
25 23 3
25 24 6
26 0 7
26 1 3
26 2 9
26 3 5
26 4 2
26 5 9
26 6 5
26 7 2
26 8 2
26 9 1
26 10 4
26 11 4
26 12 5
26 13 9
26 14 4
26 15 1
26 16 9
26 17 4
26 18 5
26 19 6
26 20 5
26 21 6
26 22 2
26 23 8
26 24 4
26 25 4
27 0 9
27 1 6
27 2 8
27 3 2
27 4 3
27 5 6
27 6 4
27 7 9
27 8 3
27 9 9
27 10 2
27 11 7
27 12 7
27 13 3
27 14 7
27 15 5
27 16 5
27 17 3
27 18 9
27 19 6
27 20 4
27 21 7
27 22 9
27 23 8
27 24 7
27 25 5
27 26 3
28 0 2
28 1 2
28 2 3
28 3 7
28 4 6
28 5 5
28 6 3
28 7 3
28 8 6
28 9 8
28 10 8
28 11 1
28 12 8
28 13 2
28 14 6
28 15 8
28 16 4
28 17 8
28 18 1
28 19 5
28 20 4
28 21 8
28 22 2
28 23 4
28 24 7
28 25 6
28 26 2
28 27 4
29 0 6
29 1 3
29 2 9
29 3 6
29 4 4
29 5 4
29 6 7
29 7 5
29 8 8
29 9 2
29 10 2
29 11 9
29 12 8
29 13 6
29 14 7
29 15 6
29 16 3
29 17 3
29 18 5
29 19 9
29 20 5
29 21 8
29 22 7
29 23 9
29 24 1
29 25 6
29 26 1
29 27 1
29 28 9
30 0 5
30 1 5
30 2 8
30 3 9
30 4 3
30 5 8
30 6 5
30 7 4
30 8 4
30 9 2
30 10 4
30 11 3
30 12 1
30 13 1
30 14 5
30 15 7
30 16 4
30 17 9
30 18 2
30 19 3
30 20 5
30 21 3
30 22 8
30 23 1
30 24 2
30 25 3
30 26 4
30 27 2
30 28 1
30 29 8
31 0 6
31 1 8
31 2 9
31 3 9
31 4 7
31 5 2
31 6 7
31 7 4
31 8 2
31 9 3
31 10 1
31 11 5
31 12 4
31 13 3
31 14 2
31 15 1
31 16 5
31 17 4
31 18 4
31 19 8
31 20 6
31 21 5
31 22 6
31 23 3
31 24 3
31 25 5
31 26 2
31 27 9
31 28 5
31 29 2
31 30 8
32 0 7
32 1 2
32 2 3
32 3 1
32 4 1
32 5 7
32 6 9
32 7 7
32 8 9
32 9 4
32 10 4
32 11 2
32 12 9
32 13 4
32 14 9
32 15 9
32 16 5
32 17 5
32 18 2
32 19 8
32 20 9
32 21 8
32 22 9
32 23 7
32 24 1
32 25 3
32 26 9
32 27 3
32 28 3
32 29 3
32 30 3
32 31 7
33 0 2
33 1 9
33 2 9
33 3 2
33 4 1
33 5 8
33 6 1
33 7 9
33 8 1
33 9 7
33 10 6
33 11 2
33 12 4
33 13 2
33 14 2
33 15 7
33 16 7
33 17 6
33 18 4
33 19 4
33 20 3
33 21 8
33 22 4
33 23 3
33 24 8
33 25 9
33 26 3
33 27 3
33 28 7
33 29 2
33 30 2
33 31 8
33 32 7
34 0 4
34 1 6
34 2 7
34 3 6
34 4 6
34 5 9
34 6 4
34 7 4
34 8 5
34 9 9
34 10 5
34 11 7
34 12 2
34 13 7
34 14 2
34 15 7
34 16 6
34 17 1
34 18 3
34 19 9
34 20 8
34 21 5
34 22 2
34 23 7
34 24 7
34 25 8
34 26 5
34 27 3
34 28 7
34 29 9
34 30 6
34 31 3
34 32 2
34 33 3
35 0 9
35 1 2
35 2 5
35 3 3
35 4 4
35 5 5
35 6 6
35 7 1
35 8 3
35 9 6
35 10 6
35 11 9
35 12 7
35 13 6
35 14 8
35 15 2
35 16 3
35 17 5
35 18 1
35 19 5
35 20 1
35 21 3
35 22 7
35 23 3
35 24 1
35 25 3
35 26 6
35 27 9
35 28 3
35 29 4
35 30 8
35 31 5
35 32 1
35 33 1
35 34 2
36 0 3
36 1 9
36 2 8
36 3 1
36 4 1
36 5 2
36 6 3
36 7 1
36 8 8
36 9 5
36 10 1
36 11 8
36 12 5
36 13 2
36 14 9
36 15 1
36 16 7
36 17 9
36 18 1
36 19 3
36 20 7
36 21 4
36 22 5
36 23 7
36 24 9
36 25 9
36 26 2
36 27 6
36 28 5
36 29 1
36 30 1
36 31 4
36 32 7
36 33 8
36 34 7
36 35 6
37 0 7
37 1 4
37 2 6
37 3 9
37 4 4
37 5 7
37 6 4
37 7 9
37 8 2
37 9 4
37 10 6
37 11 3
37 12 3
37 13 8
37 14 5
37 15 2
37 16 4
37 17 7
37 18 2
37 19 5
37 20 8
37 21 2
37 22 8
37 23 8
37 24 6
37 25 7
37 26 9
37 27 5
37 28 3
37 29 7
37 30 8
37 31 2
37 32 1
37 33 6
37 34 1
37 35 6
37 36 6
38 0 9
38 1 4
38 2 2
38 3 1
38 4 1
38 5 6
38 6 7
38 7 6
38 8 4
38 9 2
38 10 5
38 11 7
38 12 4
38 13 3
38 14 5
38 15 3
38 16 7
38 17 8
38 18 3
38 19 5
38 20 2
38 21 7
38 22 9
38 23 3
38 24 3
38 25 9
38 26 7
38 27 8
38 28 7
38 29 4
38 30 2
38 31 3
38 32 5
38 33 5
38 34 2
38 35 6
38 36 8
38 37 9
39 0 5
39 1 7
39 2 4
39 3 1
39 4 2
39 5 1
39 6 1
39 7 4
39 8 9
39 9 2
39 10 9
39 11 9
39 12 6
39 13 7
39 14 3
39 15 2
39 16 7
39 17 4
39 18 8
39 19 9
39 20 4
39 21 5
39 22 8
39 23 5
39 24 3
39 25 5
39 26 2
39 27 2
39 28 4
39 29 2
39 30 9
39 31 7
39 32 2
39 33 6
39 34 1
39 35 3
39 36 4
39 37 8
39 38 5
