40
1 0 2
2 0 7
2 1 4
3 0 2
3 1 6
3 2 7
4 0 7
4 1 3
4 2 4
4 3 13
5 0 1
5 1 10
5 2 7
5 3 8
5 4 12
6 0 6
6 1 9
6 2 5
6 3 4
6 4 1
6 5 2
7 0 3
7 1 4
7 2 8
7 3 12
7 4 9
7 5 9
7 6 13
8 0 2
8 1 3
8 2 10
8 3 9
8 4 3
8 5 7
8 6 10
8 7 1
9 0 8
9 1 6
9 2 13
9 3 6
9 4 13
9 5 1
9 6 5
9 7 7
9 8 4
10 0 1
10 1 7
10 2 11
10 3 5
10 4 3
10 5 1
10 6 10
10 7 2
10 8 9
10 9 9
11 0 12
11 1 5
11 2 6
11 3 2
11 4 2
11 5 2
11 6 1
11 7 9
11 8 6
11 9 11
11 10 1
12 0 12
12 1 5
12 2 2
12 3 11
12 4 11
12 5 1
12 6 8
12 7 9
12 8 2
12 9 4
12 10 7
12 11 10
13 0 9
13 1 6
13 2 5
13 3 13
13 4 9
13 5 2
13 6 10
13 7 9
13 8 8
13 9 10
13 10 8
13 11 13
13 12 13
14 0 3
14 1 13
14 2 4
14 3 9
14 4 4
14 5 2
14 6 7
14 7 4
14 8 10
14 9 5
14 10 12
14 11 5
14 12 2
14 13 7
15 0 11
15 1 3
15 2 12
15 3 6
15 4 4
15 5 13
15 6 8
15 7 7
15 8 7
15 9 13
15 10 7
15 11 8
15 12 2
15 13 11
15 14 12
16 0 3
16 1 11
16 2 9
16 3 7
16 4 2
16 5 5
16 6 4
16 7 13
16 8 10
16 9 2
16 10 13
16 11 12
16 12 6
16 13 12
16 14 10
16 15 13
17 0 8
17 1 1
17 2 9
17 3 6
17 4 13
17 5 10
17 6 9
17 7 11
17 8 12
17 9 5
17 10 6
17 11 8
17 12 9
17 13 13
17 14 5
17 15 10
17 16 2
18 0 10
18 1 12
18 2 9
18 3 4
18 4 3
18 5 3
18 6 12
18 7 8
18 8 12
18 9 12
18 10 3
18 11 7
18 12 6
18 13 13
18 14 3
18 15 5
18 16 13
18 17 13
19 0 11
19 1 13
19 2 12
19 3 5
19 4 8
19 5 4
19 6 11
19 7 6
19 8 1
19 9 9
19 10 13
19 11 12
19 12 2
19 13 7
19 14 9
19 15 12
19 16 9
19 17 6
19 18 13
20 0 3
20 1 9
20 2 5
20 3 12
20 4 13
20 5 5
20 6 13
20 7 7
20 8 4
20 9 3
20 10 5
20 11 12
20 12 13
20 13 8
20 14 1
20 15 4
20 16 6
20 17 7
20 18 12
20 19 13
21 0 8
21 1 4
21 2 11
21 3 7
21 4 9
21 5 2
21 6 13
21 7 11
21 8 4
21 9 1
21 10 3
21 11 13
21 12 2
21 13 6
21 14 6
21 15 9
21 16 4
21 17 13
21 18 7
21 19 8
21 20 3
22 0 12
22 1 5
22 2 10
22 3 6
22 4 3
22 5 13
22 6 7
22 7 13
22 8 10
22 9 3
22 10 4
22 11 6
22 12 13
22 13 6
22 14 1
22 15 1
22 16 7
22 17 12
22 18 12
22 19 10
22 20 1
22 21 13
23 0 9
23 1 7
23 2 13
23 3 3
23 4 12
23 5 4
23 6 8
23 7 2
23 8 1
23 9 9
23 10 2
23 11 1
23 12 3
23 13 10
23 14 4
23 15 11
23 16 6
23 17 3
23 18 11
23 19 4
23 20 13
23 21 2
23 22 11
24 0 10
24 1 10
24 2 1
24 3 9
24 4 7
24 5 5
24 6 9
24 7 2
24 8 9
24 9 2
24 10 2
24 11 3
24 12 3
24 13 13
24 14 10
24 15 9
24 16 9
24 17 12
24 18 4
24 19 10
24 20 10
24 21 12
24 22 6
24 23 9
25 0 13
25 1 10
25 2 4
25 3 13
25 4 11
25 5 2
25 6 5
25 7 3
25 8 4
25 9 6
25 10 4
25 11 11
25 12 12
25 13 3
25 14 9
25 15 4
25 16 6
25 17 2
25 18 11
25 19 10
25 20 3
25 21 11
25 22 1
25 23 1
25 24 7
26 0 8
26 1 2
26 2 11
26 3 4
26 4 10
26 5 2
26 6 6
26 7 6
26 8 4
26 9 13
26 10 7
26 11 5
26 12 13
26 13 5
26 14 8
26 15 12
26 16 13
26 17 3
26 18 3
26 19 4
26 20 9
26 21 5
26 22 4
26 23 7
26 24 12
26 25 13
27 0 7
27 1 3
27 2 7
27 3 8
27 4 12
27 5 4
27 6 4
27 7 9
27 8 8
27 9 2
27 10 9
27 11 9
27 12 6
27 13 1
27 14 12
27 15 2
27 16 4
27 17 6
27 18 9
27 19 4
27 20 10
27 21 11
27 22 12
27 23 5
27 24 4
27 25 3
27 26 11
28 0 13
28 1 10
28 2 6
28 3 1
28 4 3
28 5 9
28 6 2
28 7 12
28 8 5
28 9 10
28 10 5
28 11 12
28 12 1
28 13 1
28 14 8
28 15 4
28 16 7
28 17 12
28 18 5
28 19 8
28 20 7
28 21 10
28 22 11
28 23 3
28 24 5
28 25 11
28 26 3
28 27 4
29 0 5
29 1 9
29 2 10
29 3 5
29 4 3
29 5 4
29 6 3
29 7 12
29 8 4
29 9 2
29 10 4
29 11 2
29 12 8
29 13 3
29 14 8
29 15 8
29 16 11
29 17 8
29 18 3
29 19 9
29 20 10
29 21 3
29 22 13
29 23 13
29 24 5
29 25 5
29 26 7
29 27 7
29 28 12
30 0 2
30 1 11
30 2 5
30 3 2
30 4 8
30 5 5
30 6 12
30 7 6
30 8 10
30 9 5
30 10 5
30 11 4
30 12 13
30 13 1
30 14 8
30 15 11
30 16 3
30 17 2
30 18 6
30 19 12
30 20 9
30 21 6
30 22 9
30 23 1
30 24 9
30 25 11
30 26 1
30 27 3
30 28 4
30 29 13
31 0 8
31 1 6
31 2 3
31 3 7
31 4 13
31 5 2
31 6 12
31 7 6
31 8 3
31 9 12
31 10 3
31 11 5
31 12 5
31 13 11
31 14 9
31 15 12
31 16 5
31 17 11
31 18 4
31 19 11
31 20 1
31 21 9
31 22 5
31 23 3
31 24 13
31 25 3
31 26 9
31 27 2
31 28 11
31 29 4
31 30 1
32 0 3
32 1 1
32 2 4
32 3 13
32 4 3
32 5 5
32 6 4
32 7 3
32 8 4
32 9 4
32 10 12
32 11 5
32 12 7
32 13 11
32 14 1
32 15 13
32 16 4
32 17 11
32 18 2
32 19 6
32 20 1
32 21 4
32 22 4
32 23 3
32 24 11
32 25 8
32 26 1
32 27 12
32 28 6
32 29 13
32 30 6
32 31 4
33 0 2
33 1 9
33 2 13
33 3 9
33 4 4
33 5 12
33 6 5
33 7 1
33 8 1
33 9 4
33 10 10
33 11 6
33 12 2
33 13 1
33 14 3
33 15 5
33 16 4
33 17 8
33 18 10
33 19 9
33 20 3
33 21 12
33 22 9
33 23 9
33 24 4
33 25 6
33 26 9
33 27 10
33 28 4
33 29 4
33 30 6
33 31 2
33 32 8
34 0 2
34 1 2
34 2 3
34 3 5
34 4 10
34 5 2
34 6 1
34 7 4
34 8 5
34 9 4
34 10 10
34 11 12
34 12 6
34 13 3
34 14 2
34 15 3
34 16 11
34 17 9
34 18 13
34 19 8
34 20 3
34 21 12
34 22 13
34 23 7
34 24 12
34 25 6
34 26 13
34 27 11
34 28 9
34 29 1
34 30 3
34 31 6
34 32 8
34 33 4
35 0 6
35 1 10
35 2 3
35 3 6
35 4 2
35 5 1
35 6 13
35 7 10
35 8 1
35 9 11
35 10 4
35 11 4
35 12 4
35 13 3
35 14 2
35 15 12
35 16 2
35 17 11
35 18 8
35 19 2
35 20 8
35 21 4
35 22 13
35 23 7
35 24 4
35 25 2
35 26 9
35 27 6
35 28 2
35 29 10
35 30 6
35 31 11
35 32 1
35 33 7
35 34 11
36 0 3
36 1 9
36 2 8
36 3 8
36 4 12
36 5 10
36 6 7
36 7 2
36 8 10
36 9 2
36 10 4
36 11 3
36 12 8
36 13 10
36 14 11
36 15 8
36 16 10
36 17 3
36 18 5
36 19 4
36 20 7
36 21 4
36 22 8
36 23 13
36 24 12
36 25 2
36 26 2
36 27 12
36 28 10
36 29 10
36 30 10
36 31 9
36 32 12
36 33 6
36 34 1
36 35 8
37 0 7
37 1 2
37 2 3
37 3 11
37 4 8
37 5 13
37 6 3
37 7 3
37 8 4
37 9 4
37 10 12
37 11 12
37 12 10
37 13 11
37 14 13
37 15 4
37 16 2
37 17 9
37 18 9
37 19 5
37 20 5
37 21 11
37 22 8
37 23 11
37 24 3
37 25 11
37 26 7
37 27 3
37 28 8
37 29 2
37 30 7
37 31 11
37 32 2
37 33 4
37 34 2
37 35 12
37 36 4
38 0 12
38 1 2
38 2 11
38 3 13
38 4 5
38 5 3
38 6 8
38 7 10
38 8 12
38 9 9
38 10 7
38 11 12
38 12 6
38 13 6
38 14 13
38 15 5
38 16 8
38 17 13
38 18 1
38 19 13
38 20 8
38 21 1
38 22 1
38 23 13
38 24 2
38 25 11
38 26 1
38 27 7
38 28 6
38 29 6
38 30 3
38 31 13
38 32 13
38 33 6
38 34 9
38 35 4
38 36 11
38 37 7
39 0 7
39 1 13
39 2 13
39 3 8
39 4 6
39 5 10
39 6 13
39 7 8
39 8 5
39 9 5
39 10 10
39 11 12
39 12 5
39 13 8
39 14 5
39 15 1
39 16 3
39 17 8
39 18 2
39 19 3
39 20 12
39 21 7
39 22 13
39 23 6
39 24 10
39 25 11
39 26 6
39 27 10
39 28 1
39 29 9
39 30 12
39 31 9
39 32 13
39 33 13
39 34 13
39 35 9
39 36 2
39 37 11
39 38 2
