60
1 0 3
2 0 3
2 1 4
3 0 3
3 1 1
3 2 1
4 0 4
4 1 1
4 2 3
4 3 2
5 0 2
5 1 4
5 2 1
5 3 1
5 4 4
6 0 2
6 1 4
6 2 1
6 3 4
6 4 1
6 5 3
7 0 4
7 1 4
7 2 3
7 3 4
7 4 1
7 5 3
7 6 1
8 0 4
8 1 2
8 2 4
8 3 4
8 4 1
8 5 3
8 6 3
8 7 3
9 0 3
9 1 2
9 2 1
9 3 3
9 4 4
9 5 2
9 6 3
9 7 2
9 8 3
10 0 3
10 1 1
10 2 4
10 3 1
10 4 3
10 5 3
10 6 2
10 7 1
10 8 3
10 9 3
11 0 4
11 1 1
11 2 4
11 3 1
11 4 3
11 5 3
11 6 1
11 7 2
11 8 3
11 9 2
11 10 4
12 0 2
12 1 2
12 2 4
12 3 2
12 4 3
12 5 4
12 6 2
12 7 2
12 8 1
12 9 2
12 10 1
12 11 2
13 0 1
13 1 4
13 2 4
13 3 3
13 4 4
13 5 3
13 6 2
13 7 4
13 8 2
13 9 3
13 10 4
13 11 4
13 12 3
14 0 3
14 1 3
14 2 2
14 3 1
14 4 4
14 5 2
14 6 4
14 7 2
14 8 3
14 9 4
14 10 3
14 11 1
14 12 1
14 13 3
15 0 2
15 1 4
15 2 1
15 3 1
15 4 3
15 5 3
15 6 4
15 7 1
15 8 1
15 9 2
15 10 1
15 11 1
15 12 3
15 13 3
15 14 4
16 0 4
16 1 4
16 2 2
16 3 2
16 4 1
16 5 4
16 6 1
16 7 1
16 8 3
16 9 4
16 10 2
16 11 3
16 12 1
16 13 2
16 14 4
16 15 4
17 0 4
17 1 4
17 2 3
17 3 4
17 4 2
17 5 1
17 6 3
17 7 2
17 8 3
17 9 4
17 10 2
17 11 2
17 12 2
17 13 1
17 14 2
17 15 1
17 16 3
18 0 4
18 1 2
18 2 4
18 3 1
18 4 2
18 5 3
18 6 3
18 7 3
18 8 1
18 9 1
18 10 4
18 11 3
18 12 3
18 13 4
18 14 3
18 15 4
18 16 4
18 17 3
19 0 2
19 1 1
19 2 2
19 3 1
19 4 3
19 5 4
19 6 3
19 7 3
19 8 3
19 9 3
19 10 2
19 11 3
19 12 3
19 13 1
19 14 2
19 15 2
19 16 4
19 17 3
19 18 1
20 0 4
20 1 1
20 2 3
20 3 3
20 4 1
20 5 1
20 6 1
20 7 1
20 8 1
20 9 1
20 10 2
20 11 3
20 12 4
20 13 2
20 14 4
20 15 3
20 16 1
20 17 1
20 18 1
20 19 2
21 0 1
21 1 1
21 2 3
21 3 2
21 4 1
21 5 3
21 6 2
21 7 4
21 8 3
21 9 4
21 10 1
21 11 3
21 12 3
21 13 4
21 14 2
21 15 4
21 16 2
21 17 1
21 18 3
21 19 3
21 20 2
22 0 1
22 1 4
22 2 4
22 3 1
22 4 2
22 5 2
22 6 4
22 7 3
22 8 1
22 9 1
22 10 1
22 11 4
22 12 2
22 13 2
22 14 1
22 15 1
22 16 1
22 17 4
22 18 2
22 19 4
22 20 3
22 21 3
23 0 2
23 1 2
23 2 2
23 3 2
23 4 1
23 5 1
23 6 3
23 7 3
23 8 3
23 9 1
23 10 4
23 11 3
23 12 2
23 13 3
23 14 4
23 15 3
23 16 2
23 17 4
23 18 1
23 19 3
23 20 4
23 21 2
23 22 2
24 0 4
24 1 1
24 2 3
24 3 2
24 4 2
24 5 3
24 6 1
24 7 4
24 8 4
24 9 1
24 10 1
24 11 3
24 12 1
24 13 3
24 14 2
24 15 4
24 16 2
24 17 3
24 18 3
24 19 4
24 20 1
24 21 1
24 22 2
24 23 4
25 0 2
25 1 3
25 2 1
25 3 3
25 4 4
25 5 3
25 6 2
25 7 1
25 8 2
25 9 2
25 10 4
25 11 2
25 12 1
25 13 3
25 14 4
25 15 4
25 16 1
25 17 4
25 18 4
25 19 4
25 20 4
25 21 4
25 22 4
25 23 1
25 24 3
26 0 2
26 1 1
26 2 4
26 3 3
26 4 2
26 5 1
26 6 2
26 7 2
26 8 3
26 9 3
26 10 4
26 11 3
26 12 4
26 13 2
26 14 4
26 15 2
26 16 4
26 17 2
26 18 1
26 19 3
26 20 4
26 21 2
26 22 3
26 23 4
26 24 2
26 25 1
27 0 3
27 1 4
27 2 4
27 3 2
27 4 4
27 5 1
27 6 1
27 7 1
27 8 4
27 9 4
27 10 2
27 11 2
27 12 4
27 13 2
27 14 3
27 15 2
27 16 3
27 17 3
27 18 2
27 19 1
27 20 2
27 21 3
27 22 3
27 23 1
27 24 4
27 25 2
27 26 3
28 0 2
28 1 3
28 2 4
28 3 1
28 4 2
28 5 2
28 6 3
28 7 1
28 8 3
28 9 1
28 10 2
28 11 2
28 12 2
28 13 2
28 14 2
28 15 3
28 16 4
28 17 4
28 18 4
28 19 2
28 20 4
28 21 4
28 22 2
28 23 2
28 24 3
28 25 3
28 26 4
28 27 1
29 0 1
29 1 3
29 2 2
29 3 1
29 4 2
29 5 3
29 6 2
29 7 1
29 8 3
29 9 4
29 10 2
29 11 3
29 12 4
29 13 1
29 14 4
29 15 3
29 16 1
29 17 4
29 18 3
29 19 4
29 20 1
29 21 3
29 22 2
29 23 3
29 24 1
29 25 3
29 26 1
29 27 4
29 28 1
30 0 1
30 1 1
30 2 2
30 3 2
30 4 1
30 5 1
30 6 4
30 7 2
30 8 1
30 9 2
30 10 1
30 11 3
30 12 1
30 13 2
30 14 1
30 15 3
30 16 3
30 17 3
30 18 4
30 19 2
30 20 4
30 21 3
30 22 4
30 23 4
30 24 1
30 25 1
30 26 3
30 27 1
30 28 1
30 29 2
31 0 3
31 1 3
31 2 1
31 3 3
31 4 1
31 5 1
31 6 2
31 7 1
31 8 1
31 9 1
31 10 2
31 11 4
31 12 3
31 13 4
31 14 2
31 15 4
31 16 3
31 17 1
31 18 2
31 19 2
31 20 1
31 21 3
31 22 2
31 23 2
31 24 3
31 25 4
31 26 2
31 27 3
31 28 1
31 29 4
31 30 1
32 0 2
32 1 4
32 2 1
32 3 4
32 4 3
32 5 1
32 6 1
32 7 4
32 8 4
32 9 3
32 10 2
32 11 1
32 12 2
32 13 4
32 14 2
32 15 3
32 16 4
32 17 2
32 18 1
32 19 2
32 20 4
32 21 2
32 22 4
32 23 1
32 24 4
32 25 3
32 26 1
32 27 3
32 28 2
32 29 1
32 30 4
32 31 2
33 0 1
33 1 2
33 2 2
33 3 1
33 4 2
33 5 1
33 6 2
33 7 4
33 8 3
33 9 1
33 10 2
33 11 3
33 12 1
33 13 3
33 14 4
33 15 3
33 16 4
33 17 2
33 18 3
33 19 2
33 20 3
33 21 3
33 22 2
33 23 1
33 24 3
33 25 1
33 26 1
33 27 2
33 28 1
33 29 4
33 30 1
33 31 2
33 32 1
34 0 3
34 1 2
34 2 1
34 3 2
34 4 2
34 5 1
34 6 1
34 7 3
34 8 2
34 9 2
34 10 2
34 11 4
34 12 1
34 13 3
34 14 2
34 15 4
34 16 2
34 17 4
34 18 4
34 19 3
34 20 1
34 21 3
34 22 2
34 23 2
34 24 4
34 25 3
34 26 3
34 27 2
34 28 1
34 29 3
34 30 2
34 31 3
34 32 2
34 33 1
35 0 2
35 1 3
35 2 3
35 3 1
35 4 1
35 5 4
35 6 3
35 7 3
35 8 1
35 9 1
35 10 2
35 11 2
35 12 4
35 13 1
35 14 1
35 15 1
35 16 3
35 17 3
35 18 2
35 19 3
35 20 3
35 21 1
35 22 3
35 23 4
35 24 1
35 25 2
35 26 2
35 27 3
35 28 4
35 29 1
35 30 2
35 31 3
35 32 4
35 33 4
35 34 3
36 0 1
36 1 2
36 2 1
36 3 2
36 4 4
36 5 2
36 6 1
36 7 3
36 8 2
36 9 3
36 10 1
36 11 3
36 12 4
36 13 4
36 14 2
36 15 1
36 16 4
36 17 4
36 18 2
36 19 3
36 20 2
36 21 4
36 22 4
36 23 2
36 24 1
36 25 3
36 26 3
36 27 1
36 28 3
36 29 1
36 30 3
36 31 1
36 32 1
36 33 4
36 34 3
36 35 1
37 0 1
37 1 3
37 2 3
37 3 4
37 4 3
37 5 3
37 6 3
37 7 3
37 8 1
37 9 2
37 10 1
37 11 4
37 12 4
37 13 1
37 14 2
37 15 2
37 16 2
37 17 2
37 18 3
37 19 2
37 20 3
37 21 3
37 22 1
37 23 2
37 24 3
37 25 4
37 26 3
37 27 1
37 28 1
37 29 2
37 30 3
37 31 4
37 32 3
37 33 2
37 34 3
37 35 3
37 36 2
38 0 3
38 1 1
38 2 4
38 3 4
38 4 2
38 5 3
38 6 3
38 7 1
38 8 2
38 9 2
38 10 4
38 11 1
38 12 3
38 13 4
38 14 1
38 15 3
38 16 4
38 17 4
38 18 3
38 19 3
38 20 2
38 21 2
38 22 1
38 23 2
38 24 3
38 25 3
38 26 4
38 27 1
38 28 2
38 29 4
38 30 4
38 31 1
38 32 4
38 33 2
38 34 1
38 35 2
38 36 4
38 37 3
39 0 2
39 1 2
39 2 1
39 3 1
39 4 4
39 5 2
39 6 4
39 7 2
39 8 2
39 9 3
39 10 2
39 11 3
39 12 4
39 13 3
39 14 1
39 15 3
39 16 2
39 17 3
39 18 2
39 19 3
39 20 4
39 21 4
39 22 3
39 23 3
39 24 1
39 25 3
39 26 1
39 27 4
39 28 3
39 29 3
39 30 2
39 31 3
39 32 2
39 33 3
39 34 1
39 35 3
39 36 3
39 37 2
39 38 2
40 0 4
40 1 1
40 2 4
40 3 1
40 4 3
40 5 2
40 6 2
40 7 4
40 8 2
40 9 3
40 10 3
40 11 2
40 12 1
40 13 4
40 14 4
40 15 3
40 16 4
40 17 4
40 18 3
40 19 3
40 20 4
40 21 3
40 22 3
40 23 3
40 24 2
40 25 2
40 26 1
40 27 3
40 28 2
40 29 3
40 30 3
40 31 3
40 32 3
40 33 1
40 34 4
40 35 4
40 36 4
40 37 1
40 38 4
40 39 1
41 0 4
41 1 2
41 2 3
41 3 4
41 4 1
41 5 4
41 6 3
41 7 2
41 8 4
41 9 3
41 10 3
41 11 1
41 12 4
41 13 4
41 14 3
41 15 1
41 16 4
41 17 3
41 18 2
41 19 4
41 20 4
41 21 4
41 22 3
41 23 1
41 24 2
41 25 3
41 26 1
41 27 4
41 28 4
41 29 1
41 30 3
41 31 1
41 32 1
41 33 3
41 34 4
41 35 4
41 36 3
41 37 4
41 38 3
41 39 3
41 40 2
42 0 1
42 1 3
42 2 2
42 3 1
42 4 2
42 5 4
42 6 1
42 7 1
42 8 4
42 9 1
42 10 1
42 11 2
42 12 4
42 13 3
42 14 4
42 15 3
42 16 2
42 17 2
42 18 2
42 19 4
42 20 2
42 21 3
42 22 3
42 23 2
42 24 4
42 25 3
42 26 3
42 27 2
42 28 2
42 29 4
42 30 3
42 31 2
42 32 1
42 33 4
42 34 2
42 35 3
42 36 2
42 37 3
42 38 3
42 39 4
42 40 2
42 41 2
43 0 2
43 1 3
43 2 4
43 3 1
43 4 2
43 5 2
43 6 2
43 7 1
43 8 3
43 9 2
43 10 3
43 11 4
43 12 3
43 13 3
43 14 1
43 15 3
43 16 1
43 17 3
43 18 3
43 19 1
43 20 2
43 21 2
43 22 1
43 23 4
43 24 2
43 25 3
43 26 2
43 27 4
43 28 4
43 29 1
43 30 4
43 31 2
43 32 3
43 33 4
43 34 1
43 35 1
43 36 1
43 37 1
43 38 2
43 39 4
43 40 4
43 41 1
43 42 4
44 0 4
44 1 3
44 2 4
44 3 4
44 4 2
44 5 2
44 6 2
44 7 4
44 8 1
44 9 4
44 10 1
44 11 3
44 12 1
44 13 4
44 14 1
44 15 3
44 16 2
44 17 1
44 18 4
44 19 3
44 20 2
44 21 2
44 22 4
44 23 2
44 24 2
44 25 3
44 26 4
44 27 4
44 28 2
44 29 1
44 30 4
44 31 3
44 32 4
44 33 4
44 34 3
44 35 1
44 36 1
44 37 1
44 38 2
44 39 2
44 40 1
44 41 3
44 42 2
44 43 1
45 0 2
45 1 4
45 2 2
45 3 1
45 4 1
45 5 4
45 6 3
45 7 2
45 8 2
45 9 4
45 10 1
45 11 4
45 12 4
45 13 1
45 14 3
45 15 1
45 16 4
45 17 2
45 18 2
45 19 4
45 20 3
45 21 2
45 22 1
45 23 3
45 24 3
45 25 1
45 26 4
45 27 4
45 28 3
45 29 4
45 30 2
45 31 1
45 32 4
45 33 2
45 34 4
45 35 2
45 36 4
45 37 1
45 38 4
45 39 3
45 40 1
45 41 2
45 42 3
45 43 3
45 44 4
46 0 3
46 1 1
46 2 2
46 3 2
46 4 4
46 5 4
46 6 1
46 7 2
46 8 4
46 9 3
46 10 4
46 11 4
46 12 3
46 13 4
46 14 4
46 15 1
46 16 4
46 17 3
46 18 4
46 19 1
46 20 2
46 21 1
46 22 4
46 23 2
46 24 1
46 25 3
46 26 4
46 27 4
46 28 2
46 29 4
46 30 3
46 31 4
46 32 4
46 33 3
46 34 1
46 35 1
46 36 1
46 37 2
46 38 1
46 39 2
46 40 1
46 41 3
46 42 4
46 43 2
46 44 2
46 45 2
47 0 3
47 1 3
47 2 1
47 3 3
47 4 3
47 5 2
47 6 4
47 7 2
47 8 1
47 9 3
47 10 1
47 11 3
47 12 4
47 13 1
47 14 2
47 15 3
47 16 1
47 17 4
47 18 4
47 19 2
47 20 4
47 21 2
47 22 2
47 23 2
47 24 4
47 25 3
47 26 1
47 27 2
47 28 1
47 29 2
47 30 4
47 31 2
47 32 3
47 33 3
47 34 1
47 35 1
47 36 3
47 37 4
47 38 1
47 39 3
47 40 2
47 41 1
47 42 3
47 43 2
47 44 1
47 45 2
47 46 4
48 0 2
48 1 4
48 2 2
48 3 4
48 4 1
48 5 4
48 6 3
48 7 4
48 8 2
48 9 2
48 10 4
48 11 3
48 12 1
48 13 3
48 14 1
48 15 3
48 16 3
48 17 3
48 18 2
48 19 4
48 20 1
48 21 4
48 22 2
48 23 4
48 24 2
48 25 1
48 26 2
48 27 1
48 28 3
48 29 1
48 30 2
48 31 4
48 32 2
48 33 3
48 34 4
48 35 2
48 36 4
48 37 2
48 38 3
48 39 3
48 40 3
48 41 2
48 42 3
48 43 2
48 44 1
48 45 1
48 46 1
48 47 3
49 0 2
49 1 1
49 2 2
49 3 2
49 4 1
49 5 3
49 6 4
49 7 1
49 8 3
49 9 4
49 10 4
49 11 4
49 12 4
49 13 3
49 14 1
49 15 2
49 16 4
49 17 3
49 18 3
49 19 2
49 20 2
49 21 2
49 22 4
49 23 1
49 24 3
49 25 2
49 26 2
49 27 3
49 28 3
49 29 1
49 30 1
49 31 1
49 32 1
49 33 1
49 34 1
49 35 2
49 36 4
49 37 3
49 38 4
49 39 3
49 40 2
49 41 3
49 42 2
49 43 3
49 44 4
49 45 1
49 46 2
49 47 2
49 48 4
50 0 2
50 1 4
50 2 1
50 3 4
50 4 3
50 5 1
50 6 4
50 7 4
50 8 4
50 9 4
50 10 3
50 11 4
50 12 4
50 13 2
50 14 1
50 15 3
50 16 2
50 17 3
50 18 4
50 19 4
50 20 2
50 21 2
50 22 2
50 23 4
50 24 4
50 25 3
50 26 1
50 27 2
50 28 3
50 29 2
50 30 4
50 31 4
50 32 3
50 33 4
50 34 2
50 35 4
50 36 4
50 37 3
50 38 1
50 39 4
50 40 2
50 41 4
50 42 2
50 43 4
50 44 4
50 45 1
50 46 2
50 47 3
50 48 1
50 49 2
51 0 3
51 1 4
51 2 2
51 3 3
51 4 4
51 5 1
51 6 3
51 7 4
51 8 4
51 9 1
51 10 2
51 11 4
51 12 4
51 13 3
51 14 4
51 15 4
51 16 4
51 17 4
51 18 2
51 19 1
51 20 1
51 21 4
51 22 4
51 23 4
51 24 3
51 25 1
51 26 1
51 27 4
51 28 3
51 29 4
51 30 4
51 31 1
51 32 4
51 33 3
51 34 3
51 35 2
51 36 2
51 37 4
51 38 2
51 39 3
51 40 3
51 41 3
51 42 3
51 43 2
51 44 1
51 45 2
51 46 4
51 47 3
51 48 1
51 49 2
51 50 3
52 0 3
52 1 2
52 2 2
52 3 2
52 4 4
52 5 1
52 6 3
52 7 1
52 8 2
52 9 4
52 10 4
52 11 4
52 12 3
52 13 2
52 14 4
52 15 4
52 16 3
52 17 1
52 18 1
52 19 3
52 20 3
52 21 3
52 22 3
52 23 3
52 24 4
52 25 4
52 26 2
52 27 1
52 28 1
52 29 4
52 30 1
52 31 4
52 32 4
52 33 2
52 34 1
52 35 4
52 36 4
52 37 2
52 38 3
52 39 4
52 40 3
52 41 4
52 42 3
52 43 1
52 44 3
52 45 1
52 46 2
52 47 4
52 48 3
52 49 1
52 50 2
52 51 4
53 0 1
53 1 2
53 2 1
53 3 3
53 4 1
53 5 4
53 6 4
53 7 2
53 8 1
53 9 1
53 10 2
53 11 3
53 12 4
53 13 3
53 14 2
53 15 4
53 16 1
53 17 1
53 18 3
53 19 1
53 20 1
53 21 1
53 22 3
53 23 3
53 24 3
53 25 3
53 26 4
53 27 3
53 28 3
53 29 4
53 30 1
53 31 4
53 32 1
53 33 4
53 34 2
53 35 4
53 36 2
53 37 2
53 38 1
53 39 2
53 40 1
53 41 2
53 42 3
53 43 4
53 44 2
53 45 1
53 46 2
53 47 1
53 48 1
53 49 1
53 50 3
53 51 4
53 52 4
54 0 2
54 1 4
54 2 4
54 3 3
54 4 3
54 5 1
54 6 1
54 7 1
54 8 2
54 9 2
54 10 4
54 11 4
54 12 1
54 13 1
54 14 4
54 15 1
54 16 1
54 17 1
54 18 2
54 19 4
54 20 2
54 21 2
54 22 1
54 23 2
54 24 3
54 25 1
54 26 1
54 27 1
54 28 4
54 29 2
54 30 2
54 31 4
54 32 3
54 33 3
54 34 1
54 35 2
54 36 4
54 37 3
54 38 4
54 39 4
54 40 1
54 41 2
54 42 4
54 43 4
54 44 2
54 45 3
54 46 4
54 47 4
54 48 1
54 49 1
54 50 1
54 51 4
54 52 3
54 53 2
55 0 4
55 1 2
55 2 4
55 3 2
55 4 3
55 5 2
55 6 2
55 7 3
55 8 3
55 9 2
55 10 1
55 11 1
55 12 3
55 13 3
55 14 3
55 15 1
55 16 4
55 17 4
55 18 3
55 19 3
55 20 4
55 21 4
55 22 3
55 23 4
55 24 1
55 25 2
55 26 3
55 27 2
55 28 3
55 29 1
55 30 2
55 31 2
55 32 2
55 33 1
55 34 4
55 35 2
55 36 1
55 37 4
55 38 2
55 39 2
55 40 3
55 41 3
55 42 2
55 43 3
55 44 3
55 45 2
55 46 2
55 47 1
55 48 1
55 49 4
55 50 2
55 51 3
55 52 2
55 53 3
55 54 1
56 0 2
56 1 3
56 2 3
56 3 4
56 4 4
56 5 2
56 6 3
56 7 1
56 8 3
56 9 1
56 10 2
56 11 4
56 12 1
56 13 2
56 14 3
56 15 4
56 16 3
56 17 3
56 18 4
56 19 2
56 20 1
56 21 1
56 22 2
56 23 4
56 24 2
56 25 2
56 26 4
56 27 1
56 28 1
56 29 1
56 30 3
56 31 2
56 32 3
56 33 4
56 34 3
56 35 2
56 36 4
56 37 1
56 38 4
56 39 1
56 40 1
56 41 3
56 42 2
56 43 2
56 44 4
56 45 3
56 46 2
56 47 3
56 48 1
56 49 4
56 50 1
56 51 3
56 52 2
56 53 1
56 54 3
56 55 2
57 0 1
57 1 3
57 2 1
57 3 2
57 4 2
57 5 2
57 6 1
57 7 3
57 8 1
57 9 3
57 10 3
57 11 1
57 12 4
57 13 4
57 14 3
57 15 1
57 16 3
57 17 4
57 18 3
57 19 2
57 20 1
57 21 2
57 22 4
57 23 3
57 24 3
57 25 1
57 26 2
57 27 4
57 28 1
57 29 3
57 30 1
57 31 3
57 32 4
57 33 1
57 34 2
57 35 1
57 36 1
57 37 4
57 38 1
57 39 1
57 40 3
57 41 2
57 42 4
57 43 4
57 44 1
57 45 4
57 46 2
57 47 4
57 48 3
57 49 4
57 50 4
57 51 1
57 52 4
57 53 1
57 54 4
57 55 2
57 56 3
58 0 3
58 1 4
58 2 1
58 3 4
58 4 4
58 5 3
58 6 1
58 7 3
58 8 2
58 9 4
58 10 2
58 11 2
58 12 1
58 13 1
58 14 3
58 15 3
58 16 1
58 17 3
58 18 1
58 19 3
58 20 3
58 21 3
58 22 3
58 23 4
58 24 1
58 25 1
58 26 3
58 27 3
58 28 1
58 29 1
58 30 2
58 31 4
58 32 3
58 33 4
58 34 2
58 35 1
58 36 1
58 37 1
58 38 4
58 39 4
58 40 1
58 41 4
58 42 4
58 43 1
58 44 2
58 45 4
58 46 3
58 47 1
58 48 4
58 49 2
58 50 1
58 51 3
58 52 2
58 53 3
58 54 4
58 55 2
58 56 1
58 57 1
59 0 4
59 1 1
59 2 2
59 3 2
59 4 4
59 5 1
59 6 1
59 7 3
59 8 3
59 9 1
59 10 2
59 11 4
59 12 3
59 13 4
59 14 4
59 15 4
59 16 3
59 17 3
59 18 4
59 19 3
59 20 1
59 21 3
59 22 3
59 23 1
59 24 3
59 25 3
59 26 2
59 27 2
59 28 1
59 29 4
59 30 3
59 31 4
59 32 3
59 33 4
59 34 3
59 35 1
59 36 1
59 37 1
59 38 2
59 39 2
59 40 3
59 41 3
59 42 1
59 43 4
59 44 1
59 45 4
59 46 2
59 47 1
59 48 4
59 49 4
59 50 3
59 51 1
59 52 2
59 53 4
59 54 3
59 55 2
59 56 4
59 57 3
59 58 2
