30
1 0 6
2 0 3
2 1 6
3 0 2
3 1 2
3 2 7
4 0 5
4 1 3
4 2 4
4 3 9
5 0 3
5 1 6
5 2 5
5 3 3
5 4 8
6 0 8
6 1 3
6 2 8
6 3 2
6 4 2
6 5 7
7 0 9
7 1 3
7 2 1
7 3 3
7 4 7
7 5 4
7 6 2
8 0 1
8 1 6
8 2 4
8 3 8
8 4 5
8 5 2
8 6 7
8 7 6
9 0 8
9 1 7
9 2 2
9 3 6
9 4 2
9 5 6
9 6 6
9 7 2
9 8 4
10 0 1
10 1 1
10 2 3
10 3 8
10 4 7
10 5 5
10 6 8
10 7 6
10 8 6
10 9 2
11 0 9
11 1 8
11 2 7
11 3 7
11 4 4
11 5 9
11 6 7
11 7 8
11 8 7
11 9 7
11 10 1
12 0 3
12 1 4
12 2 6
12 3 1
12 4 8
12 5 7
12 6 5
12 7 3
12 8 7
12 9 8
12 10 7
12 11 5
13 0 8
13 1 6
13 2 8
13 3 8
13 4 1
13 5 5
13 6 1
13 7 7
13 8 3
13 9 2
13 10 1
13 11 6
13 12 3
14 0 2
14 1 2
14 2 6
14 3 6
14 4 9
14 5 4
14 6 5
14 7 7
14 8 3
14 9 6
14 10 8
14 11 1
14 12 9
14 13 4
15 0 8
15 1 2
15 2 6
15 3 7
15 4 3
15 5 3
15 6 8
15 7 6
15 8 6
15 9 2
15 10 7
15 11 6
15 12 8
15 13 8
15 14 1
16 0 6
16 1 4
16 2 7
16 3 1
16 4 8
16 5 4
16 6 1
16 7 2
16 8 6
16 9 2
16 10 3
16 11 2
16 12 4
16 13 6
16 14 5
16 15 6
17 0 1
17 1 7
17 2 9
17 3 5
17 4 4
17 5 1
17 6 8
17 7 5
17 8 6
17 9 5
17 10 2
17 11 6
17 12 2
17 13 1
17 14 5
17 15 2
17 16 2
18 0 7
18 1 6
18 2 8
18 3 9
18 4 2
18 5 6
18 6 7
18 7 8
18 8 8
18 9 2
18 10 5
18 11 8
18 12 8
18 13 7
18 14 7
18 15 9
18 16 9
18 17 9
19 0 2
19 1 6
19 2 5
19 3 9
19 4 3
19 5 1
19 6 7
19 7 3
19 8 8
19 9 4
19 10 3
19 11 1
19 12 8
19 13 3
19 14 3
19 15 6
19 16 6
19 17 8
19 18 8
20 0 2
20 1 9
20 2 4
20 3 5
20 4 8
20 5 4
20 6 9
20 7 6
20 8 4
20 9 2
20 10 7
20 11 5
20 12 5
20 13 1
20 14 3
20 15 9
20 16 6
20 17 6
20 18 8
20 19 5
21 0 1
21 1 9
21 2 9
21 3 7
21 4 6
21 5 8
21 6 6
21 7 4
21 8 9
21 9 4
21 10 5
21 11 8
21 12 2
21 13 7
21 14 5
21 15 9
21 16 9
21 17 6
21 18 8
21 19 3
21 20 3
22 0 6
22 1 2
22 2 7
22 3 4
22 4 7
22 5 8
22 6 3
22 7 7
22 8 6
22 9 4
22 10 1
22 11 5
22 12 1
22 13 4
22 14 4
22 15 4
22 16 9
22 17 2
22 18 1
22 19 6
22 20 3
22 21 3
23 0 6
23 1 6
23 2 7
23 3 4
23 4 1
23 5 4
23 6 4
23 7 7
23 8 6
23 9 7
23 10 1
23 11 7
23 12 2
23 13 8
23 14 8
23 15 5
23 16 5
23 17 2
23 18 7
23 19 9
23 20 6
23 21 4
23 22 4
24 0 9
24 1 1
24 2 7
24 3 3
24 4 9
24 5 1
24 6 2
24 7 3
24 8 8
24 9 8
24 10 9
24 11 9
24 12 9
24 13 4
24 14 4
24 15 3
24 16 8
24 17 7
24 18 8
24 19 3
24 20 9
24 21 3
24 22 4
24 23 8
25 0 7
25 1 5
25 2 7
25 3 2
25 4 9
25 5 8
25 6 1
25 7 8
25 8 2
25 9 3
25 10 6
25 11 4
25 12 3
25 13 4
25 14 5
25 15 4
25 16 3
25 17 7
25 18 5
25 19 1
25 20 8
25 21 3
25 22 6
25 23 3
25 24 7
26 0 9
26 1 5
26 2 3
26 3 8
26 4 5
26 5 6
26 6 7
26 7 7
26 8 1
26 9 5
26 10 2
26 11 3
26 12 3
26 13 7
26 14 3
26 15 8
26 16 4
26 17 3
26 18 4
26 19 1
26 20 5
26 21 1
26 22 8
26 23 4
26 24 2
26 25 4
27 0 7
27 1 7
27 2 5
27 3 1
27 4 3
27 5 3
27 6 5
27 7 9
27 8 4
27 9 5
27 10 1
27 11 2
27 12 6
27 13 6
27 14 8
27 15 1
27 16 7
27 17 1
27 18 9
27 19 5
27 20 9
27 21 3
27 22 9
27 23 3
27 24 4
27 25 4
27 26 1
28 0 5
28 1 1
28 2 4
28 3 8
28 4 4
28 5 3
28 6 6
28 7 5
28 8 6
28 9 6
28 10 7
28 11 9
28 12 9
28 13 3
28 14 2
28 15 8
28 16 9
28 17 8
28 18 4
28 19 4
28 20 2
28 21 6
28 22 6
28 23 4
28 24 5
28 25 9
28 26 9
28 27 4
29 0 1
29 1 7
29 2 8
29 3 3
29 4 8
29 5 5
29 6 3
29 7 9
29 8 4
29 9 7
29 10 2
29 11 2
29 12 5
29 13 5
29 14 9
29 15 5
29 16 7
29 17 6
29 18 8
29 19 6
29 20 6
29 21 2
29 22 5
29 23 5
29 24 2
29 25 8
29 26 5
29 27 3
29 28 5
