60
2 0 4
3 0 1
3 1 1
3 2 6
4 0 4
4 1 5
4 2 6
4 3 2
5 1 4
5 2 5
5 3 2
5 4 2
6 0 4
6 2 2
7 1 3
7 2 5
7 3 5
7 5 2
8 3 5
8 5 1
9 2 2
9 4 7
9 6 3
9 7 7
9 8 2
10 0 4
10 5 6
10 7 4
10 8 2
11 0 6
11 1 3
11 3 5
11 4 1
11 6 7
11 9 7
12 1 6
12 2 1
12 3 6
12 7 6
12 10 3
13 0 2
13 1 4
13 7 7
13 9 6
13 10 1
13 11 6
13 12 7
14 0 7
14 1 3
14 5 3
14 10 5
14 12 4
15 2 1
15 3 3
15 4 5
15 6 2
15 7 6
15 9 4
15 11 4
15 12 5
15 13 7
15 14 1
16 1 6
16 2 5
16 4 6
16 7 3
16 8 2
16 15 2
17 0 2
17 5 5
17 8 6
17 13 7
17 15 3
17 16 4
18 2 5
18 4 7
18 6 6
18 9 3
18 10 4
18 12 6
18 13 4
18 14 1
18 15 4
19 1 4
19 3 3
19 4 6
19 5 4
19 8 7
19 9 7
19 13 5
19 16 5
19 17 1
20 4 6
20 5 4
20 6 4
20 9 4
20 10 3
20 12 5
20 13 1
20 14 1
20 15 6
21 1 1
21 3 5
21 4 4
21 5 1
21 8 5
21 9 2
21 10 1
21 11 6
21 13 1
21 14 6
21 18 3
21 20 3
22 0 3
22 1 5
22 2 7
22 3 5
22 5 5
22 6 5
22 7 6
22 9 4
22 11 4
22 12 2
22 15 7
22 16 2
22 19 2
22 20 5
23 0 5
23 1 6
23 2 5
23 3 5
23 4 2
23 6 2
23 9 6
23 10 4
23 14 4
23 15 2
23 16 5
23 19 5
24 0 7
24 1 4
24 3 2
24 5 2
24 6 1
24 7 5
24 8 4
24 9 5
24 12 2
24 13 7
24 16 3
24 18 3
24 20 3
25 0 6
25 3 4
25 4 3
25 5 4
25 6 5
25 7 3
25 16 5
25 18 6
25 19 6
25 21 3
26 4 7
26 8 2
26 10 5
26 12 5
26 14 3
26 16 3
26 18 5
26 20 3
26 21 3
26 22 2
26 23 4
26 24 2
27 2 1
27 6 6
27 7 3
27 10 1
27 14 4
27 15 3
27 16 2
27 17 3
27 18 7
27 19 3
27 20 7
27 21 4
28 2 6
28 4 6
28 10 3
28 11 7
28 13 7
28 14 5
28 15 6
28 16 6
28 17 7
28 18 4
28 19 7
28 21 6
28 22 6
28 23 5
28 24 2
28 25 6
28 27 3
29 1 3
29 4 6
29 5 5
29 7 6
29 9 1
29 10 3
29 14 1
29 18 6
29 21 2
29 26 4
30 0 2
30 1 5
30 4 4
30 5 3
30 12 2
30 14 3
30 15 7
30 18 7
30 21 4
30 23 5
30 25 2
30 28 3
31 2 1
31 8 6
31 9 1
31 11 4
31 16 5
31 18 6
31 21 3
31 24 3
31 26 6
31 27 2
31 28 6
31 29 5
31 30 3
32 0 3
32 2 1
32 5 3
32 6 5
32 9 4
32 11 6
32 12 7
32 13 6
32 14 3
32 15 1
32 17 1
32 21 3
32 27 2
32 30 4
32 31 6
33 0 7
33 1 3
33 4 3
33 6 7
33 7 7
33 13 5
33 18 6
33 19 7
33 22 5
33 23 3
33 24 2
33 27 2
33 28 3
33 29 2
33 30 4
33 31 1
34 1 3
34 2 5
34 5 1
34 6 1
34 9 2
34 11 3
34 14 2
34 15 1
34 16 3
34 17 5
34 19 5
34 20 4
34 21 1
34 23 2
34 24 3
34 25 1
34 29 3
34 30 6
34 32 5
34 33 4
35 0 4
35 2 6
35 4 3
35 7 1
35 8 5
35 9 1
35 12 2
35 14 4
35 16 6
35 18 4
35 19 6
35 20 5
35 22 4
35 23 1
35 24 4
35 31 7
35 32 7
35 33 1
36 0 4
36 2 6
36 4 4
36 6 4
36 7 6
36 9 2
36 11 2
36 12 3
36 13 1
36 16 3
36 17 4
36 19 3
36 21 5
36 22 6
36 26 7
36 35 7
37 4 1
37 6 1
37 8 6
37 9 5
37 16 2
37 17 6
37 18 7
37 19 7
37 20 2
37 21 1
37 25 7
37 27 5
37 28 1
37 30 7
37 32 7
38 1 6
38 7 4
38 10 4
38 13 5
38 16 3
38 17 1
38 18 7
38 20 6
38 21 6
38 22 3
38 31 4
38 32 4
39 0 2
39 1 4
39 2 6
39 3 6
39 6 4
39 7 2
39 9 7
39 10 5
39 13 7
39 20 4
39 21 2
39 25 1
39 28 5
39 31 5
39 32 3
39 33 2
39 34 3
39 35 3
39 36 7
39 38 7
40 1 5
40 2 4
40 4 3
40 5 6
40 6 7
40 7 4
40 8 1
40 27 4
40 28 4
40 30 6
40 31 7
40 34 4
40 35 2
40 37 3
40 38 6
41 2 2
41 4 6
41 5 6
41 7 5
41 13 6
41 14 7
41 16 7
41 17 4
41 19 4
41 24 4
41 25 2
41 27 5
41 29 3
41 30 3
41 31 6
41 33 6
41 37 4
41 38 1
41 39 3
41 40 3
42 0 2
42 1 1
42 2 4
42 3 2
42 4 3
42 5 4
42 6 5
42 10 4
42 11 7
42 13 6
42 14 3
42 16 7
42 17 2
42 20 7
42 23 1
42 25 3
42 27 2
42 32 6
42 34 6
42 37 1
42 39 6
42 40 6
43 1 3
43 3 7
43 4 1
43 5 5
43 6 1
43 9 1
43 12 7
43 13 6
43 14 6
43 16 4
43 17 2
43 18 3
43 21 5
43 23 3
43 24 3
43 25 6
43 26 5
43 31 1
43 32 5
43 34 6
43 35 6
43 37 5
43 41 6
44 0 5
44 1 3
44 2 2
44 3 6
44 6 5
44 8 4
44 10 1
44 11 7
44 14 7
44 15 2
44 18 4
44 21 2
44 23 5
44 26 5
44 28 6
44 30 4
44 31 1
44 32 1
44 33 6
44 35 5
44 36 2
44 38 5
44 39 3
44 42 3
44 43 3
45 2 6
45 4 4
45 5 6
45 6 3
45 7 6
45 9 4
45 10 7
45 12 2
45 15 5
45 16 7
45 19 3
45 20 2
45 21 5
45 22 2
45 24 5
45 31 5
45 33 1
45 34 7
45 37 1
45 41 6
45 42 5
45 44 5
46 0 2
46 2 3
46 3 2
46 4 1
46 5 5
46 6 7
46 7 7
46 10 6
46 11 5
46 12 3
46 15 7
46 16 6
46 17 5
46 18 4
46 20 6
46 21 4
46 23 7
46 24 7
46 25 1
46 27 7
46 30 7
46 31 1
46 32 4
46 33 6
46 34 5
46 42 2
46 43 2
46 44 1
46 45 7
47 3 1
47 7 1
47 8 4
47 9 2
47 10 6
47 11 4
47 14 6
47 17 1
47 18 6
47 22 5
47 27 6
47 30 6
47 31 5
47 33 1
47 35 2
47 39 1
47 43 3
47 45 2
48 0 4
48 1 1
48 2 5
48 3 1
48 4 3
48 6 2
48 7 4
48 11 7
48 13 4
48 14 3
48 16 1
48 19 1
48 20 7
48 21 6
48 25 5
48 27 3
48 30 3
48 35 4
48 38 4
48 39 5
48 40 5
48 42 7
48 43 1
48 44 4
48 46 4
48 47 6
49 0 7
49 3 4
49 4 6
49 9 4
49 10 4
49 11 7
49 12 1
49 14 3
49 18 2
49 21 1
49 25 3
49 26 5
49 29 5
49 30 2
49 31 6
49 32 3
49 33 2
49 37 2
49 38 6
49 39 1
49 40 6
49 42 7
49 44 4
50 3 2
50 5 6
50 7 5
50 8 4
50 9 4
50 10 4
50 11 4
50 12 6
50 13 3
50 14 1
50 16 4
50 18 3
50 19 3
50 21 6
50 22 1
50 23 5
50 25 6
50 26 7
50 32 2
50 36 1
50 38 6
50 40 1
50 42 4
50 43 3
50 44 5
50 45 4
50 47 2
50 48 2
50 49 1
51 0 6
51 2 4
51 4 6
51 5 4
51 6 7
51 8 1
51 11 4
51 12 6
51 13 3
51 15 6
51 16 5
51 17 7
51 18 4
51 21 5
51 24 2
51 25 1
51 26 7
51 27 7
51 28 7
51 30 2
51 35 4
51 36 7
51 39 7
51 43 3
51 46 1
51 47 3
52 3 2
52 4 2
52 5 1
52 6 5
52 7 4
52 8 2
52 9 3
52 10 4
52 12 5
52 13 4
52 15 7
52 16 1
52 25 4
52 27 1
52 28 1
52 31 6
52 32 1
52 37 3
52 38 4
52 39 4
52 40 3
52 41 7
52 42 7
52 43 4
52 47 3
52 50 6
52 51 5
53 2 2
53 3 7
53 8 3
53 10 3
53 13 1
53 17 5
53 20 3
53 22 3
53 26 5
53 27 5
53 28 7
53 29 6
53 31 5
53 33 3
53 34 3
53 36 4
53 37 3
53 41 3
53 42 4
53 45 1
53 47 2
53 48 1
53 49 5
53 50 3
53 51 6
53 52 3
54 5 2
54 6 5
54 7 3
54 11 7
54 12 2
54 13 2
54 14 7
54 18 1
54 19 7
54 20 7
54 24 1
54 25 7
54 26 7
54 27 4
54 29 3
54 31 1
54 32 1
54 33 7
54 35 2
54 36 7
54 38 3
54 40 6
54 41 7
54 42 3
54 43 2
54 44 3
54 49 3
54 50 1
54 51 5
54 53 7
55 0 4
55 1 3
55 6 7
55 8 2
55 9 6
55 12 3
55 14 3
55 15 4
55 16 3
55 17 1
55 18 1
55 19 1
55 23 2
55 26 2
55 30 1
55 31 6
55 33 1
55 34 5
55 36 1
55 37 5
55 38 4
55 42 2
55 43 7
55 46 3
55 48 5
55 50 3
55 53 2
56 1 3
56 3 1
56 4 6
56 5 1
56 6 4
56 8 4
56 9 5
56 14 1
56 15 2
56 16 3
56 19 7
56 20 5
56 22 6
56 23 1
56 25 2
56 26 5
56 27 4
56 29 6
56 30 6
56 32 1
56 33 3
56 34 7
56 35 6
56 37 1
56 38 1
56 39 1
56 41 3
56 43 5
56 45 2
56 47 7
56 48 4
56 51 5
56 52 1
56 53 7
56 55 7
57 0 1
57 2 3
57 3 5
57 6 6
57 7 1
57 9 3
57 13 7
57 14 1
57 16 6
57 18 6
57 19 3
57 24 7
57 26 4
57 27 5
57 28 6
57 33 1
57 35 4
57 36 3
57 37 7
57 42 1
57 48 5
57 50 2
57 51 2
57 52 6
57 54 5
57 56 1
58 2 4
58 4 3
58 6 3
58 8 5
58 12 7
58 15 3
58 17 5
58 20 6
58 22 5
58 27 4
58 29 4
58 30 5
58 33 1
58 35 5
58 38 1
58 39 3
58 43 5
58 49 6
58 51 1
58 52 2
58 55 2
58 56 2
59 1 3
59 2 6
59 3 1
59 4 4
59 8 6
59 9 2
59 14 5
59 15 3
59 16 2
59 18 4
59 23 1
59 24 5
59 27 5
59 28 1
59 29 5
59 30 7
59 31 6
59 32 4
59 34 4
59 36 6
59 40 7
59 41 4
59 42 1
59 43 7
59 44 4
59 46 7
59 47 4
59 50 3
59 55 6
59 56 3
59 57 2
59 58 3
