70
1 0 6
2 0 5
2 1 6
3 0 2
3 1 2
3 2 7
4 0 4
4 1 2
4 2 2
4 3 5
5 0 5
5 1 4
5 2 3
5 3 1
5 4 4
6 0 2
6 1 7
6 2 2
6 3 6
6 4 5
6 5 6
7 0 3
7 1 2
7 2 6
7 3 3
7 4 1
7 5 3
7 6 5
8 0 6
8 1 3
8 2 7
8 3 7
8 4 3
8 5 7
8 6 4
8 7 6
9 0 7
9 1 6
9 2 6
9 3 2
9 4 6
9 5 6
9 6 5
9 7 2
9 8 1
10 0 2
10 1 3
10 2 6
10 3 7
10 4 3
10 5 5
10 6 6
10 7 6
10 8 5
10 9 1
11 0 7
11 1 5
11 2 3
11 3 7
11 4 2
11 5 3
11 6 7
11 7 1
11 8 7
11 9 1
11 10 4
12 0 6
12 1 7
12 2 5
12 3 1
12 4 6
12 5 6
12 6 5
12 7 4
12 8 7
12 9 1
12 10 5
12 11 5
13 0 6
13 1 3
13 2 3
13 3 6
13 4 6
13 5 1
13 6 7
13 7 2
13 8 4
13 9 7
13 10 1
13 11 3
13 12 3
14 0 5
14 1 6
14 2 3
14 3 5
14 4 3
14 5 3
14 6 3
14 7 3
14 8 3
14 9 7
14 10 4
14 11 4
14 12 4
14 13 1
15 0 7
15 1 5
15 2 2
15 3 5
15 4 3
15 5 4
15 6 4
15 7 2
15 8 5
15 9 4
15 10 7
15 11 3
15 12 5
15 13 1
15 14 4
16 0 7
16 1 7
16 2 1
16 3 6
16 4 7
16 5 2
16 6 4
16 7 6
16 8 5
16 9 4
16 10 6
16 11 4
16 12 7
16 13 5
16 14 1
16 15 6
17 0 1
17 1 4
17 2 6
17 3 3
17 4 1
17 5 5
17 6 6
17 7 5
17 8 4
17 9 6
17 10 4
17 11 2
17 12 3
17 13 5
17 14 5
17 15 2
17 16 5
18 0 7
18 1 2
18 2 4
18 3 7
18 4 3
18 5 5
18 6 6
18 7 5
18 8 2
18 9 7
18 10 1
18 11 5
18 12 6
18 13 5
18 14 5
18 15 2
18 16 4
18 17 5
19 0 5
19 1 1
19 2 7
19 3 4
19 4 6
19 5 5
19 6 5
19 7 6
19 8 7
19 9 6
19 10 3
19 11 1
19 12 2
19 13 3
19 14 5
19 15 3
19 16 2
19 17 2
19 18 3
20 0 1
20 1 4
20 2 5
20 3 1
20 4 6
20 5 6
20 6 1
20 7 3
20 8 3
20 9 1
20 10 2
20 11 5
20 12 6
20 13 2
20 14 2
20 15 6
20 16 7
20 17 1
20 18 4
20 19 7
21 0 5
21 1 4
21 2 4
21 3 5
21 4 1
21 5 1
21 6 7
21 7 3
21 8 5
21 9 2
21 10 3
21 11 4
21 12 4
21 13 6
21 14 1
21 15 6
21 16 5
21 17 2
21 18 6
21 19 6
21 20 7
22 0 3
22 1 3
22 2 7
22 3 2
22 4 3
22 5 4
22 6 1
22 7 2
22 8 6
22 9 4
22 10 5
22 11 4
22 12 5
22 13 7
22 14 6
22 15 1
22 16 7
22 17 1
22 18 7
22 19 1
22 20 7
22 21 5
23 0 3
23 1 3
23 2 5
23 3 2
23 4 2
23 5 4
23 6 2
23 7 2
23 8 5
23 9 5
23 10 7
23 11 4
23 12 6
23 13 4
23 14 2
23 15 7
23 16 6
23 17 4
23 18 5
23 19 2
23 20 6
23 21 4
23 22 3
24 0 5
24 1 1
24 2 2
24 3 7
24 4 3
24 5 1
24 6 6
24 7 2
24 8 1
24 9 3
24 10 5
24 11 6
24 12 4
24 13 4
24 14 2
24 15 5
24 16 6
24 17 1
24 18 3
24 19 3
24 20 6
24 21 4
24 22 7
24 23 3
25 0 1
25 1 6
25 2 1
25 3 3
25 4 1
25 5 1
25 6 5
25 7 5
25 8 5
25 9 7
25 10 1
25 11 3
25 12 5
25 13 7
25 14 3
25 15 7
25 16 3
25 17 5
25 18 4
25 19 1
25 20 5
25 21 6
25 22 5
25 23 1
25 24 4
26 0 7
26 1 7
26 2 3
26 3 4
26 4 4
26 5 2
26 6 1
26 7 6
26 8 4
26 9 2
26 10 5
26 11 4
26 12 1
26 13 2
26 14 2
26 15 1
26 16 5
26 17 6
26 18 1
26 19 2
26 20 5
26 21 5
26 22 7
26 23 6
26 24 1
26 25 7
27 0 2
27 1 6
27 2 3
27 3 7
27 4 3
27 5 7
27 6 5
27 7 1
27 8 5
27 9 7
27 10 4
27 11 3
27 12 5
27 13 6
27 14 7
27 15 2
27 16 7
27 17 4
27 18 4
27 19 2
27 20 4
27 21 4
27 22 1
27 23 2
27 24 7
27 25 4
27 26 6
28 0 7
28 1 1
28 2 7
28 3 7
28 4 3
28 5 7
28 6 2
28 7 7
28 8 4
28 9 2
28 10 1
28 11 4
28 12 7
28 13 4
28 14 1
28 15 1
28 16 4
28 17 1
28 18 6
28 19 6
28 20 2
28 21 4
28 22 3
28 23 6
28 24 1
28 25 6
28 26 3
28 27 5
29 0 5
29 1 4
29 2 6
29 3 6
29 4 7
29 5 7
29 6 4
29 7 5
29 8 5
29 9 6
29 10 3
29 11 6
29 12 1
29 13 4
29 14 1
29 15 2
29 16 4
29 17 7
29 18 6
29 19 5
29 20 3
29 21 2
29 22 7
29 23 5
29 24 5
29 25 6
29 26 1
29 27 1
29 28 4
30 0 7
30 1 7
30 2 7
30 3 1
30 4 7
30 5 2
30 6 5
30 7 2
30 8 3
30 9 1
30 10 1
30 11 1
30 12 3
30 13 7
30 14 7
30 15 3
30 16 6
30 17 1
30 18 1
30 19 5
30 20 1
30 21 2
30 22 5
30 23 6
30 24 7
30 25 1
30 26 7
30 27 6
30 28 3
30 29 3
31 0 6
31 1 4
31 2 4
31 3 2
31 4 7
31 5 2
31 6 2
31 7 5
31 8 7
31 9 2
31 10 1
31 11 4
31 12 5
31 13 6
31 14 6
31 15 5
31 16 1
31 17 5
31 18 1
31 19 6
31 20 3
31 21 6
31 22 4
31 23 6
31 24 4
31 25 7
31 26 5
31 27 3
31 28 2
31 29 4
31 30 1
32 0 7
32 1 7
32 2 7
32 3 7
32 4 5
32 5 2
32 6 6
32 7 7
32 8 1
32 9 7
32 10 4
32 11 3
32 12 7
32 13 6
32 14 5
32 15 4
32 16 4
32 17 1
32 18 3
32 19 3
32 20 6
32 21 5
32 22 2
32 23 3
32 24 7
32 25 1
32 26 3
32 27 6
32 28 7
32 29 6
32 30 3
32 31 5
33 0 4
33 1 1
33 2 2
33 3 1
33 4 7
33 5 4
33 6 5
33 7 2
33 8 2
33 9 6
33 10 4
33 11 4
33 12 6
33 13 2
33 14 6
33 15 5
33 16 1
33 17 7
33 18 5
33 19 6
33 20 3
33 21 1
33 22 7
33 23 3
33 24 2
33 25 6
33 26 2
33 27 5
33 28 1
33 29 7
33 30 1
33 31 3
33 32 1
34 0 2
34 1 6
34 2 7
34 3 7
34 4 6
34 5 6
34 6 7
34 7 3
34 8 6
34 9 4
34 10 2
34 11 3
34 12 3
34 13 2
34 14 3
34 15 2
34 16 7
34 17 4
34 18 4
34 19 3
34 20 6
34 21 2
34 22 2
34 23 4
34 24 3
34 25 6
34 26 1
34 27 5
34 28 6
34 29 1
34 30 2
34 31 2
34 32 6
34 33 3
35 0 3
35 1 4
35 2 5
35 3 6
35 4 7
35 5 1
35 6 1
35 7 1
35 8 3
35 9 4
35 10 4
35 11 5
35 12 1
35 13 5
35 14 1
35 15 7
35 16 7
35 17 4
35 18 6
35 19 4
35 20 2
35 21 1
35 22 3
35 23 2
35 24 1
35 25 1
35 26 1
35 27 1
35 28 3
35 29 6
35 30 6
35 31 6
35 32 1
35 33 2
35 34 7
36 0 7
36 1 7
36 2 2
36 3 5
36 4 2
36 5 7
36 6 1
36 7 3
36 8 7
36 9 2
36 10 2
36 11 4
36 12 5
36 13 4
36 14 1
36 15 4
36 16 6
36 17 2
36 18 5
36 19 4
36 20 4
36 21 2
36 22 5
36 23 7
36 24 1
36 25 1
36 26 3
36 27 6
36 28 2
36 29 1
36 30 1
36 31 4
36 32 7
36 33 1
36 34 7
36 35 4
37 0 1
37 1 1
37 2 1
37 3 2
37 4 7
37 5 4
37 6 3
37 7 4
37 8 2
37 9 3
37 10 7
37 11 2
37 12 4
37 13 1
37 14 5
37 15 4
37 16 5
37 17 4
37 18 4
37 19 2
37 20 4
37 21 1
37 22 6
37 23 5
37 24 4
37 25 2
37 26 6
37 27 1
37 28 4
37 29 7
37 30 7
37 31 5
37 32 6
37 33 3
37 34 6
37 35 6
37 36 1
38 0 7
38 1 2
38 2 3
38 3 6
38 4 3
38 5 6
38 6 2
38 7 1
38 8 3
38 9 4
38 10 2
38 11 5
38 12 2
38 13 5
38 14 1
38 15 5
38 16 4
38 17 3
38 18 3
38 19 2
38 20 1
38 21 1
38 22 1
38 23 5
38 24 2
38 25 4
38 26 5
38 27 3
38 28 2
38 29 5
38 30 1
38 31 6
38 32 3
38 33 5
38 34 2
38 35 6
38 36 5
38 37 1
39 0 1
39 1 2
39 2 7
39 3 4
39 4 6
39 5 1
39 6 3
39 7 6
39 8 7
39 9 5
39 10 7
39 11 1
39 12 3
39 13 6
39 14 3
39 15 7
39 16 5
39 17 3
39 18 4
39 19 2
39 20 3
39 21 3
39 22 2
39 23 7
39 24 5
39 25 6
39 26 7
39 27 5
39 28 5
39 29 7
39 30 1
39 31 3
39 32 1
39 33 3
39 34 5
39 35 2
39 36 1
39 37 6
39 38 2
40 0 4
40 1 2
40 2 7
40 3 7
40 4 7
40 5 2
40 6 5
40 7 2
40 8 7
40 9 1
40 10 7
40 11 4
40 12 6
40 13 3
40 14 5
40 15 4
40 16 3
40 17 4
40 18 6
40 19 1
40 20 4
40 21 5
40 22 2
40 23 1
40 24 4
40 25 5
40 26 6
40 27 2
40 28 4
40 29 6
40 30 7
40 31 2
40 32 2
40 33 6
40 34 7
40 35 2
40 36 5
40 37 6
40 38 3
40 39 5
41 0 4
41 1 6
41 2 4
41 3 4
41 4 1
41 5 7
41 6 7
41 7 1
41 8 6
41 9 7
41 10 3
41 11 7
41 12 5
41 13 4
41 14 1
41 15 3
41 16 4
41 17 3
41 18 3
41 19 2
41 20 5
41 21 2
41 22 1
41 23 3
41 24 7
41 25 3
41 26 6
41 27 2
41 28 3
41 29 1
41 30 1
41 31 5
41 32 6
41 33 4
41 34 3
41 35 2
41 36 4
41 37 3
41 38 2
41 39 7
41 40 1
42 0 2
42 1 2
42 2 3
42 3 1
42 4 6
42 5 6
42 6 3
42 7 1
42 8 5
42 9 7
42 10 7
42 11 5
42 12 6
42 13 3
42 14 3
42 15 5
42 16 6
42 17 3
42 18 6
42 19 2
42 20 3
42 21 2
42 22 2
42 23 1
42 24 3
42 25 3
42 26 3
42 27 4
42 28 1
42 29 1
42 30 3
42 31 7
42 32 1
42 33 2
42 34 4
42 35 3
42 36 3
42 37 2
42 38 7
42 39 6
42 40 7
42 41 4
43 0 3
43 1 4
43 2 1
43 3 7
43 4 4
43 5 2
43 6 7
43 7 5
43 8 3
43 9 2
43 10 4
43 11 2
43 12 1
43 13 5
43 14 4
43 15 6
43 16 4
43 17 6
43 18 5
43 19 3
43 20 6
43 21 6
43 22 2
43 23 6
43 24 3
43 25 6
43 26 5
43 27 3
43 28 1
43 29 3
43 30 5
43 31 7
43 32 6
43 33 6
43 34 1
43 35 2
43 36 2
43 37 5
43 38 3
43 39 1
43 40 5
43 41 6
43 42 6
44 0 5
44 1 1
44 2 3
44 3 4
44 4 2
44 5 4
44 6 7
44 7 7
44 8 7
44 9 4
44 10 3
44 11 5
44 12 5
44 13 3
44 14 6
44 15 5
44 16 4
44 17 6
44 18 2
44 19 2
44 20 7
44 21 4
44 22 4
44 23 1
44 24 4
44 25 6
44 26 3
44 27 6
44 28 2
44 29 4
44 30 7
44 31 2
44 32 6
44 33 7
44 34 2
44 35 7
44 36 5
44 37 2
44 38 4
44 39 6
44 40 4
44 41 1
44 42 1
44 43 5
45 0 5
45 1 5
45 2 1
45 3 4
45 4 1
45 5 4
45 6 6
45 7 7
45 8 7
45 9 1
45 10 5
45 11 2
45 12 5
45 13 1
45 14 2
45 15 6
45 16 3
45 17 1
45 18 7
45 19 2
45 20 5
45 21 6
45 22 1
45 23 1
45 24 3
45 25 1
45 26 2
45 27 2
45 28 6
45 29 2
45 30 2
45 31 2
45 32 1
45 33 6
45 34 6
45 35 1
45 36 7
45 37 4
45 38 4
45 39 1
45 40 4
45 41 7
45 42 7
45 43 3
45 44 2
46 0 7
46 1 6
46 2 5
46 3 4
46 4 2
46 5 7
46 6 5
46 7 5
46 8 1
46 9 6
46 10 3
46 11 2
46 12 2
46 13 7
46 14 6
46 15 5
46 16 4
46 17 7
46 18 2
46 19 6
46 20 6
46 21 5
46 22 3
46 23 5
46 24 1
46 25 3
46 26 7
46 27 6
46 28 6
46 29 3
46 30 2
46 31 2
46 32 1
46 33 2
46 34 6
46 35 2
46 36 5
46 37 3
46 38 7
46 39 5
46 40 2
46 41 5
46 42 3
46 43 3
46 44 3
46 45 7
47 0 2
47 1 2
47 2 6
47 3 4
47 4 6
47 5 1
47 6 5
47 7 7
47 8 2
47 9 4
47 10 6
47 11 3
47 12 5
47 13 3
47 14 5
47 15 7
47 16 6
47 17 3
47 18 6
47 19 7
47 20 5
47 21 4
47 22 2
47 23 1
47 24 1
47 25 7
47 26 7
47 27 4
47 28 5
47 29 2
47 30 1
47 31 1
47 32 4
47 33 4
47 34 6
47 35 4
47 36 7
47 37 4
47 38 2
47 39 4
47 40 3
47 41 5
47 42 4
47 43 4
47 44 2
47 45 6
47 46 5
48 0 3
48 1 2
48 2 7
48 3 3
48 4 1
48 5 6
48 6 3
48 7 6
48 8 5
48 9 3
48 10 7
48 11 2
48 12 4
48 13 4
48 14 6
48 15 2
48 16 2
48 17 6
48 18 7
48 19 2
48 20 1
48 21 4
48 22 1
48 23 3
48 24 2
48 25 3
48 26 5
48 27 4
48 28 5
48 29 6
48 30 1
48 31 1
48 32 5
48 33 1
48 34 7
48 35 1
48 36 3
48 37 5
48 38 1
48 39 5
48 40 2
48 41 6
48 42 4
48 43 5
48 44 5
48 45 6
48 46 7
48 47 4
49 0 4
49 1 6
49 2 6
49 3 6
49 4 4
49 5 2
49 6 5
49 7 3
49 8 6
49 9 4
49 10 6
49 11 7
49 12 1
49 13 7
49 14 1
49 15 5
49 16 5
49 17 5
49 18 5
49 19 2
49 20 6
49 21 6
49 22 4
49 23 7
49 24 5
49 25 4
49 26 7
49 27 5
49 28 2
49 29 5
49 30 2
49 31 5
49 32 5
49 33 2
49 34 1
49 35 5
49 36 4
49 37 1
49 38 5
49 39 6
49 40 5
49 41 3
49 42 3
49 43 2
49 44 3
49 45 5
49 46 7
49 47 1
49 48 7
50 0 5
50 1 3
50 2 4
50 3 7
50 4 7
50 5 7
50 6 4
50 7 1
50 8 2
50 9 6
50 10 5
50 11 6
50 12 5
50 13 3
50 14 7
50 15 3
50 16 6
50 17 4
50 18 3
50 19 7
50 20 5
50 21 5
50 22 6
50 23 6
50 24 7
50 25 4
50 26 4
50 27 6
50 28 4
50 29 2
50 30 4
50 31 2
50 32 2
50 33 2
50 34 3
50 35 1
50 36 3
50 37 6
50 38 7
50 39 5
50 40 2
50 41 4
50 42 5
50 43 7
50 44 1
50 45 4
50 46 2
50 47 6
50 48 1
50 49 5
51 0 7
51 1 4
51 2 4
51 3 3
51 4 1
51 5 4
51 6 4
51 7 4
51 8 4
51 9 1
51 10 7
51 11 7
51 12 7
51 13 3
51 14 7
51 15 5
51 16 5
51 17 3
51 18 5
51 19 3
51 20 4
51 21 1
51 22 7
51 23 6
51 24 2
51 25 3
51 26 2
51 27 7
51 28 5
51 29 2
51 30 3
51 31 6
51 32 2
51 33 3
51 34 2
51 35 5
51 36 6
51 37 2
51 38 4
51 39 5
51 40 2
51 41 1
51 42 3
51 43 7
51 44 7
51 45 6
51 46 7
51 47 3
51 48 7
51 49 1
51 50 4
52 0 5
52 1 3
52 2 2
52 3 4
52 4 2
52 5 1
52 6 7
52 7 3
52 8 3
52 9 5
52 10 1
52 11 2
52 12 3
52 13 5
52 14 5
52 15 1
52 16 7
52 17 2
52 18 4
52 19 2
52 20 7
52 21 2
52 22 6
52 23 6
52 24 5
52 25 4
52 26 5
52 27 5
52 28 2
52 29 1
52 30 6
52 31 7
52 32 4
52 33 2
52 34 1
52 35 3
52 36 1
52 37 6
52 38 5
52 39 6
52 40 4
52 41 5
52 42 3
52 43 4
52 44 3
52 45 2
52 46 4
52 47 3
52 48 2
52 49 6
52 50 4
52 51 4
53 0 5
53 1 6
53 2 1
53 3 4
53 4 7
53 5 6
53 6 6
53 7 2
53 8 7
53 9 6
53 10 1
53 11 7
53 12 6
53 13 2
53 14 7
53 15 2
53 16 1
53 17 1
53 18 4
53 19 2
53 20 5
53 21 4
53 22 2
53 23 1
53 24 6
53 25 6
53 26 2
53 27 3
53 28 1
53 29 4
53 30 1
53 31 1
53 32 3
53 33 6
53 34 2
53 35 7
53 36 4
53 37 2
53 38 1
53 39 7
53 40 1
53 41 1
53 42 2
53 43 4
53 44 2
53 45 5
53 46 3
53 47 2
53 48 1
53 49 7
53 50 6
53 51 7
53 52 2
54 0 3
54 1 4
54 2 2
54 3 3
54 4 4
54 5 5
54 6 6
54 7 2
54 8 3
54 9 6
54 10 7
54 11 2
54 12 6
54 13 2
54 14 2
54 15 3
54 16 6
54 17 5
54 18 4
54 19 6
54 20 5
54 21 3
54 22 1
54 23 1
54 24 1
54 25 1
54 26 7
54 27 5
54 28 1
54 29 5
54 30 6
54 31 5
54 32 1
54 33 1
54 34 3
54 35 6
54 36 2
54 37 5
54 38 5
54 39 3
54 40 6
54 41 3
54 42 6
54 43 1
54 44 5
54 45 4
54 46 3
54 47 3
54 48 2
54 49 6
54 50 2
54 51 3
54 52 4
54 53 1
55 0 5
55 1 6
55 2 1
55 3 6
55 4 2
55 5 5
55 6 3
55 7 3
55 8 2
55 9 7
55 10 2
55 11 3
55 12 5
55 13 3
55 14 3
55 15 3
55 16 5
55 17 3
55 18 1
55 19 2
55 20 3
55 21 3
55 22 5
55 23 3
55 24 6
55 25 3
55 26 2
55 27 6
55 28 5
55 29 4
55 30 3
55 31 3
55 32 6
55 33 2
55 34 4
55 35 7
55 36 3
55 37 3
55 38 7
55 39 3
55 40 1
55 41 1
55 42 5
55 43 2
55 44 6
55 45 5
55 46 3
55 47 1
55 48 7
55 49 5
55 50 2
55 51 3
55 52 2
55 53 5
55 54 6
56 0 2
56 1 4
56 2 5
56 3 2
56 4 5
56 5 6
56 6 2
56 7 2
56 8 7
56 9 7
56 10 1
56 11 1
56 12 4
56 13 1
56 14 2
56 15 3
56 16 1
56 17 7
56 18 3
56 19 4
56 20 5
56 21 6
56 22 1
56 23 3
56 24 4
56 25 1
56 26 7
56 27 1
56 28 2
56 29 2
56 30 5
56 31 2
56 32 3
56 33 2
56 34 2
56 35 7
56 36 7
56 37 7
56 38 7
56 39 5
56 40 7
56 41 4
56 42 2
56 43 6
56 44 7
56 45 1
56 46 2
56 47 1
56 48 6
56 49 6
56 50 2
56 51 2
56 52 7
56 53 1
56 54 6
56 55 5
57 0 4
57 1 2
57 2 6
57 3 6
57 4 4
57 5 4
57 6 1
57 7 4
57 8 4
57 9 4
57 10 1
57 11 5
57 12 5
57 13 7
57 14 5
57 15 6
57 16 7
57 17 2
57 18 1
57 19 1
57 20 7
57 21 5
57 22 6
57 23 7
57 24 2
57 25 6
57 26 4
57 27 5
57 28 1
57 29 6
57 30 1
57 31 1
57 32 6
57 33 7
57 34 5
57 35 7
57 36 1
57 37 4
57 38 4
57 39 7
57 40 7
57 41 7
57 42 4
57 43 5
57 44 2
57 45 5
57 46 6
57 47 7
57 48 4
57 49 4
57 50 4
57 51 6
57 52 2
57 53 3
57 54 3
57 55 6
57 56 6
58 0 2
58 1 5
58 2 6
58 3 5
58 4 2
58 5 4
58 6 5
58 7 6
58 8 1
58 9 5
58 10 6
58 11 2
58 12 5
58 13 6
58 14 1
58 15 1
58 16 7
58 17 3
58 18 3
58 19 3
58 20 4
58 21 7
58 22 2
58 23 2
58 24 7
58 25 4
58 26 2
58 27 4
58 28 7
58 29 1
58 30 5
58 31 6
58 32 5
58 33 6
58 34 2
58 35 4
58 36 7
58 37 6
58 38 2
58 39 5
58 40 2
58 41 4
58 42 2
58 43 5
58 44 6
58 45 3
58 46 2
58 47 6
58 48 5
58 49 6
58 50 4
58 51 7
58 52 3
58 53 5
58 54 1
58 55 2
58 56 2
58 57 6
59 0 2
59 1 7
59 2 5
59 3 2
59 4 5
59 5 7
59 6 4
59 7 2
59 8 3
59 9 7
59 10 4
59 11 1
59 12 3
59 13 1
59 14 3
59 15 1
59 16 1
59 17 2
59 18 1
59 19 1
59 20 4
59 21 1
59 22 4
59 23 1
59 24 2
59 25 3
59 26 2
59 27 1
59 28 7
59 29 3
59 30 2
59 31 5
59 32 6
59 33 4
59 34 6
59 35 3
59 36 3
59 37 6
59 38 5
59 39 7
59 40 4
59 41 1
59 42 2
59 43 3
59 44 2
59 45 4
59 46 3
59 47 5
59 48 1
59 49 7
59 50 4
59 51 4
59 52 7
59 53 6
59 54 4
59 55 1
59 56 1
59 57 7
59 58 3
60 0 4
60 1 3
60 2 7
60 3 2
60 4 7
60 5 5
60 6 3
60 7 1
60 8 3
60 9 6
60 10 3
60 11 5
60 12 3
60 13 4
60 14 5
60 15 2
60 16 2
60 17 5
60 18 6
60 19 3
60 20 1
60 21 6
60 22 4
60 23 2
60 24 3
60 25 6
60 26 3
60 27 5
60 28 6
60 29 7
60 30 5
60 31 4
60 32 1
60 33 6
60 34 3
60 35 7
60 36 7
60 37 2
60 38 1
60 39 2
60 40 5
60 41 7
60 42 4
60 43 6
60 44 3
60 45 1
60 46 4
60 47 7
60 48 4
60 49 7
60 50 5
60 51 2
60 52 2
60 53 2
60 54 1
60 55 2
60 56 7
60 57 3
60 58 6
60 59 5
61 0 3
61 1 1
61 2 3
61 3 4
61 4 4
61 5 1
61 6 7
61 7 1
61 8 4
61 9 2
61 10 5
61 11 6
61 12 3
61 13 2
61 14 5
61 15 7
61 16 2
61 17 6
61 18 1
61 19 7
61 20 5
61 21 5
61 22 5
61 23 4
61 24 5
61 25 6
61 26 1
61 27 6
61 28 6
61 29 4
61 30 6
61 31 4
61 32 2
61 33 7
61 34 5
61 35 6
61 36 7
61 37 7
61 38 4
61 39 1
61 40 1
61 41 1
61 42 5
61 43 6
61 44 3
61 45 2
61 46 5
61 47 1
61 48 5
61 49 5
61 50 2
61 51 2
61 52 7
61 53 1
61 54 2
61 55 6
61 56 2
61 57 7
61 58 3
61 59 7
61 60 4
62 0 6
62 1 5
62 2 1
62 3 5
62 4 2
62 5 5
62 6 5
62 7 7
62 8 7
62 9 4
62 10 4
62 11 5
62 12 6
62 13 5
62 14 6
62 15 6
62 16 7
62 17 1
62 18 6
62 19 5
62 20 6
62 21 2
62 22 5
62 23 4
62 24 6
62 25 1
62 26 6
62 27 6
62 28 4
62 29 2
62 30 4
62 31 2
62 32 2
62 33 3
62 34 1
62 35 2
62 36 2
62 37 2
62 38 7
62 39 6
62 40 1
62 41 6
62 42 7
62 43 3
62 44 4
62 45 1
62 46 1
62 47 5
62 48 3
62 49 2
62 50 7
62 51 7
62 52 6
62 53 3
62 54 4
62 55 5
62 56 7
62 57 4
62 58 4
62 59 7
62 60 5
62 61 3
63 0 4
63 1 2
63 2 1
63 3 2
63 4 5
63 5 4
63 6 3
63 7 3
63 8 3
63 9 6
63 10 7
63 11 2
63 12 3
63 13 4
63 14 2
63 15 4
63 16 2
63 17 4
63 18 1
63 19 6
63 20 7
63 21 5
63 22 6
63 23 6
63 24 2
63 25 6
63 26 5
63 27 5
63 28 2
63 29 5
63 30 4
63 31 5
63 32 2
63 33 6
63 34 2
63 35 2
63 36 3
63 37 7
63 38 2
63 39 1
63 40 5
63 41 4
63 42 4
63 43 6
63 44 3
63 45 7
63 46 5
63 47 6
63 48 4
63 49 2
63 50 2
63 51 7
63 52 3
63 53 6
63 54 7
63 55 7
63 56 7
63 57 7
63 58 4
63 59 1
63 60 1
63 61 4
63 62 7
64 0 5
64 1 2
64 2 4
64 3 2
64 4 2
64 5 2
64 6 3
64 7 6
64 8 4
64 9 7
64 10 2
64 11 4
64 12 3
64 13 2
64 14 7
64 15 7
64 16 2
64 17 5
64 18 3
64 19 7
64 20 5
64 21 3
64 22 1
64 23 1
64 24 7
64 25 4
64 26 4
64 27 1
64 28 4
64 29 5
64 30 2
64 31 3
64 32 7
64 33 2
64 34 6
64 35 5
64 36 1
64 37 5
64 38 4
64 39 3
64 40 6
64 41 6
64 42 1
64 43 5
64 44 1
64 45 1
64 46 5
64 47 7
64 48 4
64 49 6
64 50 2
64 51 1
64 52 5
64 53 4
64 54 1
64 55 2
64 56 4
64 57 7
64 58 3
64 59 4
64 60 2
64 61 6
64 62 2
64 63 7
65 0 4
65 1 3
65 2 1
65 3 6
65 4 5
65 5 5
65 6 6
65 7 2
65 8 6
65 9 3
65 10 3
65 11 6
65 12 1
65 13 5
65 14 6
65 15 2
65 16 3
65 17 7
65 18 3
65 19 5
65 20 3
65 21 2
65 22 5
65 23 5
65 24 4
65 25 4
65 26 6
65 27 6
65 28 7
65 29 6
65 30 6
65 31 5
65 32 7
65 33 6
65 34 1
65 35 3
65 36 2
65 37 5
65 38 4
65 39 2
65 40 6
65 41 5
65 42 4
65 43 4
65 44 2
65 45 1
65 46 4
65 47 7
65 48 3
65 49 7
65 50 7
65 51 7
65 52 5
65 53 7
65 54 7
65 55 7
65 56 3
65 57 6
65 58 5
65 59 4
65 60 3
65 61 6
65 62 4
65 63 2
65 64 6
66 0 1
66 1 2
66 2 3
66 3 2
66 4 1
66 5 7
66 6 3
66 7 5
66 8 5
66 9 2
66 10 5
66 11 6
66 12 1
66 13 4
66 14 6
66 15 2
66 16 5
66 17 5
66 18 5
66 19 4
66 20 7
66 21 2
66 22 3
66 23 4
66 24 4
66 25 2
66 26 1
66 27 6
66 28 7
66 29 4
66 30 6
66 31 7
66 32 1
66 33 7
66 34 2
66 35 3
66 36 3
66 37 2
66 38 4
66 39 3
66 40 2
66 41 5
66 42 5
66 43 7
66 44 2
66 45 4
66 46 7
66 47 3
66 48 4
66 49 4
66 50 1
66 51 2
66 52 7
66 53 4
66 54 7
66 55 1
66 56 6
66 57 6
66 58 3
66 59 2
66 60 2
66 61 6
66 62 3
66 63 7
66 64 4
66 65 1
67 0 7
67 1 1
67 2 7
67 3 5
67 4 2
67 5 2
67 6 5
67 7 7
67 8 3
67 9 6
67 10 1
67 11 2
67 12 4
67 13 2
67 14 4
67 15 3
67 16 2
67 17 7
67 18 1
67 19 1
67 20 2
67 21 1
67 22 7
67 23 4
67 24 2
67 25 2
67 26 5
67 27 5
67 28 5
67 29 2
67 30 6
67 31 6
67 32 5
67 33 6
67 34 6
67 35 5
67 36 1
67 37 5
67 38 5
67 39 4
67 40 7
67 41 3
67 42 7
67 43 3
67 44 5
67 45 3
67 46 2
67 47 3
67 48 6
67 49 2
67 50 6
67 51 6
67 52 2
67 53 1
67 54 3
67 55 7
67 56 7
67 57 1
67 58 7
67 59 1
67 60 4
67 61 4
67 62 7
67 63 6
67 64 1
67 65 1
67 66 2
68 0 2
68 1 5
68 2 6
68 3 3
68 4 3
68 5 7
68 6 7
68 7 5
68 8 2
68 9 5
68 10 3
68 11 6
68 12 7
68 13 6
68 14 6
68 15 3
68 16 1
68 17 7
68 18 5
68 19 3
68 20 4
68 21 4
68 22 6
68 23 1
68 24 4
68 25 2
68 26 2
68 27 5
68 28 4
68 29 1
68 30 3
68 31 6
68 32 3
68 33 7
68 34 4
68 35 4
68 36 7
68 37 4
68 38 4
68 39 6
68 40 1
68 41 1
68 42 2
68 43 3
68 44 1
68 45 3
68 46 3
68 47 7
68 48 4
68 49 4
68 50 1
68 51 2
68 52 3
68 53 5
68 54 6
68 55 5
68 56 3
68 57 2
68 58 3
68 59 4
68 60 2
68 61 1
68 62 7
68 63 5
68 64 6
68 65 1
68 66 1
68 67 3
69 0 5
69 1 1
69 2 7
69 3 4
69 4 2
69 5 6
69 6 2
69 7 1
69 8 5
69 9 7
69 10 5
69 11 6
69 12 3
69 13 7
69 14 3
69 15 3
69 16 3
69 17 6
69 18 4
69 19 1
69 20 4
69 21 4
69 22 5
69 23 3
69 24 3
69 25 5
69 26 2
69 27 2
69 28 7
69 29 7
69 30 4
69 31 3
69 32 6
69 33 3
69 34 4
69 35 5
69 36 4
69 37 3
69 38 6
69 39 6
69 40 2
69 41 3
69 42 1
69 43 1
69 44 4
69 45 5
69 46 7
69 47 3
69 48 7
69 49 5
69 50 3
69 51 7
69 52 5
69 53 6
69 54 1
69 55 2
69 56 2
69 57 1
69 58 6
69 59 6
69 60 2
69 61 2
69 62 2
69 63 3
69 64 6
69 65 5
69 66 6
69 67 4
69 68 6
