40
1 0 8
2 0 8
2 1 8
3 0 7
3 1 2
3 2 3
4 0 5
4 1 1
4 2 1
4 3 2
5 0 5
5 1 7
5 2 5
5 3 3
5 4 4
6 0 8
6 1 7
6 2 2
6 3 9
6 4 2
6 5 1
7 0 4
7 1 3
7 2 1
7 3 8
7 4 2
7 5 9
7 6 2
8 0 6
8 1 4
8 2 3
8 3 8
8 4 6
8 5 4
8 6 3
8 7 2
9 0 4
9 1 7
9 2 4
9 3 9
9 4 2
9 5 7
9 6 4
9 7 5
9 8 1
10 0 4
10 1 2
10 2 5
10 3 4
10 4 7
10 5 9
10 6 4
10 7 3
10 8 1
10 9 5
11 0 3
11 1 8
11 2 6
11 3 2
11 4 6
11 5 4
11 6 8
11 7 6
11 8 5
11 9 7
11 10 4
12 0 8
12 1 5
12 2 4
12 3 6
12 4 2
12 5 9
12 6 8
12 7 1
12 8 1
12 9 9
12 10 1
12 11 6
13 0 3
13 1 3
13 2 6
13 3 3
13 4 3
13 5 7
13 6 5
13 7 5
13 8 2
13 9 6
13 10 7
13 11 4
13 12 2
14 0 2
14 1 5
14 2 7
14 3 1
14 4 8
14 5 3
14 6 9
14 7 2
14 8 7
14 9 4
14 10 5
14 11 7
14 12 5
14 13 6
15 0 4
15 1 2
15 2 7
15 3 5
15 4 6
15 5 5
15 6 2
15 7 8
15 8 9
15 9 3
15 10 7
15 11 8
15 12 3
15 13 9
15 14 8
16 0 1
16 1 7
16 2 3
16 3 3
16 4 3
16 5 6
16 6 6
16 7 7
16 8 8
16 9 9
16 10 1
16 11 6
16 12 9
16 13 6
16 14 2
16 15 6
17 0 9
17 1 1
17 2 3
17 3 4
17 4 9
17 5 9
17 6 2
17 7 4
17 8 7
17 9 2
17 10 3
17 11 3
17 12 2
17 13 6
17 14 3
17 15 5
17 16 8
18 0 6
18 1 8
18 2 8
18 3 4
18 4 1
18 5 5
18 6 7
18 7 6
18 8 4
18 9 1
18 10 5
18 11 9
18 12 1
18 13 1
18 14 4
18 15 6
18 16 5
18 17 8
19 0 3
19 1 5
19 2 7
19 3 5
19 4 2
19 5 4
19 6 1
19 7 6
19 8 5
19 9 8
19 10 2
19 11 1
19 12 4
19 13 3
19 14 8
19 15 8
19 16 4
19 17 9
19 18 2
20 0 4
20 1 8
20 2 7
20 3 3
20 4 4
20 5 2
20 6 1
20 7 7
20 8 2
20 9 5
20 10 2
20 11 8
20 12 2
20 13 3
20 14 5
20 15 5
20 16 2
20 17 4
20 18 2
20 19 8
21 0 2
21 1 8
21 2 7
21 3 9
21 4 2
21 5 8
21 6 5
21 7 9
21 8 2
21 9 5
21 10 2
21 11 3
21 12 6
21 13 6
21 14 2
21 15 9
21 16 3
21 17 2
21 18 3
21 19 2
21 20 8
22 0 2
22 1 5
22 2 7
22 3 1
22 4 6
22 5 4
22 6 6
22 7 6
22 8 6
22 9 8
22 10 4
22 11 7
22 12 8
22 13 4
22 14 6
22 15 6
22 16 5
22 17 5
22 18 3
22 19 3
22 20 3
22 21 6
23 0 2
23 1 9
23 2 2
23 3 5
23 4 5
23 5 4
23 6 9
23 7 3
23 8 2
23 9 2
23 10 3
23 11 1
23 12 9
23 13 2
23 14 5
23 15 8
23 16 5
23 17 6
23 18 2
23 19 9
23 20 3
23 21 3
23 22 2
24 0 6
24 1 6
24 2 3
24 3 2
24 4 2
24 5 3
24 6 4
24 7 8
24 8 6
24 9 1
24 10 7
24 11 6
24 12 7
24 13 8
24 14 9
24 15 5
24 16 5
24 17 4
24 18 4
24 19 9
24 20 5
24 21 6
24 22 4
24 23 7
25 0 4
25 1 9
25 2 4
25 3 8
25 4 3
25 5 5
25 6 6
25 7 2
25 8 2
25 9 7
25 10 1
25 11 8
25 12 2
25 13 3
25 14 6
25 15 3
25 16 9
25 17 9
25 18 4
25 19 8
25 20 4
25 21 1
25 22 4
25 23 8
25 24 2
26 0 3
26 1 2
26 2 8
26 3 6
26 4 2
26 5 2
26 6 1
26 7 8
26 8 9
26 9 2
26 10 6
26 11 5
26 12 8
26 13 9
26 14 5
26 15 3
26 16 8
26 17 1
26 18 4
26 19 6
26 20 5
26 21 1
26 22 6
26 23 7
26 24 8
26 25 9
27 0 3
27 1 5
27 2 4
27 3 9
27 4 1
27 5 9
27 6 9
27 7 3
27 8 5
27 9 2
27 10 5
27 11 2
27 12 9
27 13 4
27 14 5
27 15 8
27 16 2
27 17 9
27 18 2
27 19 3
27 20 2
27 21 3
27 22 6
27 23 7
27 24 8
27 25 5
27 26 8
28 0 7
28 1 9
28 2 4
28 3 4
28 4 9
28 5 7
28 6 2
28 7 2
28 8 6
28 9 2
28 10 4
28 11 5
28 12 7
28 13 1
28 14 3
28 15 2
28 16 4
28 17 2
28 18 3
28 19 7
28 20 7
28 21 4
28 22 9
28 23 8
28 24 4
28 25 9
28 26 2
28 27 6
29 0 5
29 1 8
29 2 9
29 3 1
29 4 8
29 5 8
29 6 5
29 7 4
29 8 5
29 9 7
29 10 9
29 11 8
29 12 8
29 13 2
29 14 2
29 15 2
29 16 3
29 17 4
29 18 7
29 19 9
29 20 9
29 21 3
29 22 4
29 23 5
29 24 7
29 25 8
29 26 3
29 27 3
29 28 8
30 0 3
30 1 1
30 2 4
30 3 7
30 4 9
30 5 5
30 6 1
30 7 7
30 8 9
30 9 7
30 10 4
30 11 5
30 12 9
30 13 3
30 14 5
30 15 8
30 16 6
30 17 3
30 18 9
30 19 8
30 20 4
30 21 1
30 22 9
30 23 7
30 24 8
30 25 8
30 26 6
30 27 3
30 28 7
30 29 3
31 0 2
31 1 3
31 2 1
31 3 7
31 4 6
31 5 6
31 6 4
31 7 3
31 8 5
31 9 7
31 10 9
31 11 9
31 12 4
31 13 6
31 14 5
31 15 4
31 16 3
31 17 3
31 18 1
31 19 1
31 20 9
31 21 1
31 22 7
31 23 6
31 24 4
31 25 8
31 26 2
31 27 7
31 28 6
31 29 8
31 30 8
32 0 7
32 1 1
32 2 2
32 3 4
32 4 6
32 5 1
32 6 4
32 7 7
32 8 2
32 9 5
32 10 1
32 11 6
32 12 6
32 13 9
32 14 1
32 15 4
32 16 9
32 17 8
32 18 1
32 19 4
32 20 8
32 21 7
32 22 2
32 23 1
32 24 5
32 25 5
32 26 2
32 27 2
32 28 9
32 29 5
32 30 2
32 31 9
33 0 7
33 1 6
33 2 9
33 3 9
33 4 1
33 5 7
33 6 5
33 7 2
33 8 3
33 9 2
33 10 6
33 11 6
33 12 3
33 13 9
33 14 4
33 15 9
33 16 9
33 17 8
33 18 3
33 19 1
33 20 3
33 21 8
33 22 4
33 23 5
33 24 3
33 25 7
33 26 3
33 27 4
33 28 2
33 29 1
33 30 3
33 31 6
33 32 8
34 0 1
34 1 7
34 2 4
34 3 4
34 4 9
34 5 4
34 6 4
34 7 9
34 8 8
34 9 1
34 10 2
34 11 1
34 12 4
34 13 8
34 14 4
34 15 4
34 16 9
34 17 6
34 18 8
34 19 7
34 20 2
34 21 2
34 22 9
34 23 7
34 24 9
34 25 3
34 26 2
34 27 8
34 28 1
34 29 9
34 30 2
34 31 6
34 32 5
34 33 1
35 0 7
35 1 7
35 2 5
35 3 7
35 4 2
35 5 9
35 6 3
35 7 7
35 8 5
35 9 8
35 10 3
35 11 9
35 12 7
35 13 6
35 14 7
35 15 3
35 16 1
35 17 5
35 18 4
35 19 5
35 20 4
35 21 2
35 22 4
35 23 3
35 24 6
35 25 8
35 26 2
35 27 2
35 28 3
35 29 6
35 30 7
35 31 3
35 32 5
35 33 3
35 34 3
36 0 8
36 1 4
36 2 2
36 3 6
36 4 5
36 5 3
36 6 8
36 7 1
36 8 8
36 9 9
36 10 8
36 11 6
36 12 9
36 13 9
36 14 5
36 15 2
36 16 7
36 17 7
36 18 3
36 19 5
36 20 3
36 21 8
36 22 6
36 23 8
36 24 5
36 25 3
36 26 5
36 27 1
36 28 2
36 29 6
36 30 7
36 31 2
36 32 1
36 33 2
36 34 2
36 35 6
37 0 4
37 1 8
37 2 9
37 3 7
37 4 6
37 5 5
37 6 4
37 7 9
37 8 8
37 9 2
37 10 6
37 11 9
37 12 5
37 13 6
37 14 7
37 15 7
37 16 9
37 17 7
37 18 1
37 19 1
37 20 4
37 21 8
37 22 8
37 23 1
37 24 5
37 25 6
37 26 6
37 27 2
37 28 1
37 29 8
37 30 9
37 31 2
37 32 2
37 33 7
37 34 2
37 35 3
37 36 9
38 0 5
38 1 2
38 2 4
38 3 3
38 4 9
38 5 1
38 6 8
38 7 4
38 8 4
38 9 2
38 10 5
38 11 3
38 12 4
38 13 3
38 14 4
38 15 8
38 16 1
38 17 9
38 18 9
38 19 8
38 20 8
38 21 6
38 22 3
38 23 8
38 24 1
38 25 4
38 26 3
38 27 4
38 28 9
38 29 9
38 30 7
38 31 2
38 32 8
38 33 1
38 34 5
38 35 9
38 36 9
38 37 6
39 0 5
39 1 4
39 2 1
39 3 5
39 4 3
39 5 4
39 6 1
39 7 6
39 8 8
39 9 4
39 10 8
39 11 7
39 12 1
39 13 4
39 14 3
39 15 3
39 16 1
39 17 1
39 18 9
39 19 4
39 20 5
39 21 2
39 22 8
39 23 8
39 24 3
39 25 2
39 26 3
39 27 4
39 28 3
39 29 6
39 30 4
39 31 4
39 32 4
39 33 4
39 34 2
39 35 2
39 36 3
39 37 4
39 38 9
