20
1 0 6
3 0 4
4 1 5
4 2 4
4 3 6
5 2 4
5 3 1
6 0 2
6 1 6
6 2 1
6 3 3
6 4 4
6 5 2
7 3 1
7 5 3
7 6 4
8 0 6
8 1 4
8 3 3
8 6 4
8 7 6
9 1 3
9 3 5
9 4 6
9 8 4
10 2 3
10 4 4
10 5 2
10 7 3
10 8 5
10 9 6
11 0 1
11 1 6
11 2 3
11 4 2
11 7 3
11 8 1
12 3 5
12 4 4
12 5 3
12 8 5
12 9 3
12 11 2
13 1 5
13 2 6
13 8 2
13 9 6
13 12 5
14 0 5
14 1 1
14 4 5
14 5 4
14 7 3
14 8 1
14 9 2
14 11 4
14 12 1
14 13 5
15 0 1
15 1 1
15 4 4
15 7 5
15 11 3
16 2 3
16 4 6
16 5 6
16 8 3
16 9 4
16 11 6
16 15 2
17 0 1
17 3 5
17 8 2
17 13 5
17 15 5
17 16 1
18 0 6
18 1 2
18 2 6
18 5 2
18 7 6
18 9 5
18 11 5
18 14 2
18 15 2
18 16 3
19 3 6
19 8 3
19 9 3
19 10 1
19 11 4
19 13 2
19 18 3
