60
1 0 3
2 0 3
4 2 2
4 3 1
5 3 3
5 4 1
6 1 3
6 2 2
6 4 2
7 4 2
7 5 1
8 1 2
8 4 2
8 5 2
9 0 3
9 1 1
9 2 3
9 3 1
9 4 3
9 8 3
10 0 3
10 1 2
10 2 2
10 5 1
10 6 1
10 7 2
10 9 2
11 1 1
11 3 1
11 5 1
11 7 2
11 9 1
12 0 3
12 2 2
12 8 1
12 9 3
12 11 3
13 2 3
13 3 3
13 4 3
13 6 2
13 7 1
13 10 1
14 0 3
14 1 3
14 2 3
14 3 1
14 5 2
14 7 1
14 13 1
15 0 1
15 1 1
15 5 1
15 7 3
15 10 1
15 12 3
16 1 3
16 4 3
16 7 2
16 8 3
16 12 2
16 15 2
17 0 3
17 2 3
17 5 2
17 8 3
17 9 3
17 11 2
17 12 1
17 13 2
17 14 1
17 16 2
18 0 2
18 1 1
18 2 2
18 11 2
18 14 1
18 16 3
18 17 2
19 9 1
19 10 3
19 11 1
19 12 1
19 13 1
19 15 3
19 16 1
19 17 3
20 2 3
20 3 1
20 4 1
20 5 3
20 9 2
20 11 1
20 12 1
20 14 1
20 17 1
20 18 3
20 19 2
21 1 1
21 2 2
21 4 1
21 5 1
21 6 3
21 7 1
21 8 3
21 10 1
21 11 3
21 12 2
21 14 2
21 17 2
21 19 3
21 20 2
22 0 3
22 1 1
22 2 2
22 5 1
22 6 2
22 7 1
22 8 1
22 13 2
22 14 3
22 16 2
22 17 2
22 19 3
23 1 3
23 3 1
23 4 3
23 5 1
23 7 3
23 8 3
23 9 3
23 10 2
23 11 1
23 12 1
23 14 1
23 17 2
23 19 2
23 20 1
23 21 2
24 4 2
24 7 1
24 11 3
24 12 2
24 13 3
24 18 1
24 19 2
24 20 3
24 21 2
24 22 2
25 1 3
25 5 2
25 9 1
25 11 2
25 13 1
25 16 2
25 18 1
25 20 2
25 21 3
25 23 1
25 24 1
26 0 2
26 2 2
26 4 2
26 8 2
26 10 2
26 12 1
26 13 2
26 16 2
26 18 3
26 20 1
26 21 2
26 22 1
26 25 2
27 0 3
27 7 3
27 9 3
27 12 1
27 13 1
27 15 3
27 18 2
27 20 2
27 24 2
27 26 3
28 0 3
28 2 3
28 3 2
28 6 3
28 8 3
28 9 3
28 12 2
28 13 1
28 14 2
28 15 1
28 19 2
28 21 3
28 23 3
28 25 3
28 26 1
29 1 2
29 2 1
29 3 3
29 4 2
29 6 3
29 9 1
29 10 3
29 13 1
29 14 1
29 15 1
29 17 1
29 21 1
29 22 3
29 23 1
29 25 1
29 26 1
29 27 1
30 2 1
30 3 3
30 5 1
30 10 1
30 12 1
30 13 1
30 14 1
30 15 3
30 17 3
30 19 2
30 22 3
30 27 2
31 0 2
31 1 2
31 2 2
31 3 3
31 7 3
31 8 1
31 11 2
31 13 3
31 16 1
31 17 3
31 19 1
31 22 2
31 30 1
32 1 2
32 2 2
32 5 1
32 6 3
32 7 1
32 9 3
32 12 1
32 15 3
32 19 1
32 20 1
32 22 2
32 25 3
32 26 2
32 27 2
32 28 2
32 31 3
33 1 1
33 2 3
33 3 3
33 6 2
33 8 1
33 9 3
33 13 1
33 14 1
33 15 1
33 16 3
33 20 2
33 21 1
33 22 2
33 25 2
33 27 2
33 29 1
33 31 2
34 3 2
34 4 1
34 6 1
34 10 1
34 11 3
34 12 1
34 13 1
34 16 1
34 20 2
34 21 3
34 22 1
34 25 1
34 26 3
34 28 3
34 30 3
34 31 2
35 0 3
35 1 3
35 3 1
35 4 3
35 9 3
35 12 2
35 14 2
35 15 2
35 17 3
35 19 2
35 23 3
35 24 1
35 26 1
35 27 3
35 29 1
35 32 1
35 34 3
36 0 2
36 5 3
36 6 3
36 7 3
36 8 1
36 9 3
36 10 2
36 12 1
36 13 3
36 14 1
36 15 1
36 16 1
36 17 1
36 20 3
36 21 1
36 23 2
36 25 2
36 26 2
36 27 2
36 30 2
36 33 3
37 3 1
37 6 3
37 7 1
37 8 2
37 11 3
37 12 1
37 13 2
37 14 2
37 15 2
37 17 1
37 20 3
37 21 2
37 23 3
37 24 1
37 26 2
37 27 2
37 30 2
37 31 1
37 34 3
37 36 1
38 5 1
38 6 1
38 8 2
38 10 3
38 11 2
38 12 3
38 13 2
38 14 2
38 18 1
38 21 3
38 22 1
38 23 3
38 24 1
38 25 1
38 26 1
38 28 3
38 32 1
38 33 3
38 36 2
38 37 1
39 0 2
39 1 2
39 2 2
39 4 3
39 5 1
39 8 1
39 9 1
39 13 1
39 14 2
39 16 1
39 18 1
39 20 3
39 22 3
39 23 2
39 34 3
39 36 3
39 37 3
40 1 1
40 3 2
40 5 1
40 9 1
40 10 3
40 11 1
40 14 2
40 15 2
40 16 2
40 17 3
40 24 3
40 26 3
40 31 2
40 32 2
40 36 2
40 38 2
41 0 3
41 2 1
41 3 1
41 4 1
41 5 2
41 8 3
41 12 2
41 13 1
41 15 1
41 18 1
41 20 2
41 22 1
41 24 1
41 25 1
41 29 3
41 30 1
41 31 2
41 33 3
41 34 1
41 35 1
41 36 2
41 39 1
42 0 1
42 1 3
42 2 1
42 3 1
42 4 2
42 5 2
42 6 3
42 9 1
42 10 3
42 11 3
42 12 3
42 13 2
42 14 2
42 16 2
42 19 3
42 21 3
42 22 2
42 25 3
42 27 2
42 28 2
42 29 2
42 34 3
42 36 1
42 38 2
42 39 2
42 41 3
43 3 3
43 4 2
43 6 1
43 10 2
43 11 1
43 12 2
43 17 1
43 21 1
43 22 2
43 24 2
43 26 3
43 27 1
43 29 3
43 31 3
43 32 3
43 33 3
43 34 1
43 35 1
43 36 2
43 37 2
43 39 2
43 40 3
43 41 2
43 42 3
44 0 1
44 1 2
44 2 2
44 3 1
44 5 3
44 8 1
44 10 1
44 16 3
44 17 2
44 20 2
44 23 1
44 25 3
44 26 2
44 27 3
44 30 1
44 31 2
44 32 1
44 33 2
44 34 1
44 36 1
44 38 1
44 40 2
44 41 1
44 42 3
45 0 3
45 3 2
45 4 1
45 5 2
45 6 2
45 7 3
45 8 2
45 9 1
45 10 1
45 12 2
45 13 3
45 14 1
45 16 1
45 18 2
45 22 1
45 24 3
45 25 3
45 30 2
45 31 3
45 35 1
45 39 1
45 42 3
45 43 3
45 44 1
46 0 3
46 1 1
46 5 1
46 6 1
46 7 2
46 8 2
46 10 2
46 11 2
46 12 3
46 14 1
46 15 1
46 16 1
46 20 2
46 21 3
46 24 3
46 26 1
46 27 3
46 31 2
46 32 1
46 33 3
46 34 2
46 35 1
46 36 2
46 38 1
46 41 2
46 42 3
46 43 2
46 44 1
47 1 3
47 4 3
47 5 2
47 9 2
47 10 3
47 11 2
47 14 2
47 15 2
47 16 3
47 17 2
47 19 2
47 20 1
47 21 1
47 23 3
47 24 3
47 25 1
47 27 1
47 28 3
47 31 3
47 32 3
47 34 3
47 36 2
47 38 1
47 40 2
47 43 2
47 44 3
47 45 2
48 0 3
48 3 1
48 5 1
48 8 1
48 9 1
48 10 3
48 12 1
48 14 3
48 20 3
48 21 1
48 24 3
48 25 3
48 29 2
48 31 3
48 32 2
48 35 1
48 39 3
48 41 3
48 45 1
48 46 3
48 47 1
49 0 3
49 4 3
49 5 3
49 8 3
49 9 2
49 10 3
49 11 1
49 15 3
49 16 1
49 18 1
49 19 1
49 20 1
49 21 2
49 24 1
49 25 3
49 27 2
49 29 2
49 30 3
49 31 1
49 32 2
49 33 2
49 34 2
49 38 1
49 44 3
49 48 3
50 1 2
50 3 1
50 5 2
50 8 3
50 10 2
50 14 3
50 15 3
50 19 2
50 21 1
50 24 1
50 25 2
50 26 1
50 31 1
50 32 3
50 33 1
50 35 3
50 37 2
50 38 3
50 40 3
50 41 1
50 44 3
50 45 2
50 46 1
50 48 1
51 4 3
51 5 2
51 10 1
51 11 3
51 13 2
51 17 1
51 21 1
51 22 2
51 23 3
51 24 2
51 25 2
51 26 2
51 27 1
51 28 1
51 31 1
51 32 1
51 37 3
51 38 3
51 39 2
51 40 3
51 44 3
51 45 1
51 47 3
51 48 3
51 50 1
52 1 3
52 2 3
52 5 2
52 9 1
52 12 1
52 13 2
52 15 2
52 16 2
52 18 1
52 19 2
52 20 1
52 21 2
52 23 3
52 24 2
52 27 2
52 29 1
52 30 3
52 32 1
52 33 1
52 34 3
52 35 1
52 38 3
52 41 3
52 42 3
52 43 2
52 44 2
52 45 2
52 49 3
53 1 2
53 2 1
53 4 3
53 5 3
53 15 2
53 17 2
53 21 2
53 22 2
53 23 3
53 24 3
53 25 2
53 26 2
53 27 2
53 28 3
53 29 3
53 30 3
53 31 2
53 33 3
53 36 1
53 41 3
53 42 2
53 43 2
53 44 1
53 49 1
53 50 1
53 52 2
54 0 1
54 3 2
54 4 1
54 6 1
54 7 3
54 8 2
54 13 1
54 17 3
54 19 1
54 20 3
54 23 1
54 24 1
54 25 2
54 26 2
54 27 1
54 28 1
54 29 1
54 31 2
54 32 1
54 34 3
54 36 2
54 37 1
54 38 2
54 39 1
54 40 1
54 42 1
54 43 3
54 48 2
54 49 2
54 51 1
55 1 1
55 3 1
55 4 2
55 6 3
55 8 3
55 9 3
55 10 2
55 11 2
55 12 1
55 15 2
55 18 3
55 19 1
55 21 3
55 22 3
55 23 2
55 24 1
55 25 1
55 27 3
55 29 3
55 34 1
55 35 1
55 36 2
55 37 2
55 38 2
55 39 2
55 41 2
55 43 1
55 45 1
55 46 1
55 52 3
55 54 1
56 2 1
56 4 2
56 5 3
56 6 3
56 7 1
56 8 3
56 10 1
56 12 2
56 14 3
56 17 1
56 18 3
56 19 3
56 21 1
56 22 2
56 25 1
56 28 2
56 29 3
56 30 1
56 31 3
56 36 3
56 38 3
56 42 1
56 43 2
56 44 2
56 45 1
56 46 2
56 48 3
56 49 1
56 50 2
56 52 2
57 3 1
57 4 2
57 8 3
57 10 2
57 11 3
57 12 1
57 16 3
57 18 1
57 20 3
57 21 1
57 22 3
57 23 2
57 24 3
57 26 2
57 27 2
57 28 2
57 30 1
57 34 3
57 36 2
57 38 2
57 40 3
57 41 1
57 43 1
57 44 2
57 45 3
57 46 2
57 47 1
57 50 2
57 52 2
57 53 1
58 1 1
58 5 3
58 7 3
58 8 1
58 10 2
58 11 1
58 15 3
58 17 2
58 21 1
58 22 2
58 23 3
58 24 2
58 25 2
58 26 1
58 28 2
58 29 2
58 31 3
58 32 1
58 33 3
58 34 2
58 36 3
58 37 2
58 38 2
58 44 1
58 45 3
58 46 1
58 48 1
58 54 1
58 57 2
59 2 1
59 6 2
59 7 2
59 9 1
59 10 2
59 16 1
59 17 1
59 18 1
59 22 1
59 28 1
59 31 3
59 32 1
59 33 2
59 35 1
59 36 3
59 37 2
59 43 3
59 49 1
59 50 3
59 51 3
59 52 1
59 53 3
59 54 3
59 56 3
59 58 1
