60
2 0 6
3 0 7
3 1 2
4 2 2
5 0 2
5 1 3
5 2 4
5 4 4
6 0 5
6 1 1
6 3 6
7 0 6
7 1 8
7 2 4
7 3 4
7 4 7
7 6 1
8 0 4
8 3 4
8 7 7
9 1 1
9 5 2
9 6 1
9 8 7
10 2 6
10 4 5
10 5 8
10 9 4
11 1 2
11 3 7
11 5 1
11 7 6
11 9 4
12 2 7
12 4 1
12 7 8
12 11 2
13 2 8
13 3 2
13 6 5
13 11 6
14 2 5
14 4 5
14 6 5
14 7 8
14 9 4
14 10 7
14 13 4
15 5 4
15 8 1
15 9 1
15 12 2
15 13 8
15 14 3
16 0 8
16 2 1
16 4 7
16 5 6
16 6 8
16 8 8
16 10 5
16 12 1
17 1 6
17 3 8
17 5 2
17 11 2
17 12 5
17 13 4
17 14 5
17 16 4
18 1 8
18 3 6
18 7 1
18 8 1
18 10 8
18 11 2
18 12 3
18 14 8
18 15 2
18 16 4
19 1 1
19 3 6
19 4 4
19 5 2
19 6 2
19 8 7
19 10 1
19 11 7
19 12 8
19 16 8
19 18 2
20 0 1
20 1 5
20 4 1
20 7 6
20 8 2
20 9 7
20 13 7
20 14 7
20 15 2
20 17 5
20 18 2
20 19 1
21 0 8
21 1 8
21 4 3
21 10 6
21 12 7
21 16 4
21 18 2
21 19 4
22 1 4
22 3 4
22 6 8
22 8 6
22 9 3
22 10 8
22 11 7
22 15 7
22 16 8
22 19 7
22 21 3
23 0 8
23 1 3
23 3 6
23 4 2
23 7 8
23 8 1
23 9 4
23 10 4
23 11 2
23 16 1
23 18 3
23 20 7
23 21 2
24 2 5
24 4 7
24 6 2
24 8 2
24 10 8
24 12 2
24 13 2
24 14 5
24 16 5
24 17 1
24 18 3
24 19 3
24 21 7
24 23 8
25 1 2
25 2 2
25 4 8
25 5 8
25 6 8
25 7 3
25 10 4
25 11 5
25 17 2
25 18 1
25 19 2
25 20 7
25 21 6
25 22 6
25 23 6
26 0 7
26 1 7
26 4 8
26 6 4
26 8 3
26 9 4
26 11 7
26 12 4
26 13 3
26 14 6
26 15 1
26 16 2
26 17 5
26 19 6
26 20 6
26 25 1
27 0 1
27 3 6
27 6 3
27 7 8
27 9 5
27 10 7
27 11 5
27 12 4
27 14 4
27 15 7
27 17 4
27 20 3
27 22 3
27 25 5
27 26 3
28 0 5
28 2 2
28 3 1
28 7 7
28 10 2
28 12 6
28 13 5
28 15 8
28 17 7
28 19 1
28 21 5
28 23 6
28 25 3
28 27 1
29 2 8
29 4 4
29 5 7
29 6 6
29 7 8
29 8 8
29 9 4
29 10 8
29 12 2
29 13 1
29 14 1
29 15 8
29 16 4
29 21 7
29 22 1
29 23 4
29 25 3
29 26 7
30 0 8
30 1 6
30 2 8
30 4 7
30 6 5
30 7 3
30 8 6
30 9 6
30 12 2
30 13 1
30 14 5
30 20 8
30 25 3
30 26 2
30 27 2
30 28 1
30 29 4
31 0 1
31 1 6
31 2 6
31 3 8
31 5 6
31 7 1
31 8 4
31 13 6
31 15 4
31 18 4
31 21 4
31 22 8
31 24 7
31 25 5
31 27 5
31 29 2
31 30 5
32 1 1
32 2 1
32 3 7
32 8 5
32 9 4
32 11 1
32 12 4
32 14 1
32 17 7
32 19 8
32 21 5
32 22 4
32 24 7
32 25 8
32 27 5
32 30 1
33 0 8
33 1 5
33 2 8
33 3 8
33 4 4
33 9 1
33 10 6
33 13 1
33 16 2
33 17 6
33 18 2
33 19 3
33 20 4
33 22 6
33 23 5
33 24 2
33 26 5
33 27 6
33 28 6
33 29 2
33 31 4
33 32 5
34 1 4
34 3 8
34 9 8
34 10 4
34 11 2
34 14 5
34 19 8
34 21 1
34 22 4
34 23 5
34 24 1
34 30 7
35 0 7
35 2 8
35 3 3
35 5 4
35 8 6
35 9 1
35 10 2
35 14 2
35 15 1
35 16 3
35 19 2
35 20 3
35 21 8
35 22 2
35 23 2
35 24 2
35 25 2
35 26 7
35 27 5
35 30 7
35 31 1
35 34 7
36 4 4
36 7 3
36 9 3
36 11 2
36 12 7
36 14 4
36 15 6
36 16 2
36 20 5
36 21 4
36 23 4
36 28 8
36 31 3
36 32 8
36 34 7
36 35 7
37 0 8
37 2 4
37 3 1
37 4 7
37 7 7
37 10 4
37 11 5
37 13 3
37 15 1
37 18 6
37 20 8
37 21 6
37 23 2
37 25 6
37 29 8
37 30 7
37 31 2
37 36 4
38 5 7
38 7 7
38 9 4
38 10 7
38 13 8
38 14 2
38 15 8
38 16 3
38 17 2
38 18 1
38 19 3
38 21 3
38 25 3
38 28 8
38 29 2
38 31 6
38 37 2
39 0 2
39 3 6
39 8 1
39 9 8
39 10 2
39 11 6
39 15 8
39 17 1
39 19 4
39 21 3
39 24 8
39 27 2
39 28 3
39 30 6
39 32 7
39 33 8
39 35 6
39 36 4
39 37 7
40 2 5
40 5 6
40 6 1
40 8 4
40 9 2
40 10 4
40 12 1
40 14 5
40 17 4
40 20 1
40 21 8
40 22 1
40 23 8
40 24 3
40 25 4
40 28 3
40 30 5
40 34 4
40 35 4
40 37 3
40 38 8
41 6 6
41 7 7
41 10 3
41 11 6
41 12 8
41 13 6
41 15 5
41 17 2
41 18 7
41 19 7
41 22 1
41 23 8
41 25 2
41 28 2
41 36 8
41 37 7
41 38 3
41 39 1
42 0 1
42 1 8
42 6 1
42 8 3
42 9 2
42 10 1
42 13 8
42 14 3
42 15 1
42 16 3
42 17 5
42 18 8
42 21 4
42 22 8
42 27 5
42 31 2
42 32 1
42 35 8
42 36 5
42 38 7
42 39 3
42 40 3
43 0 4
43 1 3
43 2 5
43 7 8
43 9 7
43 10 6
43 16 1
43 17 8
43 19 4
43 20 4
43 21 8
43 23 5
43 24 5
43 26 8
43 27 5
43 28 4
43 29 2
43 33 4
43 34 5
43 35 6
43 36 5
43 37 6
43 39 8
44 0 6
44 1 5
44 3 7
44 7 8
44 10 6
44 11 4
44 12 2
44 16 6
44 17 1
44 18 8
44 21 3
44 22 7
44 24 3
44 26 5
44 28 1
44 29 7
44 30 1
44 34 8
44 35 6
44 42 3
44 43 5
45 0 5
45 4 5
45 7 8
45 9 6
45 10 8
45 14 8
45 15 7
45 17 4
45 18 4
45 19 5
45 21 6
45 24 6
45 25 3
45 29 5
45 31 2
45 33 7
45 34 1
45 36 5
45 38 5
45 40 5
45 42 7
45 44 8
46 1 5
46 2 6
46 4 3
46 6 5
46 7 1
46 12 3
46 14 3
46 20 8
46 23 1
46 24 8
46 25 2
46 28 1
46 29 6
46 33 1
46 36 4
46 37 3
46 39 7
46 41 8
47 1 1
47 2 5
47 3 2
47 8 1
47 10 6
47 11 7
47 14 6
47 15 3
47 18 1
47 19 5
47 23 3
47 24 6
47 27 8
47 28 6
47 31 5
47 32 8
47 35 8
47 36 8
47 37 1
47 39 8
47 40 5
47 41 3
47 42 2
47 43 4
47 44 4
47 45 4
47 46 6
48 0 5
48 2 8
48 4 6
48 5 4
48 6 7
48 7 2
48 9 2
48 12 4
48 13 8
48 14 6
48 15 6
48 19 3
48 20 3
48 21 7
48 22 3
48 23 1
48 27 2
48 29 1
48 32 1
48 35 2
48 38 6
48 39 8
48 41 3
48 42 2
48 45 7
48 47 4
49 2 1
49 3 3
49 6 4
49 7 1
49 9 5
49 10 6
49 11 3
49 15 3
49 16 1
49 18 2
49 20 5
49 21 7
49 23 8
49 24 2
49 27 7
49 29 3
49 31 4
49 32 1
49 33 2
49 40 8
49 42 1
49 43 4
49 45 1
49 48 1
50 0 1
50 2 6
50 7 3
50 9 8
50 11 5
50 12 1
50 14 8
50 16 8
50 19 6
50 22 5
50 25 1
50 26 2
50 29 8
50 31 3
50 33 7
50 36 4
50 37 4
50 38 2
50 43 3
50 47 7
50 48 5
50 49 1
51 0 8
51 1 5
51 2 4
51 5 8
51 11 8
51 14 2
51 20 4
51 21 7
51 23 3
51 31 5
51 33 6
51 35 3
51 37 8
51 38 6
51 39 8
51 40 3
51 41 2
51 42 2
51 46 3
51 47 2
51 48 7
51 49 2
52 2 2
52 5 3
52 6 8
52 9 2
52 10 6
52 11 8
52 12 7
52 13 8
52 14 6
52 16 6
52 17 8
52 18 5
52 21 1
52 22 8
52 24 5
52 25 5
52 26 5
52 30 7
52 33 8
52 36 3
52 37 2
52 41 6
52 42 7
52 43 1
52 44 5
52 45 7
52 46 1
52 48 5
52 49 5
52 50 6
53 3 2
53 5 1
53 6 1
53 7 3
53 9 1
53 17 2
53 18 4
53 20 5
53 28 6
53 29 8
53 31 5
53 32 3
53 33 5
53 34 6
53 35 8
53 36 6
53 40 3
53 43 7
53 44 8
53 45 2
53 47 4
53 48 7
53 49 3
53 51 3
53 52 5
54 0 8
54 4 3
54 6 5
54 7 1
54 8 8
54 12 5
54 14 4
54 15 7
54 22 6
54 23 6
54 24 8
54 29 6
54 31 3
54 32 4
54 34 3
54 35 6
54 37 7
54 39 1
54 40 2
54 41 3
54 42 6
54 43 6
54 46 6
54 47 4
54 48 2
54 49 1
54 50 5
54 52 4
55 2 8
55 3 8
55 4 2
55 5 2
55 6 4
55 8 2
55 10 1
55 13 8
55 15 3
55 17 6
55 20 5
55 21 3
55 23 8
55 24 8
55 25 5
55 33 2
55 36 4
55 37 7
55 38 5
55 39 4
55 40 6
55 41 1
55 42 4
55 47 4
55 48 4
55 50 1
55 54 2
56 3 3
56 4 7
56 5 7
56 8 4
56 10 5
56 14 8
56 20 7
56 21 7
56 23 7
56 25 1
56 30 6
56 39 4
56 40 2
56 41 5
56 42 8
56 43 1
56 45 6
56 46 2
56 48 8
56 49 2
56 55 6
57 2 1
57 7 5
57 8 2
57 10 6
57 13 1
57 14 4
57 15 2
57 17 4
57 18 5
57 19 1
57 20 1
57 22 7
57 23 8
57 24 5
57 29 6
57 31 8
57 32 1
57 33 7
57 34 8
57 35 2
57 36 5
57 38 7
57 40 1
57 42 8
57 43 6
57 45 1
57 46 2
57 47 5
57 48 3
57 49 7
57 50 3
57 51 4
57 52 1
57 56 8
58 0 4
58 1 4
58 2 4
58 4 3
58 10 3
58 11 5
58 14 6
58 16 5
58 17 6
58 18 4
58 21 7
58 23 7
58 25 6
58 26 4
58 27 4
58 28 3
58 29 5
58 30 7
58 38 5
58 39 2
58 41 2
58 42 1
58 44 3
58 46 8
58 50 3
58 52 5
58 55 3
59 0 7
59 5 2
59 6 4
59 8 1
59 11 8
59 14 5
59 16 6
59 21 8
59 22 2
59 24 8
59 25 4
59 30 7
59 31 8
59 35 1
59 36 6
59 43 2
59 46 6
59 48 7
59 52 1
59 53 2
59 54 2
59 55 1
59 56 2
59 57 7
59 58 4
