30
2 0 12
3 0 12
3 1 13
3 2 13
4 0 13
4 1 11
4 2 8
4 3 4
5 0 4
5 1 14
5 2 2
5 4 13
6 0 10
6 1 5
6 2 6
6 4 4
6 5 5
7 0 8
7 1 5
7 2 5
7 3 1
7 5 2
8 1 7
8 4 3
8 6 2
8 7 4
9 2 4
9 5 3
9 6 7
9 7 10
10 6 8
10 7 11
10 8 7
10 9 10
11 0 13
11 2 2
11 3 1
11 4 8
11 5 6
11 6 12
11 10 1
12 0 1
12 2 11
12 4 10
12 5 9
12 6 9
12 8 2
12 9 8
12 11 10
13 1 2
13 4 14
13 5 4
13 8 11
13 9 13
14 2 4
14 3 12
14 4 12
14 11 12
15 1 4
15 4 5
15 5 13
15 7 7
15 9 9
15 11 14
15 14 8
16 0 5
16 1 6
16 2 3
16 3 4
16 4 9
16 6 9
16 7 10
16 9 7
16 10 11
16 12 2
17 0 9
17 2 10
17 5 2
17 6 8
17 7 6
17 11 2
17 12 12
17 13 5
17 14 2
17 15 4
17 16 11
18 0 4
18 3 4
18 5 9
18 7 1
18 8 11
18 9 2
18 12 1
18 14 1
18 17 3
19 1 1
19 2 5
19 4 12
19 8 8
19 9 9
19 10 14
19 13 12
19 15 9
19 16 9
20 0 7
20 1 4
20 3 7
20 5 1
20 7 5
20 9 3
20 11 9
20 13 8
20 14 11
20 15 14
20 16 9
21 2 4
21 3 5
21 4 14
21 6 11
21 8 3
21 10 8
21 11 12
21 14 3
21 15 11
21 17 7
21 18 2
21 20 3
22 0 7
22 1 9
22 5 13
22 8 7
22 10 12
22 13 9
22 15 11
22 18 4
23 0 13
23 5 3
23 8 3
23 9 10
23 11 2
23 15 3
23 17 6
23 19 10
23 22 8
24 4 14
24 6 12
24 7 4
24 8 12
24 12 11
24 13 9
24 14 8
25 6 11
25 7 11
25 8 10
25 9 3
25 11 1
25 13 4
25 14 1
25 15 5
25 16 5
25 19 10
25 21 12
26 1 1
26 2 12
26 5 10
26 6 1
26 10 9
26 11 9
26 12 10
26 13 6
26 14 9
26 16 11
26 17 9
26 18 12
26 22 2
26 23 6
26 24 5
26 25 4
27 0 2
27 10 1
27 11 7
27 12 2
27 17 14
27 18 4
27 19 3
27 20 5
27 23 14
27 24 13
28 0 2
28 1 3
28 2 11
28 3 3
28 6 10
28 7 10
28 11 6
28 12 10
28 13 1
28 14 12
28 16 11
28 17 4
28 19 2
28 20 9
28 22 13
28 23 10
28 24 12
28 25 10
28 27 14
29 0 12
29 1 14
29 2 2
29 3 4
29 4 10
29 7 5
29 8 10
29 10 8
29 14 7
29 16 5
29 17 6
29 18 1
29 21 6
29 22 3
29 24 13
29 25 14
29 26 13
29 27 11
29 28 10
