40
1 0 7
2 0 1
2 1 7
3 0 4
3 1 6
3 2 6
4 0 3
4 1 1
4 2 7
4 3 4
5 0 5
5 1 2
5 2 5
5 3 5
5 4 6
6 0 7
6 1 5
6 2 5
6 3 3
6 4 7
6 5 7
7 0 1
7 1 6
7 2 7
7 3 2
7 4 5
7 5 6
7 6 2
8 0 2
8 1 7
8 2 1
8 3 1
8 4 2
8 5 2
8 6 7
8 7 5
9 0 3
9 1 7
9 2 2
9 3 1
9 4 2
9 5 6
9 6 1
9 7 2
9 8 6
10 0 4
10 1 3
10 2 2
10 3 2
10 4 7
10 5 5
10 6 2
10 7 2
10 8 2
10 9 2
11 0 5
11 1 6
11 2 2
11 3 5
11 4 3
11 5 5
11 6 6
11 7 5
11 8 4
11 9 7
11 10 5
12 0 6
12 1 1
12 2 1
12 3 6
12 4 2
12 5 1
12 6 7
12 7 6
12 8 7
12 9 3
12 10 7
12 11 5
13 0 3
13 1 5
13 2 2
13 3 2
13 4 2
13 5 2
13 6 5
13 7 4
13 8 7
13 9 1
13 10 7
13 11 7
13 12 2
14 0 3
14 1 3
14 2 3
14 3 6
14 4 5
14 5 6
14 6 1
14 7 7
14 8 1
14 9 7
14 10 6
14 11 5
14 12 5
14 13 4
15 0 1
15 1 2
15 2 7
15 3 2
15 4 7
15 5 2
15 6 3
15 7 4
15 8 4
15 9 4
15 10 2
15 11 5
15 12 3
15 13 7
15 14 2
16 0 1
16 1 6
16 2 7
16 3 3
16 4 5
16 5 7
16 6 2
16 7 4
16 8 7
16 9 5
16 10 1
16 11 4
16 12 4
16 13 5
16 14 4
16 15 2
17 0 7
17 1 3
17 2 2
17 3 4
17 4 5
17 5 2
17 6 3
17 7 4
17 8 3
17 9 2
17 10 7
17 11 1
17 12 6
17 13 4
17 14 2
17 15 1
17 16 6
18 0 3
18 1 1
18 2 3
18 3 1
18 4 1
18 5 4
18 6 6
18 7 6
18 8 5
18 9 3
18 10 5
18 11 3
18 12 3
18 13 1
18 14 2
18 15 2
18 16 3
18 17 2
19 0 5
19 1 5
19 2 1
19 3 5
19 4 7
19 5 1
19 6 1
19 7 5
19 8 2
19 9 1
19 10 4
19 11 1
19 12 5
19 13 3
19 14 7
19 15 3
19 16 4
19 17 2
19 18 6
20 0 2
20 1 2
20 2 4
20 3 6
20 4 1
20 5 4
20 6 6
20 7 4
20 8 6
20 9 7
20 10 1
20 11 6
20 12 4
20 13 7
20 14 1
20 15 2
20 16 5
20 17 6
20 18 2
20 19 5
21 0 1
21 1 4
21 2 2
21 3 2
21 4 2
21 5 4
21 6 4
21 7 7
21 8 4
21 9 4
21 10 1
21 11 7
21 12 4
21 13 3
21 14 3
21 15 6
21 16 3
21 17 2
21 18 1
21 19 6
21 20 3
22 0 3
22 1 3
22 2 2
22 3 5
22 4 7
22 5 1
22 6 2
22 7 5
22 8 3
22 9 1
22 10 3
22 11 1
22 12 1
22 13 1
22 14 6
22 15 5
22 16 6
22 17 6
22 18 2
22 19 4
22 20 5
22 21 2
23 0 1
23 1 4
23 2 3
23 3 5
23 4 5
23 5 6
23 6 3
23 7 7
23 8 7
23 9 3
23 10 1
23 11 5
23 12 2
23 13 4
23 14 4
23 15 3
23 16 6
23 17 7
23 18 1
23 19 2
23 20 7
23 21 5
23 22 2
24 0 1
24 1 6
24 2 7
24 3 6
24 4 4
24 5 2
24 6 3
24 7 7
24 8 7
24 9 7
24 10 6
24 11 5
24 12 2
24 13 2
24 14 3
24 15 5
24 16 5
24 17 7
24 18 4
24 19 4
24 20 3
24 21 6
24 22 3
24 23 5
25 0 7
25 1 7
25 2 4
25 3 3
25 4 5
25 5 4
25 6 1
25 7 5
25 8 7
25 9 7
25 10 4
25 11 5
25 12 5
25 13 7
25 14 1
25 15 5
25 16 3
25 17 6
25 18 3
25 19 6
25 20 4
25 21 1
25 22 4
25 23 6
25 24 7
26 0 5
26 1 3
26 2 1
26 3 2
26 4 6
26 5 5
26 6 5
26 7 7
26 8 1
26 9 2
26 10 4
26 11 2
26 12 5
26 13 1
26 14 5
26 15 1
26 16 7
26 17 1
26 18 2
26 19 3
26 20 7
26 21 4
26 22 3
26 23 2
26 24 3
26 25 6
27 0 6
27 1 7
27 2 7
27 3 6
27 4 6
27 5 7
27 6 4
27 7 3
27 8 7
27 9 7
27 10 2
27 11 6
27 12 3
27 13 4
27 14 3
27 15 2
27 16 6
27 17 4
27 18 7
27 19 2
27 20 7
27 21 4
27 22 3
27 23 2
27 24 7
27 25 3
27 26 2
28 0 3
28 1 3
28 2 3
28 3 2
28 4 1
28 5 1
28 6 1
28 7 7
28 8 6
28 9 1
28 10 6
28 11 2
28 12 2
28 13 1
28 14 7
28 15 6
28 16 2
28 17 6
28 18 2
28 19 1
28 20 7
28 21 1
28 22 4
28 23 3
28 24 1
28 25 6
28 26 7
28 27 6
29 0 4
29 1 6
29 2 7
29 3 3
29 4 7
29 5 4
29 6 4
29 7 2
29 8 2
29 9 2
29 10 7
29 11 6
29 12 3
29 13 3
29 14 2
29 15 7
29 16 6
29 17 3
29 18 6
29 19 5
29 20 2
29 21 6
29 22 7
29 23 3
29 24 3
29 25 1
29 26 7
29 27 6
29 28 4
30 0 2
30 1 6
30 2 5
30 3 7
30 4 4
30 5 7
30 6 2
30 7 1
30 8 7
30 9 5
30 10 4
30 11 5
30 12 5
30 13 1
30 14 6
30 15 7
30 16 5
30 17 4
30 18 7
30 19 7
30 20 7
30 21 6
30 22 5
30 23 1
30 24 6
30 25 7
30 26 4
30 27 4
30 28 7
30 29 1
31 0 2
31 1 4
31 2 2
31 3 4
31 4 1
31 5 6
31 6 4
31 7 6
31 8 2
31 9 3
31 10 1
31 11 1
31 12 5
31 13 4
31 14 3
31 15 7
31 16 6
31 17 3
31 18 1
31 19 2
31 20 5
31 21 2
31 22 4
31 23 5
31 24 3
31 25 3
31 26 7
31 27 1
31 28 5
31 29 7
31 30 1
32 0 4
32 1 3
32 2 2
32 3 1
32 4 1
32 5 5
32 6 3
32 7 2
32 8 2
32 9 6
32 10 4
32 11 7
32 12 5
32 13 4
32 14 1
32 15 4
32 16 1
32 17 5
32 18 5
32 19 5
32 20 6
32 21 6
32 22 4
32 23 3
32 24 5
32 25 1
32 26 5
32 27 4
32 28 6
32 29 4
32 30 3
32 31 6
33 0 1
33 1 5
33 2 7
33 3 4
33 4 2
33 5 3
33 6 1
33 7 1
33 8 7
33 9 4
33 10 6
33 11 7
33 12 2
33 13 1
33 14 3
33 15 5
33 16 5
33 17 5
33 18 7
33 19 4
33 20 4
33 21 6
33 22 5
33 23 5
33 24 6
33 25 2
33 26 7
33 27 4
33 28 5
33 29 1
33 30 3
33 31 7
33 32 2
34 0 3
34 1 2
34 2 7
34 3 6
34 4 1
34 5 1
34 6 1
34 7 3
34 8 5
34 9 3
34 10 1
34 11 4
34 12 6
34 13 5
34 14 6
34 15 7
34 16 2
34 17 4
34 18 4
34 19 7
34 20 7
34 21 6
34 22 4
34 23 2
34 24 5
34 25 5
34 26 3
34 27 5
34 28 7
34 29 5
34 30 2
34 31 2
34 32 2
34 33 7
35 0 6
35 1 4
35 2 4
35 3 4
35 4 7
35 5 2
35 6 5
35 7 7
35 8 4
35 9 6
35 10 6
35 11 1
35 12 7
35 13 3
35 14 5
35 15 5
35 16 2
35 17 6
35 18 4
35 19 2
35 20 1
35 21 3
35 22 5
35 23 2
35 24 4
35 25 3
35 26 2
35 27 7
35 28 1
35 29 7
35 30 3
35 31 3
35 32 5
35 33 6
35 34 6
36 0 2
36 1 6
36 2 1
36 3 7
36 4 6
36 5 4
36 6 5
36 7 3
36 8 7
36 9 7
36 10 5
36 11 3
36 12 3
36 13 7
36 14 6
36 15 2
36 16 6
36 17 5
36 18 7
36 19 4
36 20 6
36 21 4
36 22 5
36 23 5
36 24 3
36 25 7
36 26 3
36 27 6
36 28 5
36 29 4
36 30 1
36 31 2
36 32 4
36 33 4
36 34 4
36 35 4
37 0 4
37 1 3
37 2 7
37 3 6
37 4 7
37 5 6
37 6 2
37 7 4
37 8 4
37 9 4
37 10 4
37 11 3
37 12 4
37 13 4
37 14 5
37 15 5
37 16 3
37 17 1
37 18 1
37 19 7
37 20 1
37 21 3
37 22 2
37 23 1
37 24 7
37 25 2
37 26 1
37 27 7
37 28 4
37 29 1
37 30 6
37 31 1
37 32 3
37 33 5
37 34 6
37 35 4
37 36 1
38 0 4
38 1 4
38 2 1
38 3 7
38 4 3
38 5 3
38 6 1
38 7 1
38 8 4
38 9 2
38 10 4
38 11 1
38 12 5
38 13 7
38 14 2
38 15 5
38 16 3
38 17 4
38 18 4
38 19 4
38 20 3
38 21 7
38 22 3
38 23 4
38 24 1
38 25 1
38 26 2
38 27 3
38 28 4
38 29 3
38 30 5
38 31 4
38 32 3
38 33 6
38 34 4
38 35 5
38 36 1
38 37 3
39 0 4
39 1 6
39 2 5
39 3 1
39 4 1
39 5 7
39 6 6
39 7 2
39 8 5
39 9 2
39 10 7
39 11 6
39 12 3
39 13 1
39 14 6
39 15 6
39 16 3
39 17 4
39 18 7
39 19 4
39 20 5
39 21 3
39 22 1
39 23 1
39 24 6
39 25 1
39 26 7
39 27 7
39 28 7
39 29 3
39 30 4
39 31 5
39 32 2
39 33 4
39 34 7
39 35 7
39 36 6
39 37 1
39 38 6
