40
1 0 3
2 0 5
2 1 2
3 0 6
3 1 6
3 2 1
4 0 10
4 1 2
4 2 6
4 3 9
5 0 8
5 1 8
5 2 1
5 3 2
5 4 5
6 0 10
6 1 10
6 2 2
6 3 8
6 4 2
6 5 8
7 0 9
7 1 5
7 2 1
7 3 5
7 4 7
7 5 8
7 6 6
8 0 10
8 1 5
8 2 10
8 3 5
8 4 9
8 5 10
8 6 8
8 7 5
9 0 2
9 1 10
9 2 9
9 3 4
9 4 6
9 5 3
9 6 6
9 7 9
9 8 1
10 0 4
10 1 5
10 2 10
10 3 8
10 4 9
10 5 7
10 6 4
10 7 5
10 8 5
10 9 8
11 0 4
11 1 9
11 2 7
11 3 9
11 4 1
11 5 2
11 6 8
11 7 4
11 8 6
11 9 6
11 10 4
12 0 3
12 1 7
12 2 5
12 3 10
12 4 8
12 5 6
12 6 3
12 7 10
12 8 5
12 9 6
12 10 7
12 11 10
13 0 7
13 1 4
13 2 1
13 3 4
13 4 6
13 5 4
13 6 10
13 7 10
13 8 9
13 9 4
13 10 7
13 11 6
13 12 7
14 0 3
14 1 2
14 2 7
14 3 3
14 4 2
14 5 7
14 6 2
14 7 7
14 8 10
14 9 3
14 10 1
14 11 9
14 12 1
14 13 4
15 0 4
15 1 7
15 2 7
15 3 7
15 4 4
15 5 3
15 6 6
15 7 8
15 8 3
15 9 10
15 10 2
15 11 3
15 12 6
15 13 6
15 14 1
16 0 1
16 1 8
16 2 1
16 3 5
16 4 4
16 5 6
16 6 9
16 7 2
16 8 6
16 9 9
16 10 10
16 11 1
16 12 10
16 13 5
16 14 1
16 15 3
17 0 4
17 1 10
17 2 4
17 3 9
17 4 1
17 5 4
17 6 4
17 7 6
17 8 7
17 9 9
17 10 1
17 11 4
17 12 7
17 13 6
17 14 8
17 15 6
17 16 10
18 0 9
18 1 10
18 2 4
18 3 6
18 4 5
18 5 2
18 6 6
18 7 7
18 8 3
18 9 4
18 10 2
18 11 10
18 12 5
18 13 5
18 14 3
18 15 7
18 16 2
18 17 5
19 0 4
19 1 7
19 2 5
19 3 7
19 4 8
19 5 3
19 6 4
19 7 1
19 8 9
19 9 7
19 10 9
19 11 5
19 12 9
19 13 5
19 14 5
19 15 9
19 16 2
19 17 6
19 18 1
20 0 5
20 1 4
20 2 10
20 3 6
20 4 3
20 5 1
20 6 5
20 7 1
20 8 10
20 9 7
20 10 6
20 11 9
20 12 5
20 13 10
20 14 7
20 15 7
20 16 10
20 17 5
20 18 7
20 19 7
21 0 3
21 1 3
21 2 8
21 3 6
21 4 4
21 5 4
21 6 10
21 7 9
21 8 6
21 9 9
21 10 3
21 11 8
21 12 3
21 13 1
21 14 6
21 15 7
21 16 4
21 17 3
21 18 3
21 19 6
21 20 9
22 0 2
22 1 6
22 2 10
22 3 8
22 4 3
22 5 4
22 6 4
22 7 4
22 8 7
22 9 9
22 10 3
22 11 2
22 12 1
22 13 5
22 14 9
22 15 6
22 16 8
22 17 6
22 18 3
22 19 6
22 20 1
22 21 5
23 0 1
23 1 6
23 2 4
23 3 5
23 4 1
23 5 2
23 6 1
23 7 10
23 8 4
23 9 9
23 10 1
23 11 3
23 12 3
23 13 7
23 14 6
23 15 10
23 16 3
23 17 10
23 18 7
23 19 5
23 20 8
23 21 8
23 22 4
24 0 5
24 1 4
24 2 1
24 3 5
24 4 5
24 5 9
24 6 3
24 7 6
24 8 8
24 9 6
24 10 1
24 11 9
24 12 5
24 13 3
24 14 8
24 15 7
24 16 2
24 17 7
24 18 2
24 19 3
24 20 1
24 21 10
24 22 8
24 23 6
25 0 7
25 1 2
25 2 8
25 3 6
25 4 7
25 5 4
25 6 4
25 7 8
25 8 7
25 9 1
25 10 5
25 11 6
25 12 3
25 13 6
25 14 10
25 15 1
25 16 7
25 17 2
25 18 5
25 19 7
25 20 2
25 21 10
25 22 2
25 23 8
25 24 8
26 0 8
26 1 9
26 2 7
26 3 7
26 4 4
26 5 9
26 6 7
26 7 4
26 8 5
26 9 1
26 10 3
26 11 7
26 12 8
26 13 4
26 14 7
26 15 7
26 16 9
26 17 8
26 18 10
26 19 9
26 20 2
26 21 1
26 22 8
26 23 9
26 24 2
26 25 1
27 0 10
27 1 3
27 2 8
27 3 4
27 4 1
27 5 7
27 6 1
27 7 8
27 8 9
27 9 6
27 10 6
27 11 2
27 12 2
27 13 10
27 14 6
27 15 10
27 16 7
27 17 2
27 18 6
27 19 7
27 20 4
27 21 5
27 22 2
27 23 9
27 24 8
27 25 10
27 26 6
28 0 5
28 1 1
28 2 4
28 3 7
28 4 5
28 5 1
28 6 8
28 7 10
28 8 9
28 9 9
28 10 6
28 11 5
28 12 7
28 13 8
28 14 4
28 15 2
28 16 5
28 17 5
28 18 4
28 19 4
28 20 9
28 21 9
28 22 3
28 23 2
28 24 7
28 25 3
28 26 10
28 27 7
29 0 3
29 1 2
29 2 8
29 3 8
29 4 2
29 5 4
29 6 6
29 7 2
29 8 7
29 9 4
29 10 2
29 11 2
29 12 10
29 13 1
29 14 5
29 15 6
29 16 9
29 17 6
29 18 6
29 19 6
29 20 7
29 21 10
29 22 10
29 23 7
29 24 9
29 25 4
29 26 3
29 27 5
29 28 3
30 0 8
30 1 1
30 2 10
30 3 8
30 4 8
30 5 6
30 6 5
30 7 2
30 8 2
30 9 6
30 10 5
30 11 9
30 12 8
30 13 4
30 14 8
30 15 10
30 16 6
30 17 4
30 18 5
30 19 5
30 20 7
30 21 10
30 22 2
30 23 1
30 24 5
30 25 5
30 26 2
30 27 5
30 28 1
30 29 7
31 0 2
31 1 5
31 2 1
31 3 7
31 4 10
31 5 2
31 6 7
31 7 6
31 8 8
31 9 8
31 10 8
31 11 1
31 12 3
31 13 10
31 14 9
31 15 3
31 16 10
31 17 7
31 18 8
31 19 2
31 20 3
31 21 7
31 22 5
31 23 9
31 24 5
31 25 6
31 26 4
31 27 3
31 28 1
31 29 7
31 30 4
32 0 8
32 1 7
32 2 1
32 3 3
32 4 10
32 5 3
32 6 8
32 7 6
32 8 4
32 9 4
32 10 6
32 11 5
32 12 1
32 13 4
32 14 8
32 15 6
32 16 2
32 17 1
32 18 7
32 19 8
32 20 8
32 21 9
32 22 10
32 23 7
32 24 8
32 25 5
32 26 10
32 27 7
32 28 2
32 29 2
32 30 1
32 31 8
33 0 5
33 1 10
33 2 2
33 3 10
33 4 6
33 5 7
33 6 10
33 7 2
33 8 8
33 9 10
33 10 1
33 11 9
33 12 1
33 13 3
33 14 6
33 15 1
33 16 9
33 17 5
33 18 7
33 19 4
33 20 4
33 21 7
33 22 8
33 23 3
33 24 3
33 25 4
33 26 7
33 27 1
33 28 5
33 29 7
33 30 7
33 31 4
33 32 4
34 0 6
34 1 2
34 2 7
34 3 7
34 4 10
34 5 3
34 6 1
34 7 1
34 8 3
34 9 2
34 10 1
34 11 4
34 12 8
34 13 2
34 14 4
34 15 2
34 16 8
34 17 4
34 18 2
34 19 7
34 20 2
34 21 4
34 22 1
34 23 6
34 24 2
34 25 4
34 26 2
34 27 1
34 28 5
34 29 8
34 30 6
34 31 6
34 32 1
34 33 9
35 0 8
35 1 2
35 2 10
35 3 7
35 4 9
35 5 6
35 6 2
35 7 7
35 8 4
35 9 3
35 10 5
35 11 2
35 12 8
35 13 3
35 14 2
35 15 7
35 16 1
35 17 6
35 18 4
35 19 4
35 20 2
35 21 10
35 22 4
35 23 9
35 24 10
35 25 2
35 26 1
35 27 5
35 28 1
35 29 7
35 30 1
35 31 7
35 32 10
35 33 9
35 34 2
36 0 4
36 1 7
36 2 10
36 3 10
36 4 6
36 5 2
36 6 9
36 7 9
36 8 10
36 9 6
36 10 7
36 11 5
36 12 4
36 13 10
36 14 2
36 15 1
36 16 5
36 17 1
36 18 9
36 19 6
36 20 4
36 21 6
36 22 5
36 23 2
36 24 3
36 25 8
36 26 3
36 27 4
36 28 7
36 29 2
36 30 7
36 31 8
36 32 4
36 33 10
36 34 4
36 35 3
37 0 1
37 1 3
37 2 8
37 3 3
37 4 2
37 5 1
37 6 10
37 7 4
37 8 3
37 9 5
37 10 1
37 11 8
37 12 1
37 13 7
37 14 3
37 15 5
37 16 5
37 17 4
37 18 3
37 19 2
37 20 7
37 21 4
37 22 10
37 23 1
37 24 4
37 25 10
37 26 5
37 27 10
37 28 4
37 29 8
37 30 7
37 31 4
37 32 4
37 33 10
37 34 6
37 35 4
37 36 3
38 0 10
38 1 10
38 2 2
38 3 6
38 4 4
38 5 1
38 6 10
38 7 8
38 8 9
38 9 2
38 10 10
38 11 7
38 12 6
38 13 2
38 14 3
38 15 2
38 16 2
38 17 3
38 18 9
38 19 7
38 20 1
38 21 7
38 22 8
38 23 9
38 24 1
38 25 4
38 26 7
38 27 8
38 28 3
38 29 9
38 30 2
38 31 3
38 32 6
38 33 2
38 34 7
38 35 8
38 36 4
38 37 1
39 0 2
39 1 3
39 2 1
39 3 8
39 4 3
39 5 2
39 6 10
39 7 2
39 8 5
39 9 4
39 10 4
39 11 3
39 12 2
39 13 3
39 14 6
39 15 3
39 16 7
39 17 6
39 18 5
39 19 3
39 20 1
39 21 7
39 22 9
39 23 4
39 24 1
39 25 7
39 26 5
39 27 6
39 28 7
39 29 10
39 30 8
39 31 4
39 32 2
39 33 1
39 34 9
39 35 5
39 36 2
39 37 2
39 38 3
