60
1 0 8
2 0 1
2 1 8
3 0 1
3 1 12
3 2 5
4 0 4
4 1 13
4 2 14
4 3 10
5 0 3
5 1 7
5 2 6
5 3 5
5 4 13
6 0 8
6 1 12
6 2 12
6 3 5
6 4 2
6 5 11
7 0 11
7 1 10
7 2 5
7 3 14
7 4 6
7 5 8
7 6 8
8 0 5
8 1 10
8 2 3
8 3 5
8 4 12
8 5 5
8 6 5
8 7 13
9 0 13
9 1 10
9 2 6
9 3 9
9 4 9
9 5 7
9 6 2
9 7 3
9 8 1
10 0 7
10 1 4
10 2 12
10 3 4
10 4 6
10 5 5
10 6 9
10 7 9
10 8 1
10 9 9
11 0 11
11 1 11
11 2 8
11 3 14
11 4 5
11 5 5
11 6 14
11 7 7
11 8 13
11 9 13
11 10 2
12 0 3
12 1 14
12 2 7
12 3 12
12 4 9
12 5 9
12 6 14
12 7 3
12 8 14
12 9 10
12 10 1
12 11 6
13 0 5
13 1 8
13 2 12
13 3 13
13 4 4
13 5 1
13 6 11
13 7 9
13 8 7
13 9 2
13 10 7
13 11 8
13 12 4
14 0 10
14 1 13
14 2 6
14 3 10
14 4 3
14 5 3
14 6 10
14 7 7
14 8 5
14 9 9
14 10 14
14 11 9
14 12 9
14 13 9
15 0 12
15 1 12
15 2 10
15 3 8
15 4 9
15 5 12
15 6 14
15 7 11
15 8 5
15 9 14
15 10 1
15 11 13
15 12 7
15 13 4
15 14 10
16 0 2
16 1 13
16 2 7
16 3 7
16 4 10
16 5 10
16 6 9
16 7 12
16 8 5
16 9 3
16 10 1
16 11 11
16 12 2
16 13 3
16 14 10
16 15 11
17 0 12
17 1 2
17 2 14
17 3 13
17 4 1
17 5 2
17 6 3
17 7 4
17 8 13
17 9 4
17 10 6
17 11 6
17 12 6
17 13 6
17 14 6
17 15 10
17 16 12
18 0 1
18 1 6
18 2 2
18 3 9
18 4 13
18 5 3
18 6 13
18 7 8
18 8 6
18 9 13
18 10 14
18 11 2
18 12 14
18 13 8
18 14 8
18 15 12
18 16 7
18 17 9
19 0 4
19 1 6
19 2 13
19 3 5
19 4 11
19 5 13
19 6 8
19 7 12
19 8 7
19 9 9
19 10 1
19 11 10
19 12 3
19 13 2
19 14 5
19 15 9
19 16 11
19 17 13
19 18 3
20 0 1
20 1 5
20 2 9
20 3 7
20 4 10
20 5 11
20 6 12
20 7 14
20 8 2
20 9 1
20 10 12
20 11 11
20 12 4
20 13 2
20 14 6
20 15 10
20 16 7
20 17 5
20 18 8
20 19 11
21 0 9
21 1 3
21 2 11
21 3 13
21 4 7
21 5 7
21 6 12
21 7 3
21 8 12
21 9 9
21 10 4
21 11 9
21 12 9
21 13 2
21 14 6
21 15 4
21 16 11
21 17 2
21 18 13
21 19 12
21 20 9
22 0 1
22 1 9
22 2 10
22 3 10
22 4 2
22 5 6
22 6 7
22 7 10
22 8 3
22 9 10
22 10 1
22 11 2
22 12 7
22 13 10
22 14 11
22 15 13
22 16 3
22 17 4
22 18 6
22 19 1
22 20 13
22 21 2
23 0 8
23 1 2
23 2 2
23 3 8
23 4 6
23 5 6
23 6 5
23 7 9
23 8 6
23 9 14
23 10 4
23 11 12
23 12 9
23 13 4
23 14 12
23 15 14
23 16 5
23 17 6
23 18 6
23 19 7
23 20 10
23 21 12
23 22 13
24 0 5
24 1 10
24 2 14
24 3 6
24 4 10
24 5 4
24 6 5
24 7 1
24 8 10
24 9 7
24 10 14
24 11 10
24 12 13
24 13 10
24 14 13
24 15 5
24 16 14
24 17 13
24 18 13
24 19 6
24 20 4
24 21 2
24 22 2
24 23 6
25 0 10
25 1 14
25 2 4
25 3 10
25 4 9
25 5 11
25 6 10
25 7 5
25 8 4
25 9 1
25 10 13
25 11 12
25 12 1
25 13 8
25 14 10
25 15 12
25 16 14
25 17 10
25 18 13
25 19 7
25 20 7
25 21 10
25 22 10
25 23 9
25 24 11
26 0 2
26 1 10
26 2 7
26 3 14
26 4 11
26 5 3
26 6 2
26 7 7
26 8 8
26 9 12
26 10 13
26 11 6
26 12 12
26 13 3
26 14 12
26 15 10
26 16 14
26 17 13
26 18 14
26 19 8
26 20 11
26 21 6
26 22 10
26 23 8
26 24 12
26 25 9
27 0 10
27 1 1
27 2 12
27 3 8
27 4 9
27 5 14
27 6 7
27 7 2
27 8 10
27 9 2
27 10 11
27 11 4
27 12 4
27 13 8
27 14 1
27 15 13
27 16 14
27 17 12
27 18 7
27 19 5
27 20 14
27 21 14
27 22 6
27 23 12
27 24 2
27 25 4
27 26 7
28 0 13
28 1 11
28 2 11
28 3 9
28 4 14
28 5 3
28 6 10
28 7 5
28 8 12
28 9 11
28 10 8
28 11 5
28 12 11
28 13 14
28 14 10
28 15 6
28 16 9
28 17 8
28 18 1
28 19 1
28 20 9
28 21 2
28 22 14
28 23 6
28 24 1
28 25 11
28 26 2
28 27 2
29 0 10
29 1 13
29 2 1
29 3 4
29 4 5
29 5 13
29 6 10
29 7 5
29 8 12
29 9 14
29 10 8
29 11 10
29 12 6
29 13 8
29 14 2
29 15 1
29 16 14
29 17 9
29 18 4
29 19 1
29 20 6
29 21 13
29 22 8
29 23 9
29 24 11
29 25 1
29 26 13
29 27 4
29 28 3
30 0 14
30 1 9
30 2 13
30 3 9
30 4 14
30 5 13
30 6 12
30 7 5
30 8 3
30 9 13
30 10 14
30 11 9
30 12 11
30 13 4
30 14 7
30 15 2
30 16 11
30 17 6
30 18 14
30 19 2
30 20 3
30 21 2
30 22 6
30 23 11
30 24 3
30 25 11
30 26 9
30 27 8
30 28 2
30 29 1
31 0 4
31 1 13
31 2 5
31 3 14
31 4 14
31 5 4
31 6 8
31 7 10
31 8 6
31 9 6
31 10 10
31 11 13
31 12 4
31 13 2
31 14 10
31 15 2
31 16 13
31 17 9
31 18 12
31 19 3
31 20 14
31 21 10
31 22 11
31 23 11
31 24 9
31 25 1
31 26 10
31 27 5
31 28 10
31 29 6
31 30 7
32 0 1
32 1 14
32 2 6
32 3 8
32 4 9
32 5 12
32 6 8
32 7 5
32 8 13
32 9 10
32 10 13
32 11 13
32 12 10
32 13 11
32 14 12
32 15 2
32 16 1
32 17 8
32 18 11
32 19 9
32 20 12
32 21 4
32 22 11
32 23 12
32 24 10
32 25 9
32 26 8
32 27 10
32 28 6
32 29 6
32 30 4
32 31 14
33 0 5
33 1 10
33 2 9
33 3 8
33 4 3
33 5 6
33 6 2
33 7 11
33 8 6
33 9 2
33 10 7
33 11 12
33 12 12
33 13 3
33 14 2
33 15 1
33 16 12
33 17 13
33 18 10
33 19 11
33 20 11
33 21 12
33 22 8
33 23 2
33 24 9
33 25 11
33 26 8
33 27 10
33 28 2
33 29 10
33 30 10
33 31 12
33 32 13
34 0 8
34 1 10
34 2 9
34 3 7
34 4 9
34 5 7
34 6 3
34 7 10
34 8 13
34 9 13
34 10 1
34 11 9
34 12 8
34 13 2
34 14 14
34 15 8
34 16 4
34 17 14
34 18 1
34 19 6
34 20 4
34 21 3
34 22 13
34 23 1
34 24 10
34 25 6
34 26 4
34 27 7
34 28 9
34 29 3
34 30 6
34 31 11
34 32 7
34 33 1
35 0 7
35 1 13
35 2 14
35 3 3
35 4 11
35 5 13
35 6 4
35 7 8
35 8 13
35 9 3
35 10 3
35 11 7
35 12 5
35 13 3
35 14 14
35 15 10
35 16 1
35 17 12
35 18 3
35 19 5
35 20 11
35 21 12
35 22 14
35 23 8
35 24 6
35 25 14
35 26 12
35 27 1
35 28 5
35 29 12
35 30 11
35 31 7
35 32 9
35 33 5
35 34 4
36 0 10
36 1 3
36 2 8
36 3 10
36 4 1
36 5 12
36 6 11
36 7 1
36 8 11
36 9 8
36 10 5
36 11 9
36 12 13
36 13 11
36 14 14
36 15 5
36 16 14
36 17 6
36 18 10
36 19 4
36 20 3
36 21 8
36 22 2
36 23 9
36 24 11
36 25 14
36 26 4
36 27 13
36 28 5
36 29 5
36 30 9
36 31 2
36 32 14
36 33 5
36 34 10
36 35 13
37 0 3
37 1 4
37 2 10
37 3 11
37 4 4
37 5 14
37 6 12
37 7 14
37 8 3
37 9 9
37 10 1
37 11 10
37 12 11
37 13 4
37 14 2
37 15 14
37 16 10
37 17 1
37 18 6
37 19 14
37 20 2
37 21 6
37 22 8
37 23 10
37 24 12
37 25 12
37 26 5
37 27 13
37 28 4
37 29 6
37 30 2
37 31 3
37 32 3
37 33 14
37 34 11
37 35 12
37 36 8
38 0 8
38 1 8
38 2 9
38 3 8
38 4 7
38 5 5
38 6 10
38 7 14
38 8 12
38 9 2
38 10 11
38 11 8
38 12 12
38 13 6
38 14 14
38 15 4
38 16 5
38 17 11
38 18 10
38 19 13
38 20 7
38 21 5
38 22 1
38 23 7
38 24 8
38 25 11
38 26 5
38 27 12
38 28 1
38 29 14
38 30 11
38 31 6
38 32 6
38 33 12
38 34 9
38 35 14
38 36 1
38 37 10
39 0 2
39 1 2
39 2 13
39 3 5
39 4 3
39 5 10
39 6 14
39 7 1
39 8 11
39 9 1
39 10 11
39 11 7
39 12 2
39 13 10
39 14 1
39 15 7
39 16 1
39 17 4
39 18 7
39 19 3
39 20 14
39 21 9
39 22 5
39 23 7
39 24 6
39 25 1
39 26 6
39 27 3
39 28 13
39 29 1
39 30 11
39 31 6
39 32 11
39 33 7
39 34 10
39 35 6
39 36 7
39 37 8
39 38 11
40 0 14
40 1 8
40 2 13
40 3 10
40 4 4
40 5 2
40 6 4
40 7 8
40 8 3
40 9 12
40 10 4
40 11 1
40 12 11
40 13 10
40 14 12
40 15 3
40 16 11
40 17 10
40 18 2
40 19 3
40 20 5
40 21 5
40 22 8
40 23 2
40 24 9
40 25 3
40 26 10
40 27 12
40 28 2
40 29 2
40 30 5
40 31 9
40 32 14
40 33 5
40 34 4
40 35 8
40 36 7
40 37 13
40 38 7
40 39 11
41 0 6
41 1 8
41 2 13
41 3 3
41 4 11
41 5 4
41 6 13
41 7 1
41 8 9
41 9 3
41 10 4
41 11 3
41 12 3
41 13 14
41 14 5
41 15 13
41 16 4
41 17 13
41 18 12
41 19 11
41 20 3
41 21 9
41 22 14
41 23 9
41 24 3
41 25 5
41 26 10
41 27 4
41 28 11
41 29 14
41 30 3
41 31 2
41 32 13
41 33 4
41 34 3
41 35 2
41 36 4
41 37 8
41 38 4
41 39 5
41 40 9
42 0 3
42 1 10
42 2 14
42 3 14
42 4 4
42 5 10
42 6 2
42 7 5
42 8 10
42 9 6
42 10 11
42 11 1
42 12 12
42 13 7
42 14 6
42 15 4
42 16 9
42 17 11
42 18 4
42 19 13
42 20 2
42 21 6
42 22 2
42 23 14
42 24 7
42 25 4
42 26 5
42 27 12
42 28 14
42 29 14
42 30 9
42 31 1
42 32 9
42 33 14
42 34 5
42 35 14
42 36 12
42 37 5
42 38 5
42 39 2
42 40 10
42 41 10
43 0 1
43 1 5
43 2 3
43 3 1
43 4 5
43 5 4
43 6 5
43 7 9
43 8 14
43 9 5
43 10 8
43 11 9
43 12 2
43 13 5
43 14 14
43 15 14
43 16 3
43 17 2
43 18 6
43 19 3
43 20 13
43 21 4
43 22 8
43 23 9
43 24 7
43 25 10
43 26 4
43 27 10
43 28 11
43 29 14
43 30 7
43 31 13
43 32 2
43 33 9
43 34 10
43 35 2
43 36 10
43 37 5
43 38 6
43 39 11
43 40 9
43 41 12
43 42 7
44 0 7
44 1 13
44 2 9
44 3 4
44 4 9
44 5 8
44 6 10
44 7 8
44 8 2
44 9 11
44 10 5
44 11 1
44 12 10
44 13 2
44 14 1
44 15 10
44 16 13
44 17 5
44 18 2
44 19 7
44 20 1
44 21 11
44 22 3
44 23 3
44 24 8
44 25 1
44 26 2
44 27 1
44 28 8
44 29 10
44 30 3
44 31 9
44 32 9
44 33 8
44 34 13
44 35 7
44 36 9
44 37 5
44 38 3
44 39 14
44 40 5
44 41 4
44 42 2
44 43 7
45 0 7
45 1 9
45 2 9
45 3 3
45 4 4
45 5 1
45 6 2
45 7 9
45 8 9
45 9 3
45 10 5
45 11 6
45 12 2
45 13 1
45 14 11
45 15 12
45 16 13
45 17 13
45 18 11
45 19 13
45 20 4
45 21 9
45 22 10
45 23 10
45 24 1
45 25 7
45 26 11
45 27 3
45 28 11
45 29 7
45 30 6
45 31 9
45 32 5
45 33 4
45 34 8
45 35 13
45 36 13
45 37 14
45 38 10
45 39 2
45 40 3
45 41 5
45 42 7
45 43 5
45 44 1
46 0 12
46 1 4
46 2 12
46 3 2
46 4 3
46 5 6
46 6 6
46 7 10
46 8 7
46 9 3
46 10 14
46 11 9
46 12 2
46 13 13
46 14 14
46 15 4
46 16 5
46 17 13
46 18 14
46 19 14
46 20 4
46 21 3
46 22 4
46 23 9
46 24 6
46 25 3
46 26 1
46 27 13
46 28 12
46 29 7
46 30 2
46 31 11
46 32 14
46 33 6
46 34 13
46 35 4
46 36 6
46 37 11
46 38 5
46 39 3
46 40 4
46 41 6
46 42 11
46 43 12
46 44 12
46 45 10
47 0 8
47 1 14
47 2 1
47 3 10
47 4 9
47 5 8
47 6 1
47 7 8
47 8 2
47 9 3
47 10 4
47 11 6
47 12 14
47 13 7
47 14 6
47 15 6
47 16 5
47 17 7
47 18 13
47 19 2
47 20 8
47 21 14
47 22 13
47 23 4
47 24 9
47 25 5
47 26 4
47 27 6
47 28 9
47 29 1
47 30 8
47 31 4
47 32 6
47 33 6
47 34 1
47 35 2
47 36 10
47 37 14
47 38 6
47 39 2
47 40 11
47 41 5
47 42 12
47 43 1
47 44 12
47 45 9
47 46 10
48 0 5
48 1 4
48 2 1
48 3 13
48 4 6
48 5 5
48 6 3
48 7 1
48 8 7
48 9 9
48 10 2
48 11 11
48 12 14
48 13 13
48 14 1
48 15 1
48 16 5
48 17 14
48 18 12
48 19 2
48 20 2
48 21 2
48 22 11
48 23 7
48 24 10
48 25 4
48 26 6
48 27 4
48 28 10
48 29 2
48 30 10
48 31 12
48 32 9
48 33 11
48 34 7
48 35 4
48 36 10
48 37 14
48 38 9
48 39 4
48 40 14
48 41 9
48 42 4
48 43 6
48 44 11
48 45 5
48 46 9
48 47 14
49 0 14
49 1 5
49 2 2
49 3 12
49 4 4
49 5 7
49 6 8
49 7 3
49 8 8
49 9 8
49 10 9
49 11 9
49 12 3
49 13 1
49 14 8
49 15 3
49 16 1
49 17 10
49 18 5
49 19 7
49 20 14
49 21 7
49 22 9
49 23 1
49 24 14
49 25 10
49 26 14
49 27 6
49 28 4
49 29 10
49 30 1
49 31 12
49 32 7
49 33 7
49 34 14
49 35 6
49 36 2
49 37 4
49 38 12
49 39 2
49 40 9
49 41 8
49 42 4
49 43 12
49 44 5
49 45 13
49 46 13
49 47 10
49 48 2
50 0 14
50 1 1
50 2 5
50 3 13
50 4 4
50 5 7
50 6 6
50 7 12
50 8 1
50 9 7
50 10 7
50 11 1
50 12 10
50 13 4
50 14 6
50 15 8
50 16 12
50 17 5
50 18 2
50 19 14
50 20 11
50 21 11
50 22 12
50 23 12
50 24 5
50 25 13
50 26 4
50 27 11
50 28 14
50 29 3
50 30 4
50 31 12
50 32 10
50 33 13
50 34 4
50 35 11
50 36 6
50 37 9
50 38 11
50 39 14
50 40 4
50 41 14
50 42 3
50 43 2
50 44 3
50 45 1
50 46 9
50 47 6
50 48 10
50 49 4
51 0 2
51 1 8
51 2 13
51 3 6
51 4 14
51 5 11
51 6 5
51 7 5
51 8 9
51 9 3
51 10 9
51 11 4
51 12 5
51 13 5
51 14 5
51 15 2
51 16 2
51 17 3
51 18 9
51 19 11
51 20 6
51 21 3
51 22 4
51 23 2
51 24 3
51 25 7
51 26 4
51 27 11
51 28 2
51 29 1
51 30 3
51 31 1
51 32 14
51 33 10
51 34 7
51 35 13
51 36 8
51 37 7
51 38 7
51 39 3
51 40 1
51 41 7
51 42 11
51 43 12
51 44 10
51 45 9
51 46 12
51 47 3
51 48 12
51 49 8
51 50 11
52 0 13
52 1 3
52 2 11
52 3 6
52 4 7
52 5 1
52 6 2
52 7 9
52 8 3
52 9 14
52 10 4
52 11 12
52 12 12
52 13 9
52 14 12
52 15 2
52 16 10
52 17 12
52 18 3
52 19 4
52 20 5
52 21 6
52 22 1
52 23 11
52 24 6
52 25 3
52 26 1
52 27 13
52 28 12
52 29 1
52 30 12
52 31 7
52 32 10
52 33 2
52 34 7
52 35 13
52 36 7
52 37 9
52 38 6
52 39 6
52 40 2
52 41 1
52 42 2
52 43 13
52 44 14
52 45 7
52 46 13
52 47 11
52 48 6
52 49 12
52 50 8
52 51 2
53 0 13
53 1 5
53 2 9
53 3 11
53 4 8
53 5 2
53 6 5
53 7 2
53 8 8
53 9 12
53 10 4
53 11 14
53 12 6
53 13 6
53 14 1
53 15 12
53 16 2
53 17 3
53 18 12
53 19 9
53 20 12
53 21 4
53 22 8
53 23 10
53 24 3
53 25 9
53 26 11
53 27 9
53 28 7
53 29 1
53 30 12
53 31 4
53 32 10
53 33 10
53 34 13
53 35 9
53 36 14
53 37 1
53 38 10
53 39 12
53 40 3
53 41 4
53 42 13
53 43 8
53 44 5
53 45 6
53 46 2
53 47 5
53 48 3
53 49 9
53 50 10
53 51 3
53 52 1
54 0 7
54 1 3
54 2 6
54 3 10
54 4 3
54 5 1
54 6 6
54 7 12
54 8 1
54 9 3
54 10 2
54 11 14
54 12 2
54 13 4
54 14 5
54 15 1
54 16 8
54 17 14
54 18 11
54 19 9
54 20 14
54 21 4
54 22 3
54 23 8
54 24 14
54 25 4
54 26 8
54 27 7
54 28 9
54 29 10
54 30 1
54 31 4
54 32 13
54 33 13
54 34 11
54 35 3
54 36 2
54 37 10
54 38 5
54 39 5
54 40 5
54 41 7
54 42 7
54 43 14
54 44 13
54 45 1
54 46 13
54 47 4
54 48 12
54 49 13
54 50 13
54 51 8
54 52 3
54 53 1
55 0 8
55 1 8
55 2 10
55 3 8
55 4 3
55 5 14
55 6 9
55 7 8
55 8 8
55 9 9
55 10 3
55 11 7
55 12 7
55 13 8
55 14 9
55 15 9
55 16 7
55 17 12
55 18 11
55 19 14
55 20 4
55 21 10
55 22 9
55 23 12
55 24 12
55 25 14
55 26 2
55 27 3
55 28 9
55 29 14
55 30 13
55 31 13
55 32 3
55 33 14
55 34 11
55 35 3
55 36 4
55 37 12
55 38 2
55 39 11
55 40 3
55 41 9
55 42 6
55 43 3
55 44 2
55 45 2
55 46 3
55 47 6
55 48 13
55 49 6
55 50 6
55 51 11
55 52 4
55 53 8
55 54 7
56 0 8
56 1 14
56 2 5
56 3 10
56 4 11
56 5 14
56 6 14
56 7 1
56 8 12
56 9 8
56 10 3
56 11 6
56 12 4
56 13 10
56 14 12
56 15 13
56 16 6
56 17 4
56 18 9
56 19 6
56 20 9
56 21 11
56 22 11
56 23 14
56 24 14
56 25 9
56 26 4
56 27 10
56 28 9
56 29 12
56 30 12
56 31 8
56 32 7
56 33 12
56 34 9
56 35 4
56 36 10
56 37 11
56 38 5
56 39 7
56 40 14
56 41 5
56 42 13
56 43 13
56 44 5
56 45 14
56 46 1
56 47 14
56 48 5
56 49 8
56 50 5
56 51 14
56 52 3
56 53 7
56 54 5
56 55 8
57 0 4
57 1 1
57 2 6
57 3 2
57 4 12
57 5 4
57 6 11
57 7 11
57 8 11
57 9 10
57 10 13
57 11 14
57 12 12
57 13 10
57 14 2
57 15 5
57 16 5
57 17 9
57 18 14
57 19 12
57 20 14
57 21 10
57 22 12
57 23 1
57 24 4
57 25 12
57 26 1
57 27 12
57 28 1
57 29 4
57 30 5
57 31 5
57 32 9
57 33 12
57 34 2
57 35 9
57 36 5
57 37 14
57 38 10
57 39 1
57 40 1
57 41 12
57 42 1
57 43 7
57 44 3
57 45 9
57 46 6
57 47 4
57 48 5
57 49 13
57 50 13
57 51 2
57 52 8
57 53 7
57 54 12
57 55 3
57 56 3
58 0 13
58 1 10
58 2 14
58 3 3
58 4 3
58 5 9
58 6 12
58 7 14
58 8 5
58 9 11
58 10 4
58 11 14
58 12 7
58 13 1
58 14 11
58 15 3
58 16 8
58 17 12
58 18 5
58 19 1
58 20 8
58 21 1
58 22 4
58 23 8
58 24 4
58 25 8
58 26 2
58 27 2
58 28 5
58 29 5
58 30 9
58 31 4
58 32 11
58 33 11
58 34 10
58 35 12
58 36 13
58 37 2
58 38 8
58 39 13
58 40 8
58 41 7
58 42 4
58 43 8
58 44 9
58 45 13
58 46 8
58 47 13
58 48 6
58 49 2
58 50 12
58 51 3
58 52 14
58 53 2
58 54 3
58 55 4
58 56 9
58 57 12
59 0 2
59 1 7
59 2 9
59 3 7
59 4 6
59 5 3
59 6 7
59 7 14
59 8 10
59 9 7
59 10 4
59 11 4
59 12 3
59 13 12
59 14 5
59 15 9
59 16 1
59 17 14
59 18 13
59 19 10
59 20 10
59 21 5
59 22 7
59 23 3
59 24 7
59 25 12
59 26 13
59 27 10
59 28 8
59 29 3
59 30 14
59 31 5
59 32 2
59 33 6
59 34 5
59 35 14
59 36 9
59 37 2
59 38 1
59 39 13
59 40 8
59 41 12
59 42 12
59 43 12
59 44 2
59 45 3
59 46 9
59 47 8
59 48 8
59 49 12
59 50 5
59 51 10
59 52 1
59 53 13
59 54 4
59 55 7
59 56 1
59 57 2
59 58 2
