15
1 0 6
2 0 3
2 1 1
3 0 4
3 1 2
3 2 1
4 0 4
4 1 6
4 2 4
4 3 1
5 0 1
5 1 2
5 2 4
5 3 5
5 4 1
6 0 2
6 1 4
6 2 3
6 3 1
6 4 5
6 5 1
7 0 6
7 1 1
7 2 5
7 3 5
7 4 5
7 5 5
7 6 1
8 0 5
8 1 5
8 2 6
8 3 4
8 4 4
8 5 1
8 6 3
8 7 5
9 0 1
9 1 6
9 2 4
9 3 3
9 4 4
9 5 4
9 6 4
9 7 2
9 8 2
10 0 6
10 1 2
10 2 3
10 3 3
10 4 2
10 5 2
10 6 6
10 7 1
10 8 5
10 9 2
11 0 1
11 1 6
11 2 4
11 3 2
11 4 4
11 5 2
11 6 2
11 7 6
11 8 2
11 9 1
11 10 2
12 0 3
12 1 4
12 2 3
12 3 6
12 4 4
12 5 3
12 6 6
12 7 6
12 8 3
12 9 4
12 10 3
12 11 6
13 0 5
13 1 4
13 2 5
13 3 2
13 4 5
13 5 6
13 6 2
13 7 6
13 8 3
13 9 5
13 10 1
13 11 1
13 12 6
14 0 3
14 1 1
14 2 2
14 3 5
14 4 2
14 5 2
14 6 1
14 7 1
14 8 3
14 9 4
14 10 4
14 11 4
14 12 1
14 13 5
