40
1 0 1
2 0 2
2 1 1
3 0 1
3 1 1
3 2 2
4 0 2
4 1 2
4 2 1
4 3 1
5 0 1
5 1 1
5 2 2
5 3 2
5 4 1
6 0 1
6 1 2
6 2 2
6 3 1
6 4 1
6 5 2
7 0 2
7 1 1
7 2 1
7 3 1
7 4 2
7 5 2
7 6 2
8 0 1
8 1 1
8 2 1
8 3 2
8 4 1
8 5 1
8 6 1
8 7 1
9 0 2
9 1 1
9 2 1
9 3 1
9 4 2
9 5 2
9 6 1
9 7 1
9 8 2
10 0 2
10 1 2
10 2 2
10 3 1
10 4 1
10 5 2
10 6 1
10 7 1
10 8 1
10 9 2
11 0 1
11 1 2
11 2 2
11 3 2
11 4 1
11 5 1
11 6 2
11 7 1
11 8 1
11 9 2
11 10 2
12 0 1
12 1 2
12 2 1
12 3 1
12 4 1
12 5 2
12 6 1
12 7 2
12 8 2
12 9 1
12 10 1
12 11 1
13 0 2
13 1 1
13 2 1
13 3 2
13 4 1
13 5 2
13 6 1
13 7 2
13 8 2
13 9 2
13 10 2
13 11 1
13 12 2
14 0 2
14 1 2
14 2 2
14 3 1
14 4 2
14 5 1
14 6 1
14 7 1
14 8 2
14 9 2
14 10 2
14 11 2
14 12 2
14 13 2
15 0 1
15 1 1
15 2 1
15 3 2
15 4 1
15 5 1
15 6 1
15 7 1
15 8 1
15 9 2
15 10 1
15 11 1
15 12 1
15 13 1
15 14 1
16 0 2
16 1 1
16 2 2
16 3 2
16 4 2
16 5 1
16 6 2
16 7 1
16 8 2
16 9 2
16 10 2
16 11 1
16 12 2
16 13 2
16 14 2
16 15 1
17 0 1
17 1 2
17 2 2
17 3 1
17 4 1
17 5 2
17 6 1
17 7 2
17 8 2
17 9 2
17 10 2
17 11 1
17 12 2
17 13 2
17 14 2
17 15 2
17 16 1
18 0 1
18 1 2
18 2 1
18 3 2
18 4 1
18 5 1
18 6 1
18 7 1
18 8 2
18 9 1
18 10 1
18 11 2
18 12 1
18 13 2
18 14 2
18 15 2
18 16 2
18 17 2
19 0 2
19 1 2
19 2 2
19 3 2
19 4 2
19 5 2
19 6 2
19 7 1
19 8 2
19 9 2
19 10 1
19 11 1
19 12 2
19 13 1
19 14 1
19 15 1
19 16 1
19 17 1
19 18 2
20 0 2
20 1 2
20 2 2
20 3 2
20 4 2
20 5 1
20 6 1
20 7 2
20 8 2
20 9 2
20 10 1
20 11 1
20 12 2
20 13 2
20 14 1
20 15 2
20 16 2
20 17 2
20 18 2
20 19 1
21 0 1
21 1 1
21 2 2
21 3 2
21 4 2
21 5 2
21 6 1
21 7 2
21 8 2
21 9 1
21 10 1
21 11 2
21 12 1
21 13 2
21 14 1
21 15 2
21 16 1
21 17 1
21 18 2
21 19 2
21 20 2
22 0 2
22 1 1
22 2 1
22 3 2
22 4 2
22 5 2
22 6 2
22 7 1
22 8 2
22 9 2
22 10 2
22 11 2
22 12 2
22 13 1
22 14 2
22 15 1
22 16 2
22 17 2
22 18 2
22 19 1
22 20 1
22 21 1
23 0 1
23 1 2
23 2 2
23 3 1
23 4 1
23 5 1
23 6 1
23 7 2
23 8 1
23 9 1
23 10 1
23 11 2
23 12 2
23 13 1
23 14 1
23 15 2
23 16 2
23 17 2
23 18 1
23 19 2
23 20 2
23 21 1
23 22 1
24 0 2
24 1 2
24 2 1
24 3 1
24 4 2
24 5 1
24 6 1
24 7 2
24 8 1
24 9 2
24 10 1
24 11 1
24 12 1
24 13 1
24 14 2
24 15 1
24 16 2
24 17 2
24 18 1
24 19 1
24 20 2
24 21 1
24 22 2
24 23 1
25 0 1
25 1 1
25 2 2
25 3 1
25 4 1
25 5 1
25 6 2
25 7 1
25 8 2
25 9 2
25 10 2
25 11 2
25 12 2
25 13 2
25 14 2
25 15 2
25 16 2
25 17 2
25 18 2
25 19 1
25 20 1
25 21 2
25 22 2
25 23 1
25 24 1
26 0 1
26 1 2
26 2 1
26 3 2
26 4 1
26 5 1
26 6 1
26 7 1
26 8 2
26 9 1
26 10 1
26 11 1
26 12 1
26 13 2
26 14 2
26 15 1
26 16 2
26 17 2
26 18 1
26 19 1
26 20 1
26 21 1
26 22 2
26 23 1
26 24 1
26 25 2
27 0 2
27 1 1
27 2 2
27 3 1
27 4 1
27 5 1
27 6 1
27 7 2
27 8 2
27 9 1
27 10 2
27 11 2
27 12 2
27 13 2
27 14 2
27 15 2
27 16 2
27 17 1
27 18 2
27 19 2
27 20 2
27 21 2
27 22 2
27 23 2
27 24 1
27 25 1
27 26 2
28 0 1
28 1 1
28 2 2
28 3 1
28 4 2
28 5 1
28 6 1
28 7 2
28 8 2
28 9 1
28 10 1
28 11 1
28 12 2
28 13 2
28 14 2
28 15 2
28 16 2
28 17 1
28 18 2
28 19 1
28 20 1
28 21 1
28 22 2
28 23 2
28 24 1
28 25 2
28 26 1
28 27 2
29 0 1
29 1 1
29 2 1
29 3 2
29 4 2
29 5 1
29 6 2
29 7 1
29 8 2
29 9 1
29 10 1
29 11 1
29 12 1
29 13 1
29 14 1
29 15 2
29 16 2
29 17 2
29 18 2
29 19 1
29 20 1
29 21 2
29 22 1
29 23 2
29 24 1
29 25 1
29 26 1
29 27 1
29 28 1
30 0 2
30 1 1
30 2 2
30 3 2
30 4 1
30 5 2
30 6 2
30 7 2
30 8 1
30 9 1
30 10 1
30 11 2
30 12 1
30 13 2
30 14 1
30 15 1
30 16 1
30 17 2
30 18 1
30 19 2
30 20 1
30 21 2
30 22 2
30 23 1
30 24 1
30 25 1
30 26 1
30 27 2
30 28 2
30 29 1
31 0 1
31 1 1
31 2 2
31 3 2
31 4 1
31 5 2
31 6 1
31 7 2
31 8 1
31 9 2
31 10 2
31 11 2
31 12 1
31 13 2
31 14 1
31 15 2
31 16 1
31 17 1
31 18 2
31 19 2
31 20 1
31 21 1
31 22 2
31 23 2
31 24 2
31 25 1
31 26 2
31 27 1
31 28 2
31 29 1
31 30 2
32 0 2
32 1 1
32 2 1
32 3 1
32 4 1
32 5 2
32 6 2
32 7 2
32 8 1
32 9 2
32 10 2
32 11 2
32 12 1
32 13 1
32 14 1
32 15 1
32 16 1
32 17 1
32 18 2
32 19 2
32 20 1
32 21 2
32 22 2
32 23 1
32 24 2
32 25 1
32 26 1
32 27 2
32 28 2
32 29 2
32 30 1
32 31 2
33 0 2
33 1 2
33 2 1
33 3 1
33 4 1
33 5 2
33 6 2
33 7 2
33 8 2
33 9 1
33 10 2
33 11 2
33 12 1
33 13 1
33 14 2
33 15 2
33 16 2
33 17 2
33 18 1
33 19 2
33 20 2
33 21 1
33 22 2
33 23 1
33 24 2
33 25 1
33 26 2
33 27 1
33 28 2
33 29 1
33 30 1
33 31 2
33 32 2
34 0 2
34 1 2
34 2 2
34 3 2
34 4 1
34 5 2
34 6 2
34 7 1
34 8 1
34 9 1
34 10 1
34 11 1
34 12 1
34 13 1
34 14 2
34 15 2
34 16 1
34 17 2
34 18 1
34 19 2
34 20 2
34 21 2
34 22 1
34 23 1
34 24 2
34 25 1
34 26 1
34 27 2
34 28 1
34 29 2
34 30 1
34 31 1
34 32 2
34 33 1
35 0 2
35 1 1
35 2 1
35 3 2
35 4 1
35 5 1
35 6 2
35 7 1
35 8 2
35 9 2
35 10 1
35 11 2
35 12 1
35 13 1
35 14 1
35 15 1
35 16 1
35 17 2
35 18 2
35 19 2
35 20 1
35 21 2
35 22 2
35 23 1
35 24 2
35 25 2
35 26 1
35 27 2
35 28 1
35 29 1
35 30 2
35 31 2
35 32 2
35 33 1
35 34 1
36 0 1
36 1 1
36 2 2
36 3 1
36 4 2
36 5 1
36 6 2
36 7 1
36 8 2
36 9 2
36 10 2
36 11 2
36 12 2
36 13 2
36 14 2
36 15 2
36 16 1
36 17 2
36 18 2
36 19 2
36 20 1
36 21 1
36 22 1
36 23 2
36 24 1
36 25 1
36 26 1
36 27 2
36 28 1
36 29 1
36 30 2
36 31 2
36 32 1
36 33 2
36 34 1
36 35 1
37 0 1
37 1 2
37 2 1
37 3 2
37 4 1
37 5 1
37 6 2
37 7 1
37 8 1
37 9 2
37 10 2
37 11 1
37 12 2
37 13 2
37 14 1
37 15 1
37 16 2
37 17 2
37 18 2
37 19 1
37 20 1
37 21 1
37 22 1
37 23 1
37 24 1
37 25 1
37 26 1
37 27 2
37 28 1
37 29 2
37 30 1
37 31 2
37 32 1
37 33 1
37 34 2
37 35 2
37 36 1
38 0 2
38 1 1
38 2 1
38 3 2
38 4 2
38 5 1
38 6 1
38 7 2
38 8 1
38 9 2
38 10 1
38 11 2
38 12 1
38 13 2
38 14 1
38 15 1
38 16 2
38 17 2
38 18 1
38 19 1
38 20 2
38 21 2
38 22 1
38 23 2
38 24 2
38 25 1
38 26 1
38 27 1
38 28 2
38 29 1
38 30 2
38 31 2
38 32 2
38 33 1
38 34 2
38 35 2
38 36 2
38 37 2
39 0 1
39 1 2
39 2 1
39 3 2
39 4 2
39 5 2
39 6 2
39 7 2
39 8 1
39 9 1
39 10 2
39 11 1
39 12 2
39 13 2
39 14 2
39 15 2
39 16 1
39 17 2
39 18 2
39 19 1
39 20 1
39 21 1
39 22 1
39 23 1
39 24 1
39 25 2
39 26 1
39 27 2
39 28 2
39 29 1
39 30 2
39 31 1
39 32 2
39 33 1
39 34 1
39 35 1
39 36 2
39 37 1
39 38 2
