40
1 0 6
2 0 2
2 1 6
3 0 4
3 1 3
3 2 5
4 0 2
4 1 7
4 2 1
4 3 1
5 0 2
5 1 3
5 2 5
5 3 7
5 4 3
6 0 3
6 1 6
6 2 5
6 3 5
6 4 4
6 5 4
7 0 6
7 1 1
7 2 5
7 3 6
7 4 3
7 5 3
7 6 5
8 0 5
8 1 5
8 2 7
8 3 1
8 4 6
8 5 3
8 6 5
8 7 4
9 0 5
9 1 4
9 2 2
9 3 6
9 4 1
9 5 5
9 6 3
9 7 7
9 8 1
10 0 5
10 1 4
10 2 5
10 3 1
10 4 4
10 5 3
10 6 6
10 7 5
10 8 6
10 9 5
11 0 4
11 1 1
11 2 7
11 3 6
11 4 6
11 5 4
11 6 5
11 7 1
11 8 1
11 9 5
11 10 6
12 0 6
12 1 4
12 2 1
12 3 5
12 4 7
12 5 6
12 6 6
12 7 5
12 8 6
12 9 5
12 10 5
12 11 3
13 0 7
13 1 1
13 2 6
13 3 5
13 4 6
13 5 1
13 6 4
13 7 3
13 8 3
13 9 1
13 10 6
13 11 6
13 12 5
14 0 7
14 1 5
14 2 2
14 3 1
14 4 2
14 5 7
14 6 6
14 7 7
14 8 1
14 9 4
14 10 5
14 11 3
14 12 7
14 13 5
15 0 6
15 1 7
15 2 4
15 3 4
15 4 2
15 5 5
15 6 6
15 7 7
15 8 3
15 9 7
15 10 2
15 11 2
15 12 4
15 13 6
15 14 4
16 0 2
16 1 4
16 2 7
16 3 2
16 4 1
16 5 2
16 6 2
16 7 6
16 8 6
16 9 3
16 10 5
16 11 1
16 12 1
16 13 6
16 14 4
16 15 4
17 0 4
17 1 3
17 2 6
17 3 4
17 4 4
17 5 6
17 6 5
17 7 4
17 8 3
17 9 2
17 10 7
17 11 1
17 12 4
17 13 4
17 14 1
17 15 6
17 16 4
18 0 1
18 1 4
18 2 7
18 3 2
18 4 2
18 5 5
18 6 4
18 7 2
18 8 5
18 9 5
18 10 5
18 11 6
18 12 6
18 13 5
18 14 3
18 15 2
18 16 5
18 17 2
19 0 6
19 1 5
19 2 7
19 3 5
19 4 6
19 5 5
19 6 6
19 7 5
19 8 1
19 9 6
19 10 3
19 11 5
19 12 4
19 13 4
19 14 1
19 15 3
19 16 2
19 17 1
19 18 7
20 0 1
20 1 2
20 2 2
20 3 5
20 4 1
20 5 3
20 6 1
20 7 3
20 8 7
20 9 6
20 10 3
20 11 1
20 12 2
20 13 6
20 14 3
20 15 4
20 16 3
20 17 6
20 18 5
20 19 1
21 0 3
21 1 7
21 2 1
21 3 6
21 4 7
21 5 2
21 6 4
21 7 2
21 8 4
21 9 6
21 10 4
21 11 4
21 12 6
21 13 1
21 14 7
21 15 7
21 16 7
21 17 2
21 18 6
21 19 2
21 20 3
22 0 3
22 1 4
22 2 7
22 3 7
22 4 7
22 5 5
22 6 4
22 7 2
22 8 4
22 9 7
22 10 7
22 11 7
22 12 5
22 13 4
22 14 1
22 15 6
22 16 5
22 17 5
22 18 7
22 19 7
22 20 1
22 21 6
23 0 2
23 1 3
23 2 6
23 3 2
23 4 6
23 5 5
23 6 7
23 7 5
23 8 1
23 9 7
23 10 2
23 11 3
23 12 6
23 13 4
23 14 3
23 15 4
23 16 7
23 17 3
23 18 6
23 19 3
23 20 1
23 21 1
23 22 1
24 0 7
24 1 3
24 2 4
24 3 2
24 4 5
24 5 3
24 6 3
24 7 1
24 8 4
24 9 4
24 10 6
24 11 5
24 12 4
24 13 3
24 14 3
24 15 4
24 16 3
24 17 4
24 18 6
24 19 6
24 20 4
24 21 4
24 22 3
24 23 4
25 0 2
25 1 4
25 2 2
25 3 4
25 4 3
25 5 5
25 6 1
25 7 1
25 8 5
25 9 4
25 10 7
25 11 4
25 12 3
25 13 6
25 14 1
25 15 4
25 16 6
25 17 5
25 18 4
25 19 1
25 20 2
25 21 7
25 22 2
25 23 6
25 24 5
26 0 3
26 1 3
26 2 1
26 3 1
26 4 1
26 5 3
26 6 2
26 7 5
26 8 7
26 9 7
26 10 4
26 11 7
26 12 6
26 13 1
26 14 4
26 15 2
26 16 2
26 17 1
26 18 5
26 19 7
26 20 7
26 21 1
26 22 7
26 23 6
26 24 6
26 25 6
27 0 6
27 1 2
27 2 3
27 3 1
27 4 5
27 5 7
27 6 6
27 7 1
27 8 6
27 9 7
27 10 5
27 11 7
27 12 7
27 13 1
27 14 4
27 15 5
27 16 6
27 17 7
27 18 4
27 19 1
27 20 2
27 21 1
27 22 5
27 23 1
27 24 4
27 25 7
27 26 1
28 0 7
28 1 5
28 2 7
28 3 1
28 4 1
28 5 6
28 6 4
28 7 5
28 8 5
28 9 4
28 10 5
28 11 6
28 12 7
28 13 5
28 14 6
28 15 3
28 16 1
28 17 1
28 18 4
28 19 7
28 20 4
28 21 4
28 22 3
28 23 7
28 24 4
28 25 2
28 26 3
28 27 5
29 0 4
29 1 3
29 2 6
29 3 6
29 4 4
29 5 6
29 6 2
29 7 3
29 8 7
29 9 5
29 10 3
29 11 2
29 12 7
29 13 4
29 14 3
29 15 3
29 16 3
29 17 1
29 18 3
29 19 3
29 20 4
29 21 1
29 22 4
29 23 6
29 24 6
29 25 7
29 26 1
29 27 3
29 28 2
30 0 5
30 1 5
30 2 1
30 3 5
30 4 3
30 5 1
30 6 5
30 7 7
30 8 1
30 9 3
30 10 6
30 11 3
30 12 6
30 13 1
30 14 3
30 15 6
30 16 3
30 17 6
30 18 4
30 19 7
30 20 6
30 21 6
30 22 4
30 23 6
30 24 7
30 25 2
30 26 6
30 27 5
30 28 7
30 29 7
31 0 6
31 1 3
31 2 7
31 3 4
31 4 3
31 5 6
31 6 4
31 7 2
31 8 5
31 9 7
31 10 5
31 11 3
31 12 3
31 13 7
31 14 4
31 15 1
31 16 4
31 17 2
31 18 4
31 19 5
31 20 5
31 21 2
31 22 2
31 23 3
31 24 6
31 25 4
31 26 7
31 27 6
31 28 6
31 29 7
31 30 6
32 0 1
32 1 5
32 2 6
32 3 1
32 4 7
32 5 1
32 6 1
32 7 5
32 8 5
32 9 5
32 10 5
32 11 7
32 12 1
32 13 4
32 14 7
32 15 5
32 16 5
32 17 5
32 18 5
32 19 1
32 20 1
32 21 1
32 22 7
32 23 5
32 24 2
32 25 7
32 26 5
32 27 5
32 28 2
32 29 3
32 30 3
32 31 4
33 0 7
33 1 7
33 2 6
33 3 1
33 4 5
33 5 6
33 6 4
33 7 3
33 8 3
33 9 2
33 10 1
33 11 7
33 12 7
33 13 5
33 14 7
33 15 7
33 16 7
33 17 4
33 18 5
33 19 2
33 20 5
33 21 5
33 22 6
33 23 6
33 24 5
33 25 2
33 26 4
33 27 4
33 28 3
33 29 7
33 30 4
33 31 6
33 32 6
34 0 5
34 1 4
34 2 5
34 3 6
34 4 4
34 5 4
34 6 5
34 7 6
34 8 3
34 9 5
34 10 4
34 11 3
34 12 7
34 13 5
34 14 5
34 15 7
34 16 4
34 17 2
34 18 7
34 19 1
34 20 5
34 21 2
34 22 1
34 23 4
34 24 6
34 25 4
34 26 1
34 27 7
34 28 4
34 29 5
34 30 2
34 31 6
34 32 3
34 33 4
35 0 2
35 1 7
35 2 3
35 3 1
35 4 1
35 5 3
35 6 3
35 7 5
35 8 2
35 9 5
35 10 1
35 11 4
35 12 4
35 13 7
35 14 2
35 15 6
35 16 3
35 17 6
35 18 6
35 19 4
35 20 3
35 21 4
35 22 4
35 23 1
35 24 1
35 25 3
35 26 6
35 27 3
35 28 7
35 29 2
35 30 1
35 31 6
35 32 5
35 33 5
35 34 2
36 0 6
36 1 7
36 2 6
36 3 6
36 4 3
36 5 7
36 6 7
36 7 4
36 8 7
36 9 4
36 10 3
36 11 6
36 12 4
36 13 5
36 14 6
36 15 6
36 16 5
36 17 5
36 18 3
36 19 7
36 20 7
36 21 2
36 22 4
36 23 1
36 24 3
36 25 4
36 26 7
36 27 4
36 28 5
36 29 2
36 30 7
36 31 7
36 32 5
36 33 3
36 34 6
36 35 6
37 0 6
37 1 7
37 2 2
37 3 7
37 4 5
37 5 3
37 6 3
37 7 5
37 8 5
37 9 7
37 10 2
37 11 7
37 12 6
37 13 5
37 14 5
37 15 5
37 16 1
37 17 1
37 18 5
37 19 1
37 20 2
37 21 6
37 22 3
37 23 6
37 24 4
37 25 6
37 26 7
37 27 3
37 28 4
37 29 7
37 30 1
37 31 3
37 32 7
37 33 1
37 34 2
37 35 4
37 36 4
38 0 3
38 1 1
38 2 4
38 3 5
38 4 6
38 5 6
38 6 3
38 7 3
38 8 7
38 9 1
38 10 3
38 11 6
38 12 2
38 13 6
38 14 4
38 15 1
38 16 5
38 17 5
38 18 1
38 19 1
38 20 2
38 21 4
38 22 1
38 23 1
38 24 3
38 25 4
38 26 3
38 27 7
38 28 4
38 29 3
38 30 7
38 31 5
38 32 4
38 33 5
38 34 5
38 35 4
38 36 2
38 37 4
39 0 3
39 1 2
39 2 2
39 3 2
39 4 5
39 5 6
39 6 3
39 7 6
39 8 4
39 9 2
39 10 1
39 11 4
39 12 1
39 13 7
39 14 6
39 15 5
39 16 4
39 17 4
39 18 4
39 19 1
39 20 1
39 21 7
39 22 1
39 23 1
39 24 3
39 25 5
39 26 3
39 27 3
39 28 1
39 29 1
39 30 2
39 31 7
39 32 7
39 33 2
39 34 3
39 35 3
39 36 2
39 37 3
39 38 4
