20
1 0 6
2 0 4
2 1 8
3 0 14
3 1 3
3 2 8
4 0 12
4 1 1
4 2 10
4 3 9
5 0 3
5 1 12
5 2 3
5 3 6
5 4 6
6 0 12
6 1 8
6 2 9
6 3 4
6 4 14
6 5 4
7 0 3
7 1 13
7 2 4
7 3 13
7 4 12
7 5 14
7 6 5
8 0 4
8 1 7
8 2 10
8 3 4
8 4 11
8 5 5
8 6 2
8 7 14
9 0 6
9 1 10
9 2 5
9 3 10
9 4 2
9 5 4
9 6 8
9 7 2
9 8 6
10 0 11
10 1 9
10 2 10
10 3 2
10 4 12
10 5 10
10 6 13
10 7 5
10 8 14
10 9 5
11 0 14
11 1 4
11 2 7
11 3 10
11 4 5
11 5 4
11 6 2
11 7 7
11 8 1
11 9 14
11 10 9
12 0 6
12 1 8
12 2 4
12 3 4
12 4 13
12 5 6
12 6 7
12 7 12
12 8 9
12 9 7
12 10 2
12 11 6
13 0 2
13 1 2
13 2 10
13 3 13
13 4 9
13 5 9
13 6 13
13 7 2
13 8 1
13 9 8
13 10 5
13 11 12
13 12 11
14 0 10
14 1 12
14 2 9
14 3 8
14 4 6
14 5 11
14 6 4
14 7 8
14 8 13
14 9 7
14 10 3
14 11 1
14 12 14
14 13 4
15 0 6
15 1 1
15 2 3
15 3 6
15 4 11
15 5 3
15 6 10
15 7 14
15 8 4
15 9 14
15 10 1
15 11 10
15 12 7
15 13 3
15 14 10
16 0 8
16 1 4
16 2 7
16 3 13
16 4 8
16 5 7
16 6 13
16 7 5
16 8 11
16 9 3
16 10 9
16 11 4
16 12 4
16 13 1
16 14 12
16 15 12
17 0 8
17 1 11
17 2 12
17 3 8
17 4 8
17 5 3
17 6 12
17 7 2
17 8 14
17 9 12
17 10 1
17 11 5
17 12 12
17 13 4
17 14 5
17 15 10
17 16 10
18 0 4
18 1 7
18 2 11
18 3 10
18 4 12
18 5 13
18 6 5
18 7 13
18 8 11
18 9 10
18 10 4
18 11 8
18 12 6
18 13 12
18 14 6
18 15 6
18 16 13
18 17 2
19 0 8
19 1 3
19 2 9
19 3 4
19 4 11
19 5 6
19 6 9
19 7 9
19 8 7
19 9 3
19 10 5
19 11 7
19 12 1
19 13 10
19 14 9
19 15 11
19 16 2
19 17 5
19 18 14
