20
1 0 4
2 0 5
2 1 8
3 0 5
3 1 1
3 2 3
4 0 3
4 1 9
4 2 7
4 3 3
5 0 4
5 1 1
5 2 4
5 3 3
5 4 4
6 0 3
6 1 1
6 2 2
6 3 7
6 4 7
6 5 8
7 0 5
7 1 7
7 2 2
7 3 8
7 4 7
7 5 9
7 6 9
8 0 7
8 1 4
8 2 3
8 3 7
8 4 1
8 5 4
8 6 3
8 7 7
9 0 7
9 1 5
9 2 8
9 3 3
9 4 2
9 5 2
9 6 7
9 7 4
9 8 7
10 0 9
10 1 2
10 2 3
10 3 1
10 4 3
10 5 2
10 6 6
10 7 7
10 8 4
10 9 9
11 0 3
11 1 2
11 2 4
11 3 9
11 4 9
11 5 9
11 6 3
11 7 7
11 8 9
11 9 3
11 10 5
12 0 6
12 1 2
12 2 2
12 3 6
12 4 7
12 5 6
12 6 3
12 7 5
12 8 6
12 9 4
12 10 7
12 11 4
13 0 4
13 1 2
13 2 2
13 3 2
13 4 1
13 5 2
13 6 1
13 7 8
13 8 4
13 9 2
13 10 8
13 11 4
13 12 5
14 0 8
14 1 5
14 2 4
14 3 3
14 4 5
14 5 3
14 6 9
14 7 2
14 8 3
14 9 9
14 10 5
14 11 4
14 12 3
14 13 9
15 0 6
15 1 9
15 2 5
15 3 6
15 4 7
15 5 2
15 6 9
15 7 5
15 8 3
15 9 5
15 10 5
15 11 8
15 12 8
15 13 7
15 14 6
16 0 5
16 1 5
16 2 3
16 3 8
16 4 6
16 5 4
16 6 3
16 7 9
16 8 2
16 9 7
16 10 7
16 11 6
16 12 9
16 13 6
16 14 8
16 15 7
17 0 2
17 1 2
17 2 5
17 3 7
17 4 4
17 5 2
17 6 8
17 7 8
17 8 7
17 9 9
17 10 6
17 11 8
17 12 8
17 13 5
17 14 1
17 15 7
17 16 6
18 0 4
18 1 1
18 2 5
18 3 7
18 4 4
18 5 8
18 6 8
18 7 9
18 8 7
18 9 3
18 10 5
18 11 5
18 12 5
18 13 7
18 14 2
18 15 6
18 16 2
18 17 2
19 0 5
19 1 9
19 2 3
19 3 5
19 4 1
19 5 4
19 6 7
19 7 5
19 8 6
19 9 4
19 10 4
19 11 7
19 12 1
19 13 4
19 14 1
19 15 5
19 16 2
19 17 1
19 18 9
