30
1 0 1
2 0 1
2 1 2
3 0 1
3 1 1
3 2 2
4 0 2
4 1 1
4 2 1
4 3 2
5 0 1
5 1 2
5 2 2
5 3 2
5 4 1
6 0 2
6 1 1
6 2 2
6 3 1
6 4 2
6 5 1
7 0 1
7 1 2
7 2 1
7 3 2
7 4 1
7 5 1
7 6 2
8 0 1
8 1 2
8 2 1
8 3 1
8 4 2
8 5 1
8 6 2
8 7 1
9 0 1
9 1 2
9 2 1
9 3 1
9 4 1
9 5 2
9 6 2
9 7 2
9 8 1
10 0 1
10 1 2
10 2 2
10 3 1
10 4 1
10 5 2
10 6 2
10 7 1
10 8 1
10 9 1
11 0 2
11 1 2
11 2 1
11 3 1
11 4 2
11 5 2
11 6 2
11 7 1
11 8 1
11 9 1
11 10 1
12 0 2
12 1 1
12 2 2
12 3 2
12 4 1
12 5 2
12 6 2
12 7 1
12 8 2
12 9 2
12 10 2
12 11 1
13 0 1
13 1 2
13 2 2
13 3 2
13 4 1
13 5 2
13 6 1
13 7 1
13 8 1
13 9 2
13 10 1
13 11 2
13 12 1
14 0 1
14 1 2
14 2 1
14 3 1
14 4 2
14 5 1
14 6 2
14 7 2
14 8 1
14 9 2
14 10 2
14 11 1
14 12 1
14 13 1
15 0 2
15 1 2
15 2 1
15 3 1
15 4 2
15 5 1
15 6 1
15 7 1
15 8 2
15 9 1
15 10 2
15 11 1
15 12 2
15 13 1
15 14 2
16 0 2
16 1 2
16 2 2
16 3 2
16 4 1
16 5 1
16 6 2
16 7 1
16 8 1
16 9 2
16 10 2
16 11 1
16 12 1
16 13 1
16 14 1
16 15 1
17 0 2
17 1 2
17 2 2
17 3 1
17 4 1
17 5 1
17 6 1
17 7 2
17 8 1
17 9 2
17 10 2
17 11 1
17 12 2
17 13 2
17 14 2
17 15 1
17 16 2
18 0 1
18 1 1
18 2 2
18 3 1
18 4 1
18 5 1
18 6 1
18 7 1
18 8 1
18 9 1
18 10 1
18 11 2
18 12 2
18 13 1
18 14 2
18 15 1
18 16 2
18 17 2
19 0 2
19 1 2
19 2 2
19 3 2
19 4 1
19 5 2
19 6 2
19 7 2
19 8 1
19 9 1
19 10 2
19 11 2
19 12 1
19 13 1
19 14 1
19 15 2
19 16 2
19 17 1
19 18 1
20 0 1
20 1 1
20 2 2
20 3 2
20 4 1
20 5 2
20 6 1
20 7 2
20 8 1
20 9 2
20 10 2
20 11 1
20 12 2
20 13 2
20 14 1
20 15 1
20 16 2
20 17 1
20 18 1
20 19 1
21 0 1
21 1 2
21 2 2
21 3 1
21 4 1
21 5 1
21 6 1
21 7 1
21 8 2
21 9 1
21 10 2
21 11 2
21 12 2
21 13 2
21 14 1
21 15 1
21 16 1
21 17 2
21 18 2
21 19 2
21 20 1
22 0 2
22 1 2
22 2 1
22 3 1
22 4 2
22 5 2
22 6 1
22 7 2
22 8 2
22 9 1
22 10 2
22 11 1
22 12 2
22 13 2
22 14 2
22 15 2
22 16 2
22 17 2
22 18 2
22 19 2
22 20 2
22 21 1
23 0 2
23 1 1
23 2 1
23 3 2
23 4 1
23 5 1
23 6 2
23 7 1
23 8 2
23 9 1
23 10 2
23 11 2
23 12 2
23 13 1
23 14 1
23 15 1
23 16 2
23 17 1
23 18 1
23 19 2
23 20 2
23 21 1
23 22 2
24 0 1
24 1 2
24 2 1
24 3 1
24 4 1
24 5 2
24 6 2
24 7 2
24 8 2
24 9 1
24 10 2
24 11 1
24 12 2
24 13 1
24 14 2
24 15 1
24 16 2
24 17 2
24 18 2
24 19 2
24 20 1
24 21 2
24 22 1
24 23 2
25 0 1
25 1 1
25 2 2
25 3 1
25 4 2
25 5 1
25 6 2
25 7 2
25 8 1
25 9 1
25 10 2
25 11 1
25 12 1
25 13 1
25 14 1
25 15 1
25 16 1
25 17 2
25 18 2
25 19 2
25 20 2
25 21 1
25 22 1
25 23 2
25 24 2
26 0 1
26 1 2
26 2 1
26 3 1
26 4 1
26 5 1
26 6 2
26 7 1
26 8 2
26 9 2
26 10 2
26 11 2
26 12 1
26 13 1
26 14 1
26 15 2
26 16 2
26 17 2
26 18 2
26 19 2
26 20 1
26 21 2
26 22 1
26 23 1
26 24 2
26 25 2
27 0 1
27 1 1
27 2 2
27 3 1
27 4 2
27 5 2
27 6 2
27 7 1
27 8 2
27 9 2
27 10 1
27 11 1
27 12 2
27 13 2
27 14 1
27 15 1
27 16 1
27 17 1
27 18 1
27 19 2
27 20 2
27 21 1
27 22 1
27 23 2
27 24 2
27 25 1
27 26 2
28 0 2
28 1 1
28 2 2
28 3 1
28 4 1
28 5 2
28 6 1
28 7 2
28 8 1
28 9 1
28 10 1
28 11 2
28 12 2
28 13 1
28 14 1
28 15 1
28 16 2
28 17 2
28 18 2
28 19 1
28 20 2
28 21 2
28 22 2
28 23 1
28 24 2
28 25 2
28 26 2
28 27 1
29 0 2
29 1 2
29 2 2
29 3 1
29 4 2
29 5 2
29 6 2
29 7 2
29 8 2
29 9 2
29 10 2
29 11 2
29 12 2
29 13 2
29 14 2
29 15 1
29 16 1
29 17 1
29 18 1
29 19 2
29 20 2
29 21 1
29 22 2
29 23 2
29 24 1
29 25 2
29 26 2
29 27 2
29 28 1
