60
1 0 1
2 0 9
2 1 7
3 0 8
3 1 1
3 2 2
4 0 7
4 1 7
4 2 2
4 3 2
5 0 7
5 1 9
5 2 8
5 3 4
5 4 1
6 0 6
6 1 6
6 2 9
6 3 7
6 4 4
6 5 4
7 0 2
7 1 8
7 2 3
7 3 2
7 4 7
7 5 9
7 6 3
8 0 3
8 1 6
8 2 4
8 3 9
8 4 4
8 5 2
8 6 6
8 7 2
9 0 9
9 1 3
9 2 7
9 3 6
9 4 1
9 5 1
9 6 2
9 7 3
9 8 9
10 0 4
10 1 7
10 2 9
10 3 6
10 4 5
10 5 9
10 6 4
10 7 2
10 8 7
10 9 6
11 0 5
11 1 1
11 2 1
11 3 5
11 4 7
11 5 7
11 6 4
11 7 5
11 8 9
11 9 6
11 10 4
12 0 9
12 1 9
12 2 7
12 3 9
12 4 3
12 5 4
12 6 3
12 7 2
12 8 3
12 9 6
12 10 9
12 11 5
13 0 5
13 1 3
13 2 7
13 3 6
13 4 5
13 5 2
13 6 8
13 7 5
13 8 7
13 9 6
13 10 2
13 11 4
13 12 7
14 0 1
14 1 9
14 2 5
14 3 2
14 4 5
14 5 1
14 6 8
14 7 6
14 8 5
14 9 8
14 10 5
14 11 4
14 12 3
14 13 9
15 0 9
15 1 7
15 2 2
15 3 1
15 4 6
15 5 9
15 6 3
15 7 3
15 8 6
15 9 2
15 10 7
15 11 3
15 12 4
15 13 9
15 14 5
16 0 9
16 1 4
16 2 1
16 3 6
16 4 1
16 5 9
16 6 7
16 7 6
16 8 2
16 9 7
16 10 6
16 11 3
16 12 2
16 13 9
16 14 5
16 15 7
17 0 1
17 1 2
17 2 5
17 3 7
17 4 2
17 5 7
17 6 4
17 7 2
17 8 7
17 9 4
17 10 9
17 11 1
17 12 9
17 13 9
17 14 4
17 15 4
17 16 1
18 0 8
18 1 4
18 2 8
18 3 3
18 4 5
18 5 3
18 6 7
18 7 9
18 8 4
18 9 6
18 10 2
18 11 5
18 12 8
18 13 3
18 14 1
18 15 2
18 16 3
18 17 7
19 0 5
19 1 4
19 2 5
19 3 4
19 4 9
19 5 1
19 6 6
19 7 4
19 8 1
19 9 7
19 10 5
19 11 1
19 12 5
19 13 9
19 14 4
19 15 9
19 16 4
19 17 4
19 18 5
20 0 4
20 1 6
20 2 3
20 3 6
20 4 4
20 5 1
20 6 8
20 7 7
20 8 1
20 9 5
20 10 1
20 11 2
20 12 1
20 13 8
20 14 1
20 15 2
20 16 4
20 17 9
20 18 4
20 19 1
21 0 8
21 1 7
21 2 2
21 3 9
21 4 1
21 5 5
21 6 4
21 7 4
21 8 7
21 9 8
21 10 8
21 11 4
21 12 1
21 13 1
21 14 7
21 15 3
21 16 6
21 17 2
21 18 8
21 19 8
21 20 7
22 0 8
22 1 1
22 2 4
22 3 8
22 4 2
22 5 4
22 6 9
22 7 2
22 8 8
22 9 7
22 10 4
22 11 9
22 12 6
22 13 9
22 14 4
22 15 4
22 16 3
22 17 4
22 18 3
22 19 3
22 20 7
22 21 7
23 0 4
23 1 8
23 2 9
23 3 3
23 4 4
23 5 2
23 6 3
23 7 9
23 8 2
23 9 4
23 10 8
23 11 8
23 12 1
23 13 5
23 14 4
23 15 8
23 16 1
23 17 9
23 18 5
23 19 4
23 20 1
23 21 3
23 22 9
24 0 1
24 1 6
24 2 8
24 3 5
24 4 2
24 5 7
24 6 5
24 7 9
24 8 5
24 9 3
24 10 4
24 11 1
24 12 4
24 13 1
24 14 6
24 15 6
24 16 3
24 17 9
24 18 4
24 19 4
24 20 9
24 21 4
24 22 6
24 23 9
25 0 7
25 1 7
25 2 9
25 3 9
25 4 2
25 5 3
25 6 2
25 7 6
25 8 5
25 9 6
25 10 9
25 11 6
25 12 4
25 13 4
25 14 5
25 15 8
25 16 9
25 17 5
25 18 7
25 19 2
25 20 8
25 21 2
25 22 7
25 23 6
25 24 7
26 0 5
26 1 6
26 2 4
26 3 3
26 4 3
26 5 1
26 6 6
26 7 2
26 8 8
26 9 8
26 10 6
26 11 2
26 12 9
26 13 6
26 14 2
26 15 6
26 16 3
26 17 9
26 18 6
26 19 1
26 20 1
26 21 2
26 22 5
26 23 2
26 24 4
26 25 9
27 0 6
27 1 8
27 2 5
27 3 5
27 4 8
27 5 5
27 6 7
27 7 5
27 8 5
27 9 6
27 10 4
27 11 9
27 12 4
27 13 9
27 14 1
27 15 1
27 16 3
27 17 7
27 18 3
27 19 7
27 20 3
27 21 4
27 22 9
27 23 5
27 24 4
27 25 9
27 26 2
28 0 7
28 1 3
28 2 5
28 3 2
28 4 1
28 5 6
28 6 5
28 7 6
28 8 9
28 9 2
28 10 3
28 11 7
28 12 9
28 13 3
28 14 7
28 15 7
28 16 5
28 17 5
28 18 7
28 19 9
28 20 3
28 21 2
28 22 2
28 23 3
28 24 6
28 25 9
28 26 7
28 27 7
29 0 8
29 1 9
29 2 1
29 3 4
29 4 3
29 5 3
29 6 4
29 7 8
29 8 2
29 9 9
29 10 3
29 11 6
29 12 5
29 13 3
29 14 9
29 15 9
29 16 4
29 17 8
29 18 9
29 19 2
29 20 9
29 21 6
29 22 3
29 23 2
29 24 8
29 25 9
29 26 2
29 27 7
29 28 5
30 0 5
30 1 4
30 2 6
30 3 4
30 4 8
30 5 5
30 6 4
30 7 2
30 8 5
30 9 1
30 10 2
30 11 1
30 12 7
30 13 4
30 14 4
30 15 9
30 16 9
30 17 8
30 18 5
30 19 4
30 20 9
30 21 5
30 22 5
30 23 4
30 24 8
30 25 2
30 26 2
30 27 9
30 28 2
30 29 7
31 0 4
31 1 4
31 2 5
31 3 9
31 4 5
31 5 8
31 6 1
31 7 7
31 8 1
31 9 4
31 10 6
31 11 9
31 12 7
31 13 3
31 14 6
31 15 1
31 16 8
31 17 5
31 18 5
31 19 2
31 20 9
31 21 8
31 22 9
31 23 4
31 24 3
31 25 7
31 26 6
31 27 2
31 28 6
31 29 7
31 30 8
32 0 5
32 1 5
32 2 9
32 3 1
32 4 1
32 5 9
32 6 4
32 7 5
32 8 2
32 9 5
32 10 8
32 11 9
32 12 9
32 13 5
32 14 1
32 15 5
32 16 2
32 17 6
32 18 7
32 19 4
32 20 3
32 21 6
32 22 8
32 23 5
32 24 6
32 25 1
32 26 8
32 27 1
32 28 3
32 29 4
32 30 4
32 31 7
33 0 1
33 1 7
33 2 1
33 3 9
33 4 4
33 5 2
33 6 8
33 7 3
33 8 2
33 9 4
33 10 8
33 11 4
33 12 8
33 13 8
33 14 2
33 15 5
33 16 6
33 17 4
33 18 1
33 19 2
33 20 5
33 21 6
33 22 2
33 23 4
33 24 2
33 25 5
33 26 8
33 27 2
33 28 8
33 29 6
33 30 1
33 31 6
33 32 4
34 0 7
34 1 5
34 2 1
34 3 7
34 4 7
34 5 2
34 6 7
34 7 2
34 8 4
34 9 7
34 10 1
34 11 2
34 12 7
34 13 7
34 14 8
34 15 4
34 16 2
34 17 2
34 18 5
34 19 9
34 20 7
34 21 8
34 22 2
34 23 9
34 24 3
34 25 8
34 26 4
34 27 1
34 28 6
34 29 2
34 30 1
34 31 3
34 32 9
34 33 3
35 0 4
35 1 1
35 2 8
35 3 3
35 4 7
35 5 2
35 6 9
35 7 9
35 8 8
35 9 7
35 10 3
35 11 5
35 12 7
35 13 5
35 14 1
35 15 9
35 16 2
35 17 4
35 18 6
35 19 7
35 20 8
35 21 4
35 22 1
35 23 8
35 24 8
35 25 2
35 26 4
35 27 3
35 28 3
35 29 7
35 30 4
35 31 3
35 32 6
35 33 9
35 34 9
36 0 8
36 1 4
36 2 8
36 3 9
36 4 6
36 5 4
36 6 8
36 7 8
36 8 1
36 9 4
36 10 2
36 11 9
36 12 6
36 13 3
36 14 5
36 15 1
36 16 3
36 17 9
36 18 8
36 19 3
36 20 8
36 21 8
36 22 4
36 23 2
36 24 4
36 25 2
36 26 3
36 27 2
36 28 1
36 29 8
36 30 6
36 31 6
36 32 1
36 33 2
36 34 7
36 35 1
37 0 9
37 1 8
37 2 2
37 3 6
37 4 6
37 5 8
37 6 7
37 7 7
37 8 7
37 9 3
37 10 2
37 11 6
37 12 5
37 13 6
37 14 8
37 15 2
37 16 4
37 17 7
37 18 6
37 19 5
37 20 7
37 21 3
37 22 7
37 23 6
37 24 2
37 25 7
37 26 7
37 27 8
37 28 2
37 29 5
37 30 5
37 31 2
37 32 6
37 33 3
37 34 6
37 35 2
37 36 1
38 0 7
38 1 9
38 2 2
38 3 2
38 4 9
38 5 2
38 6 9
38 7 4
38 8 1
38 9 8
38 10 6
38 11 1
38 12 2
38 13 4
38 14 2
38 15 1
38 16 4
38 17 2
38 18 8
38 19 6
38 20 2
38 21 4
38 22 3
38 23 3
38 24 1
38 25 5
38 26 6
38 27 9
38 28 7
38 29 3
38 30 7
38 31 6
38 32 6
38 33 8
38 34 6
38 35 6
38 36 7
38 37 3
39 0 4
39 1 8
39 2 1
39 3 1
39 4 9
39 5 5
39 6 8
39 7 9
39 8 2
39 9 6
39 10 9
39 11 3
39 12 2
39 13 9
39 14 4
39 15 1
39 16 9
39 17 5
39 18 2
39 19 3
39 20 1
39 21 1
39 22 3
39 23 3
39 24 4
39 25 2
39 26 3
39 27 3
39 28 1
39 29 1
39 30 5
39 31 7
39 32 8
39 33 5
39 34 3
39 35 7
39 36 2
39 37 4
39 38 1
40 0 1
40 1 3
40 2 3
40 3 2
40 4 5
40 5 4
40 6 3
40 7 9
40 8 5
40 9 3
40 10 9
40 11 4
40 12 7
40 13 2
40 14 3
40 15 5
40 16 7
40 17 9
40 18 5
40 19 2
40 20 2
40 21 1
40 22 1
40 23 6
40 24 8
40 25 8
40 26 2
40 27 6
40 28 5
40 29 4
40 30 3
40 31 2
40 32 8
40 33 5
40 34 5
40 35 9
40 36 5
40 37 3
40 38 2
40 39 2
41 0 4
41 1 1
41 2 9
41 3 7
41 4 7
41 5 8
41 6 2
41 7 8
41 8 4
41 9 8
41 10 9
41 11 1
41 12 1
41 13 5
41 14 5
41 15 6
41 16 2
41 17 3
41 18 8
41 19 8
41 20 8
41 21 2
41 22 4
41 23 4
41 24 7
41 25 3
41 26 6
41 27 7
41 28 2
41 29 9
41 30 2
41 31 7
41 32 6
41 33 2
41 34 2
41 35 1
41 36 2
41 37 7
41 38 7
41 39 3
41 40 1
42 0 1
42 1 7
42 2 9
42 3 7
42 4 6
42 5 4
42 6 4
42 7 1
42 8 6
42 9 6
42 10 5
42 11 3
42 12 3
42 13 1
42 14 9
42 15 5
42 16 1
42 17 6
42 18 5
42 19 7
42 20 5
42 21 2
42 22 9
42 23 9
42 24 5
42 25 1
42 26 7
42 27 9
42 28 7
42 29 1
42 30 4
42 31 1
42 32 9
42 33 4
42 34 2
42 35 1
42 36 9
42 37 9
42 38 6
42 39 1
42 40 6
42 41 5
43 0 2
43 1 3
43 2 3
43 3 4
43 4 5
43 5 7
43 6 8
43 7 5
43 8 7
43 9 6
43 10 9
43 11 3
43 12 2
43 13 3
43 14 1
43 15 3
43 16 6
43 17 9
43 18 2
43 19 4
43 20 2
43 21 4
43 22 2
43 23 8
43 24 7
43 25 9
43 26 1
43 27 3
43 28 4
43 29 3
43 30 8
43 31 5
43 32 9
43 33 3
43 34 1
43 35 2
43 36 6
43 37 5
43 38 2
43 39 2
43 40 7
43 41 1
43 42 2
44 0 2
44 1 1
44 2 7
44 3 6
44 4 1
44 5 9
44 6 6
44 7 2
44 8 6
44 9 6
44 10 5
44 11 9
44 12 4
44 13 3
44 14 4
44 15 7
44 16 6
44 17 4
44 18 5
44 19 5
44 20 4
44 21 5
44 22 9
44 23 3
44 24 4
44 25 9
44 26 4
44 27 1
44 28 5
44 29 5
44 30 4
44 31 7
44 32 9
44 33 4
44 34 6
44 35 8
44 36 6
44 37 3
44 38 9
44 39 5
44 40 1
44 41 4
44 42 2
44 43 9
45 0 7
45 1 6
45 2 3
45 3 5
45 4 9
45 5 3
45 6 5
45 7 4
45 8 6
45 9 2
45 10 1
45 11 4
45 12 3
45 13 2
45 14 2
45 15 8
45 16 5
45 17 8
45 18 7
45 19 7
45 20 1
45 21 2
45 22 5
45 23 1
45 24 7
45 25 3
45 26 8
45 27 6
45 28 2
45 29 8
45 30 7
45 31 8
45 32 4
45 33 1
45 34 2
45 35 9
45 36 1
45 37 5
45 38 1
45 39 3
45 40 2
45 41 3
45 42 5
45 43 5
45 44 7
46 0 5
46 1 2
46 2 1
46 3 7
46 4 7
46 5 8
46 6 3
46 7 9
46 8 8
46 9 6
46 10 3
46 11 8
46 12 8
46 13 4
46 14 9
46 15 5
46 16 7
46 17 3
46 18 4
46 19 3
46 20 1
46 21 3
46 22 2
46 23 4
46 24 8
46 25 8
46 26 1
46 27 8
46 28 1
46 29 2
46 30 5
46 31 3
46 32 3
46 33 5
46 34 6
46 35 1
46 36 8
46 37 3
46 38 4
46 39 6
46 40 2
46 41 4
46 42 8
46 43 7
46 44 8
46 45 2
47 0 6
47 1 2
47 2 6
47 3 5
47 4 8
47 5 9
47 6 9
47 7 8
47 8 3
47 9 7
47 10 9
47 11 6
47 12 9
47 13 6
47 14 5
47 15 4
47 16 6
47 17 9
47 18 3
47 19 6
47 20 2
47 21 8
47 22 1
47 23 2
47 24 9
47 25 4
47 26 4
47 27 8
47 28 8
47 29 5
47 30 9
47 31 1
47 32 7
47 33 6
47 34 8
47 35 8
47 36 8
47 37 1
47 38 6
47 39 9
47 40 5
47 41 8
47 42 8
47 43 4
47 44 8
47 45 8
47 46 9
48 0 7
48 1 7
48 2 2
48 3 6
48 4 8
48 5 8
48 6 9
48 7 5
48 8 1
48 9 7
48 10 3
48 11 6
48 12 7
48 13 3
48 14 8
48 15 8
48 16 1
48 17 7
48 18 7
48 19 4
48 20 5
48 21 9
48 22 9
48 23 3
48 24 6
48 25 2
48 26 3
48 27 7
48 28 5
48 29 6
48 30 2
48 31 5
48 32 1
48 33 6
48 34 8
48 35 4
48 36 4
48 37 9
48 38 2
48 39 3
48 40 7
48 41 9
48 42 5
48 43 2
48 44 5
48 45 7
48 46 4
48 47 9
49 0 3
49 1 1
49 2 8
49 3 3
49 4 1
49 5 1
49 6 5
49 7 4
49 8 9
49 9 3
49 10 3
49 11 3
49 12 3
49 13 9
49 14 3
49 15 6
49 16 8
49 17 8
49 18 1
49 19 4
49 20 3
49 21 4
49 22 6
49 23 8
49 24 4
49 25 7
49 26 6
49 27 3
49 28 1
49 29 8
49 30 9
49 31 1
49 32 8
49 33 9
49 34 4
49 35 7
49 36 3
49 37 9
49 38 3
49 39 9
49 40 5
49 41 8
49 42 1
49 43 2
49 44 7
49 45 4
49 46 2
49 47 2
49 48 1
50 0 7
50 1 2
50 2 4
50 3 3
50 4 1
50 5 2
50 6 2
50 7 4
50 8 4
50 9 1
50 10 1
50 11 7
50 12 3
50 13 3
50 14 7
50 15 8
50 16 6
50 17 9
50 18 7
50 19 8
50 20 3
50 21 4
50 22 8
50 23 5
50 24 5
50 25 2
50 26 3
50 27 3
50 28 4
50 29 4
50 30 1
50 31 2
50 32 8
50 33 4
50 34 7
50 35 4
50 36 8
50 37 2
50 38 5
50 39 2
50 40 9
50 41 6
50 42 3
50 43 2
50 44 5
50 45 3
50 46 8
50 47 1
50 48 9
50 49 1
51 0 2
51 1 1
51 2 6
51 3 3
51 4 1
51 5 8
51 6 3
51 7 9
51 8 3
51 9 6
51 10 7
51 11 8
51 12 6
51 13 6
51 14 7
51 15 1
51 16 3
51 17 9
51 18 2
51 19 1
51 20 5
51 21 2
51 22 4
51 23 8
51 24 7
51 25 2
51 26 2
51 27 3
51 28 9
51 29 2
51 30 6
51 31 4
51 32 8
51 33 4
51 34 3
51 35 7
51 36 5
51 37 7
51 38 1
51 39 6
51 40 1
51 41 4
51 42 2
51 43 7
51 44 1
51 45 2
51 46 5
51 47 5
51 48 4
51 49 6
51 50 6
52 0 8
52 1 8
52 2 7
52 3 3
52 4 3
52 5 3
52 6 9
52 7 4
52 8 7
52 9 4
52 10 2
52 11 8
52 12 2
52 13 2
52 14 9
52 15 8
52 16 6
52 17 1
52 18 8
52 19 9
52 20 5
52 21 9
52 22 8
52 23 5
52 24 3
52 25 8
52 26 8
52 27 5
52 28 7
52 29 8
52 30 3
52 31 3
52 32 4
52 33 4
52 34 9
52 35 1
52 36 2
52 37 7
52 38 4
52 39 2
52 40 4
52 41 9
52 42 1
52 43 2
52 44 6
52 45 2
52 46 9
52 47 9
52 48 9
52 49 4
52 50 1
52 51 5
53 0 3
53 1 1
53 2 5
53 3 4
53 4 3
53 5 6
53 6 3
53 7 4
53 8 3
53 9 9
53 10 5
53 11 5
53 12 9
53 13 8
53 14 6
53 15 3
53 16 4
53 17 1
53 18 5
53 19 8
53 20 8
53 21 5
53 22 8
53 23 6
53 24 4
53 25 4
53 26 9
53 27 2
53 28 8
53 29 7
53 30 4
53 31 4
53 32 4
53 33 2
53 34 6
53 35 4
53 36 6
53 37 7
53 38 3
53 39 5
53 40 7
53 41 6
53 42 4
53 43 6
53 44 4
53 45 7
53 46 4
53 47 4
53 48 5
53 49 7
53 50 4
53 51 6
53 52 9
54 0 9
54 1 9
54 2 5
54 3 9
54 4 5
54 5 4
54 6 7
54 7 4
54 8 7
54 9 9
54 10 5
54 11 1
54 12 7
54 13 6
54 14 4
54 15 1
54 16 4
54 17 4
54 18 7
54 19 6
54 20 6
54 21 5
54 22 2
54 23 7
54 24 6
54 25 1
54 26 8
54 27 6
54 28 2
54 29 4
54 30 6
54 31 8
54 32 7
54 33 4
54 34 4
54 35 9
54 36 2
54 37 9
54 38 1
54 39 2
54 40 2
54 41 8
54 42 6
54 43 6
54 44 2
54 45 8
54 46 3
54 47 5
54 48 1
54 49 9
54 50 4
54 51 3
54 52 1
54 53 2
55 0 5
55 1 5
55 2 6
55 3 3
55 4 6
55 5 8
55 6 1
55 7 1
55 8 7
55 9 1
55 10 5
55 11 8
55 12 7
55 13 6
55 14 4
55 15 8
55 16 6
55 17 9
55 18 4
55 19 1
55 20 7
55 21 9
55 22 7
55 23 3
55 24 3
55 25 9
55 26 1
55 27 5
55 28 1
55 29 4
55 30 5
55 31 7
55 32 8
55 33 3
55 34 4
55 35 5
55 36 5
55 37 1
55 38 1
55 39 1
55 40 7
55 41 3
55 42 3
55 43 5
55 44 4
55 45 5
55 46 1
55 47 5
55 48 1
55 49 7
55 50 6
55 51 4
55 52 4
55 53 9
55 54 4
56 0 6
56 1 9
56 2 6
56 3 7
56 4 7
56 5 3
56 6 7
56 7 9
56 8 8
56 9 3
56 10 9
56 11 2
56 12 1
56 13 6
56 14 2
56 15 9
56 16 9
56 17 7
56 18 3
56 19 2
56 20 2
56 21 7
56 22 1
56 23 6
56 24 7
56 25 8
56 26 4
56 27 1
56 28 3
56 29 3
56 30 9
56 31 7
56 32 4
56 33 3
56 34 8
56 35 3
56 36 2
56 37 3
56 38 1
56 39 5
56 40 5
56 41 5
56 42 1
56 43 6
56 44 8
56 45 9
56 46 2
56 47 9
56 48 3
56 49 4
56 50 7
56 51 1
56 52 6
56 53 2
56 54 1
56 55 7
57 0 2
57 1 4
57 2 9
57 3 1
57 4 7
57 5 4
57 6 3
57 7 1
57 8 4
57 9 4
57 10 6
57 11 4
57 12 1
57 13 6
57 14 4
57 15 4
57 16 6
57 17 6
57 18 3
57 19 6
57 20 1
57 21 4
57 22 1
57 23 5
57 24 3
57 25 2
57 26 3
57 27 9
57 28 7
57 29 6
57 30 2
57 31 7
57 32 7
57 33 1
57 34 2
57 35 1
57 36 3
57 37 5
57 38 1
57 39 7
57 40 7
57 41 7
57 42 1
57 43 6
57 44 6
57 45 4
57 46 8
57 47 1
57 48 1
57 49 5
57 50 9
57 51 4
57 52 2
57 53 6
57 54 7
57 55 3
57 56 2
58 0 3
58 1 2
58 2 7
58 3 5
58 4 9
58 5 2
58 6 7
58 7 2
58 8 5
58 9 7
58 10 3
58 11 2
58 12 7
58 13 5
58 14 9
58 15 4
58 16 4
58 17 8
58 18 8
58 19 5
58 20 2
58 21 9
58 22 7
58 23 7
58 24 3
58 25 5
58 26 3
58 27 8
58 28 9
58 29 2
58 30 8
58 31 2
58 32 7
58 33 5
58 34 7
58 35 1
58 36 3
58 37 3
58 38 4
58 39 1
58 40 4
58 41 6
58 42 9
58 43 5
58 44 8
58 45 5
58 46 7
58 47 9
58 48 8
58 49 4
58 50 6
58 51 2
58 52 3
58 53 3
58 54 6
58 55 2
58 56 3
58 57 4
59 0 5
59 1 2
59 2 4
59 3 6
59 4 9
59 5 8
59 6 3
59 7 1
59 8 4
59 9 7
59 10 4
59 11 7
59 12 4
59 13 6
59 14 5
59 15 8
59 16 9
59 17 8
59 18 5
59 19 7
59 20 6
59 21 2
59 22 2
59 23 6
59 24 5
59 25 2
59 26 8
59 27 2
59 28 6
59 29 6
59 30 2
59 31 2
59 32 4
59 33 5
59 34 3
59 35 5
59 36 8
59 37 2
59 38 7
59 39 8
59 40 1
59 41 3
59 42 3
59 43 2
59 44 3
59 45 1
59 46 3
59 47 6
59 48 7
59 49 8
59 50 9
59 51 2
59 52 9
59 53 6
59 54 1
59 55 9
59 56 7
59 57 7
59 58 6
