40
1 0 4
3 1 1
3 2 8
4 1 4
4 2 8
4 3 4
5 3 7
5 4 3
6 0 4
6 1 2
6 2 1
6 4 7
6 5 3
7 0 5
7 3 6
7 4 7
7 5 6
8 0 1
8 1 7
8 3 1
8 4 3
8 7 8
9 1 6
9 3 6
9 5 8
9 7 7
10 0 5
10 2 5
10 6 3
10 8 1
11 2 6
11 3 3
11 6 2
11 8 7
11 9 6
11 10 4
12 1 7
12 3 4
12 5 3
12 6 4
12 7 6
12 10 6
13 1 1
13 2 1
13 3 1
13 5 1
13 6 7
13 9 5
13 12 1
14 0 6
14 1 2
14 3 5
14 4 8
14 5 4
14 6 5
14 7 8
14 10 1
14 12 6
14 13 2
15 3 5
15 4 7
15 5 8
15 7 1
15 8 4
15 10 7
15 12 2
16 3 2
16 4 7
16 5 4
16 6 8
16 9 7
16 10 3
16 13 2
16 14 2
17 0 6
17 1 3
17 3 3
17 4 5
17 7 2
17 12 7
17 13 8
17 15 8
17 16 4
18 0 3
18 1 3
18 3 5
18 4 8
18 5 4
18 6 3
18 7 6
18 8 7
18 9 2
18 13 7
18 14 3
19 0 3
19 1 6
19 2 3
19 5 1
19 9 5
19 10 8
19 13 5
19 14 7
19 16 7
20 3 5
20 7 7
20 9 5
20 11 3
20 12 8
20 14 4
20 15 8
20 16 1
20 17 2
20 18 3
21 0 4
21 1 3
21 12 6
21 16 2
21 18 4
21 19 7
22 0 1
22 2 8
22 3 4
22 5 7
22 6 8
22 7 6
22 9 5
22 10 3
22 11 2
22 12 5
22 14 1
22 16 2
22 17 3
22 19 4
22 21 2
23 0 8
23 6 1
23 9 8
23 10 4
23 11 5
23 13 5
23 16 3
23 19 6
23 20 6
23 22 2
24 1 8
24 2 6
24 3 6
24 5 3
24 7 4
24 10 2
24 15 7
24 19 6
24 21 5
24 22 2
24 23 1
25 1 2
25 5 1
25 6 4
25 7 3
25 8 7
25 9 1
25 10 8
25 11 1
25 13 8
25 15 7
25 19 2
25 21 4
26 1 2
26 4 3
26 5 8
26 10 2
26 11 7
26 14 4
26 16 1
26 17 5
26 18 4
26 19 1
26 21 6
26 22 7
26 23 6
27 0 3
27 1 3
27 3 7
27 6 6
27 7 8
27 8 4
27 9 8
27 11 4
27 12 3
27 13 2
27 14 6
27 17 2
27 18 6
27 20 5
27 21 5
27 23 2
27 26 5
28 5 6
28 6 4
28 8 8
28 9 8
28 11 2
28 12 6
28 23 7
28 25 7
29 1 1
29 2 7
29 3 5
29 5 5
29 6 6
29 8 6
29 10 3
29 12 6
29 14 7
29 15 7
29 16 8
29 19 6
29 20 3
29 21 1
29 22 7
29 26 6
29 28 5
30 2 4
30 3 7
30 4 4
30 5 6
30 6 2
30 7 5
30 9 2
30 10 7
30 12 4
30 14 5
30 15 2
30 17 2
30 18 2
30 19 8
30 21 5
30 22 7
30 23 1
30 24 7
30 26 3
30 27 5
30 28 6
30 29 3
31 2 5
31 4 7
31 5 7
31 6 6
31 9 2
31 10 1
31 11 1
31 12 8
31 14 6
31 15 1
31 16 3
31 19 7
31 20 1
31 23 6
31 26 8
31 27 3
31 28 8
31 29 1
32 0 4
32 1 8
32 3 8
32 7 2
32 9 3
32 10 2
32 14 4
32 15 8
32 17 8
32 18 7
32 19 1
32 20 4
32 21 3
32 22 2
32 27 4
32 29 6
32 30 2
32 31 2
33 0 3
33 4 7
33 6 5
33 7 5
33 8 1
33 13 4
33 14 1
33 16 2
33 17 8
33 18 7
33 19 2
33 22 2
33 25 8
33 26 8
33 27 8
33 29 5
34 0 8
34 1 2
34 2 3
34 10 7
34 11 1
34 12 6
34 15 4
34 16 5
34 18 8
34 20 6
34 21 3
34 22 8
34 23 7
34 24 3
34 25 4
34 26 4
34 27 7
34 28 1
34 29 7
34 30 4
34 31 1
34 33 8
35 2 7
35 4 1
35 5 3
35 7 3
35 8 8
35 10 8
35 15 3
35 16 8
35 18 2
35 22 2
35 23 1
35 25 1
35 26 5
35 27 4
35 29 7
35 32 7
36 0 8
36 5 8
36 8 4
36 9 6
36 10 7
36 12 5
36 13 4
36 16 5
36 19 2
36 20 5
36 24 2
36 30 2
36 31 1
36 32 4
37 1 7
37 3 3
37 5 8
37 6 6
37 7 7
37 10 7
37 13 5
37 15 4
37 16 4
37 18 5
37 20 4
37 26 7
37 27 3
37 28 6
37 30 7
37 31 1
37 32 4
37 34 1
37 35 8
38 0 5
38 7 2
38 8 1
38 11 5
38 12 1
38 14 8
38 16 6
38 18 5
38 19 6
38 21 8
38 22 3
38 24 3
38 26 1
38 27 5
38 30 2
38 32 4
38 33 4
38 36 6
39 0 2
39 1 8
39 3 8
39 8 7
39 10 1
39 12 4
39 13 7
39 15 4
39 18 4
39 20 3
39 22 7
39 23 3
39 24 3
39 26 7
39 27 4
39 30 3
39 31 1
39 32 5
39 33 6
39 34 2
39 35 6
39 37 4
39 38 4
