40
1 0 1
2 0 1
3 0 1
3 1 1
3 2 2
4 1 2
5 0 2
5 2 2
5 3 1
6 2 1
7 0 1
7 2 2
7 4 2
7 5 2
7 6 2
8 0 1
8 4 1
8 5 2
8 7 1
9 1 2
9 3 2
9 4 2
9 5 1
9 6 1
9 8 1
10 0 2
10 1 1
10 2 2
10 4 2
10 6 1
10 7 1
10 8 2
11 3 2
11 5 2
11 6 1
11 7 2
11 8 1
11 9 1
12 1 1
12 6 1
12 7 2
12 9 1
12 10 1
13 1 1
13 2 2
13 4 1
13 5 2
13 6 1
13 8 2
13 9 1
13 12 1
14 0 1
14 2 1
14 4 2
14 7 2
14 12 1
14 13 2
15 0 2
15 4 1
15 5 1
15 8 2
15 9 1
15 10 2
15 11 1
15 12 1
15 13 2
15 14 1
16 1 2
16 2 1
16 4 2
16 5 2
16 7 1
16 9 2
16 13 1
16 14 1
16 15 1
17 1 2
17 5 1
17 11 2
17 12 2
17 13 2
17 14 2
17 15 2
17 16 1
18 2 2
18 4 1
18 11 1
18 12 2
18 13 2
18 14 1
18 15 1
19 1 2
19 4 2
19 8 1
19 9 1
19 11 2
19 12 2
19 16 2
19 17 2
20 0 1
20 2 1
20 4 1
20 7 2
20 8 1
20 9 1
20 11 1
20 12 1
20 13 1
20 15 2
20 16 1
20 17 1
20 18 2
20 19 1
21 3 1
21 4 2
21 5 1
21 6 1
21 9 2
21 10 2
21 11 2
21 14 1
21 15 2
21 16 2
21 18 1
21 19 1
21 20 2
22 0 1
22 1 2
22 2 1
22 3 1
22 4 1
22 5 1
22 6 2
22 8 1
22 9 2
22 11 1
22 12 2
22 15 2
22 16 2
22 17 2
22 18 1
22 19 1
22 20 2
23 0 1
23 1 2
23 3 2
23 4 2
23 6 2
23 8 2
23 9 1
23 13 1
23 14 1
23 15 2
23 19 1
23 21 1
23 22 1
24 0 1
24 1 2
24 2 2
24 3 1
24 4 2
24 6 2
24 10 1
24 11 1
24 13 1
24 17 2
24 18 2
24 21 1
24 23 1
25 1 1
25 4 1
25 5 1
25 7 1
25 8 1
25 10 1
25 11 1
25 12 2
25 13 1
25 14 2
25 15 1
25 20 1
25 21 2
25 22 1
26 3 1
26 4 1
26 7 1
26 8 2
26 9 2
26 10 2
26 11 1
26 12 2
26 13 1
26 14 2
26 17 1
26 18 2
26 20 1
26 21 2
26 22 1
26 23 1
26 25 2
27 2 2
27 3 2
27 4 1
27 5 2
27 8 1
27 13 2
27 16 2
27 21 1
28 0 2
28 4 1
28 5 2
28 7 2
28 8 2
28 9 1
28 11 2
28 13 1
28 14 1
28 16 1
28 19 1
28 20 2
28 27 2
29 0 2
29 2 1
29 3 1
29 5 2
29 6 2
29 11 2
29 13 2
29 15 1
29 16 2
29 23 2
29 25 2
30 1 1
30 3 1
30 4 1
30 6 1
30 13 2
30 16 2
30 22 2
30 24 1
30 25 2
30 26 2
30 28 1
30 29 1
31 3 1
31 6 1
31 7 1
31 9 1
31 10 1
31 12 1
31 13 1
31 14 2
31 15 1
31 17 2
31 20 1
31 21 1
31 22 1
31 24 1
31 25 2
31 26 2
31 28 1
31 30 2
32 0 1
32 1 2
32 3 2
32 6 1
32 7 1
32 8 2
32 10 2
32 11 1
32 12 1
32 13 1
32 14 1
32 16 1
32 18 2
32 20 1
32 23 2
32 25 1
32 27 2
32 28 2
32 31 1
33 0 1
33 3 1
33 6 1
33 7 1
33 8 2
33 12 1
33 13 1
33 18 1
33 21 2
33 22 2
33 23 2
33 24 2
33 25 1
33 26 1
33 27 1
33 28 2
33 29 2
33 30 2
33 31 2
33 32 1
34 0 2
34 2 1
34 3 2
34 6 1
34 7 2
34 13 1
34 16 2
34 19 2
34 21 2
34 22 2
34 24 1
34 25 1
34 26 2
34 29 1
35 1 2
35 3 2
35 4 1
35 5 1
35 7 1
35 8 1
35 9 2
35 10 2
35 12 2
35 14 1
35 16 1
35 19 2
35 20 1
35 22 2
35 23 1
35 25 1
35 30 1
35 34 2
36 1 1
36 8 2
36 9 2
36 10 1
36 11 2
36 13 2
36 14 1
36 15 1
36 21 1
36 23 1
36 25 2
36 27 2
36 29 2
36 31 1
36 32 1
36 34 1
37 0 2
37 1 2
37 5 2
37 7 1
37 9 1
37 12 2
37 14 2
37 15 2
37 17 2
37 19 1
37 20 1
37 21 2
37 24 1
37 27 1
37 30 2
37 35 1
38 1 2
38 3 1
38 8 2
38 11 1
38 13 1
38 14 2
38 15 2
38 17 1
38 21 2
38 25 1
38 26 1
38 29 2
38 30 2
38 31 1
38 33 2
38 34 1
38 36 1
38 37 1
39 0 2
39 3 2
39 6 2
39 10 1
39 12 1
39 17 2
39 18 2
39 22 1
39 27 1
39 31 2
39 32 1
39 35 2
39 36 2
39 38 2
