30
1 0 2
2 0 2
2 1 2
3 0 1
3 1 1
3 2 2
4 0 2
4 1 1
4 2 2
4 3 2
5 0 2
5 1 2
5 2 2
5 3 1
5 4 2
6 0 1
6 1 2
6 2 2
6 3 1
6 4 1
6 5 1
7 0 1
7 1 1
7 2 2
7 3 1
7 4 2
7 5 1
7 6 1
8 0 2
8 1 2
8 2 2
8 3 2
8 4 2
8 5 2
8 6 2
8 7 2
9 0 2
9 1 1
9 2 1
9 3 1
9 4 2
9 5 2
9 6 2
9 7 2
9 8 1
10 0 1
10 1 1
10 2 2
10 3 1
10 4 2
10 5 1
10 6 1
10 7 2
10 8 1
10 9 1
11 0 2
11 1 1
11 2 2
11 3 2
11 4 1
11 5 2
11 6 1
11 7 1
11 8 2
11 9 2
11 10 1
12 0 1
12 1 2
12 2 2
12 3 2
12 4 2
12 5 2
12 6 2
12 7 1
12 8 2
12 9 1
12 10 2
12 11 1
13 0 2
13 1 2
13 2 2
13 3 1
13 4 1
13 5 2
13 6 1
13 7 2
13 8 2
13 9 1
13 10 2
13 11 2
13 12 1
14 0 1
14 1 2
14 2 1
14 3 2
14 4 2
14 5 1
14 6 1
14 7 2
14 8 2
14 9 1
14 10 1
14 11 2
14 12 2
14 13 2
15 0 1
15 1 2
15 2 2
15 3 2
15 4 2
15 5 1
15 6 1
15 7 1
15 8 1
15 9 1
15 10 1
15 11 2
15 12 2
15 13 2
15 14 2
16 0 2
16 1 1
16 2 2
16 3 2
16 4 2
16 5 1
16 6 2
16 7 1
16 8 2
16 9 1
16 10 2
16 11 2
16 12 1
16 13 2
16 14 1
16 15 1
17 0 2
17 1 2
17 2 1
17 3 2
17 4 1
17 5 2
17 6 1
17 7 1
17 8 2
17 9 2
17 10 2
17 11 2
17 12 1
17 13 1
17 14 1
17 15 1
17 16 2
18 0 1
18 1 2
18 2 1
18 3 1
18 4 2
18 5 1
18 6 1
18 7 1
18 8 2
18 9 2
18 10 2
18 11 1
18 12 1
18 13 1
18 14 2
18 15 1
18 16 2
18 17 1
19 0 2
19 1 1
19 2 1
19 3 1
19 4 2
19 5 1
19 6 1
19 7 1
19 8 1
19 9 2
19 10 2
19 11 1
19 12 2
19 13 2
19 14 1
19 15 1
19 16 2
19 17 1
19 18 1
20 0 1
20 1 2
20 2 2
20 3 2
20 4 1
20 5 1
20 6 2
20 7 1
20 8 2
20 9 2
20 10 1
20 11 2
20 12 2
20 13 2
20 14 2
20 15 2
20 16 1
20 17 2
20 18 2
20 19 2
21 0 2
21 1 1
21 2 2
21 3 2
21 4 2
21 5 1
21 6 1
21 7 1
21 8 2
21 9 1
21 10 1
21 11 1
21 12 2
21 13 1
21 14 2
21 15 2
21 16 2
21 17 2
21 18 1
21 19 2
21 20 1
22 0 2
22 1 2
22 2 1
22 3 1
22 4 1
22 5 1
22 6 2
22 7 1
22 8 1
22 9 2
22 10 1
22 11 1
22 12 2
22 13 2
22 14 1
22 15 2
22 16 1
22 17 2
22 18 1
22 19 2
22 20 2
22 21 1
23 0 2
23 1 1
23 2 2
23 3 1
23 4 1
23 5 1
23 6 2
23 7 2
23 8 2
23 9 2
23 10 1
23 11 1
23 12 2
23 13 2
23 14 1
23 15 2
23 16 1
23 17 2
23 18 2
23 19 1
23 20 2
23 21 1
23 22 1
24 0 2
24 1 2
24 2 1
24 3 2
24 4 1
24 5 1
24 6 2
24 7 2
24 8 2
24 9 1
24 10 1
24 11 1
24 12 1
24 13 1
24 14 1
24 15 2
24 16 1
24 17 1
24 18 1
24 19 2
24 20 2
24 21 2
24 22 1
24 23 2
25 0 2
25 1 2
25 2 2
25 3 1
25 4 1
25 5 1
25 6 2
25 7 1
25 8 1
25 9 2
25 10 2
25 11 2
25 12 1
25 13 2
25 14 1
25 15 1
25 16 1
25 17 1
25 18 2
25 19 1
25 20 1
25 21 2
25 22 2
25 23 1
25 24 2
26 0 1
26 1 1
26 2 1
26 3 1
26 4 2
26 5 2
26 6 1
26 7 1
26 8 2
26 9 2
26 10 1
26 11 1
26 12 2
26 13 2
26 14 2
26 15 1
26 16 2
26 17 1
26 18 1
26 19 2
26 20 1
26 21 1
26 22 2
26 23 2
26 24 1
26 25 1
27 0 2
27 1 2
27 2 1
27 3 2
27 4 1
27 5 1
27 6 2
27 7 1
27 8 2
27 9 2
27 10 2
27 11 1
27 12 1
27 13 1
27 14 1
27 15 1
27 16 1
27 17 2
27 18 2
27 19 2
27 20 1
27 21 1
27 22 2
27 23 1
27 24 2
27 25 2
27 26 2
28 0 1
28 1 2
28 2 2
28 3 1
28 4 1
28 5 1
28 6 2
28 7 2
28 8 2
28 9 2
28 10 1
28 11 2
28 12 2
28 13 2
28 14 1
28 15 1
28 16 1
28 17 1
28 18 2
28 19 1
28 20 1
28 21 2
28 22 2
28 23 1
28 24 2
28 25 1
28 26 2
28 27 2
29 0 1
29 1 1
29 2 2
29 3 2
29 4 2
29 5 1
29 6 1
29 7 1
29 8 2
29 9 1
29 10 2
29 11 2
29 12 2
29 13 1
29 14 2
29 15 1
29 16 2
29 17 2
29 18 1
29 19 2
29 20 2
29 21 2
29 22 2
29 23 1
29 24 2
29 25 2
29 26 2
29 27 1
29 28 2
