30
1 0 3
2 0 6
3 0 5
3 1 1
4 1 7
5 0 7
5 3 6
6 1 4
6 3 4
6 5 11
7 1 3
7 2 7
7 4 3
7 5 4
7 6 10
8 2 8
8 4 4
8 6 8
8 7 7
9 0 10
9 1 6
9 2 5
9 3 1
9 5 11
9 6 1
9 7 6
9 8 4
10 3 2
10 6 1
10 7 3
10 8 2
11 2 9
11 4 9
11 6 8
11 7 2
11 8 10
11 9 7
12 1 2
12 2 1
12 4 5
12 5 2
12 6 8
12 10 9
13 1 5
13 4 2
13 7 7
13 8 6
13 9 4
13 10 8
14 0 9
14 1 4
14 3 10
14 7 7
14 11 3
14 12 7
15 3 1
15 9 5
15 10 6
15 13 5
15 14 4
16 3 9
16 10 11
16 14 7
16 15 8
17 4 8
17 7 7
17 8 9
17 9 2
17 10 6
17 11 5
17 13 2
17 14 5
17 16 9
18 0 8
18 2 2
18 3 6
18 4 11
18 7 9
18 9 3
18 12 10
18 14 4
18 16 5
19 0 2
19 1 9
19 2 1
19 3 3
19 4 4
19 7 5
19 8 10
19 10 8
19 11 10
19 12 1
19 13 11
19 15 1
19 16 2
19 17 10
20 5 10
20 6 10
20 9 10
20 10 9
20 11 8
20 12 2
20 13 5
20 14 4
20 17 2
21 1 6
21 10 5
21 12 3
21 15 5
21 17 2
22 0 6
22 1 1
22 3 3
22 11 2
22 14 6
22 17 8
23 0 11
23 1 7
23 3 10
23 5 3
23 6 11
23 7 8
23 8 11
23 12 8
23 13 1
23 14 1
23 18 8
23 19 3
24 2 11
24 3 6
24 4 9
24 6 6
24 10 11
24 16 2
24 17 5
24 18 1
24 19 2
24 20 11
24 22 4
25 0 5
25 1 9
25 2 2
25 3 1
25 4 7
25 6 8
25 7 8
25 8 8
25 15 3
25 16 1
25 17 11
25 19 11
25 21 6
25 23 6
25 24 5
26 1 3
26 2 3
26 5 1
26 6 7
26 7 3
26 8 6
26 9 10
26 10 7
26 11 2
26 13 3
26 16 1
26 19 9
26 21 2
26 22 5
26 25 9
27 1 4
27 2 8
27 5 8
27 9 3
27 11 8
27 13 7
27 17 7
27 18 7
27 19 5
27 20 10
27 22 9
27 24 7
27 25 5
27 26 7
28 0 6
28 1 1
28 2 7
28 3 9
28 5 2
28 6 11
28 7 5
28 9 10
28 11 6
28 12 11
28 14 7
28 15 8
28 17 1
28 18 6
28 21 11
28 27 1
29 0 3
29 6 9
29 7 8
29 8 9
29 9 5
29 11 1
29 13 1
29 14 6
29 16 9
29 17 2
29 19 5
29 22 1
29 23 4
29 28 3
