30
2 0 9
3 0 6
3 1 10
4 1 2
4 3 7
6 0 4
6 4 4
6 5 1
7 1 6
7 2 2
7 4 7
7 5 5
8 2 7
8 3 2
8 4 6
8 5 4
8 7 7
10 0 6
10 4 5
10 5 9
10 6 3
10 7 8
10 8 9
10 9 4
11 0 9
11 4 5
11 5 3
11 6 7
11 7 5
11 8 2
11 9 8
12 0 8
12 2 9
12 3 1
12 4 5
12 7 10
12 10 3
12 11 10
13 0 7
13 3 1
13 4 2
13 6 7
13 9 6
13 12 8
14 1 1
14 3 9
14 4 4
14 6 9
14 7 3
14 8 8
14 11 3
14 13 5
15 0 8
15 1 5
15 4 8
15 5 10
15 6 3
15 7 8
15 10 1
15 11 1
15 13 7
15 14 5
16 0 7
16 1 7
16 3 6
16 5 10
16 6 4
16 10 3
16 12 1
16 13 10
17 2 7
17 3 6
17 6 6
17 7 8
17 11 3
17 14 10
17 16 6
18 1 8
18 3 1
18 6 1
18 8 4
18 11 9
18 12 3
18 13 9
18 16 2
18 17 8
19 1 6
19 2 9
19 3 1
19 4 7
19 7 7
19 10 8
19 11 5
19 15 9
19 17 5
19 18 8
20 3 5
20 4 8
20 8 10
20 9 9
20 10 3
20 12 2
20 13 10
20 14 5
20 15 10
20 16 1
20 18 10
20 19 6
21 3 9
21 4 6
21 7 10
21 9 9
21 10 6
21 12 4
21 16 2
21 18 10
21 19 1
22 0 1
22 2 5
22 6 9
22 7 7
22 8 3
22 9 7
22 14 6
22 16 1
22 17 4
22 19 4
22 20 1
22 21 10
23 2 1
23 3 4
23 6 2
23 7 6
23 8 8
23 9 5
23 11 3
23 13 1
23 14 10
23 15 8
23 17 3
23 18 10
23 19 4
24 1 2
24 2 6
24 4 10
24 6 2
24 7 6
24 10 3
24 13 8
24 14 8
24 16 9
24 17 1
24 18 3
24 21 5
24 22 6
24 23 6
25 0 1
25 2 10
25 3 4
25 5 9
25 6 2
25 7 4
25 8 2
25 9 9
25 10 8
25 11 7
25 14 2
25 21 1
26 0 10
26 6 10
26 7 5
26 13 2
26 16 10
26 17 9
26 18 9
26 25 1
27 0 8
27 5 5
27 6 2
27 9 4
27 11 5
27 12 9
27 13 9
27 23 9
27 24 10
27 25 3
27 26 7
28 2 8
28 6 7
28 7 8
28 10 5
28 11 8
28 13 1
28 17 10
28 18 4
28 19 1
28 21 4
28 22 4
28 24 10
29 5 10
29 6 7
29 8 6
29 10 2
29 11 8
29 12 8
29 17 7
29 21 7
29 22 9
29 23 3
29 24 8
29 25 9
