30
1 0 8
2 0 13
2 1 8
3 0 12
3 1 9
3 2 6
4 0 2
4 1 7
4 2 5
4 3 12
5 0 2
5 1 4
5 2 1
5 3 5
5 4 12
6 0 7
6 1 12
6 2 6
6 3 8
6 4 1
6 5 3
7 0 9
7 1 6
7 2 13
7 3 8
7 4 3
7 5 1
7 6 13
8 0 13
8 1 3
8 2 12
8 3 4
8 4 2
8 5 3
8 6 10
8 7 2
9 0 2
9 1 11
9 2 13
9 3 8
9 4 7
9 5 1
9 6 8
9 7 6
9 8 7
10 0 1
10 1 12
10 2 5
10 3 4
10 4 2
10 5 5
10 6 4
10 7 2
10 8 1
10 9 5
11 0 4
11 1 12
11 2 8
11 3 4
11 4 9
11 5 11
11 6 5
11 7 3
11 8 10
11 9 11
11 10 4
12 0 2
12 1 10
12 2 6
12 3 12
12 4 11
12 5 12
12 6 8
12 7 9
12 8 2
12 9 7
12 10 3
12 11 2
13 0 9
13 1 8
13 2 12
13 3 11
13 4 10
13 5 4
13 6 5
13 7 6
13 8 6
13 9 13
13 10 13
13 11 13
13 12 11
14 0 6
14 1 10
14 2 1
14 3 10
14 4 4
14 5 1
14 6 9
14 7 5
14 8 6
14 9 12
14 10 5
14 11 9
14 12 2
14 13 2
15 0 1
15 1 7
15 2 6
15 3 7
15 4 2
15 5 13
15 6 7
15 7 2
15 8 11
15 9 5
15 10 13
15 11 5
15 12 13
15 13 8
15 14 3
16 0 6
16 1 9
16 2 9
16 3 9
16 4 5
16 5 13
16 6 9
16 7 5
16 8 5
16 9 1
16 10 5
16 11 10
16 12 7
16 13 3
16 14 3
16 15 3
17 0 11
17 1 4
17 2 4
17 3 2
17 4 7
17 5 13
17 6 2
17 7 6
17 8 10
17 9 3
17 10 8
17 11 3
17 12 6
17 13 8
17 14 12
17 15 13
17 16 8
18 0 13
18 1 4
18 2 8
18 3 3
18 4 2
18 5 7
18 6 7
18 7 10
18 8 7
18 9 4
18 10 4
18 11 5
18 12 7
18 13 6
18 14 10
18 15 12
18 16 7
18 17 2
19 0 2
19 1 9
19 2 12
19 3 6
19 4 5
19 5 12
19 6 7
19 7 10
19 8 3
19 9 12
19 10 9
19 11 4
19 12 1
19 13 13
19 14 10
19 15 11
19 16 11
19 17 11
19 18 6
20 0 13
20 1 9
20 2 7
20 3 10
20 4 11
20 5 6
20 6 9
20 7 1
20 8 5
20 9 12
20 10 1
20 11 1
20 12 1
20 13 1
20 14 6
20 15 11
20 16 3
20 17 7
20 18 5
20 19 4
21 0 1
21 1 9
21 2 8
21 3 8
21 4 4
21 5 4
21 6 3
21 7 3
21 8 5
21 9 2
21 10 4
21 11 11
21 12 10
21 13 12
21 14 12
21 15 11
21 16 4
21 17 3
21 18 2
21 19 13
21 20 9
22 0 10
22 1 12
22 2 8
22 3 4
22 4 8
22 5 11
22 6 9
22 7 12
22 8 4
22 9 9
22 10 12
22 11 2
22 12 9
22 13 7
22 14 8
22 15 9
22 16 7
22 17 2
22 18 6
22 19 11
22 20 13
22 21 13
23 0 6
23 1 12
23 2 2
23 3 12
23 4 2
23 5 8
23 6 9
23 7 12
23 8 9
23 9 1
23 10 4
23 11 8
23 12 4
23 13 11
23 14 13
23 15 3
23 16 13
23 17 4
23 18 9
23 19 6
23 20 2
23 21 10
23 22 3
24 0 5
24 1 1
24 2 13
24 3 2
24 4 3
24 5 2
24 6 4
24 7 5
24 8 11
24 9 5
24 10 8
24 11 11
24 12 9
24 13 7
24 14 10
24 15 10
24 16 10
24 17 12
24 18 9
24 19 10
24 20 11
24 21 2
24 22 3
24 23 8
25 0 10
25 1 10
25 2 9
25 3 12
25 4 2
25 5 11
25 6 3
25 7 1
25 8 8
25 9 7
25 10 8
25 11 10
25 12 5
25 13 3
25 14 4
25 15 13
25 16 11
25 17 8
25 18 2
25 19 7
25 20 4
25 21 6
25 22 11
25 23 12
25 24 2
26 0 13
26 1 10
26 2 7
26 3 13
26 4 6
26 5 1
26 6 12
26 7 6
26 8 13
26 9 12
26 10 3
26 11 10
26 12 9
26 13 9
26 14 4
26 15 6
26 16 4
26 17 7
26 18 12
26 19 7
26 20 5
26 21 7
26 22 10
26 23 8
26 24 4
26 25 11
27 0 8
27 1 4
27 2 4
27 3 1
27 4 9
27 5 10
27 6 4
27 7 2
27 8 9
27 9 5
27 10 3
27 11 10
27 12 10
27 13 6
27 14 4
27 15 10
27 16 7
27 17 6
27 18 6
27 19 12
27 20 10
27 21 5
27 22 11
27 23 2
27 24 8
27 25 5
27 26 1
28 0 8
28 1 7
28 2 1
28 3 10
28 4 8
28 5 12
28 6 9
28 7 3
28 8 2
28 9 3
28 10 4
28 11 10
28 12 5
28 13 8
28 14 3
28 15 12
28 16 2
28 17 2
28 18 10
28 19 9
28 20 11
28 21 1
28 22 13
28 23 4
28 24 10
28 25 1
28 26 11
28 27 10
29 0 13
29 1 2
29 2 10
29 3 10
29 4 10
29 5 5
29 6 2
29 7 12
29 8 8
29 9 4
29 10 2
29 11 11
29 12 4
29 13 6
29 14 8
29 15 10
29 16 11
29 17 10
29 18 12
29 19 9
29 20 2
29 21 2
29 22 12
29 23 2
29 24 1
29 25 10
29 26 13
29 27 11
29 28 1
