20
1 0 5
2 0 3
2 1 3
3 0 9
3 1 7
3 2 8
4 0 8
4 1 4
4 2 5
4 3 12
5 0 3
5 1 13
5 2 12
5 3 6
5 4 8
6 0 5
6 1 7
6 2 13
6 3 12
6 4 6
6 5 3
7 0 11
7 1 1
7 2 5
7 3 1
7 4 7
7 5 7
7 6 6
8 0 3
8 1 1
8 2 12
8 3 2
8 4 2
8 5 8
8 6 8
8 7 7
9 0 1
9 1 7
9 2 4
9 3 12
9 4 1
9 5 9
9 6 9
9 7 4
9 8 13
10 0 4
10 1 7
10 2 3
10 3 12
10 4 10
10 5 13
10 6 10
10 7 2
10 8 3
10 9 5
11 0 5
11 1 1
11 2 4
11 3 6
11 4 6
11 5 6
11 6 7
11 7 3
11 8 5
11 9 5
11 10 12
12 0 7
12 1 4
12 2 2
12 3 4
12 4 2
12 5 2
12 6 4
12 7 6
12 8 2
12 9 11
12 10 6
12 11 2
13 0 7
13 1 12
13 2 12
13 3 11
13 4 6
13 5 6
13 6 3
13 7 12
13 8 4
13 9 11
13 10 4
13 11 3
13 12 12
14 0 3
14 1 13
14 2 10
14 3 9
14 4 13
14 5 7
14 6 7
14 7 2
14 8 2
14 9 8
14 10 13
14 11 11
14 12 2
14 13 2
15 0 4
15 1 8
15 2 12
15 3 10
15 4 5
15 5 5
15 6 8
15 7 7
15 8 1
15 9 1
15 10 5
15 11 12
15 12 13
15 13 5
15 14 3
16 0 12
16 1 9
16 2 1
16 3 3
16 4 11
16 5 2
16 6 3
16 7 1
16 8 8
16 9 8
16 10 11
16 11 13
16 12 5
16 13 4
16 14 12
16 15 5
17 0 6
17 1 12
17 2 11
17 3 6
17 4 6
17 5 1
17 6 6
17 7 12
17 8 5
17 9 5
17 10 13
17 11 1
17 12 9
17 13 7
17 14 1
17 15 11
17 16 2
18 0 13
18 1 2
18 2 4
18 3 10
18 4 4
18 5 8
18 6 12
18 7 9
18 8 1
18 9 13
18 10 7
18 11 8
18 12 4
18 13 5
18 14 13
18 15 2
18 16 4
18 17 10
19 0 13
19 1 10
19 2 13
19 3 6
19 4 13
19 5 6
19 6 8
19 7 7
19 8 7
19 9 7
19 10 2
19 11 6
19 12 10
19 13 1
19 14 13
19 15 5
19 16 12
19 17 7
19 18 7
