30
3 1 6
4 0 3
4 1 1
4 3 5
5 2 3
6 2 3
6 5 1
7 3 5
7 5 4
7 6 2
8 0 4
8 1 5
8 2 6
8 3 6
8 4 1
9 0 4
9 3 2
9 4 2
9 5 4
9 6 5
9 7 4
10 1 3
10 3 4
10 5 5
10 6 2
10 8 4
10 9 2
11 0 4
11 1 2
11 6 4
11 8 4
12 0 2
12 1 2
12 2 6
12 3 4
12 4 5
12 5 1
12 10 6
13 0 6
13 1 1
13 2 4
13 3 6
13 5 2
13 6 6
13 10 6
14 0 2
14 3 6
14 4 5
14 5 2
14 6 1
14 10 3
14 11 3
14 12 3
15 0 5
15 1 6
15 3 4
15 6 2
15 8 4
15 9 3
15 10 6
15 13 1
15 14 6
16 0 2
16 4 3
16 7 4
16 8 6
16 9 1
16 10 5
16 12 5
16 14 5
17 0 5
17 1 2
17 2 4
17 7 5
17 8 2
17 9 6
17 10 1
17 12 3
17 14 2
17 15 3
18 1 3
18 2 2
18 3 3
18 7 1
18 9 5
18 10 1
18 12 6
18 14 6
19 0 2
19 3 5
19 5 3
19 6 6
19 8 2
19 10 6
19 11 2
19 12 2
19 17 6
20 1 2
20 3 5
20 4 1
20 8 1
20 9 1
20 11 3
20 12 5
20 13 5
20 17 5
20 18 1
20 19 2
21 0 6
21 1 2
21 2 1
21 3 1
21 4 3
21 5 2
21 6 1
21 7 2
21 8 6
21 9 6
21 10 5
21 12 2
21 14 3
21 15 6
21 16 6
21 17 5
21 18 4
22 1 4
22 6 5
22 7 4
22 8 3
22 11 2
22 14 6
22 20 3
23 1 4
23 2 1
23 4 2
23 5 6
23 6 6
23 8 1
23 12 1
23 14 4
23 17 4
23 18 3
23 19 6
23 21 1
24 7 6
24 9 2
24 12 1
24 14 4
24 15 6
24 17 6
24 18 2
24 22 3
24 23 6
25 3 1
25 5 2
25 6 1
25 8 3
25 10 6
25 11 2
25 12 6
25 13 1
25 18 3
25 24 5
26 0 3
26 4 3
26 6 6
26 7 2
26 8 4
26 10 4
26 15 3
26 16 3
26 17 1
26 18 2
26 20 3
26 21 5
26 22 6
26 24 1
26 25 6
27 3 2
27 4 5
27 5 2
27 6 5
27 7 4
27 8 5
27 13 6
27 21 3
27 22 3
27 26 4
28 0 6
28 3 6
28 6 2
28 7 1
28 10 1
28 11 6
28 14 6
28 17 5
28 19 3
28 24 3
28 25 4
28 27 2
29 0 6
29 1 1
29 2 5
29 4 3
29 7 4
29 8 6
29 9 6
29 10 4
29 11 5
29 17 1
29 18 5
29 23 5
29 25 4
29 26 6
29 27 1
29 28 2
