70
2 1 2
3 1 9
4 0 9
5 0 4
5 1 6
5 2 6
6 0 5
6 5 4
7 0 5
7 1 4
7 2 9
7 3 7
8 0 9
8 1 5
8 4 8
8 5 4
9 1 2
9 2 8
9 3 5
9 6 2
9 7 9
9 8 1
10 3 1
10 4 8
10 7 11
10 9 6
11 0 11
11 1 2
11 2 1
11 3 4
11 4 4
11 6 5
11 8 1
12 2 7
12 3 10
12 5 6
12 6 10
12 9 7
12 11 11
13 2 9
13 3 4
13 4 10
13 5 11
13 6 2
13 9 6
13 10 8
13 11 9
13 12 7
14 0 9
14 2 9
14 4 3
14 8 2
14 9 3
14 10 2
14 13 1
15 0 6
15 1 9
15 2 5
15 3 3
15 4 7
15 5 7
15 6 7
15 10 4
15 14 9
16 3 4
16 6 11
16 7 1
16 11 4
16 12 5
16 13 9
16 14 10
17 7 5
17 10 6
17 12 2
17 13 2
17 14 7
17 15 11
18 3 10
18 4 3
18 5 5
18 6 10
18 8 9
18 14 1
18 15 11
18 17 2
19 1 3
19 4 4
19 6 1
19 7 9
19 9 1
19 11 6
19 12 8
19 16 11
19 17 3
20 0 5
20 1 3
20 7 11
20 10 5
20 15 6
20 16 10
20 17 10
20 19 9
21 0 4
21 2 6
21 8 10
21 9 8
21 10 6
21 11 6
21 12 9
21 13 6
21 14 9
21 17 7
21 18 11
21 19 7
22 3 1
22 4 4
22 5 5
22 6 7
22 8 7
22 9 5
22 10 9
22 12 5
22 14 5
22 15 8
22 18 4
22 20 9
23 0 9
23 3 9
23 4 8
23 5 2
23 7 1
23 10 10
23 11 1
23 13 10
23 14 3
23 15 11
23 16 3
24 0 1
24 1 5
24 3 7
24 4 8
24 6 8
24 7 10
24 8 11
24 12 10
24 14 3
24 15 10
24 16 5
24 17 5
24 19 6
25 0 8
25 1 10
25 3 10
25 6 4
25 7 11
25 9 3
25 10 1
25 11 1
25 12 11
25 13 5
25 17 10
25 18 8
25 20 1
25 21 5
25 22 8
25 23 2
26 2 6
26 4 6
26 5 10
26 13 11
26 14 3
26 15 3
26 20 4
26 21 9
26 24 8
27 4 9
27 6 4
27 8 2
27 10 11
27 11 8
27 14 6
27 15 2
27 16 10
27 21 11
27 22 4
27 24 4
28 0 6
28 1 4
28 3 9
28 4 2
28 5 3
28 6 5
28 7 7
28 10 8
28 12 11
28 14 5
28 16 5
28 19 9
28 25 10
28 26 5
28 27 1
29 0 4
29 1 8
29 3 10
29 9 4
29 10 4
29 11 10
29 12 4
29 13 3
29 14 2
29 17 2
29 18 4
29 19 7
29 20 4
29 21 7
29 23 7
29 24 10
29 26 3
29 27 9
30 0 9
30 2 1
30 3 5
30 7 6
30 9 5
30 10 8
30 15 9
30 16 6
30 19 4
30 22 4
30 23 7
30 25 11
31 0 10
31 1 7
31 3 6
31 6 6
31 9 11
31 10 1
31 11 1
31 14 9
31 15 10
31 18 3
31 19 11
31 20 1
31 21 8
31 25 10
31 28 3
32 0 9
32 2 4
32 8 5
32 13 1
32 18 10
32 20 9
32 23 11
32 25 8
32 27 3
32 30 10
33 0 5
33 1 4
33 3 7
33 4 1
33 5 1
33 7 6
33 8 4
33 11 2
33 12 6
33 15 6
33 16 6
33 17 6
33 19 11
33 22 10
33 23 9
33 25 7
33 30 7
33 32 1
34 0 6
34 2 5
34 3 6
34 4 4
34 8 5
34 11 1
34 13 6
34 16 6
34 18 6
34 20 4
34 22 2
34 30 2
35 2 10
35 3 11
35 4 1
35 7 10
35 11 10
35 12 6
35 15 3
35 17 2
35 19 5
35 20 3
35 24 10
35 27 8
35 28 11
35 32 4
36 1 5
36 2 8
36 3 8
36 6 2
36 7 3
36 8 10
36 9 9
36 10 11
36 13 7
36 15 1
36 16 6
36 17 2
36 19 9
36 20 10
36 21 4
36 22 10
36 23 4
36 28 11
36 29 9
36 34 3
36 35 5
37 4 9
37 6 1
37 7 10
37 10 3
37 11 7
37 12 10
37 13 3
37 16 9
37 19 8
37 20 10
37 21 1
37 22 9
37 23 2
37 24 1
37 28 6
37 32 10
37 33 2
37 34 11
37 35 1
37 36 9
38 6 7
38 9 5
38 10 9
38 11 10
38 12 8
38 13 8
38 14 4
38 15 6
38 17 3
38 18 3
38 19 5
38 20 3
38 33 2
38 35 2
38 36 5
38 37 7
39 3 10
39 4 4
39 5 4
39 6 7
39 8 9
39 10 2
39 14 2
39 15 2
39 17 5
39 18 10
39 19 2
39 22 3
39 23 3
39 24 7
39 25 6
39 28 1
39 31 7
39 32 5
39 33 8
39 34 3
39 36 4
39 38 5
40 0 7
40 2 8
40 5 4
40 6 2
40 7 4
40 8 5
40 11 6
40 15 6
40 19 9
40 21 6
40 23 2
40 29 8
40 32 2
40 33 10
40 35 9
40 38 10
41 0 3
41 7 5
41 10 5
41 13 5
41 14 3
41 15 9
41 19 3
41 20 11
41 21 6
41 22 5
41 26 3
41 29 6
41 32 1
41 33 10
41 36 2
41 37 3
41 40 11
42 0 10
42 1 5
42 2 3
42 7 6
42 10 4
42 13 10
42 17 5
42 18 5
42 19 7
42 20 3
42 21 7
42 22 7
42 24 5
42 28 10
42 30 4
42 31 6
42 34 4
42 36 3
42 37 4
42 39 7
42 41 2
43 0 5
43 1 1
43 2 4
43 9 1
43 10 8
43 13 1
43 14 5
43 15 2
43 16 10
43 17 8
43 23 1
43 24 7
43 25 5
43 27 11
43 28 11
43 30 5
43 33 7
43 34 8
43 36 8
43 37 11
43 38 3
43 39 5
43 40 8
43 41 10
43 42 6
44 1 11
44 2 8
44 3 3
44 4 2
44 6 1
44 10 5
44 11 5
44 17 5
44 19 11
44 23 4
44 26 6
44 28 7
44 31 7
44 33 9
44 40 1
44 42 3
45 1 10
45 3 5
45 4 5
45 5 1
45 7 3
45 8 6
45 10 2
45 13 1
45 15 10
45 16 1
45 20 8
45 22 11
45 23 6
45 24 2
45 25 10
45 26 10
45 27 1
45 28 9
45 29 1
45 33 4
45 35 6
45 37 6
45 39 3
45 40 5
45 41 10
45 42 1
45 44 5
46 2 9
46 3 1
46 4 3
46 10 2
46 11 4
46 12 4
46 15 11
46 17 10
46 19 8
46 21 1
46 22 8
46 25 8
46 26 6
46 27 4
46 28 1
46 32 9
46 36 8
46 38 8
46 44 4
47 3 2
47 5 4
47 7 6
47 10 9
47 11 7
47 12 6
47 16 5
47 19 8
47 20 8
47 21 9
47 23 9
47 24 11
47 25 5
47 26 4
47 27 10
47 28 8
47 30 1
47 32 10
47 33 11
47 35 5
47 37 7
47 38 7
47 39 5
47 41 10
47 42 9
47 46 4
48 1 8
48 5 10
48 8 1
48 10 8
48 12 7
48 15 4
48 22 7
48 23 4
48 25 9
48 27 9
48 29 5
48 32 3
48 34 4
48 35 7
48 38 2
48 39 3
48 40 9
48 43 4
48 44 6
48 45 9
48 47 7
49 0 9
49 1 2
49 3 4
49 4 8
49 5 9
49 7 10
49 8 7
49 10 6
49 12 11
49 13 11
49 14 4
49 15 3
49 17 2
49 19 10
49 20 8
49 21 6
49 24 11
49 27 2
49 29 1
49 31 5
49 34 2
49 35 6
49 36 10
49 42 9
49 43 9
49 44 5
49 45 8
49 46 3
49 48 5
50 0 11
50 1 10
50 4 4
50 6 2
50 7 1
50 8 5
50 10 10
50 11 4
50 12 9
50 13 5
50 14 3
50 16 6
50 17 7
50 18 9
50 19 5
50 20 4
50 23 9
50 27 4
50 28 7
50 29 4
50 30 4
50 34 1
50 35 10
50 36 5
50 38 10
50 40 10
50 41 1
50 43 8
50 44 7
50 48 1
51 3 2
51 4 11
51 7 1
51 8 3
51 10 6
51 15 8
51 16 2
51 18 11
51 20 2
51 24 7
51 25 11
51 26 4
51 27 4
51 33 7
51 34 3
51 37 8
51 39 4
51 41 7
51 42 6
51 43 6
51 45 5
51 46 4
51 48 10
52 0 1
52 1 8
52 4 4
52 5 9
52 6 4
52 7 11
52 8 4
52 9 6
52 11 1
52 13 9
52 15 7
52 16 1
52 17 5
52 19 1
52 21 7
52 23 8
52 24 7
52 26 10
52 27 3
52 30 5
52 32 7
52 33 2
52 36 3
52 37 4
52 38 11
52 41 8
52 42 7
52 43 10
52 44 2
52 47 1
52 48 9
52 49 9
53 0 2
53 2 9
53 3 4
53 4 9
53 5 3
53 7 6
53 8 6
53 9 3
53 10 10
53 11 8
53 13 8
53 16 9
53 17 1
53 18 5
53 19 6
53 20 5
53 22 2
53 26 10
53 27 1
53 29 9
53 32 11
53 33 3
53 34 10
53 35 9
53 37 8
53 38 1
53 40 10
53 42 6
53 43 9
53 44 8
53 45 11
53 46 6
53 48 2
53 52 8
54 0 5
54 3 8
54 5 4
54 6 11
54 7 1
54 8 10
54 9 7
54 12 1
54 14 1
54 15 7
54 18 7
54 20 5
54 21 11
54 25 10
54 26 9
54 27 2
54 33 1
54 34 4
54 36 11
54 38 11
54 39 4
54 45 5
54 47 10
54 48 3
54 49 11
54 50 10
54 51 4
54 52 3
54 53 2
55 0 4
55 2 5
55 4 8
55 5 5
55 8 6
55 10 10
55 11 11
55 13 7
55 15 4
55 16 1
55 21 10
55 24 8
55 26 2
55 28 6
55 32 4
55 33 10
55 35 9
55 37 10
55 38 7
55 39 7
55 44 11
55 46 7
55 47 10
55 50 11
55 51 8
56 0 2
56 2 7
56 3 9
56 4 1
56 6 10
56 7 1
56 11 9
56 12 7
56 15 9
56 19 5
56 22 2
56 24 1
56 26 8
56 28 6
56 30 1
56 36 3
56 39 1
56 42 6
56 43 5
56 44 6
56 47 2
56 48 2
56 49 6
56 52 4
56 53 9
57 0 3
57 4 7
57 5 9
57 9 2
57 10 1
57 11 5
57 12 7
57 14 11
57 15 11
57 18 1
57 19 4
57 23 10
57 24 6
57 28 4
57 31 11
57 36 9
57 37 10
57 38 1
57 39 2
57 40 6
57 41 6
57 44 2
57 47 6
57 48 4
57 51 10
57 53 8
57 54 7
57 56 6
58 0 2
58 1 5
58 3 10
58 4 7
58 5 9
58 8 2
58 9 6
58 10 4
58 12 8
58 17 11
58 23 7
58 24 7
58 25 11
58 28 1
58 29 9
58 30 9
58 31 8
58 32 2
58 34 7
58 39 1
58 40 10
58 42 3
58 43 6
58 48 5
58 49 8
58 50 8
58 52 10
58 55 7
58 56 11
58 57 8
59 0 5
59 5 4
59 6 3
59 7 4
59 8 1
59 10 4
59 11 2
59 14 2
59 15 4
59 16 8
59 18 10
59 21 9
59 22 4
59 23 9
59 25 10
59 26 1
59 34 11
59 35 9
59 39 10
59 40 4
59 44 1
59 46 1
59 48 4
59 51 8
59 53 7
59 55 8
59 57 6
59 58 2
60 3 1
60 4 2
60 8 10
60 11 1
60 13 7
60 18 6
60 19 10
60 20 3
60 21 1
60 23 7
60 25 4
60 29 8
60 30 8
60 32 2
60 33 9
60 36 7
60 38 9
60 39 11
60 42 9
60 45 6
60 47 4
60 49 10
60 50 11
60 51 1
60 52 10
60 53 7
60 54 5
60 55 3
60 57 1
61 0 8
61 1 8
61 2 6
61 3 3
61 8 8
61 9 6
61 11 11
61 15 1
61 17 2
61 19 3
61 20 8
61 24 7
61 27 3
61 29 2
61 30 10
61 33 11
61 35 2
61 36 3
61 37 9
61 43 3
61 45 7
61 50 3
61 52 9
61 56 7
62 0 7
62 1 10
62 2 4
62 3 10
62 4 1
62 7 11
62 8 3
62 9 2
62 10 9
62 11 7
62 12 3
62 14 2
62 15 6
62 16 6
62 18 10
62 23 9
62 24 9
62 27 3
62 29 2
62 30 9
62 31 11
62 32 2
62 33 4
62 37 1
62 40 2
62 41 8
62 42 1
62 45 3
62 47 1
62 48 9
62 53 10
62 57 8
62 58 9
62 59 3
62 61 4
63 0 3
63 3 2
63 4 11
63 5 10
63 7 9
63 11 11
63 13 7
63 15 10
63 16 9
63 18 11
63 20 3
63 22 8
63 24 6
63 28 8
63 29 9
63 30 5
63 31 10
63 34 5
63 37 8
63 38 7
63 41 8
63 42 3
63 43 11
63 44 7
63 45 6
63 46 4
63 49 3
63 51 4
63 52 7
63 57 2
63 59 1
63 61 9
64 2 1
64 3 10
64 4 8
64 5 6
64 8 11
64 10 9
64 11 7
64 12 1
64 13 4
64 17 10
64 18 11
64 20 7
64 21 10
64 22 8
64 25 6
64 27 6
64 28 6
64 31 2
64 35 8
64 36 1
64 38 8
64 41 2
64 42 2
64 43 4
64 44 5
64 46 6
64 51 10
64 54 11
64 55 7
64 57 5
64 58 10
64 62 9
64 63 6
65 0 4
65 1 9
65 2 1
65 3 8
65 6 7
65 7 6
65 9 7
65 10 4
65 12 1
65 14 10
65 16 1
65 18 3
65 19 9
65 20 8
65 21 8
65 22 1
65 23 1
65 25 11
65 26 1
65 27 8
65 29 3
65 30 5
65 33 4
65 35 7
65 36 3
65 40 8
65 41 7
65 43 4
65 44 10
65 45 8
65 46 3
65 48 2
65 49 3
65 52 6
65 56 5
65 59 7
65 60 2
65 61 3
65 63 2
66 0 10
66 1 4
66 3 6
66 5 3
66 6 5
66 9 9
66 10 9
66 12 1
66 16 2
66 18 3
66 25 7
66 26 11
66 27 2
66 28 8
66 29 9
66 30 1
66 31 11
66 34 8
66 38 3
66 41 11
66 42 6
66 43 5
66 44 2
66 48 9
66 49 4
66 53 9
66 56 9
66 57 4
66 58 2
66 60 10
66 65 2
67 0 10
67 2 7
67 3 1
67 5 2
67 8 10
67 10 10
67 11 3
67 13 8
67 14 8
67 18 10
67 20 10
67 21 3
67 22 7
67 23 10
67 24 11
67 29 5
67 31 6
67 32 7
67 33 8
67 34 9
67 37 2
67 40 11
67 41 10
67 42 9
67 43 3
67 44 2
67 47 3
67 50 3
67 54 6
67 55 11
67 57 11
67 59 9
67 60 10
67 63 8
67 65 5
67 66 5
68 0 3
68 1 1
68 4 4
68 5 6
68 7 6
68 9 1
68 10 9
68 13 2
68 15 9
68 16 2
68 17 10
68 20 10
68 22 11
68 25 7
68 26 2
68 28 10
68 30 10
68 31 8
68 32 8
68 35 6
68 37 1
68 42 9
68 43 1
68 45 8
68 46 7
68 47 10
68 49 1
68 50 8
68 52 2
68 54 5
68 55 2
68 58 9
68 61 9
68 63 2
68 65 6
68 66 9
69 1 6
69 2 10
69 4 7
69 5 4
69 6 3
69 7 7
69 8 5
69 9 8
69 13 9
69 17 10
69 18 11
69 19 4
69 21 6
69 22 2
69 23 10
69 29 3
69 32 11
69 34 9
69 36 6
69 37 4
69 38 2
69 41 5
69 42 6
69 49 1
69 51 4
69 54 10
69 57 2
69 60 11
69 62 5
69 64 1
69 67 2
