40
1 0 3
2 0 5
2 1 11
3 0 2
3 1 3
3 2 6
4 0 10
4 1 4
4 2 4
4 3 7
5 0 5
5 1 12
5 2 7
5 3 6
5 4 5
6 0 11
6 1 5
6 2 8
6 3 11
6 4 4
6 5 11
7 0 6
7 1 1
7 2 8
7 3 8
7 4 4
7 5 4
7 6 12
8 0 1
8 1 4
8 2 8
8 3 4
8 4 3
8 5 6
8 6 7
8 7 12
9 0 5
9 1 1
9 2 8
9 3 4
9 4 2
9 5 7
9 6 11
9 7 9
9 8 10
10 0 10
10 1 12
10 2 2
10 3 4
10 4 2
10 5 8
10 6 11
10 7 9
10 8 1
10 9 6
11 0 9
11 1 7
11 2 4
11 3 9
11 4 10
11 5 10
11 6 6
11 7 4
11 8 7
11 9 12
11 10 6
12 0 2
12 1 9
12 2 5
12 3 3
12 4 12
12 5 6
12 6 2
12 7 7
12 8 6
12 9 8
12 10 11
12 11 4
13 0 11
13 1 9
13 2 11
13 3 4
13 4 11
13 5 7
13 6 7
13 7 12
13 8 7
13 9 10
13 10 3
13 11 11
13 12 2
14 0 7
14 1 8
14 2 4
14 3 1
14 4 4
14 5 2
14 6 6
14 7 6
14 8 9
14 9 10
14 10 6
14 11 6
14 12 3
14 13 2
15 0 3
15 1 1
15 2 5
15 3 12
15 4 4
15 5 12
15 6 8
15 7 8
15 8 7
15 9 10
15 10 1
15 11 9
15 12 11
15 13 10
15 14 11
16 0 8
16 1 1
16 2 3
16 3 2
16 4 3
16 5 9
16 6 10
16 7 5
16 8 6
16 9 2
16 10 12
16 11 5
16 12 7
16 13 12
16 14 7
16 15 1
17 0 12
17 1 12
17 2 8
17 3 6
17 4 3
17 5 10
17 6 3
17 7 2
17 8 1
17 9 8
17 10 8
17 11 11
17 12 9
17 13 9
17 14 6
17 15 7
17 16 10
18 0 9
18 1 8
18 2 2
18 3 12
18 4 2
18 5 9
18 6 1
18 7 5
18 8 6
18 9 3
18 10 6
18 11 6
18 12 12
18 13 6
18 14 4
18 15 12
18 16 12
18 17 4
19 0 6
19 1 1
19 2 2
19 3 2
19 4 8
19 5 12
19 6 7
19 7 12
19 8 4
19 9 9
19 10 12
19 11 11
19 12 7
19 13 10
19 14 5
19 15 7
19 16 5
19 17 2
19 18 5
20 0 12
20 1 8
20 2 7
20 3 6
20 4 5
20 5 10
20 6 11
20 7 5
20 8 11
20 9 1
20 10 5
20 11 2
20 12 10
20 13 10
20 14 7
20 15 2
20 16 6
20 17 9
20 18 9
20 19 9
21 0 1
21 1 12
21 2 10
21 3 3
21 4 5
21 5 5
21 6 5
21 7 6
21 8 10
21 9 12
21 10 5
21 11 6
21 12 10
21 13 9
21 14 9
21 15 7
21 16 6
21 17 5
21 18 9
21 19 4
21 20 6
22 0 6
22 1 9
22 2 2
22 3 11
22 4 8
22 5 11
22 6 8
22 7 4
22 8 10
22 9 2
22 10 3
22 11 3
22 12 2
22 13 7
22 14 5
22 15 12
22 16 4
22 17 1
22 18 7
22 19 8
22 20 4
22 21 5
23 0 10
23 1 4
23 2 6
23 3 8
23 4 12
23 5 9
23 6 11
23 7 12
23 8 12
23 9 12
23 10 3
23 11 1
23 12 1
23 13 8
23 14 10
23 15 8
23 16 8
23 17 8
23 18 6
23 19 3
23 20 6
23 21 5
23 22 7
24 0 6
24 1 7
24 2 4
24 3 1
24 4 11
24 5 2
24 6 10
24 7 11
24 8 7
24 9 6
24 10 5
24 11 3
24 12 4
24 13 12
24 14 3
24 15 1
24 16 4
24 17 7
24 18 1
24 19 6
24 20 7
24 21 3
24 22 1
24 23 8
25 0 5
25 1 3
25 2 9
25 3 10
25 4 4
25 5 9
25 6 5
25 7 12
25 8 2
25 9 8
25 10 11
25 11 3
25 12 9
25 13 10
25 14 2
25 15 4
25 16 4
25 17 12
25 18 9
25 19 10
25 20 4
25 21 8
25 22 3
25 23 4
25 24 3
26 0 4
26 1 2
26 2 1
26 3 2
26 4 7
26 5 6
26 6 2
26 7 12
26 8 6
26 9 5
26 10 11
26 11 8
26 12 11
26 13 6
26 14 8
26 15 11
26 16 7
26 17 5
26 18 6
26 19 7
26 20 6
26 21 11
26 22 11
26 23 10
26 24 6
26 25 8
27 0 1
27 1 5
27 2 12
27 3 6
27 4 9
27 5 9
27 6 4
27 7 4
27 8 2
27 9 5
27 10 2
27 11 9
27 12 5
27 13 11
27 14 3
27 15 8
27 16 2
27 17 6
27 18 8
27 19 5
27 20 10
27 21 1
27 22 2
27 23 4
27 24 2
27 25 12
27 26 4
28 0 2
28 1 1
28 2 9
28 3 11
28 4 9
28 5 1
28 6 6
28 7 6
28 8 8
28 9 12
28 10 5
28 11 6
28 12 5
28 13 1
28 14 2
28 15 1
28 16 9
28 17 2
28 18 9
28 19 2
28 20 11
28 21 10
28 22 4
28 23 6
28 24 4
28 25 9
28 26 6
28 27 11
29 0 2
29 1 5
29 2 9
29 3 6
29 4 4
29 5 9
29 6 6
29 7 12
29 8 4
29 9 8
29 10 9
29 11 2
29 12 9
29 13 1
29 14 2
29 15 5
29 16 8
29 17 6
29 18 3
29 19 7
29 20 11
29 21 12
29 22 9
29 23 5
29 24 6
29 25 4
29 26 11
29 27 2
29 28 11
30 0 7
30 1 10
30 2 10
30 3 10
30 4 3
30 5 8
30 6 4
30 7 4
30 8 9
30 9 10
30 10 2
30 11 11
30 12 9
30 13 3
30 14 8
30 15 8
30 16 7
30 17 3
30 18 3
30 19 12
30 20 4
30 21 4
30 22 11
30 23 6
30 24 10
30 25 10
30 26 12
30 27 12
30 28 8
30 29 4
31 0 11
31 1 8
31 2 4
31 3 12
31 4 8
31 5 2
31 6 11
31 7 10
31 8 10
31 9 4
31 10 2
31 11 1
31 12 2
31 13 4
31 14 12
31 15 1
31 16 12
31 17 3
31 18 4
31 19 2
31 20 6
31 21 4
31 22 3
31 23 9
31 24 1
31 25 12
31 26 6
31 27 7
31 28 1
31 29 9
31 30 11
32 0 9
32 1 6
32 2 8
32 3 10
32 4 9
32 5 6
32 6 6
32 7 6
32 8 2
32 9 12
32 10 11
32 11 10
32 12 6
32 13 3
32 14 4
32 15 8
32 16 2
32 17 3
32 18 3
32 19 2
32 20 6
32 21 5
32 22 1
32 23 12
32 24 9
32 25 11
32 26 7
32 27 9
32 28 11
32 29 5
32 30 1
32 31 4
33 0 2
33 1 8
33 2 7
33 3 5
33 4 9
33 5 9
33 6 7
33 7 1
33 8 7
33 9 6
33 10 5
33 11 9
33 12 10
33 13 1
33 14 2
33 15 9
33 16 11
33 17 1
33 18 1
33 19 2
33 20 12
33 21 2
33 22 9
33 23 2
33 24 11
33 25 11
33 26 7
33 27 4
33 28 3
33 29 1
33 30 1
33 31 3
33 32 12
34 0 5
34 1 4
34 2 12
34 3 1
34 4 3
34 5 4
34 6 3
34 7 8
34 8 7
34 9 8
34 10 3
34 11 10
34 12 6
34 13 6
34 14 9
34 15 10
34 16 11
34 17 8
34 18 5
34 19 2
34 20 5
34 21 11
34 22 12
34 23 6
34 24 12
34 25 10
34 26 4
34 27 4
34 28 1
34 29 4
34 30 12
34 31 1
34 32 10
34 33 6
35 0 12
35 1 12
35 2 9
35 3 5
35 4 11
35 5 9
35 6 1
35 7 12
35 8 11
35 9 2
35 10 5
35 11 5
35 12 6
35 13 6
35 14 4
35 15 8
35 16 11
35 17 6
35 18 11
35 19 12
35 20 5
35 21 1
35 22 11
35 23 11
35 24 11
35 25 12
35 26 9
35 27 3
35 28 9
35 29 2
35 30 12
35 31 7
35 32 3
35 33 10
35 34 4
36 0 1
36 1 9
36 2 10
36 3 2
36 4 12
36 5 4
36 6 6
36 7 11
36 8 4
36 9 2
36 10 4
36 11 9
36 12 2
36 13 4
36 14 4
36 15 3
36 16 7
36 17 12
36 18 7
36 19 6
36 20 9
36 21 6
36 22 3
36 23 4
36 24 6
36 25 6
36 26 6
36 27 10
36 28 5
36 29 8
36 30 9
36 31 11
36 32 3
36 33 9
36 34 4
36 35 7
37 0 9
37 1 1
37 2 4
37 3 11
37 4 7
37 5 3
37 6 10
37 7 7
37 8 7
37 9 3
37 10 3
37 11 2
37 12 8
37 13 7
37 14 12
37 15 11
37 16 1
37 17 12
37 18 12
37 19 2
37 20 2
37 21 10
37 22 4
37 23 10
37 24 10
37 25 6
37 26 11
37 27 3
37 28 3
37 29 6
37 30 3
37 31 1
37 32 12
37 33 9
37 34 9
37 35 5
37 36 11
38 0 4
38 1 12
38 2 9
38 3 5
38 4 10
38 5 12
38 6 12
38 7 3
38 8 7
38 9 10
38 10 8
38 11 9
38 12 9
38 13 4
38 14 12
38 15 9
38 16 12
38 17 9
38 18 5
38 19 9
38 20 12
38 21 2
38 22 1
38 23 9
38 24 10
38 25 7
38 26 7
38 27 1
38 28 6
38 29 7
38 30 10
38 31 10
38 32 11
38 33 9
38 34 10
38 35 8
38 36 7
38 37 3
39 0 3
39 1 9
39 2 7
39 3 1
39 4 4
39 5 11
39 6 4
39 7 10
39 8 9
39 9 11
39 10 9
39 11 10
39 12 7
39 13 8
39 14 6
39 15 1
39 16 8
39 17 11
39 18 10
39 19 11
39 20 4
39 21 12
39 22 6
39 23 2
39 24 8
39 25 12
39 26 9
39 27 5
39 28 2
39 29 2
39 30 9
39 31 5
39 32 6
39 33 3
39 34 3
39 35 1
39 36 4
39 37 12
39 38 4
