60
1 0 2
2 0 2
2 1 1
3 0 1
3 1 2
3 2 1
4 0 2
4 1 2
4 2 2
4 3 1
5 0 2
5 1 2
5 2 2
5 3 2
5 4 1
6 0 2
6 1 2
6 2 2
6 3 2
6 4 1
6 5 2
7 0 2
7 1 2
7 2 1
7 3 2
7 4 2
7 5 1
7 6 2
8 0 2
8 1 2
8 2 2
8 3 2
8 4 2
8 5 2
8 6 1
8 7 2
9 0 1
9 1 1
9 2 1
9 3 2
9 4 2
9 5 2
9 6 2
9 7 2
9 8 2
10 0 1
10 1 2
10 2 1
10 3 2
10 4 2
10 5 2
10 6 2
10 7 1
10 8 2
10 9 2
11 0 2
11 1 1
11 2 2
11 3 2
11 4 2
11 5 1
11 6 2
11 7 1
11 8 2
11 9 2
11 10 1
12 0 1
12 1 2
12 2 1
12 3 1
12 4 2
12 5 2
12 6 1
12 7 2
12 8 2
12 9 2
12 10 1
12 11 1
13 0 2
13 1 2
13 2 2
13 3 2
13 4 1
13 5 1
13 6 2
13 7 1
13 8 1
13 9 1
13 10 1
13 11 1
13 12 1
14 0 2
14 1 2
14 2 2
14 3 2
14 4 2
14 5 2
14 6 1
14 7 2
14 8 2
14 9 2
14 10 2
14 11 1
14 12 1
14 13 1
15 0 2
15 1 1
15 2 2
15 3 1
15 4 1
15 5 2
15 6 2
15 7 2
15 8 2
15 9 2
15 10 2
15 11 2
15 12 2
15 13 1
15 14 2
16 0 1
16 1 1
16 2 2
16 3 2
16 4 1
16 5 1
16 6 1
16 7 2
16 8 2
16 9 2
16 10 2
16 11 1
16 12 1
16 13 2
16 14 2
16 15 2
17 0 1
17 1 1
17 2 2
17 3 2
17 4 1
17 5 1
17 6 2
17 7 2
17 8 2
17 9 1
17 10 1
17 11 2
17 12 1
17 13 2
17 14 2
17 15 1
17 16 1
18 0 1
18 1 1
18 2 1
18 3 2
18 4 1
18 5 1
18 6 2
18 7 1
18 8 1
18 9 2
18 10 2
18 11 2
18 12 2
18 13 1
18 14 1
18 15 2
18 16 2
18 17 2
19 0 2
19 1 2
19 2 1
19 3 1
19 4 2
19 5 2
19 6 1
19 7 2
19 8 1
19 9 1
19 10 2
19 11 1
19 12 2
19 13 2
19 14 1
19 15 2
19 16 1
19 17 2
19 18 2
20 0 2
20 1 2
20 2 1
20 3 1
20 4 1
20 5 1
20 6 1
20 7 1
20 8 2
20 9 1
20 10 1
20 11 2
20 12 2
20 13 2
20 14 1
20 15 2
20 16 2
20 17 2
20 18 1
20 19 2
21 0 2
21 1 1
21 2 1
21 3 1
21 4 2
21 5 2
21 6 2
21 7 1
21 8 2
21 9 1
21 10 1
21 11 2
21 12 1
21 13 1
21 14 1
21 15 2
21 16 1
21 17 1
21 18 2
21 19 2
21 20 1
22 0 2
22 1 2
22 2 2
22 3 2
22 4 1
22 5 1
22 6 1
22 7 2
22 8 2
22 9 2
22 10 1
22 11 2
22 12 2
22 13 2
22 14 1
22 15 1
22 16 1
22 17 2
22 18 1
22 19 2
22 20 1
22 21 2
23 0 2
23 1 2
23 2 1
23 3 1
23 4 2
23 5 2
23 6 2
23 7 1
23 8 2
23 9 1
23 10 1
23 11 2
23 12 1
23 13 1
23 14 2
23 15 2
23 16 1
23 17 1
23 18 1
23 19 2
23 20 2
23 21 2
23 22 1
24 0 1
24 1 1
24 2 2
24 3 2
24 4 1
24 5 2
24 6 1
24 7 2
24 8 1
24 9 1
24 10 2
24 11 1
24 12 2
24 13 2
24 14 2
24 15 1
24 16 2
24 17 2
24 18 1
24 19 2
24 20 2
24 21 1
24 22 1
24 23 1
25 0 2
25 1 1
25 2 1
25 3 1
25 4 2
25 5 2
25 6 1
25 7 1
25 8 2
25 9 2
25 10 2
25 11 2
25 12 1
25 13 2
25 14 1
25 15 2
25 16 1
25 17 2
25 18 2
25 19 2
25 20 2
25 21 1
25 22 1
25 23 2
25 24 1
26 0 1
26 1 1
26 2 1
26 3 1
26 4 2
26 5 2
26 6 2
26 7 2
26 8 1
26 9 1
26 10 2
26 11 2
26 12 1
26 13 1
26 14 1
26 15 2
26 16 1
26 17 1
26 18 2
26 19 2
26 20 1
26 21 2
26 22 1
26 23 1
26 24 2
26 25 2
27 0 2
27 1 1
27 2 1
27 3 1
27 4 1
27 5 1
27 6 2
27 7 1
27 8 2
27 9 2
27 10 2
27 11 1
27 12 2
27 13 1
27 14 2
27 15 2
27 16 2
27 17 1
27 18 1
27 19 1
27 20 1
27 21 2
27 22 1
27 23 1
27 24 2
27 25 1
27 26 1
28 0 2
28 1 2
28 2 1
28 3 1
28 4 1
28 5 2
28 6 2
28 7 2
28 8 1
28 9 1
28 10 1
28 11 1
28 12 2
28 13 1
28 14 1
28 15 2
28 16 1
28 17 1
28 18 2
28 19 1
28 20 2
28 21 2
28 22 1
28 23 2
28 24 1
28 25 1
28 26 1
28 27 1
29 0 1
29 1 2
29 2 1
29 3 2
29 4 2
29 5 1
29 6 1
29 7 1
29 8 2
29 9 2
29 10 1
29 11 1
29 12 1
29 13 1
29 14 2
29 15 1
29 16 2
29 17 2
29 18 1
29 19 2
29 20 2
29 21 2
29 22 2
29 23 1
29 24 1
29 25 2
29 26 2
29 27 2
29 28 2
30 0 2
30 1 2
30 2 1
30 3 2
30 4 2
30 5 2
30 6 1
30 7 2
30 8 2
30 9 1
30 10 1
30 11 2
30 12 1
30 13 2
30 14 2
30 15 2
30 16 1
30 17 1
30 18 1
30 19 2
30 20 1
30 21 2
30 22 2
30 23 1
30 24 2
30 25 2
30 26 2
30 27 1
30 28 2
30 29 1
31 0 1
31 1 1
31 2 1
31 3 2
31 4 2
31 5 2
31 6 2
31 7 2
31 8 1
31 9 2
31 10 1
31 11 1
31 12 2
31 13 2
31 14 2
31 15 2
31 16 1
31 17 2
31 18 1
31 19 2
31 20 1
31 21 2
31 22 2
31 23 2
31 24 2
31 25 2
31 26 2
31 27 2
31 28 2
31 29 2
31 30 1
32 0 1
32 1 1
32 2 2
32 3 1
32 4 1
32 5 1
32 6 2
32 7 1
32 8 1
32 9 2
32 10 2
32 11 2
32 12 1
32 13 2
32 14 1
32 15 1
32 16 1
32 17 1
32 18 2
32 19 1
32 20 1
32 21 2
32 22 2
32 23 2
32 24 1
32 25 2
32 26 1
32 27 1
32 28 2
32 29 2
32 30 1
32 31 1
33 0 2
33 1 2
33 2 2
33 3 2
33 4 2
33 5 2
33 6 2
33 7 1
33 8 1
33 9 1
33 10 2
33 11 2
33 12 2
33 13 2
33 14 2
33 15 2
33 16 1
33 17 2
33 18 2
33 19 2
33 20 2
33 21 2
33 22 1
33 23 2
33 24 2
33 25 2
33 26 1
33 27 2
33 28 2
33 29 2
33 30 2
33 31 2
33 32 1
34 0 2
34 1 1
34 2 1
34 3 1
34 4 2
34 5 1
34 6 2
34 7 2
34 8 1
34 9 2
34 10 1
34 11 1
34 12 2
34 13 2
34 14 1
34 15 2
34 16 1
34 17 1
34 18 1
34 19 1
34 20 2
34 21 2
34 22 2
34 23 2
34 24 2
34 25 1
34 26 1
34 27 1
34 28 1
34 29 2
34 30 2
34 31 1
34 32 2
34 33 2
35 0 1
35 1 2
35 2 1
35 3 1
35 4 2
35 5 2
35 6 2
35 7 2
35 8 1
35 9 1
35 10 1
35 11 1
35 12 2
35 13 1
35 14 2
35 15 1
35 16 1
35 17 2
35 18 2
35 19 2
35 20 2
35 21 1
35 22 2
35 23 1
35 24 1
35 25 2
35 26 1
35 27 2
35 28 2
35 29 1
35 30 2
35 31 1
35 32 2
35 33 1
35 34 1
36 0 1
36 1 1
36 2 1
36 3 1
36 4 1
36 5 1
36 6 1
36 7 1
36 8 2
36 9 1
36 10 2
36 11 1
36 12 2
36 13 2
36 14 1
36 15 1
36 16 1
36 17 2
36 18 1
36 19 2
36 20 1
36 21 1
36 22 2
36 23 1
36 24 2
36 25 1
36 26 2
36 27 2
36 28 1
36 29 2
36 30 1
36 31 1
36 32 2
36 33 1
36 34 1
36 35 2
37 0 1
37 1 1
37 2 2
37 3 1
37 4 1
37 5 1
37 6 2
37 7 2
37 8 2
37 9 2
37 10 1
37 11 2
37 12 1
37 13 1
37 14 2
37 15 2
37 16 2
37 17 2
37 18 1
37 19 2
37 20 2
37 21 2
37 22 1
37 23 1
37 24 2
37 25 1
37 26 1
37 27 1
37 28 2
37 29 2
37 30 1
37 31 2
37 32 1
37 33 1
37 34 2
37 35 2
37 36 1
38 0 2
38 1 1
38 2 2
38 3 2
38 4 1
38 5 2
38 6 1
38 7 2
38 8 2
38 9 1
38 10 1
38 11 2
38 12 1
38 13 1
38 14 1
38 15 2
38 16 2
38 17 2
38 18 1
38 19 2
38 20 1
38 21 2
38 22 2
38 23 2
38 24 2
38 25 2
38 26 1
38 27 1
38 28 1
38 29 2
38 30 2
38 31 2
38 32 2
38 33 2
38 34 2
38 35 1
38 36 2
38 37 2
39 0 1
39 1 1
39 2 1
39 3 2
39 4 2
39 5 1
39 6 2
39 7 2
39 8 1
39 9 2
39 10 1
39 11 1
39 12 1
39 13 2
39 14 1
39 15 2
39 16 2
39 17 1
39 18 1
39 19 1
39 20 2
39 21 1
39 22 2
39 23 2
39 24 2
39 25 2
39 26 1
39 27 1
39 28 2
39 29 1
39 30 2
39 31 2
39 32 1
39 33 1
39 34 2
39 35 1
39 36 2
39 37 1
39 38 1
40 0 1
40 1 1
40 2 1
40 3 1
40 4 1
40 5 2
40 6 1
40 7 1
40 8 2
40 9 1
40 10 1
40 11 1
40 12 1
40 13 2
40 14 2
40 15 2
40 16 1
40 17 1
40 18 1
40 19 1
40 20 1
40 21 2
40 22 2
40 23 2
40 24 1
40 25 1
40 26 2
40 27 2
40 28 1
40 29 1
40 30 1
40 31 2
40 32 1
40 33 2
40 34 2
40 35 1
40 36 2
40 37 1
40 38 2
40 39 2
41 0 1
41 1 1
41 2 1
41 3 2
41 4 2
41 5 1
41 6 2
41 7 2
41 8 2
41 9 2
41 10 1
41 11 1
41 12 1
41 13 1
41 14 2
41 15 1
41 16 2
41 17 2
41 18 2
41 19 1
41 20 2
41 21 2
41 22 1
41 23 1
41 24 1
41 25 2
41 26 2
41 27 1
41 28 1
41 29 2
41 30 1
41 31 2
41 32 1
41 33 1
41 34 1
41 35 1
41 36 2
41 37 2
41 38 1
41 39 2
41 40 1
42 0 2
42 1 1
42 2 2
42 3 2
42 4 1
42 5 2
42 6 1
42 7 1
42 8 1
42 9 2
42 10 2
42 11 1
42 12 2
42 13 1
42 14 1
42 15 2
42 16 2
42 17 2
42 18 2
42 19 2
42 20 1
42 21 2
42 22 2
42 23 1
42 24 1
42 25 1
42 26 1
42 27 2
42 28 2
42 29 2
42 30 1
42 31 1
42 32 2
42 33 1
42 34 1
42 35 2
42 36 1
42 37 1
42 38 2
42 39 2
42 40 2
42 41 2
43 0 1
43 1 2
43 2 1
43 3 1
43 4 2
43 5 1
43 6 2
43 7 1
43 8 1
43 9 2
43 10 1
43 11 1
43 12 2
43 13 1
43 14 1
43 15 1
43 16 2
43 17 1
43 18 2
43 19 2
43 20 1
43 21 2
43 22 2
43 23 1
43 24 1
43 25 2
43 26 2
43 27 1
43 28 1
43 29 2
43 30 2
43 31 1
43 32 2
43 33 2
43 34 2
43 35 2
43 36 2
43 37 1
43 38 1
43 39 2
43 40 1
43 41 2
43 42 1
44 0 2
44 1 1
44 2 1
44 3 2
44 4 1
44 5 1
44 6 1
44 7 1
44 8 2
44 9 2
44 10 1
44 11 2
44 12 2
44 13 1
44 14 2
44 15 1
44 16 1
44 17 1
44 18 2
44 19 1
44 20 2
44 21 1
44 22 2
44 23 1
44 24 2
44 25 2
44 26 2
44 27 2
44 28 1
44 29 1
44 30 1
44 31 2
44 32 2
44 33 1
44 34 2
44 35 2
44 36 1
44 37 1
44 38 1
44 39 2
44 40 2
44 41 1
44 42 2
44 43 1
45 0 1
45 1 1
45 2 1
45 3 1
45 4 2
45 5 2
45 6 2
45 7 1
45 8 1
45 9 2
45 10 1
45 11 2
45 12 1
45 13 1
45 14 2
45 15 2
45 16 2
45 17 2
45 18 1
45 19 1
45 20 1
45 21 2
45 22 1
45 23 1
45 24 1
45 25 1
45 26 1
45 27 1
45 28 2
45 29 1
45 30 1
45 31 1
45 32 2
45 33 2
45 34 2
45 35 2
45 36 1
45 37 1
45 38 2
45 39 2
45 40 2
45 41 2
45 42 2
45 43 1
45 44 2
46 0 1
46 1 2
46 2 1
46 3 2
46 4 1
46 5 2
46 6 1
46 7 1
46 8 2
46 9 2
46 10 1
46 11 2
46 12 2
46 13 1
46 14 2
46 15 2
46 16 2
46 17 1
46 18 1
46 19 2
46 20 2
46 21 1
46 22 1
46 23 1
46 24 1
46 25 1
46 26 1
46 27 1
46 28 1
46 29 1
46 30 2
46 31 2
46 32 2
46 33 2
46 34 2
46 35 2
46 36 2
46 37 2
46 38 1
46 39 2
46 40 2
46 41 2
46 42 1
46 43 1
46 44 2
46 45 1
47 0 2
47 1 1
47 2 1
47 3 1
47 4 1
47 5 2
47 6 2
47 7 2
47 8 2
47 9 2
47 10 2
47 11 2
47 12 1
47 13 2
47 14 1
47 15 2
47 16 1
47 17 2
47 18 1
47 19 2
47 20 1
47 21 2
47 22 1
47 23 2
47 24 1
47 25 1
47 26 1
47 27 2
47 28 2
47 29 1
47 30 2
47 31 2
47 32 2
47 33 1
47 34 2
47 35 2
47 36 2
47 37 1
47 38 1
47 39 1
47 40 2
47 41 2
47 42 1
47 43 1
47 44 2
47 45 1
47 46 1
48 0 1
48 1 2
48 2 2
48 3 1
48 4 2
48 5 1
48 6 2
48 7 1
48 8 2
48 9 2
48 10 1
48 11 1
48 12 1
48 13 1
48 14 2
48 15 2
48 16 2
48 17 2
48 18 2
48 19 1
48 20 2
48 21 1
48 22 1
48 23 2
48 24 2
48 25 2
48 26 2
48 27 2
48 28 2
48 29 1
48 30 1
48 31 2
48 32 2
48 33 1
48 34 1
48 35 1
48 36 1
48 37 2
48 38 2
48 39 1
48 40 1
48 41 1
48 42 2
48 43 2
48 44 1
48 45 2
48 46 2
48 47 2
49 0 2
49 1 1
49 2 2
49 3 1
49 4 2
49 5 2
49 6 2
49 7 1
49 8 2
49 9 2
49 10 2
49 11 2
49 12 2
49 13 1
49 14 1
49 15 1
49 16 1
49 17 2
49 18 2
49 19 2
49 20 2
49 21 1
49 22 1
49 23 2
49 24 1
49 25 1
49 26 1
49 27 2
49 28 1
49 29 1
49 30 1
49 31 2
49 32 1
49 33 2
49 34 2
49 35 2
49 36 1
49 37 1
49 38 2
49 39 1
49 40 1
49 41 1
49 42 2
49 43 1
49 44 1
49 45 2
49 46 1
49 47 2
49 48 1
50 0 2
50 1 2
50 2 2
50 3 2
50 4 1
50 5 1
50 6 2
50 7 1
50 8 2
50 9 1
50 10 1
50 11 1
50 12 1
50 13 2
50 14 2
50 15 2
50 16 1
50 17 2
50 18 2
50 19 2
50 20 1
50 21 2
50 22 1
50 23 1
50 24 1
50 25 1
50 26 1
50 27 2
50 28 2
50 29 1
50 30 1
50 31 2
50 32 1
50 33 1
50 34 2
50 35 2
50 36 2
50 37 1
50 38 1
50 39 2
50 40 1
50 41 2
50 42 1
50 43 2
50 44 2
50 45 1
50 46 2
50 47 2
50 48 1
50 49 2
51 0 1
51 1 1
51 2 2
51 3 2
51 4 1
51 5 2
51 6 1
51 7 2
51 8 2
51 9 1
51 10 2
51 11 1
51 12 2
51 13 2
51 14 2
51 15 2
51 16 2
51 17 1
51 18 1
51 19 1
51 20 1
51 21 2
51 22 2
51 23 1
51 24 1
51 25 1
51 26 2
51 27 2
51 28 2
51 29 1
51 30 2
51 31 2
51 32 1
51 33 2
51 34 1
51 35 2
51 36 1
51 37 2
51 38 1
51 39 2
51 40 2
51 41 2
51 42 1
51 43 1
51 44 1
51 45 1
51 46 1
51 47 1
51 48 2
51 49 1
51 50 1
52 0 2
52 1 1
52 2 2
52 3 1
52 4 2
52 5 2
52 6 1
52 7 2
52 8 2
52 9 2
52 10 1
52 11 1
52 12 2
52 13 2
52 14 2
52 15 1
52 16 1
52 17 2
52 18 2
52 19 1
52 20 2
52 21 2
52 22 1
52 23 2
52 24 1
52 25 2
52 26 2
52 27 1
52 28 2
52 29 1
52 30 2
52 31 2
52 32 2
52 33 2
52 34 1
52 35 2
52 36 2
52 37 2
52 38 2
52 39 2
52 40 1
52 41 1
52 42 1
52 43 2
52 44 2
52 45 2
52 46 1
52 47 2
52 48 2
52 49 1
52 50 2
52 51 2
53 0 1
53 1 1
53 2 2
53 3 2
53 4 2
53 5 1
53 6 1
53 7 1
53 8 2
53 9 1
53 10 2
53 11 2
53 12 1
53 13 2
53 14 1
53 15 1
53 16 1
53 17 1
53 18 1
53 19 1
53 20 2
53 21 1
53 22 2
53 23 1
53 24 2
53 25 1
53 26 2
53 27 2
53 28 1
53 29 1
53 30 2
53 31 1
53 32 2
53 33 1
53 34 2
53 35 1
53 36 2
53 37 1
53 38 1
53 39 2
53 40 2
53 41 2
53 42 2
53 43 1
53 44 2
53 45 1
53 46 1
53 47 2
53 48 2
53 49 2
53 50 2
53 51 1
53 52 2
54 0 1
54 1 1
54 2 2
54 3 2
54 4 1
54 5 1
54 6 2
54 7 2
54 8 1
54 9 2
54 10 2
54 11 2
54 12 1
54 13 2
54 14 1
54 15 2
54 16 1
54 17 1
54 18 2
54 19 2
54 20 2
54 21 1
54 22 2
54 23 2
54 24 2
54 25 1
54 26 2
54 27 1
54 28 1
54 29 2
54 30 2
54 31 1
54 32 1
54 33 2
54 34 2
54 35 1
54 36 2
54 37 1
54 38 1
54 39 1
54 40 1
54 41 1
54 42 2
54 43 2
54 44 1
54 45 1
54 46 1
54 47 1
54 48 1
54 49 2
54 50 1
54 51 2
54 52 2
54 53 2
55 0 1
55 1 2
55 2 1
55 3 2
55 4 2
55 5 1
55 6 1
55 7 1
55 8 1
55 9 2
55 10 2
55 11 1
55 12 1
55 13 1
55 14 1
55 15 2
55 16 1
55 17 2
55 18 1
55 19 2
55 20 2
55 21 2
55 22 2
55 23 2
55 24 2
55 25 1
55 26 2
55 27 1
55 28 2
55 29 1
55 30 1
55 31 2
55 32 1
55 33 2
55 34 2
55 35 2
55 36 2
55 37 1
55 38 1
55 39 2
55 40 2
55 41 1
55 42 2
55 43 2
55 44 2
55 45 1
55 46 1
55 47 1
55 48 2
55 49 2
55 50 2
55 51 2
55 52 1
55 53 1
55 54 1
56 0 1
56 1 1
56 2 2
56 3 1
56 4 2
56 5 1
56 6 1
56 7 1
56 8 1
56 9 2
56 10 2
56 11 1
56 12 2
56 13 1
56 14 2
56 15 1
56 16 2
56 17 2
56 18 2
56 19 1
56 20 1
56 21 1
56 22 2
56 23 2
56 24 2
56 25 2
56 26 2
56 27 1
56 28 1
56 29 1
56 30 2
56 31 1
56 32 2
56 33 2
56 34 1
56 35 1
56 36 1
56 37 1
56 38 2
56 39 2
56 40 2
56 41 2
56 42 1
56 43 2
56 44 1
56 45 2
56 46 1
56 47 1
56 48 1
56 49 2
56 50 1
56 51 1
56 52 2
56 53 2
56 54 1
56 55 2
57 0 2
57 1 2
57 2 1
57 3 2
57 4 2
57 5 1
57 6 1
57 7 1
57 8 2
57 9 1
57 10 2
57 11 2
57 12 1
57 13 1
57 14 1
57 15 1
57 16 1
57 17 2
57 18 2
57 19 2
57 20 2
57 21 2
57 22 1
57 23 2
57 24 1
57 25 1
57 26 2
57 27 2
57 28 2
57 29 1
57 30 1
57 31 2
57 32 1
57 33 1
57 34 2
57 35 2
57 36 1
57 37 2
57 38 1
57 39 2
57 40 1
57 41 1
57 42 1
57 43 2
57 44 2
57 45 2
57 46 1
57 47 2
57 48 1
57 49 1
57 50 1
57 51 2
57 52 2
57 53 1
57 54 1
57 55 1
57 56 2
58 0 1
58 1 2
58 2 2
58 3 1
58 4 1
58 5 1
58 6 2
58 7 1
58 8 1
58 9 1
58 10 1
58 11 2
58 12 2
58 13 1
58 14 2
58 15 1
58 16 1
58 17 1
58 18 1
58 19 1
58 20 1
58 21 2
58 22 2
58 23 2
58 24 1
58 25 2
58 26 2
58 27 1
58 28 2
58 29 2
58 30 1
58 31 1
58 32 2
58 33 2
58 34 1
58 35 1
58 36 2
58 37 1
58 38 1
58 39 2
58 40 1
58 41 2
58 42 2
58 43 1
58 44 1
58 45 1
58 46 1
58 47 1
58 48 2
58 49 2
58 50 2
58 51 1
58 52 2
58 53 1
58 54 2
58 55 1
58 56 1
58 57 1
59 0 1
59 1 2
59 2 2
59 3 1
59 4 1
59 5 2
59 6 1
59 7 2
59 8 1
59 9 2
59 10 1
59 11 2
59 12 1
59 13 1
59 14 1
59 15 2
59 16 1
59 17 1
59 18 1
59 19 2
59 20 2
59 21 1
59 22 2
59 23 1
59 24 2
59 25 1
59 26 1
59 27 2
59 28 1
59 29 1
59 30 2
59 31 2
59 32 1
59 33 1
59 34 1
59 35 2
59 36 1
59 37 1
59 38 2
59 39 2
59 40 2
59 41 1
59 42 2
59 43 2
59 44 2
59 45 2
59 46 2
59 47 1
59 48 2
59 49 2
59 50 1
59 51 1
59 52 1
59 53 2
59 54 1
59 55 2
59 56 1
59 57 2
59 58 1
