15
1 0 11
2 0 8
2 1 12
3 0 14
3 1 3
3 2 12
4 0 9
4 1 5
4 2 11
4 3 7
5 0 14
5 1 8
5 2 14
5 3 11
5 4 3
6 0 11
6 1 1
6 2 6
6 3 3
6 4 11
6 5 1
7 0 12
7 1 7
7 2 11
7 3 14
7 4 13
7 5 9
7 6 9
8 0 6
8 1 3
8 2 8
8 3 8
8 4 3
8 5 14
8 6 13
8 7 10
9 0 10
9 1 11
9 2 6
9 3 11
9 4 14
9 5 7
9 6 9
9 7 4
9 8 5
10 0 8
10 1 7
10 2 9
10 3 9
10 4 8
10 5 14
10 6 3
10 7 11
10 8 8
10 9 8
11 0 7
11 1 5
11 2 10
11 3 1
11 4 9
11 5 13
11 6 8
11 7 7
11 8 2
11 9 2
11 10 3
12 0 6
12 1 10
12 2 14
12 3 14
12 4 11
12 5 6
12 6 9
12 7 8
12 8 6
12 9 5
12 10 12
12 11 4
13 0 12
13 1 1
13 2 11
13 3 6
13 4 9
13 5 10
13 6 8
13 7 11
13 8 11
13 9 3
13 10 11
13 11 12
13 12 14
14 0 10
14 1 12
14 2 13
14 3 10
14 4 10
14 5 12
14 6 11
14 7 4
14 8 12
14 9 3
14 10 10
14 11 9
14 12 10
14 13 11
