20
1 0 4
2 0 1
2 1 2
3 0 3
3 2 4
4 0 1
4 1 4
5 1 4
5 2 3
5 3 1
5 4 4
6 1 2
6 2 1
6 3 3
7 6 3
8 0 1
8 4 3
8 5 3
9 1 2
9 3 1
9 4 2
9 6 3
10 0 4
10 2 2
10 3 4
10 9 3
11 0 2
11 3 4
11 4 1
11 5 1
11 7 1
11 8 4
12 0 3
12 1 2
12 3 1
12 4 2
12 6 3
12 7 1
12 9 4
12 10 4
12 11 1
13 1 4
13 3 1
13 4 1
13 6 1
13 7 3
13 8 3
13 9 1
13 10 4
13 11 1
13 12 4
14 1 2
14 2 3
14 3 1
14 4 2
14 6 2
14 9 4
14 10 4
14 12 1
15 0 2
15 4 4
15 7 3
15 9 3
15 10 2
16 1 3
16 2 3
16 4 3
16 5 1
16 9 3
16 10 3
16 11 4
16 12 1
16 13 4
16 15 2
17 1 3
17 2 3
17 3 2
17 4 3
17 8 2
17 11 4
17 13 2
17 14 1
17 15 2
18 0 1
18 5 2
18 6 1
18 8 3
18 9 3
18 11 3
18 13 1
18 17 1
19 1 3
19 4 1
19 7 3
19 9 3
19 11 1
19 12 2
19 13 3
19 15 4
19 18 3
