70
1 0 3
3 0 5
3 1 5
4 0 4
4 1 4
5 0 4
5 4 2
6 0 2
6 1 4
6 5 1
7 0 5
7 1 2
7 3 1
7 5 2
8 0 2
8 1 1
8 4 5
8 6 2
8 7 5
9 2 3
9 3 5
9 5 5
9 6 1
9 7 5
10 0 2
10 1 2
10 3 4
10 4 4
10 5 5
10 8 4
11 1 2
11 3 2
11 4 5
11 5 2
11 8 2
12 0 2
12 1 2
12 2 2
12 4 2
12 7 1
12 8 1
12 9 2
12 10 1
12 11 5
13 4 2
13 5 5
13 7 3
13 8 1
13 12 4
14 0 5
14 1 3
14 2 2
14 3 4
14 5 3
14 6 1
14 7 3
14 8 1
14 13 4
15 1 4
15 3 2
15 5 3
15 6 3
15 8 3
15 10 1
15 11 2
15 13 4
15 14 1
16 1 2
16 2 5
16 11 4
16 12 4
17 3 3
17 6 2
17 7 4
17 8 3
17 9 4
17 11 2
17 12 2
17 13 2
17 16 5
18 0 1
18 3 4
18 7 1
18 9 3
18 11 1
18 12 4
18 13 2
18 16 5
18 17 2
19 0 2
19 3 4
19 5 3
19 6 1
19 8 3
19 9 2
19 10 5
19 13 1
19 14 5
19 16 4
19 17 2
19 18 5
20 0 1
20 1 3
20 2 3
20 3 3
20 7 4
20 9 2
20 12 5
20 13 3
20 14 2
20 15 3
20 16 5
20 17 5
20 18 5
21 4 1
21 5 2
21 7 2
21 9 3
21 10 1
21 14 4
21 15 5
21 16 5
21 18 4
21 19 5
22 0 4
22 1 3
22 4 3
22 5 3
22 7 2
22 9 1
22 11 2
22 12 4
22 13 4
22 14 3
22 16 1
22 17 5
22 18 4
22 19 4
22 20 3
23 0 4
23 1 5
23 4 2
23 6 1
23 9 5
23 11 5
23 13 2
23 15 3
23 17 5
23 20 4
23 21 1
24 1 5
24 2 2
24 3 1
24 4 3
24 5 1
24 7 2
24 8 1
24 10 3
24 11 1
24 12 2
24 13 3
24 16 3
24 17 4
24 18 5
24 19 5
24 22 1
25 5 5
25 7 2
25 10 5
25 12 5
25 13 1
25 14 4
25 16 2
25 17 2
25 18 3
25 19 2
25 21 5
25 22 5
26 1 4
26 2 2
26 3 3
26 10 1
26 11 3
26 13 2
26 16 2
26 18 4
26 21 4
26 24 3
27 3 2
27 10 2
27 12 1
27 13 3
27 22 5
27 23 5
27 26 5
28 4 1
28 9 3
28 11 2
28 12 5
28 13 3
28 14 1
28 15 3
28 16 3
28 17 3
28 19 4
28 22 3
28 24 2
28 25 5
28 26 4
28 27 5
29 0 4
29 2 5
29 3 2
29 4 3
29 6 2
29 7 4
29 9 5
29 11 2
29 13 5
29 14 2
29 18 2
29 19 1
29 20 5
29 21 2
29 22 5
29 24 5
29 25 1
29 26 4
29 27 3
30 0 3
30 1 4
30 2 5
30 4 5
30 5 5
30 9 4
30 13 1
30 14 4
30 18 1
30 19 3
30 21 1
30 23 2
30 24 4
30 26 5
30 28 3
30 29 5
31 1 1
31 3 4
31 4 5
31 5 1
31 7 3
31 8 1
31 11 1
31 13 5
31 16 2
31 17 1
31 18 3
31 19 2
31 20 3
31 21 5
31 22 5
31 23 2
31 26 3
31 28 5
31 29 2
32 5 1
32 7 3
32 8 5
32 10 4
32 13 3
32 14 3
32 15 5
32 16 3
32 18 5
32 19 2
32 20 1
32 23 1
32 25 2
32 26 2
32 30 5
32 31 2
33 0 5
33 1 3
33 2 5
33 4 5
33 11 4
33 15 5
33 17 3
33 20 2
33 22 1
33 24 3
33 25 2
33 26 4
33 30 3
33 31 3
33 32 1
34 0 3
34 2 1
34 5 3
34 6 2
34 7 2
34 8 2
34 9 2
34 11 3
34 13 3
34 17 2
34 20 2
34 22 4
34 23 2
34 24 3
34 26 2
34 28 5
34 30 3
34 32 3
34 33 3
35 1 5
35 4 2
35 6 3
35 7 1
35 8 2
35 10 3
35 14 4
35 20 1
35 22 5
35 25 5
35 29 5
35 31 5
35 33 2
35 34 5
36 0 2
36 2 4
36 4 3
36 5 5
36 6 1
36 7 4
36 8 5
36 11 2
36 15 5
36 17 2
36 18 5
36 22 4
36 23 2
36 24 4
36 26 4
36 31 5
36 32 5
36 34 2
37 0 4
37 3 5
37 4 2
37 5 1
37 6 1
37 7 2
37 8 2
37 9 5
37 10 1
37 16 3
37 20 3
37 24 1
37 25 2
37 26 5
37 28 4
37 29 4
37 30 5
37 31 2
37 32 5
37 34 4
38 0 4
38 4 1
38 5 1
38 10 4
38 11 2
38 12 4
38 15 4
38 18 2
38 19 2
38 20 1
38 21 4
38 24 3
38 27 5
38 28 1
38 30 5
38 31 4
38 34 5
38 35 5
39 3 5
39 4 3
39 7 3
39 8 3
39 9 1
39 11 2
39 12 1
39 13 4
39 14 5
39 16 2
39 18 3
39 23 5
39 24 2
39 27 3
39 31 1
39 32 3
39 33 1
39 36 3
40 1 5
40 5 5
40 6 1
40 11 2
40 13 1
40 15 3
40 18 4
40 19 1
40 20 4
40 21 4
40 22 1
40 23 2
40 24 3
40 25 1
40 29 3
40 32 5
40 33 4
40 34 3
40 36 3
40 38 5
40 39 1
41 0 2
41 1 1
41 4 3
41 5 3
41 6 1
41 11 4
41 12 1
41 14 4
41 15 1
41 16 3
41 21 2
41 23 4
41 26 3
41 28 2
41 29 5
41 30 1
41 32 4
41 33 5
41 37 1
41 39 4
42 1 3
42 2 3
42 5 4
42 7 3
42 8 2
42 9 2
42 10 3
42 12 1
42 13 1
42 14 2
42 15 2
42 16 2
42 19 1
42 20 3
42 21 4
42 23 1
42 26 5
42 27 5
42 31 1
42 32 1
42 33 4
42 36 2
42 37 2
42 40 5
42 41 4
43 1 5
43 3 2
43 6 4
43 8 5
43 9 3
43 13 1
43 15 4
43 18 3
43 19 5
43 20 3
43 21 2
43 22 5
43 25 2
43 26 2
43 27 2
43 29 1
43 30 2
43 32 2
43 33 5
43 34 3
43 35 5
43 39 5
43 41 1
43 42 4
44 0 4
44 1 5
44 4 2
44 5 5
44 11 4
44 13 5
44 14 5
44 19 1
44 21 2
44 22 2
44 27 1
44 30 3
44 31 3
44 33 2
44 39 3
44 40 4
44 42 1
44 43 2
45 0 3
45 6 2
45 7 4
45 9 5
45 10 2
45 12 2
45 15 1
45 16 5
45 20 5
45 24 1
45 25 5
45 29 2
45 32 3
45 33 3
45 34 3
45 41 2
45 44 3
46 0 1
46 2 1
46 4 5
46 5 3
46 7 5
46 8 3
46 11 2
46 12 2
46 13 3
46 14 1
46 15 2
46 17 3
46 18 2
46 21 1
46 22 3
46 24 5
46 26 4
46 30 5
46 31 3
46 33 5
46 34 2
46 35 1
46 37 4
46 40 5
46 42 1
46 44 1
46 45 3
47 1 4
47 4 2
47 5 4
47 7 4
47 8 4
47 15 1
47 16 4
47 17 1
47 18 4
47 21 4
47 23 5
47 24 5
47 25 3
47 27 3
47 28 5
47 29 5
47 30 1
47 31 3
47 33 4
47 34 5
47 41 5
47 43 2
47 45 1
47 46 1
48 1 1
48 3 3
48 8 2
48 9 5
48 12 5
48 13 5
48 14 3
48 16 4
48 20 4
48 21 1
48 23 3
48 24 4
48 25 4
48 29 5
48 30 4
48 31 2
48 33 1
48 34 1
48 36 1
48 37 2
48 39 4
48 40 4
48 43 2
48 45 4
49 0 1
49 3 2
49 7 4
49 8 3
49 10 4
49 11 1
49 12 5
49 15 5
49 18 4
49 19 5
49 21 1
49 22 2
49 24 4
49 26 2
49 27 4
49 28 2
49 29 2
49 33 1
49 38 4
49 40 1
49 41 4
49 43 1
49 46 3
49 47 1
49 48 5
50 0 2
50 2 2
50 9 5
50 12 3
50 15 3
50 19 1
50 21 3
50 23 4
50 24 1
50 25 2
50 27 2
50 31 5
50 32 3
50 35 5
50 37 3
50 39 5
50 40 5
50 42 3
50 43 5
50 45 2
50 47 1
50 48 1
51 0 1
51 1 5
51 4 5
51 8 5
51 10 3
51 11 5
51 12 1
51 16 5
51 17 3
51 21 2
51 22 2
51 25 4
51 26 2
51 28 3
51 31 5
51 33 3
51 35 4
51 37 1
51 38 2
51 41 1
51 44 3
51 46 1
51 48 3
52 1 3
52 8 5
52 9 1
52 11 3
52 12 5
52 16 4
52 21 2
52 23 2
52 25 4
52 26 4
52 29 2
52 30 1
52 31 2
52 32 4
52 35 4
52 38 1
52 39 2
52 41 5
52 43 2
52 45 4
52 46 3
52 47 1
52 50 4
52 51 1
53 2 1
53 3 5
53 4 2
53 5 5
53 6 5
53 7 5
53 8 5
53 11 3
53 14 5
53 15 4
53 16 5
53 17 2
53 18 1
53 20 2
53 22 2
53 23 1
53 24 5
53 33 4
53 34 2
53 35 4
53 36 1
53 37 3
53 40 4
53 42 5
53 44 4
53 45 4
53 46 1
53 47 1
53 48 2
53 52 1
54 1 1
54 3 4
54 4 1
54 9 2
54 12 3
54 15 5
54 16 2
54 18 4
54 19 5
54 20 1
54 21 1
54 26 4
54 29 1
54 31 1
54 34 1
54 36 3
54 37 3
54 38 1
54 40 1
54 43 3
54 46 2
54 50 5
55 0 1
55 3 4
55 5 2
55 6 1
55 7 2
55 10 1
55 13 5
55 14 2
55 15 4
55 16 5
55 18 3
55 20 4
55 22 4
55 23 3
55 24 1
55 28 2
55 29 4
55 30 1
55 31 3
55 32 5
55 33 4
55 34 3
55 35 2
55 36 4
55 39 3
55 42 2
55 43 4
55 44 3
55 45 1
55 48 5
55 49 3
55 53 3
56 4 5
56 9 3
56 14 2
56 15 4
56 16 4
56 19 3
56 21 4
56 22 1
56 23 3
56 25 4
56 27 2
56 29 5
56 30 1
56 32 3
56 33 5
56 35 1
56 38 4
56 40 3
56 42 2
56 46 5
56 47 3
56 48 4
56 50 3
56 51 4
56 55 1
57 2 5
57 3 3
57 5 3
57 6 2
57 9 3
57 13 1
57 14 1
57 15 1
57 17 5
57 20 5
57 21 2
57 27 1
57 28 2
57 29 5
57 30 3
57 31 5
57 33 1
57 35 5
57 36 1
57 37 5
57 40 1
57 43 5
57 45 4
57 47 1
57 48 5
57 49 5
57 52 5
57 53 3
57 54 4
58 1 1
58 4 2
58 7 1
58 9 1
58 13 4
58 14 1
58 16 5
58 18 3
58 19 4
58 20 5
58 22 4
58 23 5
58 24 2
58 27 5
58 28 2
58 29 2
58 30 3
58 31 3
58 34 2
58 36 2
58 39 2
58 40 5
58 42 4
58 48 5
58 50 2
58 51 1
58 53 5
58 54 3
58 55 4
58 56 1
58 57 4
59 1 2
59 4 4
59 8 3
59 13 1
59 14 4
59 16 3
59 17 4
59 18 2
59 21 2
59 22 5
59 23 5
59 24 5
59 26 4
59 30 3
59 31 4
59 32 4
59 33 2
59 35 4
59 37 5
59 38 1
59 39 2
59 40 2
59 42 3
59 43 2
59 44 2
59 46 1
59 47 5
59 50 1
59 51 2
59 52 5
59 53 2
59 54 4
59 55 5
59 57 2
60 0 5
60 2 2
60 3 2
60 6 4
60 10 5
60 13 2
60 15 2
60 16 2
60 17 4
60 20 3
60 22 4
60 24 1
60 25 4
60 28 1
60 30 2
60 31 3
60 32 1
60 35 5
60 36 2
60 37 5
60 38 4
60 40 1
60 41 5
60 42 5
60 43 5
60 44 5
60 46 2
60 47 4
60 48 5
60 49 5
60 55 5
60 57 1
60 58 4
61 3 4
61 5 2
61 9 3
61 10 4
61 12 3
61 14 5
61 15 5
61 16 1
61 17 1
61 18 3
61 19 3
61 20 4
61 21 3
61 23 4
61 24 4
61 26 2
61 28 5
61 31 2
61 32 2
61 34 5
61 35 2
61 36 3
61 38 4
61 39 2
61 40 3
61 42 2
61 43 3
61 45 4
61 47 5
61 48 4
61 49 1
61 51 4
61 53 3
61 56 2
61 59 3
62 0 4
62 1 2
62 2 1
62 5 1
62 10 1
62 11 2
62 15 5
62 18 3
62 19 2
62 22 5
62 24 3
62 27 5
62 30 3
62 32 2
62 36 5
62 39 5
62 40 4
62 41 5
62 42 4
62 47 2
62 48 2
62 49 2
62 50 3
62 51 2
62 52 2
62 54 2
62 56 5
62 58 4
62 59 2
62 61 1
63 1 2
63 4 4
63 5 4
63 6 2
63 9 4
63 11 4
63 12 4
63 13 1
63 16 3
63 18 2
63 21 1
63 22 2
63 24 4
63 27 4
63 28 2
63 29 1
63 35 3
63 36 1
63 37 3
63 38 5
63 39 2
63 41 2
63 44 3
63 46 1
63 48 5
63 52 5
63 53 5
63 55 1
63 57 1
63 59 1
63 61 3
63 62 2
64 0 4
64 4 5
64 8 3
64 10 4
64 15 3
64 18 2
64 19 1
64 22 2
64 23 5
64 28 4
64 30 5
64 34 3
64 35 4
64 36 5
64 37 5
64 41 5
64 42 4
64 44 3
64 46 2
64 49 3
64 50 3
64 52 1
64 55 4
64 57 2
64 58 3
64 59 3
64 61 1
64 63 2
65 0 5
65 1 5
65 2 5
65 3 1
65 4 5
65 5 1
65 7 1
65 8 5
65 11 2
65 14 5
65 15 3
65 18 5
65 19 1
65 22 5
65 24 3
65 27 3
65 32 1
65 33 3
65 34 5
65 35 2
65 36 4
65 39 1
65 41 4
65 43 5
65 44 2
65 46 1
65 47 5
65 50 5
65 51 5
65 53 3
65 54 1
65 56 4
65 57 2
65 58 5
65 60 2
65 61 3
65 62 4
65 63 5
65 64 2
66 1 5
66 3 3
66 6 5
66 7 1
66 11 2
66 13 4
66 14 3
66 15 3
66 16 2
66 18 2
66 20 5
66 22 4
66 23 3
66 26 4
66 30 3
66 32 2
66 35 5
66 37 4
66 42 3
66 43 4
66 45 5
66 48 4
66 51 1
66 54 5
66 55 1
66 56 5
66 57 5
66 58 2
66 59 2
66 61 3
66 62 2
66 63 1
67 0 4
67 1 2
67 2 4
67 3 3
67 7 2
67 10 5
67 11 5
67 12 4
67 15 2
67 16 2
67 19 1
67 23 3
67 24 1
67 25 5
67 26 1
67 27 4
67 28 2
67 31 1
67 32 4
67 34 2
67 38 4
67 40 2
67 44 5
67 47 3
67 51 2
67 54 1
67 60 4
68 0 2
68 7 2
68 10 2
68 13 4
68 14 2
68 15 3
68 16 3
68 18 4
68 19 5
68 21 1
68 22 1
68 24 3
68 26 5
68 28 3
68 29 5
68 30 1
68 32 1
68 33 4
68 36 3
68 37 5
68 39 5
68 40 4
68 43 1
68 45 2
68 46 3
68 47 5
68 49 1
68 56 3
68 57 3
68 58 1
68 59 2
68 61 3
68 65 1
69 0 2
69 1 2
69 3 2
69 4 5
69 6 5
69 8 2
69 10 5
69 11 3
69 12 5
69 14 3
69 16 1
69 18 1
69 19 1
69 21 1
69 22 3
69 24 4
69 25 1
69 26 2
69 28 4
69 31 5
69 32 4
69 33 2
69 35 2
69 36 4
69 37 3
69 38 3
69 39 1
69 40 1
69 41 1
69 44 4
69 46 5
69 47 5
69 48 3
69 49 3
69 52 1
69 53 3
69 56 1
69 58 4
69 62 2
69 66 1
69 68 5
