30
1 0 1
2 1 1
3 1 1
4 0 1
4 1 1
5 0 1
5 1 1
6 0 1
6 5 1
7 2 1
7 5 1
7 6 1
8 0 1
8 3 1
8 6 1
8 7 1
9 0 1
9 2 1
9 3 1
9 8 1
10 0 1
10 3 1
10 4 1
10 5 1
10 6 1
10 7 1
11 2 1
11 3 1
11 4 1
11 6 1
11 7 1
11 10 1
12 0 1
12 1 1
12 2 1
12 4 1
12 7 1
12 10 1
12 11 1
13 0 1
13 2 1
13 5 1
13 6 1
13 11 1
13 12 1
14 0 1
14 1 1
14 4 1
14 9 1
14 13 1
15 2 1
15 4 1
15 6 1
15 7 1
15 8 1
15 10 1
15 11 1
15 12 1
15 13 1
16 1 1
16 3 1
16 5 1
16 6 1
16 7 1
16 8 1
16 9 1
16 11 1
16 13 1
16 14 1
17 1 1
17 8 1
17 14 1
17 16 1
18 0 1
18 2 1
18 5 1
18 6 1
18 7 1
18 8 1
18 13 1
18 15 1
18 16 1
18 17 1
19 1 1
19 3 1
19 4 1
19 5 1
19 6 1
19 13 1
19 15 1
19 16 1
20 0 1
20 1 1
20 2 1
20 3 1
20 4 1
20 5 1
20 11 1
20 13 1
20 14 1
20 18 1
20 19 1
21 0 1
21 1 1
21 3 1
21 4 1
21 6 1
21 7 1
21 8 1
21 11 1
21 12 1
21 16 1
21 18 1
21 19 1
21 20 1
22 0 1
22 1 1
22 2 1
22 4 1
22 5 1
22 6 1
22 7 1
22 10 1
22 13 1
22 14 1
22 16 1
22 18 1
22 20 1
22 21 1
23 0 1
23 3 1
23 6 1
23 8 1
23 11 1
23 14 1
23 15 1
23 16 1
23 17 1
23 19 1
23 21 1
23 22 1
24 1 1
24 3 1
24 4 1
24 5 1
24 6 1
24 8 1
24 10 1
24 13 1
24 14 1
24 18 1
24 20 1
24 21 1
24 22 1
24 23 1
25 3 1
25 4 1
25 8 1
25 10 1
25 11 1
25 12 1
25 13 1
25 15 1
25 16 1
25 17 1
25 18 1
25 19 1
25 21 1
25 22 1
26 0 1
26 2 1
26 3 1
26 7 1
26 10 1
26 12 1
26 13 1
26 14 1
26 16 1
26 17 1
26 18 1
26 19 1
26 20 1
26 23 1
26 25 1
27 0 1
27 3 1
27 6 1
27 7 1
27 10 1
27 11 1
27 12 1
27 13 1
27 14 1
27 21 1
27 22 1
27 24 1
27 25 1
28 1 1
28 2 1
28 7 1
28 8 1
28 9 1
28 10 1
28 14 1
28 18 1
28 20 1
28 21 1
28 27 1
29 0 1
29 2 1
29 5 1
29 6 1
29 7 1
29 13 1
29 14 1
29 16 1
29 17 1
29 20 1
29 21 1
29 22 1
29 23 1
29 27 1
29 28 1
