30
2 0 1
3 0 2
3 2 3
4 0 2
4 2 2
4 3 3
5 3 3
6 1 2
6 5 3
7 0 1
7 1 2
7 3 3
7 4 2
7 6 2
8 1 3
8 2 1
8 5 2
9 1 3
9 3 3
9 5 3
9 7 3
10 0 2
10 1 1
10 4 1
10 8 3
11 0 2
11 2 3
11 3 1
11 4 3
11 6 2
11 7 2
11 9 3
11 10 1
12 4 3
12 5 3
12 6 1
12 7 1
12 9 1
13 0 3
13 4 2
13 6 2
13 7 3
13 8 3
13 9 2
13 11 3
14 1 2
14 3 2
14 6 2
14 8 2
14 9 1
14 10 1
14 11 2
15 1 3
15 2 3
15 8 3
15 12 2
15 13 1
15 14 1
16 4 3
16 6 2
16 7 1
16 9 3
16 10 3
16 11 2
16 12 1
16 13 3
16 15 2
17 2 3
17 3 2
17 4 2
17 5 2
17 6 2
17 8 2
17 10 2
17 12 1
17 13 1
18 1 1
18 3 2
18 4 1
18 5 3
18 8 3
18 9 1
18 11 1
18 12 3
18 15 3
18 16 3
18 17 1
19 1 3
19 2 1
19 3 1
19 5 2
19 6 1
19 9 2
19 13 2
19 14 2
19 16 1
19 17 2
20 0 3
20 1 2
20 2 2
20 3 2
20 4 3
20 5 2
20 6 1
20 7 1
20 9 3
20 10 3
20 13 2
20 17 3
20 18 3
21 0 3
21 3 3
21 5 3
21 10 1
21 14 1
21 15 2
21 19 1
22 0 3
22 5 1
22 7 1
22 8 1
22 9 3
22 12 2
22 13 2
22 15 3
22 21 3
23 0 3
23 1 2
23 2 1
23 3 2
23 5 1
23 6 3
23 7 1
23 8 2
23 9 3
23 11 2
23 12 1
23 14 2
23 15 1
23 17 1
23 18 2
23 19 1
23 20 1
23 21 3
24 1 3
24 4 3
24 6 3
24 12 3
24 17 1
24 18 3
25 0 2
25 2 3
25 3 3
25 7 2
25 9 3
25 10 1
25 11 2
25 12 3
25 14 2
25 19 3
25 23 1
25 24 3
26 2 3
26 3 1
26 9 2
26 12 2
26 13 3
26 15 2
26 17 1
26 18 1
26 19 1
26 20 3
26 21 2
26 23 1
26 25 3
27 0 2
27 4 3
27 5 2
27 7 3
27 8 3
27 9 1
27 10 1
27 22 3
27 24 1
27 25 2
28 4 3
28 5 1
28 6 1
28 8 3
28 10 2
28 12 2
28 15 1
28 16 2
28 19 2
28 20 3
28 21 1
28 26 2
28 27 3
29 0 1
29 3 1
29 6 3
29 7 2
29 9 2
29 10 2
29 11 1
29 14 3
29 16 2
29 18 1
29 19 2
29 20 3
29 22 2
29 23 2
29 24 3
29 25 2
29 26 2
