30
1 0 5
2 0 5
2 1 2
3 0 5
3 1 4
3 2 2
4 0 1
4 1 5
4 2 4
4 3 2
5 0 1
5 1 3
5 2 2
5 3 5
5 4 4
6 0 4
6 1 4
6 2 3
6 3 1
6 4 2
6 5 4
7 0 5
7 1 4
7 2 4
7 3 3
7 4 3
7 5 1
7 6 5
8 0 3
8 1 1
8 2 3
8 3 4
8 4 3
8 5 5
8 6 2
8 7 5
9 0 1
9 1 4
9 2 4
9 3 3
9 4 3
9 5 4
9 6 5
9 7 3
9 8 5
10 0 2
10 1 3
10 2 1
10 3 1
10 4 5
10 5 5
10 6 3
10 7 5
10 8 3
10 9 1
11 0 2
11 1 3
11 2 4
11 3 3
11 4 4
11 5 3
11 6 2
11 7 2
11 8 2
11 9 1
11 10 4
12 0 5
12 1 4
12 2 3
12 3 1
12 4 5
12 5 4
12 6 2
12 7 4
12 8 3
12 9 3
12 10 2
12 11 4
13 0 4
13 1 1
13 2 1
13 3 4
13 4 3
13 5 4
13 6 5
13 7 4
13 8 2
13 9 3
13 10 5
13 11 3
13 12 5
14 0 1
14 1 5
14 2 3
14 3 4
14 4 3
14 5 5
14 6 3
14 7 3
14 8 4
14 9 3
14 10 4
14 11 4
14 12 4
14 13 4
15 0 3
15 1 5
15 2 4
15 3 5
15 4 5
15 5 4
15 6 5
15 7 5
15 8 1
15 9 2
15 10 2
15 11 5
15 12 1
15 13 5
15 14 2
16 0 5
16 1 5
16 2 2
16 3 4
16 4 2
16 5 5
16 6 3
16 7 2
16 8 1
16 9 2
16 10 4
16 11 3
16 12 3
16 13 2
16 14 3
16 15 1
17 0 2
17 1 5
17 2 1
17 3 4
17 4 5
17 5 3
17 6 5
17 7 2
17 8 4
17 9 5
17 10 5
17 11 1
17 12 4
17 13 3
17 14 5
17 15 4
17 16 1
18 0 4
18 1 4
18 2 3
18 3 2
18 4 1
18 5 5
18 6 4
18 7 3
18 8 4
18 9 5
18 10 4
18 11 2
18 12 4
18 13 2
18 14 3
18 15 3
18 16 5
18 17 1
19 0 1
19 1 1
19 2 4
19 3 3
19 4 2
19 5 3
19 6 5
19 7 4
19 8 5
19 9 2
19 10 3
19 11 3
19 12 3
19 13 4
19 14 1
19 15 5
19 16 3
19 17 3
19 18 5
20 0 5
20 1 5
20 2 3
20 3 3
20 4 1
20 5 3
20 6 3
20 7 3
20 8 5
20 9 2
20 10 1
20 11 5
20 12 4
20 13 3
20 14 3
20 15 2
20 16 3
20 17 1
20 18 1
20 19 3
21 0 3
21 1 5
21 2 4
21 3 1
21 4 3
21 5 2
21 6 1
21 7 2
21 8 1
21 9 4
21 10 1
21 11 5
21 12 5
21 13 5
21 14 5
21 15 4
21 16 1
21 17 1
21 18 2
21 19 4
21 20 2
22 0 5
22 1 5
22 2 3
22 3 5
22 4 1
22 5 1
22 6 3
22 7 3
22 8 3
22 9 3
22 10 5
22 11 2
22 12 2
22 13 4
22 14 1
22 15 2
22 16 2
22 17 5
22 18 4
22 19 5
22 20 4
22 21 4
23 0 2
23 1 3
23 2 3
23 3 1
23 4 4
23 5 3
23 6 4
23 7 3
23 8 5
23 9 4
23 10 3
23 11 2
23 12 4
23 13 2
23 14 5
23 15 4
23 16 3
23 17 2
23 18 5
23 19 4
23 20 5
23 21 4
23 22 2
24 0 5
24 1 2
24 2 1
24 3 1
24 4 3
24 5 1
24 6 3
24 7 3
24 8 3
24 9 5
24 10 2
24 11 3
24 12 3
24 13 4
24 14 1
24 15 5
24 16 4
24 17 3
24 18 1
24 19 1
24 20 3
24 21 2
24 22 1
24 23 4
25 0 5
25 1 5
25 2 1
25 3 4
25 4 5
25 5 3
25 6 4
25 7 1
25 8 2
25 9 2
25 10 4
25 11 3
25 12 5
25 13 4
25 14 2
25 15 1
25 16 2
25 17 1
25 18 4
25 19 3
25 20 1
25 21 5
25 22 3
25 23 5
25 24 4
26 0 5
26 1 3
26 2 2
26 3 2
26 4 2
26 5 5
26 6 3
26 7 1
26 8 1
26 9 4
26 10 4
26 11 4
26 12 1
26 13 1
26 14 3
26 15 5
26 16 3
26 17 3
26 18 3
26 19 5
26 20 5
26 21 4
26 22 2
26 23 3
26 24 4
26 25 2
27 0 1
27 1 3
27 2 1
27 3 3
27 4 5
27 5 4
27 6 1
27 7 5
27 8 5
27 9 5
27 10 3
27 11 2
27 12 1
27 13 1
27 14 3
27 15 3
27 16 4
27 17 5
27 18 3
27 19 2
27 20 1
27 21 5
27 22 5
27 23 4
27 24 1
27 25 4
27 26 1
28 0 2
28 1 2
28 2 4
28 3 5
28 4 3
28 5 5
28 6 5
28 7 4
28 8 3
28 9 5
28 10 1
28 11 4
28 12 1
28 13 3
28 14 1
28 15 5
28 16 4
28 17 3
28 18 1
28 19 4
28 20 3
28 21 4
28 22 2
28 23 4
28 24 3
28 25 3
28 26 4
28 27 1
29 0 1
29 1 2
29 2 4
29 3 5
29 4 1
29 5 3
29 6 4
29 7 5
29 8 2
29 9 1
29 10 2
29 11 3
29 12 2
29 13 3
29 14 1
29 15 1
29 16 2
29 17 1
29 18 4
29 19 3
29 20 1
29 21 5
29 22 1
29 23 5
29 24 4
29 25 3
29 26 1
29 27 3
29 28 4
