60
1 0 4
2 0 5
2 1 4
3 0 8
3 1 6
3 2 3
4 0 4
4 1 6
4 2 1
4 3 6
5 0 4
5 1 6
5 2 1
5 3 1
5 4 3
6 0 6
6 1 6
6 2 7
6 3 3
6 4 5
6 5 1
7 0 1
7 1 4
7 2 3
7 3 6
7 4 1
7 5 5
7 6 3
8 0 4
8 1 2
8 2 2
8 3 5
8 4 4
8 5 2
8 6 6
8 7 1
9 0 2
9 1 5
9 2 8
9 3 8
9 4 5
9 5 6
9 6 5
9 7 1
9 8 1
10 0 1
10 1 4
10 2 4
10 3 2
10 4 3
10 5 2
10 6 2
10 7 3
10 8 3
10 9 8
11 0 4
11 1 3
11 2 2
11 3 3
11 4 3
11 5 8
11 6 7
11 7 5
11 8 4
11 9 1
11 10 3
12 0 2
12 1 8
12 2 4
12 3 4
12 4 4
12 5 5
12 6 6
12 7 8
12 8 6
12 9 8
12 10 5
12 11 6
13 0 6
13 1 8
13 2 2
13 3 4
13 4 1
13 5 4
13 6 3
13 7 8
13 8 3
13 9 1
13 10 5
13 11 5
13 12 7
14 0 8
14 1 5
14 2 8
14 3 8
14 4 3
14 5 2
14 6 8
14 7 7
14 8 3
14 9 2
14 10 1
14 11 1
14 12 3
14 13 4
15 0 7
15 1 1
15 2 7
15 3 3
15 4 8
15 5 8
15 6 1
15 7 8
15 8 6
15 9 2
15 10 3
15 11 1
15 12 6
15 13 2
15 14 7
16 0 6
16 1 4
16 2 8
16 3 1
16 4 7
16 5 5
16 6 4
16 7 2
16 8 7
16 9 5
16 10 6
16 11 1
16 12 5
16 13 4
16 14 3
16 15 2
17 0 6
17 1 7
17 2 2
17 3 1
17 4 8
17 5 3
17 6 5
17 7 4
17 8 5
17 9 1
17 10 6
17 11 3
17 12 3
17 13 7
17 14 4
17 15 4
17 16 6
18 0 3
18 1 5
18 2 6
18 3 5
18 4 1
18 5 4
18 6 4
18 7 2
18 8 8
18 9 1
18 10 1
18 11 2
18 12 2
18 13 7
18 14 1
18 15 6
18 16 4
18 17 6
19 0 7
19 1 6
19 2 6
19 3 6
19 4 1
19 5 8
19 6 4
19 7 8
19 8 8
19 9 5
19 10 5
19 11 5
19 12 3
19 13 1
19 14 3
19 15 3
19 16 8
19 17 7
19 18 1
20 0 5
20 1 3
20 2 6
20 3 7
20 4 3
20 5 2
20 6 6
20 7 1
20 8 8
20 9 3
20 10 2
20 11 6
20 12 3
20 13 5
20 14 5
20 15 8
20 16 3
20 17 7
20 18 7
20 19 1
21 0 6
21 1 2
21 2 7
21 3 7
21 4 4
21 5 1
21 6 5
21 7 1
21 8 3
21 9 3
21 10 6
21 11 7
21 12 1
21 13 3
21 14 6
21 15 2
21 16 3
21 17 1
21 18 8
21 19 3
21 20 6
22 0 3
22 1 3
22 2 6
22 3 1
22 4 5
22 5 7
22 6 6
22 7 3
22 8 7
22 9 8
22 10 1
22 11 4
22 12 6
22 13 7
22 14 6
22 15 1
22 16 4
22 17 8
22 18 6
22 19 4
22 20 3
22 21 6
23 0 3
23 1 3
23 2 5
23 3 4
23 4 3
23 5 5
23 6 3
23 7 3
23 8 2
23 9 1
23 10 4
23 11 1
23 12 4
23 13 1
23 14 1
23 15 1
23 16 6
23 17 8
23 18 2
23 19 7
23 20 2
23 21 7
23 22 4
24 0 4
24 1 2
24 2 1
24 3 8
24 4 3
24 5 8
24 6 6
24 7 4
24 8 5
24 9 2
24 10 8
24 11 2
24 12 1
24 13 3
24 14 2
24 15 4
24 16 3
24 17 6
24 18 7
24 19 5
24 20 3
24 21 5
24 22 3
24 23 4
25 0 4
25 1 5
25 2 4
25 3 2
25 4 5
25 5 8
25 6 1
25 7 5
25 8 2
25 9 1
25 10 5
25 11 8
25 12 3
25 13 6
25 14 2
25 15 7
25 16 8
25 17 4
25 18 1
25 19 1
25 20 6
25 21 7
25 22 4
25 23 6
25 24 4
26 0 4
26 1 3
26 2 4
26 3 7
26 4 4
26 5 4
26 6 1
26 7 7
26 8 7
26 9 7
26 10 1
26 11 6
26 12 1
26 13 4
26 14 8
26 15 1
26 16 3
26 17 3
26 18 3
26 19 1
26 20 6
26 21 2
26 22 8
26 23 7
26 24 8
26 25 1
27 0 4
27 1 4
27 2 4
27 3 5
27 4 3
27 5 5
27 6 7
27 7 7
27 8 8
27 9 5
27 10 5
27 11 6
27 12 7
27 13 7
27 14 8
27 15 5
27 16 8
27 17 8
27 18 5
27 19 3
27 20 5
27 21 5
27 22 6
27 23 2
27 24 1
27 25 5
27 26 7
28 0 5
28 1 3
28 2 5
28 3 2
28 4 3
28 5 6
28 6 1
28 7 8
28 8 1
28 9 6
28 10 1
28 11 3
28 12 2
28 13 2
28 14 1
28 15 8
28 16 4
28 17 8
28 18 1
28 19 3
28 20 1
28 21 2
28 22 8
28 23 5
28 24 6
28 25 6
28 26 3
28 27 8
29 0 2
29 1 8
29 2 6
29 3 6
29 4 6
29 5 7
29 6 2
29 7 8
29 8 8
29 9 5
29 10 3
29 11 8
29 12 5
29 13 4
29 14 8
29 15 6
29 16 3
29 17 4
29 18 3
29 19 3
29 20 5
29 21 6
29 22 5
29 23 3
29 24 4
29 25 2
29 26 6
29 27 8
29 28 4
30 0 3
30 1 1
30 2 4
30 3 2
30 4 1
30 5 4
30 6 3
30 7 5
30 8 6
30 9 3
30 10 5
30 11 2
30 12 4
30 13 1
30 14 6
30 15 5
30 16 5
30 17 6
30 18 6
30 19 3
30 20 5
30 21 6
30 22 5
30 23 7
30 24 8
30 25 1
30 26 8
30 27 1
30 28 8
30 29 2
31 0 2
31 1 5
31 2 2
31 3 1
31 4 7
31 5 7
31 6 7
31 7 8
31 8 6
31 9 3
31 10 4
31 11 5
31 12 4
31 13 2
31 14 6
31 15 4
31 16 7
31 17 1
31 18 5
31 19 2
31 20 7
31 21 6
31 22 3
31 23 6
31 24 7
31 25 5
31 26 5
31 27 5
31 28 4
31 29 6
31 30 2
32 0 6
32 1 5
32 2 5
32 3 1
32 4 7
32 5 4
32 6 1
32 7 2
32 8 6
32 9 7
32 10 1
32 11 3
32 12 5
32 13 7
32 14 7
32 15 2
32 16 2
32 17 7
32 18 1
32 19 1
32 20 8
32 21 1
32 22 8
32 23 7
32 24 5
32 25 4
32 26 8
32 27 4
32 28 7
32 29 5
32 30 2
32 31 1
33 0 8
33 1 4
33 2 2
33 3 5
33 4 7
33 5 3
33 6 6
33 7 3
33 8 2
33 9 7
33 10 8
33 11 7
33 12 1
33 13 8
33 14 1
33 15 2
33 16 3
33 17 6
33 18 3
33 19 1
33 20 1
33 21 1
33 22 6
33 23 5
33 24 7
33 25 2
33 26 6
33 27 2
33 28 1
33 29 3
33 30 2
33 31 5
33 32 7
34 0 1
34 1 5
34 2 6
34 3 1
34 4 6
34 5 3
34 6 2
34 7 7
34 8 3
34 9 6
34 10 4
34 11 3
34 12 5
34 13 7
34 14 8
34 15 7
34 16 6
34 17 1
34 18 8
34 19 6
34 20 6
34 21 3
34 22 1
34 23 3
34 24 5
34 25 7
34 26 4
34 27 1
34 28 2
34 29 8
34 30 2
34 31 3
34 32 5
34 33 1
35 0 6
35 1 6
35 2 3
35 3 4
35 4 4
35 5 6
35 6 1
35 7 5
35 8 7
35 9 7
35 10 5
35 11 4
35 12 3
35 13 5
35 14 1
35 15 5
35 16 2
35 17 8
35 18 7
35 19 4
35 20 1
35 21 2
35 22 8
35 23 8
35 24 6
35 25 8
35 26 5
35 27 5
35 28 2
35 29 1
35 30 6
35 31 4
35 32 4
35 33 6
35 34 1
36 0 6
36 1 7
36 2 3
36 3 6
36 4 4
36 5 4
36 6 8
36 7 6
36 8 7
36 9 4
36 10 4
36 11 4
36 12 6
36 13 6
36 14 1
36 15 3
36 16 6
36 17 6
36 18 2
36 19 4
36 20 4
36 21 2
36 22 6
36 23 8
36 24 3
36 25 4
36 26 3
36 27 6
36 28 8
36 29 5
36 30 8
36 31 6
36 32 4
36 33 8
36 34 6
36 35 6
37 0 1
37 1 1
37 2 8
37 3 3
37 4 3
37 5 3
37 6 4
37 7 6
37 8 8
37 9 7
37 10 7
37 11 7
37 12 4
37 13 6
37 14 8
37 15 5
37 16 7
37 17 8
37 18 2
37 19 3
37 20 5
37 21 1
37 22 1
37 23 8
37 24 5
37 25 3
37 26 8
37 27 1
37 28 1
37 29 1
37 30 8
37 31 1
37 32 1
37 33 2
37 34 7
37 35 5
37 36 1
38 0 7
38 1 1
38 2 6
38 3 6
38 4 6
38 5 4
38 6 2
38 7 1
38 8 8
38 9 8
38 10 7
38 11 2
38 12 4
38 13 3
38 14 6
38 15 1
38 16 2
38 17 3
38 18 1
38 19 1
38 20 2
38 21 5
38 22 6
38 23 7
38 24 5
38 25 1
38 26 4
38 27 4
38 28 3
38 29 8
38 30 7
38 31 1
38 32 5
38 33 4
38 34 5
38 35 2
38 36 1
38 37 6
39 0 3
39 1 4
39 2 5
39 3 6
39 4 4
39 5 5
39 6 8
39 7 3
39 8 5
39 9 1
39 10 5
39 11 1
39 12 6
39 13 6
39 14 5
39 15 7
39 16 6
39 17 5
39 18 2
39 19 1
39 20 2
39 21 3
39 22 3
39 23 6
39 24 6
39 25 6
39 26 5
39 27 1
39 28 6
39 29 5
39 30 7
39 31 4
39 32 6
39 33 5
39 34 4
39 35 7
39 36 7
39 37 5
39 38 3
40 0 5
40 1 8
40 2 4
40 3 7
40 4 6
40 5 6
40 6 8
40 7 5
40 8 2
40 9 5
40 10 3
40 11 8
40 12 5
40 13 5
40 14 3
40 15 6
40 16 2
40 17 7
40 18 2
40 19 2
40 20 6
40 21 4
40 22 4
40 23 2
40 24 2
40 25 1
40 26 8
40 27 1
40 28 5
40 29 4
40 30 2
40 31 2
40 32 1
40 33 5
40 34 7
40 35 8
40 36 8
40 37 3
40 38 6
40 39 3
41 0 5
41 1 8
41 2 1
41 3 5
41 4 2
41 5 1
41 6 7
41 7 8
41 8 1
41 9 8
41 10 4
41 11 8
41 12 6
41 13 4
41 14 1
41 15 2
41 16 8
41 17 2
41 18 7
41 19 7
41 20 6
41 21 4
41 22 3
41 23 4
41 24 5
41 25 6
41 26 1
41 27 2
41 28 2
41 29 4
41 30 5
41 31 7
41 32 6
41 33 2
41 34 2
41 35 3
41 36 5
41 37 2
41 38 7
41 39 5
41 40 5
42 0 7
42 1 6
42 2 3
42 3 6
42 4 5
42 5 6
42 6 7
42 7 6
42 8 2
42 9 4
42 10 2
42 11 4
42 12 3
42 13 4
42 14 3
42 15 5
42 16 2
42 17 7
42 18 1
42 19 4
42 20 5
42 21 2
42 22 7
42 23 1
42 24 2
42 25 4
42 26 5
42 27 1
42 28 7
42 29 3
42 30 2
42 31 8
42 32 5
42 33 2
42 34 3
42 35 7
42 36 5
42 37 6
42 38 3
42 39 1
42 40 7
42 41 7
43 0 6
43 1 1
43 2 3
43 3 3
43 4 7
43 5 6
43 6 4
43 7 3
43 8 8
43 9 6
43 10 1
43 11 7
43 12 2
43 13 4
43 14 7
43 15 7
43 16 3
43 17 6
43 18 4
43 19 4
43 20 1
43 21 5
43 22 1
43 23 6
43 24 2
43 25 4
43 26 3
43 27 3
43 28 1
43 29 2
43 30 3
43 31 3
43 32 5
43 33 6
43 34 5
43 35 6
43 36 2
43 37 5
43 38 8
43 39 7
43 40 7
43 41 6
43 42 3
44 0 8
44 1 4
44 2 5
44 3 7
44 4 5
44 5 2
44 6 6
44 7 2
44 8 4
44 9 5
44 10 8
44 11 3
44 12 1
44 13 8
44 14 5
44 15 2
44 16 6
44 17 7
44 18 1
44 19 8
44 20 2
44 21 1
44 22 7
44 23 2
44 24 7
44 25 8
44 26 1
44 27 6
44 28 7
44 29 7
44 30 1
44 31 1
44 32 5
44 33 7
44 34 5
44 35 1
44 36 5
44 37 7
44 38 7
44 39 2
44 40 1
44 41 8
44 42 2
44 43 5
45 0 6
45 1 8
45 2 1
45 3 8
45 4 2
45 5 8
45 6 5
45 7 5
45 8 7
45 9 5
45 10 8
45 11 5
45 12 1
45 13 1
45 14 7
45 15 1
45 16 7
45 17 5
45 18 8
45 19 2
45 20 7
45 21 5
45 22 1
45 23 6
45 24 5
45 25 4
45 26 7
45 27 4
45 28 6
45 29 3
45 30 5
45 31 7
45 32 6
45 33 2
45 34 7
45 35 2
45 36 6
45 37 6
45 38 7
45 39 5
45 40 5
45 41 7
45 42 4
45 43 2
45 44 1
46 0 4
46 1 6
46 2 7
46 3 8
46 4 6
46 5 6
46 6 3
46 7 4
46 8 8
46 9 3
46 10 4
46 11 8
46 12 1
46 13 1
46 14 8
46 15 3
46 16 6
46 17 4
46 18 3
46 19 2
46 20 7
46 21 6
46 22 1
46 23 3
46 24 2
46 25 5
46 26 3
46 27 8
46 28 1
46 29 1
46 30 3
46 31 5
46 32 5
46 33 6
46 34 1
46 35 7
46 36 5
46 37 6
46 38 2
46 39 4
46 40 3
46 41 5
46 42 4
46 43 1
46 44 2
46 45 7
47 0 4
47 1 7
47 2 2
47 3 5
47 4 3
47 5 6
47 6 2
47 7 5
47 8 8
47 9 8
47 10 3
47 11 8
47 12 7
47 13 3
47 14 1
47 15 3
47 16 5
47 17 6
47 18 6
47 19 4
47 20 3
47 21 5
47 22 6
47 23 7
47 24 8
47 25 8
47 26 7
47 27 7
47 28 8
47 29 7
47 30 4
47 31 2
47 32 5
47 33 1
47 34 4
47 35 3
47 36 1
47 37 4
47 38 8
47 39 2
47 40 4
47 41 4
47 42 4
47 43 5
47 44 5
47 45 1
47 46 3
48 0 6
48 1 5
48 2 5
48 3 7
48 4 8
48 5 3
48 6 5
48 7 6
48 8 3
48 9 3
48 10 5
48 11 5
48 12 3
48 13 5
48 14 1
48 15 8
48 16 1
48 17 1
48 18 3
48 19 2
48 20 6
48 21 5
48 22 8
48 23 3
48 24 5
48 25 7
48 26 4
48 27 3
48 28 5
48 29 7
48 30 8
48 31 7
48 32 7
48 33 7
48 34 6
48 35 4
48 36 1
48 37 1
48 38 8
48 39 3
48 40 2
48 41 4
48 42 3
48 43 6
48 44 4
48 45 5
48 46 1
48 47 3
49 0 7
49 1 3
49 2 7
49 3 1
49 4 2
49 5 3
49 6 5
49 7 3
49 8 5
49 9 6
49 10 6
49 11 8
49 12 4
49 13 6
49 14 8
49 15 6
49 16 5
49 17 8
49 18 5
49 19 2
49 20 4
49 21 3
49 22 3
49 23 5
49 24 8
49 25 3
49 26 1
49 27 3
49 28 3
49 29 8
49 30 4
49 31 2
49 32 7
49 33 6
49 34 5
49 35 3
49 36 7
49 37 2
49 38 8
49 39 6
49 40 6
49 41 4
49 42 5
49 43 3
49 44 2
49 45 5
49 46 7
49 47 3
49 48 3
50 0 7
50 1 7
50 2 6
50 3 2
50 4 5
50 5 1
50 6 1
50 7 4
50 8 8
50 9 6
50 10 2
50 11 2
50 12 5
50 13 6
50 14 6
50 15 2
50 16 3
50 17 2
50 18 1
50 19 3
50 20 5
50 21 2
50 22 2
50 23 6
50 24 8
50 25 3
50 26 1
50 27 2
50 28 6
50 29 6
50 30 7
50 31 6
50 32 6
50 33 3
50 34 7
50 35 7
50 36 8
50 37 7
50 38 3
50 39 3
50 40 2
50 41 6
50 42 4
50 43 5
50 44 4
50 45 7
50 46 4
50 47 6
50 48 2
50 49 1
51 0 5
51 1 1
51 2 5
51 3 2
51 4 6
51 5 4
51 6 3
51 7 3
51 8 8
51 9 2
51 10 8
51 11 8
51 12 2
51 13 4
51 14 5
51 15 4
51 16 8
51 17 2
51 18 8
51 19 3
51 20 1
51 21 5
51 22 5
51 23 1
51 24 5
51 25 5
51 26 4
51 27 1
51 28 3
51 29 5
51 30 8
51 31 6
51 32 4
51 33 3
51 34 8
51 35 1
51 36 4
51 37 1
51 38 2
51 39 4
51 40 5
51 41 5
51 42 5
51 43 6
51 44 8
51 45 1
51 46 1
51 47 7
51 48 7
51 49 7
51 50 7
52 0 4
52 1 5
52 2 6
52 3 4
52 4 1
52 5 3
52 6 3
52 7 4
52 8 3
52 9 8
52 10 5
52 11 5
52 12 3
52 13 4
52 14 5
52 15 1
52 16 4
52 17 2
52 18 4
52 19 3
52 20 5
52 21 2
52 22 6
52 23 8
52 24 5
52 25 6
52 26 7
52 27 5
52 28 1
52 29 2
52 30 4
52 31 5
52 32 6
52 33 1
52 34 6
52 35 2
52 36 4
52 37 2
52 38 3
52 39 8
52 40 3
52 41 3
52 42 2
52 43 1
52 44 8
52 45 1
52 46 6
52 47 6
52 48 5
52 49 3
52 50 7
52 51 7
53 0 5
53 1 3
53 2 5
53 3 4
53 4 1
53 5 7
53 6 4
53 7 7
53 8 3
53 9 2
53 10 4
53 11 5
53 12 1
53 13 5
53 14 4
53 15 7
53 16 4
53 17 6
53 18 4
53 19 1
53 20 6
53 21 6
53 22 1
53 23 8
53 24 6
53 25 4
53 26 5
53 27 5
53 28 8
53 29 6
53 30 4
53 31 3
53 32 4
53 33 2
53 34 5
53 35 3
53 36 5
53 37 4
53 38 1
53 39 4
53 40 2
53 41 6
53 42 3
53 43 7
53 44 5
53 45 5
53 46 3
53 47 8
53 48 3
53 49 7
53 50 8
53 51 8
53 52 2
54 0 8
54 1 5
54 2 3
54 3 4
54 4 5
54 5 2
54 6 4
54 7 6
54 8 6
54 9 3
54 10 1
54 11 7
54 12 7
54 13 5
54 14 3
54 15 1
54 16 3
54 17 1
54 18 4
54 19 1
54 20 8
54 21 4
54 22 2
54 23 8
54 24 4
54 25 1
54 26 4
54 27 1
54 28 8
54 29 1
54 30 2
54 31 5
54 32 6
54 33 4
54 34 5
54 35 5
54 36 3
54 37 6
54 38 2
54 39 1
54 40 1
54 41 6
54 42 4
54 43 6
54 44 7
54 45 3
54 46 8
54 47 1
54 48 2
54 49 7
54 50 7
54 51 8
54 52 2
54 53 7
55 0 5
55 1 1
55 2 1
55 3 6
55 4 3
55 5 2
55 6 6
55 7 4
55 8 4
55 9 2
55 10 1
55 11 4
55 12 4
55 13 6
55 14 8
55 15 5
55 16 1
55 17 4
55 18 5
55 19 3
55 20 5
55 21 7
55 22 4
55 23 3
55 24 7
55 25 4
55 26 2
55 27 1
55 28 5
55 29 8
55 30 7
55 31 5
55 32 6
55 33 1
55 34 8
55 35 3
55 36 1
55 37 1
55 38 2
55 39 2
55 40 4
55 41 7
55 42 6
55 43 7
55 44 3
55 45 2
55 46 7
55 47 2
55 48 5
55 49 5
55 50 7
55 51 7
55 52 7
55 53 7
55 54 6
56 0 3
56 1 5
56 2 7
56 3 5
56 4 8
56 5 1
56 6 2
56 7 1
56 8 7
56 9 8
56 10 5
56 11 4
56 12 5
56 13 2
56 14 5
56 15 6
56 16 3
56 17 6
56 18 2
56 19 7
56 20 3
56 21 8
56 22 8
56 23 8
56 24 8
56 25 8
56 26 4
56 27 2
56 28 1
56 29 7
56 30 3
56 31 2
56 32 3
56 33 1
56 34 2
56 35 3
56 36 5
56 37 2
56 38 4
56 39 6
56 40 2
56 41 8
56 42 6
56 43 5
56 44 1
56 45 4
56 46 2
56 47 6
56 48 1
56 49 1
56 50 4
56 51 3
56 52 4
56 53 3
56 54 1
56 55 8
57 0 8
57 1 3
57 2 2
57 3 6
57 4 2
57 5 7
57 6 8
57 7 1
57 8 6
57 9 7
57 10 3
57 11 6
57 12 2
57 13 5
57 14 4
57 15 7
57 16 3
57 17 1
57 18 3
57 19 5
57 20 8
57 21 7
57 22 4
57 23 2
57 24 3
57 25 2
57 26 2
57 27 5
57 28 3
57 29 1
57 30 8
57 31 3
57 32 4
57 33 5
57 34 2
57 35 3
57 36 3
57 37 6
57 38 7
57 39 2
57 40 1
57 41 7
57 42 2
57 43 1
57 44 6
57 45 3
57 46 8
57 47 2
57 48 8
57 49 1
57 50 1
57 51 7
57 52 4
57 53 8
57 54 3
57 55 5
57 56 5
58 0 7
58 1 7
58 2 2
58 3 6
58 4 8
58 5 2
58 6 1
58 7 4
58 8 6
58 9 3
58 10 8
58 11 8
58 12 8
58 13 4
58 14 3
58 15 2
58 16 5
58 17 5
58 18 5
58 19 5
58 20 7
58 21 1
58 22 4
58 23 8
58 24 2
58 25 7
58 26 8
58 27 7
58 28 8
58 29 1
58 30 1
58 31 8
58 32 5
58 33 3
58 34 1
58 35 6
58 36 1
58 37 7
58 38 1
58 39 1
58 40 1
58 41 1
58 42 8
58 43 3
58 44 2
58 45 2
58 46 1
58 47 5
58 48 7
58 49 2
58 50 4
58 51 8
58 52 4
58 53 3
58 54 8
58 55 7
58 56 3
58 57 3
59 0 2
59 1 7
59 2 5
59 3 1
59 4 5
59 5 6
59 6 5
59 7 1
59 8 6
59 9 4
59 10 1
59 11 8
59 12 5
59 13 8
59 14 2
59 15 5
59 16 5
59 17 3
59 18 8
59 19 7
59 20 3
59 21 4
59 22 2
59 23 7
59 24 1
59 25 7
59 26 8
59 27 8
59 28 3
59 29 4
59 30 6
59 31 1
59 32 6
59 33 4
59 34 6
59 35 2
59 36 8
59 37 1
59 38 8
59 39 8
59 40 5
59 41 1
59 42 1
59 43 8
59 44 8
59 45 3
59 46 4
59 47 8
59 48 1
59 49 4
59 50 2
59 51 2
59 52 3
59 53 5
59 54 5
59 55 4
59 56 7
59 57 5
59 58 2
