30
4 0 2
4 1 8
4 3 9
5 2 7
6 0 9
6 3 9
6 4 5
7 5 7
7 6 4
8 2 4
8 4 2
8 7 9
9 3 8
9 5 9
9 6 6
9 8 8
10 0 1
10 2 7
10 3 7
10 6 3
11 2 9
11 3 10
11 5 6
11 10 2
12 0 10
12 2 9
12 4 9
12 5 3
12 6 2
12 7 3
12 9 3
13 3 1
13 4 1
13 5 1
13 6 7
13 7 7
13 9 5
13 10 7
13 11 1
13 12 7
14 0 7
14 1 2
14 7 1
15 0 4
15 2 6
15 3 10
15 4 6
15 5 1
15 6 6
15 7 3
15 8 2
15 9 9
15 11 3
15 12 5
15 14 3
16 0 2
16 1 7
16 4 3
16 5 6
16 6 3
16 9 1
16 10 4
16 11 5
17 0 10
17 1 7
17 2 10
17 4 3
17 5 9
17 8 2
17 11 5
17 13 4
17 14 2
17 16 4
18 3 9
18 4 10
18 9 10
18 12 4
18 16 5
19 0 4
19 4 6
19 7 8
19 9 4
19 12 4
19 13 4
19 14 2
19 15 6
19 17 7
19 18 1
20 0 6
20 3 3
20 5 8
20 8 8
20 9 1
20 13 3
20 17 8
20 18 4
20 19 2
21 0 7
21 1 1
21 2 5
21 5 10
21 6 4
21 8 4
21 10 1
21 12 6
21 17 10
21 18 6
21 20 8
22 1 7
22 2 9
22 4 3
22 6 3
22 10 7
22 11 3
22 13 8
22 16 10
22 19 9
22 20 9
22 21 6
23 0 6
23 1 7
23 4 10
23 6 5
23 7 8
23 10 1
23 13 6
23 14 10
23 16 2
24 1 7
24 2 10
24 3 6
24 7 1
24 8 8
24 9 9
24 11 5
24 12 10
24 13 3
24 14 9
24 15 3
24 18 1
24 19 1
24 21 8
25 1 9
25 2 2
25 7 4
25 8 2
25 9 6
25 11 2
25 12 9
25 15 9
25 18 7
25 19 9
25 21 7
25 23 2
25 24 8
26 1 3
26 3 7
26 4 3
26 6 8
26 7 9
26 8 10
26 9 5
26 11 10
26 12 7
26 14 1
26 17 2
26 18 1
26 22 3
26 24 8
26 25 7
27 0 10
27 2 4
27 5 9
27 8 5
27 10 10
27 11 2
27 14 7
27 15 9
27 16 9
27 18 4
27 20 9
27 21 3
27 22 6
27 25 10
28 0 4
28 2 10
28 3 4
28 6 8
28 9 4
28 11 10
28 12 8
28 14 3
28 15 7
28 17 7
28 18 6
28 20 4
28 21 4
28 25 1
28 27 10
29 0 9
29 1 2
29 3 2
29 5 2
29 7 1
29 9 5
29 11 5
29 12 9
29 14 4
29 17 4
29 20 10
29 22 10
29 23 4
29 28 8
