60
2 1 1
3 1 4
3 2 5
4 0 3
4 1 5
4 2 6
5 3 2
6 0 4
6 3 2
7 1 6
7 4 4
7 6 6
8 0 2
8 4 4
9 0 6
9 1 1
9 2 2
9 3 4
9 6 6
9 7 1
9 8 1
10 2 4
10 3 4
10 6 3
10 8 5
10 9 5
11 0 1
11 1 4
11 2 2
11 3 5
11 7 4
11 8 1
11 9 4
12 0 3
12 2 5
12 7 3
12 8 4
12 11 1
13 0 3
13 1 4
13 2 2
13 3 6
13 6 2
13 8 3
13 9 3
13 11 3
14 1 5
14 2 1
14 9 6
14 11 2
14 12 6
15 0 1
15 4 6
15 5 2
15 7 4
15 13 3
15 14 2
16 0 1
16 2 4
16 3 2
16 5 1
16 8 6
16 9 4
16 10 2
16 12 4
16 13 4
17 0 3
17 5 3
17 6 6
17 10 4
17 11 2
17 12 6
18 0 6
18 2 4
18 3 3
18 4 3
18 5 2
18 7 3
18 8 3
18 10 2
18 13 5
18 15 3
18 17 1
19 7 1
19 13 5
19 15 3
19 17 4
20 1 5
20 4 4
20 6 4
20 7 3
20 9 6
20 10 4
20 11 6
20 13 6
20 14 6
20 15 2
20 16 3
20 18 6
21 0 6
21 1 4
21 2 3
21 3 3
21 4 2
21 5 5
21 10 2
21 11 3
21 12 3
21 14 4
21 15 4
21 16 5
21 18 3
22 0 4
22 2 5
22 4 5
22 6 3
22 7 1
22 8 2
22 9 5
22 10 2
22 16 1
22 17 1
22 20 5
23 1 4
23 2 5
23 3 5
23 4 6
23 6 1
23 9 1
23 10 1
23 11 6
23 12 4
23 20 5
23 21 6
24 2 1
24 3 5
24 5 3
24 6 6
24 10 6
24 11 5
24 14 3
24 15 1
24 16 1
24 19 5
24 20 2
24 21 3
24 22 1
24 23 2
25 4 1
25 6 3
25 7 4
25 8 4
25 9 6
25 11 4
25 12 5
25 14 3
25 15 6
25 18 3
25 19 3
25 20 2
25 21 5
25 22 5
26 0 5
26 2 1
26 3 2
26 5 6
26 6 6
26 7 6
26 8 4
26 9 1
26 13 4
26 14 6
26 15 2
26 16 4
26 17 3
26 18 3
26 19 6
26 21 1
26 24 5
27 0 4
27 1 1
27 2 2
27 5 2
27 6 6
27 7 3
27 8 2
27 11 2
27 15 4
27 16 6
27 17 6
27 19 5
27 23 5
27 25 6
28 0 2
28 1 5
28 3 4
28 6 5
28 7 3
28 8 1
28 11 1
28 12 2
28 14 5
28 17 2
28 18 2
28 19 3
28 23 3
28 24 5
28 25 5
28 26 1
29 0 5
29 1 2
29 5 3
29 7 4
29 11 6
29 16 5
29 17 1
29 18 5
29 20 6
29 21 2
29 24 2
29 27 4
29 28 4
30 1 2
30 2 3
30 3 1
30 5 1
30 6 1
30 8 3
30 9 6
30 10 3
30 11 6
30 13 2
30 15 1
30 16 5
30 18 3
30 19 6
30 20 4
30 23 1
30 24 2
30 25 2
30 27 3
30 29 1
31 2 3
31 3 3
31 5 1
31 6 5
31 7 1
31 8 6
31 9 1
31 12 4
31 14 5
31 15 3
31 16 2
31 18 3
31 19 5
31 22 1
31 23 5
31 24 3
31 25 3
31 26 1
31 28 5
32 4 2
32 6 5
32 8 1
32 9 3
32 12 1
32 16 6
32 18 6
32 19 5
32 20 6
32 22 3
32 25 1
32 29 2
32 31 5
33 0 6
33 4 6
33 7 1
33 8 3
33 9 1
33 10 4
33 12 2
33 13 5
33 14 5
33 15 2
33 16 1
33 17 5
33 20 4
33 21 5
33 22 4
33 23 5
33 25 6
33 26 2
33 28 5
33 29 3
33 30 5
33 31 1
33 32 3
34 1 1
34 5 4
34 6 6
34 8 2
34 9 1
34 11 3
34 12 3
34 15 5
34 17 5
34 21 5
34 22 3
34 25 2
34 26 2
34 30 4
34 31 5
34 33 3
35 2 3
35 4 4
35 8 1
35 9 1
35 10 6
35 11 2
35 12 4
35 17 5
35 19 6
35 20 2
35 21 4
35 22 2
35 24 5
35 29 2
35 32 3
35 33 4
35 34 1
36 0 4
36 1 3
36 2 3
36 7 2
36 8 2
36 9 4
36 10 6
36 11 5
36 15 4
36 16 1
36 17 6
36 21 4
36 23 6
36 26 4
36 28 5
36 31 4
36 32 3
36 33 1
37 0 5
37 2 1
37 3 4
37 4 1
37 5 2
37 7 5
37 8 4
37 9 5
37 10 4
37 12 6
37 13 1
37 14 6
37 17 6
37 18 4
37 19 2
37 20 6
37 23 2
37 27 3
37 29 4
37 30 1
37 31 5
37 32 6
37 35 1
38 0 3
38 8 3
38 9 2
38 13 5
38 14 1
38 16 2
38 17 5
38 20 3
38 21 4
38 22 5
38 23 4
38 24 4
38 26 6
38 28 3
38 31 5
38 32 1
38 33 3
38 36 4
39 0 3
39 2 2
39 3 1
39 5 6
39 6 6
39 8 1
39 9 2
39 12 1
39 15 4
39 16 6
39 18 5
39 21 1
39 22 6
39 26 5
39 29 4
39 30 2
39 31 5
39 33 2
39 34 3
39 36 4
39 38 2
40 0 5
40 4 2
40 7 6
40 8 1
40 11 5
40 12 6
40 13 1
40 14 5
40 15 4
40 17 2
40 19 1
40 21 5
40 24 2
40 25 6
40 27 1
40 31 4
40 32 2
40 34 6
40 35 4
40 36 1
40 39 6
41 0 5
41 1 6
41 5 1
41 9 6
41 10 5
41 12 2
41 13 6
41 16 5
41 19 4
41 21 6
41 23 3
41 24 4
41 25 2
41 28 3
41 29 2
41 31 3
41 33 6
41 34 5
41 35 3
41 37 3
41 38 6
41 40 6
42 2 4
42 3 1
42 6 3
42 7 3
42 8 6
42 10 2
42 11 2
42 12 2
42 13 6
42 15 6
42 16 2
42 17 5
42 18 1
42 19 4
42 21 3
42 25 3
42 26 1
42 28 3
42 31 4
42 34 5
42 35 6
42 38 2
42 41 2
43 1 5
43 2 1
43 3 6
43 4 5
43 6 6
43 10 6
43 12 6
43 14 6
43 16 3
43 17 5
43 19 2
43 21 5
43 24 4
43 26 2
43 27 5
43 29 1
43 30 4
43 34 2
43 36 2
43 38 4
43 39 5
43 40 6
43 42 4
44 0 4
44 1 4
44 2 5
44 3 2
44 7 6
44 8 3
44 9 1
44 11 5
44 12 6
44 13 3
44 15 2
44 16 1
44 17 3
44 21 5
44 22 1
44 23 1
44 24 1
44 25 1
44 26 5
44 32 5
44 33 6
44 36 6
44 38 5
44 39 5
44 42 1
44 43 1
45 0 1
45 4 1
45 6 2
45 7 6
45 10 5
45 11 3
45 15 2
45 16 4
45 17 4
45 19 3
45 21 2
45 22 4
45 23 1
45 26 4
45 30 1
45 32 3
45 33 6
45 35 3
45 37 4
45 39 4
45 40 6
45 44 6
46 0 3
46 1 3
46 3 3
46 4 3
46 6 2
46 7 5
46 8 6
46 10 1
46 13 3
46 15 5
46 17 5
46 18 1
46 19 1
46 20 2
46 22 4
46 24 6
46 25 6
46 26 2
46 28 2
46 30 6
46 31 4
46 33 5
46 34 5
46 36 5
46 41 4
46 42 2
46 43 5
46 44 2
47 3 1
47 4 1
47 5 1
47 6 3
47 7 2
47 8 4
47 9 2
47 10 2
47 12 3
47 13 1
47 14 1
47 15 6
47 16 5
47 17 6
47 18 4
47 21 3
47 22 5
47 23 1
47 28 4
47 29 3
47 32 3
47 33 3
47 34 4
47 35 6
47 39 5
47 42 2
47 44 2
48 4 4
48 6 1
48 8 1
48 15 3
48 20 4
48 22 5
48 23 2
48 25 4
48 26 5
48 27 6
48 28 2
48 29 4
48 31 2
48 37 3
48 39 6
48 43 3
48 44 3
48 47 2
49 0 4
49 3 4
49 13 1
49 15 4
49 16 4
49 17 1
49 21 2
49 25 6
49 27 3
49 30 6
49 33 4
49 38 1
49 40 1
49 41 5
49 42 6
49 44 1
49 45 5
49 46 4
49 47 3
49 48 4
50 4 2
50 7 1
50 9 4
50 10 3
50 11 1
50 12 1
50 13 6
50 14 3
50 16 6
50 18 4
50 23 6
50 24 6
50 26 3
50 27 6
50 28 4
50 29 6
50 39 6
50 41 6
50 42 4
50 43 2
50 45 1
50 46 1
51 1 6
51 2 4
51 5 3
51 6 4
51 7 4
51 11 4
51 14 5
51 16 1
51 17 6
51 18 6
51 19 1
51 23 6
51 25 4
51 28 5
51 29 5
51 30 5
51 31 4
51 33 5
51 37 6
51 42 6
51 46 5
51 48 1
52 2 5
52 3 3
52 4 3
52 5 5
52 7 3
52 10 1
52 14 2
52 18 3
52 19 5
52 20 3
52 23 6
52 24 5
52 26 1
52 28 4
52 30 5
52 31 4
52 33 6
52 35 6
52 38 4
52 40 3
52 42 6
52 44 2
52 45 1
52 46 3
52 50 1
53 0 5
53 1 6
53 3 4
53 4 6
53 8 1
53 12 6
53 13 1
53 15 3
53 16 6
53 18 2
53 20 6
53 21 4
53 23 3
53 27 5
53 29 2
53 30 6
53 32 2
53 33 5
53 36 1
53 38 2
53 39 5
53 42 1
53 48 6
53 50 4
53 51 3
54 2 2
54 3 1
54 5 2
54 6 2
54 7 2
54 10 3
54 12 1
54 14 5
54 17 5
54 21 5
54 22 2
54 25 2
54 32 3
54 33 4
54 34 2
54 35 1
54 37 5
54 39 4
54 42 1
54 45 1
54 46 6
54 48 2
54 49 1
54 50 3
54 51 1
54 52 5
54 53 6
55 0 3
55 1 4
55 2 5
55 3 1
55 5 3
55 6 3
55 7 3
55 8 3
55 9 5
55 10 5
55 14 5
55 16 1
55 20 5
55 21 4
55 23 1
55 24 2
55 34 2
55 36 1
55 38 1
55 39 1
55 45 3
55 46 3
55 48 5
55 49 6
55 50 3
55 51 2
55 53 5
55 54 5
56 0 1
56 3 6
56 4 4
56 6 1
56 7 3
56 10 5
56 13 6
56 16 3
56 17 1
56 18 4
56 19 2
56 21 4
56 22 1
56 25 4
56 30 3
56 36 6
56 43 2
56 48 1
56 51 3
56 52 1
56 53 3
57 6 4
57 9 2
57 10 4
57 11 6
57 12 2
57 14 4
57 15 2
57 16 2
57 17 4
57 20 2
57 21 2
57 22 3
57 25 6
57 28 5
57 30 1
57 31 2
57 32 5
57 33 2
57 34 6
57 35 2
57 36 4
57 39 3
57 40 4
57 42 1
57 48 3
57 49 1
57 52 3
57 55 3
58 1 5
58 3 3
58 4 6
58 8 5
58 10 6
58 13 5
58 15 5
58 17 1
58 18 1
58 22 6
58 24 5
58 26 2
58 27 4
58 28 5
58 29 6
58 32 5
58 33 2
58 34 3
58 36 3
58 37 6
58 38 6
58 39 6
58 43 4
58 44 4
58 45 2
58 48 5
58 49 1
58 51 6
58 53 5
58 54 1
58 57 1
59 1 6
59 4 4
59 7 3
59 8 1
59 9 1
59 10 4
59 12 3
59 13 1
59 14 4
59 15 5
59 16 5
59 18 1
59 19 3
59 23 3
59 24 6
59 25 2
59 26 5
59 27 4
59 29 5
59 30 6
59 35 1
59 37 4
59 38 3
59 39 2
59 41 1
59 42 4
59 43 5
59 45 1
59 46 4
59 47 1
59 49 5
59 50 6
59 51 5
59 52 4
59 53 6
59 54 5
59 55 4
59 56 1
59 58 3
