40
2 0 1
3 0 1
4 1 1
4 2 1
5 0 1
5 1 1
5 3 1
5 4 1
6 0 1
6 1 1
7 0 1
7 1 1
7 3 1
7 4 1
7 5 1
8 5 1
8 7 1
9 0 1
9 1 1
9 3 1
9 5 1
9 6 1
9 7 1
10 2 1
10 5 1
10 9 1
11 3 1
11 4 1
11 5 1
11 6 1
11 7 1
11 10 1
12 1 1
12 2 1
12 3 1
12 4 1
12 5 1
12 7 1
12 9 1
12 11 1
13 0 1
13 2 1
13 3 1
13 4 1
13 5 1
13 6 1
13 10 1
13 11 1
14 0 1
14 1 1
14 3 1
14 7 1
14 8 1
14 10 1
14 12 1
15 1 1
15 2 1
15 4 1
15 5 1
15 7 1
15 9 1
15 10 1
15 12 1
15 13 1
15 14 1
16 0 1
16 4 1
16 5 1
16 8 1
16 12 1
16 15 1
17 0 1
17 1 1
17 5 1
17 7 1
17 8 1
17 11 1
17 13 1
17 14 1
17 16 1
18 3 1
18 5 1
18 6 1
18 7 1
18 9 1
18 13 1
18 14 1
18 15 1
18 17 1
19 2 1
19 3 1
19 4 1
19 6 1
19 9 1
19 14 1
19 15 1
19 17 1
19 18 1
20 0 1
20 1 1
20 4 1
20 5 1
20 7 1
20 10 1
20 11 1
20 12 1
20 13 1
20 16 1
20 17 1
20 18 1
21 0 1
21 1 1
21 2 1
21 3 1
21 4 1
21 5 1
21 9 1
21 10 1
21 12 1
21 13 1
21 15 1
21 16 1
21 18 1
21 20 1
22 0 1
22 1 1
22 5 1
22 9 1
22 11 1
22 12 1
22 14 1
22 15 1
22 18 1
22 20 1
22 21 1
23 0 1
23 2 1
23 3 1
23 6 1
23 8 1
23 9 1
23 13 1
23 16 1
23 17 1
23 21 1
23 22 1
24 0 1
24 1 1
24 2 1
24 3 1
24 9 1
24 14 1
24 15 1
24 16 1
24 17 1
24 21 1
24 23 1
25 1 1
25 2 1
25 4 1
25 5 1
25 7 1
25 8 1
25 13 1
25 14 1
25 17 1
25 18 1
25 19 1
25 20 1
25 22 1
25 23 1
25 24 1
26 3 1
26 5 1
26 11 1
26 14 1
26 21 1
26 22 1
26 24 1
27 0 1
27 1 1
27 2 1
27 3 1
27 5 1
27 8 1
27 9 1
27 12 1
27 17 1
27 18 1
27 22 1
27 25 1
28 3 1
28 4 1
28 8 1
28 9 1
28 14 1
28 15 1
28 16 1
28 17 1
28 19 1
28 20 1
28 22 1
28 24 1
28 26 1
28 27 1
29 2 1
29 3 1
29 4 1
29 7 1
29 9 1
29 10 1
29 13 1
29 17 1
29 19 1
29 20 1
29 23 1
29 24 1
29 25 1
30 0 1
30 2 1
30 5 1
30 6 1
30 8 1
30 13 1
30 15 1
30 16 1
30 19 1
30 20 1
30 24 1
30 25 1
30 27 1
30 28 1
30 29 1
31 1 1
31 2 1
31 3 1
31 4 1
31 8 1
31 9 1
31 11 1
31 12 1
31 14 1
31 15 1
31 16 1
31 17 1
31 20 1
31 23 1
31 24 1
32 2 1
32 4 1
32 5 1
32 6 1
32 8 1
32 11 1
32 12 1
32 13 1
32 15 1
32 16 1
32 18 1
32 19 1
32 20 1
32 21 1
32 23 1
32 25 1
32 26 1
32 29 1
33 0 1
33 2 1
33 6 1
33 7 1
33 8 1
33 19 1
33 20 1
33 28 1
33 31 1
33 32 1
34 3 1
34 4 1
34 7 1
34 10 1
34 11 1
34 12 1
34 14 1
34 15 1
34 16 1
34 18 1
34 20 1
34 21 1
34 23 1
34 26 1
34 27 1
34 29 1
34 30 1
34 31 1
35 1 1
35 2 1
35 6 1
35 7 1
35 11 1
35 13 1
35 14 1
35 16 1
35 17 1
35 18 1
35 19 1
35 21 1
35 24 1
35 25 1
35 27 1
35 28 1
35 29 1
35 30 1
35 33 1
35 34 1
36 0 1
36 1 1
36 4 1
36 5 1
36 6 1
36 7 1
36 8 1
36 10 1
36 11 1
36 12 1
36 15 1
36 17 1
36 18 1
36 20 1
36 23 1
36 27 1
36 28 1
36 30 1
36 32 1
36 33 1
37 1 1
37 4 1
37 5 1
37 6 1
37 9 1
37 11 1
37 13 1
37 17 1
37 18 1
37 19 1
37 20 1
37 22 1
37 24 1
37 25 1
37 30 1
37 32 1
37 34 1
37 36 1
38 0 1
38 2 1
38 3 1
38 4 1
38 7 1
38 8 1
38 12 1
38 13 1
38 15 1
38 18 1
38 19 1
38 21 1
38 24 1
38 25 1
38 27 1
38 28 1
38 30 1
38 32 1
38 34 1
38 35 1
38 36 1
38 37 1
39 6 1
39 9 1
39 12 1
39 13 1
39 16 1
39 18 1
39 21 1
39 22 1
39 23 1
39 25 1
39 27 1
39 28 1
39 30 1
39 31 1
39 32 1
39 33 1
39 34 1
