20
1 0 2
2 0 10
2 1 9
3 0 7
3 1 9
3 2 11
4 0 1
4 1 1
4 2 11
4 3 10
5 0 1
5 1 3
5 2 5
5 3 2
5 4 7
6 0 2
6 1 2
6 2 7
6 3 7
6 4 9
6 5 10
7 0 6
7 1 8
7 2 7
7 3 8
7 4 6
7 5 11
7 6 11
8 0 6
8 1 1
8 2 3
8 3 7
8 4 7
8 5 9
8 6 10
8 7 1
9 0 1
9 1 6
9 2 3
9 3 8
9 4 1
9 5 7
9 6 10
9 7 6
9 8 5
10 0 5
10 1 7
10 2 11
10 3 8
10 4 2
10 5 1
10 6 8
10 7 4
10 8 8
10 9 10
11 0 1
11 1 3
11 2 6
11 3 3
11 4 2
11 5 7
11 6 4
11 7 11
11 8 1
11 9 10
11 10 5
12 0 9
12 1 11
12 2 11
12 3 3
12 4 4
12 5 4
12 6 7
12 7 3
12 8 7
12 9 3
12 10 1
12 11 11
13 0 10
13 1 6
13 2 4
13 3 10
13 4 6
13 5 6
13 6 1
13 7 4
13 8 3
13 9 3
13 10 7
13 11 3
13 12 9
14 0 4
14 1 3
14 2 3
14 3 4
14 4 9
14 5 9
14 6 10
14 7 2
14 8 7
14 9 6
14 10 2
14 11 8
14 12 8
14 13 4
15 0 10
15 1 1
15 2 4
15 3 6
15 4 1
15 5 2
15 6 10
15 7 5
15 8 5
15 9 11
15 10 3
15 11 8
15 12 11
15 13 8
15 14 5
16 0 3
16 1 9
16 2 10
16 3 9
16 4 2
16 5 4
16 6 7
16 7 9
16 8 4
16 9 7
16 10 1
16 11 9
16 12 9
16 13 4
16 14 8
16 15 11
17 0 10
17 1 5
17 2 5
17 3 5
17 4 6
17 5 10
17 6 7
17 7 10
17 8 11
17 9 11
17 10 2
17 11 10
17 12 9
17 13 4
17 14 5
17 15 9
17 16 3
18 0 7
18 1 11
18 2 4
18 3 11
18 4 7
18 5 1
18 6 8
18 7 9
18 8 11
18 9 1
18 10 11
18 11 7
18 12 2
18 13 5
18 14 3
18 15 1
18 16 11
18 17 3
19 0 10
19 1 10
19 2 8
19 3 7
19 4 5
19 5 8
19 6 10
19 7 1
19 8 1
19 9 3
19 10 11
19 11 1
19 12 6
19 13 6
19 14 5
19 15 6
19 16 3
19 17 2
19 18 5
