15
1 0 1
2 0 1
2 1 1
3 0 1
3 1 2
3 2 2
4 0 1
4 1 1
4 2 2
4 3 2
5 0 1
5 1 1
5 2 2
5 3 1
5 4 1
6 0 1
6 1 2
6 2 1
6 3 2
6 4 1
6 5 1
7 0 2
7 1 1
7 2 1
7 3 1
7 4 1
7 5 1
7 6 1
8 0 2
8 1 2
8 2 2
8 3 1
8 4 1
8 5 1
8 6 1
8 7 1
9 0 2
9 1 1
9 2 2
9 3 1
9 4 1
9 5 2
9 6 1
9 7 1
9 8 1
10 0 1
10 1 1
10 2 2
10 3 1
10 4 2
10 5 1
10 6 2
10 7 1
10 8 1
10 9 1
11 0 1
11 1 1
11 2 2
11 3 2
11 4 2
11 5 1
11 6 2
11 7 1
11 8 2
11 9 2
11 10 1
12 0 1
12 1 2
12 2 1
12 3 2
12 4 1
12 5 1
12 6 1
12 7 2
12 8 2
12 9 2
12 10 1
12 11 2
13 0 2
13 1 1
13 2 2
13 3 1
13 4 1
13 5 2
13 6 1
13 7 2
13 8 2
13 9 2
13 10 1
13 11 1
13 12 2
14 0 1
14 1 2
14 2 1
14 3 1
14 4 1
14 5 1
14 6 2
14 7 2
14 8 2
14 9 2
14 10 1
14 11 2
14 12 2
14 13 1
