60
1 0 2
2 0 9
2 1 12
3 0 7
3 1 7
3 2 1
4 0 9
4 1 9
4 2 7
4 3 2
5 0 10
5 1 6
5 2 12
5 3 10
5 4 4
6 0 5
6 1 3
6 2 1
6 3 1
6 4 6
6 5 9
7 0 5
7 1 2
7 2 10
7 3 6
7 4 5
7 5 3
7 6 12
8 0 4
8 1 9
8 2 12
8 3 2
8 4 7
8 5 2
8 6 4
8 7 10
9 0 7
9 1 7
9 2 6
9 3 6
9 4 8
9 5 12
9 6 8
9 7 8
9 8 4
10 0 5
10 1 3
10 2 1
10 3 2
10 4 1
10 5 4
10 6 10
10 7 4
10 8 8
10 9 9
11 0 1
11 1 10
11 2 3
11 3 11
11 4 6
11 5 10
11 6 2
11 7 6
11 8 9
11 9 10
11 10 12
12 0 4
12 1 1
12 2 5
12 3 7
12 4 11
12 5 6
12 6 8
12 7 3
12 8 4
12 9 4
12 10 5
12 11 12
13 0 2
13 1 2
13 2 10
13 3 8
13 4 4
13 5 2
13 6 9
13 7 12
13 8 12
13 9 2
13 10 8
13 11 7
13 12 1
14 0 5
14 1 6
14 2 9
14 3 6
14 4 3
14 5 9
14 6 7
14 7 8
14 8 5
14 9 9
14 10 9
14 11 8
14 12 7
14 13 8
15 0 8
15 1 9
15 2 4
15 3 5
15 4 8
15 5 1
15 6 3
15 7 2
15 8 2
15 9 4
15 10 8
15 11 10
15 12 6
15 13 6
15 14 5
16 0 7
16 1 11
16 2 5
16 3 10
16 4 6
16 5 10
16 6 4
16 7 5
16 8 10
16 9 7
16 10 10
16 11 8
16 12 11
16 13 8
16 14 11
16 15 11
17 0 8
17 1 7
17 2 4
17 3 5
17 4 10
17 5 9
17 6 12
17 7 10
17 8 4
17 9 2
17 10 5
17 11 3
17 12 5
17 13 2
17 14 1
17 15 11
17 16 12
18 0 7
18 1 12
18 2 8
18 3 7
18 4 8
18 5 5
18 6 1
18 7 9
18 8 11
18 9 6
18 10 5
18 11 5
18 12 3
18 13 7
18 14 8
18 15 10
18 16 11
18 17 12
19 0 3
19 1 1
19 2 2
19 3 12
19 4 4
19 5 11
19 6 3
19 7 8
19 8 12
19 9 2
19 10 8
19 11 6
19 12 1
19 13 8
19 14 8
19 15 5
19 16 12
19 17 2
19 18 9
20 0 1
20 1 10
20 2 8
20 3 11
20 4 3
20 5 12
20 6 3
20 7 12
20 8 9
20 9 5
20 10 6
20 11 12
20 12 10
20 13 2
20 14 6
20 15 12
20 16 4
20 17 8
20 18 8
20 19 8
21 0 12
21 1 9
21 2 4
21 3 3
21 4 7
21 5 8
21 6 10
21 7 12
21 8 6
21 9 10
21 10 1
21 11 7
21 12 7
21 13 5
21 14 9
21 15 6
21 16 3
21 17 2
21 18 5
21 19 8
21 20 5
22 0 2
22 1 8
22 2 10
22 3 3
22 4 2
22 5 8
22 6 10
22 7 10
22 8 5
22 9 7
22 10 6
22 11 12
22 12 3
22 13 12
22 14 12
22 15 11
22 16 4
22 17 3
22 18 12
22 19 3
22 20 1
22 21 4
23 0 6
23 1 1
23 2 1
23 3 6
23 4 11
23 5 6
23 6 4
23 7 12
23 8 6
23 9 2
23 10 5
23 11 3
23 12 5
23 13 11
23 14 10
23 15 6
23 16 11
23 17 3
23 18 8
23 19 6
23 20 7
23 21 11
23 22 7
24 0 7
24 1 1
24 2 9
24 3 2
24 4 11
24 5 10
24 6 10
24 7 5
24 8 6
24 9 10
24 10 4
24 11 1
24 12 11
24 13 3
24 14 6
24 15 12
24 16 3
24 17 8
24 18 7
24 19 12
24 20 1
24 21 4
24 22 7
24 23 5
25 0 1
25 1 1
25 2 11
25 3 11
25 4 6
25 5 4
25 6 7
25 7 11
25 8 1
25 9 6
25 10 2
25 11 12
25 12 9
25 13 9
25 14 4
25 15 2
25 16 12
25 17 6
25 18 10
25 19 12
25 20 7
25 21 3
25 22 4
25 23 3
25 24 12
26 0 8
26 1 8
26 2 9
26 3 4
26 4 12
26 5 8
26 6 1
26 7 10
26 8 7
26 9 11
26 10 11
26 11 3
26 12 6
26 13 3
26 14 4
26 15 10
26 16 2
26 17 7
26 18 10
26 19 2
26 20 7
26 21 11
26 22 2
26 23 7
26 24 12
26 25 7
27 0 2
27 1 4
27 2 4
27 3 4
27 4 2
27 5 2
27 6 7
27 7 10
27 8 11
27 9 10
27 10 1
27 11 10
27 12 10
27 13 8
27 14 11
27 15 8
27 16 8
27 17 4
27 18 5
27 19 4
27 20 9
27 21 3
27 22 6
27 23 2
27 24 2
27 25 2
27 26 3
28 0 6
28 1 12
28 2 10
28 3 9
28 4 11
28 5 12
28 6 1
28 7 10
28 8 3
28 9 11
28 10 3
28 11 12
28 12 2
28 13 6
28 14 10
28 15 12
28 16 4
28 17 5
28 18 3
28 19 12
28 20 1
28 21 3
28 22 11
28 23 7
28 24 10
28 25 1
28 26 2
28 27 7
29 0 3
29 1 6
29 2 11
29 3 12
29 4 8
29 5 3
29 6 4
29 7 12
29 8 8
29 9 8
29 10 12
29 11 1
29 12 12
29 13 10
29 14 3
29 15 9
29 16 11
29 17 7
29 18 12
29 19 3
29 20 1
29 21 12
29 22 2
29 23 9
29 24 2
29 25 10
29 26 10
29 27 9
29 28 8
30 0 9
30 1 4
30 2 1
30 3 5
30 4 10
30 5 4
30 6 12
30 7 8
30 8 2
30 9 3
30 10 12
30 11 10
30 12 1
30 13 3
30 14 3
30 15 8
30 16 10
30 17 12
30 18 9
30 19 6
30 20 11
30 21 3
30 22 11
30 23 9
30 24 5
30 25 7
30 26 3
30 27 5
30 28 5
30 29 4
31 0 10
31 1 12
31 2 11
31 3 4
31 4 12
31 5 7
31 6 8
31 7 11
31 8 5
31 9 5
31 10 1
31 11 7
31 12 9
31 13 8
31 14 10
31 15 11
31 16 7
31 17 3
31 18 1
31 19 5
31 20 2
31 21 8
31 22 2
31 23 6
31 24 9
31 25 3
31 26 10
31 27 8
31 28 5
31 29 3
31 30 11
32 0 1
32 1 7
32 2 9
32 3 1
32 4 12
32 5 7
32 6 7
32 7 12
32 8 11
32 9 4
32 10 1
32 11 4
32 12 1
32 13 10
32 14 4
32 15 12
32 16 12
32 17 9
32 18 11
32 19 12
32 20 11
32 21 2
32 22 1
32 23 7
32 24 11
32 25 3
32 26 2
32 27 10
32 28 7
32 29 2
32 30 3
32 31 1
33 0 12
33 1 12
33 2 12
33 3 4
33 4 7
33 5 7
33 6 5
33 7 2
33 8 1
33 9 6
33 10 5
33 11 4
33 12 8
33 13 7
33 14 12
33 15 1
33 16 1
33 17 2
33 18 3
33 19 12
33 20 2
33 21 10
33 22 5
33 23 11
33 24 7
33 25 2
33 26 3
33 27 12
33 28 7
33 29 2
33 30 9
33 31 12
33 32 3
34 0 7
34 1 3
34 2 12
34 3 2
34 4 7
34 5 11
34 6 9
34 7 7
34 8 6
34 9 3
34 10 7
34 11 12
34 12 7
34 13 11
34 14 1
34 15 7
34 16 10
34 17 1
34 18 10
34 19 11
34 20 12
34 21 1
34 22 3
34 23 5
34 24 9
34 25 5
34 26 4
34 27 9
34 28 10
34 29 12
34 30 8
34 31 2
34 32 9
34 33 2
35 0 8
35 1 5
35 2 4
35 3 9
35 4 6
35 5 10
35 6 4
35 7 7
35 8 1
35 9 10
35 10 11
35 11 11
35 12 12
35 13 5
35 14 2
35 15 6
35 16 8
35 17 11
35 18 6
35 19 4
35 20 6
35 21 3
35 22 8
35 23 11
35 24 7
35 25 11
35 26 12
35 27 12
35 28 3
35 29 10
35 30 5
35 31 7
35 32 12
35 33 7
35 34 6
36 0 2
36 1 1
36 2 7
36 3 8
36 4 9
36 5 12
36 6 4
36 7 12
36 8 6
36 9 3
36 10 10
36 11 10
36 12 3
36 13 1
36 14 12
36 15 6
36 16 2
36 17 2
36 18 5
36 19 5
36 20 10
36 21 10
36 22 6
36 23 1
36 24 5
36 25 7
36 26 7
36 27 3
36 28 1
36 29 11
36 30 3
36 31 8
36 32 2
36 33 5
36 34 9
36 35 5
37 0 9
37 1 9
37 2 7
37 3 6
37 4 11
37 5 1
37 6 8
37 7 10
37 8 8
37 9 12
37 10 10
37 11 11
37 12 12
37 13 6
37 14 12
37 15 1
37 16 3
37 17 5
37 18 10
37 19 12
37 20 6
37 21 6
37 22 6
37 23 3
37 24 7
37 25 11
37 26 4
37 27 12
37 28 3
37 29 12
37 30 3
37 31 11
37 32 7
37 33 7
37 34 11
37 35 11
37 36 9
38 0 1
38 1 12
38 2 4
38 3 3
38 4 2
38 5 9
38 6 11
38 7 10
38 8 5
38 9 6
38 10 5
38 11 2
38 12 2
38 13 3
38 14 11
38 15 9
38 16 2
38 17 1
38 18 10
38 19 4
38 20 10
38 21 10
38 22 7
38 23 4
38 24 5
38 25 11
38 26 8
38 27 2
38 28 12
38 29 6
38 30 2
38 31 3
38 32 2
38 33 10
38 34 7
38 35 12
38 36 10
38 37 9
39 0 5
39 1 1
39 2 3
39 3 11
39 4 1
39 5 2
39 6 10
39 7 12
39 8 1
39 9 2
39 10 8
39 11 11
39 12 7
39 13 10
39 14 8
39 15 1
39 16 10
39 17 9
39 18 8
39 19 6
39 20 2
39 21 11
39 22 1
39 23 5
39 24 9
39 25 7
39 26 9
39 27 8
39 28 8
39 29 11
39 30 9
39 31 8
39 32 3
39 33 4
39 34 9
39 35 7
39 36 9
39 37 8
39 38 3
40 0 3
40 1 2
40 2 2
40 3 5
40 4 11
40 5 5
40 6 9
40 7 8
40 8 4
40 9 10
40 10 11
40 11 5
40 12 7
40 13 4
40 14 1
40 15 10
40 16 4
40 17 3
40 18 7
40 19 2
40 20 8
40 21 10
40 22 1
40 23 12
40 24 6
40 25 6
40 26 5
40 27 10
40 28 10
40 29 10
40 30 6
40 31 7
40 32 7
40 33 6
40 34 1
40 35 4
40 36 5
40 37 1
40 38 7
40 39 3
41 0 10
41 1 10
41 2 7
41 3 12
41 4 4
41 5 6
41 6 3
41 7 11
41 8 11
41 9 7
41 10 11
41 11 1
41 12 1
41 13 8
41 14 8
41 15 1
41 16 10
41 17 5
41 18 4
41 19 10
41 20 5
41 21 1
41 22 1
41 23 3
41 24 8
41 25 7
41 26 5
41 27 6
41 28 1
41 29 7
41 30 1
41 31 7
41 32 8
41 33 7
41 34 5
41 35 11
41 36 6
41 37 2
41 38 5
41 39 8
41 40 12
42 0 11
42 1 4
42 2 1
42 3 10
42 4 11
42 5 10
42 6 4
42 7 5
42 8 3
42 9 12
42 10 1
42 11 11
42 12 2
42 13 1
42 14 2
42 15 1
42 16 10
42 17 10
42 18 5
42 19 1
42 20 8
42 21 7
42 22 12
42 23 7
42 24 11
42 25 1
42 26 1
42 27 4
42 28 6
42 29 1
42 30 7
42 31 3
42 32 4
42 33 7
42 34 8
42 35 9
42 36 8
42 37 3
42 38 9
42 39 4
42 40 1
42 41 4
43 0 11
43 1 12
43 2 10
43 3 8
43 4 3
43 5 5
43 6 2
43 7 7
43 8 4
43 9 5
43 10 12
43 11 4
43 12 5
43 13 1
43 14 10
43 15 2
43 16 9
43 17 7
43 18 4
43 19 10
43 20 12
43 21 6
43 22 10
43 23 4
43 24 1
43 25 1
43 26 6
43 27 6
43 28 7
43 29 9
43 30 9
43 31 1
43 32 7
43 33 1
43 34 6
43 35 11
43 36 6
43 37 2
43 38 4
43 39 12
43 40 11
43 41 5
43 42 8
44 0 3
44 1 6
44 2 2
44 3 2
44 4 12
44 5 12
44 6 2
44 7 12
44 8 5
44 9 1
44 10 12
44 11 6
44 12 9
44 13 6
44 14 10
44 15 6
44 16 9
44 17 9
44 18 9
44 19 11
44 20 7
44 21 3
44 22 5
44 23 9
44 24 2
44 25 3
44 26 7
44 27 7
44 28 11
44 29 7
44 30 3
44 31 9
44 32 8
44 33 6
44 34 4
44 35 10
44 36 8
44 37 4
44 38 2
44 39 5
44 40 8
44 41 10
44 42 2
44 43 11
45 0 10
45 1 6
45 2 2
45 3 12
45 4 9
45 5 5
45 6 6
45 7 11
45 8 12
45 9 8
45 10 9
45 11 3
45 12 9
45 13 4
45 14 4
45 15 7
45 16 10
45 17 7
45 18 1
45 19 7
45 20 6
45 21 3
45 22 7
45 23 7
45 24 8
45 25 10
45 26 1
45 27 8
45 28 4
45 29 7
45 30 4
45 31 6
45 32 3
45 33 3
45 34 9
45 35 6
45 36 6
45 37 9
45 38 11
45 39 4
45 40 11
45 41 6
45 42 8
45 43 9
45 44 10
46 0 8
46 1 10
46 2 8
46 3 11
46 4 11
46 5 10
46 6 2
46 7 2
46 8 12
46 9 12
46 10 10
46 11 2
46 12 8
46 13 12
46 14 4
46 15 1
46 16 5
46 17 2
46 18 1
46 19 12
46 20 7
46 21 6
46 22 11
46 23 7
46 24 4
46 25 6
46 26 5
46 27 4
46 28 6
46 29 11
46 30 1
46 31 5
46 32 8
46 33 1
46 34 11
46 35 7
46 36 5
46 37 1
46 38 4
46 39 1
46 40 3
46 41 11
46 42 7
46 43 7
46 44 7
46 45 4
47 0 12
47 1 3
47 2 10
47 3 11
47 4 3
47 5 4
47 6 5
47 7 6
47 8 10
47 9 7
47 10 7
47 11 8
47 12 8
47 13 9
47 14 5
47 15 12
47 16 10
47 17 3
47 18 7
47 19 1
47 20 1
47 21 7
47 22 12
47 23 12
47 24 10
47 25 2
47 26 10
47 27 9
47 28 5
47 29 10
47 30 2
47 31 1
47 32 6
47 33 11
47 34 6
47 35 12
47 36 8
47 37 1
47 38 1
47 39 10
47 40 11
47 41 4
47 42 12
47 43 3
47 44 10
47 45 10
47 46 10
48 0 4
48 1 7
48 2 10
48 3 2
48 4 6
48 5 9
48 6 1
48 7 8
48 8 5
48 9 1
48 10 2
48 11 7
48 12 1
48 13 4
48 14 10
48 15 4
48 16 12
48 17 5
48 18 9
48 19 5
48 20 3
48 21 6
48 22 2
48 23 11
48 24 7
48 25 9
48 26 10
48 27 8
48 28 5
48 29 10
48 30 5
48 31 1
48 32 8
48 33 3
48 34 10
48 35 7
48 36 10
48 37 7
48 38 1
48 39 3
48 40 4
48 41 8
48 42 2
48 43 5
48 44 1
48 45 9
48 46 10
48 47 10
49 0 8
49 1 7
49 2 10
49 3 10
49 4 5
49 5 1
49 6 5
49 7 7
49 8 8
49 9 8
49 10 10
49 11 10
49 12 12
49 13 8
49 14 5
49 15 4
49 16 12
49 17 10
49 18 9
49 19 3
49 20 12
49 21 2
49 22 12
49 23 2
49 24 5
49 25 1
49 26 9
49 27 5
49 28 1
49 29 4
49 30 12
49 31 3
49 32 12
49 33 4
49 34 8
49 35 10
49 36 5
49 37 11
49 38 10
49 39 5
49 40 10
49 41 5
49 42 1
49 43 11
49 44 9
49 45 2
49 46 9
49 47 12
49 48 2
50 0 5
50 1 1
50 2 12
50 3 8
50 4 11
50 5 11
50 6 10
50 7 2
50 8 10
50 9 7
50 10 2
50 11 11
50 12 10
50 13 4
50 14 12
50 15 5
50 16 11
50 17 1
50 18 8
50 19 1
50 20 2
50 21 4
50 22 10
50 23 6
50 24 8
50 25 1
50 26 3
50 27 11
50 28 2
50 29 2
50 30 4
50 31 10
50 32 9
50 33 12
50 34 8
50 35 6
50 36 10
50 37 11
50 38 12
50 39 7
50 40 1
50 41 1
50 42 3
50 43 1
50 44 1
50 45 10
50 46 4
50 47 10
50 48 12
50 49 2
51 0 4
51 1 2
51 2 6
51 3 8
51 4 12
51 5 8
51 6 4
51 7 1
51 8 6
51 9 6
51 10 2
51 11 3
51 12 9
51 13 9
51 14 10
51 15 4
51 16 4
51 17 12
51 18 9
51 19 11
51 20 1
51 21 6
51 22 9
51 23 3
51 24 10
51 25 8
51 26 12
51 27 3
51 28 9
51 29 5
51 30 1
51 31 11
51 32 7
51 33 11
51 34 10
51 35 2
51 36 11
51 37 9
51 38 9
51 39 8
51 40 8
51 41 9
51 42 6
51 43 3
51 44 12
51 45 2
51 46 10
51 47 4
51 48 10
51 49 2
51 50 9
52 0 3
52 1 8
52 2 8
52 3 2
52 4 6
52 5 9
52 6 2
52 7 3
52 8 10
52 9 8
52 10 3
52 11 8
52 12 6
52 13 12
52 14 9
52 15 3
52 16 12
52 17 9
52 18 9
52 19 7
52 20 3
52 21 2
52 22 9
52 23 9
52 24 2
52 25 1
52 26 1
52 27 1
52 28 2
52 29 2
52 30 12
52 31 7
52 32 1
52 33 11
52 34 11
52 35 5
52 36 9
52 37 1
52 38 4
52 39 5
52 40 6
52 41 6
52 42 11
52 43 12
52 44 11
52 45 6
52 46 1
52 47 2
52 48 7
52 49 9
52 50 11
52 51 8
53 0 4
53 1 6
53 2 3
53 3 6
53 4 3
53 5 2
53 6 11
53 7 2
53 8 8
53 9 9
53 10 9
53 11 4
53 12 12
53 13 12
53 14 8
53 15 7
53 16 6
53 17 8
53 18 4
53 19 6
53 20 8
53 21 4
53 22 7
53 23 4
53 24 3
53 25 9
53 26 3
53 27 9
53 28 1
53 29 1
53 30 6
53 31 9
53 32 11
53 33 1
53 34 10
53 35 3
53 36 5
53 37 3
53 38 9
53 39 3
53 40 9
53 41 1
53 42 1
53 43 2
53 44 11
53 45 5
53 46 12
53 47 6
53 48 2
53 49 4
53 50 4
53 51 7
53 52 12
54 0 3
54 1 7
54 2 2
54 3 11
54 4 6
54 5 8
54 6 7
54 7 10
54 8 7
54 9 2
54 10 12
54 11 3
54 12 10
54 13 9
54 14 2
54 15 9
54 16 5
54 17 8
54 18 7
54 19 8
54 20 12
54 21 1
54 22 7
54 23 1
54 24 5
54 25 7
54 26 10
54 27 6
54 28 2
54 29 8
54 30 9
54 31 7
54 32 6
54 33 12
54 34 12
54 35 3
54 36 3
54 37 4
54 38 6
54 39 6
54 40 1
54 41 7
54 42 1
54 43 6
54 44 11
54 45 6
54 46 4
54 47 7
54 48 6
54 49 4
54 50 2
54 51 8
54 52 11
54 53 2
55 0 1
55 1 1
55 2 4
55 3 8
55 4 8
55 5 4
55 6 4
55 7 8
55 8 10
55 9 6
55 10 5
55 11 6
55 12 5
55 13 12
55 14 2
55 15 1
55 16 8
55 17 9
55 18 9
55 19 1
55 20 10
55 21 1
55 22 11
55 23 4
55 24 1
55 25 6
55 26 2
55 27 6
55 28 8
55 29 3
55 30 7
55 31 9
55 32 12
55 33 4
55 34 4
55 35 10
55 36 9
55 37 5
55 38 4
55 39 6
55 40 10
55 41 1
55 42 3
55 43 6
55 44 8
55 45 6
55 46 1
55 47 4
55 48 6
55 49 6
55 50 7
55 51 1
55 52 4
55 53 1
55 54 8
56 0 8
56 1 10
56 2 11
56 3 7
56 4 9
56 5 1
56 6 2
56 7 3
56 8 5
56 9 9
56 10 6
56 11 5
56 12 11
56 13 2
56 14 5
56 15 12
56 16 11
56 17 12
56 18 8
56 19 12
56 20 10
56 21 12
56 22 4
56 23 3
56 24 11
56 25 4
56 26 8
56 27 9
56 28 9
56 29 9
56 30 7
56 31 12
56 32 1
56 33 10
56 34 6
56 35 7
56 36 1
56 37 4
56 38 11
56 39 2
56 40 6
56 41 5
56 42 2
56 43 12
56 44 12
56 45 6
56 46 9
56 47 8
56 48 9
56 49 9
56 50 5
56 51 7
56 52 12
56 53 2
56 54 4
56 55 6
57 0 1
57 1 7
57 2 10
57 3 12
57 4 10
57 5 6
57 6 6
57 7 10
57 8 6
57 9 2
57 10 5
57 11 4
57 12 10
57 13 4
57 14 11
57 15 12
57 16 7
57 17 10
57 18 8
57 19 3
57 20 3
57 21 4
57 22 8
57 23 8
57 24 2
57 25 6
57 26 3
57 27 6
57 28 5
57 29 7
57 30 7
57 31 11
57 32 8
57 33 7
57 34 6
57 35 1
57 36 7
57 37 9
57 38 3
57 39 12
57 40 8
57 41 9
57 42 10
57 43 7
57 44 8
57 45 7
57 46 8
57 47 2
57 48 7
57 49 4
57 50 1
57 51 7
57 52 10
57 53 7
57 54 9
57 55 8
57 56 9
58 0 8
58 1 11
58 2 9
58 3 2
58 4 2
58 5 3
58 6 9
58 7 4
58 8 4
58 9 10
58 10 3
58 11 9
58 12 7
58 13 9
58 14 4
58 15 5
58 16 12
58 17 7
58 18 12
58 19 6
58 20 5
58 21 10
58 22 2
58 23 6
58 24 10
58 25 1
58 26 2
58 27 10
58 28 12
58 29 5
58 30 4
58 31 10
58 32 5
58 33 8
58 34 10
58 35 2
58 36 3
58 37 5
58 38 8
58 39 2
58 40 8
58 41 8
58 42 6
58 43 7
58 44 9
58 45 7
58 46 2
58 47 5
58 48 1
58 49 11
58 50 9
58 51 2
58 52 9
58 53 1
58 54 3
58 55 7
58 56 6
58 57 1
59 0 1
59 1 3
59 2 7
59 3 2
59 4 3
59 5 8
59 6 9
59 7 6
59 8 9
59 9 7
59 10 5
59 11 1
59 12 11
59 13 2
59 14 12
59 15 3
59 16 2
59 17 6
59 18 10
59 19 6
59 20 7
59 21 2
59 22 4
59 23 9
59 24 9
59 25 10
59 26 12
59 27 9
59 28 7
59 29 10
59 30 2
59 31 8
59 32 9
59 33 8
59 34 10
59 35 1
59 36 11
59 37 1
59 38 5
59 39 6
59 40 7
59 41 5
59 42 6
59 43 12
59 44 2
59 45 5
59 46 2
59 47 4
59 48 11
59 49 1
59 50 8
59 51 8
59 52 3
59 53 9
59 54 10
59 55 3
59 56 5
59 57 1
59 58 12
