20
2 0 9
3 2 1
4 1 10
4 2 4
4 3 3
5 0 4
5 4 7
6 3 5
7 4 4
8 0 2
8 4 3
8 5 7
8 7 6
9 1 4
9 4 1
9 5 6
9 8 3
10 1 4
10 3 2
10 7 2
10 8 10
10 9 6
11 0 9
11 1 2
11 7 1
11 10 6
12 1 9
12 2 6
12 8 9
13 1 9
13 3 7
13 7 4
13 8 5
13 9 6
13 10 1
14 0 10
14 2 1
14 3 9
14 5 8
14 7 8
14 8 1
14 12 7
15 4 6
15 7 1
15 9 1
15 10 3
15 12 6
16 1 10
16 2 8
16 4 8
16 8 9
16 10 8
16 12 9
16 13 6
16 14 1
17 0 2
17 1 9
17 5 9
17 8 2
17 9 3
17 11 4
17 14 8
17 15 4
18 4 5
18 5 7
18 7 8
18 8 3
18 11 3
18 12 3
18 15 6
18 16 5
19 1 9
19 3 5
19 9 6
19 12 2
19 13 3
19 15 2
19 16 6
