20
1 0 2
2 0 3
2 1 2
3 0 4
3 1 1
3 2 2
4 0 6
4 1 6
4 2 2
4 3 6
5 0 3
5 1 6
5 2 3
5 3 6
5 4 4
6 0 1
6 1 1
6 2 5
6 3 6
6 4 6
6 5 4
7 0 4
7 1 2
7 2 6
7 3 4
7 4 4
7 5 2
7 6 4
8 0 1
8 1 6
8 2 6
8 3 6
8 4 6
8 5 6
8 6 5
8 7 5
9 0 3
9 1 2
9 2 3
9 3 5
9 4 1
9 5 6
9 6 5
9 7 5
9 8 1
10 0 2
10 1 2
10 2 3
10 3 4
10 4 2
10 5 1
10 6 1
10 7 4
10 8 2
10 9 1
11 0 5
11 1 3
11 2 1
11 3 1
11 4 2
11 5 3
11 6 1
11 7 3
11 8 5
11 9 6
11 10 1
12 0 5
12 1 5
12 2 6
12 3 6
12 4 5
12 5 4
12 6 1
12 7 4
12 8 5
12 9 1
12 10 1
12 11 1
13 0 4
13 1 2
13 2 6
13 3 2
13 4 3
13 5 2
13 6 6
13 7 5
13 8 1
13 9 4
13 10 1
13 11 4
13 12 1
14 0 6
14 1 2
14 2 6
14 3 2
14 4 6
14 5 4
14 6 1
14 7 3
14 8 1
14 9 6
14 10 3
14 11 3
14 12 1
14 13 6
15 0 2
15 1 5
15 2 5
15 3 5
15 4 1
15 5 3
15 6 2
15 7 4
15 8 6
15 9 6
15 10 4
15 11 2
15 12 5
15 13 5
15 14 6
16 0 6
16 1 1
16 2 1
16 3 4
16 4 1
16 5 3
16 6 2
16 7 5
16 8 5
16 9 4
16 10 1
16 11 6
16 12 3
16 13 2
16 14 6
16 15 3
17 0 5
17 1 1
17 2 6
17 3 6
17 4 1
17 5 3
17 6 2
17 7 1
17 8 1
17 9 1
17 10 4
17 11 4
17 12 6
17 13 2
17 14 5
17 15 5
17 16 5
18 0 1
18 1 3
18 2 1
18 3 4
18 4 2
18 5 1
18 6 4
18 7 3
18 8 6
18 9 3
18 10 4
18 11 1
18 12 5
18 13 2
18 14 5
18 15 2
18 16 3
18 17 4
19 0 1
19 1 6
19 2 1
19 3 6
19 4 1
19 5 5
19 6 3
19 7 6
19 8 6
19 9 4
19 10 4
19 11 4
19 12 1
19 13 2
19 14 5
19 15 4
19 16 1
19 17 5
19 18 5
