60
1 0 5
3 1 3
5 0 5
5 1 2
5 4 3
6 0 5
6 1 5
6 4 2
6 5 2
7 1 2
7 3 4
7 5 5
8 2 5
8 5 5
8 6 2
9 0 2
9 2 3
9 8 2
10 0 1
10 2 1
10 4 5
10 7 1
10 8 1
10 9 1
11 0 3
11 1 3
11 3 3
11 4 1
11 10 3
12 0 2
12 1 5
12 4 2
13 0 3
13 1 1
13 5 4
13 6 3
13 8 5
13 9 5
13 10 4
13 12 4
14 4 1
14 5 4
14 6 3
14 7 5
14 8 3
14 9 4
14 13 4
15 2 4
15 5 2
15 9 1
15 10 2
15 12 4
15 13 1
15 14 4
16 0 5
16 1 1
16 2 5
16 3 1
16 4 2
16 5 2
16 6 3
16 8 1
16 11 2
16 12 1
16 13 4
16 15 5
17 2 1
17 5 3
17 9 1
17 13 4
17 15 5
17 16 3
18 4 3
18 5 1
18 11 5
18 12 4
18 13 2
18 14 5
18 15 5
18 16 2
18 17 4
19 1 2
19 2 2
19 9 5
19 10 3
19 11 3
19 12 3
19 13 4
19 14 1
19 15 3
19 18 1
20 3 1
20 8 3
20 9 1
20 10 1
20 11 2
20 13 1
20 14 3
20 15 3
20 17 5
20 18 4
20 19 5
21 4 5
21 7 5
21 8 2
21 9 5
21 10 2
21 11 2
21 16 2
21 17 3
21 19 5
21 20 3
22 2 4
22 3 1
22 4 1
22 5 1
22 6 2
22 9 2
22 10 5
22 13 5
22 14 5
22 17 2
23 7 2
23 9 4
23 10 2
23 11 1
23 14 3
23 15 3
23 18 3
23 19 2
24 4 1
24 6 4
24 7 2
24 12 1
24 19 2
25 0 5
25 1 1
25 4 2
25 5 3
25 6 3
25 7 5
25 9 3
25 12 3
25 18 4
25 22 5
25 23 1
26 1 4
26 2 1
26 3 2
26 6 4
26 9 5
26 10 2
26 14 2
26 16 3
26 18 1
26 19 4
26 21 4
26 22 5
26 24 3
27 1 4
27 3 5
27 9 1
27 10 1
27 12 4
27 13 5
27 14 2
27 15 3
27 17 3
27 20 1
27 21 1
27 22 1
27 23 5
27 24 1
28 0 3
28 1 3
28 4 1
28 5 4
28 13 3
28 22 2
28 23 1
28 24 2
28 25 2
29 0 1
29 2 4
29 4 4
29 6 4
29 7 4
29 8 3
29 10 2
29 11 2
29 13 5
29 14 3
29 17 2
29 18 3
29 19 5
29 20 4
29 25 2
30 1 5
30 3 1
30 4 4
30 6 5
30 11 5
30 13 2
30 14 1
30 15 1
30 16 2
30 17 3
30 18 1
30 19 5
30 21 4
30 22 4
30 28 5
31 0 2
31 5 4
31 7 2
31 8 4
31 9 4
31 10 1
31 13 2
31 14 4
31 16 3
31 18 2
31 19 2
31 21 3
31 22 5
31 23 3
31 25 4
31 26 1
31 29 3
31 30 4
32 0 2
32 2 4
32 6 5
32 7 2
32 8 2
32 9 1
32 10 4
32 11 5
32 12 5
32 13 3
32 14 3
32 15 5
32 19 4
32 22 1
32 23 1
32 25 1
32 28 5
32 30 5
33 0 5
33 2 4
33 4 3
33 8 4
33 9 5
33 10 4
33 14 1
33 20 3
33 22 5
33 25 2
33 28 3
34 0 1
34 1 1
34 3 4
34 4 2
34 5 1
34 6 2
34 7 4
34 9 5
34 10 1
34 11 4
34 13 4
34 15 4
34 16 5
34 17 5
34 22 3
34 23 2
34 27 4
34 28 5
34 29 1
34 30 2
34 31 4
34 33 5
35 1 4
35 2 3
35 3 5
35 4 5
35 10 2
35 13 1
35 14 1
35 16 2
35 18 1
35 19 2
35 20 1
35 22 5
35 24 4
35 25 5
35 28 5
35 31 4
35 32 3
35 34 5
36 0 1
36 1 2
36 2 2
36 3 2
36 4 3
36 7 1
36 9 1
36 12 1
36 13 3
36 17 1
36 20 3
36 21 1
36 22 5
36 25 3
36 27 4
36 28 3
36 29 4
36 30 2
36 32 5
36 34 2
36 35 5
37 1 5
37 9 3
37 10 1
37 11 5
37 13 2
37 16 4
37 17 3
37 18 2
37 20 5
37 22 5
37 23 1
37 27 4
37 31 1
37 34 5
37 35 4
38 0 5
38 1 4
38 2 5
38 3 4
38 5 3
38 7 4
38 13 3
38 14 2
38 15 5
38 16 3
38 17 1
38 21 1
38 24 1
38 25 2
38 26 4
38 29 1
38 30 1
38 31 2
38 32 5
38 34 3
38 36 2
38 37 5
39 0 4
39 2 2
39 4 2
39 5 5
39 6 4
39 7 1
39 10 1
39 11 5
39 12 2
39 15 1
39 18 2
39 20 2
39 21 4
39 22 1
39 25 5
39 27 5
39 28 3
39 29 2
39 30 4
39 35 2
39 37 3
40 0 2
40 1 4
40 2 1
40 3 1
40 4 2
40 5 5
40 7 4
40 8 3
40 9 1
40 11 3
40 13 5
40 14 4
40 17 1
40 18 1
40 20 5
40 23 2
40 24 1
40 26 5
40 28 3
40 29 1
40 32 1
40 34 3
40 35 5
40 36 2
40 37 2
41 1 5
41 3 2
41 4 3
41 5 3
41 8 3
41 9 4
41 11 5
41 14 1
41 15 3
41 16 4
41 17 4
41 20 5
41 22 5
41 24 2
41 25 5
41 29 5
41 30 4
41 31 2
41 32 3
41 34 2
41 37 5
41 40 5
42 3 1
42 6 4
42 10 1
42 12 3
42 13 4
42 15 3
42 18 1
42 20 2
42 21 1
42 25 1
42 27 1
42 33 3
42 35 4
42 37 3
42 39 1
42 40 1
43 1 4
43 4 4
43 5 5
43 6 5
43 9 1
43 11 4
43 12 5
43 14 3
43 18 4
43 19 5
43 21 2
43 22 5
43 24 5
43 25 1
43 28 5
43 30 3
43 32 3
43 33 1
43 35 4
43 36 1
43 37 3
43 38 3
43 40 5
43 42 2
44 4 3
44 5 5
44 6 3
44 7 4
44 8 2
44 9 3
44 11 5
44 15 1
44 17 3
44 20 2
44 21 5
44 22 1
44 24 5
44 25 4
44 26 3
44 28 5
44 29 4
44 31 5
44 34 3
44 36 3
44 38 1
44 39 5
44 40 1
44 41 4
44 43 1
45 0 1
45 1 5
45 3 4
45 6 5
45 9 4
45 10 5
45 12 2
45 13 1
45 14 1
45 15 1
45 20 2
45 21 5
45 22 5
45 23 5
45 26 3
45 28 1
45 29 4
45 31 3
45 32 4
45 35 1
45 37 5
45 38 2
45 39 2
45 41 3
45 42 1
45 44 4
46 1 5
46 3 2
46 4 1
46 6 4
46 7 1
46 8 4
46 10 3
46 12 5
46 13 4
46 15 4
46 18 2
46 20 4
46 21 2
46 23 3
46 24 3
46 25 2
46 26 4
46 28 1
46 29 2
46 30 3
46 32 1
46 36 3
46 37 3
46 39 2
47 0 2
47 1 2
47 3 2
47 4 1
47 7 4
47 8 4
47 10 2
47 12 3
47 15 5
47 17 4
47 20 4
47 21 5
47 23 1
47 25 5
47 26 4
47 28 3
47 29 2
47 31 1
47 32 5
47 34 1
47 39 1
47 40 2
47 44 1
47 46 2
48 0 1
48 2 4
48 3 5
48 6 3
48 10 1
48 11 2
48 15 3
48 16 2
48 17 3
48 18 1
48 19 3
48 20 4
48 24 5
48 26 1
48 27 2
48 28 1
48 31 3
48 33 2
48 34 5
48 36 4
48 37 2
48 41 4
48 47 4
49 0 2
49 1 1
49 5 2
49 8 3
49 11 3
49 13 3
49 14 4
49 16 5
49 19 1
49 23 3
49 24 4
49 25 4
49 28 1
49 30 4
49 34 4
49 37 3
49 38 5
49 43 2
49 46 2
49 47 3
50 0 4
50 1 1
50 3 2
50 7 2
50 8 5
50 10 1
50 13 4
50 17 2
50 19 2
50 20 3
50 21 2
50 22 4
50 24 2
50 26 4
50 28 1
50 32 5
50 34 5
50 40 1
50 44 5
50 48 1
51 1 3
51 2 2
51 7 3
51 8 2
51 9 4
51 10 1
51 12 2
51 16 1
51 17 2
51 18 2
51 20 3
51 21 2
51 23 2
51 25 3
51 29 1
51 33 4
51 34 5
51 35 1
51 36 3
51 37 3
51 38 4
51 39 2
51 41 3
51 45 5
51 46 1
51 48 4
51 49 3
51 50 3
52 0 2
52 1 1
52 2 2
52 3 5
52 4 1
52 5 1
52 8 2
52 10 5
52 12 2
52 13 1
52 15 4
52 16 1
52 17 4
52 19 4
52 20 5
52 21 2
52 24 4
52 25 4
52 26 5
52 27 5
52 28 2
52 29 2
52 32 3
52 35 1
52 37 2
52 38 1
52 40 3
52 42 2
52 43 2
52 47 1
52 49 4
52 50 3
52 51 4
53 0 5
53 2 3
53 4 1
53 5 1
53 8 2
53 11 2
53 12 1
53 14 4
53 22 3
53 24 5
53 25 1
53 26 3
53 31 1
53 32 2
53 34 4
53 35 4
53 36 1
53 39 5
53 41 1
53 44 5
53 45 1
53 46 5
53 47 2
53 48 4
53 50 1
53 51 4
54 0 4
54 1 4
54 2 1
54 5 2
54 6 1
54 9 3
54 11 3
54 13 5
54 17 5
54 19 4
54 21 2
54 22 2
54 27 1
54 28 2
54 33 3
54 36 5
54 41 1
54 42 2
54 43 4
54 44 2
54 45 2
54 46 3
55 0 5
55 2 1
55 3 5
55 4 1
55 6 1
55 9 2
55 11 2
55 17 4
55 18 1
55 19 1
55 21 2
55 22 4
55 24 2
55 26 3
55 27 1
55 29 3
55 30 4
55 31 5
55 32 2
55 33 2
55 35 1
55 36 4
55 40 4
55 41 4
55 42 1
55 43 5
55 46 2
55 50 5
55 54 2
56 0 2
56 1 4
56 3 5
56 4 5
56 5 2
56 6 2
56 7 1
56 10 3
56 11 3
56 12 2
56 17 4
56 19 2
56 20 4
56 24 4
56 25 4
56 27 3
56 29 5
56 30 1
56 31 3
56 35 2
56 36 3
56 40 2
56 43 4
56 44 1
56 49 4
56 53 2
56 54 2
56 55 3
57 2 2
57 3 2
57 6 4
57 8 4
57 13 4
57 15 2
57 17 4
57 18 1
57 20 1
57 21 4
57 22 2
57 24 1
57 26 1
57 27 2
57 29 5
57 31 2
57 32 1
57 33 3
57 35 1
57 36 4
57 37 2
57 39 2
57 40 5
57 44 3
57 46 5
57 47 4
57 48 4
57 49 4
57 52 3
57 55 2
58 2 5
58 3 4
58 6 5
58 9 1
58 10 1
58 11 3
58 16 1
58 20 5
58 21 1
58 23 3
58 25 5
58 27 3
58 28 4
58 30 4
58 34 4
58 35 3
58 38 3
58 39 4
58 40 3
58 41 3
58 43 5
58 44 2
58 45 5
58 47 4
58 48 2
58 49 3
58 51 5
58 52 2
59 0 1
59 3 1
59 8 3
59 10 3
59 12 2
59 14 1
59 15 1
59 17 4
59 18 4
59 22 3
59 24 4
59 27 4
59 28 5
59 29 3
59 30 5
59 33 1
59 35 1
59 37 2
59 40 2
59 41 5
59 42 3
59 43 3
59 44 4
59 46 5
59 50 3
59 54 3
