20
1 0 6
2 0 4
2 1 3
3 0 1
3 1 3
3 2 5
4 0 6
4 1 3
4 2 2
4 3 4
5 0 2
5 1 3
5 2 5
5 3 7
5 4 5
6 0 5
6 1 7
6 2 6
6 3 6
6 4 1
6 5 4
7 0 3
7 1 4
7 2 4
7 3 2
7 4 2
7 5 3
7 6 3
8 0 1
8 1 7
8 2 4
8 3 4
8 4 1
8 5 2
8 6 4
8 7 7
9 0 4
9 1 4
9 2 6
9 3 6
9 4 1
9 5 4
9 6 3
9 7 3
9 8 5
10 0 3
10 1 1
10 2 6
10 3 2
10 4 1
10 5 1
10 6 1
10 7 1
10 8 7
10 9 4
11 0 6
11 1 5
11 2 1
11 3 6
11 4 4
11 5 4
11 6 3
11 7 3
11 8 5
11 9 3
11 10 7
12 0 3
12 1 5
12 2 1
12 3 5
12 4 3
12 5 3
12 6 1
12 7 4
12 8 4
12 9 7
12 10 4
12 11 6
13 0 2
13 1 1
13 2 3
13 3 6
13 4 1
13 5 3
13 6 4
13 7 1
13 8 3
13 9 1
13 10 5
13 11 3
13 12 2
14 0 7
14 1 1
14 2 1
14 3 2
14 4 5
14 5 6
14 6 7
14 7 5
14 8 2
14 9 2
14 10 4
14 11 4
14 12 1
14 13 2
15 0 2
15 1 7
15 2 3
15 3 6
15 4 7
15 5 3
15 6 1
15 7 7
15 8 2
15 9 3
15 10 5
15 11 6
15 12 5
15 13 2
15 14 7
16 0 2
16 1 3
16 2 1
16 3 5
16 4 7
16 5 3
16 6 6
16 7 3
16 8 4
16 9 2
16 10 7
16 11 6
16 12 2
16 13 2
16 14 4
16 15 4
17 0 5
17 1 6
17 2 4
17 3 4
17 4 7
17 5 5
17 6 5
17 7 2
17 8 2
17 9 1
17 10 7
17 11 7
17 12 4
17 13 3
17 14 5
17 15 5
17 16 3
18 0 1
18 1 1
18 2 3
18 3 7
18 4 6
18 5 3
18 6 3
18 7 4
18 8 3
18 9 6
18 10 5
18 11 3
18 12 7
18 13 6
18 14 6
18 15 2
18 16 6
18 17 5
19 0 4
19 1 3
19 2 2
19 3 4
19 4 1
19 5 3
19 6 4
19 7 6
19 8 7
19 9 2
19 10 3
19 11 5
19 12 6
19 13 4
19 14 5
19 15 1
19 16 1
19 17 3
19 18 2
