70
1 0 4
2 1 3
3 0 1
3 1 1
4 1 3
4 2 4
5 3 4
6 3 1
6 4 3
7 1 4
7 2 1
7 5 3
8 0 1
8 1 4
8 3 4
8 5 3
8 6 3
9 1 3
9 2 2
9 3 3
9 4 4
9 6 2
9 8 2
10 1 2
10 4 2
10 5 3
10 6 2
10 7 4
11 0 3
11 2 3
11 3 3
11 9 1
11 10 1
12 1 2
12 2 1
12 4 4
12 5 2
12 9 1
12 10 4
13 1 1
13 2 1
13 6 4
13 7 2
13 8 3
13 10 4
14 0 1
14 1 4
14 2 2
14 3 4
14 5 3
14 9 3
14 10 3
14 12 3
14 13 2
15 2 2
15 4 4
15 5 1
15 6 3
15 10 1
15 11 1
15 13 4
15 14 4
16 1 3
16 3 3
16 4 2
16 5 1
16 7 1
16 8 2
16 10 3
16 11 2
16 14 4
16 15 3
17 0 1
17 2 4
17 3 2
17 5 2
17 6 1
17 10 2
17 12 2
17 14 2
17 16 1
18 0 3
18 1 4
18 10 3
18 12 1
18 14 3
18 16 4
18 17 1
19 0 2
19 2 2
19 4 3
19 6 2
19 7 2
19 10 3
19 14 4
19 17 4
19 18 2
20 4 4
20 8 3
20 10 4
20 11 1
20 14 1
20 16 1
20 17 4
20 18 1
20 19 1
21 4 2
21 5 1
21 6 3
21 7 2
21 8 1
21 11 3
21 14 1
21 15 3
22 1 2
22 7 4
22 9 3
22 14 1
22 15 1
22 16 2
22 18 4
22 19 4
22 21 1
23 0 1
23 1 2
23 2 4
23 3 1
23 5 4
23 7 3
23 8 1
23 9 1
23 10 1
23 11 1
23 12 4
23 13 4
23 14 1
23 17 4
23 19 3
23 22 3
24 3 1
24 5 4
24 7 3
24 9 2
24 10 2
24 12 2
24 14 4
24 15 4
24 20 2
24 22 2
24 23 4
25 0 3
25 3 3
25 4 2
25 5 1
25 6 4
25 7 2
25 8 1
25 9 3
25 10 4
25 11 1
25 13 1
25 14 2
25 16 3
25 21 3
25 22 2
26 4 4
26 8 2
26 13 3
26 14 1
26 16 2
26 19 2
26 20 4
26 22 1
26 24 3
26 25 4
27 0 4
27 1 4
27 3 3
27 4 4
27 6 2
27 12 4
27 15 4
27 19 2
27 20 2
27 21 4
27 22 3
27 23 1
27 26 4
28 0 4
28 1 2
28 2 3
28 3 1
28 5 4
28 6 4
28 7 1
28 9 2
28 13 1
28 15 3
28 16 2
28 17 2
28 19 3
28 21 1
28 22 4
28 24 4
28 25 1
28 27 4
29 1 3
29 4 3
29 5 2
29 9 4
29 12 1
29 13 4
29 14 1
29 15 3
29 17 3
29 18 4
29 19 3
29 21 1
29 22 3
29 24 1
29 26 1
29 27 1
29 28 1
30 0 4
30 1 2
30 3 1
30 4 3
30 5 2
30 6 2
30 7 3
30 9 2
30 11 1
30 13 1
30 15 1
30 16 3
30 17 2
30 20 2
30 22 4
30 23 3
30 24 3
30 26 2
30 29 1
31 0 2
31 2 3
31 7 2
31 11 3
31 13 2
31 16 1
31 17 1
31 18 4
31 22 3
31 27 3
32 1 3
32 2 2
32 4 4
32 5 1
32 6 3
32 7 1
32 9 4
32 12 4
32 19 3
32 23 4
32 25 2
32 26 3
32 27 3
32 31 4
33 1 1
33 6 4
33 8 1
33 9 1
33 15 3
33 19 3
33 25 1
33 27 2
33 28 4
33 30 3
34 0 3
34 1 2
34 6 2
34 7 3
34 8 4
34 12 1
34 14 4
34 15 1
34 16 2
34 21 3
34 25 4
34 26 3
34 27 4
34 29 4
34 31 3
34 32 4
35 0 3
35 1 1
35 2 2
35 3 4
35 4 2
35 6 1
35 9 2
35 11 4
35 12 4
35 13 1
35 15 4
35 18 4
35 23 1
35 24 1
35 27 1
35 28 2
35 29 2
35 30 4
35 31 1
35 32 2
35 34 1
36 1 1
36 2 1
36 6 2
36 7 4
36 9 4
36 10 1
36 11 2
36 12 3
36 13 1
36 14 1
36 15 3
36 17 4
36 18 3
36 20 1
36 21 4
36 23 2
36 24 4
36 28 4
36 30 4
36 34 4
36 35 1
37 2 3
37 3 3
37 5 2
37 7 2
37 8 2
37 9 4
37 10 3
37 13 4
37 14 1
37 16 3
37 19 2
37 20 2
37 22 3
37 27 3
37 30 4
37 32 4
37 34 1
38 2 4
38 3 1
38 4 3
38 5 3
38 6 3
38 8 4
38 10 2
38 11 3
38 12 3
38 14 3
38 17 1
38 18 4
38 21 4
38 22 4
38 23 4
38 25 3
38 26 4
38 27 3
38 28 3
38 30 1
38 31 3
38 32 1
38 36 4
38 37 1
39 1 1
39 6 3
39 10 2
39 11 2
39 12 2
39 13 1
39 17 4
39 19 1
39 21 2
39 22 1
39 26 1
39 27 1
39 29 2
39 30 1
39 32 3
39 34 2
39 36 2
40 2 4
40 3 4
40 4 2
40 5 1
40 7 3
40 8 2
40 9 2
40 10 4
40 13 2
40 14 1
40 15 1
40 19 2
40 20 2
40 21 4
40 24 4
40 25 3
40 26 2
40 30 4
40 31 1
40 32 2
40 34 2
40 35 4
40 36 4
40 37 2
40 38 1
41 0 1
41 2 2
41 3 4
41 4 2
41 6 1
41 10 4
41 12 4
41 13 1
41 15 3
41 16 2
41 17 4
41 19 2
41 21 2
41 22 1
41 24 1
41 25 3
41 26 3
41 29 2
41 30 1
41 31 2
41 32 4
41 34 4
41 35 4
41 37 2
41 39 3
42 0 4
42 1 4
42 3 3
42 5 2
42 6 1
42 7 3
42 8 3
42 9 4
42 10 2
42 13 3
42 14 3
42 16 3
42 19 3
42 25 3
42 26 1
42 27 1
42 29 4
42 30 1
42 31 4
42 34 4
42 39 4
43 0 1
43 2 3
43 3 4
43 4 3
43 6 4
43 7 2
43 8 4
43 11 3
43 12 3
43 15 2
43 18 4
43 19 2
43 22 2
43 24 2
43 27 2
43 28 1
43 29 4
43 30 3
43 31 3
43 34 2
43 36 3
43 38 3
43 39 2
43 40 1
43 41 1
43 42 2
44 1 4
44 8 2
44 10 1
44 12 3
44 16 1
44 17 1
44 18 2
44 20 2
44 21 4
44 22 2
44 23 2
44 24 4
44 27 2
44 28 3
44 30 4
44 32 2
44 35 4
44 36 3
44 38 3
44 39 2
44 42 1
45 2 3
45 4 3
45 5 1
45 6 1
45 9 3
45 10 4
45 17 2
45 22 4
45 23 3
45 24 1
45 31 3
45 33 2
45 35 1
45 42 2
45 44 4
46 2 2
46 4 3
46 5 2
46 6 1
46 8 4
46 10 3
46 11 4
46 15 3
46 16 2
46 18 1
46 21 4
46 25 1
46 31 3
46 32 2
46 35 3
46 39 2
46 41 2
46 45 2
47 1 4
47 6 3
47 9 3
47 11 3
47 12 3
47 13 3
47 15 4
47 16 4
47 18 4
47 19 3
47 20 3
47 21 3
47 22 1
47 24 1
47 26 3
47 27 2
47 28 4
47 30 1
47 31 2
47 32 4
47 34 2
47 39 2
47 40 1
47 46 4
48 0 3
48 3 4
48 9 2
48 11 1
48 12 4
48 14 4
48 16 3
48 22 1
48 23 4
48 27 4
48 28 3
48 30 4
48 31 2
48 33 2
48 34 2
48 36 4
48 37 1
48 38 1
48 39 2
48 40 4
48 41 2
48 42 3
48 43 2
48 45 2
48 46 1
48 47 3
49 0 3
49 2 4
49 4 1
49 7 1
49 10 3
49 13 3
49 14 2
49 15 3
49 17 2
49 18 1
49 19 1
49 20 2
49 25 1
49 27 4
49 29 4
49 32 3
49 33 2
49 36 3
49 38 2
49 40 3
49 44 3
49 46 4
49 47 4
49 48 2
50 0 4
50 1 1
50 5 3
50 8 2
50 10 1
50 11 4
50 12 4
50 14 4
50 15 2
50 24 2
50 25 3
50 26 2
50 27 4
50 29 4
50 31 1
50 36 1
50 40 3
50 41 1
50 45 3
50 48 2
50 49 1
51 1 2
51 2 2
51 4 1
51 5 4
51 6 4
51 7 1
51 9 3
51 11 2
51 12 2
51 13 3
51 14 3
51 18 3
51 19 4
51 20 2
51 22 3
51 23 1
51 25 2
51 26 4
51 27 4
51 29 4
51 30 3
51 31 3
51 32 3
51 33 2
51 34 1
51 35 4
51 37 4
51 47 4
51 48 4
51 49 3
51 50 4
52 4 4
52 5 3
52 8 2
52 9 4
52 10 2
52 11 2
52 12 3
52 13 2
52 14 1
52 24 1
52 25 1
52 27 1
52 28 1
52 30 2
52 31 3
52 32 2
52 36 1
52 38 4
52 41 1
52 42 4
52 46 3
52 50 4
53 0 3
53 2 4
53 5 1
53 10 1
53 13 1
53 14 4
53 17 1
53 18 2
53 19 3
53 20 3
53 21 2
53 22 1
53 23 2
53 24 2
53 28 4
53 31 2
53 37 3
53 38 1
53 39 3
53 40 3
53 41 4
53 42 1
53 43 2
53 46 3
53 49 1
53 50 2
53 51 1
54 1 2
54 2 2
54 3 2
54 6 2
54 8 1
54 9 3
54 10 1
54 12 2
54 15 4
54 18 1
54 20 1
54 23 4
54 24 4
54 26 2
54 28 3
54 29 2
54 31 3
54 33 1
54 34 1
54 39 4
54 41 4
54 44 1
54 49 2
54 52 3
54 53 1
55 1 4
55 2 2
55 4 3
55 5 3
55 7 2
55 9 2
55 15 2
55 16 4
55 20 4
55 21 4
55 22 2
55 23 4
55 24 3
55 25 4
55 27 2
55 28 4
55 30 4
55 31 4
55 32 1
55 35 1
55 37 2
55 38 1
55 45 3
55 48 4
55 49 4
55 51 3
55 52 4
56 7 2
56 8 1
56 10 2
56 11 1
56 12 4
56 15 1
56 16 4
56 17 1
56 18 2
56 22 3
56 25 4
56 28 4
56 31 4
56 33 1
56 35 1
56 36 1
56 39 4
56 40 4
56 41 3
56 42 1
56 43 4
56 45 2
56 46 3
56 47 1
56 48 2
56 50 2
56 51 1
56 53 1
56 54 3
56 55 3
57 2 3
57 3 2
57 8 2
57 9 2
57 10 2
57 12 3
57 14 2
57 15 3
57 16 4
57 20 2
57 23 3
57 24 1
57 25 4
57 26 4
57 28 4
57 30 4
57 31 3
57 32 3
57 34 4
57 37 1
57 38 2
57 42 3
57 43 1
57 47 1
57 48 1
57 51 1
57 52 1
57 55 4
57 56 4
58 3 2
58 4 3
58 5 2
58 7 2
58 9 3
58 10 3
58 11 3
58 13 4
58 14 4
58 17 4
58 19 4
58 20 4
58 22 3
58 23 2
58 24 4
58 27 3
58 29 4
58 32 3
58 37 1
58 39 3
58 41 2
58 42 4
58 43 3
58 45 2
58 46 2
58 48 3
58 49 3
58 51 3
58 52 2
58 54 1
59 5 4
59 6 1
59 9 4
59 11 2
59 13 3
59 14 4
59 15 3
59 16 4
59 17 4
59 18 4
59 19 1
59 21 2
59 22 1
59 23 4
59 25 1
59 29 4
59 30 1
59 32 1
59 33 2
59 38 2
59 39 1
59 40 3
59 41 3
59 45 1
59 46 2
59 47 4
59 48 4
59 49 4
59 50 1
59 52 1
59 53 1
59 54 1
59 55 1
59 56 1
59 57 1
60 1 3
60 2 4
60 4 3
60 5 1
60 7 3
60 8 1
60 10 4
60 11 2
60 14 2
60 17 4
60 18 4
60 20 2
60 25 2
60 27 4
60 28 4
60 35 3
60 36 1
60 38 1
60 39 2
60 42 4
60 44 2
60 46 4
60 47 1
60 50 4
60 51 2
60 52 2
60 54 2
60 57 1
60 59 2
61 1 2
61 2 1
61 3 4
61 5 4
61 7 3
61 8 1
61 9 1
61 13 2
61 15 2
61 16 2
61 17 2
61 19 2
61 21 4
61 23 4
61 27 2
61 28 4
61 30 3
61 42 1
61 43 3
61 46 2
61 49 4
61 52 1
61 54 3
61 55 4
61 58 3
61 60 1
62 0 1
62 3 1
62 5 4
62 7 3
62 9 1
62 11 2
62 12 4
62 13 4
62 17 3
62 18 2
62 20 4
62 22 4
62 24 1
62 26 2
62 28 4
62 29 1
62 31 1
62 34 1
62 35 2
62 42 1
62 43 3
62 46 2
62 47 4
62 48 3
62 50 2
62 52 1
62 55 2
62 57 2
62 59 2
63 0 1
63 1 4
63 4 2
63 5 2
63 6 4
63 9 2
63 10 1
63 12 1
63 14 2
63 16 2
63 18 2
63 20 4
63 21 3
63 22 4
63 23 2
63 24 4
63 25 3
63 29 2
63 33 3
63 38 3
63 40 3
63 41 1
63 44 4
63 45 2
63 48 2
63 49 2
63 51 4
63 52 1
63 55 1
63 56 3
63 58 4
63 61 4
64 0 4
64 2 2
64 3 1
64 4 3
64 5 2
64 7 4
64 8 4
64 9 3
64 11 1
64 12 3
64 14 2
64 15 1
64 18 4
64 20 2
64 23 1
64 24 2
64 26 2
64 29 1
64 32 1
64 34 1
64 35 4
64 36 4
64 37 4
64 38 1
64 41 4
64 42 3
64 43 1
64 44 1
64 46 1
64 47 4
64 48 2
64 49 3
64 51 2
64 53 3
64 54 3
64 63 3
65 3 3
65 5 4
65 10 1
65 12 3
65 13 3
65 17 2
65 19 4
65 20 4
65 22 3
65 25 2
65 26 3
65 27 2
65 28 1
65 29 4
65 32 4
65 33 2
65 37 3
65 41 3
65 42 4
65 43 1
65 44 4
65 45 2
65 46 2
65 49 1
65 50 3
65 52 3
65 54 2
65 55 3
65 57 3
65 58 3
65 60 4
65 61 1
66 2 1
66 3 2
66 5 2
66 6 3
66 7 4
66 10 2
66 11 1
66 16 1
66 17 4
66 20 1
66 21 2
66 24 2
66 26 3
66 28 4
66 29 4
66 31 4
66 32 2
66 36 3
66 38 1
66 41 2
66 45 3
66 48 1
66 49 1
66 56 1
66 57 2
66 60 2
66 62 1
66 64 4
66 65 3
67 1 3
67 2 3
67 4 2
67 7 3
67 9 1
67 10 4
67 11 4
67 16 1
67 17 1
67 18 3
67 21 1
67 22 2
67 24 2
67 27 1
67 28 2
67 31 3
67 32 3
67 33 2
67 34 2
67 35 4
67 36 3
67 38 1
67 41 1
67 43 1
67 45 4
67 46 1
67 47 2
67 48 3
67 49 3
67 50 2
67 54 2
67 56 2
67 62 1
67 65 4
67 66 3
68 1 2
68 3 2
68 4 1
68 10 1
68 12 3
68 17 1
68 18 1
68 21 1
68 27 4
68 28 2
68 29 1
68 31 2
68 33 1
68 34 1
68 35 4
68 36 1
68 38 3
68 39 1
68 40 4
68 42 3
68 43 1
68 45 2
68 46 3
68 53 3
68 54 4
68 57 2
68 58 3
68 59 1
68 60 3
68 61 4
68 63 2
68 64 1
68 66 2
69 2 3
69 7 2
69 9 1
69 10 2
69 11 1
69 14 2
69 17 2
69 19 2
69 21 3
69 22 4
69 23 3
69 24 2
69 27 1
69 29 3
69 30 1
69 31 3
69 35 2
69 37 3
69 39 4
69 41 4
69 45 2
69 48 1
69 49 1
69 50 2
69 55 4
69 56 2
69 59 4
69 61 1
69 63 3
69 64 2
69 65 1
69 67 3
69 68 2
