60
1 0 1
2 0 2
2 1 5
4 3 7
5 0 5
5 1 8
5 2 6
5 4 9
6 0 9
6 5 11
7 3 4
8 2 11
8 4 5
8 5 11
8 7 7
9 0 3
9 1 5
9 5 1
9 8 2
10 0 7
10 1 8
10 3 2
10 4 10
10 6 6
10 8 12
10 9 5
11 0 4
11 2 9
11 6 8
11 10 8
12 2 12
12 3 7
12 5 3
12 6 7
12 8 8
12 10 11
13 1 10
13 4 5
13 5 6
13 11 2
14 0 1
14 1 3
14 2 6
14 8 11
14 12 5
14 13 8
15 0 2
15 1 4
15 3 4
15 5 1
15 6 1
15 7 7
15 10 4
15 12 3
15 13 5
15 14 1
16 0 9
16 1 7
16 2 10
16 3 7
16 6 9
16 8 9
16 9 11
16 10 2
16 11 10
16 13 5
17 0 2
17 2 2
17 3 1
17 5 8
17 7 6
17 8 6
17 9 12
17 10 1
17 12 5
17 13 5
17 14 5
17 15 6
17 16 6
18 0 1
18 2 6
18 3 11
18 5 8
18 7 11
18 10 5
18 11 10
18 13 2
18 14 5
18 15 6
18 17 1
19 0 2
19 3 11
19 6 7
19 8 11
19 14 8
19 15 9
19 17 6
20 0 12
20 3 10
20 4 4
20 5 5
20 6 5
20 8 7
20 10 6
20 12 9
20 14 5
20 18 10
20 19 1
21 2 4
21 4 1
21 7 4
21 8 1
21 10 12
21 11 3
21 15 11
21 16 2
21 18 4
22 0 5
22 2 10
22 3 8
22 4 3
22 6 4
22 8 10
22 9 10
22 10 9
22 11 2
22 15 3
22 16 4
22 17 7
22 19 2
22 20 11
22 21 1
23 1 9
23 2 2
23 3 3
23 4 7
23 7 10
23 8 11
23 12 10
23 13 4
23 14 10
23 16 4
23 18 4
24 0 2
24 1 3
24 3 4
24 4 11
24 5 10
24 9 6
24 10 11
24 12 6
24 13 11
24 17 11
24 22 9
25 1 4
25 2 8
25 3 6
25 5 4
25 6 3
25 7 3
25 9 1
25 10 2
25 11 12
25 13 1
25 14 4
25 15 7
25 16 12
25 17 4
25 19 3
25 22 7
25 23 7
25 24 5
26 2 12
26 5 6
26 7 4
26 8 6
26 11 12
26 18 12
26 20 8
26 21 5
26 22 9
27 2 11
27 4 3
27 5 6
27 6 11
27 9 10
27 10 3
27 11 2
27 14 9
27 17 11
27 18 9
27 20 8
27 25 11
27 26 2
28 1 8
28 2 6
28 3 4
28 4 7
28 5 5
28 8 1
28 12 7
28 13 7
28 18 5
28 20 6
28 24 11
28 25 4
29 1 9
29 7 11
29 9 6
29 11 9
29 13 3
29 17 10
29 20 3
29 22 12
29 23 3
29 24 3
29 25 7
29 26 9
30 0 7
30 1 4
30 2 12
30 3 6
30 10 11
30 12 9
30 17 2
30 20 7
30 23 1
30 25 2
30 28 7
30 29 3
31 0 4
31 2 6
31 10 1
31 12 12
31 13 6
31 14 8
31 15 4
31 18 1
31 21 2
31 22 9
31 23 4
31 29 4
31 30 7
32 0 5
32 1 10
32 2 1
32 4 1
32 5 1
32 7 11
32 9 3
32 10 4
32 11 3
32 12 3
32 13 4
32 14 11
32 17 6
32 22 11
32 27 11
32 30 10
32 31 10
33 2 2
33 3 9
33 4 10
33 12 10
33 15 12
33 16 12
33 21 6
33 24 1
33 25 5
33 28 10
33 29 12
33 31 2
34 0 11
34 1 11
34 2 9
34 4 6
34 5 11
34 6 3
34 9 4
34 11 5
34 15 11
34 16 9
34 17 7
34 19 9
34 20 4
34 22 12
34 23 8
34 25 12
34 26 2
34 27 4
34 28 3
34 29 1
34 30 6
34 31 4
34 33 9
35 3 11
35 4 2
35 5 10
35 6 2
35 10 9
35 11 8
35 12 12
35 13 8
35 16 1
35 17 6
35 20 10
35 22 5
35 23 9
35 26 12
35 28 2
35 29 10
35 30 10
35 32 10
35 33 2
36 4 5
36 5 2
36 8 10
36 12 3
36 14 7
36 16 3
36 17 11
36 19 12
36 20 8
36 21 11
36 24 5
36 29 5
37 1 6
37 3 11
37 4 6
37 6 2
37 7 7
37 12 6
37 13 9
37 14 2
37 15 8
37 16 1
37 19 8
37 20 7
37 21 11
37 22 5
37 25 12
37 26 8
37 28 8
37 29 7
37 30 7
37 32 7
37 33 3
37 36 10
38 0 9
38 1 2
38 2 3
38 4 3
38 6 6
38 8 4
38 9 2
38 10 1
38 11 7
38 12 11
38 13 6
38 14 6
38 15 2
38 17 6
38 19 2
38 20 3
38 21 2
38 24 3
38 25 7
38 26 10
38 29 6
38 32 2
38 36 6
39 1 4
39 8 11
39 9 11
39 11 11
39 12 3
39 13 1
39 14 10
39 16 9
39 17 8
39 18 4
39 21 11
39 25 4
39 26 1
39 27 12
39 29 5
39 30 6
39 31 1
39 35 11
39 36 1
39 38 10
40 2 8
40 3 9
40 4 4
40 5 1
40 6 12
40 10 6
40 12 6
40 13 4
40 15 1
40 21 9
40 26 6
40 29 10
40 32 8
40 33 3
40 34 8
40 37 10
41 0 1
41 5 9
41 6 5
41 8 3
41 10 11
41 11 6
41 12 5
41 13 3
41 14 9
41 15 4
41 18 10
41 20 7
41 21 8
41 23 12
41 24 4
41 25 12
41 26 4
41 31 1
41 32 1
41 33 12
41 34 8
41 35 12
41 36 7
41 38 5
42 2 3
42 3 1
42 5 6
42 7 5
42 9 2
42 13 8
42 22 12
42 23 2
42 24 11
42 25 1
42 26 8
42 28 10
42 31 11
42 32 1
42 33 12
42 37 10
42 39 2
42 40 10
43 0 11
43 4 3
43 11 8
43 12 4
43 14 1
43 16 8
43 19 1
43 20 5
43 22 11
43 24 3
43 25 9
43 26 10
43 28 2
43 32 5
43 34 10
43 36 3
43 38 2
43 40 6
43 41 2
44 0 3
44 2 11
44 3 9
44 4 4
44 8 10
44 10 3
44 11 9
44 14 11
44 15 3
44 17 4
44 21 3
44 22 7
44 24 2
44 26 11
44 27 12
44 30 2
44 31 6
44 42 6
45 4 8
45 5 5
45 6 1
45 7 1
45 9 5
45 10 3
45 11 11
45 13 3
45 18 12
45 19 10
45 20 8
45 23 1
45 24 7
45 27 1
45 28 7
45 29 12
45 30 4
45 36 3
45 38 3
45 39 10
45 41 11
45 42 9
45 43 1
45 44 6
46 0 3
46 1 5
46 2 10
46 3 3
46 6 4
46 7 8
46 9 3
46 12 4
46 15 10
46 16 8
46 17 5
46 19 4
46 20 7
46 22 7
46 24 10
46 25 11
46 26 1
46 27 2
46 29 6
46 33 1
46 34 11
46 38 4
46 44 5
46 45 9
47 0 5
47 1 10
47 4 3
47 8 9
47 9 3
47 12 5
47 16 10
47 18 9
47 21 2
47 22 5
47 23 9
47 26 9
47 27 6
47 31 3
47 35 6
47 36 9
47 39 7
47 41 4
47 42 10
47 43 6
48 0 11
48 1 3
48 2 8
48 5 10
48 9 2
48 12 3
48 13 5
48 14 9
48 16 8
48 19 11
48 21 8
48 23 12
48 26 12
48 27 4
48 28 6
48 29 3
48 32 11
48 41 3
48 42 2
48 44 4
49 0 9
49 2 4
49 3 10
49 4 5
49 5 11
49 6 5
49 8 5
49 9 1
49 10 2
49 11 6
49 15 7
49 16 6
49 18 2
49 19 3
49 22 6
49 23 2
49 32 10
49 33 11
49 35 4
49 39 9
49 40 11
49 41 6
49 45 10
49 46 8
49 48 10
50 1 3
50 3 11
50 4 7
50 6 9
50 7 10
50 8 11
50 13 11
50 15 6
50 16 7
50 17 7
50 20 6
50 21 3
50 22 2
50 23 3
50 24 8
50 29 12
50 30 7
50 32 8
50 34 10
50 35 1
50 37 12
50 41 9
50 42 7
50 48 7
51 2 6
51 6 8
51 7 5
51 9 4
51 11 10
51 12 10
51 13 10
51 17 11
51 18 2
51 19 12
51 20 2
51 21 4
51 22 11
51 26 1
51 28 6
51 29 11
51 32 5
51 33 4
51 36 3
51 37 1
51 38 4
51 40 3
51 43 1
51 46 4
51 47 4
51 48 12
52 0 7
52 1 8
52 2 3
52 6 1
52 10 6
52 11 6
52 13 10
52 16 10
52 17 3
52 18 8
52 21 10
52 22 7
52 24 7
52 25 8
52 29 11
52 30 8
52 32 4
52 33 12
52 36 12
52 38 12
52 39 4
52 40 1
52 41 5
52 43 3
52 44 5
52 48 5
52 49 8
52 50 4
52 51 7
53 1 9
53 3 4
53 5 2
53 6 10
53 8 11
53 9 2
53 10 6
53 11 4
53 13 7
53 15 4
53 17 9
53 20 2
53 21 1
53 26 8
53 27 12
53 28 10
53 30 8
53 33 6
53 35 5
53 36 11
53 38 7
53 40 8
53 42 3
53 43 5
53 44 12
53 46 6
53 47 6
53 48 5
53 51 9
54 2 4
54 5 2
54 6 8
54 10 9
54 12 2
54 13 9
54 14 3
54 15 11
54 17 8
54 19 11
54 21 2
54 23 11
54 24 1
54 25 11
54 27 3
54 31 6
54 32 9
54 33 12
54 37 10
54 41 9
54 42 6
54 47 11
54 48 8
54 51 2
54 53 8
55 1 6
55 2 5
55 3 10
55 5 11
55 6 6
55 9 8
55 10 10
55 12 1
55 13 6
55 15 12
55 18 5
55 19 11
55 22 8
55 23 8
55 26 5
55 31 11
55 32 11
55 34 9
55 35 2
55 36 10
55 37 2
55 39 2
55 40 1
55 41 4
55 43 4
55 44 4
55 45 12
55 48 10
55 52 9
55 53 9
56 2 8
56 4 4
56 6 12
56 8 6
56 10 10
56 11 3
56 13 3
56 14 6
56 15 8
56 16 12
56 17 10
56 18 7
56 19 9
56 22 3
56 24 7
56 27 5
56 28 6
56 29 7
56 30 7
56 31 9
56 33 8
56 35 7
56 36 3
56 37 7
56 38 8
56 39 11
56 40 12
56 43 8
56 45 11
56 47 5
56 49 8
56 52 10
57 0 1
57 3 7
57 4 10
57 6 5
57 7 11
57 8 12
57 9 4
57 12 6
57 16 11
57 18 5
57 20 2
57 21 9
57 23 9
57 24 12
57 26 4
57 27 7
57 28 2
57 30 5
57 35 3
57 37 6
57 38 11
57 39 9
57 40 10
57 41 2
57 43 10
57 44 4
57 47 10
57 50 3
57 52 1
57 55 7
57 56 9
58 0 1
58 5 4
58 10 6
58 14 6
58 15 12
58 17 3
58 18 8
58 20 6
58 21 5
58 22 8
58 23 2
58 25 4
58 26 8
58 27 2
58 30 6
58 31 7
58 34 1
58 35 1
58 36 9
58 38 2
58 40 5
58 42 4
58 44 4
58 48 7
58 51 7
58 52 12
58 54 7
58 56 1
58 57 10
59 0 1
59 1 3
59 3 1
59 4 4
59 6 3
59 7 1
59 8 3
59 12 2
59 13 11
59 14 6
59 17 8
59 20 1
59 22 11
59 24 7
59 25 10
59 28 12
59 30 1
59 31 1
59 32 7
59 34 2
59 38 3
59 40 6
59 42 5
59 43 12
59 45 7
59 48 6
59 49 9
59 53 12
59 54 12
59 56 5
59 57 6
59 58 11
