60
1 0 1
2 0 1
3 2 1
4 1 1
4 2 1
5 3 1
6 2 1
6 4 1
7 0 1
7 2 1
7 3 1
7 4 1
7 5 1
8 3 1
8 6 1
9 0 1
9 2 1
9 3 1
9 4 1
9 7 1
10 0 1
10 1 1
10 2 1
10 3 1
10 4 1
10 6 1
10 7 1
11 0 1
11 2 1
11 3 1
11 6 1
11 9 1
12 0 1
12 2 1
12 4 1
12 6 1
12 7 1
12 9 1
12 10 1
13 0 1
13 1 1
13 2 1
13 5 1
13 6 1
13 7 1
13 9 1
13 10 1
13 12 1
14 0 1
14 3 1
14 5 1
14 6 1
14 7 1
14 9 1
14 11 1
14 12 1
14 13 1
15 0 1
15 5 1
15 7 1
15 8 1
15 9 1
15 12 1
15 14 1
16 0 1
16 2 1
16 3 1
16 9 1
16 10 1
16 12 1
16 15 1
17 2 1
17 3 1
17 9 1
17 10 1
17 11 1
17 14 1
18 0 1
18 1 1
18 3 1
18 4 1
18 7 1
18 8 1
18 10 1
18 12 1
18 14 1
18 15 1
18 16 1
18 17 1
19 0 1
19 1 1
19 2 1
19 5 1
19 10 1
19 12 1
19 15 1
19 16 1
19 18 1
20 0 1
20 4 1
20 6 1
20 7 1
20 9 1
20 15 1
20 16 1
20 17 1
20 19 1
21 0 1
21 1 1
21 5 1
21 6 1
21 7 1
21 8 1
21 10 1
21 11 1
21 13 1
21 14 1
21 15 1
21 16 1
21 19 1
22 1 1
22 4 1
22 5 1
22 8 1
22 10 1
22 15 1
22 16 1
22 17 1
23 0 1
23 5 1
23 6 1
23 7 1
23 8 1
23 14 1
23 16 1
23 19 1
23 20 1
23 22 1
24 0 1
24 2 1
24 4 1
24 5 1
24 8 1
24 10 1
24 11 1
24 13 1
24 16 1
24 20 1
24 22 1
24 23 1
25 1 1
25 3 1
25 4 1
25 5 1
25 7 1
25 8 1
25 10 1
25 11 1
25 12 1
25 13 1
25 16 1
25 17 1
25 20 1
25 21 1
25 22 1
25 24 1
26 1 1
26 4 1
26 5 1
26 6 1
26 7 1
26 10 1
26 13 1
26 14 1
26 18 1
26 21 1
26 23 1
27 0 1
27 1 1
27 3 1
27 4 1
27 5 1
27 6 1
27 9 1
27 10 1
27 11 1
27 15 1
27 16 1
27 17 1
27 18 1
27 20 1
27 24 1
27 26 1
28 1 1
28 3 1
28 4 1
28 5 1
28 9 1
28 10 1
28 11 1
28 12 1
28 15 1
28 16 1
28 18 1
28 24 1
29 0 1
29 1 1
29 3 1
29 4 1
29 8 1
29 12 1
29 13 1
29 14 1
29 16 1
29 17 1
29 18 1
29 19 1
29 20 1
29 22 1
29 23 1
29 24 1
29 27 1
30 0 1
30 1 1
30 5 1
30 7 1
30 8 1
30 9 1
30 12 1
30 13 1
30 20 1
30 22 1
30 23 1
30 26 1
30 27 1
30 28 1
30 29 1
31 1 1
31 4 1
31 5 1
31 8 1
31 9 1
31 10 1
31 11 1
31 12 1
31 13 1
31 14 1
31 15 1
31 16 1
31 21 1
31 22 1
31 23 1
31 27 1
31 30 1
32 0 1
32 2 1
32 3 1
32 4 1
32 7 1
32 8 1
32 9 1
32 10 1
32 11 1
32 14 1
32 15 1
32 19 1
32 21 1
32 23 1
32 25 1
32 26 1
32 29 1
32 30 1
33 2 1
33 4 1
33 6 1
33 7 1
33 10 1
33 11 1
33 12 1
33 16 1
33 17 1
33 18 1
33 24 1
33 25 1
33 29 1
33 30 1
33 31 1
33 32 1
34 0 1
34 2 1
34 3 1
34 4 1
34 5 1
34 6 1
34 7 1
34 10 1
34 12 1
34 13 1
34 14 1
34 15 1
34 19 1
34 20 1
34 21 1
34 23 1
34 24 1
34 25 1
34 27 1
34 28 1
34 29 1
34 30 1
34 33 1
35 0 1
35 2 1
35 3 1
35 4 1
35 7 1
35 12 1
35 13 1
35 15 1
35 16 1
35 17 1
35 18 1
35 23 1
35 24 1
35 25 1
35 28 1
35 29 1
35 30 1
35 31 1
35 32 1
35 33 1
35 34 1
36 0 1
36 1 1
36 2 1
36 4 1
36 5 1
36 6 1
36 8 1
36 16 1
36 19 1
36 24 1
36 25 1
36 26 1
36 29 1
36 30 1
36 32 1
36 33 1
36 34 1
36 35 1
37 0 1
37 1 1
37 3 1
37 5 1
37 6 1
37 9 1
37 11 1
37 12 1
37 13 1
37 15 1
37 16 1
37 18 1
37 19 1
37 20 1
37 21 1
37 22 1
37 23 1
37 24 1
37 26 1
37 29 1
37 31 1
37 32 1
37 33 1
37 34 1
37 35 1
38 0 1
38 1 1
38 2 1
38 3 1
38 5 1
38 6 1
38 7 1
38 8 1
38 10 1
38 12 1
38 16 1
38 17 1
38 18 1
38 20 1
38 22 1
38 26 1
38 34 1
38 37 1
39 1 1
39 3 1
39 4 1
39 9 1
39 10 1
39 11 1
39 13 1
39 14 1
39 16 1
39 18 1
39 19 1
39 24 1
39 25 1
39 30 1
39 33 1
39 35 1
39 36 1
39 37 1
40 2 1
40 7 1
40 12 1
40 13 1
40 14 1
40 15 1
40 17 1
40 19 1
40 23 1
40 24 1
40 30 1
40 31 1
40 32 1
40 33 1
40 34 1
40 35 1
40 37 1
40 39 1
41 0 1
41 1 1
41 3 1
41 4 1
41 5 1
41 6 1
41 13 1
41 16 1
41 18 1
41 21 1
41 22 1
41 23 1
41 28 1
41 32 1
41 33 1
41 36 1
41 37 1
41 38 1
41 39 1
42 0 1
42 1 1
42 5 1
42 6 1
42 8 1
42 14 1
42 16 1
42 19 1
42 20 1
42 21 1
42 22 1
42 26 1
42 27 1
42 28 1
42 29 1
42 30 1
42 31 1
42 32 1
42 34 1
42 36 1
43 0 1
43 1 1
43 2 1
43 3 1
43 5 1
43 6 1
43 8 1
43 13 1
43 14 1
43 16 1
43 25 1
43 26 1
43 27 1
43 32 1
43 33 1
43 34 1
43 35 1
43 36 1
43 37 1
43 38 1
43 39 1
43 40 1
43 42 1
44 0 1
44 1 1
44 2 1
44 4 1
44 5 1
44 6 1
44 7 1
44 8 1
44 11 1
44 14 1
44 16 1
44 17 1
44 18 1
44 19 1
44 20 1
44 21 1
44 24 1
44 26 1
44 28 1
44 29 1
44 33 1
44 38 1
44 42 1
44 43 1
45 0 1
45 2 1
45 4 1
45 5 1
45 8 1
45 9 1
45 15 1
45 17 1
45 19 1
45 21 1
45 22 1
45 26 1
45 27 1
45 28 1
45 30 1
45 31 1
45 38 1
45 40 1
45 41 1
45 42 1
45 44 1
46 4 1
46 5 1
46 6 1
46 7 1
46 9 1
46 17 1
46 18 1
46 19 1
46 20 1
46 21 1
46 22 1
46 25 1
46 26 1
46 29 1
46 31 1
46 32 1
46 33 1
46 36 1
46 41 1
46 42 1
46 44 1
46 45 1
47 0 1
47 3 1
47 4 1
47 5 1
47 6 1
47 9 1
47 10 1
47 11 1
47 13 1
47 16 1
47 23 1
47 28 1
47 31 1
47 32 1
47 36 1
47 37 1
47 38 1
47 40 1
47 44 1
47 45 1
47 46 1
48 0 1
48 1 1
48 3 1
48 4 1
48 6 1
48 7 1
48 9 1
48 10 1
48 14 1
48 16 1
48 17 1
48 18 1
48 19 1
48 27 1
48 29 1
48 31 1
48 33 1
48 35 1
48 36 1
48 37 1
48 40 1
48 43 1
48 44 1
48 46 1
48 47 1
49 2 1
49 3 1
49 5 1
49 6 1
49 8 1
49 10 1
49 11 1
49 13 1
49 14 1
49 17 1
49 18 1
49 19 1
49 21 1
49 22 1
49 25 1
49 27 1
49 28 1
49 29 1
49 30 1
49 32 1
49 35 1
49 36 1
49 38 1
49 41 1
49 42 1
49 44 1
49 45 1
49 46 1
49 48 1
50 2 1
50 3 1
50 8 1
50 9 1
50 15 1
50 16 1
50 17 1
50 18 1
50 19 1
50 23 1
50 27 1
50 30 1
50 31 1
50 33 1
50 39 1
50 45 1
50 46 1
50 47 1
50 48 1
50 49 1
51 0 1
51 3 1
51 5 1
51 9 1
51 10 1
51 12 1
51 14 1
51 15 1
51 18 1
51 22 1
51 23 1
51 24 1
51 26 1
51 29 1
51 33 1
51 38 1
51 40 1
51 42 1
51 44 1
51 47 1
51 48 1
52 0 1
52 2 1
52 5 1
52 8 1
52 9 1
52 10 1
52 11 1
52 12 1
52 14 1
52 16 1
52 17 1
52 19 1
52 21 1
52 23 1
52 25 1
52 28 1
52 29 1
52 31 1
52 34 1
52 36 1
52 37 1
52 39 1
52 40 1
52 41 1
52 42 1
52 46 1
52 47 1
52 48 1
52 49 1
52 50 1
52 51 1
53 0 1
53 2 1
53 3 1
53 4 1
53 9 1
53 10 1
53 11 1
53 12 1
53 14 1
53 15 1
53 16 1
53 18 1
53 20 1
53 25 1
53 26 1
53 28 1
53 31 1
53 34 1
53 35 1
53 36 1
53 38 1
53 39 1
53 40 1
53 42 1
53 44 1
53 46 1
53 47 1
53 48 1
53 50 1
53 51 1
54 4 1
54 5 1
54 6 1
54 7 1
54 9 1
54 10 1
54 13 1
54 15 1
54 16 1
54 17 1
54 18 1
54 19 1
54 20 1
54 21 1
54 22 1
54 23 1
54 25 1
54 29 1
54 32 1
54 33 1
54 34 1
54 36 1
54 38 1
54 39 1
54 40 1
54 44 1
54 46 1
54 47 1
54 48 1
54 52 1
54 53 1
55 1 1
55 2 1
55 3 1
55 4 1
55 5 1
55 6 1
55 7 1
55 9 1
55 11 1
55 12 1
55 21 1
55 22 1
55 23 1
55 24 1
55 25 1
55 30 1
55 31 1
55 32 1
55 33 1
55 34 1
55 37 1
55 38 1
55 39 1
55 42 1
55 45 1
55 47 1
55 51 1
55 52 1
55 53 1
55 54 1
56 0 1
56 1 1
56 3 1
56 6 1
56 8 1
56 10 1
56 12 1
56 14 1
56 15 1
56 17 1
56 20 1
56 21 1
56 22 1
56 26 1
56 27 1
56 28 1
56 29 1
56 32 1
56 34 1
56 37 1
56 38 1
56 39 1
56 40 1
56 41 1
56 43 1
56 44 1
56 45 1
56 49 1
56 50 1
56 51 1
56 54 1
57 1 1
57 2 1
57 4 1
57 6 1
57 10 1
57 11 1
57 12 1
57 13 1
57 19 1
57 24 1
57 30 1
57 33 1
57 34 1
57 38 1
57 40 1
57 41 1
57 44 1
57 45 1
57 46 1
57 49 1
57 51 1
57 53 1
57 54 1
57 56 1
58 0 1
58 1 1
58 3 1
58 4 1
58 5 1
58 6 1
58 7 1
58 12 1
58 13 1
58 14 1
58 15 1
58 16 1
58 18 1
58 19 1
58 24 1
58 29 1
58 30 1
58 33 1
58 34 1
58 37 1
58 40 1
58 41 1
58 43 1
58 44 1
58 46 1
58 48 1
58 52 1
58 53 1
58 55 1
58 56 1
58 57 1
59 1 1
59 2 1
59 6 1
59 7 1
59 8 1
59 12 1
59 13 1
59 15 1
59 19 1
59 23 1
59 24 1
59 25 1
59 26 1
59 27 1
59 28 1
59 29 1
59 34 1
59 36 1
59 38 1
59 39 1
59 40 1
59 43 1
59 44 1
59 45 1
59 47 1
59 48 1
59 49 1
59 50 1
59 51 1
59 52 1
59 54 1
59 56 1
59 57 1
