70
2 1 3
3 0 4
3 1 3
4 0 3
4 2 3
5 2 4
5 3 4
6 0 3
6 3 4
6 5 4
7 3 1
7 5 4
8 2 1
8 4 2
8 5 2
9 0 3
9 1 3
9 3 4
9 4 3
9 6 2
9 7 4
9 8 1
10 1 2
10 5 2
10 9 4
11 8 4
12 0 3
12 1 2
12 2 3
12 6 4
12 11 4
13 0 1
13 1 2
13 4 4
13 7 4
13 9 2
13 11 4
14 0 4
14 1 2
14 5 3
14 7 2
14 9 4
14 12 1
15 0 2
15 1 3
15 3 4
15 5 2
15 6 3
15 9 4
15 12 2
16 1 4
16 3 3
16 4 1
16 6 4
16 7 3
16 9 1
16 10 2
16 13 3
16 15 3
17 0 1
17 2 1
17 6 2
17 7 3
17 8 1
17 10 3
17 11 3
17 13 3
18 0 3
18 1 3
18 4 3
18 5 3
18 6 3
18 7 2
18 8 2
18 9 1
18 12 4
18 15 4
19 0 1
19 2 4
19 5 1
19 8 1
19 10 4
19 11 4
19 13 4
19 14 2
19 16 1
19 17 2
20 0 3
20 1 2
20 3 3
20 7 3
20 10 2
20 11 2
20 12 1
20 13 1
20 14 1
20 15 1
20 16 2
20 18 3
21 2 2
21 3 2
21 4 3
21 6 1
21 7 1
21 8 4
21 9 3
21 15 2
21 17 1
21 18 3
22 0 1
22 1 2
22 5 1
22 7 3
22 8 3
22 10 3
22 12 1
22 13 2
22 14 2
22 15 2
22 17 2
22 18 4
22 20 4
22 21 4
23 0 2
23 6 2
23 7 3
23 8 3
23 10 2
23 12 2
23 13 3
23 17 4
23 18 2
23 22 1
24 0 4
24 2 1
24 4 3
24 5 2
24 8 3
24 9 3
24 10 2
24 11 3
24 17 3
24 18 2
24 19 4
24 22 3
25 3 3
25 8 4
25 11 2
25 12 3
25 14 3
25 15 1
25 16 1
25 17 4
25 18 4
25 19 1
25 21 2
26 2 4
26 3 2
26 4 4
26 5 2
26 6 4
26 7 2
26 9 3
26 10 3
26 12 2
26 16 4
26 17 4
26 19 4
26 23 1
26 25 4
27 1 4
27 2 2
27 4 2
27 5 1
27 7 4
27 11 3
27 13 1
27 18 2
27 19 2
27 24 2
28 2 2
28 4 4
28 6 2
28 7 2
28 8 1
28 9 2
28 10 1
28 11 3
28 12 1
28 13 4
28 16 1
28 19 1
28 24 2
28 25 1
28 27 1
29 5 2
29 6 3
29 7 3
29 8 1
29 10 4
29 11 2
29 12 3
29 14 2
29 20 1
29 22 2
29 26 4
29 28 4
30 0 4
30 1 3
30 3 1
30 6 2
30 8 4
30 10 2
30 13 2
30 15 4
30 19 1
30 20 1
30 22 1
30 23 1
30 26 4
30 27 1
31 2 2
31 3 1
31 5 3
31 6 2
31 7 2
31 13 1
31 15 3
31 16 2
31 17 3
31 24 4
31 25 1
31 26 4
31 27 4
31 28 2
31 30 4
32 0 2
32 3 2
32 8 2
32 10 2
32 12 1
32 14 1
32 17 1
32 18 2
32 20 4
32 21 4
32 22 3
32 23 2
32 28 3
32 31 3
33 2 4
33 3 4
33 5 3
33 8 1
33 9 1
33 11 4
33 13 4
33 14 1
33 16 3
33 18 4
33 19 4
33 20 2
33 21 1
33 23 1
33 25 4
33 32 2
34 3 1
34 4 2
34 5 4
34 6 2
34 9 1
34 11 1
34 15 3
34 16 4
34 17 2
34 18 2
34 21 3
34 22 3
34 24 2
34 26 2
34 28 2
34 31 2
34 32 2
35 1 1
35 4 2
35 6 1
35 7 4
35 8 2
35 11 2
35 12 1
35 15 3
35 16 2
35 18 4
35 19 4
35 20 1
35 23 1
35 24 4
35 25 4
35 27 1
35 28 3
35 30 4
35 31 3
35 32 3
35 33 2
36 1 2
36 2 2
36 5 2
36 7 2
36 8 4
36 9 3
36 11 1
36 12 2
36 13 4
36 15 2
36 16 2
36 17 1
36 18 4
36 19 2
36 29 3
36 30 4
36 32 1
36 35 3
37 1 4
37 2 2
37 5 4
37 6 3
37 7 3
37 8 1
37 13 3
37 16 3
37 18 3
37 20 3
37 23 2
37 24 4
37 27 2
37 29 3
37 30 1
38 0 2
38 1 4
38 2 1
38 3 3
38 7 3
38 10 4
38 12 1
38 13 3
38 15 3
38 16 2
38 17 2
38 23 2
38 29 1
38 31 1
38 33 1
38 35 1
38 36 2
39 0 3
39 1 4
39 2 2
39 3 1
39 5 4
39 6 1
39 7 1
39 13 3
39 14 3
39 18 2
39 22 3
39 25 3
39 26 3
39 27 1
39 29 2
39 31 3
39 34 2
39 35 4
39 37 4
39 38 2
40 0 2
40 2 2
40 4 2
40 6 3
40 7 4
40 8 3
40 10 1
40 11 4
40 15 3
40 16 2
40 18 1
40 19 4
40 20 4
40 22 1
40 23 4
40 25 4
40 26 2
40 27 3
40 31 1
40 32 3
40 33 2
40 34 2
40 35 2
40 37 1
40 39 3
41 3 4
41 6 2
41 7 4
41 8 4
41 9 4
41 13 2
41 17 4
41 18 4
41 19 3
41 21 4
41 22 2
41 24 2
41 28 4
41 30 3
41 33 4
41 36 3
41 37 1
41 38 3
41 39 4
41 40 3
42 1 3
42 2 3
42 5 1
42 7 2
42 8 1
42 10 4
42 12 3
42 13 3
42 14 2
42 15 3
42 17 2
42 18 4
42 19 4
42 20 3
42 24 4
42 26 2
42 29 4
42 31 4
42 32 1
42 33 1
42 34 1
42 35 3
42 36 1
42 37 3
42 41 2
43 0 3
43 1 4
43 2 3
43 3 4
43 10 4
43 13 3
43 18 1
43 20 3
43 29 1
43 33 4
43 38 2
43 39 3
43 40 4
44 0 2
44 1 3
44 3 2
44 5 3
44 6 3
44 9 3
44 10 1
44 11 3
44 12 3
44 13 2
44 14 3
44 16 2
44 19 3
44 22 3
44 23 3
44 24 4
44 25 4
44 27 4
44 28 1
44 29 1
44 31 3
44 32 2
44 34 1
44 35 3
44 36 3
44 37 1
44 38 4
44 39 4
44 40 4
44 43 3
45 0 4
45 1 2
45 2 2
45 3 2
45 5 3
45 7 3
45 10 2
45 11 3
45 13 3
45 14 3
45 16 3
45 18 1
45 19 3
45 20 4
45 22 4
45 23 4
45 24 4
45 25 4
45 26 2
45 29 4
45 31 1
45 32 4
45 34 2
45 37 1
45 38 4
45 42 2
46 0 1
46 3 4
46 5 4
46 6 3
46 7 3
46 8 2
46 9 3
46 11 2
46 12 1
46 13 2
46 17 2
46 19 2
46 21 1
46 25 1
46 26 4
46 28 2
46 33 3
46 34 4
46 35 4
46 37 1
46 40 4
46 42 3
46 45 4
47 0 4
47 2 4
47 4 3
47 5 3
47 7 3
47 9 4
47 10 3
47 11 1
47 12 2
47 13 1
47 14 1
47 15 1
47 16 1
47 24 4
47 25 4
47 28 4
47 29 3
47 32 4
47 33 4
47 36 2
47 41 4
47 42 3
47 44 4
47 46 3
48 1 4
48 2 2
48 3 2
48 4 2
48 5 2
48 10 3
48 12 2
48 14 4
48 15 4
48 18 2
48 20 3
48 21 4
48 22 4
48 23 4
48 24 4
48 25 2
48 29 2
48 30 4
48 31 3
48 32 3
48 33 4
48 34 3
48 35 3
48 37 2
48 38 3
48 42 4
48 47 2
49 0 1
49 1 3
49 3 1
49 7 2
49 9 2
49 10 3
49 12 1
49 14 3
49 15 2
49 16 3
49 19 4
49 24 1
49 27 2
49 29 4
49 31 2
49 34 2
49 35 3
49 37 4
49 38 3
49 42 4
49 44 2
49 45 1
49 48 2
50 7 3
50 10 2
50 11 1
50 12 2
50 13 1
50 19 3
50 23 1
50 24 2
50 25 4
50 30 3
50 31 4
50 32 3
50 35 3
50 38 4
50 39 2
50 40 2
50 43 2
50 45 4
50 47 2
51 0 2
51 2 1
51 3 2
51 5 2
51 6 3
51 8 4
51 10 4
51 12 2
51 13 4
51 15 2
51 16 4
51 17 4
51 18 2
51 20 2
51 21 3
51 22 1
51 23 4
51 24 3
51 25 3
51 30 4
51 32 4
51 33 4
51 34 1
51 35 1
51 36 2
51 38 1
51 39 1
51 41 3
51 42 3
51 46 3
51 47 4
51 48 2
51 49 2
51 50 3
52 0 2
52 1 2
52 2 2
52 4 4
52 10 3
52 11 2
52 13 4
52 14 2
52 18 1
52 19 1
52 20 4
52 21 4
52 27 2
52 28 3
52 29 4
52 32 2
52 33 1
52 35 1
52 36 3
52 38 4
52 39 4
52 40 2
52 45 1
52 46 2
52 47 1
52 48 2
52 50 3
53 1 4
53 3 2
53 5 2
53 8 4
53 10 1
53 11 3
53 15 2
53 16 1
53 20 3
53 21 1
53 22 4
53 23 2
53 27 4
53 28 4
53 29 3
53 34 1
53 35 4
53 37 2
53 38 1
53 40 4
53 41 4
53 42 4
53 44 4
53 46 1
53 47 4
53 48 4
53 49 4
53 52 4
54 4 2
54 6 1
54 10 3
54 11 3
54 13 1
54 14 2
54 18 2
54 20 1
54 21 4
54 25 2
54 26 4
54 28 2
54 29 1
54 30 2
54 31 1
54 32 2
54 34 2
54 36 3
54 41 3
54 46 1
54 47 3
54 48 4
55 2 3
55 3 1
55 5 4
55 6 4
55 10 3
55 12 4
55 14 1
55 15 4
55 16 3
55 17 2
55 19 1
55 22 1
55 25 4
55 27 3
55 30 3
55 32 4
55 33 4
55 34 1
55 38 2
55 39 2
55 40 4
55 41 1
55 42 4
55 43 1
55 44 4
55 50 1
56 0 1
56 1 4
56 2 4
56 8 3
56 10 3
56 11 4
56 14 2
56 16 2
56 17 2
56 18 4
56 19 2
56 22 4
56 23 1
56 25 1
56 27 3
56 28 2
56 29 3
56 30 1
56 31 1
56 32 1
56 34 3
56 35 1
56 37 4
56 39 4
56 40 4
56 41 4
56 43 4
56 47 4
56 48 1
56 49 4
56 50 2
57 6 1
57 8 1
57 9 1
57 10 1
57 12 4
57 14 3
57 15 4
57 17 2
57 18 2
57 19 3
57 22 1
57 23 1
57 24 2
57 26 2
57 27 1
57 29 1
57 30 3
57 32 1
57 33 4
57 34 4
57 38 2
57 40 3
57 41 4
57 42 3
57 43 1
57 44 2
57 48 3
57 49 1
57 52 3
57 53 2
57 55 4
57 56 2
58 1 4
58 2 2
58 5 2
58 6 4
58 8 3
58 10 3
58 13 3
58 14 1
58 15 2
58 16 4
58 17 2
58 18 3
58 19 3
58 20 2
58 21 1
58 23 3
58 24 4
58 25 2
58 28 3
58 29 4
58 30 2
58 33 3
58 34 3
58 38 2
58 39 1
58 40 1
58 42 1
58 46 3
58 50 2
58 51 2
58 53 4
58 54 2
58 55 4
58 57 1
59 1 1
59 2 1
59 5 3
59 9 3
59 10 1
59 12 1
59 13 4
59 22 2
59 24 1
59 25 4
59 26 4
59 27 2
59 32 4
59 33 1
59 35 4
59 39 3
59 40 1
59 43 4
59 44 4
59 45 4
59 46 3
59 52 1
59 53 4
59 54 4
59 55 2
59 58 2
60 0 1
60 1 4
60 3 4
60 6 3
60 7 3
60 9 3
60 10 2
60 11 2
60 12 2
60 13 2
60 15 1
60 16 3
60 18 2
60 20 3
60 21 4
60 22 1
60 23 2
60 24 1
60 25 2
60 29 2
60 31 3
60 34 3
60 35 1
60 37 3
60 40 1
60 41 4
60 43 4
60 46 1
60 47 2
60 48 4
60 50 1
60 52 1
60 54 4
60 55 4
60 56 2
61 0 2
61 2 4
61 3 1
61 4 2
61 5 2
61 6 2
61 13 3
61 15 1
61 16 4
61 17 4
61 18 4
61 22 2
61 24 2
61 25 2
61 29 4
61 34 2
61 35 2
61 39 2
61 41 2
61 43 2
61 45 3
61 46 1
61 47 2
61 51 1
61 60 2
62 4 2
62 7 2
62 9 4
62 10 1
62 14 2
62 16 2
62 18 2
62 19 1
62 22 1
62 23 1
62 24 1
62 26 3
62 29 1
62 34 4
62 37 2
62 38 3
62 43 1
62 45 4
62 46 4
62 49 3
62 51 1
62 54 2
62 56 4
62 57 2
62 59 1
62 61 3
63 2 4
63 3 4
63 4 1
63 6 3
63 8 3
63 9 3
63 11 1
63 12 3
63 14 4
63 15 1
63 16 2
63 21 1
63 22 1
63 25 4
63 26 1
63 27 3
63 28 1
63 30 2
63 31 3
63 32 2
63 34 2
63 35 4
63 36 4
63 37 3
63 40 3
63 41 4
63 42 3
63 47 3
63 48 2
63 53 4
63 55 4
63 57 3
63 59 1
63 60 1
64 0 2
64 1 1
64 4 2
64 5 1
64 10 2
64 11 4
64 12 4
64 15 2
64 16 4
64 18 3
64 19 3
64 20 2
64 21 2
64 22 4
64 23 3
64 24 3
64 26 4
64 27 3
64 30 1
64 35 1
64 38 2
64 39 3
64 40 4
64 41 4
64 43 3
64 44 3
64 50 2
64 51 1
64 54 2
64 57 3
64 58 4
64 60 2
65 0 3
65 5 3
65 11 3
65 12 2
65 19 2
65 22 3
65 23 1
65 25 4
65 27 2
65 29 3
65 30 1
65 31 1
65 33 3
65 34 1
65 35 3
65 36 3
65 37 1
65 39 4
65 40 1
65 41 2
65 46 3
65 49 4
65 54 1
65 56 3
65 58 2
65 62 4
65 64 1
66 0 4
66 3 1
66 4 4
66 6 1
66 7 3
66 9 3
66 10 2
66 12 3
66 14 2
66 16 3
66 19 2
66 24 2
66 25 3
66 27 4
66 29 3
66 32 1
66 34 2
66 36 1
66 37 1
66 40 1
66 41 2
66 44 4
66 47 3
66 53 4
66 54 4
66 56 2
66 58 4
66 61 4
67 0 3
67 1 3
67 3 4
67 4 3
67 5 2
67 8 3
67 10 4
67 12 2
67 14 2
67 15 2
67 17 4
67 21 3
67 24 4
67 27 4
67 28 1
67 31 4
67 32 4
67 33 1
67 35 3
67 36 3
67 38 2
67 39 4
67 40 1
67 41 3
67 42 1
67 43 3
67 45 4
67 48 3
67 50 1
67 52 4
67 54 1
67 55 3
67 58 4
67 60 3
67 63 3
67 65 3
67 66 2
68 1 4
68 2 3
68 5 1
68 7 1
68 8 3
68 9 1
68 13 1
68 14 2
68 17 3
68 19 4
68 20 1
68 21 3
68 22 2
68 23 4
68 24 4
68 25 1
68 27 2
68 29 3
68 31 1
68 32 4
68 37 1
68 39 3
68 41 4
68 43 1
68 45 2
68 47 4
68 49 3
68 56 4
68 62 4
68 63 1
68 65 3
68 66 4
69 0 2
69 3 4
69 4 4
69 5 2
69 6 2
69 9 2
69 10 2
69 15 4
69 16 3
69 24 2
69 29 4
69 31 1
69 32 4
69 33 3
69 34 2
69 37 2
69 39 2
69 41 1
69 42 1
69 44 4
69 45 2
69 47 4
69 48 2
69 50 1
69 53 1
69 54 4
69 58 1
69 63 2
69 65 1
