40
1 0 4
2 0 5
2 1 2
3 0 3
3 1 2
3 2 1
4 0 3
4 1 3
4 2 4
4 3 2
5 0 1
5 1 4
5 2 1
5 3 5
5 4 1
6 0 1
6 1 1
6 2 4
6 3 5
6 4 2
6 5 3
7 0 1
7 1 2
7 2 4
7 3 5
7 4 4
7 5 4
7 6 2
8 0 1
8 1 4
8 2 1
8 3 1
8 4 2
8 5 3
8 6 2
8 7 5
9 0 3
9 1 5
9 2 2
9 3 5
9 4 1
9 5 3
9 6 1
9 7 2
9 8 5
10 0 5
10 1 4
10 2 2
10 3 2
10 4 1
10 5 3
10 6 4
10 7 4
10 8 5
10 9 5
11 0 3
11 1 1
11 2 2
11 3 2
11 4 4
11 5 5
11 6 5
11 7 1
11 8 4
11 9 5
11 10 1
12 0 1
12 1 1
12 2 1
12 3 2
12 4 4
12 5 1
12 6 3
12 7 2
12 8 4
12 9 4
12 10 3
12 11 5
13 0 4
13 1 4
13 2 2
13 3 1
13 4 5
13 5 1
13 6 1
13 7 2
13 8 4
13 9 5
13 10 3
13 11 5
13 12 1
14 0 5
14 1 2
14 2 5
14 3 1
14 4 3
14 5 2
14 6 4
14 7 3
14 8 5
14 9 4
14 10 5
14 11 5
14 12 5
14 13 3
15 0 4
15 1 5
15 2 2
15 3 5
15 4 1
15 5 4
15 6 2
15 7 1
15 8 4
15 9 1
15 10 1
15 11 2
15 12 1
15 13 4
15 14 1
16 0 4
16 1 2
16 2 2
16 3 1
16 4 3
16 5 2
16 6 1
16 7 1
16 8 1
16 9 4
16 10 3
16 11 4
16 12 2
16 13 3
16 14 1
16 15 4
17 0 2
17 1 5
17 2 1
17 3 4
17 4 1
17 5 2
17 6 5
17 7 4
17 8 4
17 9 3
17 10 5
17 11 2
17 12 1
17 13 5
17 14 4
17 15 5
17 16 2
18 0 3
18 1 1
18 2 2
18 3 1
18 4 4
18 5 2
18 6 2
18 7 4
18 8 4
18 9 1
18 10 2
18 11 4
18 12 3
18 13 4
18 14 1
18 15 3
18 16 5
18 17 5
19 0 2
19 1 3
19 2 4
19 3 4
19 4 2
19 5 3
19 6 1
19 7 2
19 8 3
19 9 4
19 10 3
19 11 4
19 12 3
19 13 1
19 14 5
19 15 2
19 16 5
19 17 3
19 18 4
20 0 1
20 1 4
20 2 2
20 3 4
20 4 2
20 5 4
20 6 3
20 7 5
20 8 5
20 9 1
20 10 2
20 11 3
20 12 5
20 13 2
20 14 5
20 15 4
20 16 5
20 17 1
20 18 1
20 19 3
21 0 5
21 1 2
21 2 2
21 3 4
21 4 2
21 5 4
21 6 2
21 7 5
21 8 1
21 9 5
21 10 2
21 11 5
21 12 4
21 13 5
21 14 5
21 15 1
21 16 3
21 17 1
21 18 3
21 19 2
21 20 3
22 0 5
22 1 3
22 2 3
22 3 5
22 4 2
22 5 4
22 6 5
22 7 3
22 8 4
22 9 2
22 10 3
22 11 1
22 12 3
22 13 3
22 14 3
22 15 4
22 16 3
22 17 1
22 18 5
22 19 3
22 20 4
22 21 1
23 0 4
23 1 4
23 2 3
23 3 2
23 4 1
23 5 4
23 6 3
23 7 5
23 8 1
23 9 1
23 10 3
23 11 5
23 12 4
23 13 4
23 14 1
23 15 2
23 16 1
23 17 3
23 18 4
23 19 2
23 20 2
23 21 2
23 22 4
24 0 4
24 1 2
24 2 3
24 3 1
24 4 2
24 5 3
24 6 5
24 7 3
24 8 1
24 9 2
24 10 2
24 11 5
24 12 4
24 13 3
24 14 3
24 15 1
24 16 2
24 17 2
24 18 2
24 19 5
24 20 1
24 21 4
24 22 5
24 23 2
25 0 5
25 1 5
25 2 5
25 3 3
25 4 5
25 5 3
25 6 1
25 7 4
25 8 2
25 9 4
25 10 5
25 11 5
25 12 1
25 13 5
25 14 4
25 15 4
25 16 2
25 17 5
25 18 4
25 19 3
25 20 5
25 21 3
25 22 4
25 23 2
25 24 5
26 0 2
26 1 4
26 2 1
26 3 2
26 4 4
26 5 4
26 6 3
26 7 4
26 8 5
26 9 1
26 10 5
26 11 3
26 12 1
26 13 4
26 14 4
26 15 2
26 16 3
26 17 3
26 18 2
26 19 1
26 20 4
26 21 5
26 22 5
26 23 4
26 24 3
26 25 4
27 0 2
27 1 2
27 2 1
27 3 3
27 4 3
27 5 5
27 6 4
27 7 4
27 8 3
27 9 1
27 10 5
27 11 2
27 12 4
27 13 3
27 14 1
27 15 3
27 16 4
27 17 4
27 18 3
27 19 5
27 20 4
27 21 5
27 22 2
27 23 3
27 24 5
27 25 3
27 26 2
28 0 2
28 1 5
28 2 1
28 3 4
28 4 4
28 5 1
28 6 2
28 7 3
28 8 1
28 9 2
28 10 4
28 11 3
28 12 4
28 13 4
28 14 5
28 15 2
28 16 1
28 17 3
28 18 5
28 19 5
28 20 5
28 21 1
28 22 3
28 23 4
28 24 2
28 25 1
28 26 3
28 27 3
29 0 1
29 1 4
29 2 4
29 3 2
29 4 5
29 5 3
29 6 3
29 7 3
29 8 3
29 9 5
29 10 5
29 11 3
29 12 2
29 13 5
29 14 1
29 15 1
29 16 4
29 17 1
29 18 1
29 19 2
29 20 2
29 21 1
29 22 1
29 23 4
29 24 3
29 25 4
29 26 1
29 27 2
29 28 2
30 0 5
30 1 1
30 2 1
30 3 1
30 4 5
30 5 1
30 6 4
30 7 3
30 8 3
30 9 4
30 10 5
30 11 4
30 12 4
30 13 1
30 14 5
30 15 5
30 16 5
30 17 4
30 18 2
30 19 3
30 20 2
30 21 4
30 22 2
30 23 1
30 24 5
30 25 3
30 26 5
30 27 5
30 28 2
30 29 3
31 0 2
31 1 1
31 2 2
31 3 4
31 4 1
31 5 4
31 6 2
31 7 1
31 8 2
31 9 5
31 10 1
31 11 2
31 12 2
31 13 3
31 14 1
31 15 3
31 16 4
31 17 5
31 18 2
31 19 1
31 20 4
31 21 1
31 22 5
31 23 2
31 24 4
31 25 3
31 26 2
31 27 2
31 28 5
31 29 1
31 30 1
32 0 1
32 1 1
32 2 5
32 3 2
32 4 5
32 5 3
32 6 5
32 7 4
32 8 3
32 9 5
32 10 3
32 11 3
32 12 2
32 13 3
32 14 4
32 15 4
32 16 3
32 17 1
32 18 1
32 19 2
32 20 2
32 21 2
32 22 5
32 23 5
32 24 5
32 25 1
32 26 3
32 27 4
32 28 4
32 29 4
32 30 2
32 31 1
33 0 1
33 1 2
33 2 1
33 3 2
33 4 5
33 5 5
33 6 2
33 7 2
33 8 3
33 9 2
33 10 4
33 11 5
33 12 3
33 13 1
33 14 2
33 15 1
33 16 3
33 17 5
33 18 1
33 19 4
33 20 4
33 21 4
33 22 2
33 23 2
33 24 5
33 25 5
33 26 5
33 27 4
33 28 1
33 29 2
33 30 4
33 31 5
33 32 2
34 0 4
34 1 3
34 2 2
34 3 2
34 4 4
34 5 5
34 6 5
34 7 2
34 8 4
34 9 5
34 10 2
34 11 4
34 12 3
34 13 2
34 14 2
34 15 1
34 16 2
34 17 3
34 18 4
34 19 4
34 20 1
34 21 1
34 22 4
34 23 3
34 24 2
34 25 5
34 26 5
34 27 5
34 28 1
34 29 3
34 30 3
34 31 2
34 32 1
34 33 5
35 0 3
35 1 2
35 2 4
35 3 2
35 4 2
35 5 5
35 6 4
35 7 3
35 8 1
35 9 5
35 10 5
35 11 2
35 12 2
35 13 5
35 14 4
35 15 4
35 16 4
35 17 4
35 18 2
35 19 5
35 20 4
35 21 4
35 22 5
35 23 3
35 24 4
35 25 5
35 26 2
35 27 5
35 28 1
35 29 3
35 30 3
35 31 5
35 32 1
35 33 3
35 34 2
36 0 5
36 1 5
36 2 3
36 3 2
36 4 5
36 5 5
36 6 3
36 7 4
36 8 3
36 9 4
36 10 2
36 11 2
36 12 3
36 13 4
36 14 1
36 15 5
36 16 1
36 17 1
36 18 5
36 19 5
36 20 3
36 21 2
36 22 3
36 23 2
36 24 4
36 25 3
36 26 3
36 27 1
36 28 2
36 29 2
36 30 1
36 31 2
36 32 1
36 33 3
36 34 2
36 35 2
37 0 5
37 1 1
37 2 2
37 3 2
37 4 1
37 5 5
37 6 3
37 7 3
37 8 1
37 9 2
37 10 2
37 11 4
37 12 3
37 13 2
37 14 2
37 15 2
37 16 3
37 17 5
37 18 1
37 19 5
37 20 4
37 21 2
37 22 4
37 23 5
37 24 4
37 25 5
37 26 1
37 27 4
37 28 4
37 29 4
37 30 4
37 31 5
37 32 3
37 33 4
37 34 5
37 35 3
37 36 1
38 0 2
38 1 3
38 2 1
38 3 2
38 4 1
38 5 5
38 6 3
38 7 4
38 8 2
38 9 1
38 10 3
38 11 3
38 12 3
38 13 3
38 14 2
38 15 1
38 16 2
38 17 4
38 18 5
38 19 4
38 20 5
38 21 4
38 22 5
38 23 4
38 24 3
38 25 1
38 26 5
38 27 5
38 28 2
38 29 1
38 30 4
38 31 5
38 32 3
38 33 1
38 34 2
38 35 2
38 36 4
38 37 5
39 0 2
39 1 5
39 2 2
39 3 4
39 4 3
39 5 3
39 6 3
39 7 4
39 8 5
39 9 4
39 10 2
39 11 1
39 12 4
39 13 3
39 14 1
39 15 5
39 16 1
39 17 4
39 18 5
39 19 5
39 20 2
39 21 1
39 22 4
39 23 5
39 24 1
39 25 3
39 26 2
39 27 3
39 28 1
39 29 2
39 30 2
39 31 3
39 32 1
39 33 2
39 34 1
39 35 5
39 36 4
39 37 2
39 38 3
