30
1 0 5
2 0 5
2 1 1
4 2 4
4 3 5
5 1 3
5 2 2
6 2 6
6 4 3
7 0 6
7 1 5
7 2 4
7 3 2
7 4 2
8 3 4
8 6 5
9 0 2
9 2 6
9 3 5
9 6 6
9 7 4
10 4 6
10 6 4
10 7 1
10 8 1
10 9 1
11 0 3
11 1 6
11 4 1
11 6 3
11 8 3
11 9 3
11 10 4
12 1 6
12 2 5
12 7 2
12 8 3
12 9 5
12 11 6
13 0 6
13 1 5
13 3 1
13 4 3
13 5 2
13 7 6
13 11 5
13 12 6
14 0 3
14 1 6
14 4 6
14 10 6
14 13 3
15 1 2
15 2 2
15 3 5
15 4 3
15 5 1
15 8 4
15 9 4
15 11 2
15 14 1
16 0 3
16 1 2
16 2 2
16 3 2
16 8 1
16 10 3
16 11 3
16 12 5
16 14 6
16 15 1
17 0 6
17 1 2
17 2 1
17 9 5
17 10 2
17 13 6
17 14 5
18 2 5
18 7 6
18 8 6
18 9 3
18 12 5
19 0 3
19 1 4
19 3 1
19 5 4
19 9 3
19 10 2
19 13 3
19 14 3
19 18 1
20 6 2
20 10 1
20 11 4
20 12 3
20 13 4
20 14 1
20 17 5
20 19 3
21 0 2
21 1 5
21 2 5
21 3 2
21 4 1
21 5 1
21 9 2
21 10 3
21 12 2
21 17 2
21 18 3
21 19 5
22 0 1
22 1 5
22 2 5
22 3 2
22 6 2
22 7 5
22 12 1
22 15 4
22 19 1
22 20 3
22 21 4
23 0 3
23 1 3
23 6 5
23 10 4
23 11 1
23 12 4
23 13 6
23 15 2
23 16 4
23 17 3
23 18 3
23 21 2
23 22 2
24 0 5
24 3 6
24 6 6
24 7 2
24 9 2
24 11 5
24 12 6
24 13 1
24 14 3
24 15 6
24 16 2
24 17 2
24 18 5
24 19 5
24 21 1
24 23 4
25 0 1
25 1 1
25 2 6
25 3 3
25 5 1
25 12 3
25 15 5
25 16 6
25 17 5
25 19 1
25 20 3
25 22 5
25 23 3
25 24 2
26 2 1
26 3 6
26 7 1
26 8 4
26 10 4
26 11 5
26 12 6
26 13 3
26 14 4
26 15 5
26 16 5
26 17 1
26 20 2
26 22 6
27 0 6
27 2 2
27 3 2
27 4 6
27 6 4
27 9 2
27 10 1
27 12 6
27 15 3
27 16 2
27 19 4
27 20 4
27 21 2
27 22 1
27 25 5
27 26 6
28 3 4
28 8 2
28 12 5
28 14 3
28 16 2
28 18 2
28 21 1
28 23 1
28 24 4
28 27 1
29 0 5
29 3 4
29 5 2
29 7 1
29 8 5
29 10 6
29 11 4
29 12 2
29 15 4
29 18 6
29 19 5
29 20 1
29 22 6
29 23 5
29 26 1
