30
1 0 7
2 0 7
2 1 3
3 0 1
3 1 5
3 2 4
4 0 5
4 1 3
4 2 2
4 3 3
5 0 5
5 1 3
5 2 1
5 3 7
5 4 7
6 0 6
6 1 5
6 2 6
6 3 1
6 4 6
6 5 4
7 0 1
7 1 1
7 2 1
7 3 6
7 4 3
7 5 5
7 6 4
8 0 4
8 1 2
8 2 3
8 3 4
8 4 4
8 5 6
8 6 1
8 7 5
9 0 6
9 1 6
9 2 2
9 3 3
9 4 6
9 5 2
9 6 2
9 7 3
9 8 4
10 0 4
10 1 1
10 2 6
10 3 7
10 4 2
10 5 2
10 6 4
10 7 5
10 8 3
10 9 2
11 0 7
11 1 2
11 2 7
11 3 4
11 4 7
11 5 3
11 6 3
11 7 5
11 8 5
11 9 3
11 10 2
12 0 1
12 1 5
12 2 3
12 3 4
12 4 7
12 5 1
12 6 3
12 7 1
12 8 5
12 9 1
12 10 3
12 11 7
13 0 6
13 1 3
13 2 1
13 3 7
13 4 4
13 5 6
13 6 7
13 7 7
13 8 3
13 9 4
13 10 6
13 11 5
13 12 5
14 0 2
14 1 3
14 2 6
14 3 5
14 4 7
14 5 5
14 6 6
14 7 4
14 8 2
14 9 4
14 10 6
14 11 1
14 12 7
14 13 4
15 0 6
15 1 5
15 2 7
15 3 2
15 4 7
15 5 5
15 6 3
15 7 2
15 8 6
15 9 2
15 10 2
15 11 3
15 12 5
15 13 5
15 14 7
16 0 5
16 1 3
16 2 4
16 3 7
16 4 4
16 5 7
16 6 4
16 7 2
16 8 1
16 9 1
16 10 2
16 11 6
16 12 2
16 13 4
16 14 6
16 15 2
17 0 2
17 1 5
17 2 4
17 3 1
17 4 1
17 5 2
17 6 4
17 7 2
17 8 6
17 9 5
17 10 5
17 11 4
17 12 3
17 13 7
17 14 7
17 15 1
17 16 1
18 0 1
18 1 5
18 2 1
18 3 2
18 4 4
18 5 7
18 6 7
18 7 2
18 8 4
18 9 6
18 10 3
18 11 5
18 12 4
18 13 1
18 14 2
18 15 5
18 16 4
18 17 3
19 0 4
19 1 1
19 2 1
19 3 7
19 4 2
19 5 7
19 6 6
19 7 6
19 8 1
19 9 2
19 10 1
19 11 6
19 12 7
19 13 4
19 14 7
19 15 1
19 16 3
19 17 4
19 18 1
20 0 6
20 1 7
20 2 1
20 3 5
20 4 5
20 5 6
20 6 3
20 7 1
20 8 6
20 9 4
20 10 5
20 11 4
20 12 5
20 13 3
20 14 1
20 15 3
20 16 2
20 17 6
20 18 3
20 19 6
21 0 2
21 1 3
21 2 5
21 3 3
21 4 6
21 5 3
21 6 1
21 7 1
21 8 5
21 9 2
21 10 5
21 11 2
21 12 3
21 13 1
21 14 3
21 15 2
21 16 4
21 17 1
21 18 6
21 19 5
21 20 3
22 0 6
22 1 7
22 2 7
22 3 7
22 4 5
22 5 6
22 6 6
22 7 3
22 8 2
22 9 2
22 10 1
22 11 2
22 12 4
22 13 7
22 14 1
22 15 1
22 16 4
22 17 7
22 18 6
22 19 4
22 20 6
22 21 6
23 0 6
23 1 7
23 2 2
23 3 6
23 4 2
23 5 7
23 6 1
23 7 7
23 8 7
23 9 1
23 10 2
23 11 7
23 12 3
23 13 6
23 14 5
23 15 4
23 16 1
23 17 1
23 18 5
23 19 1
23 20 3
23 21 3
23 22 2
24 0 4
24 1 2
24 2 1
24 3 1
24 4 1
24 5 5
24 6 6
24 7 6
24 8 3
24 9 7
24 10 7
24 11 4
24 12 1
24 13 5
24 14 5
24 15 6
24 16 1
24 17 3
24 18 5
24 19 7
24 20 2
24 21 2
24 22 5
24 23 1
25 0 6
25 1 4
25 2 3
25 3 5
25 4 7
25 5 7
25 6 4
25 7 4
25 8 3
25 9 3
25 10 2
25 11 7
25 12 6
25 13 6
25 14 7
25 15 4
25 16 5
25 17 5
25 18 4
25 19 7
25 20 3
25 21 1
25 22 5
25 23 2
25 24 6
26 0 3
26 1 1
26 2 1
26 3 3
26 4 6
26 5 3
26 6 2
26 7 1
26 8 5
26 9 6
26 10 7
26 11 2
26 12 7
26 13 6
26 14 6
26 15 1
26 16 7
26 17 7
26 18 5
26 19 1
26 20 1
26 21 5
26 22 3
26 23 1
26 24 7
26 25 7
27 0 7
27 1 3
27 2 4
27 3 3
27 4 2
27 5 4
27 6 1
27 7 6
27 8 5
27 9 5
27 10 6
27 11 1
27 12 3
27 13 6
27 14 7
27 15 7
27 16 1
27 17 4
27 18 5
27 19 6
27 20 5
27 21 1
27 22 4
27 23 7
27 24 7
27 25 7
27 26 6
28 0 7
28 1 4
28 2 5
28 3 5
28 4 7
28 5 4
28 6 6
28 7 3
28 8 2
28 9 1
28 10 2
28 11 6
28 12 3
28 13 5
28 14 1
28 15 7
28 16 2
28 17 1
28 18 5
28 19 4
28 20 7
28 21 7
28 22 4
28 23 2
28 24 7
28 25 4
28 26 7
28 27 5
29 0 2
29 1 6
29 2 7
29 3 2
29 4 5
29 5 7
29 6 1
29 7 5
29 8 3
29 9 2
29 10 2
29 11 3
29 12 5
29 13 1
29 14 1
29 15 5
29 16 4
29 17 5
29 18 6
29 19 2
29 20 4
29 21 2
29 22 5
29 23 6
29 24 7
29 25 6
29 26 2
29 27 7
29 28 4
