20
1 0 6
2 0 2
2 1 7
3 0 2
3 1 6
3 2 5
4 0 2
4 1 3
4 2 6
4 3 3
5 0 8
5 1 8
5 2 6
5 3 3
5 4 6
6 0 8
6 1 6
6 2 3
6 3 3
6 4 1
6 5 8
7 0 5
7 1 3
7 2 3
7 3 8
7 4 7
7 5 1
7 6 2
8 0 3
8 1 5
8 2 1
8 3 4
8 4 1
8 5 4
8 6 2
8 7 7
9 0 1
9 1 3
9 2 6
9 3 4
9 4 2
9 5 7
9 6 3
9 7 2
9 8 2
10 0 6
10 1 8
10 2 3
10 3 1
10 4 4
10 5 8
10 6 4
10 7 8
10 8 8
10 9 4
11 0 6
11 1 4
11 2 1
11 3 8
11 4 3
11 5 7
11 6 2
11 7 7
11 8 2
11 9 3
11 10 4
12 0 3
12 1 2
12 2 6
12 3 8
12 4 4
12 5 2
12 6 4
12 7 8
12 8 3
12 9 1
12 10 2
12 11 5
13 0 6
13 1 8
13 2 7
13 3 1
13 4 5
13 5 4
13 6 4
13 7 8
13 8 2
13 9 8
13 10 2
13 11 7
13 12 6
14 0 5
14 1 7
14 2 1
14 3 2
14 4 7
14 5 8
14 6 5
14 7 7
14 8 2
14 9 1
14 10 5
14 11 5
14 12 3
14 13 2
15 0 5
15 1 3
15 2 3
15 3 5
15 4 2
15 5 7
15 6 6
15 7 7
15 8 1
15 9 1
15 10 2
15 11 4
15 12 1
15 13 3
15 14 7
16 0 2
16 1 3
16 2 2
16 3 6
16 4 8
16 5 6
16 6 3
16 7 3
16 8 3
16 9 4
16 10 6
16 11 6
16 12 8
16 13 3
16 14 6
16 15 1
17 0 2
17 1 1
17 2 6
17 3 8
17 4 1
17 5 2
17 6 1
17 7 8
17 8 4
17 9 3
17 10 5
17 11 1
17 12 3
17 13 6
17 14 5
17 15 3
17 16 1
18 0 4
18 1 8
18 2 7
18 3 3
18 4 1
18 5 7
18 6 4
18 7 1
18 8 4
18 9 1
18 10 2
18 11 3
18 12 3
18 13 1
18 14 8
18 15 6
18 16 6
18 17 1
19 0 8
19 1 2
19 2 8
19 3 1
19 4 4
19 5 2
19 6 4
19 7 7
19 8 4
19 9 6
19 10 8
19 11 1
19 12 6
19 13 4
19 14 5
19 15 7
19 16 8
19 17 4
19 18 2
