20
2 0 11
2 1 2
3 0 9
3 1 8
3 2 10
4 0 7
4 3 3
5 0 1
5 2 1
6 4 5
6 5 1
7 0 11
7 1 1
7 4 1
8 0 6
8 6 2
8 7 6
9 1 4
9 3 7
9 4 8
9 6 1
9 7 6
9 8 6
10 0 1
10 1 10
10 5 9
10 9 10
11 3 8
11 7 2
11 9 9
12 1 2
12 3 5
12 5 1
12 7 4
12 8 3
12 10 1
13 0 9
13 2 6
13 5 8
13 6 4
13 7 2
13 8 6
13 10 9
13 11 6
13 12 9
14 0 3
14 1 7
14 2 5
14 3 8
14 5 8
14 9 9
14 10 4
14 11 1
14 13 11
15 1 7
15 4 4
15 6 9
15 7 2
15 8 2
15 11 8
15 13 4
16 1 7
16 3 6
16 9 11
16 12 1
16 14 11
17 1 11
17 2 7
17 3 10
17 5 10
17 6 3
17 7 4
17 8 10
17 9 7
17 14 11
17 15 7
17 16 11
18 3 8
18 5 5
18 6 7
18 7 5
18 8 5
18 9 11
18 10 4
18 11 10
18 12 8
18 13 10
18 15 6
19 1 1
19 2 5
19 9 9
19 10 10
19 11 6
19 12 10
19 15 4
19 16 10
19 18 6
