20
1 0 4
2 0 1
2 1 1
3 0 3
3 1 4
3 2 1
4 0 1
4 1 3
4 2 4
4 3 5
5 0 2
5 1 1
5 2 5
5 3 2
5 4 5
6 0 1
6 1 5
6 2 4
6 3 2
6 4 1
6 5 3
7 0 4
7 1 1
7 2 4
7 3 1
7 4 5
7 5 2
7 6 1
8 0 3
8 1 3
8 2 3
8 3 2
8 4 3
8 5 1
8 6 3
8 7 1
9 0 2
9 1 3
9 2 4
9 3 5
9 4 1
9 5 4
9 6 1
9 7 5
9 8 5
10 0 2
10 1 1
10 2 4
10 3 2
10 4 3
10 5 1
10 6 3
10 7 4
10 8 4
10 9 5
11 0 3
11 1 4
11 2 2
11 3 2
11 4 1
11 5 3
11 6 4
11 7 2
11 8 5
11 9 2
11 10 5
12 0 3
12 1 2
12 2 5
12 3 3
12 4 4
12 5 1
12 6 1
12 7 1
12 8 4
12 9 5
12 10 5
12 11 1
13 0 5
13 1 4
13 2 1
13 3 1
13 4 4
13 5 4
13 6 1
13 7 3
13 8 5
13 9 2
13 10 2
13 11 1
13 12 3
14 0 3
14 1 3
14 2 1
14 3 5
14 4 3
14 5 1
14 6 4
14 7 2
14 8 2
14 9 4
14 10 3
14 11 4
14 12 1
14 13 3
15 0 1
15 1 4
15 2 2
15 3 1
15 4 4
15 5 5
15 6 5
15 7 1
15 8 4
15 9 5
15 10 1
15 11 2
15 12 4
15 13 1
15 14 2
16 0 4
16 1 1
16 2 5
16 3 1
16 4 3
16 5 5
16 6 2
16 7 5
16 8 2
16 9 2
16 10 2
16 11 5
16 12 4
16 13 3
16 14 4
16 15 2
17 0 5
17 1 2
17 2 5
17 3 5
17 4 2
17 5 4
17 6 1
17 7 5
17 8 1
17 9 1
17 10 4
17 11 4
17 12 5
17 13 3
17 14 4
17 15 4
17 16 1
18 0 3
18 1 3
18 2 5
18 3 5
18 4 4
18 5 2
18 6 5
18 7 1
18 8 4
18 9 5
18 10 2
18 11 4
18 12 1
18 13 3
18 14 5
18 15 2
18 16 5
18 17 4
19 0 4
19 1 5
19 2 4
19 3 5
19 4 4
19 5 5
19 6 4
19 7 1
19 8 4
19 9 3
19 10 4
19 11 2
19 12 3
19 13 2
19 14 2
19 15 4
19 16 4
19 17 4
19 18 4
