70
1 0 13
2 0 13
3 0 11
3 2 5
4 0 3
4 1 14
4 2 7
5 0 3
5 3 14
5 4 14
6 0 10
6 1 6
6 2 9
7 0 2
7 1 6
7 4 1
7 5 13
8 0 10
8 1 13
8 2 8
8 7 5
9 0 4
9 1 11
9 7 8
9 8 2
10 2 11
10 4 14
10 6 13
10 7 14
11 4 12
11 8 8
11 10 13
12 1 13
12 2 9
12 3 14
12 9 3
12 10 3
12 11 8
13 1 11
13 5 3
13 7 11
13 8 11
13 10 12
13 11 4
13 12 6
14 1 1
14 2 13
14 4 2
14 7 11
14 9 14
14 11 13
14 12 5
14 13 5
15 1 10
15 5 8
15 10 10
15 13 6
15 14 14
16 0 10
16 2 1
16 3 5
16 12 4
16 15 4
17 1 4
17 4 4
17 7 6
17 8 11
17 9 7
17 13 7
17 16 7
18 3 12
18 4 3
18 5 12
18 7 8
18 8 11
18 9 14
18 10 3
18 13 14
18 17 8
19 2 3
19 3 4
19 4 4
19 5 5
19 7 5
19 9 11
19 10 13
19 12 6
19 13 8
19 14 6
19 15 8
19 17 10
20 2 3
20 5 2
20 10 11
20 12 11
20 13 8
20 14 10
20 15 1
20 18 5
21 0 8
21 2 11
21 5 7
21 7 6
21 11 5
21 12 8
21 13 1
21 15 9
21 16 12
21 17 3
21 18 5
21 19 1
22 0 7
22 1 3
22 2 1
22 5 2
22 8 7
22 9 6
22 10 11
22 12 3
22 13 12
22 15 7
22 17 11
22 19 12
23 2 10
23 6 1
23 12 9
23 17 12
23 18 13
23 21 7
23 22 2
24 1 11
24 2 4
24 3 5
24 5 14
24 6 5
24 7 9
24 11 9
24 12 12
24 17 2
24 18 1
24 19 9
24 21 8
24 22 12
25 3 12
25 4 4
25 6 14
25 11 9
25 13 7
25 14 11
25 16 7
25 18 9
25 19 12
25 21 10
25 23 1
25 24 2
26 1 5
26 3 1
26 5 7
26 10 5
26 12 9
26 14 6
26 15 11
26 16 11
26 17 3
26 18 6
26 19 4
26 21 9
26 22 9
26 24 4
26 25 12
27 1 2
27 3 5
27 4 5
27 5 10
27 6 13
27 7 8
27 9 2
27 11 3
27 12 10
27 13 9
27 14 4
27 16 6
27 18 9
27 19 3
27 20 6
27 21 2
27 25 2
27 26 1
28 1 6
28 2 4
28 3 10
28 4 5
28 5 3
28 7 7
28 8 3
28 9 13
28 10 6
28 11 1
28 14 10
28 16 14
28 19 14
28 20 4
28 21 2
28 22 5
28 23 5
28 27 5
29 0 14
29 1 10
29 3 4
29 6 4
29 7 3
29 8 5
29 9 8
29 11 11
29 12 12
29 13 6
29 16 13
29 18 12
29 19 12
29 20 5
29 22 6
29 23 8
29 24 12
29 25 11
29 26 12
29 28 11
30 0 5
30 1 6
30 5 4
30 6 7
30 10 10
30 11 6
30 14 12
30 15 9
30 17 4
30 18 8
30 20 12
30 22 3
30 25 3
30 26 13
30 27 13
30 29 5
31 1 12
31 2 1
31 3 10
31 4 6
31 5 14
31 7 3
31 9 5
31 10 14
31 11 2
31 15 8
31 18 10
31 22 7
31 24 12
31 25 4
31 27 1
31 28 3
31 30 5
32 0 6
32 1 1
32 2 8
32 3 4
32 5 9
32 6 4
32 9 6
32 10 9
32 13 8
32 15 2
32 19 6
32 23 6
32 25 13
32 26 2
32 27 10
32 31 2
33 1 1
33 3 6
33 4 3
33 5 11
33 6 12
33 7 7
33 10 3
33 11 8
33 14 13
33 15 2
33 20 6
33 21 7
33 25 6
33 26 7
33 28 6
33 29 5
34 0 11
34 1 10
34 2 12
34 3 12
34 4 1
34 5 5
34 6 13
34 9 9
34 10 14
34 11 9
34 12 9
34 14 4
34 18 3
34 21 10
34 22 12
34 24 9
34 25 10
34 27 6
34 29 13
34 30 3
34 31 1
34 32 7
34 33 6
35 1 3
35 2 3
35 4 2
35 5 5
35 6 2
35 8 13
35 10 14
35 11 7
35 12 10
35 14 13
35 16 5
35 17 8
35 19 1
35 22 10
35 24 2
35 28 12
35 29 11
35 31 3
36 1 6
36 4 12
36 6 5
36 7 2
36 9 5
36 10 7
36 13 4
36 14 10
36 19 14
36 21 11
36 22 13
36 23 11
36 26 1
36 27 3
36 28 3
36 29 7
36 32 2
36 33 5
36 34 3
36 35 4
37 0 12
37 1 10
37 2 4
37 5 10
37 8 3
37 10 9
37 11 3
37 13 8
37 14 10
37 15 4
37 17 7
37 19 5
37 20 7
37 23 8
37 26 4
37 28 2
37 29 13
37 31 7
37 32 13
37 35 4
37 36 8
38 0 6
38 5 6
38 6 13
38 10 12
38 11 2
38 13 11
38 14 9
38 15 9
38 16 12
38 18 13
38 20 1
38 21 9
38 22 12
38 23 3
38 24 6
38 26 12
38 30 5
38 34 5
38 35 13
38 37 11
39 0 4
39 2 1
39 4 5
39 5 5
39 7 12
39 8 6
39 9 7
39 12 1
39 13 9
39 15 14
39 17 11
39 18 12
39 19 6
39 20 11
39 21 12
39 22 4
39 23 11
39 26 14
39 27 10
39 28 3
39 29 9
39 35 3
39 36 13
39 37 10
40 2 6
40 5 6
40 6 12
40 7 3
40 8 2
40 9 7
40 12 2
40 13 8
40 14 1
40 18 5
40 20 10
40 24 9
40 26 10
40 27 3
40 29 5
40 32 2
40 35 11
40 38 9
41 1 9
41 6 12
41 7 7
41 8 8
41 9 4
41 10 11
41 11 6
41 13 10
41 15 7
41 17 5
41 22 1
41 23 5
41 27 10
41 28 5
41 29 2
41 30 12
41 32 8
41 36 7
42 0 2
42 2 6
42 4 4
42 5 1
42 6 13
42 7 11
42 8 11
42 10 5
42 11 13
42 12 12
42 17 5
42 19 11
42 20 9
42 22 5
42 24 10
42 29 12
42 30 13
42 33 6
42 34 7
42 35 10
42 38 6
42 39 1
42 40 8
42 41 8
43 5 1
43 7 2
43 9 9
43 11 10
43 16 9
43 17 14
43 21 6
43 28 8
43 29 4
43 30 2
43 32 8
43 33 6
43 35 8
43 36 1
43 37 9
43 41 14
43 42 4
44 0 11
44 1 12
44 2 4
44 3 1
44 4 8
44 5 14
44 7 11
44 8 5
44 9 2
44 11 11
44 13 7
44 16 4
44 17 8
44 19 11
44 20 1
44 22 4
44 23 4
44 26 13
44 27 1
44 28 10
44 30 4
44 33 12
44 35 7
44 37 5
44 38 14
44 39 4
44 40 3
45 0 8
45 3 4
45 4 11
45 5 5
45 7 6
45 11 5
45 15 11
45 16 4
45 17 6
45 18 1
45 20 6
45 21 10
45 25 10
45 28 14
45 29 6
45 30 11
45 31 2
45 32 11
45 34 12
45 36 12
45 38 12
45 40 8
45 42 5
45 43 14
46 1 5
46 2 2
46 3 6
46 4 5
46 5 10
46 6 3
46 8 5
46 9 6
46 11 1
46 12 7
46 13 14
46 14 1
46 15 5
46 16 10
46 18 2
46 20 9
46 21 5
46 23 1
46 24 1
46 25 1
46 26 11
46 29 3
46 30 12
46 33 6
46 35 14
46 36 11
46 38 14
46 39 8
46 40 9
46 43 7
47 0 10
47 2 10
47 3 10
47 8 9
47 9 6
47 10 8
47 12 1
47 13 4
47 16 4
47 18 8
47 21 3
47 22 6
47 25 11
47 26 2
47 29 6
47 36 14
47 37 6
47 38 13
47 40 1
47 41 14
47 42 5
47 43 13
47 46 11
48 1 1
48 2 8
48 3 7
48 4 9
48 6 4
48 7 1
48 8 5
48 9 3
48 10 10
48 12 11
48 13 12
48 17 5
48 20 4
48 21 10
48 22 11
48 24 3
48 25 11
48 27 11
48 28 3
48 30 4
48 31 8
48 36 2
48 37 13
48 38 14
48 39 2
48 42 13
48 45 6
48 46 9
49 0 4
49 1 10
49 5 9
49 6 13
49 7 11
49 12 14
49 14 9
49 15 13
49 16 7
49 18 8
49 21 5
49 23 6
49 24 12
49 25 3
49 31 3
49 34 2
49 36 3
49 37 2
49 39 3
49 40 9
49 41 5
49 42 14
49 43 5
49 44 4
49 45 13
49 46 13
49 47 6
49 48 13
50 1 3
50 2 8
50 7 14
50 8 4
50 12 12
50 14 12
50 17 13
50 24 4
50 26 10
50 28 12
50 29 4
50 30 3
50 31 14
50 33 14
50 34 12
50 35 4
50 36 5
50 38 5
50 39 7
50 40 13
50 41 14
50 42 12
50 43 3
50 44 14
50 45 12
50 47 6
50 49 10
51 5 12
51 6 12
51 9 10
51 13 2
51 18 12
51 21 12
51 23 14
51 28 7
51 29 10
51 30 9
51 32 4
51 35 12
51 36 7
51 37 6
51 39 5
51 41 8
51 43 8
51 44 10
51 48 5
51 49 13
51 50 5
52 1 5
52 2 10
52 4 14
52 6 13
52 8 11
52 9 11
52 10 10
52 11 8
52 17 12
52 18 10
52 19 12
52 21 6
52 22 11
52 24 14
52 25 13
52 26 4
52 28 6
52 30 13
52 32 10
52 37 7
52 38 9
52 39 4
52 40 1
52 41 2
52 43 12
52 46 2
52 48 7
52 49 9
52 50 7
53 0 8
53 1 11
53 3 1
53 4 5
53 5 11
53 8 3
53 9 10
53 10 12
53 13 14
53 15 3
53 17 13
53 18 5
53 21 10
53 23 13
53 25 3
53 26 9
53 29 13
53 33 7
53 34 11
53 36 14
53 37 12
53 38 9
53 39 9
53 40 14
53 41 9
53 42 2
53 45 8
53 48 13
53 52 9
54 0 12
54 4 6
54 5 12
54 7 12
54 9 11
54 11 13
54 15 9
54 16 14
54 18 3
54 22 7
54 23 12
54 24 10
54 25 2
54 26 3
54 27 5
54 31 3
54 32 1
54 33 3
54 34 14
54 39 4
54 42 14
54 43 3
54 49 10
54 51 14
55 0 14
55 2 14
55 3 3
55 4 11
55 6 9
55 8 5
55 17 7
55 18 2
55 19 13
55 20 11
55 26 3
55 27 12
55 28 5
55 31 4
55 32 13
55 33 12
55 35 5
55 36 5
55 38 11
55 39 11
55 40 6
55 41 1
55 45 5
55 46 1
55 47 3
55 50 13
56 1 14
56 2 3
56 7 6
56 8 11
56 9 11
56 10 6
56 11 7
56 12 6
56 13 7
56 17 2
56 20 14
56 21 1
56 22 1
56 23 12
56 25 6
56 28 9
56 29 14
56 30 7
56 31 11
56 33 9
56 36 12
56 38 2
56 40 9
56 43 9
56 45 1
56 47 12
56 48 14
56 52 4
56 53 7
56 55 4
57 1 9
57 4 10
57 7 1
57 8 14
57 12 3
57 14 10
57 15 13
57 17 11
57 21 1
57 24 14
57 26 13
57 30 13
57 32 1
57 33 14
57 34 5
57 37 13
57 41 6
57 42 7
57 50 7
57 52 2
57 53 11
58 1 9
58 3 7
58 5 14
58 6 8
58 7 13
58 9 1
58 11 9
58 12 12
58 15 7
58 19 9
58 21 3
58 24 11
58 27 9
58 28 11
58 29 3
58 32 10
58 33 7
58 35 11
58 36 2
58 38 7
58 43 10
58 47 13
58 49 7
58 50 10
58 54 3
58 57 1
59 0 1
59 2 6
59 4 7
59 5 6
59 7 5
59 8 5
59 10 13
59 18 1
59 19 3
59 21 2
59 22 7
59 27 8
59 29 2
59 30 9
59 32 3
59 35 14
59 37 10
59 38 9
59 40 11
59 44 3
59 45 3
59 46 13
59 49 3
59 55 8
60 0 6
60 1 1
60 2 4
60 4 11
60 5 11
60 6 2
60 7 8
60 8 1
60 15 4
60 16 2
60 18 6
60 20 11
60 23 3
60 25 14
60 27 6
60 29 9
60 30 9
60 32 3
60 35 1
60 38 7
60 39 11
60 40 4
60 42 8
60 44 2
60 46 2
60 47 6
60 50 1
60 53 10
60 54 2
60 55 11
60 56 2
61 1 9
61 2 5
61 4 9
61 5 2
61 9 9
61 11 14
61 12 8
61 13 14
61 16 7
61 19 2
61 21 10
61 23 11
61 24 7
61 27 11
61 28 13
61 30 8
61 31 14
61 35 11
61 38 9
61 40 11
61 43 8
61 44 8
61 48 12
61 49 6
61 50 14
61 51 9
61 53 8
61 54 1
61 55 10
61 58 12
62 0 4
62 1 2
62 5 1
62 6 11
62 8 8
62 10 1
62 13 7
62 14 12
62 16 14
62 18 13
62 20 12
62 24 11
62 25 8
62 26 2
62 27 8
62 29 8
62 32 4
62 34 10
62 36 4
62 39 9
62 41 10
62 42 3
62 44 5
62 45 11
62 46 14
62 49 2
62 50 2
62 52 7
62 53 12
62 54 14
62 56 3
62 58 7
62 60 14
62 61 10
63 0 9
63 1 12
63 3 1
63 5 13
63 9 13
63 11 2
63 14 10
63 15 1
63 16 10
63 17 4
63 19 7
63 20 3
63 21 8
63 23 6
63 26 4
63 30 10
63 35 13
63 37 6
63 38 7
63 39 7
63 45 13
63 46 1
63 47 5
63 48 13
63 49 10
63 50 8
63 51 9
63 54 7
63 55 6
63 57 5
63 58 1
64 1 9
64 2 8
64 4 2
64 6 10
64 11 6
64 12 7
64 14 5
64 17 1
64 18 12
64 20 10
64 28 13
64 30 9
64 31 7
64 35 9
64 36 10
64 37 8
64 39 3
64 41 10
64 42 12
64 43 9
64 44 10
64 45 6
64 46 10
64 53 2
64 54 9
64 57 7
64 58 14
64 59 14
64 60 5
64 61 1
64 63 14
65 1 14
65 2 6
65 5 5
65 7 3
65 8 1
65 9 2
65 15 10
65 21 7
65 23 5
65 24 1
65 26 14
65 28 10
65 29 10
65 30 9
65 34 14
65 36 1
65 37 11
65 38 2
65 40 6
65 44 14
65 45 14
65 46 4
65 47 3
65 48 6
65 51 11
65 52 3
65 55 3
65 56 9
65 58 4
65 59 6
65 63 10
66 0 7
66 1 4
66 2 4
66 7 1
66 9 12
66 12 1
66 13 6
66 14 8
66 16 8
66 18 12
66 20 1
66 21 2
66 23 1
66 24 5
66 25 9
66 28 1
66 29 4
66 31 2
66 35 7
66 39 7
66 41 6
66 45 4
66 49 8
66 52 4
66 53 3
66 54 11
66 55 14
66 58 11
66 62 9
66 64 1
67 2 10
67 3 3
67 4 4
67 6 2
67 7 14
67 8 5
67 9 1
67 10 13
67 11 3
67 13 6
67 15 12
67 16 12
67 19 2
67 20 5
67 22 13
67 23 10
67 24 4
67 25 12
67 26 10
67 28 5
67 30 1
67 32 7
67 33 7
67 34 3
67 37 6
67 38 1
67 39 12
67 41 7
67 43 6
67 44 4
67 45 11
67 49 12
67 50 4
67 55 5
67 57 7
67 59 10
67 61 6
67 62 11
67 63 9
67 65 8
67 66 12
68 0 11
68 3 4
68 4 11
68 6 7
68 11 10
68 14 2
68 15 9
68 16 13
68 18 12
68 19 11
68 21 14
68 22 6
68 23 1
68 25 6
68 26 12
68 33 3
68 36 10
68 38 6
68 39 13
68 40 13
68 42 2
68 45 1
68 46 12
68 50 10
68 51 2
68 55 3
68 56 6
68 58 9
68 59 3
68 62 3
68 63 6
68 65 9
69 0 8
69 1 1
69 2 3
69 3 10
69 9 10
69 11 14
69 13 8
69 15 13
69 17 11
69 19 2
69 23 3
69 28 14
69 29 2
69 34 2
69 36 13
69 39 3
69 40 7
69 42 14
69 43 1
69 44 9
69 46 5
69 48 8
69 51 5
69 52 3
69 54 14
69 55 10
69 56 12
69 57 3
69 58 7
69 60 11
69 61 3
69 63 4
69 64 4
69 65 14
69 66 3
69 67 12
69 68 10
