40
1 0 7
2 0 6
2 1 4
3 0 2
3 1 3
3 2 3
4 0 2
4 1 2
4 2 4
4 3 1
5 0 3
5 1 2
5 2 5
5 3 4
5 4 4
6 0 4
6 1 3
6 2 7
6 3 5
6 4 4
6 5 2
7 0 4
7 1 1
7 2 5
7 3 7
7 4 7
7 5 4
7 6 6
8 0 4
8 1 1
8 2 2
8 3 7
8 4 5
8 5 7
8 6 3
8 7 3
9 0 1
9 1 3
9 2 3
9 3 2
9 4 2
9 5 1
9 6 5
9 7 6
9 8 4
10 0 6
10 1 5
10 2 6
10 3 6
10 4 4
10 5 3
10 6 3
10 7 7
10 8 2
10 9 7
11 0 3
11 1 2
11 2 5
11 3 3
11 4 1
11 5 7
11 6 6
11 7 3
11 8 1
11 9 5
11 10 7
12 0 3
12 1 1
12 2 3
12 3 2
12 4 2
12 5 6
12 6 2
12 7 6
12 8 3
12 9 4
12 10 2
12 11 2
13 0 1
13 1 1
13 2 3
13 3 6
13 4 4
13 5 1
13 6 2
13 7 7
13 8 4
13 9 1
13 10 4
13 11 1
13 12 3
14 0 4
14 1 6
14 2 4
14 3 4
14 4 2
14 5 1
14 6 2
14 7 5
14 8 1
14 9 4
14 10 5
14 11 2
14 12 4
14 13 6
15 0 7
15 1 6
15 2 4
15 3 3
15 4 3
15 5 6
15 6 3
15 7 2
15 8 1
15 9 5
15 10 5
15 11 7
15 12 4
15 13 1
15 14 7
16 0 7
16 1 4
16 2 5
16 3 1
16 4 2
16 5 2
16 6 4
16 7 5
16 8 4
16 9 3
16 10 3
16 11 7
16 12 6
16 13 6
16 14 4
16 15 3
17 0 4
17 1 4
17 2 1
17 3 2
17 4 6
17 5 7
17 6 7
17 7 4
17 8 4
17 9 1
17 10 3
17 11 4
17 12 7
17 13 1
17 14 3
17 15 5
17 16 7
18 0 3
18 1 6
18 2 1
18 3 6
18 4 2
18 5 2
18 6 1
18 7 5
18 8 1
18 9 1
18 10 5
18 11 7
18 12 2
18 13 5
18 14 2
18 15 7
18 16 1
18 17 6
19 0 5
19 1 3
19 2 5
19 3 1
19 4 3
19 5 2
19 6 4
19 7 3
19 8 2
19 9 6
19 10 6
19 11 1
19 12 4
19 13 3
19 14 2
19 15 2
19 16 3
19 17 6
19 18 6
20 0 1
20 1 5
20 2 7
20 3 6
20 4 2
20 5 1
20 6 3
20 7 7
20 8 7
20 9 3
20 10 7
20 11 2
20 12 1
20 13 5
20 14 6
20 15 3
20 16 7
20 17 6
20 18 7
20 19 3
21 0 2
21 1 6
21 2 5
21 3 1
21 4 3
21 5 3
21 6 2
21 7 1
21 8 1
21 9 6
21 10 7
21 11 5
21 12 2
21 13 3
21 14 1
21 15 3
21 16 2
21 17 2
21 18 1
21 19 2
21 20 3
22 0 6
22 1 2
22 2 5
22 3 5
22 4 4
22 5 2
22 6 4
22 7 5
22 8 3
22 9 5
22 10 3
22 11 2
22 12 1
22 13 7
22 14 4
22 15 6
22 16 3
22 17 5
22 18 5
22 19 5
22 20 5
22 21 4
23 0 5
23 1 1
23 2 2
23 3 7
23 4 3
23 5 5
23 6 2
23 7 6
23 8 2
23 9 5
23 10 7
23 11 1
23 12 7
23 13 7
23 14 4
23 15 2
23 16 7
23 17 5
23 18 3
23 19 7
23 20 5
23 21 6
23 22 2
24 0 2
24 1 7
24 2 6
24 3 5
24 4 3
24 5 1
24 6 3
24 7 5
24 8 1
24 9 5
24 10 2
24 11 1
24 12 6
24 13 7
24 14 4
24 15 3
24 16 4
24 17 2
24 18 4
24 19 2
24 20 3
24 21 1
24 22 6
24 23 1
25 0 1
25 1 2
25 2 4
25 3 5
25 4 6
25 5 5
25 6 2
25 7 3
25 8 2
25 9 1
25 10 3
25 11 1
25 12 2
25 13 6
25 14 6
25 15 3
25 16 4
25 17 1
25 18 7
25 19 7
25 20 3
25 21 2
25 22 3
25 23 5
25 24 1
26 0 4
26 1 1
26 2 6
26 3 2
26 4 5
26 5 4
26 6 2
26 7 2
26 8 6
26 9 7
26 10 7
26 11 5
26 12 2
26 13 3
26 14 7
26 15 3
26 16 2
26 17 6
26 18 5
26 19 1
26 20 5
26 21 7
26 22 6
26 23 7
26 24 3
26 25 2
27 0 3
27 1 5
27 2 3
27 3 6
27 4 2
27 5 1
27 6 4
27 7 5
27 8 3
27 9 6
27 10 4
27 11 4
27 12 5
27 13 1
27 14 1
27 15 4
27 16 5
27 17 5
27 18 1
27 19 2
27 20 3
27 21 5
27 22 3
27 23 4
27 24 5
27 25 4
27 26 5
28 0 5
28 1 3
28 2 7
28 3 1
28 4 7
28 5 2
28 6 7
28 7 1
28 8 7
28 9 5
28 10 2
28 11 5
28 12 7
28 13 5
28 14 5
28 15 5
28 16 5
28 17 3
28 18 1
28 19 6
28 20 1
28 21 5
28 22 3
28 23 3
28 24 7
28 25 3
28 26 1
28 27 1
29 0 1
29 1 5
29 2 6
29 3 2
29 4 3
29 5 3
29 6 1
29 7 7
29 8 4
29 9 2
29 10 7
29 11 6
29 12 3
29 13 1
29 14 7
29 15 4
29 16 3
29 17 5
29 18 7
29 19 7
29 20 3
29 21 4
29 22 2
29 23 6
29 24 5
29 25 3
29 26 4
29 27 5
29 28 5
30 0 3
30 1 7
30 2 4
30 3 5
30 4 6
30 5 5
30 6 6
30 7 3
30 8 6
30 9 5
30 10 1
30 11 7
30 12 6
30 13 2
30 14 2
30 15 1
30 16 4
30 17 3
30 18 4
30 19 2
30 20 3
30 21 6
30 22 1
30 23 1
30 24 4
30 25 2
30 26 3
30 27 5
30 28 5
30 29 4
31 0 2
31 1 2
31 2 2
31 3 5
31 4 3
31 5 7
31 6 6
31 7 2
31 8 1
31 9 4
31 10 3
31 11 1
31 12 3
31 13 2
31 14 2
31 15 1
31 16 2
31 17 6
31 18 5
31 19 6
31 20 1
31 21 5
31 22 3
31 23 7
31 24 2
31 25 6
31 26 5
31 27 6
31 28 6
31 29 3
31 30 6
32 0 4
32 1 7
32 2 6
32 3 7
32 4 6
32 5 2
32 6 4
32 7 4
32 8 3
32 9 2
32 10 1
32 11 1
32 12 6
32 13 7
32 14 2
32 15 2
32 16 2
32 17 1
32 18 3
32 19 3
32 20 4
32 21 1
32 22 7
32 23 1
32 24 5
32 25 6
32 26 6
32 27 4
32 28 4
32 29 7
32 30 6
32 31 7
33 0 3
33 1 1
33 2 5
33 3 1
33 4 4
33 5 7
33 6 6
33 7 3
33 8 3
33 9 6
33 10 5
33 11 3
33 12 6
33 13 3
33 14 6
33 15 4
33 16 7
33 17 4
33 18 3
33 19 2
33 20 1
33 21 4
33 22 5
33 23 2
33 24 2
33 25 1
33 26 4
33 27 6
33 28 2
33 29 3
33 30 5
33 31 6
33 32 7
34 0 2
34 1 4
34 2 6
34 3 4
34 4 7
34 5 3
34 6 3
34 7 6
34 8 6
34 9 4
34 10 6
34 11 2
34 12 6
34 13 2
34 14 2
34 15 2
34 16 6
34 17 7
34 18 2
34 19 3
34 20 2
34 21 6
34 22 4
34 23 2
34 24 4
34 25 7
34 26 7
34 27 7
34 28 1
34 29 6
34 30 4
34 31 3
34 32 1
34 33 4
35 0 1
35 1 1
35 2 3
35 3 1
35 4 2
35 5 2
35 6 2
35 7 3
35 8 6
35 9 3
35 10 6
35 11 7
35 12 4
35 13 4
35 14 1
35 15 4
35 16 3
35 17 7
35 18 6
35 19 7
35 20 1
35 21 7
35 22 1
35 23 1
35 24 6
35 25 4
35 26 2
35 27 5
35 28 7
35 29 7
35 30 7
35 31 5
35 32 5
35 33 5
35 34 7
36 0 1
36 1 1
36 2 2
36 3 7
36 4 3
36 5 2
36 6 1
36 7 3
36 8 2
36 9 7
36 10 7
36 11 6
36 12 6
36 13 7
36 14 1
36 15 2
36 16 2
36 17 6
36 18 5
36 19 2
36 20 3
36 21 3
36 22 6
36 23 4
36 24 5
36 25 6
36 26 6
36 27 4
36 28 4
36 29 7
36 30 3
36 31 6
36 32 2
36 33 5
36 34 7
36 35 7
37 0 5
37 1 1
37 2 7
37 3 5
37 4 7
37 5 7
37 6 1
37 7 1
37 8 4
37 9 1
37 10 6
37 11 2
37 12 2
37 13 1
37 14 7
37 15 7
37 16 4
37 17 2
37 18 2
37 19 7
37 20 6
37 21 6
37 22 2
37 23 2
37 24 1
37 25 6
37 26 1
37 27 5
37 28 1
37 29 3
37 30 2
37 31 3
37 32 6
37 33 3
37 34 1
37 35 5
37 36 7
38 0 1
38 1 1
38 2 5
38 3 7
38 4 3
38 5 3
38 6 2
38 7 5
38 8 2
38 9 6
38 10 2
38 11 4
38 12 5
38 13 4
38 14 3
38 15 2
38 16 4
38 17 4
38 18 3
38 19 2
38 20 2
38 21 3
38 22 5
38 23 6
38 24 5
38 25 2
38 26 1
38 27 5
38 28 1
38 29 5
38 30 3
38 31 1
38 32 3
38 33 5
38 34 5
38 35 4
38 36 6
38 37 1
39 0 1
39 1 3
39 2 4
39 3 4
39 4 6
39 5 3
39 6 3
39 7 1
39 8 6
39 9 4
39 10 4
39 11 6
39 12 5
39 13 3
39 14 2
39 15 1
39 16 5
39 17 1
39 18 6
39 19 2
39 20 1
39 21 3
39 22 6
39 23 3
39 24 3
39 25 3
39 26 7
39 27 1
39 28 6
39 29 6
39 30 2
39 31 5
39 32 2
39 33 7
39 34 3
39 35 4
39 36 1
39 37 4
39 38 3
