70
3 0 3
4 1 6
4 2 9
4 3 11
5 0 8
5 1 3
5 2 10
5 4 6
6 2 6
6 4 10
7 0 11
7 1 13
7 2 1
7 3 2
7 5 3
8 0 9
8 1 8
8 3 14
8 5 13
9 0 4
9 3 11
9 8 6
10 0 7
10 2 5
10 3 5
10 5 13
10 8 6
11 0 12
11 1 10
11 3 2
11 4 8
11 5 4
11 6 6
11 7 4
11 8 7
12 1 13
12 4 11
12 5 3
12 7 13
12 9 4
12 10 2
12 11 1
13 0 3
13 4 14
13 5 13
13 7 1
13 8 9
13 10 13
13 11 14
13 12 4
14 0 6
14 4 3
14 7 6
14 9 10
14 10 11
14 13 11
15 0 10
15 1 9
15 3 14
15 4 10
15 5 11
15 7 4
15 10 1
15 11 4
15 14 8
16 0 2
16 1 2
16 5 4
16 6 5
17 0 14
17 1 13
17 3 3
17 4 12
17 5 12
17 7 10
17 9 12
17 10 8
17 11 8
17 13 6
17 14 3
17 16 8
18 0 5
18 1 9
18 2 7
18 3 3
18 9 4
18 10 2
18 11 14
18 12 3
18 13 12
18 16 10
18 17 8
19 2 8
19 3 9
19 4 11
19 5 14
19 7 9
19 8 13
19 10 13
19 11 6
19 14 3
19 15 5
19 16 2
19 18 13
20 1 13
20 3 4
20 5 8
20 6 8
20 11 13
20 12 11
20 13 11
20 14 13
20 17 12
20 18 9
21 0 7
21 1 14
21 2 8
21 3 3
21 5 2
21 7 14
21 9 14
21 12 1
21 13 5
21 14 5
21 18 5
21 19 8
21 20 13
22 0 2
22 1 9
22 2 7
22 3 6
22 4 2
22 5 2
22 8 5
22 10 11
22 12 1
22 13 7
22 14 10
22 16 6
22 17 9
22 18 13
23 1 13
23 2 5
23 3 7
23 4 6
23 7 4
23 8 9
23 10 14
23 12 8
23 13 4
23 15 4
23 16 1
23 17 3
23 18 3
24 2 12
24 3 4
24 4 9
24 5 5
24 6 5
24 7 10
24 10 10
24 12 2
24 14 3
24 15 11
24 18 10
24 23 2
25 0 2
25 1 3
25 8 1
25 9 12
25 10 10
25 14 8
25 17 4
25 18 4
25 19 5
26 0 12
26 1 12
26 2 3
26 3 8
26 4 3
26 9 9
26 10 5
26 14 4
26 18 3
26 19 4
26 22 11
26 24 14
26 25 11
27 0 2
27 1 5
27 3 13
27 10 8
27 11 5
27 13 6
27 14 3
27 15 8
27 16 6
27 17 8
27 18 5
27 19 5
27 24 7
27 26 6
28 0 8
28 1 1
28 3 14
28 4 9
28 6 4
28 7 4
28 8 12
28 9 1
28 10 3
28 11 11
28 12 13
28 13 4
28 15 5
28 16 2
28 17 3
28 19 10
28 20 1
28 21 11
28 25 11
28 27 5
29 1 4
29 2 10
29 3 2
29 7 9
29 8 9
29 9 3
29 11 9
29 12 2
29 15 6
29 17 12
29 18 5
29 20 2
29 22 14
29 23 14
30 0 12
30 2 12
30 5 11
30 7 12
30 10 13
30 11 4
30 12 2
30 13 14
30 14 3
30 15 5
30 16 5
30 27 8
30 28 11
30 29 13
31 3 10
31 4 12
31 6 11
31 10 10
31 13 14
31 15 11
31 16 14
31 19 3
31 20 5
31 27 4
31 28 4
31 29 5
32 1 11
32 3 7
32 4 1
32 5 1
32 6 12
32 7 11
32 8 6
32 10 6
32 14 7
32 17 8
32 18 1
32 19 3
32 20 5
32 21 12
32 25 4
32 26 6
32 27 3
32 28 12
33 1 12
33 2 5
33 3 14
33 5 6
33 6 2
33 7 4
33 11 2
33 13 3
33 15 8
33 18 5
33 19 13
33 20 2
33 22 2
33 24 8
33 25 9
33 26 6
33 27 2
33 28 1
33 29 6
33 30 4
33 31 14
33 32 14
34 0 9
34 1 3
34 2 5
34 3 12
34 4 10
34 5 12
34 8 3
34 10 3
34 14 2
34 15 8
34 18 12
34 20 14
34 22 10
34 23 5
34 26 13
34 32 12
35 5 9
35 7 1
35 9 14
35 10 3
35 11 14
35 13 12
35 15 12
35 16 4
35 19 12
35 20 4
35 24 2
35 25 2
35 26 3
35 32 7
36 0 7
36 2 8
36 4 1
36 8 6
36 10 2
36 11 14
36 13 12
36 19 3
36 22 12
36 24 14
36 28 3
36 30 4
36 32 8
36 33 11
36 34 1
36 35 3
37 9 7
37 11 1
37 12 9
37 13 5
37 15 14
37 18 14
37 19 2
37 22 14
37 25 9
37 26 8
37 28 7
37 29 1
37 30 2
37 31 11
37 32 2
37 33 9
37 34 11
37 35 12
38 0 7
38 3 14
38 4 12
38 6 11
38 7 9
38 9 6
38 13 11
38 20 12
38 22 8
38 23 9
38 24 3
38 25 14
38 27 9
38 28 11
38 29 6
38 30 2
38 31 3
38 33 14
38 36 13
39 0 8
39 3 3
39 6 8
39 9 9
39 10 3
39 19 3
39 20 10
39 23 8
39 25 3
39 28 5
39 29 13
39 32 9
39 38 12
40 0 13
40 2 5
40 3 5
40 4 10
40 5 11
40 6 1
40 7 7
40 8 2
40 9 12
40 11 12
40 15 9
40 16 1
40 17 2
40 20 13
40 24 6
40 26 14
40 30 3
40 31 4
40 32 9
40 34 7
41 0 10
41 1 3
41 6 1
41 8 3
41 9 13
41 10 1
41 14 8
41 20 1
41 24 11
41 25 5
41 27 9
41 28 11
41 31 1
41 35 10
41 37 6
41 40 13
42 0 9
42 2 11
42 4 5
42 7 10
42 10 7
42 11 8
42 12 2
42 13 9
42 14 9
42 16 5
42 17 11
42 19 11
42 20 8
42 22 9
42 25 11
42 27 3
42 28 9
42 29 13
42 34 1
42 36 3
42 37 11
42 38 13
42 41 4
43 0 9
43 2 14
43 4 12
43 5 11
43 7 13
43 9 1
43 10 2
43 11 4
43 12 12
43 13 10
43 15 12
43 16 5
43 19 6
43 20 8
43 21 9
43 23 4
43 24 11
43 26 13
43 27 6
43 28 2
43 30 1
43 31 4
43 36 12
43 38 6
43 40 2
43 41 8
44 10 7
44 13 4
44 16 13
44 17 13
44 18 10
44 20 1
44 24 5
44 25 1
44 26 6
44 27 8
44 28 8
44 29 12
44 31 2
44 33 8
44 34 12
44 36 8
44 37 10
44 38 12
44 39 2
44 41 2
44 42 13
45 0 1
45 9 9
45 11 14
45 13 6
45 15 10
45 16 14
45 17 1
45 18 2
45 19 13
45 21 2
45 27 14
45 28 12
45 30 13
45 32 11
45 33 9
45 34 10
45 36 13
45 40 4
45 43 13
46 0 10
46 1 4
46 4 6
46 8 5
46 9 3
46 10 8
46 12 9
46 13 1
46 15 14
46 19 5
46 22 5
46 24 9
46 27 8
46 32 5
46 33 6
46 34 12
46 35 12
46 36 6
46 38 12
46 40 6
46 43 8
46 44 7
46 45 11
47 2 14
47 4 1
47 5 9
47 6 10
47 9 10
47 11 8
47 13 10
47 16 5
47 17 5
47 21 6
47 26 2
47 28 12
47 29 11
47 32 10
47 33 14
47 34 5
47 36 7
47 37 13
47 38 5
47 39 4
47 40 14
47 41 1
47 42 12
47 44 13
47 45 12
47 46 3
48 1 11
48 7 9
48 8 8
48 10 1
48 11 6
48 12 13
48 13 14
48 15 6
48 16 5
48 19 3
48 20 7
48 21 2
48 24 9
48 26 4
48 27 14
48 28 12
48 30 5
48 32 9
48 34 11
48 35 12
48 37 12
48 38 10
48 40 7
48 41 4
48 42 14
48 43 9
48 44 9
48 47 11
49 1 10
49 3 2
49 5 8
49 6 13
49 7 6
49 8 12
49 9 7
49 13 6
49 14 12
49 15 5
49 19 5
49 22 4
49 23 1
49 24 6
49 25 1
49 26 8
49 27 3
49 32 9
49 33 14
49 34 7
49 37 1
49 39 2
49 42 2
49 43 13
49 45 12
49 46 14
50 0 6
50 3 5
50 4 12
50 5 1
50 6 13
50 7 4
50 8 6
50 12 6
50 14 7
50 15 11
50 19 11
50 21 6
50 25 8
50 27 10
50 28 13
50 30 6
50 36 13
50 37 3
50 44 6
50 45 14
50 48 12
51 0 3
51 4 1
51 5 8
51 6 13
51 9 1
51 10 13
51 12 3
51 14 9
51 15 4
51 16 4
51 18 6
51 19 1
51 20 11
51 22 2
51 23 13
51 24 13
51 27 5
51 28 3
51 29 14
51 30 14
51 31 10
51 33 12
51 34 1
51 37 5
51 40 14
51 45 9
51 46 10
51 47 6
52 0 4
52 4 2
52 6 6
52 8 4
52 9 6
52 10 13
52 13 12
52 14 11
52 15 1
52 19 9
52 21 10
52 22 2
52 25 13
52 27 3
52 28 10
52 32 14
52 34 5
52 36 8
52 37 7
52 41 14
52 42 3
52 44 11
52 45 11
52 46 7
52 47 4
52 50 13
52 51 4
53 0 2
53 2 1
53 5 4
53 6 6
53 8 6
53 12 10
53 14 11
53 16 11
53 18 6
53 21 13
53 23 6
53 26 12
53 27 12
53 29 8
53 34 3
53 37 3
53 39 1
53 42 5
53 45 8
53 50 10
54 0 13
54 1 9
54 2 5
54 3 13
54 5 3
54 12 5
54 13 14
54 15 1
54 17 5
54 18 3
54 19 10
54 21 6
54 22 14
54 29 4
54 30 9
54 37 6
54 39 3
54 42 8
54 43 3
54 45 4
54 46 4
54 49 10
54 50 12
55 2 9
55 3 5
55 4 11
55 5 2
55 7 8
55 9 10
55 10 12
55 11 12
55 12 2
55 15 2
55 17 4
55 18 12
55 19 11
55 24 14
55 27 10
55 30 4
55 32 7
55 35 5
55 38 3
55 41 1
55 42 8
55 43 7
55 44 4
55 46 10
55 48 5
55 51 5
55 53 12
55 54 9
56 0 5
56 1 9
56 2 12
56 5 10
56 8 2
56 9 1
56 10 12
56 11 12
56 13 14
56 14 8
56 24 7
56 25 7
56 26 3
56 27 12
56 29 3
56 31 11
56 33 2
56 36 3
56 39 7
56 40 3
56 41 4
56 42 4
56 44 7
56 45 13
56 46 8
56 47 7
56 48 12
56 50 14
56 52 5
56 54 7
57 0 2
57 1 8
57 2 6
57 4 1
57 8 1
57 9 3
57 14 4
57 15 10
57 17 13
57 18 13
57 20 12
57 22 10
57 24 7
57 25 7
57 28 2
57 29 9
57 30 3
57 32 11
57 33 3
57 34 6
57 35 13
57 36 6
57 38 8
57 39 6
57 41 13
57 44 11
57 45 10
57 46 7
57 48 1
57 52 12
57 53 10
57 54 3
58 0 8
58 3 8
58 7 5
58 8 5
58 10 14
58 11 2
58 12 4
58 13 10
58 14 2
58 15 2
58 16 1
58 18 2
58 21 13
58 26 11
58 28 9
58 29 3
58 31 11
58 33 9
58 38 8
58 39 13
58 40 8
58 41 6
58 42 12
58 44 9
58 45 7
58 47 1
58 50 5
58 51 14
58 57 8
59 0 7
59 1 5
59 2 5
59 3 9
59 8 14
59 11 6
59 12 12
59 13 2
59 14 9
59 16 2
59 17 4
59 22 4
59 24 8
59 28 7
59 30 9
59 32 11
59 34 11
59 35 1
59 36 14
59 40 1
59 41 2
59 42 13
59 44 6
59 45 2
59 46 8
59 47 7
59 49 7
59 51 6
59 52 11
59 53 2
59 58 11
60 2 7
60 8 13
60 9 7
60 10 7
60 16 5
60 17 12
60 19 9
60 21 8
60 22 6
60 24 11
60 25 11
60 26 3
60 27 2
60 31 14
60 33 7
60 34 1
60 38 12
60 40 12
60 41 3
60 43 14
60 44 3
60 48 4
60 49 8
60 50 7
60 51 3
60 52 9
60 53 10
60 55 10
60 57 9
60 58 13
61 2 4
61 3 11
61 4 12
61 8 6
61 11 12
61 12 8
61 13 8
61 14 4
61 15 14
61 16 8
61 17 14
61 19 11
61 20 1
61 21 12
61 22 5
61 29 8
61 33 7
61 34 13
61 35 5
61 42 9
61 43 7
61 44 1
61 45 2
61 47 3
61 48 5
61 49 4
61 51 10
61 54 4
61 55 13
61 56 14
61 57 9
61 58 2
61 59 5
62 0 3
62 2 8
62 3 14
62 7 7
62 8 13
62 9 11
62 12 4
62 15 9
62 16 7
62 17 14
62 18 5
62 20 2
62 24 13
62 26 13
62 27 11
62 29 4
62 30 10
62 31 12
62 35 4
62 36 6
62 41 12
62 42 13
62 48 8
62 49 14
62 53 4
62 59 11
62 61 4
63 2 10
63 4 4
63 7 12
63 9 4
63 10 6
63 14 12
63 16 5
63 17 8
63 19 2
63 21 3
63 22 10
63 26 2
63 27 9
63 30 13
63 31 14
63 32 9
63 33 9
63 35 9
63 36 9
63 40 12
63 42 1
63 43 13
63 45 10
63 48 6
63 49 11
63 50 11
63 52 11
63 54 4
63 55 10
63 56 12
63 60 1
63 62 8
64 0 10
64 3 10
64 6 3
64 9 6
64 11 13
64 13 12
64 14 5
64 15 6
64 16 9
64 20 10
64 22 1
64 25 9
64 26 5
64 27 2
64 28 5
64 29 9
64 32 6
64 33 6
64 36 12
64 37 12
64 38 5
64 39 5
64 40 14
64 42 6
64 43 3
64 45 9
64 46 4
64 47 14
64 48 6
64 50 6
64 53 9
64 55 7
64 56 14
64 57 9
64 59 4
64 60 13
64 63 4
65 0 6
65 1 10
65 3 9
65 6 1
65 7 1
65 10 5
65 14 10
65 16 8
65 17 5
65 19 3
65 20 9
65 23 7
65 24 1
65 25 14
65 26 14
65 27 3
65 28 11
65 30 14
65 33 6
65 40 9
65 43 14
65 46 10
65 47 3
65 48 1
65 50 13
65 52 2
65 53 7
65 55 14
65 57 14
65 58 6
65 62 11
66 3 12
66 9 2
66 10 7
66 12 5
66 14 6
66 15 14
66 17 9
66 18 6
66 19 12
66 21 10
66 22 9
66 23 2
66 26 13
66 27 12
66 29 8
66 33 2
66 34 12
66 35 14
66 36 8
66 37 1
66 42 13
66 43 7
66 45 13
66 46 1
66 47 7
66 49 2
66 50 9
66 52 12
66 59 2
66 61 8
66 62 13
67 2 4
67 5 4
67 7 3
67 11 13
67 12 3
67 15 4
67 17 11
67 21 14
67 23 2
67 25 10
67 27 10
67 29 6
67 32 13
67 36 3
67 38 13
67 42 14
67 45 11
67 51 12
67 52 7
67 53 13
67 54 12
67 55 2
67 58 12
67 66 4
68 0 5
68 1 6
68 3 8
68 4 12
68 6 5
68 7 10
68 14 13
68 19 6
68 20 1
68 21 4
68 23 3
68 24 11
68 26 10
68 27 12
68 29 10
68 30 4
68 33 2
68 34 9
68 37 12
68 39 9
68 41 7
68 44 13
68 47 2
68 48 2
68 50 14
68 52 1
68 53 3
68 58 12
68 66 3
68 67 11
69 0 11
69 1 8
69 2 12
69 3 9
69 4 13
69 5 7
69 6 13
69 11 9
69 14 6
69 16 6
69 17 14
69 18 4
69 19 4
69 21 10
69 23 3
69 24 4
69 25 6
69 27 14
69 28 9
69 29 4
69 32 12
69 33 8
69 34 1
69 36 13
69 37 12
69 40 5
69 43 1
69 46 8
69 48 4
69 49 11
69 50 11
69 51 12
69 52 2
69 58 13
69 59 9
69 61 8
69 62 2
69 63 12
69 66 1
