40
1 0 7
2 0 5
2 1 7
3 0 5
3 1 2
3 2 2
4 0 4
4 1 2
4 2 7
4 3 2
5 0 5
5 1 4
5 2 2
5 3 4
5 4 6
6 0 3
6 1 2
6 2 1
6 3 2
6 4 2
6 5 3
7 0 7
7 1 7
7 2 6
7 3 5
7 4 3
7 5 4
7 6 6
8 0 7
8 1 4
8 2 4
8 3 5
8 4 4
8 5 2
8 6 5
8 7 3
9 0 3
9 1 5
9 2 3
9 3 4
9 4 5
9 5 2
9 6 5
9 7 2
9 8 6
10 0 3
10 1 5
10 2 2
10 3 5
10 4 4
10 5 5
10 6 5
10 7 4
10 8 3
10 9 4
11 0 2
11 1 4
11 2 6
11 3 7
11 4 1
11 5 1
11 6 1
11 7 3
11 8 7
11 9 5
11 10 2
12 0 4
12 1 2
12 2 1
12 3 7
12 4 5
12 5 6
12 6 4
12 7 1
12 8 1
12 9 1
12 10 4
12 11 2
13 0 2
13 1 1
13 2 7
13 3 5
13 4 1
13 5 5
13 6 3
13 7 1
13 8 7
13 9 6
13 10 6
13 11 3
13 12 4
14 0 3
14 1 5
14 2 7
14 3 3
14 4 7
14 5 3
14 6 3
14 7 3
14 8 3
14 9 6
14 10 3
14 11 5
14 12 3
14 13 7
15 0 6
15 1 4
15 2 2
15 3 7
15 4 6
15 5 4
15 6 7
15 7 1
15 8 2
15 9 7
15 10 6
15 11 3
15 12 7
15 13 6
15 14 2
16 0 2
16 1 5
16 2 4
16 3 2
16 4 6
16 5 1
16 6 4
16 7 1
16 8 5
16 9 3
16 10 5
16 11 1
16 12 7
16 13 7
16 14 5
16 15 6
17 0 4
17 1 2
17 2 6
17 3 7
17 4 7
17 5 1
17 6 4
17 7 1
17 8 7
17 9 5
17 10 1
17 11 2
17 12 5
17 13 6
17 14 2
17 15 7
17 16 6
18 0 5
18 1 7
18 2 6
18 3 6
18 4 4
18 5 5
18 6 6
18 7 3
18 8 1
18 9 2
18 10 6
18 11 2
18 12 7
18 13 7
18 14 5
18 15 1
18 16 1
18 17 6
19 0 4
19 1 5
19 2 6
19 3 7
19 4 5
19 5 1
19 6 6
19 7 5
19 8 3
19 9 7
19 10 6
19 11 1
19 12 1
19 13 1
19 14 2
19 15 7
19 16 3
19 17 4
19 18 1
20 0 2
20 1 6
20 2 3
20 3 6
20 4 1
20 5 5
20 6 6
20 7 3
20 8 3
20 9 6
20 10 3
20 11 4
20 12 5
20 13 4
20 14 3
20 15 2
20 16 2
20 17 5
20 18 6
20 19 4
21 0 2
21 1 5
21 2 2
21 3 5
21 4 2
21 5 2
21 6 2
21 7 1
21 8 4
21 9 7
21 10 1
21 11 6
21 12 2
21 13 4
21 14 3
21 15 5
21 16 4
21 17 4
21 18 2
21 19 6
21 20 2
22 0 7
22 1 4
22 2 2
22 3 3
22 4 1
22 5 2
22 6 7
22 7 7
22 8 5
22 9 7
22 10 1
22 11 3
22 12 1
22 13 3
22 14 5
22 15 5
22 16 6
22 17 6
22 18 3
22 19 3
22 20 3
22 21 4
23 0 7
23 1 2
23 2 5
23 3 1
23 4 1
23 5 1
23 6 6
23 7 6
23 8 1
23 9 1
23 10 2
23 11 5
23 12 1
23 13 5
23 14 7
23 15 1
23 16 4
23 17 4
23 18 3
23 19 2
23 20 5
23 21 4
23 22 7
24 0 5
24 1 5
24 2 3
24 3 6
24 4 1
24 5 7
24 6 4
24 7 4
24 8 4
24 9 1
24 10 2
24 11 7
24 12 7
24 13 5
24 14 2
24 15 3
24 16 2
24 17 1
24 18 5
24 19 5
24 20 5
24 21 7
24 22 7
24 23 5
25 0 5
25 1 5
25 2 3
25 3 4
25 4 3
25 5 4
25 6 4
25 7 4
25 8 1
25 9 7
25 10 6
25 11 3
25 12 5
25 13 2
25 14 5
25 15 6
25 16 7
25 17 5
25 18 1
25 19 5
25 20 4
25 21 2
25 22 7
25 23 1
25 24 1
26 0 5
26 1 4
26 2 3
26 3 1
26 4 6
26 5 6
26 6 2
26 7 6
26 8 6
26 9 3
26 10 2
26 11 3
26 12 3
26 13 1
26 14 3
26 15 5
26 16 3
26 17 6
26 18 6
26 19 6
26 20 4
26 21 7
26 22 5
26 23 5
26 24 6
26 25 2
27 0 5
27 1 7
27 2 3
27 3 2
27 4 7
27 5 4
27 6 4
27 7 4
27 8 4
27 9 4
27 10 7
27 11 2
27 12 3
27 13 3
27 14 3
27 15 4
27 16 4
27 17 7
27 18 6
27 19 1
27 20 6
27 21 6
27 22 2
27 23 2
27 24 6
27 25 1
27 26 2
28 0 1
28 1 3
28 2 6
28 3 2
28 4 3
28 5 5
28 6 4
28 7 3
28 8 7
28 9 4
28 10 6
28 11 4
28 12 2
28 13 3
28 14 6
28 15 5
28 16 6
28 17 5
28 18 1
28 19 2
28 20 4
28 21 5
28 22 5
28 23 4
28 24 4
28 25 3
28 26 3
28 27 3
29 0 3
29 1 2
29 2 5
29 3 2
29 4 4
29 5 1
29 6 7
29 7 2
29 8 5
29 9 6
29 10 1
29 11 7
29 12 6
29 13 3
29 14 5
29 15 4
29 16 3
29 17 4
29 18 7
29 19 2
29 20 6
29 21 1
29 22 5
29 23 5
29 24 6
29 25 1
29 26 3
29 27 4
29 28 3
30 0 6
30 1 4
30 2 6
30 3 7
30 4 7
30 5 3
30 6 7
30 7 6
30 8 2
30 9 5
30 10 6
30 11 4
30 12 6
30 13 4
30 14 4
30 15 6
30 16 2
30 17 5
30 18 2
30 19 4
30 20 7
30 21 2
30 22 3
30 23 1
30 24 1
30 25 6
30 26 2
30 27 3
30 28 4
30 29 3
31 0 4
31 1 4
31 2 4
31 3 4
31 4 6
31 5 2
31 6 4
31 7 7
31 8 1
31 9 2
31 10 5
31 11 5
31 12 7
31 13 6
31 14 3
31 15 4
31 16 2
31 17 5
31 18 1
31 19 7
31 20 1
31 21 3
31 22 2
31 23 3
31 24 2
31 25 1
31 26 2
31 27 7
31 28 5
31 29 6
31 30 2
32 0 1
32 1 5
32 2 3
32 3 2
32 4 1
32 5 7
32 6 4
32 7 2
32 8 1
32 9 6
32 10 5
32 11 6
32 12 1
32 13 3
32 14 7
32 15 4
32 16 6
32 17 3
32 18 1
32 19 3
32 20 6
32 21 3
32 22 4
32 23 7
32 24 6
32 25 7
32 26 5
32 27 3
32 28 5
32 29 6
32 30 2
32 31 2
33 0 2
33 1 1
33 2 4
33 3 6
33 4 5
33 5 2
33 6 6
33 7 5
33 8 7
33 9 6
33 10 3
33 11 5
33 12 7
33 13 3
33 14 2
33 15 5
33 16 3
33 17 2
33 18 5
33 19 1
33 20 3
33 21 1
33 22 3
33 23 1
33 24 3
33 25 7
33 26 4
33 27 6
33 28 4
33 29 3
33 30 4
33 31 2
33 32 4
34 0 6
34 1 4
34 2 5
34 3 7
34 4 5
34 5 3
34 6 5
34 7 4
34 8 1
34 9 6
34 10 1
34 11 5
34 12 2
34 13 3
34 14 3
34 15 3
34 16 3
34 17 2
34 18 2
34 19 5
34 20 7
34 21 6
34 22 4
34 23 3
34 24 6
34 25 4
34 26 5
34 27 3
34 28 4
34 29 5
34 30 2
34 31 2
34 32 1
34 33 3
35 0 4
35 1 7
35 2 5
35 3 7
35 4 2
35 5 7
35 6 6
35 7 3
35 8 6
35 9 5
35 10 7
35 11 7
35 12 2
35 13 6
35 14 1
35 15 7
35 16 1
35 17 2
35 18 4
35 19 7
35 20 3
35 21 6
35 22 5
35 23 3
35 24 5
35 25 7
35 26 3
35 27 6
35 28 1
35 29 5
35 30 3
35 31 7
35 32 7
35 33 3
35 34 1
36 0 1
36 1 3
36 2 3
36 3 5
36 4 5
36 5 1
36 6 2
36 7 1
36 8 7
36 9 5
36 10 3
36 11 1
36 12 3
36 13 5
36 14 2
36 15 7
36 16 1
36 17 1
36 18 7
36 19 2
36 20 4
36 21 6
36 22 1
36 23 7
36 24 3
36 25 7
36 26 2
36 27 4
36 28 3
36 29 5
36 30 3
36 31 3
36 32 5
36 33 2
36 34 2
36 35 1
37 0 4
37 1 7
37 2 4
37 3 1
37 4 3
37 5 5
37 6 3
37 7 5
37 8 7
37 9 5
37 10 5
37 11 4
37 12 6
37 13 1
37 14 5
37 15 1
37 16 7
37 17 5
37 18 6
37 19 4
37 20 1
37 21 6
37 22 5
37 23 7
37 24 1
37 25 2
37 26 1
37 27 7
37 28 5
37 29 4
37 30 5
37 31 7
37 32 5
37 33 4
37 34 1
37 35 3
37 36 2
38 0 6
38 1 2
38 2 4
38 3 4
38 4 6
38 5 1
38 6 4
38 7 7
38 8 5
38 9 1
38 10 2
38 11 3
38 12 7
38 13 5
38 14 3
38 15 5
38 16 5
38 17 6
38 18 1
38 19 4
38 20 2
38 21 3
38 22 1
38 23 3
38 24 4
38 25 1
38 26 3
38 27 6
38 28 6
38 29 6
38 30 2
38 31 5
38 32 6
38 33 4
38 34 7
38 35 3
38 36 5
38 37 5
39 0 5
39 1 5
39 2 7
39 3 2
39 4 5
39 5 3
39 6 1
39 7 6
39 8 5
39 9 7
39 10 7
39 11 4
39 12 6
39 13 1
39 14 7
39 15 5
39 16 1
39 17 1
39 18 5
39 19 1
39 20 4
39 21 2
39 22 2
39 23 6
39 24 6
39 25 3
39 26 3
39 27 2
39 28 6
39 29 4
39 30 6
39 31 1
39 32 7
39 33 2
39 34 2
39 35 7
39 36 7
39 37 6
39 38 4
