20
1 0 2
2 0 1
2 1 3
3 0 1
3 1 6
3 2 7
4 0 7
4 1 7
4 2 5
4 3 3
5 0 7
5 1 3
5 2 5
5 3 7
5 4 1
6 0 6
6 1 8
6 2 7
6 3 6
6 4 4
6 5 3
7 0 7
7 1 9
7 2 8
7 3 5
7 4 2
7 5 1
7 6 8
8 0 6
8 1 5
8 2 5
8 3 2
8 4 6
8 5 4
8 6 4
8 7 8
9 0 7
9 1 5
9 2 8
9 3 7
9 4 5
9 5 5
9 6 1
9 7 8
9 8 2
10 0 8
10 1 5
10 2 6
10 3 5
10 4 9
10 5 1
10 6 8
10 7 3
10 8 8
10 9 2
11 0 3
11 1 4
11 2 7
11 3 3
11 4 1
11 5 5
11 6 3
11 7 8
11 8 3
11 9 4
11 10 5
12 0 8
12 1 6
12 2 3
12 3 3
12 4 4
12 5 6
12 6 7
12 7 6
12 8 9
12 9 7
12 10 2
12 11 9
13 0 1
13 1 9
13 2 5
13 3 2
13 4 1
13 5 5
13 6 4
13 7 9
13 8 4
13 9 1
13 10 1
13 11 1
13 12 1
14 0 6
14 1 8
14 2 3
14 3 9
14 4 4
14 5 4
14 6 3
14 7 4
14 8 6
14 9 7
14 10 6
14 11 5
14 12 4
14 13 9
15 0 2
15 1 1
15 2 8
15 3 7
15 4 6
15 5 8
15 6 8
15 7 6
15 8 6
15 9 4
15 10 9
15 11 3
15 12 3
15 13 4
15 14 6
16 0 8
16 1 3
16 2 5
16 3 7
16 4 1
16 5 6
16 6 1
16 7 6
16 8 2
16 9 6
16 10 5
16 11 4
16 12 4
16 13 7
16 14 4
16 15 4
17 0 7
17 1 5
17 2 1
17 3 7
17 4 1
17 5 9
17 6 5
17 7 1
17 8 8
17 9 6
17 10 5
17 11 8
17 12 3
17 13 2
17 14 6
17 15 6
17 16 5
18 0 4
18 1 7
18 2 3
18 3 7
18 4 6
18 5 7
18 6 6
18 7 2
18 8 4
18 9 8
18 10 6
18 11 6
18 12 2
18 13 9
18 14 1
18 15 6
18 16 9
18 17 1
19 0 7
19 1 5
19 2 5
19 3 5
19 4 4
19 5 7
19 6 5
19 7 7
19 8 8
19 9 4
19 10 9
19 11 9
19 12 8
19 13 6
19 14 1
19 15 9
19 16 9
19 17 7
19 18 9
