40
1 0 6
2 0 3
2 1 9
3 0 5
3 1 6
3 2 6
4 0 9
4 1 8
4 2 1
4 3 9
5 0 5
5 1 7
5 2 7
5 3 7
5 4 5
6 0 1
6 1 6
6 2 5
6 3 1
6 4 2
6 5 8
7 0 2
7 1 5
7 2 9
7 3 2
7 4 5
7 5 8
7 6 7
8 0 2
8 1 7
8 2 5
8 3 4
8 4 1
8 5 2
8 6 3
8 7 5
9 0 2
9 1 6
9 2 4
9 3 7
9 4 8
9 5 1
9 6 1
9 7 6
9 8 6
10 0 2
10 1 5
10 2 4
10 3 3
10 4 1
10 5 5
10 6 3
10 7 7
10 8 2
10 9 2
11 0 2
11 1 8
11 2 9
11 3 6
11 4 1
11 5 2
11 6 3
11 7 8
11 8 2
11 9 4
11 10 1
12 0 8
12 1 1
12 2 6
12 3 4
12 4 1
12 5 2
12 6 6
12 7 8
12 8 3
12 9 9
12 10 4
12 11 4
13 0 5
13 1 4
13 2 3
13 3 6
13 4 1
13 5 6
13 6 6
13 7 5
13 8 5
13 9 7
13 10 2
13 11 3
13 12 6
14 0 9
14 1 2
14 2 4
14 3 7
14 4 2
14 5 8
14 6 9
14 7 9
14 8 7
14 9 4
14 10 7
14 11 4
14 12 7
14 13 9
15 0 5
15 1 3
15 2 5
15 3 1
15 4 2
15 5 9
15 6 7
15 7 8
15 8 1
15 9 2
15 10 9
15 11 1
15 12 2
15 13 1
15 14 7
16 0 1
16 1 6
16 2 2
16 3 4
16 4 6
16 5 8
16 6 1
16 7 6
16 8 3
16 9 1
16 10 1
16 11 2
16 12 9
16 13 3
16 14 7
16 15 7
17 0 6
17 1 9
17 2 3
17 3 9
17 4 5
17 5 7
17 6 7
17 7 1
17 8 6
17 9 1
17 10 8
17 11 1
17 12 1
17 13 6
17 14 2
17 15 7
17 16 6
18 0 7
18 1 1
18 2 9
18 3 9
18 4 6
18 5 8
18 6 4
18 7 3
18 8 1
18 9 2
18 10 2
18 11 1
18 12 5
18 13 7
18 14 4
18 15 5
18 16 7
18 17 1
19 0 8
19 1 6
19 2 3
19 3 7
19 4 3
19 5 9
19 6 8
19 7 8
19 8 1
19 9 7
19 10 4
19 11 2
19 12 5
19 13 7
19 14 8
19 15 9
19 16 6
19 17 3
19 18 2
20 0 1
20 1 2
20 2 4
20 3 5
20 4 4
20 5 6
20 6 9
20 7 1
20 8 1
20 9 9
20 10 7
20 11 9
20 12 7
20 13 6
20 14 4
20 15 6
20 16 3
20 17 2
20 18 4
20 19 6
21 0 8
21 1 6
21 2 8
21 3 5
21 4 1
21 5 1
21 6 1
21 7 1
21 8 4
21 9 3
21 10 3
21 11 8
21 12 5
21 13 6
21 14 4
21 15 2
21 16 7
21 17 2
21 18 4
21 19 5
21 20 6
22 0 2
22 1 9
22 2 4
22 3 4
22 4 3
22 5 1
22 6 6
22 7 8
22 8 5
22 9 8
22 10 5
22 11 2
22 12 9
22 13 5
22 14 1
22 15 7
22 16 6
22 17 7
22 18 6
22 19 2
22 20 3
22 21 7
23 0 3
23 1 1
23 2 1
23 3 8
23 4 7
23 5 3
23 6 4
23 7 2
23 8 7
23 9 9
23 10 2
23 11 1
23 12 2
23 13 4
23 14 3
23 15 9
23 16 9
23 17 8
23 18 8
23 19 4
23 20 6
23 21 1
23 22 2
24 0 5
24 1 8
24 2 3
24 3 3
24 4 7
24 5 5
24 6 5
24 7 7
24 8 1
24 9 9
24 10 1
24 11 3
24 12 6
24 13 5
24 14 1
24 15 8
24 16 5
24 17 3
24 18 7
24 19 9
24 20 3
24 21 6
24 22 9
24 23 8
25 0 5
25 1 5
25 2 4
25 3 5
25 4 3
25 5 8
25 6 1
25 7 1
25 8 1
25 9 9
25 10 1
25 11 4
25 12 9
25 13 6
25 14 4
25 15 8
25 16 8
25 17 5
25 18 6
25 19 7
25 20 7
25 21 8
25 22 8
25 23 4
25 24 8
26 0 1
26 1 8
26 2 6
26 3 1
26 4 5
26 5 3
26 6 4
26 7 1
26 8 9
26 9 7
26 10 3
26 11 5
26 12 7
26 13 6
26 14 3
26 15 5
26 16 2
26 17 9
26 18 7
26 19 4
26 20 3
26 21 6
26 22 6
26 23 8
26 24 1
26 25 1
27 0 3
27 1 5
27 2 6
27 3 2
27 4 6
27 5 1
27 6 2
27 7 3
27 8 8
27 9 8
27 10 6
27 11 4
27 12 7
27 13 8
27 14 4
27 15 6
27 16 6
27 17 4
27 18 5
27 19 1
27 20 5
27 21 7
27 22 7
27 23 9
27 24 3
27 25 6
27 26 9
28 0 2
28 1 6
28 2 9
28 3 5
28 4 7
28 5 7
28 6 4
28 7 4
28 8 1
28 9 6
28 10 6
28 11 7
28 12 3
28 13 1
28 14 8
28 15 8
28 16 7
28 17 6
28 18 8
28 19 2
28 20 7
28 21 3
28 22 7
28 23 9
28 24 5
28 25 3
28 26 2
28 27 1
29 0 7
29 1 3
29 2 8
29 3 7
29 4 8
29 5 4
29 6 8
29 7 6
29 8 5
29 9 7
29 10 1
29 11 1
29 12 1
29 13 8
29 14 4
29 15 5
29 16 8
29 17 4
29 18 4
29 19 9
29 20 8
29 21 2
29 22 8
29 23 7
29 24 7
29 25 7
29 26 1
29 27 2
29 28 9
30 0 2
30 1 9
30 2 6
30 3 5
30 4 7
30 5 9
30 6 2
30 7 2
30 8 8
30 9 2
30 10 4
30 11 4
30 12 7
30 13 5
30 14 1
30 15 3
30 16 9
30 17 2
30 18 6
30 19 8
30 20 5
30 21 5
30 22 5
30 23 4
30 24 4
30 25 9
30 26 2
30 27 5
30 28 2
30 29 7
31 0 6
31 1 8
31 2 3
31 3 5
31 4 6
31 5 9
31 6 2
31 7 2
31 8 1
31 9 5
31 10 3
31 11 4
31 12 3
31 13 7
31 14 8
31 15 4
31 16 8
31 17 1
31 18 8
31 19 2
31 20 5
31 21 8
31 22 3
31 23 9
31 24 2
31 25 7
31 26 4
31 27 9
31 28 9
31 29 5
31 30 3
32 0 6
32 1 2
32 2 2
32 3 6
32 4 7
32 5 4
32 6 7
32 7 4
32 8 3
32 9 3
32 10 9
32 11 5
32 12 5
32 13 3
32 14 6
32 15 9
32 16 3
32 17 4
32 18 8
32 19 6
32 20 4
32 21 1
32 22 2
32 23 3
32 24 9
32 25 9
32 26 3
32 27 8
32 28 8
32 29 7
32 30 1
32 31 6
33 0 7
33 1 6
33 2 4
33 3 4
33 4 6
33 5 8
33 6 1
33 7 5
33 8 2
33 9 4
33 10 8
33 11 6
33 12 5
33 13 4
33 14 5
33 15 2
33 16 1
33 17 5
33 18 4
33 19 1
33 20 1
33 21 4
33 22 6
33 23 8
33 24 4
33 25 5
33 26 1
33 27 3
33 28 2
33 29 5
33 30 3
33 31 9
33 32 8
34 0 9
34 1 4
34 2 5
34 3 3
34 4 7
34 5 2
34 6 8
34 7 3
34 8 1
34 9 3
34 10 7
34 11 3
34 12 8
34 13 2
34 14 4
34 15 7
34 16 2
34 17 5
34 18 3
34 19 1
34 20 7
34 21 6
34 22 2
34 23 4
34 24 1
34 25 6
34 26 8
34 27 4
34 28 3
34 29 5
34 30 7
34 31 6
34 32 9
34 33 2
35 0 1
35 1 1
35 2 1
35 3 9
35 4 8
35 5 6
35 6 9
35 7 5
35 8 2
35 9 6
35 10 9
35 11 8
35 12 4
35 13 9
35 14 4
35 15 9
35 16 9
35 17 9
35 18 3
35 19 8
35 20 5
35 21 5
35 22 1
35 23 4
35 24 3
35 25 4
35 26 1
35 27 9
35 28 2
35 29 1
35 30 5
35 31 9
35 32 7
35 33 2
35 34 8
36 0 6
36 1 8
36 2 6
36 3 5
36 4 1
36 5 4
36 6 4
36 7 8
36 8 7
36 9 6
36 10 6
36 11 5
36 12 1
36 13 4
36 14 2
36 15 2
36 16 2
36 17 1
36 18 3
36 19 5
36 20 1
36 21 6
36 22 8
36 23 8
36 24 8
36 25 2
36 26 4
36 27 2
36 28 8
36 29 9
36 30 8
36 31 8
36 32 3
36 33 3
36 34 5
36 35 9
37 0 6
37 1 3
37 2 8
37 3 8
37 4 4
37 5 4
37 6 9
37 7 2
37 8 4
37 9 8
37 10 7
37 11 3
37 12 7
37 13 3
37 14 7
37 15 4
37 16 6
37 17 4
37 18 3
37 19 3
37 20 2
37 21 5
37 22 4
37 23 1
37 24 4
37 25 5
37 26 5
37 27 6
37 28 1
37 29 3
37 30 4
37 31 2
37 32 1
37 33 2
37 34 9
37 35 6
37 36 9
38 0 1
38 1 5
38 2 3
38 3 7
38 4 7
38 5 7
38 6 5
38 7 8
38 8 6
38 9 5
38 10 8
38 11 5
38 12 4
38 13 3
38 14 8
38 15 6
38 16 9
38 17 2
38 18 9
38 19 3
38 20 1
38 21 1
38 22 6
38 23 6
38 24 6
38 25 8
38 26 5
38 27 1
38 28 5
38 29 3
38 30 7
38 31 8
38 32 2
38 33 6
38 34 5
38 35 7
38 36 2
38 37 2
39 0 2
39 1 8
39 2 9
39 3 7
39 4 1
39 5 2
39 6 4
39 7 1
39 8 7
39 9 3
39 10 2
39 11 3
39 12 4
39 13 7
39 14 3
39 15 5
39 16 7
39 17 7
39 18 9
39 19 4
39 20 1
39 21 3
39 22 8
39 23 9
39 24 5
39 25 2
39 26 8
39 27 8
39 28 7
39 29 5
39 30 5
39 31 1
39 32 3
39 33 8
39 34 3
39 35 7
39 36 2
39 37 2
39 38 6
