20
1 0 7
3 0 3
4 0 5
4 3 3
5 1 2
5 2 4
5 3 3
6 1 3
7 0 12
7 1 7
7 2 3
7 4 2
7 6 6
8 2 9
8 4 1
8 5 8
8 6 14
9 0 7
9 1 11
9 2 2
9 3 7
9 8 14
10 1 12
10 3 3
10 4 11
10 7 1
11 5 3
11 8 5
11 9 1
11 10 13
12 1 7
12 5 13
12 6 4
12 11 5
13 1 3
13 4 14
13 7 13
13 11 7
13 12 13
14 0 1
14 2 3
14 3 12
14 4 2
14 7 1
14 8 4
15 1 8
15 2 12
15 4 6
15 6 1
15 8 7
15 9 2
15 10 4
15 11 9
15 13 5
15 14 10
16 3 10
16 4 3
16 5 7
16 8 2
16 9 11
16 11 4
16 12 8
16 15 13
17 0 1
17 4 4
17 6 14
17 7 8
17 8 7
17 9 7
17 11 11
17 14 12
17 15 8
18 0 11
18 3 2
18 4 4
18 6 13
18 8 11
18 10 6
18 13 11
18 16 9
18 17 5
19 0 1
19 2 5
19 4 14
19 5 14
19 7 2
19 8 13
19 9 12
19 11 13
19 13 3
19 14 6
19 18 10
