15
1 0 11
2 0 9
2 1 9
3 0 11
3 1 11
3 2 5
4 0 3
4 1 6
4 2 6
4 3 2
5 0 6
5 1 9
5 2 9
5 3 7
5 4 10
6 0 5
6 1 10
6 2 4
6 3 1
6 4 8
6 5 8
7 0 1
7 1 1
7 2 10
7 3 8
7 4 1
7 5 2
7 6 11
8 0 6
8 1 3
8 2 10
8 3 5
8 4 8
8 5 1
8 6 7
8 7 2
9 0 7
9 1 10
9 2 11
9 3 4
9 4 4
9 5 11
9 6 6
9 7 10
9 8 8
10 0 8
10 1 8
10 2 3
10 3 4
10 4 4
10 5 10
10 6 8
10 7 7
10 8 11
10 9 9
11 0 8
11 1 10
11 2 11
11 3 9
11 4 10
11 5 9
11 6 5
11 7 10
11 8 3
11 9 7
11 10 1
12 0 5
12 1 11
12 2 2
12 3 2
12 4 2
12 5 3
12 6 4
12 7 10
12 8 10
12 9 11
12 10 6
12 11 11
13 0 5
13 1 11
13 2 8
13 3 9
13 4 4
13 5 7
13 6 3
13 7 3
13 8 10
13 9 4
13 10 10
13 11 10
13 12 1
14 0 8
14 1 3
14 2 10
14 3 3
14 4 9
14 5 11
14 6 9
14 7 8
14 8 9
14 9 11
14 10 2
14 11 11
14 12 3
14 13 5
