20
3 1 1
4 0 3
5 0 1
5 1 4
6 0 2
6 2 1
7 1 1
7 2 5
7 3 3
7 5 5
7 6 3
8 1 5
8 2 4
9 2 4
9 4 4
9 5 5
9 7 3
9 8 2
10 1 3
10 3 1
10 4 4
10 5 4
10 7 5
10 9 4
11 0 4
11 5 2
11 7 3
11 9 4
12 0 3
12 1 5
12 3 3
12 9 1
12 10 4
12 11 2
13 7 3
13 8 4
13 9 2
13 10 1
13 11 4
14 0 2
14 1 5
14 6 4
14 7 5
14 8 3
14 11 4
14 12 2
15 3 5
15 4 4
15 6 4
15 9 2
15 10 1
15 11 3
15 12 1
16 4 4
16 7 1
16 8 1
16 9 2
16 11 5
16 12 5
17 1 3
17 5 3
17 8 5
17 10 5
17 11 1
17 12 1
17 13 4
17 14 5
17 15 1
17 16 3
18 0 1
18 1 4
18 2 2
18 3 5
18 5 5
18 6 4
18 9 1
18 10 5
18 12 2
18 13 2
18 14 1
18 17 2
19 2 2
19 6 4
19 7 1
19 8 5
19 10 4
19 11 2
19 12 2
