30
1 0 3
2 0 10
2 1 7
3 0 5
3 1 10
3 2 10
4 0 4
4 1 9
4 2 3
4 3 4
5 0 8
5 1 2
5 2 2
5 3 1
5 4 3
6 0 1
6 1 1
6 2 5
6 3 8
6 4 3
6 5 4
7 0 9
7 1 10
7 2 1
7 3 2
7 4 1
7 5 4
7 6 5
8 0 4
8 1 1
8 2 5
8 3 7
8 4 3
8 5 3
8 6 3
8 7 3
9 0 4
9 1 9
9 2 7
9 3 5
9 4 2
9 5 1
9 6 10
9 7 2
9 8 9
10 0 6
10 1 1
10 2 10
10 3 6
10 4 6
10 5 6
10 6 2
10 7 9
10 8 2
10 9 4
11 0 5
11 1 4
11 2 4
11 3 2
11 4 2
11 5 2
11 6 9
11 7 3
11 8 5
11 9 1
11 10 3
12 0 3
12 1 5
12 2 5
12 3 10
12 4 3
12 5 6
12 6 1
12 7 2
12 8 6
12 9 8
12 10 8
12 11 7
13 0 4
13 1 5
13 2 2
13 3 10
13 4 4
13 5 6
13 6 1
13 7 4
13 8 7
13 9 7
13 10 8
13 11 1
13 12 9
14 0 3
14 1 4
14 2 1
14 3 8
14 4 9
14 5 3
14 6 7
14 7 2
14 8 9
14 9 5
14 10 9
14 11 2
14 12 5
14 13 6
15 0 9
15 1 6
15 2 5
15 3 1
15 4 2
15 5 1
15 6 10
15 7 1
15 8 8
15 9 6
15 10 9
15 11 5
15 12 5
15 13 1
15 14 5
16 0 3
16 1 1
16 2 9
16 3 1
16 4 4
16 5 5
16 6 2
16 7 6
16 8 10
16 9 6
16 10 1
16 11 8
16 12 1
16 13 3
16 14 2
16 15 3
17 0 4
17 1 8
17 2 10
17 3 4
17 4 6
17 5 3
17 6 10
17 7 6
17 8 8
17 9 7
17 10 6
17 11 8
17 12 8
17 13 6
17 14 4
17 15 8
17 16 3
18 0 10
18 1 1
18 2 9
18 3 4
18 4 2
18 5 8
18 6 1
18 7 6
18 8 9
18 9 3
18 10 4
18 11 9
18 12 2
18 13 2
18 14 5
18 15 9
18 16 3
18 17 2
19 0 3
19 1 9
19 2 4
19 3 3
19 4 6
19 5 1
19 6 4
19 7 5
19 8 3
19 9 8
19 10 2
19 11 6
19 12 8
19 13 3
19 14 10
19 15 1
19 16 2
19 17 3
19 18 6
20 0 10
20 1 1
20 2 7
20 3 1
20 4 2
20 5 10
20 6 6
20 7 3
20 8 4
20 9 6
20 10 10
20 11 8
20 12 6
20 13 9
20 14 8
20 15 6
20 16 3
20 17 2
20 18 5
20 19 10
21 0 6
21 1 3
21 2 7
21 3 5
21 4 3
21 5 9
21 6 3
21 7 6
21 8 2
21 9 9
21 10 6
21 11 10
21 12 3
21 13 10
21 14 2
21 15 4
21 16 8
21 17 2
21 18 3
21 19 10
21 20 10
22 0 10
22 1 4
22 2 7
22 3 8
22 4 6
22 5 8
22 6 8
22 7 1
22 8 8
22 9 1
22 10 6
22 11 3
22 12 2
22 13 4
22 14 6
22 15 7
22 16 2
22 17 8
22 18 3
22 19 4
22 20 6
22 21 10
23 0 3
23 1 3
23 2 3
23 3 6
23 4 3
23 5 6
23 6 7
23 7 2
23 8 2
23 9 3
23 10 3
23 11 9
23 12 7
23 13 4
23 14 3
23 15 1
23 16 6
23 17 1
23 18 5
23 19 9
23 20 6
23 21 6
23 22 5
24 0 4
24 1 2
24 2 10
24 3 5
24 4 4
24 5 9
24 6 10
24 7 6
24 8 10
24 9 4
24 10 7
24 11 1
24 12 10
24 13 5
24 14 8
24 15 9
24 16 1
24 17 2
24 18 7
24 19 1
24 20 1
24 21 8
24 22 5
24 23 10
25 0 1
25 1 8
25 2 10
25 3 7
25 4 8
25 5 6
25 6 8
25 7 8
25 8 8
25 9 3
25 10 1
25 11 5
25 12 3
25 13 7
25 14 4
25 15 9
25 16 6
25 17 4
25 18 10
25 19 1
25 20 5
25 21 4
25 22 3
25 23 10
25 24 5
26 0 2
26 1 6
26 2 9
26 3 3
26 4 7
26 5 8
26 6 2
26 7 9
26 8 2
26 9 9
26 10 7
26 11 3
26 12 2
26 13 10
26 14 9
26 15 3
26 16 1
26 17 2
26 18 7
26 19 1
26 20 5
26 21 2
26 22 8
26 23 2
26 24 6
26 25 4
27 0 10
27 1 2
27 2 9
27 3 2
27 4 7
27 5 9
27 6 9
27 7 5
27 8 4
27 9 7
27 10 4
27 11 4
27 12 1
27 13 3
27 14 1
27 15 7
27 16 5
27 17 6
27 18 3
27 19 10
27 20 10
27 21 1
27 22 10
27 23 9
27 24 1
27 25 3
27 26 2
28 0 7
28 1 7
28 2 7
28 3 7
28 4 4
28 5 10
28 6 2
28 7 9
28 8 6
28 9 9
28 10 5
28 11 1
28 12 9
28 13 2
28 14 7
28 15 3
28 16 5
28 17 5
28 18 1
28 19 2
28 20 10
28 21 4
28 22 9
28 23 2
28 24 10
28 25 9
28 26 3
28 27 2
29 0 2
29 1 7
29 2 2
29 3 4
29 4 7
29 5 2
29 6 9
29 7 10
29 8 10
29 9 9
29 10 10
29 11 9
29 12 3
29 13 6
29 14 9
29 15 7
29 16 5
29 17 9
29 18 8
29 19 5
29 20 1
29 21 3
29 22 10
29 23 9
29 24 2
29 25 6
29 26 8
29 27 6
29 28 7
