30
1 0 5
2 0 5
2 1 1
3 0 4
3 1 5
3 2 7
4 0 2
4 1 4
4 2 7
4 3 6
5 0 5
5 1 7
5 2 2
5 3 1
5 4 2
6 0 2
6 1 3
6 2 6
6 3 4
6 4 7
6 5 4
7 0 3
7 1 4
7 2 3
7 3 1
7 4 3
7 5 6
7 6 7
8 0 1
8 1 4
8 2 5
8 3 7
8 4 4
8 5 5
8 6 6
8 7 3
9 0 5
9 1 3
9 2 2
9 3 5
9 4 6
9 5 6
9 6 1
9 7 3
9 8 6
10 0 6
10 1 6
10 2 1
10 3 4
10 4 4
10 5 6
10 6 7
10 7 3
10 8 5
10 9 2
11 0 4
11 1 1
11 2 5
11 3 5
11 4 6
11 5 2
11 6 2
11 7 4
11 8 7
11 9 7
11 10 2
12 0 7
12 1 7
12 2 5
12 3 5
12 4 1
12 5 1
12 6 2
12 7 2
12 8 4
12 9 4
12 10 5
12 11 2
13 0 7
13 1 4
13 2 6
13 3 1
13 4 6
13 5 4
13 6 3
13 7 6
13 8 6
13 9 7
13 10 2
13 11 4
13 12 1
14 0 7
14 1 3
14 2 5
14 3 7
14 4 6
14 5 6
14 6 2
14 7 2
14 8 6
14 9 2
14 10 4
14 11 4
14 12 4
14 13 2
15 0 6
15 1 2
15 2 6
15 3 4
15 4 5
15 5 5
15 6 1
15 7 3
15 8 5
15 9 5
15 10 2
15 11 7
15 12 5
15 13 6
15 14 5
16 0 6
16 1 7
16 2 6
16 3 4
16 4 2
16 5 4
16 6 6
16 7 6
16 8 1
16 9 1
16 10 4
16 11 5
16 12 4
16 13 4
16 14 6
16 15 7
17 0 2
17 1 6
17 2 6
17 3 3
17 4 5
17 5 7
17 6 2
17 7 3
17 8 4
17 9 5
17 10 3
17 11 6
17 12 7
17 13 2
17 14 1
17 15 7
17 16 2
18 0 2
18 1 5
18 2 6
18 3 2
18 4 7
18 5 6
18 6 7
18 7 5
18 8 5
18 9 7
18 10 4
18 11 2
18 12 4
18 13 6
18 14 1
18 15 5
18 16 3
18 17 2
19 0 5
19 1 7
19 2 7
19 3 3
19 4 5
19 5 6
19 6 3
19 7 1
19 8 7
19 9 6
19 10 6
19 11 1
19 12 6
19 13 1
19 14 2
19 15 4
19 16 5
19 17 6
19 18 7
20 0 6
20 1 6
20 2 3
20 3 2
20 4 5
20 5 2
20 6 6
20 7 4
20 8 7
20 9 4
20 10 4
20 11 4
20 12 2
20 13 4
20 14 5
20 15 3
20 16 6
20 17 6
20 18 5
20 19 3
21 0 4
21 1 5
21 2 2
21 3 2
21 4 1
21 5 1
21 6 3
21 7 7
21 8 5
21 9 7
21 10 7
21 11 4
21 12 2
21 13 5
21 14 2
21 15 4
21 16 1
21 17 6
21 18 5
21 19 3
21 20 2
22 0 4
22 1 5
22 2 1
22 3 1
22 4 5
22 5 6
22 6 2
22 7 1
22 8 4
22 9 5
22 10 2
22 11 1
22 12 5
22 13 1
22 14 7
22 15 5
22 16 1
22 17 4
22 18 2
22 19 1
22 20 7
22 21 1
23 0 5
23 1 3
23 2 5
23 3 6
23 4 2
23 5 7
23 6 7
23 7 5
23 8 6
23 9 4
23 10 7
23 11 6
23 12 4
23 13 7
23 14 4
23 15 2
23 16 6
23 17 6
23 18 6
23 19 7
23 20 1
23 21 6
23 22 4
24 0 4
24 1 3
24 2 4
24 3 2
24 4 1
24 5 3
24 6 3
24 7 6
24 8 5
24 9 2
24 10 1
24 11 7
24 12 3
24 13 5
24 14 4
24 15 5
24 16 1
24 17 1
24 18 4
24 19 3
24 20 1
24 21 2
24 22 7
24 23 6
25 0 2
25 1 5
25 2 5
25 3 1
25 4 6
25 5 6
25 6 3
25 7 6
25 8 5
25 9 2
25 10 1
25 11 5
25 12 6
25 13 2
25 14 6
25 15 7
25 16 6
25 17 3
25 18 4
25 19 2
25 20 3
25 21 4
25 22 7
25 23 6
25 24 6
26 0 4
26 1 4
26 2 3
26 3 7
26 4 5
26 5 5
26 6 7
26 7 2
26 8 4
26 9 4
26 10 5
26 11 6
26 12 4
26 13 6
26 14 2
26 15 6
26 16 6
26 17 6
26 18 4
26 19 2
26 20 3
26 21 2
26 22 7
26 23 6
26 24 2
26 25 6
27 0 5
27 1 1
27 2 1
27 3 7
27 4 5
27 5 3
27 6 5
27 7 2
27 8 4
27 9 7
27 10 1
27 11 6
27 12 3
27 13 4
27 14 7
27 15 4
27 16 1
27 17 4
27 18 2
27 19 1
27 20 5
27 21 5
27 22 4
27 23 6
27 24 7
27 25 1
27 26 4
28 0 5
28 1 2
28 2 3
28 3 2
28 4 1
28 5 3
28 6 2
28 7 2
28 8 6
28 9 4
28 10 6
28 11 5
28 12 1
28 13 7
28 14 6
28 15 6
28 16 4
28 17 1
28 18 5
28 19 7
28 20 5
28 21 5
28 22 3
28 23 6
28 24 1
28 25 7
28 26 3
28 27 5
29 0 6
29 1 4
29 2 7
29 3 4
29 4 6
29 5 6
29 6 6
29 7 2
29 8 5
29 9 4
29 10 7
29 11 3
29 12 7
29 13 2
29 14 5
29 15 1
29 16 4
29 17 3
29 18 1
29 19 4
29 20 5
29 21 6
29 22 5
29 23 5
29 24 1
29 25 7
29 26 6
29 27 3
29 28 2
