40
2 1 4
3 0 1
3 2 8
5 0 3
5 2 9
5 3 4
6 0 9
6 3 6
7 3 5
7 4 1
7 5 3
7 6 2
8 0 3
8 1 3
8 2 3
8 4 2
8 5 2
8 6 3
9 2 5
9 4 3
9 6 9
9 8 4
10 2 8
10 4 3
10 5 5
10 7 9
10 9 2
11 0 9
11 2 8
11 3 7
11 4 5
11 5 4
11 6 2
11 7 5
11 9 7
12 2 7
12 3 9
12 5 6
12 6 7
12 8 2
12 11 5
13 0 3
13 1 1
13 3 1
13 4 7
13 5 5
13 6 6
13 7 2
13 11 5
14 2 4
14 3 6
14 6 1
14 7 4
14 8 5
14 9 7
14 10 5
14 11 8
14 12 5
14 13 3
15 0 3
15 1 3
15 2 8
15 6 9
15 9 2
15 12 6
15 13 3
16 0 7
16 1 2
16 3 4
16 6 3
16 8 1
16 9 8
16 13 8
16 15 3
17 0 3
17 5 2
17 12 7
17 16 1
18 0 8
18 1 7
18 3 1
18 4 3
18 6 3
18 11 6
18 15 7
18 16 7
18 17 6
19 0 6
19 1 2
19 3 9
19 4 3
19 5 4
19 7 6
19 8 4
19 12 8
19 16 3
19 18 4
20 1 2
20 2 7
20 3 1
20 5 2
20 6 5
20 7 3
20 9 6
20 10 9
20 12 9
20 15 6
20 16 8
20 17 7
20 18 2
21 0 2
21 1 2
21 3 6
21 6 1
21 8 8
21 9 7
21 10 3
21 12 7
21 14 9
22 0 6
22 2 7
22 4 8
22 5 5
22 7 7
22 11 2
22 13 6
22 14 6
22 16 7
22 19 5
22 20 1
22 21 5
23 0 6
23 1 9
23 3 8
23 4 2
23 5 1
23 7 7
23 9 5
23 11 3
23 12 2
23 21 2
23 22 1
24 0 6
24 1 3
24 2 5
24 4 5
24 5 1
24 6 7
24 7 1
24 9 2
24 10 6
24 11 1
24 12 7
24 21 6
24 22 9
25 0 1
25 4 7
25 5 8
25 6 6
25 7 3
25 8 8
25 12 7
25 17 1
25 18 1
25 22 4
25 23 9
26 0 9
26 1 6
26 4 5
26 5 9
26 7 4
26 10 2
26 12 9
26 13 6
26 14 4
26 19 9
26 20 4
26 24 5
27 1 6
27 2 6
27 3 1
27 5 6
27 6 2
27 7 8
27 13 9
27 21 7
27 22 2
28 2 6
28 4 1
28 5 5
28 8 6
28 11 6
28 13 7
28 15 2
28 16 6
28 20 8
28 21 7
28 22 6
28 24 7
28 27 6
29 2 6
29 3 3
29 6 5
29 8 7
29 11 9
29 13 4
29 15 9
29 16 2
29 19 9
29 24 5
29 27 6
29 28 2
30 1 2
30 6 4
30 7 5
30 11 2
30 13 3
30 15 2
30 18 4
30 19 7
30 20 5
30 25 8
30 26 5
31 0 6
31 1 1
31 2 3
31 3 7
31 4 6
31 5 5
31 6 3
31 10 3
31 12 4
31 16 5
31 18 7
31 19 4
31 20 7
31 22 3
31 24 4
31 25 6
31 27 5
31 30 3
32 0 2
32 1 3
32 6 3
32 7 8
32 8 4
32 9 5
32 13 1
32 14 2
32 17 3
32 18 9
32 20 8
32 21 1
32 22 5
32 24 7
32 26 2
32 29 2
32 30 2
32 31 1
33 2 7
33 3 9
33 6 9
33 7 1
33 11 3
33 14 7
33 15 9
33 17 6
33 18 7
33 19 4
33 20 5
33 21 4
33 25 6
33 26 3
33 28 4
33 31 8
34 0 7
34 1 2
34 2 8
34 3 2
34 5 9
34 7 1
34 8 6
34 13 3
34 14 7
34 23 9
34 24 5
34 25 9
34 26 9
34 27 1
34 29 2
34 30 2
34 32 8
35 0 6
35 2 4
35 4 8
35 6 2
35 8 2
35 9 9
35 10 8
35 11 4
35 12 8
35 13 5
35 14 1
35 15 1
35 19 8
35 21 9
35 22 2
35 24 3
35 29 9
35 30 3
35 32 8
36 1 5
36 2 7
36 3 9
36 5 9
36 6 8
36 7 4
36 8 3
36 9 9
36 19 3
36 20 9
36 21 5
36 25 4
36 26 2
36 27 6
36 28 4
36 29 8
36 31 5
36 32 4
36 35 9
37 1 7
37 2 4
37 5 8
37 6 4
37 8 9
37 11 5
37 12 5
37 13 7
37 15 2
37 17 9
37 18 6
37 21 3
37 22 4
37 23 9
37 25 9
37 30 6
37 33 9
37 34 1
37 36 6
38 4 7
38 6 4
38 7 8
38 9 4
38 10 4
38 12 1
38 13 7
38 15 7
38 17 6
38 19 3
38 20 8
38 21 3
38 24 6
38 25 9
38 27 5
38 32 1
38 34 5
38 36 5
39 0 4
39 1 8
39 4 6
39 5 8
39 7 6
39 9 4
39 13 4
39 15 7
39 16 2
39 17 5
39 18 9
39 20 5
39 23 5
39 25 4
39 26 1
39 28 2
39 30 1
39 31 8
39 32 9
39 34 2
39 37 8
