15
1 0 3
2 0 3
2 1 2
3 0 1
3 1 2
3 2 2
4 0 3
4 1 1
4 2 1
4 3 2
5 0 1
5 1 1
5 2 1
5 3 3
5 4 1
6 0 2
6 1 2
6 2 2
6 3 3
6 4 3
6 5 3
7 0 2
7 1 1
7 2 2
7 3 2
7 4 3
7 5 1
7 6 3
8 0 1
8 1 2
8 2 1
8 3 3
8 4 2
8 5 3
8 6 3
8 7 1
9 0 2
9 1 2
9 2 1
9 3 3
9 4 3
9 5 3
9 6 3
9 7 1
9 8 3
10 0 1
10 1 2
10 2 2
10 3 3
10 4 3
10 5 1
10 6 1
10 7 3
10 8 2
10 9 3
11 0 2
11 1 2
11 2 1
11 3 3
11 4 1
11 5 3
11 6 2
11 7 3
11 8 1
11 9 2
11 10 2
12 0 1
12 1 2
12 2 2
12 3 1
12 4 3
12 5 3
12 6 1
12 7 3
12 8 3
12 9 3
12 10 1
12 11 2
13 0 3
13 1 1
13 2 3
13 3 2
13 4 1
13 5 1
13 6 2
13 7 1
13 8 1
13 9 2
13 10 1
13 11 2
13 12 3
14 0 3
14 1 2
14 2 3
14 3 3
14 4 1
14 5 1
14 6 3
14 7 2
14 8 3
14 9 3
14 10 1
14 11 1
14 12 2
14 13 3
