60
1 0 7
3 0 2
3 2 5
4 0 5
4 1 9
4 3 10
5 0 8
5 3 7
6 3 10
6 4 7
7 1 2
8 0 7
8 2 4
8 4 4
8 5 6
9 0 6
9 2 9
9 3 1
9 5 7
9 6 7
9 7 2
10 3 4
10 4 7
10 8 5
10 9 3
11 0 5
11 2 3
11 3 2
11 4 10
11 5 1
11 8 5
11 9 9
12 0 10
12 3 8
12 4 9
12 5 7
12 8 8
12 9 4
12 10 7
12 11 8
13 0 3
13 2 3
13 7 4
13 8 10
13 11 4
13 12 9
14 0 4
14 4 4
14 5 9
14 6 3
14 7 1
14 9 1
14 11 7
14 12 6
14 13 10
15 0 5
15 1 8
15 5 6
15 6 3
15 7 8
15 10 4
15 14 7
16 1 2
16 2 4
16 6 1
16 8 6
16 9 10
16 11 5
16 13 1
16 14 6
17 3 7
17 5 10
17 7 5
17 9 10
17 10 9
17 12 2
17 13 4
17 14 5
18 1 3
18 3 1
18 4 6
18 5 10
18 11 3
18 13 2
18 15 1
19 1 4
19 2 1
19 4 8
19 5 8
19 6 4
19 15 3
19 17 8
20 3 9
20 5 10
20 8 8
20 9 5
20 10 4
20 12 8
20 15 8
20 16 6
20 17 10
20 19 10
21 0 3
21 2 10
21 3 4
21 4 4
21 5 8
21 6 9
21 9 2
21 10 4
21 11 5
21 12 10
21 13 9
21 14 3
21 16 5
21 17 1
21 18 5
21 19 10
22 2 6
22 8 3
22 9 6
22 10 4
22 11 6
22 13 4
22 14 2
22 18 2
22 19 2
23 1 8
23 4 5
23 5 8
23 7 3
23 8 4
23 9 6
23 11 9
23 13 8
23 14 5
23 16 5
23 17 1
23 18 8
23 19 8
23 20 10
23 21 5
24 0 5
24 1 9
24 2 7
24 3 7
24 4 10
24 8 4
24 9 5
24 10 9
24 11 5
24 15 4
24 19 4
24 21 8
24 22 7
24 23 1
25 0 10
25 2 3
25 3 5
25 4 10
25 6 6
25 10 6
25 13 4
25 15 7
25 16 5
25 17 8
25 19 5
25 20 7
25 21 7
25 23 3
26 1 2
26 3 3
26 4 3
26 5 7
26 6 8
26 7 2
26 8 4
26 11 9
26 12 1
26 13 9
26 16 6
26 18 4
26 19 9
26 20 8
26 21 9
26 25 5
27 1 5
27 3 7
27 4 9
27 5 10
27 6 6
27 10 4
27 12 10
27 15 10
27 20 8
27 25 7
27 26 5
28 1 10
28 2 5
28 4 9
28 6 1
28 9 7
28 10 9
28 11 4
28 15 5
28 16 1
28 17 8
28 21 8
28 25 4
28 26 6
29 2 8
29 6 4
29 7 1
29 8 8
29 12 4
29 20 10
29 23 2
29 24 6
29 26 8
29 27 8
29 28 9
30 0 4
30 1 1
30 2 3
30 3 3
30 5 10
30 9 10
30 10 6
30 14 8
30 16 2
30 21 1
30 24 4
30 27 9
30 28 2
30 29 2
31 1 3
31 3 2
31 6 5
31 7 10
31 8 7
31 9 10
31 10 5
31 12 4
31 15 10
31 16 8
31 18 2
31 19 6
31 21 9
31 22 9
31 23 9
31 25 10
31 27 4
31 30 7
32 1 1
32 2 10
32 3 8
32 5 6
32 7 4
32 11 1
32 13 8
32 16 10
32 17 1
32 19 4
32 21 7
32 22 4
32 23 9
32 24 7
32 25 2
32 26 2
32 30 1
32 31 7
33 0 1
33 1 1
33 2 2
33 3 10
33 4 4
33 5 7
33 6 7
33 9 3
33 11 9
33 12 6
33 15 3
33 20 1
33 21 5
33 23 6
33 24 4
33 26 5
33 27 7
33 28 9
33 30 6
33 31 10
33 32 7
34 0 2
34 2 1
34 3 2
34 4 4
34 9 9
34 11 7
34 14 2
34 18 10
34 20 3
34 24 9
34 27 5
34 28 1
34 29 1
34 31 5
34 33 3
35 1 10
35 2 9
35 3 8
35 5 5
35 7 3
35 9 6
35 11 1
35 12 10
35 13 6
35 14 3
35 16 5
35 17 3
35 18 6
35 21 3
35 22 6
35 23 8
35 24 10
35 25 7
35 27 3
35 28 2
35 29 9
35 31 2
35 33 6
36 1 1
36 3 5
36 4 10
36 5 4
36 7 10
36 10 8
36 14 10
36 19 10
36 20 5
36 23 4
36 26 6
36 29 7
36 30 3
36 31 5
36 33 9
36 35 6
37 0 4
37 5 3
37 6 9
37 7 1
37 9 9
37 10 5
37 11 8
37 12 1
37 13 7
37 14 9
37 16 3
37 17 5
37 20 4
37 21 3
37 22 10
37 25 1
37 26 1
37 28 5
37 29 8
37 30 2
37 35 4
37 36 3
38 3 3
38 4 4
38 5 1
38 6 3
38 7 7
38 8 6
38 9 3
38 10 1
38 12 7
38 13 5
38 15 9
38 18 6
38 20 7
38 22 1
38 23 5
38 24 4
38 26 5
38 27 7
38 28 8
38 29 2
38 30 6
38 32 5
38 34 8
38 35 6
38 36 3
39 0 5
39 1 9
39 2 8
39 3 8
39 5 8
39 7 6
39 8 2
39 12 6
39 17 7
39 19 5
39 20 4
39 21 8
39 22 4
39 26 8
39 27 10
39 31 5
39 32 6
39 34 9
39 36 2
39 37 2
40 1 1
40 2 10
40 9 3
40 10 6
40 12 6
40 14 5
40 15 10
40 16 9
40 17 10
40 19 10
40 21 5
40 25 7
40 27 7
40 29 5
40 31 9
40 35 2
40 36 8
40 38 1
40 39 1
41 1 3
41 2 8
41 5 7
41 6 6
41 7 3
41 10 5
41 11 9
41 14 5
41 16 4
41 17 4
41 20 6
41 21 4
41 25 2
41 27 5
41 31 9
41 37 4
41 40 5
42 1 3
42 3 7
42 4 8
42 8 4
42 10 8
42 11 6
42 12 10
42 15 1
42 17 4
42 18 10
42 20 8
42 21 6
42 22 1
42 24 1
42 25 9
42 27 3
42 28 5
42 29 10
42 30 2
42 37 8
42 41 1
43 0 1
43 1 8
43 3 1
43 4 7
43 6 8
43 7 9
43 16 1
43 17 3
43 18 8
43 21 9
43 22 8
43 23 10
43 36 6
43 39 5
43 40 6
43 41 7
44 0 5
44 1 8
44 5 4
44 6 8
44 8 9
44 9 2
44 13 5
44 17 5
44 19 4
44 21 1
44 22 5
44 24 2
44 25 10
44 26 3
44 27 2
44 29 7
44 30 1
44 32 1
44 35 1
44 37 7
44 39 4
44 41 10
44 42 7
44 43 10
45 0 2
45 1 8
45 4 8
45 5 6
45 6 10
45 8 7
45 11 6
45 12 10
45 15 2
45 16 6
45 17 7
45 18 9
45 19 5
45 21 8
45 23 2
45 24 2
45 26 1
45 28 5
45 29 3
45 30 3
45 31 2
45 32 2
45 34 6
45 35 3
45 39 8
45 42 5
45 43 1
45 44 7
46 3 8
46 5 10
46 6 5
46 8 10
46 17 8
46 18 8
46 20 4
46 21 8
46 24 2
46 26 8
46 29 3
46 36 9
46 37 2
46 38 10
46 40 7
46 42 7
46 44 4
46 45 10
47 2 4
47 3 1
47 5 3
47 8 2
47 9 6
47 10 9
47 11 7
47 13 8
47 14 5
47 16 6
47 20 2
47 21 4
47 24 6
47 26 10
47 27 8
47 28 10
47 30 7
47 32 4
47 33 4
47 35 5
47 37 7
47 40 10
47 42 7
47 43 9
47 44 9
48 2 6
48 3 3
48 5 8
48 6 6
48 10 6
48 11 4
48 17 6
48 19 5
48 20 8
48 23 6
48 25 3
48 28 8
48 29 10
48 30 10
48 31 8
48 32 2
48 34 3
48 35 10
48 37 10
48 39 6
48 40 4
48 43 1
48 47 3
49 0 10
49 2 7
49 5 4
49 6 1
49 7 2
49 8 7
49 9 1
49 10 8
49 13 8
49 14 1
49 15 3
49 16 5
49 17 3
49 21 4
49 23 3
49 26 9
49 27 6
49 29 4
49 31 5
49 32 10
49 35 2
49 36 10
49 37 9
49 38 3
49 41 10
49 43 7
49 44 6
49 45 5
49 46 3
49 47 8
50 0 7
50 1 8
50 2 5
50 4 2
50 6 8
50 8 10
50 9 4
50 10 4
50 13 6
50 15 3
50 18 5
50 20 1
50 24 3
50 25 4
50 26 3
50 29 2
50 31 9
50 32 8
50 40 8
50 41 3
50 42 5
50 43 10
50 45 4
50 47 5
51 1 4
51 3 6
51 4 5
51 6 6
51 7 8
51 9 9
51 10 10
51 13 3
51 15 1
51 16 7
51 20 8
51 24 4
51 26 9
51 27 6
51 30 2
51 31 8
51 32 2
51 33 8
51 34 7
51 36 4
51 40 7
51 43 9
51 44 6
51 45 2
51 48 9
52 0 5
52 1 5
52 3 2
52 5 4
52 7 4
52 8 6
52 11 1
52 12 5
52 13 10
52 14 5
52 15 5
52 16 9
52 17 2
52 20 3
52 24 1
52 27 8
52 28 3
52 29 5
52 30 6
52 32 7
52 38 5
52 40 8
52 42 2
52 43 8
52 44 4
52 45 10
52 46 8
52 47 7
52 48 5
53 1 4
53 3 10
53 5 7
53 6 1
53 8 7
53 9 10
53 10 3
53 11 8
53 15 1
53 17 10
53 25 3
53 28 1
53 29 3
53 30 3
53 32 2
53 34 1
53 35 8
53 37 7
53 39 8
53 41 1
53 44 4
53 45 8
53 48 3
53 50 7
54 2 1
54 3 4
54 5 4
54 7 8
54 9 1
54 17 1
54 19 6
54 22 4
54 24 7
54 25 4
54 26 5
54 27 4
54 28 7
54 32 1
54 34 4
54 35 4
54 36 9
54 39 2
54 40 3
54 41 7
54 42 4
54 43 8
54 44 4
54 46 9
54 47 1
54 48 4
54 49 7
54 51 9
55 0 9
55 1 1
55 6 5
55 12 2
55 13 9
55 14 8
55 15 5
55 16 6
55 19 7
55 20 5
55 21 8
55 23 2
55 26 9
55 27 8
55 28 8
55 29 7
55 30 3
55 33 2
55 36 9
55 40 4
55 41 6
55 42 1
55 45 8
55 48 9
55 50 8
55 51 2
56 3 9
56 4 10
56 5 2
56 6 4
56 7 5
56 8 5
56 10 3
56 11 9
56 13 9
56 14 10
56 15 2
56 16 2
56 17 10
56 22 3
56 23 10
56 26 9
56 27 7
56 33 4
56 34 7
56 35 3
56 36 3
56 37 10
56 39 10
56 41 7
56 42 5
56 43 6
56 44 3
56 49 10
56 50 9
56 51 8
56 54 10
56 55 9
57 0 9
57 1 5
57 6 4
57 12 7
57 13 10
57 15 5
57 17 8
57 20 9
57 23 4
57 25 9
57 29 5
57 34 2
57 36 1
57 37 10
57 40 6
57 41 6
57 43 6
57 45 5
57 49 3
57 50 5
57 51 5
57 52 7
57 53 9
57 54 8
58 0 5
58 1 2
58 3 7
58 9 2
58 11 10
58 14 10
58 18 4
58 19 10
58 25 2
58 26 1
58 27 7
58 30 8
58 33 10
58 36 9
58 40 7
58 41 7
58 43 2
58 46 6
58 47 8
58 49 8
58 52 7
58 53 7
58 54 4
58 55 10
58 57 9
59 3 7
59 11 3
59 12 8
59 13 1
59 15 5
59 17 3
59 18 1
59 19 8
59 23 4
59 24 4
59 26 2
59 27 9
59 31 4
59 34 10
59 36 5
59 37 2
59 38 7
59 49 2
59 50 5
59 52 4
59 53 10
59 54 1
59 58 8
