20
1 0 1
2 0 2
2 1 2
3 0 1
3 1 2
3 2 2
4 0 2
4 1 1
4 2 1
4 3 1
5 0 2
5 1 2
5 2 1
5 3 2
5 4 2
6 0 1
6 1 1
6 2 1
6 3 2
6 4 1
6 5 1
7 0 2
7 1 2
7 2 2
7 3 1
7 4 2
7 5 1
7 6 1
8 0 2
8 1 1
8 2 2
8 3 2
8 4 2
8 5 1
8 6 2
8 7 1
9 0 1
9 1 1
9 2 2
9 3 2
9 4 1
9 5 2
9 6 1
9 7 2
9 8 1
10 0 2
10 1 1
10 2 2
10 3 2
10 4 1
10 5 1
10 6 2
10 7 2
10 8 2
10 9 2
11 0 1
11 1 1
11 2 1
11 3 1
11 4 1
11 5 2
11 6 2
11 7 2
11 8 1
11 9 2
11 10 1
12 0 2
12 1 1
12 2 2
12 3 2
12 4 2
12 5 2
12 6 1
12 7 2
12 8 1
12 9 1
12 10 1
12 11 2
13 0 1
13 1 2
13 2 1
13 3 1
13 4 1
13 5 1
13 6 2
13 7 1
13 8 2
13 9 2
13 10 1
13 11 2
13 12 2
14 0 2
14 1 2
14 2 2
14 3 2
14 4 2
14 5 1
14 6 2
14 7 2
14 8 1
14 9 1
14 10 2
14 11 2
14 12 1
14 13 2
15 0 2
15 1 1
15 2 2
15 3 1
15 4 1
15 5 1
15 6 2
15 7 2
15 8 1
15 9 1
15 10 2
15 11 1
15 12 2
15 13 2
15 14 1
16 0 1
16 1 1
16 2 1
16 3 2
16 4 1
16 5 1
16 6 2
16 7 2
16 8 2
16 9 2
16 10 2
16 11 1
16 12 2
16 13 1
16 14 1
16 15 2
17 0 1
17 1 1
17 2 1
17 3 2
17 4 2
17 5 2
17 6 1
17 7 2
17 8 2
17 9 2
17 10 2
17 11 2
17 12 1
17 13 1
17 14 1
17 15 2
17 16 2
18 0 2
18 1 2
18 2 2
18 3 1
18 4 2
18 5 1
18 6 2
18 7 2
18 8 1
18 9 1
18 10 2
18 11 1
18 12 2
18 13 2
18 14 2
18 15 2
18 16 1
18 17 1
19 0 2
19 1 1
19 2 2
19 3 2
19 4 2
19 5 1
19 6 2
19 7 2
19 8 2
19 9 2
19 10 1
19 11 1
19 12 2
19 13 2
19 14 1
19 15 1
19 16 1
19 17 2
19 18 2
