30
1 0 5
2 0 5
2 1 5
3 0 5
3 1 5
3 2 1
4 0 4
4 1 3
4 2 3
4 3 5
5 0 3
5 1 6
5 2 2
5 3 5
5 4 6
6 0 6
6 1 2
6 2 3
6 3 2
6 4 4
6 5 1
7 0 5
7 1 5
7 2 3
7 3 5
7 4 6
7 5 5
7 6 4
8 0 4
8 1 3
8 2 3
8 3 1
8 4 3
8 5 1
8 6 4
8 7 6
9 0 4
9 1 5
9 2 1
9 3 2
9 4 3
9 5 5
9 6 3
9 7 6
9 8 6
10 0 5
10 1 1
10 2 5
10 3 4
10 4 5
10 5 1
10 6 1
10 7 6
10 8 5
10 9 2
11 0 6
11 1 1
11 2 1
11 3 3
11 4 2
11 5 5
11 6 5
11 7 5
11 8 2
11 9 6
11 10 1
12 0 4
12 1 6
12 2 2
12 3 5
12 4 6
12 5 3
12 6 4
12 7 5
12 8 4
12 9 1
12 10 5
12 11 5
13 0 1
13 1 5
13 2 4
13 3 5
13 4 6
13 5 5
13 6 1
13 7 2
13 8 6
13 9 2
13 10 6
13 11 4
13 12 1
14 0 3
14 1 5
14 2 2
14 3 3
14 4 4
14 5 6
14 6 1
14 7 3
14 8 1
14 9 1
14 10 1
14 11 5
14 12 2
14 13 5
15 0 5
15 1 1
15 2 2
15 3 4
15 4 1
15 5 3
15 6 4
15 7 1
15 8 5
15 9 5
15 10 6
15 11 5
15 12 5
15 13 3
15 14 1
16 0 5
16 1 1
16 2 1
16 3 5
16 4 6
16 5 3
16 6 2
16 7 2
16 8 1
16 9 2
16 10 4
16 11 2
16 12 4
16 13 3
16 14 4
16 15 6
17 0 5
17 1 4
17 2 6
17 3 3
17 4 5
17 5 6
17 6 2
17 7 5
17 8 3
17 9 1
17 10 2
17 11 4
17 12 6
17 13 3
17 14 3
17 15 1
17 16 6
18 0 6
18 1 6
18 2 1
18 3 6
18 4 5
18 5 5
18 6 3
18 7 3
18 8 1
18 9 4
18 10 6
18 11 2
18 12 5
18 13 6
18 14 4
18 15 4
18 16 3
18 17 3
19 0 3
19 1 2
19 2 4
19 3 6
19 4 5
19 5 4
19 6 2
19 7 1
19 8 1
19 9 3
19 10 6
19 11 5
19 12 1
19 13 5
19 14 5
19 15 5
19 16 5
19 17 3
19 18 1
20 0 4
20 1 6
20 2 2
20 3 1
20 4 3
20 5 3
20 6 1
20 7 1
20 8 5
20 9 4
20 10 6
20 11 5
20 12 3
20 13 6
20 14 1
20 15 4
20 16 2
20 17 6
20 18 6
20 19 6
21 0 1
21 1 6
21 2 5
21 3 5
21 4 4
21 5 1
21 6 6
21 7 1
21 8 2
21 9 3
21 10 4
21 11 2
21 12 6
21 13 3
21 14 4
21 15 4
21 16 5
21 17 4
21 18 2
21 19 1
21 20 2
22 0 2
22 1 1
22 2 4
22 3 6
22 4 1
22 5 2
22 6 1
22 7 6
22 8 2
22 9 6
22 10 1
22 11 4
22 12 4
22 13 4
22 14 3
22 15 6
22 16 4
22 17 6
22 18 4
22 19 6
22 20 3
22 21 1
23 0 5
23 1 5
23 2 3
23 3 6
23 4 2
23 5 1
23 6 1
23 7 4
23 8 4
23 9 3
23 10 6
23 11 5
23 12 5
23 13 3
23 14 6
23 15 5
23 16 2
23 17 5
23 18 3
23 19 5
23 20 4
23 21 5
23 22 4
24 0 2
24 1 5
24 2 2
24 3 3
24 4 1
24 5 6
24 6 5
24 7 6
24 8 1
24 9 5
24 10 6
24 11 6
24 12 4
24 13 1
24 14 1
24 15 3
24 16 1
24 17 3
24 18 5
24 19 6
24 20 6
24 21 5
24 22 1
24 23 1
25 0 1
25 1 5
25 2 5
25 3 3
25 4 3
25 5 5
25 6 4
25 7 6
25 8 1
25 9 3
25 10 3
25 11 2
25 12 1
25 13 6
25 14 6
25 15 1
25 16 3
25 17 2
25 18 6
25 19 6
25 20 1
25 21 3
25 22 3
25 23 3
25 24 6
26 0 2
26 1 3
26 2 6
26 3 4
26 4 1
26 5 6
26 6 3
26 7 1
26 8 5
26 9 3
26 10 6
26 11 2
26 12 4
26 13 4
26 14 2
26 15 6
26 16 5
26 17 1
26 18 5
26 19 3
26 20 5
26 21 4
26 22 1
26 23 1
26 24 2
26 25 6
27 0 6
27 1 6
27 2 2
27 3 6
27 4 1
27 5 6
27 6 4
27 7 6
27 8 1
27 9 6
27 10 4
27 11 5
27 12 6
27 13 4
27 14 3
27 15 4
27 16 1
27 17 2
27 18 4
27 19 1
27 20 3
27 21 6
27 22 5
27 23 5
27 24 1
27 25 3
27 26 4
28 0 3
28 1 4
28 2 3
28 3 1
28 4 2
28 5 2
28 6 6
28 7 2
28 8 6
28 9 1
28 10 1
28 11 2
28 12 5
28 13 6
28 14 2
28 15 2
28 16 5
28 17 5
28 18 5
28 19 2
28 20 6
28 21 1
28 22 5
28 23 3
28 24 6
28 25 4
28 26 2
28 27 1
29 0 6
29 1 1
29 2 5
29 3 3
29 4 1
29 5 3
29 6 2
29 7 4
29 8 3
29 9 1
29 10 3
29 11 1
29 12 3
29 13 6
29 14 1
29 15 2
29 16 4
29 17 1
29 18 2
29 19 5
29 20 2
29 21 6
29 22 2
29 23 1
29 24 5
29 25 6
29 26 2
29 27 2
29 28 6
