30
1 0 6
3 1 8
4 0 5
4 3 9
5 0 3
6 4 10
7 0 5
7 1 7
7 4 4
8 0 4
8 3 8
8 5 3
8 6 7
8 7 4
9 3 2
9 6 4
9 7 7
9 8 3
10 0 9
10 1 4
10 2 10
10 3 6
10 4 9
10 7 1
10 8 8
11 1 6
11 2 3
11 3 5
11 4 4
11 5 5
11 7 5
11 8 10
12 0 1
12 1 8
12 3 4
12 7 7
12 11 10
13 0 5
13 2 5
13 3 6
13 7 8
13 8 2
13 9 4
13 12 6
14 0 8
14 2 3
14 4 1
14 5 5
14 9 5
14 10 7
14 13 9
15 6 4
15 9 9
15 10 7
15 11 10
15 13 6
15 14 7
16 6 2
16 7 10
16 8 3
16 12 4
16 13 1
16 14 7
17 0 5
17 1 7
17 3 6
17 4 1
17 5 1
17 8 8
17 10 4
17 11 8
18 1 2
18 2 4
18 3 9
18 6 1
18 7 7
18 8 7
18 9 10
18 10 3
18 12 9
18 14 1
19 2 6
19 4 9
19 6 2
19 7 4
19 8 2
19 11 6
19 14 7
19 17 10
19 18 4
20 2 3
20 3 2
20 7 5
20 8 5
20 11 10
20 18 6
20 19 6
21 1 4
21 4 10
21 6 1
21 8 1
21 11 7
21 12 9
21 13 3
21 14 6
21 16 1
21 17 8
21 18 9
21 19 7
22 2 1
22 4 6
22 5 3
22 6 7
22 7 10
22 10 4
22 11 6
22 12 3
22 14 1
22 17 7
22 20 4
22 21 4
23 1 10
23 4 10
23 8 9
23 12 7
23 13 4
23 14 3
23 15 2
23 17 1
23 19 8
23 21 8
23 22 10
24 1 9
24 4 1
24 5 7
24 8 8
24 9 7
24 11 9
24 13 9
24 14 6
24 15 8
24 17 2
24 18 4
24 19 6
24 20 7
24 21 5
24 22 7
25 0 9
25 1 3
25 2 7
25 4 6
25 5 2
25 6 5
25 11 2
25 13 6
25 14 5
25 17 10
25 20 4
25 21 10
25 23 8
25 24 2
26 0 5
26 2 5
26 4 6
26 6 8
26 9 9
26 10 3
26 12 8
26 14 2
26 16 8
26 18 6
26 19 3
26 20 1
26 22 8
26 24 7
26 25 1
27 0 1
27 1 6
27 2 9
27 5 10
27 7 7
27 8 9
27 11 3
27 13 2
27 16 3
27 17 8
27 20 9
27 22 7
27 25 2
27 26 9
28 0 5
28 1 2
28 4 8
28 7 5
28 8 6
28 9 10
28 10 8
28 14 10
28 16 7
28 17 9
28 18 7
28 19 9
28 20 2
28 22 8
28 26 2
29 0 10
29 1 2
29 2 5
29 5 1
29 6 1
29 10 1
29 11 7
29 12 10
29 13 6
29 14 7
29 19 7
29 20 2
29 21 1
29 24 2
29 25 8
29 26 3
29 28 2
