70
1 0 2
2 0 2
2 1 1
3 0 2
3 1 5
3 2 7
4 0 5
4 1 5
4 2 7
4 3 7
5 0 7
5 1 2
5 2 5
5 3 6
5 4 4
6 0 8
6 1 7
6 2 2
6 3 4
6 4 7
6 5 1
7 0 7
7 1 3
7 2 4
7 3 4
7 4 3
7 5 4
7 6 5
8 0 4
8 1 4
8 2 8
8 3 1
8 4 7
8 5 8
8 6 2
8 7 3
9 0 4
9 1 6
9 2 2
9 3 2
9 4 7
9 5 5
9 6 7
9 7 4
9 8 2
10 0 7
10 1 6
10 2 7
10 3 2
10 4 2
10 5 3
10 6 4
10 7 8
10 8 4
10 9 5
11 0 7
11 1 4
11 2 5
11 3 8
11 4 6
11 5 7
11 6 5
11 7 6
11 8 7
11 9 7
11 10 4
12 0 6
12 1 6
12 2 1
12 3 1
12 4 7
12 5 2
12 6 1
12 7 2
12 8 2
12 9 5
12 10 1
12 11 2
13 0 1
13 1 2
13 2 8
13 3 6
13 4 1
13 5 2
13 6 7
13 7 6
13 8 1
13 9 1
13 10 6
13 11 2
13 12 5
14 0 7
14 1 4
14 2 6
14 3 2
14 4 1
14 5 7
14 6 2
14 7 8
14 8 2
14 9 6
14 10 3
14 11 3
14 12 2
14 13 2
15 0 8
15 1 1
15 2 3
15 3 6
15 4 8
15 5 8
15 6 3
15 7 6
15 8 5
15 9 4
15 10 7
15 11 5
15 12 6
15 13 3
15 14 2
16 0 3
16 1 5
16 2 5
16 3 4
16 4 4
16 5 4
16 6 6
16 7 5
16 8 5
16 9 8
16 10 1
16 11 7
16 12 1
16 13 4
16 14 6
16 15 3
17 0 8
17 1 4
17 2 7
17 3 1
17 4 3
17 5 5
17 6 2
17 7 1
17 8 2
17 9 7
17 10 1
17 11 3
17 12 7
17 13 3
17 14 2
17 15 3
17 16 7
18 0 1
18 1 5
18 2 3
18 3 5
18 4 8
18 5 8
18 6 1
18 7 3
18 8 5
18 9 1
18 10 3
18 11 7
18 12 1
18 13 2
18 14 1
18 15 7
18 16 4
18 17 3
19 0 2
19 1 2
19 2 3
19 3 1
19 4 2
19 5 4
19 6 6
19 7 1
19 8 8
19 9 7
19 10 7
19 11 4
19 12 6
19 13 4
19 14 1
19 15 6
19 16 1
19 17 8
19 18 4
20 0 3
20 1 1
20 2 2
20 3 6
20 4 8
20 5 1
20 6 3
20 7 6
20 8 2
20 9 7
20 10 8
20 11 3
20 12 7
20 13 5
20 14 6
20 15 6
20 16 5
20 17 3
20 18 1
20 19 5
21 0 3
21 1 7
21 2 1
21 3 1
21 4 1
21 5 5
21 6 7
21 7 2
21 8 5
21 9 4
21 10 5
21 11 7
21 12 1
21 13 3
21 14 2
21 15 4
21 16 5
21 17 5
21 18 2
21 19 7
21 20 4
22 0 6
22 1 3
22 2 4
22 3 4
22 4 4
22 5 8
22 6 5
22 7 5
22 8 5
22 9 1
22 10 4
22 11 2
22 12 2
22 13 1
22 14 5
22 15 3
22 16 3
22 17 2
22 18 3
22 19 5
22 20 8
22 21 5
23 0 6
23 1 2
23 2 7
23 3 2
23 4 5
23 5 4
23 6 7
23 7 2
23 8 7
23 9 7
23 10 5
23 11 7
23 12 5
23 13 1
23 14 1
23 15 2
23 16 4
23 17 7
23 18 8
23 19 5
23 20 6
23 21 8
23 22 7
24 0 4
24 1 1
24 2 4
24 3 7
24 4 8
24 5 2
24 6 1
24 7 3
24 8 8
24 9 5
24 10 7
24 11 4
24 12 4
24 13 8
24 14 5
24 15 6
24 16 4
24 17 5
24 18 4
24 19 8
24 20 6
24 21 5
24 22 5
24 23 2
25 0 5
25 1 3
25 2 4
25 3 1
25 4 3
25 5 7
25 6 3
25 7 8
25 8 6
25 9 1
25 10 5
25 11 1
25 12 5
25 13 6
25 14 4
25 15 8
25 16 1
25 17 7
25 18 2
25 19 1
25 20 5
25 21 5
25 22 2
25 23 7
25 24 5
26 0 3
26 1 4
26 2 3
26 3 1
26 4 1
26 5 7
26 6 8
26 7 7
26 8 3
26 9 4
26 10 6
26 11 4
26 12 8
26 13 4
26 14 5
26 15 4
26 16 6
26 17 4
26 18 1
26 19 3
26 20 1
26 21 4
26 22 2
26 23 4
26 24 8
26 25 2
27 0 2
27 1 3
27 2 4
27 3 6
27 4 6
27 5 1
27 6 5
27 7 4
27 8 7
27 9 2
27 10 2
27 11 3
27 12 2
27 13 7
27 14 3
27 15 6
27 16 6
27 17 8
27 18 2
27 19 6
27 20 4
27 21 5
27 22 8
27 23 3
27 24 4
27 25 4
27 26 1
28 0 2
28 1 4
28 2 5
28 3 2
28 4 1
28 5 3
28 6 6
28 7 3
28 8 3
28 9 4
28 10 8
28 11 3
28 12 6
28 13 7
28 14 2
28 15 8
28 16 7
28 17 7
28 18 5
28 19 4
28 20 6
28 21 1
28 22 6
28 23 3
28 24 3
28 25 3
28 26 5
28 27 1
29 0 1
29 1 5
29 2 4
29 3 1
29 4 3
29 5 1
29 6 4
29 7 6
29 8 6
29 9 1
29 10 3
29 11 2
29 12 2
29 13 7
29 14 7
29 15 5
29 16 3
29 17 1
29 18 4
29 19 3
29 20 8
29 21 3
29 22 3
29 23 8
29 24 3
29 25 4
29 26 6
29 27 8
29 28 5
30 0 2
30 1 2
30 2 4
30 3 2
30 4 4
30 5 2
30 6 4
30 7 8
30 8 1
30 9 7
30 10 6
30 11 8
30 12 3
30 13 2
30 14 8
30 15 1
30 16 6
30 17 5
30 18 1
30 19 1
30 20 6
30 21 3
30 22 3
30 23 6
30 24 5
30 25 8
30 26 8
30 27 6
30 28 8
30 29 1
31 0 7
31 1 3
31 2 1
31 3 2
31 4 7
31 5 4
31 6 7
31 7 8
31 8 1
31 9 4
31 10 4
31 11 5
31 12 8
31 13 6
31 14 3
31 15 4
31 16 2
31 17 6
31 18 1
31 19 4
31 20 4
31 21 7
31 22 4
31 23 8
31 24 3
31 25 4
31 26 6
31 27 6
31 28 6
31 29 8
31 30 4
32 0 3
32 1 8
32 2 5
32 3 7
32 4 8
32 5 3
32 6 5
32 7 3
32 8 7
32 9 3
32 10 1
32 11 3
32 12 7
32 13 3
32 14 7
32 15 2
32 16 7
32 17 8
32 18 5
32 19 3
32 20 1
32 21 5
32 22 7
32 23 6
32 24 7
32 25 3
32 26 3
32 27 2
32 28 5
32 29 6
32 30 5
32 31 5
33 0 6
33 1 4
33 2 3
33 3 5
33 4 3
33 5 1
33 6 5
33 7 5
33 8 4
33 9 7
33 10 1
33 11 3
33 12 1
33 13 5
33 14 6
33 15 3
33 16 4
33 17 8
33 18 8
33 19 1
33 20 7
33 21 2
33 22 4
33 23 7
33 24 8
33 25 5
33 26 1
33 27 5
33 28 7
33 29 7
33 30 2
33 31 5
33 32 7
34 0 1
34 1 8
34 2 6
34 3 7
34 4 8
34 5 7
34 6 4
34 7 8
34 8 5
34 9 1
34 10 1
34 11 2
34 12 8
34 13 2
34 14 4
34 15 6
34 16 4
34 17 8
34 18 6
34 19 7
34 20 5
34 21 6
34 22 2
34 23 6
34 24 3
34 25 3
34 26 4
34 27 4
34 28 6
34 29 3
34 30 3
34 31 3
34 32 3
34 33 3
35 0 7
35 1 8
35 2 4
35 3 4
35 4 4
35 5 8
35 6 8
35 7 5
35 8 2
35 9 6
35 10 1
35 11 5
35 12 7
35 13 1
35 14 3
35 15 5
35 16 3
35 17 8
35 18 5
35 19 2
35 20 5
35 21 4
35 22 6
35 23 7
35 24 7
35 25 6
35 26 6
35 27 7
35 28 3
35 29 7
35 30 5
35 31 8
35 32 3
35 33 1
35 34 8
36 0 2
36 1 2
36 2 8
36 3 5
36 4 2
36 5 6
36 6 1
36 7 1
36 8 1
36 9 6
36 10 1
36 11 8
36 12 1
36 13 7
36 14 5
36 15 4
36 16 5
36 17 8
36 18 2
36 19 7
36 20 6
36 21 5
36 22 4
36 23 6
36 24 6
36 25 5
36 26 2
36 27 8
36 28 7
36 29 3
36 30 8
36 31 4
36 32 8
36 33 5
36 34 4
36 35 2
37 0 6
37 1 1
37 2 5
37 3 7
37 4 8
37 5 7
37 6 6
37 7 5
37 8 3
37 9 4
37 10 8
37 11 2
37 12 2
37 13 7
37 14 8
37 15 2
37 16 2
37 17 2
37 18 8
37 19 3
37 20 7
37 21 7
37 22 4
37 23 7
37 24 2
37 25 7
37 26 4
37 27 8
37 28 3
37 29 6
37 30 6
37 31 4
37 32 6
37 33 1
37 34 7
37 35 8
37 36 3
38 0 2
38 1 8
38 2 4
38 3 2
38 4 3
38 5 8
38 6 4
38 7 6
38 8 4
38 9 1
38 10 4
38 11 2
38 12 7
38 13 8
38 14 6
38 15 3
38 16 6
38 17 1
38 18 8
38 19 1
38 20 7
38 21 8
38 22 5
38 23 3
38 24 3
38 25 8
38 26 5
38 27 7
38 28 3
38 29 3
38 30 4
38 31 6
38 32 6
38 33 5
38 34 8
38 35 4
38 36 3
38 37 7
39 0 2
39 1 8
39 2 6
39 3 1
39 4 8
39 5 3
39 6 8
39 7 5
39 8 8
39 9 6
39 10 5
39 11 4
39 12 5
39 13 1
39 14 4
39 15 6
39 16 6
39 17 4
39 18 6
39 19 1
39 20 5
39 21 1
39 22 6
39 23 5
39 24 3
39 25 2
39 26 2
39 27 8
39 28 5
39 29 7
39 30 4
39 31 8
39 32 8
39 33 4
39 34 7
39 35 2
39 36 6
39 37 1
39 38 3
40 0 4
40 1 1
40 2 8
40 3 3
40 4 3
40 5 2
40 6 7
40 7 5
40 8 5
40 9 3
40 10 4
40 11 8
40 12 2
40 13 6
40 14 8
40 15 3
40 16 1
40 17 7
40 18 1
40 19 2
40 20 5
40 21 4
40 22 7
40 23 6
40 24 1
40 25 8
40 26 1
40 27 1
40 28 1
40 29 5
40 30 6
40 31 5
40 32 7
40 33 4
40 34 4
40 35 8
40 36 7
40 37 5
40 38 8
40 39 1
41 0 3
41 1 7
41 2 1
41 3 4
41 4 3
41 5 8
41 6 3
41 7 2
41 8 4
41 9 8
41 10 7
41 11 5
41 12 5
41 13 2
41 14 1
41 15 8
41 16 3
41 17 5
41 18 4
41 19 7
41 20 3
41 21 4
41 22 1
41 23 3
41 24 6
41 25 6
41 26 7
41 27 7
41 28 6
41 29 8
41 30 8
41 31 8
41 32 8
41 33 4
41 34 5
41 35 3
41 36 3
41 37 2
41 38 1
41 39 3
41 40 2
42 0 1
42 1 2
42 2 3
42 3 5
42 4 1
42 5 5
42 6 8
42 7 6
42 8 1
42 9 4
42 10 1
42 11 4
42 12 3
42 13 7
42 14 6
42 15 2
42 16 7
42 17 2
42 18 4
42 19 4
42 20 8
42 21 3
42 22 6
42 23 7
42 24 3
42 25 4
42 26 2
42 27 2
42 28 3
42 29 7
42 30 3
42 31 7
42 32 6
42 33 6
42 34 2
42 35 2
42 36 6
42 37 6
42 38 5
42 39 1
42 40 2
42 41 6
43 0 5
43 1 1
43 2 4
43 3 5
43 4 6
43 5 5
43 6 7
43 7 2
43 8 3
43 9 6
43 10 3
43 11 4
43 12 2
43 13 4
43 14 5
43 15 3
43 16 1
43 17 1
43 18 3
43 19 1
43 20 4
43 21 8
43 22 1
43 23 4
43 24 4
43 25 8
43 26 2
43 27 3
43 28 2
43 29 3
43 30 5
43 31 3
43 32 4
43 33 2
43 34 7
43 35 1
43 36 3
43 37 2
43 38 8
43 39 5
43 40 5
43 41 4
43 42 2
44 0 7
44 1 1
44 2 2
44 3 5
44 4 8
44 5 7
44 6 5
44 7 5
44 8 7
44 9 7
44 10 6
44 11 6
44 12 1
44 13 7
44 14 5
44 15 2
44 16 2
44 17 4
44 18 4
44 19 2
44 20 4
44 21 3
44 22 1
44 23 7
44 24 3
44 25 4
44 26 2
44 27 1
44 28 4
44 29 1
44 30 8
44 31 2
44 32 5
44 33 4
44 34 8
44 35 3
44 36 8
44 37 4
44 38 4
44 39 6
44 40 4
44 41 4
44 42 6
44 43 3
45 0 8
45 1 3
45 2 1
45 3 5
45 4 8
45 5 7
45 6 5
45 7 7
45 8 1
45 9 4
45 10 6
45 11 6
45 12 1
45 13 6
45 14 8
45 15 5
45 16 5
45 17 2
45 18 8
45 19 7
45 20 6
45 21 8
45 22 7
45 23 8
45 24 2
45 25 6
45 26 5
45 27 3
45 28 4
45 29 4
45 30 2
45 31 2
45 32 8
45 33 7
45 34 7
45 35 8
45 36 2
45 37 3
45 38 4
45 39 7
45 40 7
45 41 4
45 42 7
45 43 5
45 44 1
46 0 7
46 1 8
46 2 6
46 3 4
46 4 3
46 5 1
46 6 2
46 7 5
46 8 7
46 9 4
46 10 6
46 11 4
46 12 6
46 13 2
46 14 2
46 15 5
46 16 2
46 17 3
46 18 1
46 19 5
46 20 6
46 21 8
46 22 4
46 23 1
46 24 2
46 25 7
46 26 2
46 27 2
46 28 4
46 29 7
46 30 8
46 31 3
46 32 2
46 33 2
46 34 4
46 35 5
46 36 8
46 37 6
46 38 6
46 39 6
46 40 6
46 41 3
46 42 1
46 43 3
46 44 1
46 45 8
47 0 7
47 1 7
47 2 6
47 3 3
47 4 6
47 5 5
47 6 3
47 7 3
47 8 1
47 9 4
47 10 5
47 11 4
47 12 2
47 13 6
47 14 1
47 15 4
47 16 8
47 17 5
47 18 2
47 19 4
47 20 1
47 21 3
47 22 6
47 23 1
47 24 5
47 25 1
47 26 8
47 27 6
47 28 2
47 29 7
47 30 1
47 31 4
47 32 8
47 33 5
47 34 3
47 35 3
47 36 4
47 37 7
47 38 2
47 39 5
47 40 6
47 41 4
47 42 1
47 43 7
47 44 5
47 45 8
47 46 6
48 0 5
48 1 8
48 2 6
48 3 8
48 4 6
48 5 1
48 6 3
48 7 5
48 8 1
48 9 6
48 10 3
48 11 2
48 12 6
48 13 8
48 14 7
48 15 1
48 16 5
48 17 4
48 18 3
48 19 4
48 20 1
48 21 7
48 22 2
48 23 7
48 24 5
48 25 6
48 26 3
48 27 4
48 28 8
48 29 3
48 30 8
48 31 3
48 32 4
48 33 2
48 34 6
48 35 4
48 36 4
48 37 2
48 38 5
48 39 3
48 40 2
48 41 3
48 42 7
48 43 7
48 44 8
48 45 7
48 46 7
48 47 3
49 0 5
49 1 6
49 2 6
49 3 1
49 4 5
49 5 7
49 6 4
49 7 2
49 8 4
49 9 4
49 10 5
49 11 3
49 12 4
49 13 1
49 14 2
49 15 4
49 16 6
49 17 2
49 18 7
49 19 4
49 20 6
49 21 8
49 22 7
49 23 1
49 24 8
49 25 3
49 26 8
49 27 2
49 28 2
49 29 4
49 30 8
49 31 1
49 32 4
49 33 4
49 34 7
49 35 4
49 36 5
49 37 4
49 38 5
49 39 8
49 40 5
49 41 8
49 42 3
49 43 5
49 44 2
49 45 5
49 46 7
49 47 3
49 48 7
50 0 7
50 1 3
50 2 6
50 3 8
50 4 4
50 5 1
50 6 2
50 7 5
50 8 3
50 9 7
50 10 8
50 11 8
50 12 4
50 13 8
50 14 4
50 15 7
50 16 4
50 17 4
50 18 8
50 19 4
50 20 4
50 21 4
50 22 1
50 23 1
50 24 5
50 25 2
50 26 6
50 27 5
50 28 2
50 29 5
50 30 7
50 31 1
50 32 4
50 33 5
50 34 4
50 35 1
50 36 6
50 37 5
50 38 4
50 39 6
50 40 8
50 41 3
50 42 5
50 43 6
50 44 7
50 45 2
50 46 5
50 47 5
50 48 6
50 49 3
51 0 4
51 1 6
51 2 3
51 3 8
51 4 6
51 5 5
51 6 8
51 7 6
51 8 3
51 9 7
51 10 5
51 11 4
51 12 1
51 13 6
51 14 2
51 15 3
51 16 8
51 17 2
51 18 5
51 19 2
51 20 4
51 21 7
51 22 8
51 23 2
51 24 8
51 25 6
51 26 8
51 27 5
51 28 3
51 29 8
51 30 3
51 31 6
51 32 1
51 33 6
51 34 2
51 35 7
51 36 6
51 37 6
51 38 1
51 39 3
51 40 2
51 41 1
51 42 5
51 43 4
51 44 1
51 45 2
51 46 1
51 47 7
51 48 1
51 49 4
51 50 4
52 0 4
52 1 5
52 2 3
52 3 3
52 4 1
52 5 7
52 6 2
52 7 8
52 8 8
52 9 5
52 10 3
52 11 3
52 12 3
52 13 2
52 14 3
52 15 5
52 16 3
52 17 3
52 18 8
52 19 6
52 20 7
52 21 7
52 22 4
52 23 5
52 24 6
52 25 5
52 26 1
52 27 8
52 28 7
52 29 8
52 30 6
52 31 7
52 32 5
52 33 2
52 34 7
52 35 5
52 36 2
52 37 3
52 38 3
52 39 4
52 40 3
52 41 2
52 42 6
52 43 1
52 44 7
52 45 2
52 46 5
52 47 7
52 48 6
52 49 8
52 50 1
52 51 1
53 0 7
53 1 3
53 2 1
53 3 4
53 4 8
53 5 2
53 6 6
53 7 1
53 8 3
53 9 5
53 10 5
53 11 6
53 12 5
53 13 7
53 14 1
53 15 5
53 16 6
53 17 4
53 18 8
53 19 2
53 20 4
53 21 7
53 22 1
53 23 7
53 24 5
53 25 4
53 26 3
53 27 6
53 28 2
53 29 5
53 30 3
53 31 3
53 32 8
53 33 4
53 34 7
53 35 6
53 36 3
53 37 6
53 38 7
53 39 8
53 40 7
53 41 5
53 42 8
53 43 6
53 44 2
53 45 8
53 46 3
53 47 1
53 48 4
53 49 3
53 50 6
53 51 7
53 52 6
54 0 6
54 1 7
54 2 7
54 3 1
54 4 5
54 5 8
54 6 4
54 7 4
54 8 6
54 9 2
54 10 2
54 11 6
54 12 1
54 13 7
54 14 7
54 15 8
54 16 3
54 17 8
54 18 3
54 19 2
54 20 6
54 21 3
54 22 4
54 23 7
54 24 1
54 25 1
54 26 6
54 27 7
54 28 1
54 29 6
54 30 4
54 31 1
54 32 5
54 33 4
54 34 7
54 35 8
54 36 8
54 37 6
54 38 1
54 39 1
54 40 5
54 41 7
54 42 8
54 43 2
54 44 6
54 45 6
54 46 5
54 47 5
54 48 4
54 49 5
54 50 8
54 51 5
54 52 6
54 53 1
55 0 3
55 1 4
55 2 7
55 3 2
55 4 1
55 5 4
55 6 2
55 7 6
55 8 2
55 9 8
55 10 3
55 11 3
55 12 8
55 13 4
55 14 5
55 15 8
55 16 1
55 17 4
55 18 3
55 19 4
55 20 5
55 21 4
55 22 1
55 23 3
55 24 4
55 25 2
55 26 2
55 27 4
55 28 8
55 29 4
55 30 8
55 31 5
55 32 1
55 33 7
55 34 7
55 35 7
55 36 2
55 37 3
55 38 5
55 39 4
55 40 2
55 41 3
55 42 2
55 43 1
55 44 6
55 45 8
55 46 6
55 47 1
55 48 3
55 49 4
55 50 3
55 51 7
55 52 4
55 53 5
55 54 3
56 0 2
56 1 8
56 2 8
56 3 5
56 4 2
56 5 7
56 6 8
56 7 7
56 8 7
56 9 2
56 10 3
56 11 4
56 12 4
56 13 2
56 14 2
56 15 8
56 16 7
56 17 6
56 18 7
56 19 8
56 20 4
56 21 1
56 22 7
56 23 5
56 24 2
56 25 2
56 26 1
56 27 2
56 28 2
56 29 8
56 30 1
56 31 8
56 32 1
56 33 3
56 34 1
56 35 1
56 36 2
56 37 6
56 38 2
56 39 6
56 40 8
56 41 3
56 42 8
56 43 4
56 44 4
56 45 7
56 46 4
56 47 5
56 48 6
56 49 3
56 50 3
56 51 3
56 52 1
56 53 8
56 54 1
56 55 4
57 0 3
57 1 2
57 2 8
57 3 7
57 4 7
57 5 7
57 6 3
57 7 8
57 8 1
57 9 2
57 10 6
57 11 7
57 12 3
57 13 5
57 14 6
57 15 5
57 16 7
57 17 1
57 18 5
57 19 2
57 20 8
57 21 4
57 22 6
57 23 6
57 24 5
57 25 4
57 26 5
57 27 6
57 28 6
57 29 3
57 30 8
57 31 3
57 32 7
57 33 2
57 34 1
57 35 5
57 36 4
57 37 3
57 38 7
57 39 3
57 40 5
57 41 5
57 42 5
57 43 5
57 44 7
57 45 3
57 46 5
57 47 2
57 48 7
57 49 3
57 50 1
57 51 1
57 52 2
57 53 4
57 54 3
57 55 7
57 56 1
58 0 5
58 1 6
58 2 5
58 3 2
58 4 6
58 5 3
58 6 8
58 7 3
58 8 5
58 9 5
58 10 7
58 11 5
58 12 3
58 13 2
58 14 7
58 15 6
58 16 5
58 17 1
58 18 1
58 19 2
58 20 5
58 21 6
58 22 6
58 23 4
58 24 3
58 25 8
58 26 6
58 27 4
58 28 7
58 29 2
58 30 3
58 31 1
58 32 5
58 33 8
58 34 6
58 35 2
58 36 3
58 37 2
58 38 8
58 39 5
58 40 8
58 41 2
58 42 4
58 43 2
58 44 5
58 45 5
58 46 2
58 47 2
58 48 5
58 49 6
58 50 7
58 51 7
58 52 6
58 53 7
58 54 2
58 55 1
58 56 8
58 57 2
59 0 5
59 1 5
59 2 1
59 3 4
59 4 3
59 5 6
59 6 8
59 7 5
59 8 2
59 9 8
59 10 7
59 11 1
59 12 1
59 13 5
59 14 7
59 15 1
59 16 6
59 17 3
59 18 5
59 19 3
59 20 6
59 21 7
59 22 1
59 23 1
59 24 7
59 25 3
59 26 8
59 27 6
59 28 3
59 29 4
59 30 6
59 31 3
59 32 5
59 33 3
59 34 7
59 35 1
59 36 4
59 37 5
59 38 4
59 39 1
59 40 5
59 41 8
59 42 6
59 43 8
59 44 2
59 45 4
59 46 8
59 47 4
59 48 5
59 49 1
59 50 3
59 51 5
59 52 5
59 53 5
59 54 2
59 55 1
59 56 3
59 57 5
59 58 4
60 0 2
60 1 3
60 2 4
60 3 8
60 4 7
60 5 2
60 6 6
60 7 3
60 8 4
60 9 8
60 10 1
60 11 1
60 12 3
60 13 1
60 14 3
60 15 2
60 16 7
60 17 6
60 18 7
60 19 2
60 20 7
60 21 8
60 22 4
60 23 7
60 24 3
60 25 8
60 26 2
60 27 5
60 28 1
60 29 7
60 30 8
60 31 8
60 32 6
60 33 8
60 34 6
60 35 2
60 36 8
60 37 6
60 38 2
60 39 8
60 40 8
60 41 7
60 42 1
60 43 3
60 44 6
60 45 7
60 46 5
60 47 6
60 48 2
60 49 3
60 50 8
60 51 5
60 52 5
60 53 6
60 54 3
60 55 5
60 56 5
60 57 5
60 58 4
60 59 4
61 0 1
61 1 8
61 2 5
61 3 1
61 4 1
61 5 1
61 6 3
61 7 1
61 8 5
61 9 7
61 10 3
61 11 4
61 12 2
61 13 4
61 14 6
61 15 1
61 16 4
61 17 8
61 18 1
61 19 6
61 20 3
61 21 5
61 22 6
61 23 1
61 24 6
61 25 6
61 26 6
61 27 7
61 28 2
61 29 7
61 30 8
61 31 5
61 32 6
61 33 6
61 34 4
61 35 3
61 36 6
61 37 3
61 38 5
61 39 5
61 40 3
61 41 5
61 42 4
61 43 1
61 44 6
61 45 1
61 46 2
61 47 4
61 48 2
61 49 4
61 50 1
61 51 8
61 52 1
61 53 1
61 54 1
61 55 7
61 56 8
61 57 3
61 58 3
61 59 1
61 60 5
62 0 4
62 1 5
62 2 8
62 3 6
62 4 3
62 5 1
62 6 4
62 7 7
62 8 5
62 9 1
62 10 8
62 11 7
62 12 8
62 13 5
62 14 5
62 15 4
62 16 3
62 17 8
62 18 7
62 19 1
62 20 8
62 21 6
62 22 6
62 23 8
62 24 7
62 25 7
62 26 2
62 27 2
62 28 1
62 29 7
62 30 5
62 31 4
62 32 1
62 33 5
62 34 4
62 35 7
62 36 8
62 37 6
62 38 3
62 39 6
62 40 1
62 41 2
62 42 5
62 43 7
62 44 4
62 45 7
62 46 3
62 47 2
62 48 4
62 49 6
62 50 2
62 51 1
62 52 4
62 53 5
62 54 1
62 55 1
62 56 6
62 57 3
62 58 1
62 59 6
62 60 5
62 61 8
63 0 6
63 1 2
63 2 6
63 3 7
63 4 1
63 5 8
63 6 2
63 7 3
63 8 7
63 9 7
63 10 6
63 11 3
63 12 1
63 13 1
63 14 5
63 15 8
63 16 5
63 17 7
63 18 2
63 19 1
63 20 4
63 21 6
63 22 3
63 23 3
63 24 7
63 25 2
63 26 2
63 27 8
63 28 2
63 29 6
63 30 7
63 31 3
63 32 7
63 33 7
63 34 8
63 35 5
63 36 4
63 37 5
63 38 1
63 39 7
63 40 8
63 41 7
63 42 5
63 43 3
63 44 5
63 45 3
63 46 8
63 47 5
63 48 8
63 49 5
63 50 3
63 51 1
63 52 1
63 53 6
63 54 8
63 55 3
63 56 5
63 57 7
63 58 8
63 59 6
63 60 7
63 61 2
63 62 7
64 0 1
64 1 1
64 2 3
64 3 8
64 4 1
64 5 7
64 6 4
64 7 8
64 8 2
64 9 5
64 10 6
64 11 1
64 12 6
64 13 1
64 14 3
64 15 4
64 16 1
64 17 7
64 18 3
64 19 3
64 20 7
64 21 7
64 22 5
64 23 5
64 24 4
64 25 2
64 26 7
64 27 6
64 28 3
64 29 3
64 30 7
64 31 6
64 32 5
64 33 5
64 34 8
64 35 4
64 36 7
64 37 5
64 38 2
64 39 3
64 40 6
64 41 6
64 42 3
64 43 2
64 44 7
64 45 6
64 46 8
64 47 4
64 48 7
64 49 3
64 50 2
64 51 8
64 52 5
64 53 4
64 54 5
64 55 5
64 56 6
64 57 8
64 58 6
64 59 2
64 60 4
64 61 8
64 62 8
64 63 7
65 0 1
65 1 8
65 2 5
65 3 6
65 4 6
65 5 5
65 6 4
65 7 4
65 8 8
65 9 4
65 10 1
65 11 3
65 12 5
65 13 1
65 14 7
65 15 5
65 16 3
65 17 7
65 18 7
65 19 2
65 20 4
65 21 3
65 22 1
65 23 4
65 24 5
65 25 2
65 26 7
65 27 1
65 28 6
65 29 4
65 30 1
65 31 8
65 32 4
65 33 6
65 34 1
65 35 4
65 36 5
65 37 5
65 38 4
65 39 4
65 40 1
65 41 6
65 42 2
65 43 6
65 44 5
65 45 7
65 46 5
65 47 6
65 48 6
65 49 5
65 50 6
65 51 4
65 52 3
65 53 8
65 54 1
65 55 8
65 56 2
65 57 1
65 58 6
65 59 2
65 60 5
65 61 1
65 62 6
65 63 4
65 64 3
66 0 2
66 1 6
66 2 8
66 3 4
66 4 7
66 5 1
66 6 7
66 7 2
66 8 4
66 9 3
66 10 4
66 11 8
66 12 5
66 13 2
66 14 1
66 15 3
66 16 3
66 17 6
66 18 6
66 19 4
66 20 7
66 21 4
66 22 6
66 23 5
66 24 5
66 25 7
66 26 4
66 27 3
66 28 1
66 29 5
66 30 3
66 31 7
66 32 1
66 33 1
66 34 8
66 35 2
66 36 8
66 37 2
66 38 4
66 39 7
66 40 7
66 41 1
66 42 1
66 43 8
66 44 6
66 45 8
66 46 1
66 47 3
66 48 2
66 49 6
66 50 6
66 51 4
66 52 8
66 53 8
66 54 7
66 55 6
66 56 4
66 57 1
66 58 3
66 59 3
66 60 3
66 61 8
66 62 3
66 63 8
66 64 3
66 65 7
67 0 6
67 1 8
67 2 4
67 3 3
67 4 7
67 5 8
67 6 7
67 7 4
67 8 6
67 9 5
67 10 7
67 11 5
67 12 6
67 13 5
67 14 3
67 15 2
67 16 1
67 17 3
67 18 7
67 19 1
67 20 4
67 21 3
67 22 4
67 23 5
67 24 5
67 25 7
67 26 6
67 27 7
67 28 5
67 29 3
67 30 3
67 31 8
67 32 1
67 33 2
67 34 1
67 35 4
67 36 7
67 37 3
67 38 2
67 39 1
67 40 4
67 41 3
67 42 4
67 43 5
67 44 7
67 45 1
67 46 8
67 47 2
67 48 5
67 49 7
67 50 3
67 51 2
67 52 4
67 53 8
67 54 5
67 55 3
67 56 2
67 57 5
67 58 7
67 59 7
67 60 8
67 61 7
67 62 1
67 63 8
67 64 8
67 65 2
67 66 4
68 0 5
68 1 4
68 2 6
68 3 1
68 4 1
68 5 5
68 6 7
68 7 8
68 8 3
68 9 8
68 10 6
68 11 8
68 12 2
68 13 2
68 14 5
68 15 2
68 16 4
68 17 1
68 18 1
68 19 3
68 20 8
68 21 5
68 22 5
68 23 8
68 24 3
68 25 7
68 26 4
68 27 5
68 28 2
68 29 3
68 30 7
68 31 3
68 32 5
68 33 6
68 34 3
68 35 1
68 36 6
68 37 4
68 38 4
68 39 5
68 40 1
68 41 3
68 42 8
68 43 8
68 44 1
68 45 8
68 46 8
68 47 3
68 48 6
68 49 7
68 50 1
68 51 5
68 52 1
68 53 4
68 54 5
68 55 1
68 56 1
68 57 4
68 58 5
68 59 2
68 60 1
68 61 1
68 62 7
68 63 3
68 64 4
68 65 4
68 66 2
68 67 1
69 0 8
69 1 6
69 2 8
69 3 8
69 4 3
69 5 8
69 6 3
69 7 7
69 8 2
69 9 7
69 10 4
69 11 5
69 12 5
69 13 7
69 14 7
69 15 7
69 16 4
69 17 4
69 18 8
69 19 5
69 20 7
69 21 8
69 22 1
69 23 2
69 24 8
69 25 7
69 26 8
69 27 3
69 28 3
69 29 2
69 30 2
69 31 7
69 32 3
69 33 6
69 34 1
69 35 7
69 36 7
69 37 7
69 38 3
69 39 8
69 40 6
69 41 3
69 42 3
69 43 8
69 44 5
69 45 6
69 46 2
69 47 6
69 48 7
69 49 7
69 50 1
69 51 5
69 52 8
69 53 7
69 54 6
69 55 3
69 56 7
69 57 4
69 58 3
69 59 8
69 60 7
69 61 7
69 62 7
69 63 8
69 64 1
69 65 3
69 66 6
69 67 7
69 68 6
