20
1 0 2
2 0 4
2 1 4
3 0 1
3 1 1
3 2 2
4 0 3
4 1 1
4 2 2
4 3 3
5 0 4
5 1 3
5 2 4
5 3 4
5 4 1
6 0 2
6 1 2
6 2 1
6 3 3
6 4 4
6 5 1
7 0 3
7 1 2
7 2 4
7 3 2
7 4 1
7 5 4
7 6 2
8 0 3
8 1 4
8 2 3
8 3 1
8 4 1
8 5 1
8 6 4
8 7 1
9 0 4
9 1 4
9 2 3
9 3 2
9 4 1
9 5 2
9 6 4
9 7 2
9 8 3
10 0 2
10 1 1
10 2 3
10 3 2
10 4 1
10 5 3
10 6 1
10 7 2
10 8 3
10 9 3
11 0 3
11 1 4
11 2 4
11 3 2
11 4 2
11 5 2
11 6 1
11 7 2
11 8 1
11 9 1
11 10 1
12 0 3
12 1 1
12 2 4
12 3 2
12 4 1
12 5 2
12 6 4
12 7 4
12 8 4
12 9 2
12 10 1
12 11 1
13 0 1
13 1 3
13 2 1
13 3 1
13 4 3
13 5 3
13 6 3
13 7 2
13 8 3
13 9 3
13 10 3
13 11 1
13 12 3
14 0 1
14 1 2
14 2 1
14 3 3
14 4 4
14 5 3
14 6 1
14 7 3
14 8 1
14 9 3
14 10 2
14 11 1
14 12 1
14 13 1
15 0 3
15 1 4
15 2 2
15 3 1
15 4 2
15 5 3
15 6 2
15 7 3
15 8 1
15 9 2
15 10 2
15 11 1
15 12 1
15 13 3
15 14 1
16 0 3
16 1 1
16 2 2
16 3 3
16 4 3
16 5 1
16 6 2
16 7 2
16 8 2
16 9 2
16 10 2
16 11 3
16 12 3
16 13 1
16 14 3
16 15 1
17 0 1
17 1 4
17 2 1
17 3 4
17 4 3
17 5 1
17 6 1
17 7 1
17 8 4
17 9 1
17 10 4
17 11 3
17 12 3
17 13 4
17 14 2
17 15 3
17 16 2
18 0 1
18 1 1
18 2 2
18 3 1
18 4 3
18 5 4
18 6 1
18 7 2
18 8 2
18 9 1
18 10 3
18 11 4
18 12 2
18 13 4
18 14 3
18 15 1
18 16 2
18 17 4
19 0 2
19 1 3
19 2 4
19 3 2
19 4 2
19 5 3
19 6 1
19 7 3
19 8 4
19 9 1
19 10 1
19 11 1
19 12 4
19 13 2
19 14 1
19 15 3
19 16 4
19 17 2
19 18 4
