30
1 0 4
2 0 9
2 1 4
3 0 9
3 1 7
3 2 3
4 0 10
4 1 1
4 2 3
4 3 7
5 0 4
5 1 6
5 2 3
5 3 12
5 4 5
6 0 9
6 1 2
6 2 1
6 3 5
6 4 1
6 5 1
7 0 11
7 1 8
7 2 1
7 3 4
7 4 5
7 5 5
7 6 12
8 0 1
8 1 7
8 2 12
8 3 12
8 4 11
8 5 10
8 6 7
8 7 8
9 0 4
9 1 7
9 2 6
9 3 5
9 4 5
9 5 12
9 6 10
9 7 12
9 8 6
10 0 5
10 1 8
10 2 4
10 3 9
10 4 10
10 5 8
10 6 11
10 7 6
10 8 3
10 9 12
11 0 12
11 1 5
11 2 2
11 3 8
11 4 4
11 5 7
11 6 5
11 7 9
11 8 11
11 9 7
11 10 1
12 0 7
12 1 12
12 2 5
12 3 12
12 4 6
12 5 11
12 6 3
12 7 5
12 8 9
12 9 3
12 10 2
12 11 3
13 0 7
13 1 9
13 2 10
13 3 3
13 4 4
13 5 1
13 6 9
13 7 4
13 8 2
13 9 11
13 10 7
13 11 12
13 12 4
14 0 11
14 1 4
14 2 9
14 3 6
14 4 2
14 5 5
14 6 10
14 7 3
14 8 10
14 9 5
14 10 12
14 11 1
14 12 2
14 13 1
15 0 9
15 1 9
15 2 8
15 3 4
15 4 12
15 5 6
15 6 12
15 7 10
15 8 8
15 9 8
15 10 11
15 11 8
15 12 3
15 13 7
15 14 2
16 0 9
16 1 1
16 2 1
16 3 2
16 4 9
16 5 6
16 6 6
16 7 2
16 8 12
16 9 10
16 10 11
16 11 2
16 12 7
16 13 3
16 14 10
16 15 3
17 0 1
17 1 11
17 2 4
17 3 3
17 4 1
17 5 10
17 6 3
17 7 7
17 8 4
17 9 2
17 10 3
17 11 7
17 12 1
17 13 4
17 14 3
17 15 9
17 16 9
18 0 3
18 1 5
18 2 6
18 3 11
18 4 12
18 5 2
18 6 6
18 7 3
18 8 11
18 9 2
18 10 1
18 11 3
18 12 3
18 13 12
18 14 3
18 15 8
18 16 11
18 17 10
19 0 6
19 1 5
19 2 10
19 3 1
19 4 5
19 5 1
19 6 12
19 7 6
19 8 8
19 9 12
19 10 11
19 11 12
19 12 1
19 13 3
19 14 1
19 15 4
19 16 9
19 17 11
19 18 10
20 0 4
20 1 5
20 2 9
20 3 8
20 4 7
20 5 11
20 6 7
20 7 2
20 8 4
20 9 9
20 10 3
20 11 12
20 12 10
20 13 11
20 14 10
20 15 2
20 16 11
20 17 2
20 18 4
20 19 4
21 0 11
21 1 10
21 2 10
21 3 12
21 4 2
21 5 6
21 6 2
21 7 11
21 8 10
21 9 11
21 10 9
21 11 7
21 12 2
21 13 12
21 14 10
21 15 4
21 16 3
21 17 5
21 18 2
21 19 4
21 20 10
22 0 1
22 1 10
22 2 1
22 3 10
22 4 7
22 5 10
22 6 3
22 7 6
22 8 4
22 9 10
22 10 7
22 11 3
22 12 4
22 13 6
22 14 9
22 15 8
22 16 10
22 17 4
22 18 3
22 19 11
22 20 7
22 21 7
23 0 4
23 1 7
23 2 2
23 3 8
23 4 11
23 5 6
23 6 11
23 7 8
23 8 12
23 9 3
23 10 7
23 11 11
23 12 5
23 13 12
23 14 2
23 15 9
23 16 11
23 17 6
23 18 4
23 19 1
23 20 9
23 21 3
23 22 2
24 0 8
24 1 3
24 2 5
24 3 6
24 4 5
24 5 9
24 6 11
24 7 12
24 8 1
24 9 4
24 10 3
24 11 11
24 12 5
24 13 5
24 14 5
24 15 6
24 16 7
24 17 8
24 18 8
24 19 9
24 20 9
24 21 5
24 22 11
24 23 2
25 0 3
25 1 6
25 2 10
25 3 9
25 4 7
25 5 2
25 6 6
25 7 12
25 8 9
25 9 5
25 10 5
25 11 6
25 12 1
25 13 5
25 14 5
25 15 5
25 16 4
25 17 10
25 18 11
25 19 8
25 20 8
25 21 12
25 22 10
25 23 12
25 24 9
26 0 4
26 1 6
26 2 2
26 3 6
26 4 1
26 5 12
26 6 11
26 7 4
26 8 2
26 9 6
26 10 7
26 11 8
26 12 1
26 13 9
26 14 6
26 15 2
26 16 1
26 17 7
26 18 10
26 19 4
26 20 10
26 21 7
26 22 9
26 23 11
26 24 7
26 25 2
27 0 10
27 1 2
27 2 1
27 3 9
27 4 4
27 5 1
27 6 6
27 7 11
27 8 3
27 9 3
27 10 8
27 11 2
27 12 8
27 13 5
27 14 8
27 15 1
27 16 3
27 17 12
27 18 6
27 19 12
27 20 4
27 21 7
27 22 3
27 23 8
27 24 5
27 25 6
27 26 2
28 0 3
28 1 5
28 2 7
28 3 7
28 4 1
28 5 10
28 6 4
28 7 9
28 8 9
28 9 8
28 10 5
28 11 6
28 12 3
28 13 4
28 14 4
28 15 7
28 16 11
28 17 2
28 18 7
28 19 2
28 20 8
28 21 8
28 22 6
28 23 6
28 24 9
28 25 7
28 26 11
28 27 3
29 0 6
29 1 2
29 2 2
29 3 6
29 4 1
29 5 11
29 6 10
29 7 4
29 8 12
29 9 4
29 10 1
29 11 5
29 12 2
29 13 6
29 14 8
29 15 6
29 16 3
29 17 3
29 18 5
29 19 10
29 20 3
29 21 6
29 22 9
29 23 7
29 24 4
29 25 9
29 26 10
29 27 5
29 28 11
