30
1 0 7
2 0 5
2 1 2
3 0 6
3 1 1
3 2 9
4 0 4
4 1 7
4 2 8
4 3 9
5 0 5
5 1 7
5 2 6
5 3 9
5 4 5
6 0 3
6 1 3
6 2 9
6 3 5
6 4 6
6 5 4
7 0 1
7 1 2
7 2 2
7 3 3
7 4 7
7 5 9
7 6 2
8 0 1
8 1 7
8 2 7
8 3 1
8 4 3
8 5 6
8 6 6
8 7 1
9 0 1
9 1 9
9 2 6
9 3 1
9 4 4
9 5 8
9 6 3
9 7 1
9 8 2
10 0 9
10 1 2
10 2 7
10 3 4
10 4 1
10 5 9
10 6 9
10 7 3
10 8 5
10 9 3
11 0 1
11 1 2
11 2 8
11 3 2
11 4 5
11 5 8
11 6 6
11 7 9
11 8 4
11 9 1
11 10 4
12 0 3
12 1 1
12 2 3
12 3 4
12 4 2
12 5 3
12 6 5
12 7 3
12 8 2
12 9 8
12 10 8
12 11 6
13 0 2
13 1 5
13 2 9
13 3 1
13 4 3
13 5 5
13 6 4
13 7 1
13 8 4
13 9 4
13 10 4
13 11 4
13 12 1
14 0 6
14 1 4
14 2 7
14 3 2
14 4 6
14 5 7
14 6 2
14 7 8
14 8 9
14 9 2
14 10 6
14 11 4
14 12 2
14 13 5
15 0 4
15 1 3
15 2 8
15 3 3
15 4 1
15 5 9
15 6 8
15 7 7
15 8 9
15 9 1
15 10 9
15 11 3
15 12 1
15 13 7
15 14 6
16 0 8
16 1 3
16 2 1
16 3 3
16 4 4
16 5 6
16 6 4
16 7 7
16 8 3
16 9 8
16 10 1
16 11 4
16 12 8
16 13 3
16 14 5
16 15 3
17 0 3
17 1 1
17 2 5
17 3 6
17 4 9
17 5 4
17 6 9
17 7 3
17 8 9
17 9 1
17 10 5
17 11 1
17 12 5
17 13 6
17 14 7
17 15 2
17 16 5
18 0 8
18 1 1
18 2 6
18 3 5
18 4 2
18 5 7
18 6 8
18 7 1
18 8 4
18 9 8
18 10 4
18 11 5
18 12 9
18 13 7
18 14 1
18 15 6
18 16 1
18 17 9
19 0 1
19 1 1
19 2 4
19 3 2
19 4 6
19 5 1
19 6 4
19 7 6
19 8 8
19 9 6
19 10 2
19 11 6
19 12 8
19 13 1
19 14 3
19 15 4
19 16 5
19 17 3
19 18 2
20 0 1
20 1 2
20 2 8
20 3 4
20 4 7
20 5 7
20 6 5
20 7 1
20 8 2
20 9 2
20 10 3
20 11 3
20 12 6
20 13 5
20 14 3
20 15 1
20 16 5
20 17 1
20 18 2
20 19 1
21 0 5
21 1 7
21 2 1
21 3 1
21 4 1
21 5 5
21 6 5
21 7 8
21 8 3
21 9 6
21 10 9
21 11 3
21 12 4
21 13 2
21 14 1
21 15 7
21 16 5
21 17 6
21 18 5
21 19 1
21 20 8
22 0 3
22 1 2
22 2 3
22 3 1
22 4 1
22 5 5
22 6 6
22 7 2
22 8 8
22 9 9
22 10 6
22 11 2
22 12 5
22 13 2
22 14 4
22 15 9
22 16 3
22 17 6
22 18 6
22 19 8
22 20 3
22 21 6
23 0 1
23 1 5
23 2 2
23 3 8
23 4 6
23 5 8
23 6 3
23 7 5
23 8 8
23 9 5
23 10 1
23 11 6
23 12 4
23 13 3
23 14 3
23 15 1
23 16 6
23 17 5
23 18 5
23 19 2
23 20 1
23 21 1
23 22 8
24 0 3
24 1 6
24 2 1
24 3 4
24 4 3
24 5 3
24 6 2
24 7 3
24 8 3
24 9 5
24 10 3
24 11 7
24 12 3
24 13 7
24 14 3
24 15 6
24 16 1
24 17 6
24 18 3
24 19 1
24 20 5
24 21 3
24 22 1
24 23 9
25 0 9
25 1 4
25 2 3
25 3 2
25 4 4
25 5 5
25 6 2
25 7 1
25 8 8
25 9 9
25 10 5
25 11 4
25 12 4
25 13 7
25 14 7
25 15 4
25 16 7
25 17 1
25 18 3
25 19 6
25 20 7
25 21 9
25 22 3
25 23 3
25 24 7
26 0 8
26 1 4
26 2 1
26 3 1
26 4 6
26 5 6
26 6 7
26 7 9
26 8 6
26 9 9
26 10 7
26 11 6
26 12 7
26 13 8
26 14 6
26 15 7
26 16 4
26 17 5
26 18 8
26 19 7
26 20 6
26 21 4
26 22 1
26 23 2
26 24 3
26 25 4
27 0 3
27 1 6
27 2 5
27 3 6
27 4 6
27 5 6
27 6 1
27 7 7
27 8 6
27 9 7
27 10 6
27 11 5
27 12 7
27 13 8
27 14 1
27 15 5
27 16 5
27 17 1
27 18 6
27 19 4
27 20 8
27 21 1
27 22 2
27 23 1
27 24 4
27 25 2
27 26 9
28 0 5
28 1 7
28 2 2
28 3 1
28 4 8
28 5 6
28 6 1
28 7 1
28 8 4
28 9 8
28 10 2
28 11 5
28 12 6
28 13 3
28 14 6
28 15 2
28 16 4
28 17 1
28 18 5
28 19 6
28 20 2
28 21 3
28 22 3
28 23 3
28 24 9
28 25 8
28 26 2
28 27 5
29 0 8
29 1 9
29 2 2
29 3 2
29 4 9
29 5 3
29 6 6
29 7 4
29 8 2
29 9 5
29 10 3
29 11 4
29 12 9
29 13 6
29 14 1
29 15 5
29 16 1
29 17 7
29 18 9
29 19 5
29 20 8
29 21 8
29 22 8
29 23 9
29 24 7
29 25 6
29 26 7
29 27 3
29 28 6
