30
1 0 5
2 1 5
4 2 3
5 0 2
5 1 1
5 4 11
6 3 2
6 4 4
7 0 10
7 1 11
7 3 12
7 6 6
8 1 6
8 2 3
8 6 1
9 2 9
9 3 6
9 6 10
9 8 9
10 1 9
10 8 1
10 9 12
11 0 7
11 1 12
11 3 8
11 4 3
11 5 5
11 7 8
11 10 12
12 0 8
12 1 9
12 2 1
12 3 4
12 4 9
12 5 2
12 11 2
13 1 1
13 2 9
13 3 10
13 7 6
13 12 11
14 0 2
14 3 4
14 6 4
14 7 9
14 8 5
14 10 11
14 11 10
14 13 8
15 0 9
15 2 9
15 3 4
15 5 10
15 7 2
15 8 9
15 9 12
15 10 5
15 11 2
16 4 5
16 5 4
16 6 5
16 7 2
16 8 12
16 9 11
16 10 1
16 12 9
16 13 2
16 14 9
16 15 8
17 0 9
17 1 11
17 2 7
17 3 12
17 7 4
17 8 7
17 13 8
17 14 12
17 15 12
17 16 12
18 0 5
18 2 4
18 4 5
18 7 11
18 12 5
18 14 11
19 2 2
19 4 4
19 5 8
19 7 7
19 8 7
19 10 6
19 11 2
19 12 2
19 13 6
19 14 2
19 16 11
19 17 12
19 18 6
20 0 5
20 2 12
20 3 6
20 4 9
20 5 1
20 6 6
20 9 5
20 11 10
20 13 7
20 14 3
20 16 8
20 18 10
21 2 3
21 7 5
21 9 2
21 11 3
21 13 12
21 15 12
21 16 11
21 17 9
21 19 9
22 0 6
22 1 4
22 2 10
22 3 3
22 5 12
22 6 6
22 8 10
22 9 6
22 12 3
22 18 12
22 19 6
22 20 3
22 21 2
23 2 4
23 3 5
23 5 8
23 7 7
23 8 8
23 9 12
23 10 6
23 12 9
23 14 6
23 15 12
23 16 4
23 19 1
23 20 7
23 21 6
23 22 7
24 1 10
24 3 7
24 4 12
24 9 11
24 11 5
24 13 11
24 14 4
24 21 11
24 23 3
25 0 6
25 1 9
25 2 4
25 3 9
25 5 3
25 6 11
25 12 3
25 14 4
25 19 7
25 20 1
25 23 6
26 1 2
26 2 3
26 3 11
26 6 11
26 7 10
26 9 6
26 10 7
26 11 3
26 13 5
26 16 2
26 19 12
26 20 9
26 22 6
26 23 4
27 0 7
27 1 10
27 2 11
27 3 12
27 4 3
27 5 8
27 7 4
27 9 3
27 10 1
27 11 8
27 15 6
27 17 3
27 19 11
27 25 4
28 0 4
28 1 6
28 2 4
28 3 11
28 4 5
28 7 11
28 9 11
28 10 12
28 11 12
28 13 9
28 15 12
28 16 9
28 17 10
28 18 8
28 19 6
28 21 2
28 24 10
28 25 5
28 27 7
29 0 9
29 1 12
29 2 11
29 5 12
29 6 3
29 7 10
29 9 3
29 11 11
29 12 9
29 14 11
29 15 6
29 16 7
29 21 3
29 23 1
29 25 7
29 28 8
