30
1 0 8
2 0 2
2 1 4
3 0 8
3 1 7
3 2 3
4 0 7
4 1 12
4 2 2
4 3 2
5 0 8
5 1 7
5 2 1
5 3 2
5 4 10
6 0 9
6 1 11
6 2 8
6 3 9
6 4 13
6 5 11
7 0 14
7 1 1
7 2 3
7 3 4
7 4 9
7 5 8
7 6 14
8 0 12
8 1 3
8 2 11
8 3 3
8 4 3
8 5 13
8 6 8
8 7 4
9 0 1
9 1 13
9 2 3
9 3 12
9 4 9
9 5 8
9 6 3
9 7 13
9 8 14
10 0 6
10 1 9
10 2 3
10 3 7
10 4 6
10 5 11
10 6 10
10 7 1
10 8 13
10 9 9
11 0 3
11 1 6
11 2 2
11 3 5
11 4 6
11 5 1
11 6 4
11 7 10
11 8 13
11 9 6
11 10 3
12 0 4
12 1 9
12 2 14
12 3 14
12 4 3
12 5 13
12 6 7
12 7 9
12 8 4
12 9 1
12 10 1
12 11 3
13 0 3
13 1 11
13 2 11
13 3 10
13 4 13
13 5 5
13 6 4
13 7 12
13 8 14
13 9 4
13 10 4
13 11 4
13 12 9
14 0 8
14 1 14
14 2 13
14 3 11
14 4 2
14 5 7
14 6 9
14 7 4
14 8 10
14 9 1
14 10 14
14 11 5
14 12 9
14 13 12
15 0 1
15 1 7
15 2 4
15 3 13
15 4 6
15 5 1
15 6 3
15 7 7
15 8 9
15 9 9
15 10 12
15 11 7
15 12 4
15 13 2
15 14 3
16 0 5
16 1 10
16 2 7
16 3 8
16 4 12
16 5 10
16 6 12
16 7 11
16 8 4
16 9 2
16 10 9
16 11 10
16 12 9
16 13 2
16 14 11
16 15 11
17 0 5
17 1 8
17 2 3
17 3 13
17 4 4
17 5 14
17 6 4
17 7 9
17 8 13
17 9 4
17 10 3
17 11 1
17 12 3
17 13 11
17 14 14
17 15 7
17 16 13
18 0 9
18 1 1
18 2 8
18 3 9
18 4 5
18 5 7
18 6 4
18 7 5
18 8 3
18 9 5
18 10 9
18 11 4
18 12 14
18 13 10
18 14 11
18 15 6
18 16 13
18 17 1
19 0 3
19 1 8
19 2 3
19 3 4
19 4 4
19 5 3
19 6 6
19 7 5
19 8 10
19 9 5
19 10 10
19 11 12
19 12 6
19 13 13
19 14 5
19 15 5
19 16 3
19 17 9
19 18 7
20 0 4
20 1 10
20 2 11
20 3 11
20 4 13
20 5 4
20 6 7
20 7 4
20 8 12
20 9 6
20 10 1
20 11 4
20 12 5
20 13 10
20 14 12
20 15 9
20 16 3
20 17 5
20 18 3
20 19 9
21 0 14
21 1 11
21 2 12
21 3 10
21 4 7
21 5 3
21 6 4
21 7 1
21 8 9
21 9 7
21 10 4
21 11 5
21 12 3
21 13 14
21 14 12
21 15 9
21 16 5
21 17 5
21 18 6
21 19 5
21 20 2
22 0 6
22 1 7
22 2 14
22 3 14
22 4 4
22 5 2
22 6 11
22 7 13
22 8 3
22 9 14
22 10 9
22 11 13
22 12 3
22 13 5
22 14 7
22 15 2
22 16 2
22 17 12
22 18 5
22 19 7
22 20 4
22 21 8
23 0 3
23 1 6
23 2 2
23 3 11
23 4 5
23 5 1
23 6 6
23 7 6
23 8 11
23 9 7
23 10 4
23 11 13
23 12 1
23 13 1
23 14 4
23 15 5
23 16 8
23 17 5
23 18 8
23 19 8
23 20 5
23 21 3
23 22 10
24 0 8
24 1 5
24 2 12
24 3 11
24 4 12
24 5 1
24 6 1
24 7 2
24 8 2
24 9 5
24 10 10
24 11 2
24 12 1
24 13 7
24 14 7
24 15 10
24 16 11
24 17 6
24 18 5
24 19 12
24 20 12
24 21 3
24 22 7
24 23 8
25 0 11
25 1 1
25 2 6
25 3 8
25 4 6
25 5 1
25 6 4
25 7 3
25 8 9
25 9 14
25 10 6
25 11 13
25 12 8
25 13 9
25 14 1
25 15 9
25 16 3
25 17 5
25 18 7
25 19 9
25 20 10
25 21 1
25 22 13
25 23 5
25 24 3
26 0 7
26 1 5
26 2 11
26 3 5
26 4 1
26 5 10
26 6 2
26 7 11
26 8 3
26 9 4
26 10 14
26 11 7
26 12 10
26 13 1
26 14 11
26 15 12
26 16 2
26 17 13
26 18 4
26 19 3
26 20 3
26 21 3
26 22 5
26 23 2
26 24 2
26 25 14
27 0 3
27 1 1
27 2 2
27 3 11
27 4 8
27 5 11
27 6 9
27 7 13
27 8 7
27 9 14
27 10 1
27 11 4
27 12 10
27 13 9
27 14 5
27 15 7
27 16 9
27 17 5
27 18 9
27 19 4
27 20 13
27 21 3
27 22 1
27 23 6
27 24 13
27 25 6
27 26 11
28 0 12
28 1 8
28 2 2
28 3 5
28 4 7
28 5 10
28 6 7
28 7 7
28 8 10
28 9 11
28 10 4
28 11 8
28 12 4
28 13 10
28 14 1
28 15 2
28 16 6
28 17 2
28 18 10
28 19 2
28 20 6
28 21 12
28 22 5
28 23 4
28 24 4
28 25 8
28 26 3
28 27 5
29 0 6
29 1 14
29 2 10
29 3 3
29 4 12
29 5 7
29 6 11
29 7 14
29 8 5
29 9 3
29 10 13
29 11 8
29 12 10
29 13 9
29 14 3
29 15 7
29 16 8
29 17 1
29 18 12
29 19 3
29 20 2
29 21 9
29 22 11
29 23 11
29 24 11
29 25 8
29 26 12
29 27 13
29 28 9
