15
1 0 2
2 0 3
2 1 2
3 0 2
3 1 1
3 2 1
4 0 2
4 1 1
4 2 1
4 3 2
5 0 1
5 1 2
5 2 1
5 3 3
5 4 2
6 0 2
6 1 3
6 2 2
6 3 2
6 4 2
6 5 2
7 0 1
7 1 1
7 2 2
7 3 1
7 4 3
7 5 2
7 6 1
8 0 3
8 1 2
8 2 1
8 3 1
8 4 3
8 5 3
8 6 2
8 7 3
9 0 2
9 1 2
9 2 3
9 3 2
9 4 3
9 5 3
9 6 1
9 7 3
9 8 3
10 0 1
10 1 1
10 2 1
10 3 3
10 4 1
10 5 2
10 6 1
10 7 2
10 8 2
10 9 1
11 0 2
11 1 3
11 2 2
11 3 2
11 4 3
11 5 1
11 6 2
11 7 1
11 8 1
11 9 1
11 10 2
12 0 1
12 1 3
12 2 1
12 3 2
12 4 1
12 5 1
12 6 2
12 7 3
12 8 2
12 9 1
12 10 2
12 11 2
13 0 2
13 1 1
13 2 2
13 3 1
13 4 2
13 5 2
13 6 1
13 7 2
13 8 3
13 9 1
13 10 2
13 11 3
13 12 1
14 0 1
14 1 3
14 2 1
14 3 1
14 4 3
14 5 3
14 6 1
14 7 1
14 8 1
14 9 1
14 10 2
14 11 3
14 12 3
14 13 1
