30
2 1 2
3 0 7
4 3 5
5 0 5
5 1 8
5 3 3
6 1 1
6 4 3
6 5 5
7 0 2
7 4 8
7 6 4
8 0 1
8 2 2
8 3 4
8 4 6
8 5 1
8 6 1
8 7 4
9 0 3
9 2 6
9 5 8
9 6 1
9 8 8
10 0 8
10 1 9
10 3 8
10 4 1
10 9 6
11 1 4
11 2 4
11 3 5
11 5 2
11 6 1
11 7 7
11 8 4
11 9 8
12 1 2
12 6 3
12 9 3
12 11 5
13 0 2
13 2 1
13 3 7
13 4 8
13 5 3
13 6 3
13 8 3
13 11 9
13 12 7
14 0 1
14 2 9
14 7 4
14 8 3
14 11 4
14 13 4
15 1 2
15 3 2
15 4 3
15 5 4
15 6 9
15 8 4
15 9 4
15 11 5
15 12 6
15 13 5
16 8 6
16 14 2
17 1 9
17 10 4
17 11 9
17 13 3
18 1 3
18 2 3
18 6 1
18 10 8
18 12 2
18 13 6
19 3 3
19 5 2
19 6 2
19 7 6
19 8 3
19 10 4
19 11 6
19 13 2
19 16 6
20 0 3
20 2 7
20 3 3
20 5 8
20 6 3
20 7 9
20 8 3
20 10 8
20 12 8
20 13 8
20 14 6
20 16 9
20 17 3
20 18 7
21 1 4
21 6 1
21 7 9
21 8 4
21 9 6
21 11 1
21 12 7
21 13 4
21 15 5
21 16 6
21 18 8
22 4 7
22 5 7
22 7 8
22 8 4
22 10 4
22 11 6
22 12 9
22 16 6
22 18 5
22 21 3
23 3 2
23 4 7
23 10 3
23 12 9
23 15 8
23 17 1
23 18 9
23 19 3
23 20 1
23 22 1
24 0 8
24 1 9
24 2 1
24 3 6
24 5 3
24 7 2
24 8 9
24 9 1
24 10 8
24 11 1
24 13 8
24 14 7
24 18 8
24 20 9
24 21 8
25 0 2
25 1 7
25 3 4
25 6 8
25 11 9
25 12 4
25 13 4
25 18 1
25 19 2
25 22 8
25 23 6
26 5 9
26 6 1
26 9 9
26 12 4
26 13 4
26 17 1
26 18 9
26 19 1
26 21 1
26 22 5
26 25 1
27 0 9
27 1 4
27 2 5
27 3 9
27 5 9
27 8 1
27 9 6
27 11 4
27 12 6
27 13 1
27 14 1
27 18 5
27 19 6
27 21 2
27 22 5
27 23 7
27 24 9
27 25 3
27 26 9
28 1 8
28 3 9
28 9 2
28 11 1
28 12 4
28 14 3
28 17 8
28 23 7
28 24 4
29 1 3
29 2 3
29 4 3
29 7 3
29 8 3
29 9 9
29 11 5
29 12 8
29 16 1
29 17 6
29 20 8
29 21 6
29 22 1
