70
1 0 2
3 0 8
3 1 2
3 2 7
4 3 5
5 3 5
6 1 7
6 4 1
7 0 4
7 2 6
7 4 1
7 5 7
7 6 7
8 0 3
8 1 5
8 2 4
8 3 3
8 4 2
9 0 3
9 1 1
9 2 1
9 3 1
9 4 4
9 5 8
9 6 8
10 0 7
10 1 2
10 2 6
10 4 5
10 6 7
10 7 6
10 8 4
10 9 2
11 3 8
11 5 1
11 6 4
11 10 6
12 1 5
12 3 6
12 4 8
12 5 1
12 10 5
12 11 1
13 0 8
13 3 6
13 6 1
13 7 7
13 8 1
13 9 3
13 10 6
14 1 7
14 3 3
14 8 1
14 9 6
14 12 6
15 0 3
15 1 7
15 3 1
15 4 1
15 6 1
15 7 2
15 8 7
15 10 3
15 11 5
15 13 8
15 14 4
16 0 1
16 2 7
16 5 8
16 6 4
16 7 2
16 8 3
16 9 1
16 12 4
16 15 6
17 0 7
17 1 6
17 2 5
17 6 7
17 7 7
17 10 2
17 13 6
17 15 5
17 16 6
18 0 5
18 3 8
18 8 6
18 9 2
18 11 4
18 12 3
18 13 3
18 14 7
18 15 6
18 16 7
19 1 7
19 2 5
19 3 6
19 5 3
19 7 7
19 8 1
19 9 6
19 10 7
19 11 5
19 16 6
19 17 2
19 18 3
20 2 7
20 9 2
20 11 4
20 12 8
20 13 7
20 15 4
20 16 8
20 17 6
20 18 8
20 19 6
21 3 8
21 5 5
21 6 7
21 7 5
21 9 4
21 10 3
21 13 3
21 14 4
21 18 3
22 2 5
22 3 8
22 4 6
22 5 8
22 6 2
22 7 1
22 8 5
22 9 7
22 17 2
22 18 5
22 21 1
23 3 5
23 5 1
23 10 6
23 12 6
23 13 3
23 18 3
24 1 6
24 4 3
24 7 4
24 11 4
24 12 5
24 13 2
24 15 2
24 17 5
24 18 2
24 19 5
24 22 1
24 23 4
25 1 5
25 3 2
25 4 1
25 6 4
25 8 6
25 9 8
25 10 4
25 12 7
25 13 2
25 15 4
25 16 7
25 18 1
25 20 7
25 21 5
25 22 5
25 23 7
25 24 8
26 1 4
26 9 1
26 10 6
26 11 6
26 12 4
26 16 4
26 18 8
26 19 5
26 21 7
27 0 6
27 2 7
27 3 2
27 5 5
27 6 8
27 7 8
27 8 6
27 9 1
27 11 3
27 14 4
27 18 2
27 20 5
27 22 2
27 25 2
27 26 1
28 6 5
28 9 7
28 10 2
28 11 6
28 13 1
28 14 6
28 15 2
28 16 7
28 18 8
28 20 1
28 26 1
29 0 5
29 4 3
29 5 2
29 6 4
29 7 2
29 9 2
29 11 2
29 13 5
29 17 7
29 19 6
29 22 1
29 23 8
29 25 7
29 27 2
29 28 4
30 5 7
30 10 1
30 14 4
30 15 7
30 17 7
30 18 8
30 19 7
30 26 4
30 28 4
30 29 2
31 0 8
31 5 5
31 6 4
31 8 6
31 9 4
31 10 3
31 15 1
31 16 5
31 17 2
31 18 5
31 19 6
31 21 3
31 23 1
31 29 5
32 1 2
32 4 7
32 10 3
32 11 8
32 13 4
32 14 1
32 16 7
32 19 1
32 20 5
32 23 5
32 24 6
32 25 1
32 26 2
32 27 4
32 28 6
32 29 4
32 31 6
33 3 7
33 4 2
33 5 5
33 7 7
33 15 8
33 16 3
33 17 8
33 19 7
33 20 6
33 23 3
33 25 7
33 26 1
33 27 5
33 29 2
33 32 5
34 1 8
34 2 1
34 4 7
34 5 4
34 7 2
34 8 3
34 9 4
34 10 8
34 11 4
34 13 8
34 14 8
34 15 1
34 17 5
34 18 5
34 20 1
34 21 3
34 22 5
34 24 8
34 26 2
34 27 2
34 29 1
34 31 2
35 0 4
35 2 8
35 7 5
35 8 6
35 9 1
35 10 4
35 12 4
35 15 8
35 16 7
35 17 6
35 18 3
35 21 4
35 23 2
35 27 2
35 30 6
35 31 4
35 33 8
35 34 7
36 1 1
36 2 5
36 5 5
36 7 5
36 9 2
36 11 4
36 13 4
36 15 6
36 17 1
36 18 8
36 20 5
36 21 7
36 30 1
36 31 8
36 32 7
36 33 3
36 34 8
37 0 1
37 2 5
37 3 2
37 4 2
37 8 4
37 13 5
37 14 4
37 15 4
37 16 3
37 17 5
37 19 8
37 23 1
37 25 6
37 27 2
37 31 8
37 32 7
37 33 3
37 34 3
37 35 7
37 36 7
38 1 6
38 4 8
38 6 1
38 7 1
38 8 3
38 10 2
38 13 3
38 14 8
38 16 7
38 17 8
38 18 1
38 20 3
38 21 8
38 22 2
38 25 2
38 26 6
38 27 1
38 29 3
38 31 8
38 34 3
38 35 1
38 36 6
39 0 1
39 2 6
39 3 4
39 4 3
39 5 7
39 9 8
39 10 1
39 11 1
39 14 1
39 17 6
39 18 6
39 20 3
39 21 1
39 25 6
39 27 5
39 30 7
39 31 8
39 34 5
39 35 6
39 37 5
39 38 7
40 1 4
40 2 1
40 3 8
40 6 4
40 7 6
40 9 1
40 11 1
40 12 1
40 13 5
40 15 4
40 17 4
40 18 7
40 19 5
40 20 6
40 23 5
40 26 7
40 27 4
40 30 4
40 32 4
40 38 8
40 39 3
41 1 5
41 2 3
41 3 3
41 4 8
41 6 5
41 7 6
41 12 4
41 14 6
41 20 4
41 21 4
41 30 2
41 32 6
41 33 7
41 35 7
41 38 3
41 39 2
42 0 5
42 1 8
42 3 7
42 5 8
42 6 4
42 9 6
42 10 8
42 14 5
42 15 6
42 19 8
42 20 6
42 21 4
42 22 6
42 26 2
42 27 5
42 28 4
42 29 4
42 31 5
42 33 3
42 34 2
42 35 4
42 36 7
42 37 8
42 38 2
42 39 4
42 40 3
43 1 3
43 2 4
43 4 2
43 5 1
43 6 8
43 7 7
43 8 7
43 10 6
43 11 2
43 12 5
43 14 6
43 16 8
43 17 3
43 18 3
43 20 7
43 22 3
43 24 1
43 27 6
43 28 4
43 31 5
43 33 6
43 34 2
43 36 6
43 39 4
43 42 3
44 1 3
44 2 3
44 5 4
44 6 1
44 8 1
44 10 3
44 11 8
44 12 2
44 13 1
44 14 4
44 16 3
44 17 7
44 18 2
44 20 6
44 21 6
44 24 2
44 25 2
44 26 6
44 27 4
44 28 2
44 34 8
44 36 7
44 37 5
44 38 6
44 41 4
44 42 8
44 43 3
45 0 6
45 1 1
45 2 4
45 3 1
45 5 4
45 7 5
45 9 4
45 10 1
45 11 7
45 13 1
45 19 2
45 20 1
45 21 4
45 22 3
45 23 7
45 26 4
45 27 6
45 31 8
45 35 2
45 39 7
45 40 2
45 41 1
45 43 5
45 44 7
46 1 7
46 6 4
46 8 7
46 10 3
46 12 6
46 13 4
46 14 2
46 16 4
46 18 3
46 19 7
46 20 6
46 21 8
46 28 6
46 29 2
46 30 3
46 31 2
46 33 8
46 35 3
46 36 6
46 38 3
47 1 6
47 3 5
47 5 6
47 6 4
47 7 1
47 8 2
47 9 4
47 11 5
47 12 8
47 13 3
47 14 2
47 15 1
47 20 4
47 21 5
47 24 5
47 26 1
47 27 7
47 34 3
47 36 4
47 38 8
47 42 4
47 43 1
47 44 7
47 46 2
48 3 4
48 4 4
48 8 1
48 9 1
48 11 2
48 12 2
48 13 7
48 14 7
48 16 8
48 17 2
48 20 1
48 22 7
48 24 2
48 25 1
48 31 3
48 33 1
48 39 7
48 40 8
48 41 4
48 42 6
48 44 1
48 46 8
48 47 5
49 2 5
49 4 6
49 5 1
49 6 5
49 10 4
49 11 8
49 15 8
49 17 2
49 18 2
49 20 4
49 29 4
49 30 7
49 32 5
49 33 4
49 34 7
49 36 1
49 37 4
49 39 7
49 42 7
49 44 3
49 47 8
49 48 2
50 0 5
50 1 1
50 3 4
50 5 5
50 6 4
50 7 4
50 8 5
50 9 1
50 10 2
50 15 3
50 19 7
50 22 7
50 23 3
50 24 6
50 28 7
50 29 8
50 30 6
50 32 8
50 33 8
50 34 6
50 35 5
50 36 3
50 41 2
50 43 8
50 44 2
50 45 8
50 46 2
50 47 3
50 48 1
51 0 5
51 1 7
51 2 4
51 4 5
51 5 2
51 7 8
51 8 8
51 12 7
51 14 2
51 15 2
51 17 1
51 19 1
51 20 1
51 21 2
51 23 3
51 25 4
51 26 1
51 27 2
51 28 1
51 30 1
51 31 4
51 32 4
51 33 5
51 36 1
51 37 4
51 38 1
51 39 3
51 40 7
51 42 1
51 45 6
51 47 1
51 48 2
51 49 6
51 50 6
52 1 4
52 2 1
52 3 8
52 7 1
52 9 2
52 10 1
52 11 5
52 12 5
52 15 7
52 16 6
52 17 6
52 18 8
52 19 5
52 21 7
52 25 4
52 26 6
52 28 5
52 29 1
52 30 2
52 33 4
52 34 4
52 43 4
52 45 4
52 46 3
52 48 7
52 49 1
53 0 8
53 2 3
53 3 6
53 4 7
53 5 3
53 6 1
53 11 2
53 14 1
53 18 5
53 19 3
53 20 6
53 21 7
53 23 4
53 25 2
53 26 3
53 27 2
53 29 8
53 30 2
53 32 7
53 33 8
53 34 5
53 38 1
53 44 2
53 46 2
53 47 2
53 50 8
53 52 4
54 0 4
54 3 1
54 5 6
54 8 5
54 10 6
54 11 3
54 12 7
54 14 3
54 15 3
54 17 5
54 19 6
54 22 5
54 28 6
54 30 7
54 31 6
54 32 5
54 33 1
54 38 2
54 42 6
54 43 7
54 44 7
54 45 6
54 49 1
54 50 7
54 52 4
54 53 1
55 0 2
55 1 4
55 4 2
55 5 4
55 6 1
55 7 8
55 8 7
55 10 7
55 12 8
55 13 1
55 14 6
55 16 2
55 20 1
55 28 3
55 33 1
55 35 4
55 37 2
55 38 3
55 41 7
55 46 2
55 48 3
55 54 5
56 0 3
56 1 4
56 3 4
56 5 8
56 9 4
56 10 3
56 13 8
56 18 4
56 20 3
56 22 3
56 26 4
56 29 5
56 30 7
56 32 4
56 35 7
56 37 8
56 38 1
56 40 7
56 41 7
56 47 7
56 48 3
56 50 1
56 51 1
56 52 2
56 53 2
56 54 2
56 55 2
57 0 5
57 1 1
57 2 4
57 3 6
57 4 1
57 6 7
57 7 1
57 10 7
57 13 8
57 14 3
57 19 1
57 24 3
57 25 8
57 26 7
57 27 7
57 29 4
57 31 7
57 32 3
57 36 7
57 37 6
57 38 2
57 40 8
57 43 4
57 47 5
57 49 7
57 51 8
57 53 5
57 56 3
58 4 1
58 9 2
58 10 8
58 11 5
58 12 1
58 13 4
58 14 1
58 17 3
58 18 5
58 20 5
58 21 5
58 23 2
58 24 6
58 26 8
58 28 4
58 29 8
58 33 2
58 34 7
58 35 1
58 38 4
58 39 6
58 40 3
58 41 1
58 43 8
58 45 6
58 47 6
58 49 6
58 50 5
58 51 2
58 52 4
58 55 1
58 57 2
59 0 5
59 3 1
59 5 8
59 6 8
59 7 1
59 10 8
59 11 7
59 12 7
59 16 3
59 20 1
59 23 5
59 25 1
59 26 6
59 28 5
59 29 4
59 30 4
59 31 8
59 34 6
59 36 7
59 40 6
59 41 3
59 42 8
59 43 8
59 45 3
59 46 1
59 47 3
59 52 7
59 53 5
59 55 3
59 56 2
60 1 8
60 2 3
60 4 3
60 5 3
60 6 5
60 7 3
60 11 2
60 15 5
60 17 5
60 18 4
60 19 3
60 20 8
60 21 1
60 24 5
60 25 5
60 27 2
60 28 4
60 29 4
60 31 3
60 32 7
60 38 3
60 39 7
60 41 6
60 53 4
60 57 4
60 59 3
61 0 3
61 2 5
61 5 4
61 6 6
61 7 6
61 11 1
61 12 5
61 13 3
61 16 2
61 17 3
61 19 4
61 20 2
61 22 1
61 23 1
61 24 6
61 25 1
61 26 6
61 27 3
61 29 2
61 30 4
61 33 2
61 35 4
61 37 2
61 40 7
61 41 7
61 43 3
61 44 4
61 48 5
61 49 8
61 52 4
61 53 6
61 56 7
61 57 4
61 58 1
61 60 7
62 0 6
62 2 6
62 3 1
62 4 1
62 7 2
62 8 1
62 10 7
62 12 5
62 15 6
62 16 3
62 20 8
62 22 2
62 25 7
62 27 2
62 28 5
62 29 6
62 31 8
62 32 5
62 33 1
62 35 6
62 36 3
62 38 3
62 39 4
62 41 6
62 42 5
62 44 5
62 45 6
62 48 3
62 49 2
62 50 4
62 51 8
62 52 2
62 54 8
62 55 3
62 56 5
62 58 5
63 1 3
63 2 4
63 3 1
63 4 4
63 8 6
63 9 6
63 11 7
63 14 6
63 16 8
63 19 4
63 20 8
63 21 7
63 22 6
63 24 5
63 25 3
63 30 2
63 33 7
63 35 4
63 36 2
63 40 6
63 41 1
63 44 5
63 48 2
63 49 8
63 51 4
63 52 8
63 53 7
63 54 1
63 56 8
63 57 1
63 58 8
63 59 6
63 62 4
64 1 7
64 2 1
64 8 1
64 9 3
64 11 1
64 12 3
64 13 5
64 14 6
64 15 5
64 19 5
64 21 7
64 23 2
64 25 6
64 31 6
64 34 7
64 37 6
64 38 4
64 40 7
64 41 5
64 49 7
64 50 4
64 51 2
64 52 1
64 55 7
64 56 2
64 57 7
64 60 2
64 62 2
65 2 7
65 3 8
65 9 7
65 10 8
65 11 6
65 13 4
65 16 5
65 18 3
65 19 4
65 20 6
65 21 2
65 22 8
65 24 7
65 25 2
65 26 2
65 27 1
65 28 4
65 31 5
65 32 5
65 33 1
65 34 8
65 35 3
65 36 5
65 43 8
65 45 1
65 47 6
65 48 7
65 50 8
65 51 1
65 53 8
65 56 2
65 58 8
65 61 6
65 62 7
65 63 5
66 0 7
66 1 2
66 4 6
66 7 2
66 8 8
66 9 7
66 10 2
66 11 3
66 12 2
66 14 6
66 16 6
66 17 3
66 27 8
66 28 3
66 29 3
66 31 3
66 32 7
66 35 7
66 36 8
66 43 4
66 45 7
66 47 6
66 48 8
66 49 1
66 53 6
66 55 4
66 56 5
66 60 5
66 62 7
66 63 2
66 65 1
67 0 4
67 7 2
67 8 1
67 9 6
67 10 2
67 11 7
67 12 6
67 13 1
67 16 5
67 17 7
67 20 8
67 22 8
67 24 1
67 28 6
67 30 2
67 33 6
67 36 5
67 38 5
67 39 7
67 42 6
67 45 2
67 46 5
67 48 7
67 51 1
67 53 8
67 54 4
67 55 7
67 59 8
67 61 2
67 63 4
67 64 7
67 65 4
67 66 7
68 0 4
68 1 6
68 3 2
68 4 7
68 5 7
68 7 5
68 13 1
68 14 1
68 15 8
68 16 7
68 17 6
68 18 2
68 19 7
68 22 2
68 23 8
68 24 7
68 25 3
68 26 4
68 29 6
68 30 5
68 32 5
68 33 1
68 34 3
68 36 6
68 37 7
68 39 1
68 42 3
68 43 4
68 46 4
68 47 4
68 48 5
68 49 3
68 51 4
68 54 3
68 56 3
68 58 6
68 62 6
68 63 4
68 64 3
69 1 2
69 3 2
69 9 5
69 10 6
69 13 1
69 15 3
69 17 6
69 18 1
69 20 5
69 21 2
69 24 4
69 25 7
69 27 8
69 29 8
69 30 3
69 32 7
69 33 4
69 34 4
69 35 7
69 37 8
69 42 4
69 43 1
69 45 6
69 48 5
69 50 7
69 51 2
69 55 4
69 56 2
69 57 5
69 59 1
69 62 1
69 63 8
69 64 4
69 68 1
