30
1 0 5
2 0 1
3 1 5
4 1 3
4 2 4
4 3 2
5 1 5
5 3 4
6 2 3
6 4 4
6 5 3
7 1 3
7 4 3
7 6 4
8 0 1
8 2 2
8 4 3
8 5 2
8 7 1
9 1 4
9 3 3
9 4 5
9 6 2
9 7 1
9 8 5
10 0 3
10 3 4
10 5 1
10 7 5
10 9 3
11 1 2
11 2 1
11 3 4
11 5 1
11 6 3
11 7 5
11 8 2
11 9 2
12 0 4
12 1 5
12 3 1
12 6 1
12 7 4
12 10 2
12 11 3
13 0 1
13 3 5
13 8 1
13 11 2
14 4 1
14 8 5
14 10 1
14 11 4
15 4 5
15 7 4
15 8 1
15 9 2
15 10 5
15 12 5
15 13 4
16 1 1
16 3 2
16 5 5
16 7 4
16 8 4
16 11 1
16 13 5
16 15 1
17 0 3
17 2 5
17 6 5
17 7 2
17 8 3
17 9 3
17 12 3
17 14 1
17 15 4
18 0 2
18 2 2
18 7 3
18 8 1
18 9 1
18 12 5
18 14 4
18 15 1
19 1 5
19 2 4
19 4 1
19 11 2
19 12 5
19 14 3
19 16 2
19 17 2
19 18 1
20 2 2
20 3 1
20 5 1
20 8 2
20 12 3
20 15 2
20 17 1
20 19 4
21 3 2
21 7 4
21 8 3
21 9 4
21 11 3
21 12 4
21 13 1
21 14 5
21 15 2
21 17 2
21 18 4
21 19 5
21 20 2
22 1 2
22 3 2
22 4 2
22 5 5
22 8 3
22 9 5
22 10 2
22 15 1
22 16 1
22 17 3
22 18 3
22 20 2
23 0 4
23 1 2
23 8 1
23 9 2
23 12 1
23 15 4
23 16 1
23 17 5
23 19 4
23 21 3
23 22 1
24 4 2
24 6 4
24 8 4
24 10 4
24 11 4
24 12 2
24 14 4
24 16 5
24 17 2
24 19 5
24 21 3
24 22 1
24 23 5
25 1 3
25 2 1
25 3 2
25 4 5
25 5 4
25 7 3
25 10 2
25 12 3
25 14 5
25 20 1
25 24 5
26 1 1
26 2 3
26 4 4
26 9 2
26 13 4
26 14 3
26 16 3
26 18 4
26 19 2
26 20 2
26 23 1
26 24 2
26 25 5
27 1 2
27 4 1
27 6 3
27 7 4
27 8 2
27 13 4
27 14 2
27 15 4
27 16 2
27 18 3
27 20 2
27 22 1
27 24 1
27 25 1
27 26 4
28 2 2
28 3 1
28 4 5
28 7 4
28 8 1
28 9 5
28 18 4
28 19 2
28 21 2
28 24 1
28 26 5
28 27 4
29 1 3
29 3 3
29 5 5
29 6 5
29 7 5
29 9 2
29 10 2
29 12 5
29 13 1
29 14 5
29 17 5
29 21 3
29 22 4
29 23 4
29 24 5
29 25 5
29 28 2
