30
2 0 4
2 1 2
3 1 1
4 1 2
4 2 4
4 3 3
5 2 1
5 3 4
5 4 1
6 3 2
6 4 2
6 5 3
7 0 5
7 2 2
7 5 5
8 0 2
8 1 4
8 3 1
8 4 4
8 5 5
9 1 5
9 2 1
9 7 4
10 1 1
10 3 2
10 4 5
10 6 3
10 7 1
10 8 3
11 0 3
11 3 5
11 5 4
11 6 4
11 7 5
11 8 4
11 10 2
12 2 2
12 3 4
12 6 1
12 7 1
12 10 2
13 0 2
13 1 1
13 2 2
13 6 3
13 8 5
14 1 2
14 2 3
14 5 1
14 6 4
14 8 5
14 10 1
14 11 3
14 12 4
15 0 2
15 3 5
15 6 1
15 7 5
15 8 5
15 9 3
15 12 4
16 1 2
16 3 3
16 4 1
16 5 5
16 6 5
16 11 2
16 13 3
16 14 4
16 15 1
17 3 4
17 5 1
17 7 2
17 9 3
17 10 4
17 12 4
17 13 3
17 14 2
18 0 3
18 2 2
18 4 4
18 5 1
18 6 3
18 8 3
18 9 1
18 10 1
18 13 2
18 15 5
18 16 2
18 17 2
19 0 4
19 3 1
19 4 3
19 5 3
19 6 2
19 8 4
19 11 3
19 12 3
19 13 3
19 14 4
19 16 2
19 17 4
20 1 4
20 2 2
20 3 5
20 4 5
20 9 5
20 11 1
20 13 4
20 14 1
20 15 3
20 16 3
20 17 3
21 2 2
21 4 4
21 5 3
21 6 1
21 9 1
21 10 3
21 11 5
21 12 5
21 13 4
21 14 3
21 16 1
21 17 3
21 19 1
22 2 4
22 3 5
22 4 4
22 6 5
22 10 3
22 11 1
22 12 3
22 13 3
22 14 4
22 15 2
22 21 4
23 0 4
23 2 2
23 4 2
23 6 4
23 7 2
23 9 1
23 10 1
23 15 4
23 16 3
23 17 1
23 18 1
23 19 1
24 2 2
24 3 5
24 6 5
24 8 3
24 9 1
24 10 1
24 12 2
24 16 5
24 18 5
24 19 1
24 23 4
25 0 4
25 1 1
25 2 2
25 3 2
25 11 3
25 12 1
25 13 5
25 17 3
25 19 2
25 20 3
25 21 5
25 22 3
26 2 5
26 5 5
26 7 1
26 8 4
26 9 1
26 12 5
26 14 1
26 15 2
26 16 1
26 18 1
26 19 3
26 20 4
26 22 1
26 23 3
26 25 1
27 2 4
27 4 4
27 7 2
27 9 1
27 10 2
27 11 2
27 12 5
27 13 5
27 14 3
27 16 1
27 17 4
27 18 2
27 20 5
27 21 2
27 22 5
27 26 2
28 1 1
28 2 4
28 3 4
28 5 4
28 7 4
28 8 4
28 9 5
28 10 1
28 12 2
28 16 5
28 17 1
28 18 2
28 22 5
28 25 3
29 0 3
29 3 3
29 6 4
29 8 2
29 9 5
29 12 5
29 14 4
29 18 2
29 19 4
29 20 1
29 21 3
29 22 3
29 24 3
29 28 3
