70
1 0 1
2 0 1
2 1 8
3 0 13
3 1 2
3 2 3
4 0 13
4 1 4
4 2 5
4 3 11
5 0 8
5 1 10
5 2 11
5 3 9
5 4 9
6 0 6
6 1 11
6 2 3
6 3 1
6 4 2
6 5 8
7 0 3
7 1 3
7 2 7
7 3 6
7 4 10
7 5 4
7 6 8
8 0 2
8 1 1
8 2 4
8 3 3
8 4 13
8 5 3
8 6 8
8 7 12
9 0 5
9 1 12
9 2 4
9 3 2
9 4 5
9 5 10
9 6 10
9 7 6
9 8 7
10 0 12
10 1 5
10 2 13
10 3 11
10 4 4
10 5 10
10 6 11
10 7 6
10 8 10
10 9 11
11 0 2
11 1 7
11 2 10
11 3 5
11 4 13
11 5 1
11 6 6
11 7 12
11 8 13
11 9 3
11 10 5
12 0 11
12 1 4
12 2 2
12 3 6
12 4 2
12 5 10
12 6 9
12 7 10
12 8 13
12 9 13
12 10 4
12 11 9
13 0 3
13 1 5
13 2 11
13 3 12
13 4 8
13 5 10
13 6 1
13 7 4
13 8 7
13 9 6
13 10 9
13 11 6
13 12 2
14 0 13
14 1 2
14 2 4
14 3 7
14 4 2
14 5 5
14 6 4
14 7 2
14 8 1
14 9 3
14 10 11
14 11 10
14 12 12
14 13 3
15 0 11
15 1 13
15 2 8
15 3 5
15 4 1
15 5 1
15 6 7
15 7 7
15 8 8
15 9 6
15 10 7
15 11 6
15 12 9
15 13 3
15 14 13
16 0 7
16 1 13
16 2 12
16 3 9
16 4 10
16 5 5
16 6 1
16 7 11
16 8 3
16 9 13
16 10 10
16 11 5
16 12 1
16 13 9
16 14 4
16 15 5
17 0 2
17 1 12
17 2 11
17 3 2
17 4 6
17 5 8
17 6 7
17 7 4
17 8 4
17 9 1
17 10 2
17 11 6
17 12 10
17 13 3
17 14 11
17 15 4
17 16 8
18 0 10
18 1 6
18 2 4
18 3 4
18 4 8
18 5 7
18 6 11
18 7 8
18 8 4
18 9 12
18 10 5
18 11 13
18 12 1
18 13 1
18 14 2
18 15 5
18 16 3
18 17 1
19 0 9
19 1 11
19 2 7
19 3 7
19 4 4
19 5 10
19 6 3
19 7 8
19 8 6
19 9 12
19 10 11
19 11 8
19 12 2
19 13 13
19 14 2
19 15 4
19 16 8
19 17 6
19 18 10
20 0 4
20 1 2
20 2 7
20 3 7
20 4 5
20 5 6
20 6 7
20 7 7
20 8 11
20 9 6
20 10 12
20 11 11
20 12 4
20 13 8
20 14 3
20 15 2
20 16 9
20 17 2
20 18 9
20 19 12
21 0 3
21 1 13
21 2 8
21 3 8
21 4 6
21 5 1
21 6 8
21 7 8
21 8 2
21 9 5
21 10 12
21 11 6
21 12 11
21 13 12
21 14 10
21 15 8
21 16 8
21 17 11
21 18 3
21 19 12
21 20 5
22 0 4
22 1 3
22 2 11
22 3 7
22 4 8
22 5 8
22 6 5
22 7 9
22 8 12
22 9 13
22 10 11
22 11 9
22 12 12
22 13 1
22 14 1
22 15 9
22 16 12
22 17 5
22 18 4
22 19 6
22 20 11
22 21 9
23 0 1
23 1 9
23 2 7
23 3 12
23 4 7
23 5 2
23 6 11
23 7 7
23 8 3
23 9 13
23 10 8
23 11 11
23 12 4
23 13 7
23 14 6
23 15 2
23 16 13
23 17 8
23 18 6
23 19 11
23 20 7
23 21 11
23 22 7
24 0 8
24 1 10
24 2 1
24 3 13
24 4 2
24 5 5
24 6 6
24 7 12
24 8 5
24 9 9
24 10 1
24 11 5
24 12 8
24 13 12
24 14 6
24 15 5
24 16 5
24 17 8
24 18 7
24 19 13
24 20 8
24 21 9
24 22 4
24 23 10
25 0 6
25 1 4
25 2 8
25 3 13
25 4 13
25 5 4
25 6 5
25 7 3
25 8 5
25 9 5
25 10 4
25 11 7
25 12 8
25 13 7
25 14 12
25 15 13
25 16 10
25 17 10
25 18 7
25 19 12
25 20 9
25 21 1
25 22 10
25 23 1
25 24 12
26 0 3
26 1 3
26 2 13
26 3 2
26 4 5
26 5 7
26 6 4
26 7 11
26 8 13
26 9 12
26 10 4
26 11 4
26 12 1
26 13 5
26 14 8
26 15 5
26 16 9
26 17 7
26 18 4
26 19 1
26 20 1
26 21 6
26 22 9
26 23 1
26 24 6
26 25 11
27 0 5
27 1 13
27 2 13
27 3 10
27 4 3
27 5 4
27 6 4
27 7 11
27 8 5
27 9 13
27 10 3
27 11 9
27 12 7
27 13 9
27 14 6
27 15 8
27 16 5
27 17 5
27 18 2
27 19 4
27 20 5
27 21 10
27 22 1
27 23 10
27 24 9
27 25 7
27 26 12
28 0 11
28 1 13
28 2 7
28 3 13
28 4 11
28 5 9
28 6 4
28 7 13
28 8 13
28 9 9
28 10 11
28 11 11
28 12 1
28 13 10
28 14 8
28 15 7
28 16 13
28 17 10
28 18 5
28 19 2
28 20 11
28 21 5
28 22 4
28 23 5
28 24 12
28 25 1
28 26 13
28 27 1
29 0 2
29 1 5
29 2 5
29 3 3
29 4 7
29 5 3
29 6 7
29 7 3
29 8 7
29 9 7
29 10 4
29 11 11
29 12 4
29 13 6
29 14 9
29 15 5
29 16 1
29 17 13
29 18 2
29 19 12
29 20 4
29 21 9
29 22 11
29 23 11
29 24 3
29 25 8
29 26 12
29 27 13
29 28 2
30 0 2
30 1 5
30 2 8
30 3 7
30 4 10
30 5 8
30 6 8
30 7 13
30 8 7
30 9 4
30 10 11
30 11 11
30 12 3
30 13 8
30 14 9
30 15 1
30 16 2
30 17 10
30 18 6
30 19 12
30 20 1
30 21 4
30 22 6
30 23 11
30 24 11
30 25 10
30 26 6
30 27 5
30 28 8
30 29 7
31 0 6
31 1 12
31 2 13
31 3 10
31 4 6
31 5 7
31 6 13
31 7 5
31 8 11
31 9 2
31 10 4
31 11 3
31 12 11
31 13 8
31 14 6
31 15 2
31 16 9
31 17 11
31 18 7
31 19 10
31 20 13
31 21 10
31 22 8
31 23 5
31 24 1
31 25 3
31 26 1
31 27 8
31 28 13
31 29 1
31 30 8
32 0 8
32 1 4
32 2 5
32 3 5
32 4 4
32 5 9
32 6 8
32 7 11
32 8 1
32 9 11
32 10 11
32 11 7
32 12 13
32 13 3
32 14 4
32 15 4
32 16 11
32 17 4
32 18 6
32 19 5
32 20 1
32 21 4
32 22 7
32 23 12
32 24 1
32 25 2
32 26 6
32 27 7
32 28 12
32 29 3
32 30 1
32 31 10
33 0 4
33 1 2
33 2 5
33 3 12
33 4 6
33 5 1
33 6 8
33 7 9
33 8 5
33 9 7
33 10 13
33 11 5
33 12 8
33 13 9
33 14 5
33 15 4
33 16 9
33 17 11
33 18 9
33 19 7
33 20 7
33 21 4
33 22 12
33 23 8
33 24 7
33 25 10
33 26 11
33 27 10
33 28 1
33 29 12
33 30 1
33 31 13
33 32 6
34 0 9
34 1 10
34 2 7
34 3 3
34 4 5
34 5 12
34 6 6
34 7 11
34 8 12
34 9 5
34 10 5
34 11 1
34 12 12
34 13 6
34 14 1
34 15 7
34 16 9
34 17 9
34 18 12
34 19 5
34 20 12
34 21 6
34 22 1
34 23 12
34 24 13
34 25 7
34 26 4
34 27 4
34 28 8
34 29 6
34 30 12
34 31 7
34 32 4
34 33 11
35 0 9
35 1 5
35 2 12
35 3 7
35 4 5
35 5 1
35 6 8
35 7 9
35 8 13
35 9 3
35 10 4
35 11 2
35 12 4
35 13 2
35 14 11
35 15 2
35 16 3
35 17 6
35 18 6
35 19 2
35 20 9
35 21 11
35 22 10
35 23 13
35 24 1
35 25 7
35 26 5
35 27 4
35 28 8
35 29 7
35 30 3
35 31 11
35 32 1
35 33 1
35 34 11
36 0 5
36 1 1
36 2 8
36 3 2
36 4 3
36 5 13
36 6 4
36 7 9
36 8 13
36 9 10
36 10 9
36 11 4
36 12 10
36 13 10
36 14 8
36 15 4
36 16 6
36 17 5
36 18 9
36 19 7
36 20 4
36 21 7
36 22 5
36 23 1
36 24 5
36 25 9
36 26 10
36 27 5
36 28 4
36 29 6
36 30 2
36 31 9
36 32 11
36 33 2
36 34 6
36 35 8
37 0 2
37 1 9
37 2 11
37 3 8
37 4 3
37 5 2
37 6 4
37 7 6
37 8 13
37 9 10
37 10 13
37 11 10
37 12 7
37 13 12
37 14 13
37 15 9
37 16 10
37 17 6
37 18 9
37 19 10
37 20 13
37 21 3
37 22 1
37 23 6
37 24 4
37 25 13
37 26 7
37 27 8
37 28 5
37 29 7
37 30 9
37 31 11
37 32 11
37 33 9
37 34 4
37 35 13
37 36 12
38 0 12
38 1 6
38 2 5
38 3 11
38 4 11
38 5 8
38 6 2
38 7 5
38 8 6
38 9 2
38 10 10
38 11 1
38 12 3
38 13 3
38 14 2
38 15 9
38 16 5
38 17 3
38 18 3
38 19 3
38 20 10
38 21 10
38 22 11
38 23 6
38 24 2
38 25 8
38 26 13
38 27 5
38 28 12
38 29 11
38 30 13
38 31 9
38 32 6
38 33 2
38 34 6
38 35 12
38 36 2
38 37 11
39 0 5
39 1 10
39 2 10
39 3 4
39 4 13
39 5 11
39 6 10
39 7 7
39 8 13
39 9 7
39 10 9
39 11 5
39 12 4
39 13 10
39 14 7
39 15 4
39 16 4
39 17 5
39 18 8
39 19 3
39 20 7
39 21 1
39 22 4
39 23 2
39 24 2
39 25 11
39 26 7
39 27 7
39 28 9
39 29 5
39 30 2
39 31 8
39 32 4
39 33 2
39 34 11
39 35 2
39 36 11
39 37 12
39 38 12
40 0 10
40 1 6
40 2 10
40 3 8
40 4 7
40 5 5
40 6 9
40 7 4
40 8 10
40 9 8
40 10 7
40 11 8
40 12 11
40 13 6
40 14 7
40 15 1
40 16 1
40 17 2
40 18 10
40 19 8
40 20 4
40 21 1
40 22 6
40 23 9
40 24 11
40 25 5
40 26 3
40 27 1
40 28 5
40 29 13
40 30 13
40 31 11
40 32 1
40 33 9
40 34 9
40 35 11
40 36 11
40 37 3
40 38 13
40 39 7
41 0 9
41 1 12
41 2 8
41 3 6
41 4 1
41 5 9
41 6 6
41 7 2
41 8 4
41 9 8
41 10 8
41 11 8
41 12 12
41 13 11
41 14 13
41 15 11
41 16 11
41 17 6
41 18 8
41 19 1
41 20 8
41 21 5
41 22 11
41 23 3
41 24 11
41 25 11
41 26 9
41 27 9
41 28 1
41 29 2
41 30 4
41 31 5
41 32 11
41 33 11
41 34 7
41 35 1
41 36 10
41 37 6
41 38 10
41 39 6
41 40 3
42 0 2
42 1 6
42 2 10
42 3 3
42 4 5
42 5 9
42 6 7
42 7 13
42 8 13
42 9 10
42 10 3
42 11 4
42 12 10
42 13 10
42 14 11
42 15 13
42 16 13
42 17 3
42 18 7
42 19 13
42 20 1
42 21 6
42 22 8
42 23 5
42 24 8
42 25 2
42 26 12
42 27 10
42 28 10
42 29 3
42 30 10
42 31 11
42 32 4
42 33 10
42 34 8
42 35 10
42 36 13
42 37 8
42 38 13
42 39 10
42 40 8
42 41 10
43 0 5
43 1 1
43 2 1
43 3 11
43 4 1
43 5 10
43 6 1
43 7 4
43 8 4
43 9 10
43 10 1
43 11 12
43 12 5
43 13 6
43 14 5
43 15 3
43 16 1
43 17 1
43 18 11
43 19 7
43 20 6
43 21 12
43 22 5
43 23 11
43 24 11
43 25 4
43 26 11
43 27 8
43 28 3
43 29 5
43 30 4
43 31 9
43 32 11
43 33 12
43 34 1
43 35 8
43 36 2
43 37 12
43 38 9
43 39 2
43 40 8
43 41 6
43 42 13
44 0 12
44 1 4
44 2 8
44 3 10
44 4 9
44 5 9
44 6 8
44 7 6
44 8 2
44 9 7
44 10 6
44 11 5
44 12 2
44 13 3
44 14 12
44 15 13
44 16 7
44 17 13
44 18 13
44 19 2
44 20 10
44 21 1
44 22 7
44 23 2
44 24 6
44 25 6
44 26 1
44 27 3
44 28 2
44 29 9
44 30 2
44 31 6
44 32 3
44 33 3
44 34 2
44 35 6
44 36 11
44 37 5
44 38 12
44 39 2
44 40 5
44 41 5
44 42 13
44 43 9
45 0 11
45 1 6
45 2 9
45 3 2
45 4 12
45 5 12
45 6 6
45 7 6
45 8 1
45 9 13
45 10 1
45 11 7
45 12 11
45 13 3
45 14 1
45 15 4
45 16 10
45 17 1
45 18 11
45 19 9
45 20 1
45 21 1
45 22 8
45 23 1
45 24 12
45 25 12
45 26 8
45 27 4
45 28 10
45 29 13
45 30 4
45 31 7
45 32 13
45 33 4
45 34 3
45 35 6
45 36 2
45 37 3
45 38 4
45 39 3
45 40 10
45 41 4
45 42 7
45 43 13
45 44 7
46 0 10
46 1 9
46 2 4
46 3 5
46 4 9
46 5 5
46 6 7
46 7 2
46 8 12
46 9 1
46 10 3
46 11 9
46 12 12
46 13 7
46 14 6
46 15 11
46 16 6
46 17 5
46 18 4
46 19 4
46 20 2
46 21 8
46 22 12
46 23 13
46 24 7
46 25 7
46 26 7
46 27 6
46 28 2
46 29 8
46 30 9
46 31 9
46 32 12
46 33 9
46 34 9
46 35 5
46 36 10
46 37 13
46 38 3
46 39 7
46 40 13
46 41 9
46 42 6
46 43 6
46 44 5
46 45 6
47 0 13
47 1 2
47 2 3
47 3 1
47 4 8
47 5 1
47 6 2
47 7 2
47 8 8
47 9 1
47 10 13
47 11 9
47 12 3
47 13 11
47 14 1
47 15 10
47 16 4
47 17 7
47 18 4
47 19 6
47 20 7
47 21 12
47 22 8
47 23 1
47 24 7
47 25 4
47 26 2
47 27 10
47 28 10
47 29 9
47 30 10
47 31 4
47 32 4
47 33 11
47 34 10
47 35 9
47 36 7
47 37 1
47 38 1
47 39 10
47 40 2
47 41 2
47 42 3
47 43 6
47 44 10
47 45 12
47 46 1
48 0 5
48 1 11
48 2 2
48 3 2
48 4 5
48 5 9
48 6 9
48 7 9
48 8 12
48 9 3
48 10 13
48 11 3
48 12 10
48 13 13
48 14 6
48 15 7
48 16 8
48 17 4
48 18 13
48 19 10
48 20 1
48 21 2
48 22 8
48 23 3
48 24 4
48 25 4
48 26 5
48 27 12
48 28 2
48 29 3
48 30 6
48 31 4
48 32 13
48 33 3
48 34 11
48 35 1
48 36 2
48 37 4
48 38 3
48 39 4
48 40 8
48 41 6
48 42 10
48 43 8
48 44 2
48 45 7
48 46 10
48 47 13
49 0 12
49 1 11
49 2 2
49 3 8
49 4 13
49 5 6
49 6 13
49 7 3
49 8 1
49 9 13
49 10 3
49 11 1
49 12 10
49 13 2
49 14 3
49 15 2
49 16 12
49 17 12
49 18 6
49 19 1
49 20 3
49 21 5
49 22 6
49 23 10
49 24 6
49 25 6
49 26 1
49 27 7
49 28 13
49 29 2
49 30 1
49 31 9
49 32 3
49 33 13
49 34 8
49 35 9
49 36 12
49 37 7
49 38 2
49 39 3
49 40 11
49 41 3
49 42 4
49 43 8
49 44 12
49 45 7
49 46 11
49 47 11
49 48 10
50 0 13
50 1 10
50 2 8
50 3 2
50 4 13
50 5 9
50 6 1
50 7 13
50 8 6
50 9 13
50 10 7
50 11 6
50 12 12
50 13 6
50 14 13
50 15 4
50 16 10
50 17 11
50 18 1
50 19 2
50 20 4
50 21 10
50 22 5
50 23 13
50 24 10
50 25 13
50 26 7
50 27 10
50 28 10
50 29 8
50 30 12
50 31 4
50 32 11
50 33 1
50 34 2
50 35 4
50 36 10
50 37 8
50 38 12
50 39 10
50 40 7
50 41 8
50 42 9
50 43 2
50 44 5
50 45 3
50 46 6
50 47 3
50 48 13
50 49 13
51 0 6
51 1 2
51 2 2
51 3 12
51 4 3
51 5 2
51 6 7
51 7 2
51 8 9
51 9 7
51 10 4
51 11 5
51 12 5
51 13 9
51 14 4
51 15 6
51 16 5
51 17 9
51 18 3
51 19 3
51 20 10
51 21 8
51 22 6
51 23 3
51 24 5
51 25 6
51 26 2
51 27 4
51 28 3
51 29 9
51 30 4
51 31 1
51 32 2
51 33 1
51 34 7
51 35 1
51 36 1
51 37 1
51 38 12
51 39 13
51 40 10
51 41 3
51 42 10
51 43 11
51 44 6
51 45 1
51 46 4
51 47 1
51 48 12
51 49 1
51 50 4
52 0 6
52 1 4
52 2 1
52 3 13
52 4 1
52 5 2
52 6 2
52 7 10
52 8 9
52 9 5
52 10 4
52 11 1
52 12 10
52 13 13
52 14 5
52 15 3
52 16 3
52 17 6
52 18 12
52 19 3
52 20 10
52 21 13
52 22 7
52 23 11
52 24 9
52 25 8
52 26 5
52 27 1
52 28 12
52 29 5
52 30 11
52 31 8
52 32 7
52 33 11
52 34 9
52 35 5
52 36 10
52 37 12
52 38 5
52 39 12
52 40 7
52 41 4
52 42 4
52 43 3
52 44 3
52 45 13
52 46 11
52 47 4
52 48 7
52 49 8
52 50 8
52 51 2
53 0 4
53 1 5
53 2 9
53 3 1
53 4 4
53 5 3
53 6 13
53 7 9
53 8 10
53 9 2
53 10 6
53 11 1
53 12 4
53 13 11
53 14 8
53 15 4
53 16 5
53 17 5
53 18 9
53 19 3
53 20 13
53 21 5
53 22 9
53 23 3
53 24 1
53 25 8
53 26 2
53 27 8
53 28 2
53 29 7
53 30 4
53 31 12
53 32 2
53 33 4
53 34 8
53 35 1
53 36 2
53 37 12
53 38 6
53 39 7
53 40 1
53 41 5
53 42 3
53 43 12
53 44 11
53 45 2
53 46 11
53 47 13
53 48 12
53 49 5
53 50 10
53 51 12
53 52 4
54 0 13
54 1 10
54 2 12
54 3 8
54 4 6
54 5 5
54 6 12
54 7 8
54 8 13
54 9 10
54 10 2
54 11 1
54 12 9
54 13 5
54 14 12
54 15 1
54 16 13
54 17 7
54 18 5
54 19 13
54 20 12
54 21 6
54 22 10
54 23 9
54 24 8
54 25 11
54 26 13
54 27 1
54 28 7
54 29 5
54 30 1
54 31 7
54 32 4
54 33 6
54 34 7
54 35 12
54 36 3
54 37 4
54 38 5
54 39 1
54 40 4
54 41 9
54 42 11
54 43 6
54 44 9
54 45 9
54 46 6
54 47 7
54 48 11
54 49 5
54 50 3
54 51 11
54 52 13
54 53 8
55 0 2
55 1 4
55 2 2
55 3 7
55 4 1
55 5 2
55 6 3
55 7 7
55 8 6
55 9 6
55 10 3
55 11 11
55 12 4
55 13 11
55 14 7
55 15 11
55 16 1
55 17 11
55 18 3
55 19 6
55 20 1
55 21 11
55 22 8
55 23 3
55 24 3
55 25 7
55 26 1
55 27 9
55 28 5
55 29 9
55 30 5
55 31 5
55 32 10
55 33 6
55 34 8
55 35 2
55 36 2
55 37 12
55 38 8
55 39 11
55 40 13
55 41 6
55 42 6
55 43 6
55 44 12
55 45 10
55 46 1
55 47 5
55 48 2
55 49 10
55 50 11
55 51 13
55 52 1
55 53 3
55 54 13
56 0 12
56 1 13
56 2 6
56 3 7
56 4 8
56 5 13
56 6 10
56 7 4
56 8 4
56 9 3
56 10 8
56 11 11
56 12 7
56 13 3
56 14 8
56 15 4
56 16 1
56 17 7
56 18 11
56 19 1
56 20 9
56 21 11
56 22 7
56 23 3
56 24 4
56 25 10
56 26 9
56 27 10
56 28 8
56 29 13
56 30 3
56 31 6
56 32 8
56 33 1
56 34 11
56 35 1
56 36 10
56 37 7
56 38 7
56 39 1
56 40 12
56 41 13
56 42 6
56 43 1
56 44 3
56 45 4
56 46 8
56 47 6
56 48 7
56 49 11
56 50 12
56 51 11
56 52 3
56 53 7
56 54 8
56 55 13
57 0 4
57 1 9
57 2 8
57 3 7
57 4 3
57 5 2
57 6 1
57 7 6
57 8 5
57 9 13
57 10 8
57 11 5
57 12 10
57 13 13
57 14 6
57 15 3
57 16 7
57 17 4
57 18 3
57 19 8
57 20 5
57 21 1
57 22 11
57 23 9
57 24 3
57 25 13
57 26 10
57 27 9
57 28 6
57 29 5
57 30 7
57 31 3
57 32 11
57 33 7
57 34 7
57 35 1
57 36 11
57 37 5
57 38 6
57 39 5
57 40 10
57 41 6
57 42 9
57 43 13
57 44 8
57 45 7
57 46 3
57 47 6
57 48 13
57 49 13
57 50 12
57 51 13
57 52 10
57 53 4
57 54 12
57 55 11
57 56 10
58 0 6
58 1 8
58 2 1
58 3 12
58 4 7
58 5 5
58 6 2
58 7 8
58 8 6
58 9 4
58 10 13
58 11 12
58 12 6
58 13 3
58 14 3
58 15 7
58 16 4
58 17 12
58 18 4
58 19 2
58 20 9
58 21 5
58 22 5
58 23 1
58 24 8
58 25 2
58 26 6
58 27 4
58 28 3
58 29 11
58 30 13
58 31 3
58 32 6
58 33 12
58 34 6
58 35 9
58 36 9
58 37 11
58 38 6
58 39 10
58 40 2
58 41 8
58 42 3
58 43 10
58 44 9
58 45 7
58 46 12
58 47 8
58 48 5
58 49 3
58 50 3
58 51 6
58 52 11
58 53 3
58 54 7
58 55 10
58 56 13
58 57 2
59 0 7
59 1 6
59 2 9
59 3 6
59 4 4
59 5 11
59 6 4
59 7 3
59 8 7
59 9 8
59 10 2
59 11 4
59 12 3
59 13 5
59 14 10
59 15 13
59 16 3
59 17 13
59 18 13
59 19 9
59 20 8
59 21 12
59 22 5
59 23 3
59 24 4
59 25 3
59 26 10
59 27 11
59 28 2
59 29 11
59 30 7
59 31 5
59 32 13
59 33 11
59 34 1
59 35 5
59 36 13
59 37 7
59 38 2
59 39 3
59 40 11
59 41 13
59 42 9
59 43 7
59 44 9
59 45 1
59 46 10
59 47 4
59 48 3
59 49 10
59 50 9
59 51 2
59 52 3
59 53 7
59 54 11
59 55 4
59 56 8
59 57 3
59 58 10
60 0 13
60 1 3
60 2 11
60 3 10
60 4 9
60 5 11
60 6 4
60 7 2
60 8 13
60 9 2
60 10 13
60 11 11
60 12 4
60 13 1
60 14 11
60 15 8
60 16 6
60 17 5
60 18 3
60 19 11
60 20 4
60 21 4
60 22 7
60 23 5
60 24 2
60 25 12
60 26 3
60 27 1
60 28 7
60 29 5
60 30 6
60 31 4
60 32 13
60 33 6
60 34 3
60 35 6
60 36 3
60 37 2
60 38 6
60 39 13
60 40 6
60 41 10
60 42 5
60 43 13
60 44 12
60 45 7
60 46 5
60 47 3
60 48 9
60 49 9
60 50 3
60 51 12
60 52 10
60 53 10
60 54 1
60 55 2
60 56 12
60 57 1
60 58 10
60 59 12
61 0 4
61 1 5
61 2 1
61 3 5
61 4 9
61 5 11
61 6 12
61 7 8
61 8 3
61 9 1
61 10 3
61 11 11
61 12 4
61 13 7
61 14 5
61 15 11
61 16 13
61 17 4
61 18 2
61 19 2
61 20 7
61 21 2
61 22 3
61 23 11
61 24 3
61 25 9
61 26 2
61 27 1
61 28 4
61 29 7
61 30 5
61 31 10
61 32 9
61 33 4
61 34 3
61 35 10
61 36 13
61 37 1
61 38 7
61 39 1
61 40 12
61 41 7
61 42 13
61 43 3
61 44 9
61 45 11
61 46 1
61 47 12
61 48 6
61 49 3
61 50 12
61 51 4
61 52 10
61 53 1
61 54 5
61 55 6
61 56 2
61 57 4
61 58 10
61 59 4
61 60 13
62 0 12
62 1 1
62 2 7
62 3 1
62 4 1
62 5 10
62 6 6
62 7 7
62 8 12
62 9 2
62 10 9
62 11 9
62 12 6
62 13 3
62 14 7
62 15 13
62 16 8
62 17 12
62 18 5
62 19 7
62 20 7
62 21 8
62 22 4
62 23 10
62 24 8
62 25 2
62 26 8
62 27 4
62 28 3
62 29 9
62 30 1
62 31 2
62 32 1
62 33 4
62 34 4
62 35 13
62 36 8
62 37 10
62 38 8
62 39 10
62 40 6
62 41 12
62 42 1
62 43 6
62 44 3
62 45 12
62 46 2
62 47 2
62 48 2
62 49 6
62 50 5
62 51 12
62 52 13
62 53 1
62 54 11
62 55 2
62 56 7
62 57 11
62 58 10
62 59 6
62 60 1
62 61 10
63 0 4
63 1 6
63 2 8
63 3 1
63 4 7
63 5 2
63 6 9
63 7 7
63 8 11
63 9 6
63 10 13
63 11 10
63 12 7
63 13 3
63 14 2
63 15 9
63 16 3
63 17 13
63 18 2
63 19 8
63 20 7
63 21 9
63 22 8
63 23 1
63 24 4
63 25 1
63 26 3
63 27 1
63 28 1
63 29 6
63 30 10
63 31 5
63 32 13
63 33 12
63 34 1
63 35 4
63 36 12
63 37 6
63 38 12
63 39 6
63 40 12
63 41 2
63 42 10
63 43 3
63 44 2
63 45 5
63 46 11
63 47 5
63 48 10
63 49 7
63 50 9
63 51 12
63 52 7
63 53 5
63 54 10
63 55 4
63 56 1
63 57 6
63 58 8
63 59 1
63 60 4
63 61 11
63 62 1
64 0 12
64 1 8
64 2 1
64 3 8
64 4 9
64 5 1
64 6 8
64 7 9
64 8 1
64 9 13
64 10 8
64 11 13
64 12 6
64 13 6
64 14 1
64 15 6
64 16 9
64 17 5
64 18 11
64 19 12
64 20 3
64 21 13
64 22 5
64 23 12
64 24 2
64 25 10
64 26 12
64 27 1
64 28 12
64 29 10
64 30 2
64 31 9
64 32 11
64 33 4
64 34 3
64 35 3
64 36 9
64 37 8
64 38 5
64 39 11
64 40 8
64 41 12
64 42 12
64 43 11
64 44 2
64 45 5
64 46 11
64 47 5
64 48 2
64 49 3
64 50 13
64 51 13
64 52 13
64 53 6
64 54 5
64 55 10
64 56 8
64 57 11
64 58 6
64 59 13
64 60 4
64 61 2
64 62 4
64 63 2
65 0 10
65 1 10
65 2 4
65 3 2
65 4 12
65 5 13
65 6 2
65 7 10
65 8 6
65 9 1
65 10 5
65 11 1
65 12 3
65 13 4
65 14 10
65 15 7
65 16 10
65 17 13
65 18 6
65 19 4
65 20 8
65 21 5
65 22 13
65 23 11
65 24 2
65 25 1
65 26 7
65 27 6
65 28 11
65 29 5
65 30 1
65 31 7
65 32 1
65 33 1
65 34 11
65 35 4
65 36 12
65 37 7
65 38 1
65 39 7
65 40 6
65 41 2
65 42 8
65 43 4
65 44 2
65 45 9
65 46 12
65 47 8
65 48 5
65 49 8
65 50 13
65 51 13
65 52 11
65 53 11
65 54 11
65 55 6
65 56 11
65 57 9
65 58 12
65 59 3
65 60 1
65 61 9
65 62 8
65 63 9
65 64 11
66 0 8
66 1 7
66 2 11
66 3 3
66 4 3
66 5 11
66 6 3
66 7 5
66 8 3
66 9 11
66 10 7
66 11 3
66 12 6
66 13 12
66 14 9
66 15 3
66 16 5
66 17 7
66 18 11
66 19 5
66 20 8
66 21 13
66 22 13
66 23 1
66 24 12
66 25 9
66 26 4
66 27 8
66 28 4
66 29 7
66 30 13
66 31 3
66 32 13
66 33 10
66 34 3
66 35 10
66 36 8
66 37 10
66 38 5
66 39 4
66 40 7
66 41 9
66 42 4
66 43 5
66 44 4
66 45 3
66 46 9
66 47 1
66 48 9
66 49 10
66 50 9
66 51 12
66 52 2
66 53 10
66 54 4
66 55 6
66 56 6
66 57 12
66 58 8
66 59 11
66 60 7
66 61 9
66 62 2
66 63 7
66 64 13
66 65 10
67 0 13
67 1 8
67 2 10
67 3 6
67 4 8
67 5 12
67 6 5
67 7 3
67 8 10
67 9 13
67 10 2
67 11 7
67 12 4
67 13 11
67 14 4
67 15 10
67 16 8
67 17 1
67 18 13
67 19 8
67 20 13
67 21 10
67 22 11
67 23 10
67 24 12
67 25 10
67 26 10
67 27 4
67 28 3
67 29 13
67 30 7
67 31 4
67 32 11
67 33 13
67 34 2
67 35 13
67 36 6
67 37 4
67 38 2
67 39 8
67 40 13
67 41 11
67 42 7
67 43 2
67 44 2
67 45 10
67 46 7
67 47 13
67 48 8
67 49 3
67 50 7
67 51 10
67 52 13
67 53 10
67 54 9
67 55 6
67 56 9
67 57 1
67 58 12
67 59 5
67 60 8
67 61 13
67 62 2
67 63 10
67 64 5
67 65 12
67 66 6
68 0 6
68 1 10
68 2 9
68 3 3
68 4 3
68 5 7
68 6 3
68 7 12
68 8 7
68 9 7
68 10 2
68 11 12
68 12 13
68 13 9
68 14 3
68 15 12
68 16 10
68 17 11
68 18 7
68 19 6
68 20 12
68 21 2
68 22 13
68 23 11
68 24 6
68 25 8
68 26 5
68 27 9
68 28 12
68 29 3
68 30 8
68 31 10
68 32 3
68 33 12
68 34 8
68 35 7
68 36 7
68 37 12
68 38 6
68 39 8
68 40 9
68 41 4
68 42 6
68 43 10
68 44 9
68 45 8
68 46 12
68 47 12
68 48 7
68 49 4
68 50 8
68 51 6
68 52 11
68 53 12
68 54 4
68 55 1
68 56 6
68 57 11
68 58 3
68 59 5
68 60 1
68 61 7
68 62 9
68 63 3
68 64 8
68 65 3
68 66 9
68 67 2
69 0 12
69 1 10
69 2 2
69 3 4
69 4 4
69 5 11
69 6 12
69 7 13
69 8 12
69 9 13
69 10 3
69 11 1
69 12 3
69 13 5
69 14 9
69 15 8
69 16 9
69 17 3
69 18 12
69 19 9
69 20 8
69 21 9
69 22 9
69 23 4
69 24 7
69 25 5
69 26 10
69 27 12
69 28 13
69 29 8
69 30 6
69 31 6
69 32 7
69 33 7
69 34 10
69 35 2
69 36 8
69 37 12
69 38 12
69 39 3
69 40 8
69 41 10
69 42 11
69 43 1
69 44 4
69 45 2
69 46 11
69 47 6
69 48 6
69 49 8
69 50 2
69 51 13
69 52 6
69 53 7
69 54 1
69 55 1
69 56 1
69 57 5
69 58 12
69 59 12
69 60 6
69 61 9
69 62 7
69 63 7
69 64 9
69 65 8
69 66 13
69 67 13
69 68 3
