40
1 0 4
2 0 2
2 1 3
3 0 4
3 1 2
3 2 4
4 0 1
4 1 4
4 2 4
4 3 1
5 0 3
5 1 2
5 2 3
5 3 3
5 4 3
6 0 3
6 1 1
6 2 4
6 3 2
6 4 3
6 5 3
7 0 4
7 1 3
7 2 1
7 3 4
7 4 4
7 5 3
7 6 2
8 0 2
8 1 3
8 2 4
8 3 3
8 4 3
8 5 2
8 6 1
8 7 4
9 0 1
9 1 1
9 2 4
9 3 2
9 4 2
9 5 3
9 6 3
9 7 3
9 8 1
10 0 1
10 1 3
10 2 2
10 3 4
10 4 1
10 5 3
10 6 3
10 7 4
10 8 4
10 9 1
11 0 2
11 1 1
11 2 3
11 3 3
11 4 1
11 5 4
11 6 2
11 7 1
11 8 4
11 9 2
11 10 4
12 0 1
12 1 3
12 2 4
12 3 2
12 4 1
12 5 3
12 6 2
12 7 4
12 8 4
12 9 4
12 10 2
12 11 2
13 0 2
13 1 1
13 2 2
13 3 2
13 4 3
13 5 1
13 6 3
13 7 3
13 8 2
13 9 3
13 10 1
13 11 1
13 12 2
14 0 3
14 1 3
14 2 1
14 3 3
14 4 4
14 5 4
14 6 4
14 7 2
14 8 1
14 9 4
14 10 3
14 11 1
14 12 4
14 13 1
15 0 3
15 1 2
15 2 1
15 3 4
15 4 3
15 5 4
15 6 1
15 7 3
15 8 4
15 9 1
15 10 4
15 11 1
15 12 3
15 13 4
15 14 3
16 0 2
16 1 1
16 2 1
16 3 2
16 4 3
16 5 3
16 6 3
16 7 1
16 8 1
16 9 4
16 10 2
16 11 1
16 12 3
16 13 1
16 14 4
16 15 2
17 0 3
17 1 3
17 2 3
17 3 1
17 4 1
17 5 4
17 6 1
17 7 1
17 8 3
17 9 3
17 10 2
17 11 3
17 12 3
17 13 4
17 14 4
17 15 1
17 16 4
18 0 1
18 1 1
18 2 3
18 3 3
18 4 2
18 5 3
18 6 1
18 7 4
18 8 3
18 9 4
18 10 1
18 11 2
18 12 1
18 13 3
18 14 2
18 15 1
18 16 3
18 17 4
19 0 3
19 1 4
19 2 1
19 3 1
19 4 4
19 5 2
19 6 3
19 7 1
19 8 2
19 9 3
19 10 1
19 11 3
19 12 1
19 13 4
19 14 2
19 15 1
19 16 4
19 17 4
19 18 1
20 0 1
20 1 1
20 2 4
20 3 4
20 4 1
20 5 3
20 6 1
20 7 1
20 8 2
20 9 3
20 10 3
20 11 2
20 12 4
20 13 2
20 14 2
20 15 2
20 16 1
20 17 2
20 18 2
20 19 1
21 0 2
21 1 2
21 2 4
21 3 3
21 4 2
21 5 1
21 6 4
21 7 2
21 8 4
21 9 2
21 10 2
21 11 1
21 12 3
21 13 4
21 14 1
21 15 3
21 16 1
21 17 4
21 18 3
21 19 2
21 20 3
22 0 1
22 1 4
22 2 3
22 3 1
22 4 1
22 5 4
22 6 4
22 7 1
22 8 2
22 9 4
22 10 4
22 11 3
22 12 2
22 13 1
22 14 4
22 15 1
22 16 1
22 17 3
22 18 1
22 19 4
22 20 2
22 21 2
23 0 1
23 1 4
23 2 1
23 3 4
23 4 2
23 5 1
23 6 4
23 7 1
23 8 2
23 9 4
23 10 1
23 11 4
23 12 1
23 13 3
23 14 3
23 15 4
23 16 3
23 17 4
23 18 2
23 19 3
23 20 3
23 21 1
23 22 3
24 0 3
24 1 4
24 2 3
24 3 4
24 4 4
24 5 3
24 6 1
24 7 2
24 8 2
24 9 1
24 10 4
24 11 2
24 12 2
24 13 1
24 14 2
24 15 2
24 16 1
24 17 3
24 18 1
24 19 2
24 20 1
24 21 3
24 22 2
24 23 4
25 0 3
25 1 3
25 2 4
25 3 3
25 4 1
25 5 4
25 6 1
25 7 2
25 8 1
25 9 1
25 10 3
25 11 2
25 12 1
25 13 1
25 14 4
25 15 3
25 16 1
25 17 2
25 18 1
25 19 2
25 20 2
25 21 3
25 22 3
25 23 4
25 24 1
26 0 4
26 1 1
26 2 2
26 3 2
26 4 2
26 5 4
26 6 2
26 7 1
26 8 3
26 9 2
26 10 2
26 11 4
26 12 2
26 13 2
26 14 1
26 15 2
26 16 2
26 17 2
26 18 1
26 19 1
26 20 2
26 21 3
26 22 4
26 23 3
26 24 4
26 25 4
27 0 2
27 1 3
27 2 1
27 3 2
27 4 4
27 5 1
27 6 2
27 7 1
27 8 2
27 9 4
27 10 3
27 11 1
27 12 1
27 13 1
27 14 2
27 15 1
27 16 3
27 17 3
27 18 2
27 19 1
27 20 4
27 21 4
27 22 2
27 23 2
27 24 2
27 25 4
27 26 1
28 0 2
28 1 3
28 2 4
28 3 4
28 4 2
28 5 2
28 6 3
28 7 3
28 8 3
28 9 2
28 10 3
28 11 3
28 12 1
28 13 3
28 14 2
28 15 1
28 16 3
28 17 3
28 18 4
28 19 4
28 20 4
28 21 4
28 22 1
28 23 2
28 24 3
28 25 1
28 26 2
28 27 2
29 0 4
29 1 3
29 2 2
29 3 3
29 4 1
29 5 3
29 6 2
29 7 1
29 8 1
29 9 4
29 10 2
29 11 4
29 12 2
29 13 1
29 14 4
29 15 2
29 16 4
29 17 3
29 18 2
29 19 4
29 20 2
29 21 2
29 22 3
29 23 3
29 24 2
29 25 2
29 26 3
29 27 2
29 28 3
30 0 2
30 1 1
30 2 1
30 3 1
30 4 1
30 5 3
30 6 4
30 7 4
30 8 4
30 9 2
30 10 2
30 11 3
30 12 3
30 13 3
30 14 3
30 15 3
30 16 4
30 17 1
30 18 4
30 19 2
30 20 3
30 21 2
30 22 1
30 23 1
30 24 1
30 25 1
30 26 3
30 27 1
30 28 4
30 29 2
31 0 1
31 1 3
31 2 3
31 3 3
31 4 2
31 5 2
31 6 1
31 7 2
31 8 2
31 9 3
31 10 3
31 11 3
31 12 4
31 13 4
31 14 4
31 15 4
31 16 2
31 17 2
31 18 2
31 19 3
31 20 3
31 21 2
31 22 1
31 23 1
31 24 1
31 25 2
31 26 3
31 27 3
31 28 1
31 29 4
31 30 3
32 0 3
32 1 3
32 2 3
32 3 4
32 4 1
32 5 4
32 6 4
32 7 2
32 8 4
32 9 3
32 10 3
32 11 3
32 12 1
32 13 1
32 14 1
32 15 1
32 16 1
32 17 2
32 18 2
32 19 1
32 20 2
32 21 1
32 22 3
32 23 4
32 24 1
32 25 4
32 26 1
32 27 4
32 28 1
32 29 4
32 30 3
32 31 4
33 0 1
33 1 4
33 2 3
33 3 4
33 4 1
33 5 2
33 6 3
33 7 2
33 8 1
33 9 3
33 10 3
33 11 4
33 12 3
33 13 4
33 14 1
33 15 1
33 16 1
33 17 2
33 18 4
33 19 4
33 20 2
33 21 3
33 22 4
33 23 1
33 24 3
33 25 4
33 26 3
33 27 1
33 28 3
33 29 3
33 30 1
33 31 3
33 32 4
34 0 3
34 1 1
34 2 1
34 3 4
34 4 3
34 5 3
34 6 1
34 7 3
34 8 2
34 9 3
34 10 2
34 11 4
34 12 2
34 13 3
34 14 4
34 15 2
34 16 1
34 17 4
34 18 2
34 19 1
34 20 3
34 21 4
34 22 1
34 23 1
34 24 3
34 25 1
34 26 1
34 27 2
34 28 1
34 29 4
34 30 1
34 31 3
34 32 2
34 33 3
35 0 2
35 1 2
35 2 3
35 3 3
35 4 2
35 5 2
35 6 4
35 7 4
35 8 4
35 9 4
35 10 4
35 11 1
35 12 4
35 13 2
35 14 2
35 15 3
35 16 2
35 17 1
35 18 2
35 19 3
35 20 1
35 21 2
35 22 1
35 23 3
35 24 2
35 25 2
35 26 4
35 27 1
35 28 4
35 29 2
35 30 1
35 31 4
35 32 1
35 33 2
35 34 4
36 0 4
36 1 1
36 2 3
36 3 1
36 4 2
36 5 2
36 6 4
36 7 4
36 8 1
36 9 2
36 10 1
36 11 4
36 12 2
36 13 1
36 14 4
36 15 4
36 16 1
36 17 1
36 18 3
36 19 4
36 20 1
36 21 1
36 22 3
36 23 4
36 24 4
36 25 3
36 26 4
36 27 3
36 28 2
36 29 1
36 30 4
36 31 4
36 32 4
36 33 1
36 34 3
36 35 4
37 0 3
37 1 4
37 2 3
37 3 4
37 4 4
37 5 4
37 6 3
37 7 1
37 8 3
37 9 1
37 10 2
37 11 4
37 12 4
37 13 1
37 14 1
37 15 2
37 16 1
37 17 2
37 18 1
37 19 2
37 20 2
37 21 1
37 22 4
37 23 1
37 24 4
37 25 3
37 26 3
37 27 4
37 28 4
37 29 3
37 30 1
37 31 1
37 32 2
37 33 4
37 34 4
37 35 4
37 36 3
38 0 4
38 1 3
38 2 2
38 3 1
38 4 2
38 5 3
38 6 1
38 7 4
38 8 2
38 9 4
38 10 1
38 11 1
38 12 2
38 13 3
38 14 2
38 15 1
38 16 3
38 17 4
38 18 3
38 19 2
38 20 2
38 21 3
38 22 4
38 23 3
38 24 3
38 25 1
38 26 2
38 27 4
38 28 2
38 29 1
38 30 1
38 31 1
38 32 1
38 33 2
38 34 4
38 35 4
38 36 3
38 37 1
39 0 4
39 1 1
39 2 4
39 3 2
39 4 1
39 5 2
39 6 4
39 7 3
39 8 3
39 9 1
39 10 1
39 11 2
39 12 3
39 13 1
39 14 1
39 15 4
39 16 2
39 17 2
39 18 1
39 19 3
39 20 3
39 21 4
39 22 4
39 23 1
39 24 1
39 25 4
39 26 1
39 27 4
39 28 4
39 29 4
39 30 4
39 31 1
39 32 4
39 33 2
39 34 2
39 35 1
39 36 2
39 37 4
39 38 2
