30
1 0 1
2 0 1
2 1 4
3 0 2
3 1 2
3 2 2
4 1 4
4 2 1
4 3 2
5 2 4
5 3 4
6 1 2
6 2 2
6 3 1
6 4 2
6 5 3
7 0 1
7 1 4
7 2 2
7 3 4
7 4 1
8 0 4
8 1 4
8 3 2
8 4 1
8 5 2
8 6 2
9 1 4
9 2 1
9 3 2
9 6 1
10 2 4
10 4 2
10 5 1
10 6 1
10 7 3
10 8 2
10 9 4
11 2 2
11 5 3
11 6 2
11 7 2
11 10 1
12 0 4
12 2 2
12 4 1
12 6 4
12 8 3
12 9 1
12 10 1
13 0 3
13 2 1
13 3 4
13 5 1
13 9 2
13 10 4
13 12 3
14 3 4
14 4 2
14 5 2
14 6 1
14 12 3
15 1 2
15 2 4
15 4 4
15 6 3
15 7 3
15 8 4
15 9 3
15 10 2
15 12 2
15 13 3
15 14 2
16 0 3
16 1 3
16 4 3
16 6 3
16 7 2
16 9 4
16 11 3
16 13 1
17 2 1
17 4 1
17 5 4
17 6 3
17 7 3
17 10 1
17 16 3
18 1 4
18 2 1
18 3 2
18 4 4
18 5 1
18 6 3
18 7 3
18 9 2
18 14 3
18 16 2
19 1 3
19 4 4
19 6 1
19 9 1
19 10 3
19 12 4
19 14 3
19 16 4
19 17 1
20 0 4
20 4 1
20 7 3
20 9 4
20 10 4
20 11 2
20 12 3
20 14 1
20 18 4
21 2 1
21 4 3
21 5 1
21 6 4
21 11 2
21 12 1
21 14 4
21 17 2
21 18 1
21 19 4
21 20 1
22 0 1
22 7 2
22 8 4
22 9 2
22 10 3
22 11 3
22 12 4
22 14 4
22 15 4
22 16 2
22 17 4
22 18 2
22 20 2
23 0 1
23 4 4
23 5 1
23 6 3
23 9 1
23 10 4
23 12 3
23 14 3
23 16 2
23 19 4
23 20 1
24 2 4
24 3 4
24 7 2
24 8 1
24 10 3
24 11 1
24 12 1
24 13 1
24 15 4
24 16 3
24 19 4
24 21 4
24 23 4
25 4 4
25 5 3
25 7 4
25 8 3
25 12 2
25 17 1
25 21 3
25 23 1
26 0 2
26 2 4
26 3 1
26 7 4
26 9 4
26 10 2
26 12 3
26 15 4
26 17 3
26 18 3
26 20 2
26 21 1
26 23 3
26 24 3
27 2 1
27 6 2
27 10 4
27 15 4
27 16 3
27 20 4
27 23 1
27 24 4
27 26 2
28 3 1
28 4 4
28 5 2
28 10 2
28 11 2
28 12 4
28 14 2
28 16 1
28 18 1
28 21 4
28 22 4
28 23 3
28 24 2
28 27 2
29 1 3
29 2 2
29 3 2
29 5 1
29 7 1
29 9 1
29 11 4
29 14 2
29 16 1
29 17 2
29 20 4
29 21 3
29 22 1
29 23 1
29 24 2
29 27 1
