60
1 0 3
2 0 10
2 1 5
3 0 5
3 1 12
3 2 5
4 0 7
4 1 1
4 2 1
4 3 13
5 0 12
5 1 5
5 2 7
5 3 1
5 4 13
6 0 4
6 1 12
6 2 7
6 3 1
6 4 10
6 5 2
7 0 4
7 1 1
7 2 12
7 3 9
7 4 5
7 5 6
7 6 10
8 0 3
8 1 1
8 2 12
8 3 8
8 4 10
8 5 5
8 6 11
8 7 3
9 0 7
9 1 9
9 2 3
9 3 2
9 4 10
9 5 4
9 6 3
9 7 11
9 8 3
10 0 5
10 1 5
10 2 9
10 3 12
10 4 9
10 5 12
10 6 6
10 7 11
10 8 4
10 9 4
11 0 5
11 1 3
11 2 13
11 3 3
11 4 6
11 5 8
11 6 12
11 7 5
11 8 5
11 9 7
11 10 4
12 0 5
12 1 5
12 2 1
12 3 13
12 4 6
12 5 13
12 6 1
12 7 2
12 8 13
12 9 5
12 10 8
12 11 2
13 0 11
13 1 4
13 2 7
13 3 4
13 4 1
13 5 6
13 6 10
13 7 11
13 8 13
13 9 10
13 10 12
13 11 9
13 12 10
14 0 1
14 1 2
14 2 12
14 3 2
14 4 11
14 5 11
14 6 4
14 7 12
14 8 10
14 9 9
14 10 7
14 11 4
14 12 1
14 13 10
15 0 9
15 1 4
15 2 7
15 3 6
15 4 3
15 5 12
15 6 13
15 7 4
15 8 9
15 9 8
15 10 10
15 11 4
15 12 5
15 13 9
15 14 6
16 0 13
16 1 2
16 2 4
16 3 12
16 4 12
16 5 4
16 6 4
16 7 10
16 8 7
16 9 7
16 10 12
16 11 3
16 12 13
16 13 13
16 14 5
16 15 3
17 0 2
17 1 9
17 2 8
17 3 5
17 4 8
17 5 5
17 6 11
17 7 12
17 8 13
17 9 6
17 10 11
17 11 2
17 12 8
17 13 11
17 14 5
17 15 4
17 16 1
18 0 10
18 1 7
18 2 6
18 3 1
18 4 4
18 5 8
18 6 1
18 7 1
18 8 9
18 9 2
18 10 2
18 11 7
18 12 5
18 13 12
18 14 5
18 15 13
18 16 7
18 17 2
19 0 6
19 1 10
19 2 2
19 3 8
19 4 12
19 5 9
19 6 10
19 7 1
19 8 1
19 9 11
19 10 3
19 11 5
19 12 4
19 13 8
19 14 1
19 15 3
19 16 2
19 17 2
19 18 10
20 0 13
20 1 7
20 2 2
20 3 11
20 4 12
20 5 11
20 6 13
20 7 10
20 8 7
20 9 10
20 10 6
20 11 8
20 12 4
20 13 9
20 14 8
20 15 9
20 16 7
20 17 11
20 18 9
20 19 13
21 0 8
21 1 7
21 2 9
21 3 10
21 4 2
21 5 5
21 6 5
21 7 13
21 8 8
21 9 13
21 10 6
21 11 4
21 12 13
21 13 10
21 14 2
21 15 3
21 16 8
21 17 10
21 18 10
21 19 7
21 20 6
22 0 5
22 1 9
22 2 9
22 3 1
22 4 1
22 5 8
22 6 11
22 7 12
22 8 2
22 9 3
22 10 11
22 11 12
22 12 2
22 13 6
22 14 11
22 15 4
22 16 7
22 17 10
22 18 8
22 19 7
22 20 11
22 21 7
23 0 12
23 1 12
23 2 11
23 3 5
23 4 3
23 5 11
23 6 3
23 7 3
23 8 13
23 9 1
23 10 6
23 11 2
23 12 9
23 13 4
23 14 13
23 15 9
23 16 12
23 17 13
23 18 2
23 19 7
23 20 12
23 21 1
23 22 9
24 0 2
24 1 10
24 2 7
24 3 9
24 4 4
24 5 2
24 6 2
24 7 3
24 8 8
24 9 2
24 10 9
24 11 10
24 12 8
24 13 6
24 14 13
24 15 6
24 16 5
24 17 5
24 18 13
24 19 10
24 20 2
24 21 7
24 22 7
24 23 10
25 0 7
25 1 8
25 2 8
25 3 5
25 4 10
25 5 1
25 6 12
25 7 6
25 8 13
25 9 9
25 10 2
25 11 6
25 12 10
25 13 9
25 14 1
25 15 1
25 16 10
25 17 12
25 18 11
25 19 11
25 20 6
25 21 4
25 22 12
25 23 5
25 24 12
26 0 10
26 1 13
26 2 13
26 3 1
26 4 2
26 5 11
26 6 9
26 7 5
26 8 13
26 9 9
26 10 3
26 11 11
26 12 12
26 13 13
26 14 11
26 15 8
26 16 7
26 17 9
26 18 3
26 19 1
26 20 6
26 21 13
26 22 10
26 23 10
26 24 4
26 25 1
27 0 11
27 1 9
27 2 1
27 3 9
27 4 8
27 5 1
27 6 12
27 7 13
27 8 3
27 9 1
27 10 3
27 11 6
27 12 1
27 13 6
27 14 5
27 15 6
27 16 2
27 17 4
27 18 12
27 19 6
27 20 4
27 21 12
27 22 1
27 23 1
27 24 10
27 25 5
27 26 2
28 0 2
28 1 1
28 2 12
28 3 9
28 4 10
28 5 11
28 6 11
28 7 13
28 8 9
28 9 3
28 10 6
28 11 6
28 12 6
28 13 8
28 14 2
28 15 4
28 16 7
28 17 10
28 18 10
28 19 13
28 20 11
28 21 2
28 22 5
28 23 5
28 24 10
28 25 5
28 26 13
28 27 6
29 0 3
29 1 9
29 2 6
29 3 7
29 4 5
29 5 12
29 6 1
29 7 5
29 8 2
29 9 3
29 10 5
29 11 11
29 12 8
29 13 11
29 14 13
29 15 5
29 16 2
29 17 1
29 18 9
29 19 7
29 20 12
29 21 7
29 22 3
29 23 4
29 24 3
29 25 13
29 26 11
29 27 3
29 28 12
30 0 7
30 1 9
30 2 7
30 3 3
30 4 9
30 5 2
30 6 9
30 7 11
30 8 7
30 9 7
30 10 12
30 11 1
30 12 4
30 13 3
30 14 1
30 15 11
30 16 7
30 17 1
30 18 1
30 19 3
30 20 7
30 21 12
30 22 9
30 23 13
30 24 9
30 25 11
30 26 9
30 27 4
30 28 1
30 29 8
31 0 11
31 1 1
31 2 13
31 3 3
31 4 5
31 5 12
31 6 13
31 7 12
31 8 6
31 9 4
31 10 13
31 11 9
31 12 6
31 13 11
31 14 9
31 15 4
31 16 8
31 17 3
31 18 7
31 19 13
31 20 6
31 21 11
31 22 8
31 23 5
31 24 12
31 25 2
31 26 13
31 27 11
31 28 4
31 29 11
31 30 3
32 0 2
32 1 13
32 2 9
32 3 10
32 4 5
32 5 9
32 6 3
32 7 12
32 8 2
32 9 13
32 10 6
32 11 7
32 12 6
32 13 1
32 14 5
32 15 11
32 16 8
32 17 9
32 18 2
32 19 4
32 20 3
32 21 9
32 22 4
32 23 9
32 24 12
32 25 11
32 26 9
32 27 8
32 28 2
32 29 13
32 30 2
32 31 9
33 0 1
33 1 2
33 2 1
33 3 6
33 4 12
33 5 13
33 6 9
33 7 13
33 8 4
33 9 11
33 10 9
33 11 13
33 12 7
33 13 7
33 14 12
33 15 13
33 16 12
33 17 1
33 18 12
33 19 4
33 20 3
33 21 13
33 22 10
33 23 8
33 24 11
33 25 6
33 26 10
33 27 2
33 28 8
33 29 7
33 30 4
33 31 1
33 32 3
34 0 9
34 1 11
34 2 5
34 3 13
34 4 3
34 5 7
34 6 11
34 7 12
34 8 8
34 9 13
34 10 4
34 11 13
34 12 4
34 13 11
34 14 2
34 15 1
34 16 8
34 17 5
34 18 2
34 19 4
34 20 11
34 21 7
34 22 9
34 23 7
34 24 10
34 25 7
34 26 4
34 27 11
34 28 11
34 29 6
34 30 1
34 31 2
34 32 5
34 33 2
35 0 13
35 1 9
35 2 4
35 3 6
35 4 10
35 5 5
35 6 6
35 7 9
35 8 10
35 9 7
35 10 3
35 11 12
35 12 2
35 13 5
35 14 3
35 15 5
35 16 4
35 17 7
35 18 8
35 19 3
35 20 11
35 21 5
35 22 1
35 23 7
35 24 11
35 25 13
35 26 10
35 27 8
35 28 9
35 29 11
35 30 13
35 31 4
35 32 4
35 33 2
35 34 1
36 0 1
36 1 2
36 2 11
36 3 2
36 4 10
36 5 7
36 6 12
36 7 7
36 8 9
36 9 3
36 10 1
36 11 1
36 12 9
36 13 13
36 14 10
36 15 7
36 16 8
36 17 2
36 18 11
36 19 6
36 20 5
36 21 11
36 22 11
36 23 2
36 24 8
36 25 9
36 26 7
36 27 3
36 28 2
36 29 9
36 30 6
36 31 4
36 32 10
36 33 13
36 34 2
36 35 9
37 0 4
37 1 1
37 2 6
37 3 13
37 4 2
37 5 2
37 6 7
37 7 13
37 8 1
37 9 2
37 10 4
37 11 10
37 12 10
37 13 9
37 14 4
37 15 2
37 16 9
37 17 2
37 18 6
37 19 3
37 20 11
37 21 1
37 22 11
37 23 11
37 24 2
37 25 6
37 26 6
37 27 3
37 28 9
37 29 2
37 30 9
37 31 12
37 32 10
37 33 4
37 34 5
37 35 6
37 36 8
38 0 1
38 1 1
38 2 12
38 3 3
38 4 5
38 5 1
38 6 13
38 7 5
38 8 1
38 9 13
38 10 1
38 11 11
38 12 4
38 13 8
38 14 8
38 15 7
38 16 6
38 17 5
38 18 3
38 19 4
38 20 1
38 21 8
38 22 3
38 23 12
38 24 11
38 25 8
38 26 5
38 27 8
38 28 6
38 29 1
38 30 12
38 31 10
38 32 6
38 33 12
38 34 5
38 35 3
38 36 11
38 37 4
39 0 9
39 1 5
39 2 8
39 3 9
39 4 12
39 5 6
39 6 12
39 7 11
39 8 10
39 9 2
39 10 4
39 11 13
39 12 7
39 13 1
39 14 2
39 15 2
39 16 10
39 17 11
39 18 10
39 19 13
39 20 4
39 21 6
39 22 11
39 23 11
39 24 5
39 25 7
39 26 12
39 27 13
39 28 8
39 29 3
39 30 1
39 31 9
39 32 11
39 33 5
39 34 8
39 35 11
39 36 13
39 37 4
39 38 1
40 0 4
40 1 3
40 2 11
40 3 8
40 4 5
40 5 8
40 6 3
40 7 12
40 8 8
40 9 1
40 10 9
40 11 2
40 12 11
40 13 8
40 14 9
40 15 2
40 16 13
40 17 12
40 18 11
40 19 3
40 20 12
40 21 6
40 22 7
40 23 12
40 24 12
40 25 10
40 26 9
40 27 4
40 28 6
40 29 2
40 30 6
40 31 5
40 32 12
40 33 6
40 34 10
40 35 1
40 36 1
40 37 9
40 38 10
40 39 8
41 0 3
41 1 10
41 2 10
41 3 5
41 4 10
41 5 9
41 6 10
41 7 12
41 8 5
41 9 6
41 10 10
41 11 13
41 12 11
41 13 1
41 14 2
41 15 9
41 16 3
41 17 2
41 18 4
41 19 7
41 20 1
41 21 10
41 22 11
41 23 1
41 24 11
41 25 10
41 26 9
41 27 10
41 28 8
41 29 7
41 30 11
41 31 13
41 32 5
41 33 9
41 34 12
41 35 13
41 36 1
41 37 3
41 38 7
41 39 7
41 40 10
42 0 8
42 1 2
42 2 2
42 3 7
42 4 3
42 5 3
42 6 6
42 7 4
42 8 12
42 9 8
42 10 11
42 11 4
42 12 7
42 13 7
42 14 9
42 15 11
42 16 2
42 17 13
42 18 2
42 19 12
42 20 2
42 21 10
42 22 9
42 23 9
42 24 9
42 25 2
42 26 10
42 27 9
42 28 3
42 29 1
42 30 6
42 31 4
42 32 8
42 33 12
42 34 12
42 35 12
42 36 11
42 37 6
42 38 9
42 39 3
42 40 3
42 41 8
43 0 5
43 1 5
43 2 3
43 3 4
43 4 1
43 5 9
43 6 2
43 7 9
43 8 13
43 9 9
43 10 12
43 11 8
43 12 7
43 13 13
43 14 1
43 15 9
43 16 5
43 17 10
43 18 1
43 19 5
43 20 8
43 21 11
43 22 5
43 23 4
43 24 9
43 25 7
43 26 12
43 27 5
43 28 10
43 29 9
43 30 2
43 31 8
43 32 7
43 33 2
43 34 1
43 35 10
43 36 2
43 37 10
43 38 13
43 39 4
43 40 2
43 41 1
43 42 3
44 0 6
44 1 13
44 2 1
44 3 12
44 4 8
44 5 5
44 6 13
44 7 2
44 8 5
44 9 10
44 10 5
44 11 4
44 12 10
44 13 3
44 14 9
44 15 11
44 16 12
44 17 10
44 18 5
44 19 11
44 20 12
44 21 5
44 22 13
44 23 2
44 24 4
44 25 2
44 26 1
44 27 2
44 28 4
44 29 9
44 30 10
44 31 7
44 32 2
44 33 9
44 34 11
44 35 3
44 36 3
44 37 3
44 38 3
44 39 10
44 40 2
44 41 2
44 42 7
44 43 3
45 0 11
45 1 13
45 2 4
45 3 10
45 4 9
45 5 10
45 6 3
45 7 3
45 8 5
45 9 12
45 10 1
45 11 10
45 12 7
45 13 2
45 14 1
45 15 8
45 16 12
45 17 8
45 18 5
45 19 4
45 20 3
45 21 10
45 22 12
45 23 13
45 24 5
45 25 1
45 26 7
45 27 5
45 28 2
45 29 7
45 30 11
45 31 1
45 32 9
45 33 9
45 34 12
45 35 11
45 36 4
45 37 5
45 38 4
45 39 1
45 40 7
45 41 8
45 42 6
45 43 10
45 44 2
46 0 2
46 1 10
46 2 7
46 3 3
46 4 11
46 5 4
46 6 11
46 7 9
46 8 2
46 9 9
46 10 8
46 11 13
46 12 9
46 13 13
46 14 2
46 15 12
46 16 13
46 17 3
46 18 2
46 19 12
46 20 9
46 21 2
46 22 13
46 23 3
46 24 11
46 25 7
46 26 10
46 27 4
46 28 11
46 29 10
46 30 1
46 31 7
46 32 1
46 33 4
46 34 3
46 35 7
46 36 13
46 37 6
46 38 3
46 39 3
46 40 13
46 41 5
46 42 6
46 43 5
46 44 5
46 45 10
47 0 1
47 1 4
47 2 11
47 3 4
47 4 11
47 5 3
47 6 4
47 7 6
47 8 11
47 9 8
47 10 12
47 11 9
47 12 6
47 13 12
47 14 1
47 15 9
47 16 3
47 17 13
47 18 5
47 19 4
47 20 2
47 21 12
47 22 7
47 23 4
47 24 3
47 25 9
47 26 6
47 27 6
47 28 4
47 29 9
47 30 12
47 31 9
47 32 8
47 33 11
47 34 8
47 35 13
47 36 7
47 37 8
47 38 3
47 39 13
47 40 11
47 41 13
47 42 10
47 43 7
47 44 6
47 45 13
47 46 6
48 0 2
48 1 4
48 2 7
48 3 6
48 4 2
48 5 8
48 6 7
48 7 6
48 8 12
48 9 1
48 10 6
48 11 6
48 12 5
48 13 4
48 14 3
48 15 3
48 16 9
48 17 1
48 18 5
48 19 12
48 20 9
48 21 7
48 22 2
48 23 1
48 24 7
48 25 9
48 26 10
48 27 11
48 28 3
48 29 9
48 30 5
48 31 3
48 32 10
48 33 13
48 34 9
48 35 12
48 36 10
48 37 10
48 38 4
48 39 6
48 40 5
48 41 9
48 42 13
48 43 9
48 44 7
48 45 13
48 46 1
48 47 11
49 0 1
49 1 12
49 2 1
49 3 5
49 4 13
49 5 12
49 6 11
49 7 7
49 8 6
49 9 10
49 10 6
49 11 11
49 12 12
49 13 6
49 14 10
49 15 2
49 16 6
49 17 4
49 18 9
49 19 12
49 20 6
49 21 10
49 22 10
49 23 5
49 24 5
49 25 4
49 26 13
49 27 7
49 28 11
49 29 3
49 30 3
49 31 2
49 32 13
49 33 3
49 34 3
49 35 6
49 36 8
49 37 9
49 38 10
49 39 2
49 40 6
49 41 8
49 42 2
49 43 7
49 44 11
49 45 2
49 46 2
49 47 7
49 48 7
50 0 9
50 1 12
50 2 1
50 3 13
50 4 3
50 5 13
50 6 8
50 7 6
50 8 4
50 9 12
50 10 12
50 11 5
50 12 13
50 13 3
50 14 9
50 15 12
50 16 3
50 17 7
50 18 7
50 19 3
50 20 3
50 21 5
50 22 5
50 23 11
50 24 1
50 25 10
50 26 10
50 27 12
50 28 3
50 29 2
50 30 6
50 31 5
50 32 9
50 33 4
50 34 3
50 35 4
50 36 6
50 37 10
50 38 10
50 39 6
50 40 7
50 41 7
50 42 4
50 43 4
50 44 4
50 45 5
50 46 13
50 47 12
50 48 5
50 49 5
51 0 6
51 1 9
51 2 7
51 3 6
51 4 1
51 5 12
51 6 4
51 7 12
51 8 3
51 9 2
51 10 3
51 11 6
51 12 2
51 13 8
51 14 1
51 15 13
51 16 2
51 17 6
51 18 3
51 19 13
51 20 6
51 21 13
51 22 10
51 23 1
51 24 6
51 25 11
51 26 3
51 27 4
51 28 7
51 29 3
51 30 2
51 31 6
51 32 13
51 33 8
51 34 4
51 35 10
51 36 12
51 37 5
51 38 5
51 39 9
51 40 9
51 41 2
51 42 9
51 43 3
51 44 5
51 45 11
51 46 9
51 47 2
51 48 1
51 49 10
51 50 10
52 0 4
52 1 8
52 2 9
52 3 11
52 4 11
52 5 8
52 6 2
52 7 9
52 8 5
52 9 5
52 10 5
52 11 2
52 12 12
52 13 4
52 14 5
52 15 3
52 16 1
52 17 2
52 18 9
52 19 4
52 20 8
52 21 5
52 22 2
52 23 12
52 24 6
52 25 1
52 26 7
52 27 3
52 28 1
52 29 10
52 30 5
52 31 7
52 32 2
52 33 11
52 34 11
52 35 8
52 36 7
52 37 13
52 38 1
52 39 4
52 40 11
52 41 7
52 42 12
52 43 10
52 44 12
52 45 11
52 46 13
52 47 7
52 48 3
52 49 3
52 50 10
52 51 13
53 0 8
53 1 4
53 2 11
53 3 13
53 4 6
53 5 2
53 6 2
53 7 4
53 8 1
53 9 4
53 10 4
53 11 4
53 12 4
53 13 11
53 14 8
53 15 7
53 16 7
53 17 13
53 18 6
53 19 7
53 20 7
53 21 5
53 22 9
53 23 4
53 24 2
53 25 7
53 26 3
53 27 7
53 28 10
53 29 2
53 30 12
53 31 5
53 32 10
53 33 1
53 34 8
53 35 7
53 36 2
53 37 11
53 38 10
53 39 3
53 40 1
53 41 3
53 42 5
53 43 12
53 44 7
53 45 12
53 46 6
53 47 1
53 48 7
53 49 2
53 50 6
53 51 4
53 52 4
54 0 12
54 1 2
54 2 7
54 3 13
54 4 8
54 5 1
54 6 7
54 7 1
54 8 12
54 9 8
54 10 9
54 11 7
54 12 9
54 13 11
54 14 12
54 15 10
54 16 3
54 17 13
54 18 1
54 19 2
54 20 12
54 21 4
54 22 4
54 23 9
54 24 3
54 25 9
54 26 2
54 27 13
54 28 10
54 29 2
54 30 2
54 31 13
54 32 7
54 33 13
54 34 3
54 35 2
54 36 3
54 37 4
54 38 11
54 39 13
54 40 10
54 41 10
54 42 1
54 43 2
54 44 7
54 45 7
54 46 9
54 47 9
54 48 1
54 49 5
54 50 5
54 51 8
54 52 4
54 53 1
55 0 2
55 1 1
55 2 4
55 3 9
55 4 5
55 5 1
55 6 13
55 7 10
55 8 1
55 9 7
55 10 12
55 11 3
55 12 5
55 13 12
55 14 11
55 15 7
55 16 12
55 17 2
55 18 1
55 19 3
55 20 13
55 21 2
55 22 5
55 23 6
55 24 2
55 25 7
55 26 3
55 27 6
55 28 4
55 29 10
55 30 12
55 31 7
55 32 3
55 33 4
55 34 6
55 35 6
55 36 9
55 37 8
55 38 10
55 39 1
55 40 2
55 41 7
55 42 12
55 43 11
55 44 8
55 45 6
55 46 10
55 47 1
55 48 8
55 49 6
55 50 13
55 51 11
55 52 5
55 53 8
55 54 13
56 0 10
56 1 6
56 2 13
56 3 13
56 4 7
56 5 3
56 6 2
56 7 8
56 8 7
56 9 11
56 10 1
56 11 1
56 12 11
56 13 7
56 14 2
56 15 8
56 16 12
56 17 12
56 18 7
56 19 8
56 20 4
56 21 8
56 22 8
56 23 1
56 24 12
56 25 10
56 26 5
56 27 9
56 28 6
56 29 7
56 30 9
56 31 6
56 32 5
56 33 3
56 34 8
56 35 4
56 36 11
56 37 13
56 38 9
56 39 6
56 40 9
56 41 3
56 42 3
56 43 1
56 44 4
56 45 5
56 46 7
56 47 9
56 48 8
56 49 12
56 50 8
56 51 2
56 52 7
56 53 9
56 54 13
56 55 9
57 0 7
57 1 9
57 2 5
57 3 13
57 4 11
57 5 12
57 6 1
57 7 7
57 8 5
57 9 2
57 10 12
57 11 7
57 12 2
57 13 6
57 14 10
57 15 13
57 16 7
57 17 11
57 18 7
57 19 7
57 20 11
57 21 1
57 22 5
57 23 7
57 24 4
57 25 11
57 26 6
57 27 5
57 28 11
57 29 13
57 30 5
57 31 4
57 32 10
57 33 4
57 34 4
57 35 4
57 36 2
57 37 1
57 38 2
57 39 4
57 40 2
57 41 9
57 42 3
57 43 8
57 44 12
57 45 10
57 46 10
57 47 9
57 48 12
57 49 11
57 50 8
57 51 8
57 52 10
57 53 8
57 54 1
57 55 12
57 56 2
58 0 4
58 1 5
58 2 4
58 3 12
58 4 12
58 5 4
58 6 1
58 7 12
58 8 11
58 9 13
58 10 11
58 11 9
58 12 10
58 13 9
58 14 3
58 15 4
58 16 6
58 17 6
58 18 8
58 19 12
58 20 12
58 21 5
58 22 2
58 23 6
58 24 10
58 25 13
58 26 6
58 27 11
58 28 10
58 29 8
58 30 3
58 31 4
58 32 8
58 33 10
58 34 5
58 35 6
58 36 9
58 37 3
58 38 9
58 39 6
58 40 13
58 41 6
58 42 1
58 43 10
58 44 6
58 45 1
58 46 11
58 47 8
58 48 10
58 49 1
58 50 11
58 51 9
58 52 12
58 53 2
58 54 11
58 55 3
58 56 3
58 57 8
59 0 5
59 1 1
59 2 4
59 3 13
59 4 8
59 5 10
59 6 13
59 7 8
59 8 13
59 9 5
59 10 7
59 11 4
59 12 3
59 13 12
59 14 8
59 15 3
59 16 13
59 17 7
59 18 7
59 19 9
59 20 2
59 21 9
59 22 8
59 23 3
59 24 9
59 25 8
59 26 7
59 27 9
59 28 3
59 29 7
59 30 4
59 31 6
59 32 2
59 33 9
59 34 11
59 35 3
59 36 7
59 37 12
59 38 4
59 39 12
59 40 13
59 41 8
59 42 4
59 43 5
59 44 13
59 45 2
59 46 8
59 47 13
59 48 11
59 49 4
59 50 4
59 51 7
59 52 8
59 53 4
59 54 9
59 55 4
59 56 9
59 57 8
59 58 6
