40
1 0 1
2 0 2
2 1 1
3 1 2
4 0 2
4 1 1
4 2 1
5 0 2
5 1 2
5 2 2
6 0 1
6 1 2
6 2 2
6 4 2
6 5 1
7 0 2
7 2 2
7 3 2
7 4 1
7 5 2
8 0 1
8 5 1
8 6 2
8 7 1
9 0 2
9 3 2
9 5 2
9 6 2
9 7 2
10 0 2
10 1 1
10 2 2
10 4 2
10 5 2
10 6 2
10 7 1
11 4 1
11 8 2
12 1 2
12 2 2
12 3 1
12 4 2
12 8 2
12 9 2
13 0 1
13 1 1
13 2 2
13 3 2
13 4 2
13 6 1
13 7 2
13 9 2
13 10 1
14 1 1
14 2 1
14 3 2
14 5 1
14 9 2
14 10 2
14 13 2
15 2 1
15 4 2
15 5 1
15 6 2
15 10 2
15 11 1
15 14 2
16 0 2
16 3 1
16 4 1
16 5 1
16 6 1
16 8 1
16 13 1
16 14 2
16 15 2
17 2 2
17 3 1
17 4 2
17 8 1
17 9 1
17 10 1
17 12 2
17 13 1
17 15 2
17 16 1
18 1 2
18 2 1
18 4 1
18 5 2
18 7 2
18 9 1
18 11 2
18 13 1
19 1 1
19 2 2
19 3 2
19 4 1
19 6 2
19 7 1
19 18 2
20 1 2
20 3 2
20 10 1
20 11 1
20 13 2
20 15 1
20 16 1
20 17 2
21 3 1
21 6 2
21 10 2
21 12 2
21 18 1
21 19 1
21 20 1
22 0 2
22 2 2
22 3 2
22 4 2
22 9 2
22 10 1
22 11 1
22 13 2
22 14 2
22 19 1
23 2 1
23 3 1
23 5 1
23 7 2
23 8 2
23 9 1
23 13 2
23 17 2
23 19 2
23 21 2
24 2 2
24 7 1
24 9 1
24 10 2
24 12 2
24 15 2
24 17 1
24 18 1
24 21 2
24 22 1
24 23 1
25 1 2
25 2 1
25 6 2
25 11 2
25 12 1
25 13 1
25 14 2
25 15 1
25 16 2
25 17 2
25 20 1
25 21 2
25 22 2
25 23 1
25 24 2
26 0 1
26 3 2
26 4 1
26 6 1
26 10 2
26 12 2
26 13 1
26 14 2
26 15 2
26 16 2
26 19 2
26 21 2
26 22 1
26 23 1
26 24 2
26 25 2
27 0 1
27 2 1
27 3 1
27 4 2
27 7 2
27 8 1
27 9 1
27 10 2
27 11 1
27 15 2
27 16 1
27 18 2
27 19 2
27 20 1
27 22 2
27 23 2
27 24 1
27 25 1
27 26 1
28 0 2
28 2 1
28 3 2
28 4 1
28 5 1
28 6 2
28 11 1
28 12 2
28 13 1
28 14 1
28 17 2
28 19 1
28 20 1
28 22 2
28 23 2
28 24 2
28 27 1
29 1 1
29 2 2
29 3 2
29 4 2
29 8 1
29 16 2
29 17 2
29 20 1
29 22 1
29 24 1
29 26 2
29 28 2
30 2 1
30 7 1
30 8 2
30 9 1
30 12 2
30 14 2
30 15 1
30 18 2
30 19 1
30 21 2
30 22 1
30 23 2
30 24 1
30 25 1
30 26 2
30 27 1
30 28 2
31 2 2
31 7 2
31 9 1
31 10 1
31 11 1
31 12 2
31 13 1
31 15 1
31 16 1
31 17 1
31 19 1
31 20 1
31 22 1
31 25 2
31 27 1
32 1 1
32 2 1
32 3 2
32 4 1
32 5 1
32 7 1
32 8 1
32 13 1
32 17 2
32 18 1
32 19 2
32 20 1
32 21 1
32 23 2
32 25 1
32 26 1
32 27 2
32 28 2
32 30 1
33 2 1
33 3 2
33 4 2
33 5 1
33 7 2
33 10 2
33 11 2
33 15 2
33 16 1
33 17 1
33 21 2
33 24 1
33 25 2
33 26 2
33 28 2
33 29 2
33 30 1
34 3 2
34 6 1
34 9 2
34 10 2
34 11 2
34 15 1
34 20 1
34 21 2
34 22 1
34 23 1
34 24 1
34 25 2
34 28 2
34 29 1
35 2 1
35 3 1
35 6 1
35 7 2
35 9 1
35 10 1
35 11 2
35 12 1
35 13 2
35 15 1
35 18 2
35 19 2
35 20 1
35 24 1
35 26 1
35 30 1
35 31 2
36 2 2
36 3 1
36 4 1
36 5 1
36 6 2
36 8 1
36 12 2
36 13 1
36 16 2
36 19 2
36 21 2
36 25 1
36 28 1
36 30 2
36 35 1
37 0 2
37 1 2
37 3 1
37 4 2
37 5 2
37 6 2
37 7 2
37 12 2
37 13 2
37 17 2
37 18 1
37 21 2
37 23 2
37 28 1
37 30 1
38 4 2
38 6 2
38 10 1
38 12 2
38 13 2
38 17 1
38 18 1
38 19 1
38 24 2
38 25 1
38 26 1
38 27 1
38 28 2
38 31 2
38 34 2
38 36 1
39 0 1
39 3 1
39 4 2
39 6 1
39 8 2
39 9 1
39 10 1
39 16 2
39 17 1
39 18 2
39 19 2
39 22 2
39 24 2
39 26 2
39 27 2
39 28 1
39 29 1
39 30 2
