70
1 0 1
2 0 3
2 1 2
3 0 2
3 1 1
3 2 3
4 0 2
4 1 2
4 2 3
4 3 1
5 0 1
5 1 2
5 2 1
5 3 1
5 4 1
6 0 2
6 1 3
6 2 3
6 3 3
6 4 1
6 5 3
7 0 2
7 1 3
7 2 3
7 3 3
7 4 2
7 5 1
7 6 1
8 0 1
8 1 3
8 2 1
8 3 1
8 4 3
8 5 3
8 6 2
8 7 1
9 0 3
9 1 2
9 2 2
9 3 3
9 4 2
9 5 1
9 6 3
9 7 1
9 8 2
10 0 1
10 1 2
10 2 3
10 3 3
10 4 1
10 5 2
10 6 2
10 7 1
10 8 2
10 9 2
11 0 1
11 1 1
11 2 1
11 3 1
11 4 2
11 5 1
11 6 3
11 7 3
11 8 3
11 9 2
11 10 2
12 0 1
12 1 1
12 2 3
12 3 3
12 4 1
12 5 3
12 6 3
12 7 1
12 8 3
12 9 3
12 10 2
12 11 2
13 0 1
13 1 2
13 2 2
13 3 2
13 4 2
13 5 3
13 6 3
13 7 3
13 8 1
13 9 3
13 10 3
13 11 3
13 12 1
14 0 3
14 1 1
14 2 3
14 3 1
14 4 2
14 5 3
14 6 3
14 7 1
14 8 3
14 9 1
14 10 1
14 11 2
14 12 2
14 13 1
15 0 3
15 1 2
15 2 1
15 3 2
15 4 3
15 5 3
15 6 3
15 7 1
15 8 1
15 9 3
15 10 3
15 11 2
15 12 1
15 13 2
15 14 2
16 0 3
16 1 3
16 2 3
16 3 3
16 4 2
16 5 1
16 6 2
16 7 1
16 8 3
16 9 1
16 10 3
16 11 3
16 12 3
16 13 3
16 14 1
16 15 3
17 0 3
17 1 1
17 2 2
17 3 3
17 4 3
17 5 1
17 6 2
17 7 1
17 8 2
17 9 2
17 10 1
17 11 3
17 12 1
17 13 1
17 14 3
17 15 1
17 16 3
18 0 3
18 1 3
18 2 3
18 3 2
18 4 3
18 5 3
18 6 3
18 7 1
18 8 1
18 9 1
18 10 1
18 11 3
18 12 1
18 13 1
18 14 3
18 15 2
18 16 2
18 17 2
19 0 1
19 1 1
19 2 2
19 3 1
19 4 2
19 5 2
19 6 2
19 7 2
19 8 2
19 9 2
19 10 2
19 11 2
19 12 2
19 13 3
19 14 3
19 15 2
19 16 3
19 17 3
19 18 1
20 0 2
20 1 1
20 2 1
20 3 1
20 4 2
20 5 1
20 6 2
20 7 3
20 8 3
20 9 2
20 10 2
20 11 1
20 12 3
20 13 1
20 14 1
20 15 2
20 16 1
20 17 3
20 18 3
20 19 3
21 0 3
21 1 2
21 2 1
21 3 1
21 4 1
21 5 1
21 6 1
21 7 2
21 8 3
21 9 1
21 10 3
21 11 3
21 12 2
21 13 1
21 14 2
21 15 3
21 16 2
21 17 3
21 18 2
21 19 2
21 20 1
22 0 2
22 1 3
22 2 3
22 3 3
22 4 1
22 5 3
22 6 3
22 7 2
22 8 2
22 9 3
22 10 3
22 11 2
22 12 2
22 13 1
22 14 3
22 15 1
22 16 2
22 17 1
22 18 2
22 19 2
22 20 3
22 21 1
23 0 1
23 1 2
23 2 3
23 3 2
23 4 3
23 5 2
23 6 2
23 7 3
23 8 1
23 9 2
23 10 2
23 11 2
23 12 2
23 13 1
23 14 3
23 15 2
23 16 2
23 17 2
23 18 3
23 19 2
23 20 2
23 21 1
23 22 2
24 0 2
24 1 1
24 2 2
24 3 1
24 4 2
24 5 3
24 6 2
24 7 2
24 8 1
24 9 3
24 10 1
24 11 2
24 12 2
24 13 1
24 14 3
24 15 2
24 16 3
24 17 3
24 18 1
24 19 3
24 20 1
24 21 3
24 22 2
24 23 1
25 0 2
25 1 1
25 2 1
25 3 3
25 4 1
25 5 2
25 6 3
25 7 3
25 8 3
25 9 1
25 10 3
25 11 2
25 12 3
25 13 3
25 14 2
25 15 1
25 16 3
25 17 2
25 18 3
25 19 3
25 20 1
25 21 3
25 22 2
25 23 1
25 24 3
26 0 1
26 1 1
26 2 1
26 3 2
26 4 2
26 5 2
26 6 1
26 7 3
26 8 3
26 9 2
26 10 3
26 11 2
26 12 3
26 13 1
26 14 1
26 15 3
26 16 3
26 17 2
26 18 1
26 19 1
26 20 2
26 21 3
26 22 2
26 23 2
26 24 2
26 25 1
27 0 3
27 1 2
27 2 1
27 3 2
27 4 3
27 5 1
27 6 1
27 7 3
27 8 2
27 9 2
27 10 2
27 11 1
27 12 2
27 13 3
27 14 2
27 15 1
27 16 2
27 17 1
27 18 2
27 19 1
27 20 2
27 21 2
27 22 3
27 23 2
27 24 1
27 25 3
27 26 2
28 0 1
28 1 3
28 2 1
28 3 1
28 4 3
28 5 3
28 6 2
28 7 1
28 8 3
28 9 3
28 10 3
28 11 1
28 12 3
28 13 3
28 14 3
28 15 2
28 16 3
28 17 3
28 18 2
28 19 3
28 20 3
28 21 2
28 22 1
28 23 1
28 24 1
28 25 3
28 26 3
28 27 2
29 0 3
29 1 3
29 2 3
29 3 3
29 4 3
29 5 3
29 6 1
29 7 3
29 8 1
29 9 1
29 10 1
29 11 2
29 12 3
29 13 2
29 14 2
29 15 3
29 16 1
29 17 1
29 18 1
29 19 1
29 20 1
29 21 2
29 22 2
29 23 2
29 24 3
29 25 3
29 26 2
29 27 1
29 28 2
30 0 2
30 1 3
30 2 1
30 3 3
30 4 2
30 5 3
30 6 1
30 7 1
30 8 3
30 9 1
30 10 3
30 11 1
30 12 3
30 13 2
30 14 2
30 15 2
30 16 3
30 17 2
30 18 1
30 19 1
30 20 3
30 21 3
30 22 2
30 23 1
30 24 1
30 25 2
30 26 3
30 27 2
30 28 2
30 29 2
31 0 2
31 1 3
31 2 2
31 3 2
31 4 3
31 5 1
31 6 2
31 7 1
31 8 3
31 9 1
31 10 2
31 11 1
31 12 2
31 13 1
31 14 3
31 15 1
31 16 2
31 17 2
31 18 1
31 19 2
31 20 2
31 21 2
31 22 2
31 23 2
31 24 3
31 25 2
31 26 2
31 27 2
31 28 1
31 29 3
31 30 3
32 0 2
32 1 1
32 2 3
32 3 3
32 4 2
32 5 1
32 6 3
32 7 1
32 8 2
32 9 3
32 10 3
32 11 2
32 12 3
32 13 1
32 14 2
32 15 3
32 16 1
32 17 2
32 18 3
32 19 3
32 20 1
32 21 1
32 22 3
32 23 3
32 24 1
32 25 1
32 26 3
32 27 1
32 28 2
32 29 2
32 30 3
32 31 2
33 0 1
33 1 3
33 2 1
33 3 2
33 4 1
33 5 3
33 6 2
33 7 2
33 8 1
33 9 3
33 10 3
33 11 3
33 12 1
33 13 1
33 14 2
33 15 2
33 16 2
33 17 1
33 18 1
33 19 2
33 20 1
33 21 1
33 22 3
33 23 3
33 24 2
33 25 1
33 26 2
33 27 1
33 28 3
33 29 3
33 30 2
33 31 1
33 32 2
34 0 3
34 1 1
34 2 3
34 3 2
34 4 2
34 5 2
34 6 2
34 7 2
34 8 2
34 9 3
34 10 1
34 11 2
34 12 2
34 13 2
34 14 2
34 15 1
34 16 3
34 17 3
34 18 3
34 19 3
34 20 1
34 21 3
34 22 1
34 23 2
34 24 1
34 25 2
34 26 1
34 27 2
34 28 3
34 29 3
34 30 2
34 31 1
34 32 2
34 33 1
35 0 1
35 1 2
35 2 1
35 3 1
35 4 3
35 5 3
35 6 2
35 7 3
35 8 1
35 9 2
35 10 1
35 11 2
35 12 3
35 13 3
35 14 1
35 15 2
35 16 2
35 17 2
35 18 1
35 19 2
35 20 2
35 21 1
35 22 2
35 23 3
35 24 2
35 25 1
35 26 3
35 27 1
35 28 2
35 29 2
35 30 3
35 31 2
35 32 3
35 33 2
35 34 3
36 0 3
36 1 3
36 2 1
36 3 1
36 4 1
36 5 3
36 6 1
36 7 3
36 8 1
36 9 1
36 10 1
36 11 2
36 12 1
36 13 3
36 14 3
36 15 2
36 16 1
36 17 3
36 18 1
36 19 3
36 20 3
36 21 1
36 22 2
36 23 2
36 24 2
36 25 1
36 26 3
36 27 2
36 28 3
36 29 3
36 30 1
36 31 3
36 32 3
36 33 2
36 34 1
36 35 3
37 0 1
37 1 3
37 2 2
37 3 1
37 4 1
37 5 2
37 6 1
37 7 3
37 8 1
37 9 2
37 10 3
37 11 1
37 12 2
37 13 3
37 14 1
37 15 2
37 16 2
37 17 1
37 18 1
37 19 3
37 20 3
37 21 3
37 22 2
37 23 3
37 24 1
37 25 2
37 26 1
37 27 1
37 28 1
37 29 2
37 30 3
37 31 2
37 32 1
37 33 3
37 34 3
37 35 3
37 36 3
38 0 1
38 1 3
38 2 3
38 3 3
38 4 2
38 5 1
38 6 1
38 7 3
38 8 1
38 9 1
38 10 3
38 11 2
38 12 1
38 13 3
38 14 3
38 15 3
38 16 2
38 17 3
38 18 3
38 19 3
38 20 3
38 21 3
38 22 1
38 23 1
38 24 3
38 25 1
38 26 1
38 27 1
38 28 3
38 29 2
38 30 3
38 31 2
38 32 3
38 33 2
38 34 1
38 35 3
38 36 1
38 37 3
39 0 3
39 1 2
39 2 2
39 3 2
39 4 3
39 5 3
39 6 1
39 7 1
39 8 3
39 9 3
39 10 1
39 11 2
39 12 2
39 13 1
39 14 3
39 15 1
39 16 3
39 17 3
39 18 3
39 19 1
39 20 1
39 21 2
39 22 1
39 23 1
39 24 3
39 25 3
39 26 3
39 27 1
39 28 2
39 29 2
39 30 2
39 31 3
39 32 1
39 33 2
39 34 2
39 35 3
39 36 2
39 37 3
39 38 1
40 0 1
40 1 1
40 2 2
40 3 3
40 4 2
40 5 2
40 6 1
40 7 3
40 8 3
40 9 2
40 10 2
40 11 2
40 12 1
40 13 3
40 14 1
40 15 1
40 16 1
40 17 2
40 18 3
40 19 1
40 20 2
40 21 3
40 22 2
40 23 2
40 24 2
40 25 3
40 26 1
40 27 1
40 28 2
40 29 1
40 30 2
40 31 3
40 32 2
40 33 3
40 34 2
40 35 2
40 36 2
40 37 1
40 38 1
40 39 3
41 0 3
41 1 1
41 2 2
41 3 1
41 4 3
41 5 1
41 6 3
41 7 2
41 8 3
41 9 1
41 10 3
41 11 2
41 12 1
41 13 3
41 14 2
41 15 1
41 16 3
41 17 3
41 18 1
41 19 2
41 20 3
41 21 1
41 22 3
41 23 2
41 24 1
41 25 3
41 26 2
41 27 2
41 28 3
41 29 2
41 30 2
41 31 2
41 32 2
41 33 2
41 34 1
41 35 3
41 36 3
41 37 2
41 38 3
41 39 1
41 40 1
42 0 1
42 1 2
42 2 1
42 3 3
42 4 2
42 5 2
42 6 1
42 7 1
42 8 2
42 9 2
42 10 1
42 11 2
42 12 3
42 13 2
42 14 2
42 15 1
42 16 2
42 17 2
42 18 3
42 19 2
42 20 1
42 21 3
42 22 2
42 23 1
42 24 3
42 25 3
42 26 2
42 27 3
42 28 3
42 29 3
42 30 1
42 31 2
42 32 2
42 33 2
42 34 3
42 35 1
42 36 3
42 37 2
42 38 2
42 39 3
42 40 3
42 41 1
43 0 3
43 1 1
43 2 1
43 3 2
43 4 3
43 5 1
43 6 3
43 7 2
43 8 3
43 9 2
43 10 3
43 11 2
43 12 3
43 13 2
43 14 1
43 15 3
43 16 2
43 17 1
43 18 2
43 19 3
43 20 3
43 21 3
43 22 2
43 23 3
43 24 3
43 25 1
43 26 2
43 27 3
43 28 3
43 29 2
43 30 2
43 31 2
43 32 1
43 33 3
43 34 2
43 35 3
43 36 1
43 37 2
43 38 2
43 39 1
43 40 3
43 41 3
43 42 2
44 0 3
44 1 2
44 2 2
44 3 1
44 4 3
44 5 3
44 6 3
44 7 3
44 8 2
44 9 3
44 10 3
44 11 2
44 12 2
44 13 3
44 14 1
44 15 1
44 16 3
44 17 2
44 18 3
44 19 3
44 20 1
44 21 2
44 22 2
44 23 2
44 24 2
44 25 3
44 26 2
44 27 3
44 28 1
44 29 1
44 30 1
44 31 1
44 32 1
44 33 1
44 34 1
44 35 1
44 36 2
44 37 2
44 38 2
44 39 3
44 40 3
44 41 2
44 42 3
44 43 1
45 0 3
45 1 2
45 2 1
45 3 2
45 4 2
45 5 1
45 6 3
45 7 3
45 8 1
45 9 2
45 10 3
45 11 2
45 12 1
45 13 3
45 14 2
45 15 1
45 16 2
45 17 1
45 18 1
45 19 3
45 20 3
45 21 1
45 22 1
45 23 2
45 24 3
45 25 1
45 26 3
45 27 1
45 28 1
45 29 1
45 30 2
45 31 2
45 32 2
45 33 3
45 34 3
45 35 1
45 36 2
45 37 1
45 38 1
45 39 2
45 40 3
45 41 1
45 42 1
45 43 2
45 44 3
46 0 2
46 1 2
46 2 2
46 3 3
46 4 1
46 5 3
46 6 1
46 7 1
46 8 2
46 9 2
46 10 2
46 11 3
46 12 1
46 13 2
46 14 1
46 15 1
46 16 3
46 17 3
46 18 3
46 19 1
46 20 2
46 21 2
46 22 3
46 23 3
46 24 1
46 25 3
46 26 1
46 27 3
46 28 3
46 29 1
46 30 3
46 31 2
46 32 1
46 33 3
46 34 2
46 35 1
46 36 2
46 37 2
46 38 1
46 39 1
46 40 2
46 41 3
46 42 2
46 43 3
46 44 2
46 45 1
47 0 1
47 1 2
47 2 2
47 3 3
47 4 3
47 5 1
47 6 1
47 7 3
47 8 1
47 9 3
47 10 1
47 11 1
47 12 1
47 13 1
47 14 2
47 15 2
47 16 2
47 17 1
47 18 2
47 19 1
47 20 3
47 21 3
47 22 3
47 23 3
47 24 3
47 25 1
47 26 2
47 27 2
47 28 1
47 29 3
47 30 3
47 31 3
47 32 2
47 33 3
47 34 3
47 35 1
47 36 1
47 37 1
47 38 3
47 39 2
47 40 3
47 41 1
47 42 1
47 43 1
47 44 2
47 45 2
47 46 1
48 0 2
48 1 1
48 2 3
48 3 2
48 4 1
48 5 1
48 6 3
48 7 3
48 8 1
48 9 1
48 10 1
48 11 2
48 12 3
48 13 3
48 14 3
48 15 1
48 16 1
48 17 1
48 18 2
48 19 2
48 20 3
48 21 1
48 22 2
48 23 2
48 24 1
48 25 2
48 26 2
48 27 2
48 28 1
48 29 2
48 30 2
48 31 1
48 32 1
48 33 2
48 34 2
48 35 1
48 36 1
48 37 2
48 38 2
48 39 2
48 40 3
48 41 1
48 42 2
48 43 3
48 44 1
48 45 3
48 46 2
48 47 3
49 0 1
49 1 1
49 2 2
49 3 3
49 4 3
49 5 3
49 6 2
49 7 3
49 8 2
49 9 1
49 10 2
49 11 1
49 12 3
49 13 1
49 14 1
49 15 2
49 16 1
49 17 1
49 18 3
49 19 1
49 20 3
49 21 1
49 22 1
49 23 2
49 24 2
49 25 3
49 26 1
49 27 3
49 28 2
49 29 1
49 30 1
49 31 2
49 32 3
49 33 3
49 34 3
49 35 1
49 36 1
49 37 3
49 38 2
49 39 1
49 40 2
49 41 1
49 42 1
49 43 1
49 44 2
49 45 3
49 46 1
49 47 2
49 48 2
50 0 2
50 1 2
50 2 2
50 3 2
50 4 2
50 5 1
50 6 2
50 7 2
50 8 3
50 9 2
50 10 1
50 11 2
50 12 1
50 13 3
50 14 2
50 15 2
50 16 2
50 17 1
50 18 1
50 19 1
50 20 2
50 21 3
50 22 2
50 23 3
50 24 1
50 25 2
50 26 1
50 27 3
50 28 2
50 29 1
50 30 3
50 31 1
50 32 2
50 33 3
50 34 1
50 35 1
50 36 3
50 37 1
50 38 1
50 39 3
50 40 2
50 41 1
50 42 3
50 43 3
50 44 2
50 45 3
50 46 1
50 47 2
50 48 3
50 49 1
51 0 1
51 1 2
51 2 2
51 3 1
51 4 3
51 5 3
51 6 3
51 7 2
51 8 1
51 9 1
51 10 1
51 11 2
51 12 2
51 13 2
51 14 3
51 15 3
51 16 1
51 17 3
51 18 3
51 19 3
51 20 3
51 21 2
51 22 3
51 23 1
51 24 2
51 25 1
51 26 2
51 27 3
51 28 2
51 29 2
51 30 2
51 31 1
51 32 1
51 33 1
51 34 1
51 35 1
51 36 2
51 37 3
51 38 2
51 39 2
51 40 2
51 41 2
51 42 2
51 43 3
51 44 1
51 45 3
51 46 3
51 47 2
51 48 3
51 49 1
51 50 2
52 0 2
52 1 1
52 2 2
52 3 1
52 4 2
52 5 2
52 6 3
52 7 2
52 8 1
52 9 1
52 10 2
52 11 1
52 12 2
52 13 1
52 14 3
52 15 3
52 16 2
52 17 3
52 18 1
52 19 3
52 20 3
52 21 3
52 22 3
52 23 3
52 24 2
52 25 1
52 26 3
52 27 1
52 28 1
52 29 2
52 30 2
52 31 1
52 32 3
52 33 1
52 34 1
52 35 1
52 36 2
52 37 3
52 38 3
52 39 1
52 40 2
52 41 2
52 42 1
52 43 2
52 44 2
52 45 1
52 46 1
52 47 2
52 48 1
52 49 3
52 50 2
52 51 3
53 0 2
53 1 1
53 2 3
53 3 1
53 4 2
53 5 2
53 6 3
53 7 2
53 8 2
53 9 2
53 10 2
53 11 3
53 12 3
53 13 3
53 14 1
53 15 2
53 16 3
53 17 2
53 18 1
53 19 2
53 20 3
53 21 3
53 22 2
53 23 2
53 24 1
53 25 1
53 26 2
53 27 3
53 28 3
53 29 2
53 30 1
53 31 1
53 32 2
53 33 3
53 34 2
53 35 2
53 36 1
53 37 1
53 38 1
53 39 1
53 40 2
53 41 3
53 42 1
53 43 1
53 44 3
53 45 2
53 46 3
53 47 1
53 48 3
53 49 2
53 50 3
53 51 2
53 52 2
54 0 1
54 1 2
54 2 3
54 3 3
54 4 3
54 5 3
54 6 2
54 7 3
54 8 3
54 9 2
54 10 1
54 11 1
54 12 1
54 13 2
54 14 1
54 15 3
54 16 1
54 17 3
54 18 3
54 19 2
54 20 1
54 21 3
54 22 2
54 23 3
54 24 2
54 25 1
54 26 3
54 27 2
54 28 1
54 29 1
54 30 1
54 31 1
54 32 2
54 33 3
54 34 3
54 35 2
54 36 2
54 37 2
54 38 2
54 39 1
54 40 3
54 41 1
54 42 1
54 43 1
54 44 2
54 45 1
54 46 2
54 47 2
54 48 2
54 49 2
54 50 2
54 51 1
54 52 1
54 53 3
55 0 1
55 1 1
55 2 3
55 3 1
55 4 1
55 5 2
55 6 3
55 7 1
55 8 3
55 9 2
55 10 2
55 11 3
55 12 2
55 13 3
55 14 1
55 15 1
55 16 1
55 17 1
55 18 3
55 19 3
55 20 3
55 21 3
55 22 3
55 23 1
55 24 2
55 25 2
55 26 3
55 27 3
55 28 2
55 29 3
55 30 1
55 31 2
55 32 1
55 33 1
55 34 1
55 35 3
55 36 1
55 37 3
55 38 2
55 39 2
55 40 2
55 41 3
55 42 3
55 43 2
55 44 2
55 45 1
55 46 3
55 47 2
55 48 2
55 49 1
55 50 2
55 51 3
55 52 3
55 53 3
55 54 1
56 0 3
56 1 2
56 2 1
56 3 3
56 4 1
56 5 3
56 6 1
56 7 2
56 8 1
56 9 2
56 10 1
56 11 3
56 12 3
56 13 1
56 14 3
56 15 3
56 16 2
56 17 2
56 18 2
56 19 3
56 20 3
56 21 1
56 22 2
56 23 1
56 24 2
56 25 1
56 26 1
56 27 2
56 28 2
56 29 1
56 30 3
56 31 1
56 32 1
56 33 1
56 34 2
56 35 2
56 36 1
56 37 1
56 38 3
56 39 3
56 40 3
56 41 2
56 42 1
56 43 2
56 44 1
56 45 3
56 46 2
56 47 3
56 48 1
56 49 2
56 50 1
56 51 2
56 52 1
56 53 1
56 54 3
56 55 3
57 0 2
57 1 1
57 2 2
57 3 2
57 4 1
57 5 3
57 6 1
57 7 1
57 8 2
57 9 1
57 10 2
57 11 2
57 12 3
57 13 3
57 14 2
57 15 3
57 16 1
57 17 2
57 18 1
57 19 3
57 20 1
57 21 3
57 22 1
57 23 2
57 24 1
57 25 3
57 26 3
57 27 1
57 28 1
57 29 2
57 30 1
57 31 2
57 32 2
57 33 2
57 34 3
57 35 3
57 36 3
57 37 2
57 38 1
57 39 2
57 40 1
57 41 1
57 42 1
57 43 3
57 44 1
57 45 3
57 46 2
57 47 3
57 48 2
57 49 1
57 50 3
57 51 2
57 52 2
57 53 2
57 54 2
57 55 1
57 56 2
58 0 1
58 1 2
58 2 3
58 3 3
58 4 3
58 5 3
58 6 2
58 7 3
58 8 1
58 9 3
58 10 1
58 11 2
58 12 3
58 13 2
58 14 2
58 15 3
58 16 1
58 17 2
58 18 2
58 19 1
58 20 1
58 21 3
58 22 1
58 23 2
58 24 2
58 25 2
58 26 3
58 27 3
58 28 2
58 29 1
58 30 1
58 31 3
58 32 2
58 33 3
58 34 3
58 35 2
58 36 2
58 37 1
58 38 3
58 39 3
58 40 1
58 41 1
58 42 3
58 43 1
58 44 2
58 45 2
58 46 3
58 47 1
58 48 1
58 49 2
58 50 1
58 51 1
58 52 3
58 53 3
58 54 2
58 55 2
58 56 3
58 57 3
59 0 3
59 1 2
59 2 2
59 3 2
59 4 3
59 5 3
59 6 2
59 7 3
59 8 2
59 9 1
59 10 2
59 11 1
59 12 1
59 13 1
59 14 1
59 15 1
59 16 2
59 17 1
59 18 2
59 19 2
59 20 3
59 21 2
59 22 2
59 23 3
59 24 1
59 25 1
59 26 2
59 27 3
59 28 3
59 29 3
59 30 1
59 31 1
59 32 2
59 33 1
59 34 1
59 35 2
59 36 3
59 37 2
59 38 3
59 39 1
59 40 1
59 41 1
59 42 3
59 43 3
59 44 1
59 45 2
59 46 3
59 47 2
59 48 2
59 49 3
59 50 2
59 51 2
59 52 2
59 53 3
59 54 2
59 55 1
59 56 2
59 57 3
59 58 1
60 0 2
60 1 2
60 2 2
60 3 1
60 4 2
60 5 1
60 6 1
60 7 3
60 8 1
60 9 1
60 10 2
60 11 3
60 12 1
60 13 2
60 14 3
60 15 2
60 16 1
60 17 1
60 18 1
60 19 3
60 20 1
60 21 2
60 22 3
60 23 1
60 24 3
60 25 1
60 26 2
60 27 1
60 28 1
60 29 2
60 30 3
60 31 1
60 32 2
60 33 1
60 34 1
60 35 1
60 36 3
60 37 3
60 38 1
60 39 2
60 40 2
60 41 3
60 42 1
60 43 1
60 44 1
60 45 3
60 46 1
60 47 3
60 48 1
60 49 2
60 50 3
60 51 3
60 52 3
60 53 2
60 54 3
60 55 1
60 56 3
60 57 1
60 58 1
60 59 2
61 0 1
61 1 2
61 2 2
61 3 1
61 4 1
61 5 1
61 6 2
61 7 3
61 8 1
61 9 3
61 10 3
61 11 2
61 12 3
61 13 2
61 14 3
61 15 2
61 16 2
61 17 1
61 18 3
61 19 1
61 20 1
61 21 2
61 22 2
61 23 3
61 24 2
61 25 2
61 26 2
61 27 1
61 28 1
61 29 3
61 30 1
61 31 3
61 32 2
61 33 2
61 34 1
61 35 3
61 36 2
61 37 3
61 38 3
61 39 1
61 40 1
61 41 3
61 42 2
61 43 2
61 44 2
61 45 1
61 46 3
61 47 2
61 48 3
61 49 1
61 50 2
61 51 2
61 52 2
61 53 3
61 54 2
61 55 2
61 56 1
61 57 2
61 58 1
61 59 2
61 60 2
62 0 3
62 1 2
62 2 3
62 3 1
62 4 1
62 5 3
62 6 1
62 7 2
62 8 1
62 9 2
62 10 1
62 11 2
62 12 3
62 13 3
62 14 3
62 15 3
62 16 1
62 17 3
62 18 3
62 19 2
62 20 2
62 21 2
62 22 3
62 23 2
62 24 2
62 25 1
62 26 1
62 27 3
62 28 2
62 29 1
62 30 1
62 31 1
62 32 1
62 33 1
62 34 3
62 35 2
62 36 2
62 37 2
62 38 1
62 39 1
62 40 2
62 41 3
62 42 2
62 43 1
62 44 3
62 45 2
62 46 2
62 47 3
62 48 3
62 49 2
62 50 2
62 51 3
62 52 1
62 53 3
62 54 2
62 55 3
62 56 2
62 57 2
62 58 1
62 59 3
62 60 2
62 61 1
63 0 3
63 1 3
63 2 1
63 3 1
63 4 3
63 5 3
63 6 2
63 7 1
63 8 2
63 9 2
63 10 1
63 11 2
63 12 1
63 13 2
63 14 1
63 15 1
63 16 3
63 17 2
63 18 1
63 19 1
63 20 2
63 21 1
63 22 2
63 23 1
63 24 2
63 25 2
63 26 2
63 27 2
63 28 3
63 29 2
63 30 3
63 31 1
63 32 2
63 33 2
63 34 3
63 35 2
63 36 2
63 37 3
63 38 1
63 39 3
63 40 2
63 41 3
63 42 1
63 43 2
63 44 3
63 45 3
63 46 3
63 47 3
63 48 2
63 49 3
63 50 2
63 51 3
63 52 2
63 53 3
63 54 2
63 55 3
63 56 2
63 57 1
63 58 1
63 59 1
63 60 1
63 61 1
63 62 3
64 0 1
64 1 1
64 2 3
64 3 1
64 4 3
64 5 2
64 6 3
64 7 2
64 8 1
64 9 3
64 10 3
64 11 3
64 12 3
64 13 1
64 14 1
64 15 1
64 16 3
64 17 1
64 18 3
64 19 2
64 20 3
64 21 3
64 22 3
64 23 1
64 24 3
64 25 2
64 26 2
64 27 1
64 28 3
64 29 3
64 30 3
64 31 3
64 32 3
64 33 2
64 34 1
64 35 2
64 36 3
64 37 2
64 38 3
64 39 3
64 40 3
64 41 1
64 42 1
64 43 1
64 44 1
64 45 2
64 46 3
64 47 2
64 48 1
64 49 3
64 50 2
64 51 1
64 52 1
64 53 2
64 54 3
64 55 3
64 56 2
64 57 2
64 58 3
64 59 1
64 60 2
64 61 2
64 62 1
64 63 3
65 0 1
65 1 2
65 2 3
65 3 2
65 4 2
65 5 3
65 6 2
65 7 3
65 8 1
65 9 1
65 10 3
65 11 3
65 12 1
65 13 2
65 14 1
65 15 1
65 16 2
65 17 1
65 18 2
65 19 1
65 20 3
65 21 1
65 22 2
65 23 3
65 24 1
65 25 3
65 26 2
65 27 2
65 28 1
65 29 3
65 30 1
65 31 2
65 32 3
65 33 2
65 34 1
65 35 3
65 36 1
65 37 2
65 38 1
65 39 3
65 40 2
65 41 1
65 42 3
65 43 1
65 44 1
65 45 1
65 46 3
65 47 1
65 48 3
65 49 1
65 50 2
65 51 3
65 52 3
65 53 1
65 54 3
65 55 2
65 56 1
65 57 3
65 58 1
65 59 3
65 60 3
65 61 3
65 62 3
65 63 1
65 64 3
66 0 2
66 1 1
66 2 1
66 3 2
66 4 2
66 5 3
66 6 3
66 7 2
66 8 3
66 9 3
66 10 2
66 11 2
66 12 3
66 13 3
66 14 3
66 15 3
66 16 1
66 17 3
66 18 2
66 19 2
66 20 2
66 21 2
66 22 3
66 23 1
66 24 3
66 25 2
66 26 3
66 27 3
66 28 3
66 29 2
66 30 1
66 31 1
66 32 1
66 33 1
66 34 1
66 35 2
66 36 3
66 37 2
66 38 3
66 39 1
66 40 2
66 41 2
66 42 2
66 43 2
66 44 3
66 45 2
66 46 2
66 47 3
66 48 1
66 49 2
66 50 2
66 51 1
66 52 1
66 53 3
66 54 2
66 55 1
66 56 3
66 57 1
66 58 3
66 59 2
66 60 3
66 61 3
66 62 1
66 63 3
66 64 1
66 65 1
67 0 1
67 1 2
67 2 3
67 3 1
67 4 3
67 5 3
67 6 2
67 7 2
67 8 2
67 9 2
67 10 2
67 11 2
67 12 3
67 13 1
67 14 2
67 15 2
67 16 1
67 17 1
67 18 3
67 19 2
67 20 2
67 21 1
67 22 1
67 23 2
67 24 1
67 25 2
67 26 1
67 27 3
67 28 3
67 29 3
67 30 1
67 31 2
67 32 1
67 33 3
67 34 1
67 35 2
67 36 2
67 37 2
67 38 1
67 39 3
67 40 3
67 41 1
67 42 1
67 43 2
67 44 2
67 45 3
67 46 2
67 47 1
67 48 1
67 49 1
67 50 3
67 51 2
67 52 2
67 53 1
67 54 2
67 55 1
67 56 2
67 57 1
67 58 2
67 59 3
67 60 1
67 61 2
67 62 3
67 63 3
67 64 1
67 65 3
67 66 2
68 0 2
68 1 1
68 2 2
68 3 1
68 4 2
68 5 1
68 6 3
68 7 1
68 8 1
68 9 1
68 10 3
68 11 1
68 12 1
68 13 2
68 14 3
68 15 3
68 16 1
68 17 1
68 18 3
68 19 1
68 20 2
68 21 2
68 22 3
68 23 2
68 24 3
68 25 3
68 26 1
68 27 3
68 28 3
68 29 2
68 30 3
68 31 1
68 32 1
68 33 3
68 34 2
68 35 3
68 36 3
68 37 1
68 38 2
68 39 3
68 40 1
68 41 1
68 42 1
68 43 1
68 44 1
68 45 2
68 46 1
68 47 2
68 48 1
68 49 3
68 50 3
68 51 3
68 52 3
68 53 2
68 54 1
68 55 3
68 56 2
68 57 1
68 58 1
68 59 1
68 60 2
68 61 3
68 62 3
68 63 2
68 64 2
68 65 2
68 66 1
68 67 2
69 0 2
69 1 3
69 2 2
69 3 2
69 4 2
69 5 2
69 6 2
69 7 2
69 8 1
69 9 1
69 10 2
69 11 2
69 12 3
69 13 1
69 14 3
69 15 2
69 16 1
69 17 3
69 18 1
69 19 3
69 20 2
69 21 2
69 22 1
69 23 1
69 24 2
69 25 1
69 26 2
69 27 3
69 28 3
69 29 3
69 30 2
69 31 2
69 32 2
69 33 3
69 34 1
69 35 3
69 36 1
69 37 2
69 38 2
69 39 3
69 40 1
69 41 3
69 42 3
69 43 1
69 44 3
69 45 1
69 46 3
69 47 1
69 48 2
69 49 1
69 50 3
69 51 3
69 52 1
69 53 2
69 54 2
69 55 3
69 56 3
69 57 1
69 58 1
69 59 2
69 60 3
69 61 1
69 62 2
69 63 1
69 64 3
69 65 3
69 66 1
69 67 2
69 68 3
