60
1 0 4
2 0 6
2 1 4
3 0 2
3 1 10
3 2 3
4 0 2
4 1 8
4 2 9
4 3 4
5 0 8
5 1 9
5 2 9
5 3 7
5 4 9
6 0 7
6 1 3
6 2 3
6 3 4
6 4 7
6 5 2
7 0 11
7 1 8
7 2 9
7 3 10
7 4 6
7 5 10
7 6 9
8 0 3
8 1 4
8 2 10
8 3 8
8 4 10
8 5 1
8 6 11
8 7 2
9 0 8
9 1 8
9 2 11
9 3 2
9 4 5
9 5 8
9 6 9
9 7 1
9 8 4
10 0 8
10 1 8
10 2 2
10 3 1
10 4 9
10 5 8
10 6 3
10 7 8
10 8 4
10 9 8
11 0 4
11 1 1
11 2 10
11 3 7
11 4 3
11 5 7
11 6 11
11 7 11
11 8 3
11 9 5
11 10 6
12 0 2
12 1 11
12 2 6
12 3 6
12 4 8
12 5 5
12 6 7
12 7 10
12 8 2
12 9 6
12 10 4
12 11 4
13 0 11
13 1 10
13 2 5
13 3 2
13 4 9
13 5 10
13 6 10
13 7 5
13 8 5
13 9 11
13 10 5
13 11 5
13 12 6
14 0 9
14 1 4
14 2 8
14 3 11
14 4 5
14 5 8
14 6 8
14 7 2
14 8 5
14 9 4
14 10 9
14 11 5
14 12 3
14 13 8
15 0 5
15 1 10
15 2 6
15 3 2
15 4 3
15 5 10
15 6 10
15 7 3
15 8 11
15 9 8
15 10 6
15 11 4
15 12 2
15 13 6
15 14 8
16 0 7
16 1 9
16 2 11
16 3 1
16 4 3
16 5 10
16 6 9
16 7 5
16 8 7
16 9 11
16 10 1
16 11 7
16 12 1
16 13 3
16 14 11
16 15 7
17 0 11
17 1 9
17 2 8
17 3 7
17 4 2
17 5 10
17 6 9
17 7 7
17 8 4
17 9 1
17 10 3
17 11 4
17 12 9
17 13 11
17 14 11
17 15 5
17 16 9
18 0 5
18 1 8
18 2 8
18 3 7
18 4 4
18 5 9
18 6 8
18 7 6
18 8 7
18 9 7
18 10 3
18 11 5
18 12 11
18 13 1
18 14 2
18 15 3
18 16 8
18 17 3
19 0 7
19 1 11
19 2 10
19 3 6
19 4 5
19 5 4
19 6 4
19 7 3
19 8 3
19 9 4
19 10 8
19 11 7
19 12 3
19 13 6
19 14 3
19 15 11
19 16 8
19 17 1
19 18 5
20 0 3
20 1 6
20 2 8
20 3 2
20 4 10
20 5 4
20 6 2
20 7 9
20 8 4
20 9 6
20 10 8
20 11 10
20 12 10
20 13 11
20 14 4
20 15 7
20 16 4
20 17 3
20 18 1
20 19 8
21 0 1
21 1 10
21 2 6
21 3 9
21 4 5
21 5 4
21 6 6
21 7 10
21 8 3
21 9 10
21 10 6
21 11 7
21 12 7
21 13 6
21 14 9
21 15 10
21 16 8
21 17 11
21 18 2
21 19 6
21 20 7
22 0 2
22 1 2
22 2 3
22 3 1
22 4 10
22 5 1
22 6 5
22 7 7
22 8 3
22 9 9
22 10 2
22 11 1
22 12 9
22 13 1
22 14 10
22 15 10
22 16 5
22 17 7
22 18 2
22 19 6
22 20 1
22 21 1
23 0 1
23 1 1
23 2 11
23 3 2
23 4 3
23 5 10
23 6 8
23 7 3
23 8 5
23 9 7
23 10 11
23 11 7
23 12 1
23 13 3
23 14 6
23 15 6
23 16 4
23 17 9
23 18 3
23 19 9
23 20 2
23 21 10
23 22 1
24 0 3
24 1 7
24 2 5
24 3 2
24 4 7
24 5 4
24 6 8
24 7 11
24 8 10
24 9 7
24 10 10
24 11 1
24 12 3
24 13 2
24 14 9
24 15 9
24 16 5
24 17 10
24 18 4
24 19 7
24 20 5
24 21 10
24 22 11
24 23 7
25 0 3
25 1 11
25 2 7
25 3 1
25 4 8
25 5 5
25 6 8
25 7 1
25 8 1
25 9 11
25 10 2
25 11 2
25 12 6
25 13 8
25 14 8
25 15 10
25 16 1
25 17 8
25 18 9
25 19 9
25 20 1
25 21 7
25 22 9
25 23 9
25 24 3
26 0 4
26 1 3
26 2 11
26 3 11
26 4 6
26 5 1
26 6 2
26 7 4
26 8 6
26 9 6
26 10 10
26 11 8
26 12 9
26 13 10
26 14 11
26 15 1
26 16 9
26 17 7
26 18 11
26 19 9
26 20 11
26 21 8
26 22 10
26 23 9
26 24 2
26 25 5
27 0 8
27 1 8
27 2 8
27 3 6
27 4 11
27 5 4
27 6 1
27 7 9
27 8 6
27 9 11
27 10 9
27 11 6
27 12 10
27 13 4
27 14 6
27 15 11
27 16 10
27 17 6
27 18 2
27 19 7
27 20 1
27 21 3
27 22 1
27 23 8
27 24 1
27 25 1
27 26 6
28 0 6
28 1 8
28 2 10
28 3 3
28 4 8
28 5 9
28 6 5
28 7 7
28 8 4
28 9 4
28 10 7
28 11 5
28 12 10
28 13 8
28 14 7
28 15 5
28 16 7
28 17 9
28 18 5
28 19 11
28 20 10
28 21 3
28 22 10
28 23 4
28 24 6
28 25 9
28 26 9
28 27 3
29 0 10
29 1 5
29 2 4
29 3 1
29 4 9
29 5 2
29 6 11
29 7 7
29 8 5
29 9 8
29 10 5
29 11 4
29 12 7
29 13 7
29 14 10
29 15 3
29 16 3
29 17 6
29 18 4
29 19 2
29 20 1
29 21 10
29 22 5
29 23 1
29 24 3
29 25 3
29 26 2
29 27 11
29 28 10
30 0 10
30 1 7
30 2 9
30 3 10
30 4 9
30 5 3
30 6 9
30 7 10
30 8 9
30 9 2
30 10 11
30 11 2
30 12 4
30 13 10
30 14 8
30 15 6
30 16 3
30 17 2
30 18 5
30 19 9
30 20 8
30 21 4
30 22 5
30 23 3
30 24 9
30 25 11
30 26 2
30 27 4
30 28 7
30 29 6
31 0 7
31 1 8
31 2 1
31 3 2
31 4 8
31 5 4
31 6 6
31 7 1
31 8 10
31 9 8
31 10 4
31 11 4
31 12 3
31 13 4
31 14 9
31 15 8
31 16 3
31 17 11
31 18 11
31 19 3
31 20 2
31 21 1
31 22 2
31 23 4
31 24 6
31 25 7
31 26 9
31 27 5
31 28 6
31 29 10
31 30 1
32 0 2
32 1 5
32 2 11
32 3 11
32 4 7
32 5 6
32 6 3
32 7 3
32 8 3
32 9 11
32 10 10
32 11 6
32 12 7
32 13 5
32 14 1
32 15 6
32 16 8
32 17 4
32 18 4
32 19 11
32 20 7
32 21 2
32 22 7
32 23 8
32 24 7
32 25 1
32 26 9
32 27 2
32 28 10
32 29 9
32 30 2
32 31 10
33 0 5
33 1 1
33 2 5
33 3 2
33 4 7
33 5 2
33 6 5
33 7 11
33 8 5
33 9 5
33 10 11
33 11 5
33 12 6
33 13 3
33 14 11
33 15 8
33 16 1
33 17 6
33 18 7
33 19 10
33 20 6
33 21 8
33 22 5
33 23 10
33 24 1
33 25 4
33 26 10
33 27 3
33 28 11
33 29 11
33 30 9
33 31 8
33 32 5
34 0 9
34 1 8
34 2 11
34 3 11
34 4 11
34 5 6
34 6 11
34 7 11
34 8 11
34 9 5
34 10 10
34 11 8
34 12 4
34 13 3
34 14 10
34 15 10
34 16 11
34 17 1
34 18 6
34 19 10
34 20 2
34 21 5
34 22 9
34 23 1
34 24 2
34 25 5
34 26 2
34 27 7
34 28 2
34 29 2
34 30 9
34 31 10
34 32 3
34 33 8
35 0 3
35 1 2
35 2 7
35 3 3
35 4 10
35 5 7
35 6 9
35 7 5
35 8 8
35 9 2
35 10 2
35 11 5
35 12 4
35 13 5
35 14 4
35 15 6
35 16 7
35 17 11
35 18 4
35 19 6
35 20 6
35 21 1
35 22 6
35 23 6
35 24 4
35 25 3
35 26 3
35 27 4
35 28 9
35 29 4
35 30 2
35 31 2
35 32 7
35 33 7
35 34 8
36 0 9
36 1 11
36 2 9
36 3 2
36 4 8
36 5 7
36 6 9
36 7 8
36 8 4
36 9 11
36 10 5
36 11 4
36 12 9
36 13 3
36 14 7
36 15 10
36 16 8
36 17 4
36 18 9
36 19 8
36 20 5
36 21 4
36 22 6
36 23 3
36 24 10
36 25 4
36 26 9
36 27 10
36 28 2
36 29 11
36 30 11
36 31 3
36 32 10
36 33 10
36 34 3
36 35 10
37 0 6
37 1 11
37 2 7
37 3 6
37 4 1
37 5 7
37 6 9
37 7 10
37 8 1
37 9 1
37 10 9
37 11 8
37 12 6
37 13 1
37 14 3
37 15 1
37 16 8
37 17 11
37 18 2
37 19 3
37 20 7
37 21 5
37 22 9
37 23 6
37 24 1
37 25 10
37 26 10
37 27 10
37 28 11
37 29 11
37 30 11
37 31 5
37 32 6
37 33 8
37 34 4
37 35 8
37 36 9
38 0 7
38 1 8
38 2 11
38 3 3
38 4 11
38 5 10
38 6 6
38 7 5
38 8 10
38 9 2
38 10 1
38 11 3
38 12 1
38 13 2
38 14 4
38 15 10
38 16 1
38 17 2
38 18 4
38 19 5
38 20 11
38 21 10
38 22 4
38 23 11
38 24 4
38 25 6
38 26 6
38 27 11
38 28 2
38 29 6
38 30 6
38 31 8
38 32 9
38 33 4
38 34 7
38 35 6
38 36 3
38 37 3
39 0 11
39 1 5
39 2 1
39 3 7
39 4 1
39 5 8
39 6 5
39 7 3
39 8 1
39 9 2
39 10 2
39 11 1
39 12 5
39 13 2
39 14 2
39 15 3
39 16 2
39 17 8
39 18 9
39 19 1
39 20 9
39 21 1
39 22 5
39 23 5
39 24 9
39 25 11
39 26 5
39 27 11
39 28 7
39 29 8
39 30 1
39 31 5
39 32 4
39 33 1
39 34 3
39 35 11
39 36 3
39 37 9
39 38 9
40 0 4
40 1 2
40 2 2
40 3 7
40 4 10
40 5 10
40 6 1
40 7 5
40 8 4
40 9 4
40 10 7
40 11 9
40 12 4
40 13 8
40 14 5
40 15 7
40 16 1
40 17 2
40 18 4
40 19 2
40 20 7
40 21 7
40 22 5
40 23 1
40 24 8
40 25 6
40 26 4
40 27 11
40 28 11
40 29 9
40 30 1
40 31 7
40 32 9
40 33 5
40 34 3
40 35 10
40 36 1
40 37 6
40 38 10
40 39 9
41 0 7
41 1 9
41 2 3
41 3 4
41 4 7
41 5 2
41 6 5
41 7 3
41 8 5
41 9 8
41 10 9
41 11 8
41 12 3
41 13 11
41 14 1
41 15 4
41 16 4
41 17 3
41 18 6
41 19 8
41 20 4
41 21 2
41 22 1
41 23 2
41 24 1
41 25 11
41 26 4
41 27 4
41 28 11
41 29 6
41 30 5
41 31 3
41 32 8
41 33 9
41 34 1
41 35 7
41 36 3
41 37 11
41 38 7
41 39 11
41 40 7
42 0 2
42 1 5
42 2 2
42 3 4
42 4 6
42 5 6
42 6 4
42 7 4
42 8 4
42 9 2
42 10 10
42 11 10
42 12 8
42 13 7
42 14 3
42 15 8
42 16 5
42 17 6
42 18 9
42 19 11
42 20 11
42 21 11
42 22 5
42 23 1
42 24 10
42 25 5
42 26 4
42 27 2
42 28 4
42 29 5
42 30 5
42 31 4
42 32 4
42 33 3
42 34 5
42 35 2
42 36 9
42 37 1
42 38 10
42 39 5
42 40 2
42 41 10
43 0 6
43 1 7
43 2 2
43 3 5
43 4 11
43 5 3
43 6 7
43 7 4
43 8 7
43 9 3
43 10 3
43 11 8
43 12 11
43 13 2
43 14 2
43 15 9
43 16 5
43 17 2
43 18 1
43 19 1
43 20 4
43 21 2
43 22 10
43 23 7
43 24 5
43 25 4
43 26 7
43 27 5
43 28 11
43 29 8
43 30 5
43 31 8
43 32 7
43 33 11
43 34 8
43 35 5
43 36 3
43 37 4
43 38 10
43 39 4
43 40 7
43 41 8
43 42 1
44 0 5
44 1 10
44 2 1
44 3 10
44 4 1
44 5 10
44 6 5
44 7 1
44 8 3
44 9 1
44 10 2
44 11 11
44 12 2
44 13 1
44 14 2
44 15 11
44 16 8
44 17 6
44 18 10
44 19 10
44 20 2
44 21 6
44 22 7
44 23 6
44 24 4
44 25 11
44 26 3
44 27 4
44 28 2
44 29 9
44 30 7
44 31 5
44 32 3
44 33 11
44 34 7
44 35 4
44 36 3
44 37 7
44 38 9
44 39 7
44 40 7
44 41 10
44 42 11
44 43 5
45 0 9
45 1 9
45 2 10
45 3 6
45 4 2
45 5 7
45 6 1
45 7 5
45 8 11
45 9 11
45 10 6
45 11 4
45 12 9
45 13 5
45 14 1
45 15 8
45 16 7
45 17 4
45 18 4
45 19 6
45 20 9
45 21 4
45 22 3
45 23 11
45 24 5
45 25 8
45 26 4
45 27 1
45 28 11
45 29 9
45 30 8
45 31 10
45 32 10
45 33 9
45 34 5
45 35 5
45 36 1
45 37 4
45 38 7
45 39 10
45 40 4
45 41 5
45 42 6
45 43 10
45 44 9
46 0 10
46 1 5
46 2 11
46 3 10
46 4 10
46 5 11
46 6 9
46 7 10
46 8 4
46 9 10
46 10 2
46 11 7
46 12 10
46 13 5
46 14 1
46 15 8
46 16 5
46 17 8
46 18 10
46 19 6
46 20 11
46 21 4
46 22 6
46 23 8
46 24 3
46 25 11
46 26 2
46 27 6
46 28 5
46 29 8
46 30 10
46 31 5
46 32 11
46 33 8
46 34 8
46 35 7
46 36 7
46 37 7
46 38 3
46 39 9
46 40 10
46 41 8
46 42 1
46 43 9
46 44 9
46 45 8
47 0 10
47 1 6
47 2 7
47 3 10
47 4 8
47 5 10
47 6 7
47 7 8
47 8 1
47 9 4
47 10 10
47 11 9
47 12 9
47 13 2
47 14 8
47 15 9
47 16 10
47 17 10
47 18 10
47 19 5
47 20 8
47 21 6
47 22 11
47 23 1
47 24 3
47 25 7
47 26 9
47 27 3
47 28 6
47 29 6
47 30 8
47 31 11
47 32 10
47 33 4
47 34 9
47 35 8
47 36 9
47 37 3
47 38 3
47 39 2
47 40 6
47 41 2
47 42 4
47 43 9
47 44 1
47 45 4
47 46 2
48 0 7
48 1 5
48 2 11
48 3 10
48 4 9
48 5 9
48 6 6
48 7 2
48 8 9
48 9 7
48 10 8
48 11 2
48 12 6
48 13 4
48 14 5
48 15 2
48 16 8
48 17 1
48 18 1
48 19 10
48 20 4
48 21 6
48 22 5
48 23 9
48 24 7
48 25 10
48 26 10
48 27 3
48 28 5
48 29 10
48 30 7
48 31 8
48 32 4
48 33 7
48 34 9
48 35 9
48 36 10
48 37 2
48 38 4
48 39 1
48 40 8
48 41 2
48 42 3
48 43 10
48 44 3
48 45 7
48 46 6
48 47 8
49 0 9
49 1 4
49 2 10
49 3 6
49 4 4
49 5 6
49 6 11
49 7 7
49 8 4
49 9 11
49 10 10
49 11 8
49 12 1
49 13 8
49 14 10
49 15 2
49 16 1
49 17 4
49 18 8
49 19 5
49 20 5
49 21 9
49 22 8
49 23 3
49 24 5
49 25 11
49 26 2
49 27 9
49 28 5
49 29 11
49 30 3
49 31 9
49 32 5
49 33 1
49 34 7
49 35 11
49 36 8
49 37 4
49 38 4
49 39 8
49 40 6
49 41 11
49 42 3
49 43 11
49 44 10
49 45 5
49 46 2
49 47 2
49 48 2
50 0 11
50 1 2
50 2 10
50 3 9
50 4 8
50 5 5
50 6 10
50 7 9
50 8 1
50 9 4
50 10 6
50 11 9
50 12 6
50 13 8
50 14 4
50 15 11
50 16 11
50 17 3
50 18 2
50 19 8
50 20 3
50 21 1
50 22 5
50 23 9
50 24 8
50 25 4
50 26 10
50 27 6
50 28 1
50 29 10
50 30 2
50 31 9
50 32 3
50 33 9
50 34 9
50 35 7
50 36 7
50 37 6
50 38 7
50 39 8
50 40 6
50 41 2
50 42 7
50 43 2
50 44 7
50 45 1
50 46 6
50 47 1
50 48 4
50 49 3
51 0 2
51 1 6
51 2 6
51 3 5
51 4 11
51 5 5
51 6 4
51 7 9
51 8 1
51 9 2
51 10 4
51 11 11
51 12 2
51 13 11
51 14 5
51 15 11
51 16 3
51 17 1
51 18 1
51 19 2
51 20 4
51 21 9
51 22 10
51 23 6
51 24 9
51 25 9
51 26 8
51 27 10
51 28 6
51 29 2
51 30 9
51 31 11
51 32 8
51 33 11
51 34 10
51 35 11
51 36 4
51 37 10
51 38 3
51 39 10
51 40 6
51 41 6
51 42 7
51 43 9
51 44 9
51 45 5
51 46 10
51 47 1
51 48 6
51 49 8
51 50 1
52 0 7
52 1 3
52 2 4
52 3 1
52 4 11
52 5 9
52 6 10
52 7 5
52 8 10
52 9 6
52 10 11
52 11 11
52 12 1
52 13 5
52 14 4
52 15 8
52 16 6
52 17 2
52 18 1
52 19 2
52 20 7
52 21 11
52 22 7
52 23 7
52 24 3
52 25 1
52 26 7
52 27 2
52 28 2
52 29 3
52 30 1
52 31 4
52 32 10
52 33 9
52 34 8
52 35 10
52 36 2
52 37 3
52 38 11
52 39 5
52 40 8
52 41 7
52 42 7
52 43 11
52 44 10
52 45 6
52 46 2
52 47 11
52 48 9
52 49 9
52 50 1
52 51 9
53 0 4
53 1 1
53 2 8
53 3 11
53 4 2
53 5 4
53 6 5
53 7 1
53 8 1
53 9 10
53 10 10
53 11 10
53 12 2
53 13 6
53 14 2
53 15 4
53 16 4
53 17 7
53 18 1
53 19 4
53 20 1
53 21 8
53 22 6
53 23 7
53 24 1
53 25 8
53 26 6
53 27 9
53 28 10
53 29 2
53 30 11
53 31 8
53 32 3
53 33 5
53 34 4
53 35 2
53 36 9
53 37 4
53 38 3
53 39 2
53 40 2
53 41 2
53 42 1
53 43 3
53 44 1
53 45 11
53 46 1
53 47 5
53 48 7
53 49 2
53 50 7
53 51 4
53 52 4
54 0 6
54 1 3
54 2 7
54 3 6
54 4 3
54 5 4
54 6 9
54 7 6
54 8 7
54 9 11
54 10 9
54 11 6
54 12 2
54 13 10
54 14 4
54 15 5
54 16 10
54 17 11
54 18 10
54 19 3
54 20 6
54 21 1
54 22 1
54 23 1
54 24 5
54 25 11
54 26 11
54 27 5
54 28 6
54 29 4
54 30 8
54 31 11
54 32 3
54 33 3
54 34 10
54 35 5
54 36 8
54 37 2
54 38 9
54 39 9
54 40 10
54 41 4
54 42 3
54 43 11
54 44 11
54 45 11
54 46 5
54 47 1
54 48 10
54 49 7
54 50 9
54 51 7
54 52 5
54 53 7
55 0 1
55 1 2
55 2 2
55 3 6
55 4 5
55 5 1
55 6 5
55 7 11
55 8 1
55 9 8
55 10 8
55 11 5
55 12 9
55 13 10
55 14 11
55 15 2
55 16 6
55 17 11
55 18 9
55 19 8
55 20 4
55 21 4
55 22 1
55 23 8
55 24 1
55 25 10
55 26 3
55 27 3
55 28 9
55 29 8
55 30 11
55 31 8
55 32 2
55 33 9
55 34 2
55 35 8
55 36 2
55 37 9
55 38 5
55 39 8
55 40 8
55 41 3
55 42 2
55 43 10
55 44 5
55 45 2
55 46 11
55 47 7
55 48 11
55 49 5
55 50 6
55 51 11
55 52 11
55 53 8
55 54 3
56 0 5
56 1 2
56 2 8
56 3 8
56 4 5
56 5 5
56 6 4
56 7 8
56 8 4
56 9 4
56 10 8
56 11 9
56 12 10
56 13 10
56 14 7
56 15 10
56 16 2
56 17 5
56 18 5
56 19 2
56 20 2
56 21 4
56 22 4
56 23 10
56 24 6
56 25 11
56 26 9
56 27 4
56 28 4
56 29 4
56 30 9
56 31 5
56 32 9
56 33 1
56 34 11
56 35 11
56 36 4
56 37 11
56 38 4
56 39 11
56 40 10
56 41 2
56 42 2
56 43 3
56 44 8
56 45 1
56 46 3
56 47 2
56 48 5
56 49 1
56 50 8
56 51 6
56 52 1
56 53 9
56 54 4
56 55 9
57 0 10
57 1 2
57 2 6
57 3 3
57 4 7
57 5 4
57 6 9
57 7 8
57 8 5
57 9 6
57 10 10
57 11 4
57 12 2
57 13 11
57 14 5
57 15 6
57 16 3
57 17 3
57 18 5
57 19 11
57 20 6
57 21 4
57 22 1
57 23 10
57 24 10
57 25 2
57 26 9
57 27 3
57 28 3
57 29 2
57 30 10
57 31 8
57 32 1
57 33 8
57 34 3
57 35 5
57 36 2
57 37 11
57 38 3
57 39 4
57 40 1
57 41 6
57 42 10
57 43 7
57 44 10
57 45 3
57 46 7
57 47 3
57 48 6
57 49 9
57 50 10
57 51 9
57 52 3
57 53 8
57 54 1
57 55 9
57 56 1
58 0 1
58 1 6
58 2 5
58 3 7
58 4 3
58 5 2
58 6 5
58 7 1
58 8 10
58 9 11
58 10 7
58 11 8
58 12 8
58 13 7
58 14 10
58 15 2
58 16 11
58 17 2
58 18 4
58 19 4
58 20 10
58 21 4
58 22 6
58 23 4
58 24 6
58 25 11
58 26 10
58 27 2
58 28 5
58 29 4
58 30 7
58 31 8
58 32 5
58 33 9
58 34 2
58 35 9
58 36 11
58 37 1
58 38 5
58 39 5
58 40 1
58 41 10
58 42 5
58 43 11
58 44 1
58 45 9
58 46 4
58 47 3
58 48 11
58 49 9
58 50 4
58 51 8
58 52 3
58 53 1
58 54 9
58 55 1
58 56 9
58 57 11
59 0 3
59 1 6
59 2 8
59 3 9
59 4 8
59 5 6
59 6 8
59 7 8
59 8 2
59 9 5
59 10 5
59 11 8
59 12 10
59 13 1
59 14 4
59 15 3
59 16 11
59 17 3
59 18 7
59 19 8
59 20 1
59 21 3
59 22 6
59 23 7
59 24 8
59 25 10
59 26 6
59 27 8
59 28 6
59 29 8
59 30 3
59 31 1
59 32 5
59 33 4
59 34 1
59 35 2
59 36 9
59 37 1
59 38 3
59 39 2
59 40 3
59 41 8
59 42 7
59 43 8
59 44 5
59 45 11
59 46 11
59 47 5
59 48 10
59 49 5
59 50 10
59 51 1
59 52 8
59 53 2
59 54 5
59 55 10
59 56 10
59 57 2
59 58 1
