30
2 1 7
3 0 7
3 1 3
4 1 4
5 1 1
5 4 8
6 2 1
6 3 9
6 4 8
7 2 6
7 3 6
7 6 2
8 0 4
8 2 1
8 6 7
8 7 1
9 3 5
9 4 9
9 7 10
9 8 4
10 2 6
10 7 10
11 2 2
11 3 10
11 8 9
11 9 9
11 10 8
12 1 8
12 3 8
12 4 8
12 6 2
12 7 4
12 10 9
13 1 6
13 2 2
13 3 1
13 7 7
13 8 8
13 10 4
14 1 7
14 4 7
14 5 4
14 12 7
15 1 3
15 4 8
15 5 5
15 6 3
15 8 4
15 9 6
15 10 3
15 12 9
15 14 7
16 1 2
16 3 8
16 4 9
16 6 2
16 7 2
16 8 9
16 10 4
16 11 6
16 15 9
17 0 9
17 2 1
17 5 10
17 6 10
17 8 10
17 9 1
17 13 2
17 14 10
17 15 3
18 2 10
18 6 6
18 8 2
18 11 5
18 12 6
18 13 4
18 15 10
18 16 9
18 17 9
19 0 4
19 1 3
19 3 8
19 7 1
19 8 5
19 9 9
19 13 2
19 16 2
19 18 7
20 2 8
20 5 6
20 6 1
20 8 10
20 11 6
20 12 4
20 14 8
20 15 3
20 16 3
20 17 5
20 19 3
21 0 8
21 4 9
21 7 10
21 8 7
21 11 9
21 12 5
21 14 6
21 15 6
21 16 6
21 17 3
21 18 4
22 0 6
22 1 5
22 2 1
22 3 9
22 4 9
22 6 1
22 7 8
22 9 10
22 10 3
22 12 5
22 15 6
22 16 7
22 21 7
23 1 9
23 5 6
23 8 5
23 15 4
23 16 4
23 18 5
23 19 4
23 22 8
24 0 1
24 1 5
24 9 1
24 10 2
24 12 5
24 19 1
24 21 7
24 22 2
24 23 3
25 0 4
25 1 9
25 2 2
25 4 1
25 5 10
25 10 8
25 13 10
25 14 2
25 21 5
25 22 9
26 3 6
26 4 10
26 5 3
26 6 10
26 8 5
26 10 10
26 11 3
26 12 1
26 15 9
26 17 6
26 18 4
26 23 3
26 25 5
27 0 3
27 1 10
27 3 2
27 4 8
27 6 3
27 8 2
27 9 10
27 13 8
27 16 5
27 18 2
27 19 9
27 23 1
27 24 1
27 25 2
28 0 6
28 1 6
28 2 6
28 4 5
28 10 9
28 11 4
28 12 3
28 13 5
28 14 9
28 15 4
28 18 5
28 23 9
28 26 7
28 27 4
29 0 3
29 2 2
29 4 6
29 5 3
29 6 2
29 7 9
29 8 7
29 10 2
29 11 2
29 12 1
29 13 1
29 15 3
29 16 9
29 19 8
29 20 4
29 21 8
29 24 3
29 28 9
