20
3 1 1
4 0 1
4 1 1
5 0 1
6 0 1
6 3 2
6 4 1
7 0 2
7 1 2
7 2 2
7 3 1
7 5 1
8 3 2
8 5 1
9 1 1
9 6 2
9 8 2
10 4 1
10 5 1
10 6 2
10 8 1
10 9 2
11 2 2
11 3 1
11 4 1
11 6 2
11 7 1
12 3 2
12 4 1
12 6 2
12 7 1
12 9 2
12 11 2
13 1 2
13 2 1
13 3 2
13 5 2
13 7 1
13 8 1
13 9 2
14 0 1
14 1 2
14 3 1
14 5 1
14 7 2
14 10 1
15 3 1
15 5 1
15 7 2
15 10 2
15 11 2
15 12 2
15 13 1
15 14 1
16 0 2
16 3 1
16 5 2
16 6 1
16 7 1
16 8 2
16 9 2
16 10 1
16 11 2
16 12 1
16 15 1
17 1 1
17 2 1
17 3 1
17 6 1
17 7 1
17 8 1
17 9 2
17 12 2
17 13 1
17 15 1
18 0 1
18 3 1
18 4 1
18 8 2
18 12 1
18 13 2
18 15 2
18 16 1
18 17 1
19 0 1
19 1 2
19 3 2
19 5 2
19 6 1
19 7 2
19 8 2
19 9 1
19 10 2
19 11 1
19 14 2
19 15 2
19 16 2
19 17 1
