40
2 0 1
2 1 4
5 0 1
5 2 3
5 3 6
5 4 1
6 0 6
6 2 6
6 3 1
6 4 1
7 5 6
7 6 4
8 2 7
8 3 2
8 4 7
8 5 7
8 6 3
8 7 7
9 0 7
9 3 2
9 4 3
9 6 5
10 0 7
10 3 7
10 6 7
10 7 1
11 1 3
11 3 3
11 7 5
11 9 2
12 0 1
12 3 5
12 4 1
12 5 1
12 7 7
12 10 6
13 0 4
13 1 1
13 2 4
13 5 4
13 6 3
13 7 6
13 9 1
14 2 3
14 3 2
14 4 4
14 9 4
14 13 2
15 0 4
15 2 6
15 3 2
15 5 5
15 7 6
15 8 2
15 9 4
15 11 4
15 14 2
16 0 7
16 1 2
16 2 4
16 3 5
16 4 1
16 5 3
16 6 5
16 7 6
16 8 6
16 9 2
16 10 6
16 11 7
16 14 5
16 15 6
17 0 7
17 2 7
17 3 4
17 4 7
17 5 4
17 10 6
17 11 7
17 12 6
17 14 2
17 15 2
18 1 6
18 2 5
18 3 6
18 5 5
18 7 6
18 9 6
18 10 7
18 11 6
18 12 1
18 14 6
18 16 7
18 17 4
19 1 5
19 4 4
19 8 7
19 9 1
19 12 7
19 13 7
19 14 4
19 15 4
19 16 5
19 17 6
20 0 3
20 3 7
20 6 1
20 10 2
20 11 1
20 12 4
20 15 5
20 16 3
20 17 7
20 19 6
21 1 2
21 4 7
21 7 6
21 10 4
21 12 1
21 13 4
21 14 7
21 15 7
21 16 7
22 1 6
22 2 5
22 3 5
22 4 5
22 5 2
22 8 7
22 9 6
22 10 7
22 16 2
22 21 6
23 1 1
23 2 4
23 6 1
23 7 6
23 8 5
23 10 3
23 11 1
23 12 6
23 14 1
23 15 7
23 16 6
23 18 6
24 2 5
24 3 4
24 6 6
24 9 2
24 11 2
24 16 2
24 19 7
24 20 1
24 22 7
25 0 7
25 3 6
25 6 5
25 7 7
25 8 2
25 14 1
25 15 2
25 16 5
25 17 1
25 18 7
25 19 1
25 23 7
26 4 4
26 5 3
26 6 4
26 7 2
26 8 6
26 11 3
26 12 3
26 16 7
26 17 3
26 18 2
26 19 7
26 20 4
26 24 4
26 25 3
27 0 3
27 1 6
27 2 7
27 3 1
27 8 5
27 9 6
27 10 2
27 12 1
27 14 5
27 15 3
27 21 1
27 22 1
27 25 3
27 26 3
28 1 6
28 2 4
28 5 3
28 6 7
28 9 2
28 13 5
28 15 4
28 16 5
28 18 7
28 21 2
28 23 4
28 24 6
28 26 3
29 0 6
29 1 5
29 2 5
29 3 5
29 4 7
29 6 6
29 11 2
29 12 3
29 14 4
29 15 2
29 16 3
29 17 4
29 19 6
29 21 3
29 22 7
29 24 3
29 26 2
30 0 6
30 2 1
30 5 1
30 8 4
30 10 5
30 11 6
30 15 5
30 17 2
30 18 7
30 19 7
30 21 5
30 22 2
30 23 3
30 25 6
30 26 2
30 27 5
30 29 3
31 0 1
31 1 4
31 4 7
31 5 1
31 7 7
31 9 7
31 12 2
31 14 2
31 15 7
31 16 4
31 18 3
31 19 2
31 20 5
31 23 3
31 24 5
31 27 7
31 28 7
32 0 5
32 3 1
32 4 3
32 5 7
32 6 4
32 7 6
32 8 2
32 9 2
32 10 4
32 12 6
32 13 6
32 16 6
32 17 4
32 18 2
32 19 5
32 22 4
32 23 1
32 26 5
32 27 1
32 29 7
32 30 5
32 31 5
33 0 1
33 1 3
33 2 3
33 3 4
33 4 2
33 7 7
33 8 6
33 12 1
33 13 6
33 14 7
33 16 1
33 17 3
33 18 2
33 19 7
33 21 7
33 22 4
33 24 4
33 25 6
33 28 2
33 30 7
33 32 7
34 1 3
34 2 7
34 4 6
34 5 5
34 6 2
34 10 4
34 11 3
34 13 6
34 15 3
34 18 2
34 22 4
34 24 7
34 25 2
34 27 5
34 28 6
34 29 5
34 30 1
34 31 1
34 33 3
35 1 2
35 4 7
35 6 4
35 7 7
35 9 4
35 10 6
35 15 7
35 16 4
35 17 2
35 18 1
35 23 3
35 25 7
35 29 2
35 31 2
35 32 4
35 34 5
36 2 7
36 5 3
36 6 1
36 7 3
36 8 2
36 11 5
36 12 7
36 14 4
36 19 2
36 23 1
36 27 1
36 29 4
36 30 6
36 34 2
36 35 5
37 0 4
37 4 5
37 5 6
37 6 6
37 8 2
37 13 2
37 14 6
37 15 4
37 18 6
37 20 4
37 21 4
37 22 3
37 24 7
37 25 7
37 26 2
37 28 2
37 31 6
37 32 3
37 35 6
37 36 3
38 0 2
38 5 4
38 7 2
38 8 3
38 9 2
38 13 2
38 16 2
38 19 7
38 20 2
38 21 7
38 22 6
38 24 4
38 28 5
38 33 3
38 36 6
38 37 3
39 2 6
39 6 7
39 8 1
39 9 3
39 10 2
39 11 4
39 16 7
39 17 4
39 19 2
39 21 7
39 22 2
39 25 2
39 28 7
39 33 7
39 36 2
