40
1 0 1
2 0 1
2 1 1
3 1 2
4 1 1
4 2 3
5 0 2
5 1 3
5 2 3
5 3 2
6 0 1
6 1 1
6 2 3
7 1 1
7 2 1
7 5 1
7 6 1
8 0 1
8 2 2
8 4 2
9 0 3
9 1 3
9 3 3
9 6 2
9 7 2
10 0 1
10 1 1
10 3 2
10 6 1
10 7 1
11 0 3
11 3 2
11 5 1
11 9 3
11 10 2
12 3 2
12 10 3
12 11 1
13 4 2
13 6 1
13 7 2
13 8 2
13 9 2
14 0 3
14 4 1
14 5 2
14 8 3
14 9 1
14 10 2
14 13 3
15 0 3
15 2 1
15 3 3
15 4 3
15 5 3
15 6 2
15 8 1
15 10 3
15 12 1
15 13 3
15 14 1
16 0 2
16 3 1
16 7 3
16 9 1
16 11 2
16 12 3
16 13 1
17 0 3
17 1 1
17 2 2
17 6 2
17 8 3
17 11 3
17 15 3
17 16 2
18 0 2
18 2 3
18 3 3
18 4 2
18 5 2
18 8 2
18 10 2
18 12 3
18 15 2
18 16 2
19 1 1
19 3 3
19 4 2
19 5 2
19 6 2
19 7 2
19 11 2
19 12 2
19 13 3
19 15 2
19 16 2
20 2 1
20 3 2
20 4 3
20 6 2
20 9 2
20 11 2
20 13 1
20 14 3
20 15 3
20 16 3
20 17 3
20 18 3
20 19 1
21 1 3
21 4 2
21 5 1
21 8 1
21 12 1
21 16 2
21 17 2
21 18 3
21 19 3
22 0 2
22 2 3
22 4 1
22 6 1
22 7 2
22 11 1
22 13 1
22 14 1
22 18 3
22 19 2
22 21 1
23 0 3
23 1 3
23 4 1
23 5 3
23 8 3
23 9 2
23 11 3
23 12 3
23 13 1
23 15 3
23 16 2
23 17 1
23 18 3
23 20 3
24 0 3
24 1 3
24 2 3
24 4 1
24 5 2
24 7 1
24 10 2
24 13 2
24 14 3
24 15 3
24 16 2
24 19 3
24 21 1
24 22 1
24 23 2
25 0 3
25 2 3
25 4 1
25 7 1
25 8 1
25 11 2
25 13 3
25 14 3
25 15 1
25 16 3
25 17 1
25 18 3
25 20 3
25 21 1
25 22 2
25 23 3
26 1 3
26 5 3
26 6 3
26 9 1
26 12 1
26 15 3
26 19 3
26 20 3
26 21 3
26 23 2
26 24 1
26 25 3
27 3 2
27 4 2
27 6 1
27 9 2
27 11 3
27 14 1
27 16 3
27 22 2
27 25 3
27 26 2
28 1 1
28 2 1
28 4 3
28 5 1
28 6 1
28 7 1
28 9 2
28 11 1
28 12 1
28 13 2
28 15 1
28 18 3
28 20 1
28 21 3
28 22 2
28 23 2
28 25 3
29 0 3
29 1 1
29 2 2
29 3 2
29 5 3
29 6 1
29 7 1
29 8 3
29 9 1
29 11 1
29 12 3
29 13 2
29 14 3
29 16 3
29 18 1
29 21 1
29 22 1
29 23 3
29 25 2
29 27 3
30 0 3
30 1 2
30 2 3
30 3 2
30 4 2
30 5 1
30 7 2
30 8 1
30 9 3
30 12 2
30 15 3
30 20 2
30 21 1
31 0 3
31 1 3
31 3 2
31 5 3
31 6 2
31 7 1
31 8 3
31 11 1
31 12 3
31 13 3
31 14 3
31 16 1
31 17 3
31 18 3
31 19 2
31 20 2
31 23 3
31 24 2
31 25 3
31 26 3
31 29 1
31 30 2
32 0 3
32 1 3
32 8 2
32 13 3
32 14 1
32 15 3
32 17 2
32 23 1
32 25 1
32 31 3
33 0 1
33 1 3
33 2 1
33 3 2
33 4 2
33 7 1
33 9 1
33 10 1
33 11 2
33 12 2
33 13 1
33 15 3
33 17 3
33 18 1
33 25 3
33 29 1
33 31 2
33 32 3
34 0 2
34 2 1
34 5 3
34 7 1
34 8 1
34 10 3
34 13 1
34 15 1
34 16 3
34 17 1
34 18 3
34 25 2
34 29 2
34 30 3
34 31 3
34 32 2
35 4 1
35 6 2
35 9 2
35 11 2
35 12 3
35 13 2
35 16 3
35 19 2
35 20 3
35 23 1
35 24 2
35 25 1
35 26 1
35 27 2
35 30 1
35 31 3
35 33 1
36 0 3
36 1 1
36 2 1
36 3 3
36 5 1
36 6 1
36 7 2
36 8 1
36 10 3
36 12 3
36 21 2
36 25 3
36 26 1
36 27 3
36 30 3
36 31 1
36 33 1
36 35 3
37 1 1
37 2 2
37 5 2
37 7 1
37 8 2
37 9 1
37 13 3
37 15 1
37 17 1
37 18 1
37 20 2
37 23 2
37 25 3
37 26 3
37 28 2
37 32 2
37 33 1
37 34 2
37 36 2
38 0 2
38 4 3
38 5 2
38 7 3
38 10 1
38 12 2
38 13 3
38 14 3
38 15 2
38 16 2
38 20 1
38 23 2
38 25 2
38 27 1
38 31 2
38 32 3
38 34 2
38 36 2
38 37 3
39 0 1
39 1 3
39 2 3
39 4 1
39 5 3
39 6 1
39 9 2
39 14 2
39 15 1
39 17 3
39 18 1
39 19 3
39 21 2
39 22 3
39 23 2
39 24 2
39 25 3
39 31 1
39 32 3
39 33 3
39 34 1
39 36 2
