60
2 0 12
2 1 8
3 0 1
3 1 6
3 2 7
4 2 3
4 3 7
5 2 7
5 3 10
5 4 12
6 0 12
6 4 11
6 5 1
7 3 2
7 5 11
8 0 3
8 3 4
8 5 11
9 0 9
9 3 12
9 5 7
9 8 12
10 0 11
10 7 7
11 1 2
11 3 10
11 6 11
11 7 5
12 0 11
12 2 12
12 4 1
12 5 10
13 2 8
13 3 12
13 4 1
13 5 5
13 7 2
13 9 8
14 1 7
14 4 5
14 11 12
15 0 9
15 3 9
15 10 5
15 12 10
15 13 9
16 0 12
16 2 4
16 4 9
16 5 5
16 9 7
16 10 4
16 11 11
16 12 4
16 13 7
16 14 12
17 0 4
17 1 2
17 2 5
17 3 11
17 8 5
17 9 3
17 10 1
17 11 12
17 13 8
17 14 10
17 15 10
18 0 12
18 2 11
18 5 10
18 6 9
18 7 1
18 8 12
18 11 7
18 15 11
18 16 11
18 17 12
19 1 7
19 4 1
19 5 11
19 11 6
19 14 6
19 17 1
19 18 12
20 1 9
20 3 9
20 6 8
20 7 9
20 11 8
20 13 1
20 14 11
20 15 4
21 1 1
21 2 2
21 3 1
21 4 6
21 6 10
21 9 1
21 10 2
21 12 5
21 15 7
21 16 8
21 18 7
21 20 7
22 1 6
22 5 11
22 6 9
22 7 5
22 8 5
22 9 11
22 11 11
22 12 10
22 13 8
22 15 8
22 18 7
22 19 7
23 1 5
23 3 1
23 4 3
23 5 2
23 6 3
23 7 3
23 10 8
23 12 3
23 18 4
24 2 5
24 3 8
24 5 5
24 9 4
24 11 9
24 14 5
24 15 12
24 16 6
24 19 3
24 21 11
24 22 4
24 23 10
25 0 9
25 1 6
25 3 2
25 4 5
25 7 8
25 9 1
25 10 3
25 11 10
25 16 11
25 17 9
25 18 6
25 20 9
25 22 12
25 23 8
25 24 2
26 0 7
26 1 9
26 2 7
26 3 1
26 7 6
26 11 11
26 12 6
26 14 2
26 18 9
26 19 4
26 21 9
26 24 2
27 0 10
27 2 4
27 3 9
27 4 8
27 6 3
27 7 2
27 8 8
27 9 1
27 10 11
27 11 11
27 12 5
27 15 2
27 18 8
27 19 5
27 23 11
27 24 9
27 25 5
27 26 2
28 0 12
28 4 2
28 10 7
28 11 7
28 12 3
28 13 3
28 23 7
28 25 3
28 27 5
29 2 10
29 3 5
29 5 9
29 6 2
29 8 4
29 13 12
29 15 1
29 16 5
29 18 9
29 19 9
29 20 10
29 21 4
29 25 4
29 27 11
29 28 3
30 0 6
30 1 8
30 2 6
30 7 10
30 13 4
30 16 7
30 17 10
30 18 1
30 19 3
30 21 3
30 22 9
30 23 9
30 24 4
30 25 7
30 29 3
31 0 3
31 1 7
31 6 2
31 8 10
31 10 8
31 12 11
31 15 6
31 16 12
31 18 1
31 21 7
31 23 5
31 24 5
31 26 6
31 27 10
31 28 7
31 30 6
32 0 9
32 2 5
32 3 4
32 4 7
32 14 4
32 15 7
32 17 8
32 18 11
32 19 3
32 22 7
32 23 11
32 24 4
32 25 1
32 26 4
32 27 6
32 28 10
32 29 1
32 30 6
33 0 1
33 3 3
33 6 12
33 8 8
33 9 11
33 10 6
33 17 2
33 18 10
33 19 7
33 22 4
33 23 3
33 24 6
33 27 10
33 28 6
33 29 7
34 0 10
34 4 4
34 6 7
34 7 1
34 9 1
34 10 10
34 12 10
34 13 10
34 15 9
34 19 2
34 20 8
34 26 7
34 31 3
34 32 11
34 33 5
35 2 4
35 3 11
35 8 8
35 9 12
35 11 2
35 12 4
35 14 11
35 15 9
35 17 11
35 18 4
35 20 12
35 21 7
35 23 2
35 24 11
35 25 4
35 27 8
35 28 7
35 29 11
35 32 1
35 34 7
36 0 5
36 1 10
36 5 7
36 7 9
36 10 10
36 14 9
36 15 12
36 17 3
36 19 7
36 20 10
36 21 8
36 22 1
36 23 10
36 24 7
36 26 2
36 27 4
36 28 8
36 29 10
36 30 12
36 31 5
36 33 1
36 34 12
37 2 12
37 4 4
37 5 9
37 8 11
37 9 9
37 14 1
37 17 7
37 23 3
37 24 5
37 31 11
37 33 11
37 34 10
37 35 11
38 0 1
38 1 12
38 2 2
38 5 2
38 6 12
38 7 8
38 8 10
38 10 3
38 11 5
38 12 2
38 14 4
38 15 7
38 17 11
38 19 5
38 20 8
38 24 1
38 27 5
38 28 4
38 32 1
38 33 9
38 35 12
39 2 1
39 5 2
39 7 4
39 9 11
39 13 9
39 14 7
39 15 10
39 17 9
39 26 11
39 30 11
39 33 11
39 35 2
40 0 10
40 3 1
40 4 6
40 6 10
40 7 9
40 8 9
40 11 10
40 12 2
40 15 11
40 17 2
40 18 12
40 19 7
40 20 6
40 21 4
40 22 3
40 24 9
40 25 6
40 26 12
40 27 2
40 29 4
40 30 2
40 31 6
40 32 1
40 34 10
40 35 9
40 37 4
40 39 8
41 4 9
41 5 11
41 8 2
41 12 11
41 13 7
41 14 6
41 18 1
41 19 11
41 20 1
41 21 2
41 25 3
41 26 5
41 27 9
41 31 9
41 33 9
41 34 10
41 35 11
41 36 6
41 37 11
41 38 5
41 40 3
42 0 3
42 1 4
42 3 7
42 4 2
42 8 1
42 9 5
42 10 2
42 11 1
42 12 10
42 18 6
42 19 4
42 21 10
42 23 2
42 24 3
42 25 11
42 26 8
42 28 6
42 30 1
42 33 2
42 34 6
42 38 10
42 39 6
42 41 1
43 2 9
43 3 9
43 4 9
43 8 1
43 9 7
43 12 3
43 13 3
43 16 4
43 17 5
43 18 5
43 19 1
43 22 3
43 25 2
43 26 6
43 27 2
43 28 8
43 31 8
43 32 8
43 35 5
43 38 7
44 0 1
44 2 6
44 3 5
44 4 12
44 5 8
44 9 3
44 12 11
44 18 12
44 21 9
44 22 12
44 24 2
44 25 7
44 27 8
44 28 3
44 29 6
44 34 3
44 35 11
44 36 12
44 37 5
44 38 4
44 40 7
44 41 12
44 42 4
44 43 12
45 2 8
45 5 11
45 6 10
45 9 5
45 10 3
45 12 4
45 13 1
45 14 12
45 15 9
45 16 7
45 17 4
45 18 11
45 19 1
45 22 4
45 24 6
45 25 2
45 26 12
45 27 3
45 28 2
45 29 3
45 30 11
45 31 6
45 33 8
45 35 1
45 37 3
45 39 12
45 42 9
46 0 2
46 4 9
46 7 6
46 10 11
46 13 4
46 14 10
46 17 9
46 18 8
46 19 10
46 21 4
46 22 3
46 24 6
46 25 9
46 26 6
46 28 7
46 29 5
46 30 3
46 35 2
46 39 12
46 40 8
46 42 11
47 0 11
47 1 9
47 4 7
47 7 10
47 9 11
47 11 11
47 12 4
47 13 6
47 19 9
47 23 6
47 26 8
47 29 5
47 30 11
47 31 1
47 33 10
47 35 7
47 38 2
47 41 3
47 43 10
47 44 1
48 0 8
48 1 12
48 2 7
48 3 2
48 4 4
48 6 5
48 9 12
48 11 2
48 13 3
48 15 7
48 18 10
48 19 12
48 22 12
48 23 3
48 24 10
48 25 6
48 28 12
48 32 8
48 35 7
48 36 2
48 37 2
48 38 2
48 43 6
48 44 10
48 47 12
49 1 3
49 3 3
49 4 6
49 10 7
49 11 8
49 14 8
49 15 9
49 16 11
49 18 5
49 20 5
49 21 11
49 25 6
49 26 10
49 27 8
49 28 3
49 29 4
49 32 10
49 33 6
49 37 7
49 40 10
49 42 2
49 47 5
49 48 12
50 1 12
50 2 12
50 5 10
50 6 4
50 8 3
50 10 11
50 12 11
50 16 5
50 18 10
50 21 12
50 22 2
50 23 10
50 24 8
50 25 12
50 26 6
50 28 8
50 29 7
50 33 1
50 35 1
50 37 12
50 39 9
50 42 12
50 44 2
50 45 1
50 47 5
51 2 3
51 5 11
51 6 6
51 11 8
51 14 10
51 15 5
51 16 2
51 17 11
51 20 3
51 22 1
51 30 7
51 31 10
51 33 6
51 35 11
51 38 3
51 39 2
51 40 1
51 41 5
51 42 2
51 43 11
51 45 3
51 50 6
52 3 9
52 5 3
52 6 10
52 7 7
52 8 4
52 9 4
52 13 12
52 14 5
52 17 7
52 19 5
52 20 9
52 23 9
52 27 5
52 29 11
52 30 1
52 33 8
52 36 7
52 39 10
52 40 7
52 42 6
52 44 2
52 45 11
52 47 5
52 49 2
53 0 2
53 1 8
53 3 3
53 4 12
53 8 4
53 12 3
53 14 3
53 16 3
53 17 10
53 18 8
53 19 12
53 21 1
53 22 5
53 25 6
53 29 10
53 30 8
53 35 7
53 37 7
53 39 4
53 40 8
53 42 8
53 43 6
53 44 10
53 46 9
53 47 2
54 0 7
54 1 6
54 3 1
54 6 2
54 9 12
54 13 3
54 15 11
54 16 11
54 17 11
54 19 6
54 21 9
54 23 7
54 24 2
54 27 8
54 29 7
54 33 6
54 34 6
54 35 12
54 38 2
54 39 7
54 40 6
54 41 12
54 42 12
54 49 9
54 50 1
54 52 10
55 0 3
55 3 11
55 7 6
55 8 4
55 9 9
55 14 1
55 15 5
55 16 4
55 17 12
55 20 3
55 21 10
55 22 11
55 23 8
55 24 3
55 25 2
55 28 10
55 29 10
55 30 10
55 31 11
55 32 3
55 37 5
55 39 5
55 40 3
55 41 4
55 42 9
55 43 11
55 44 4
55 46 12
55 47 8
55 48 6
55 49 5
55 51 4
55 54 3
56 0 3
56 2 1
56 3 2
56 4 12
56 7 6
56 8 7
56 12 6
56 14 11
56 15 4
56 16 9
56 18 2
56 19 10
56 22 1
56 23 12
56 24 3
56 26 1
56 28 1
56 31 2
56 34 7
56 37 8
56 38 3
56 40 1
56 42 5
56 43 5
56 44 7
56 45 4
56 46 1
56 47 5
56 49 7
56 50 4
57 0 10
57 1 7
57 4 11
57 12 3
57 15 6
57 18 11
57 19 10
57 23 2
57 25 1
57 27 10
57 28 7
57 29 3
57 30 10
57 34 8
57 35 2
57 36 7
57 37 1
57 40 3
57 44 7
57 45 7
57 46 3
57 47 7
57 49 3
57 50 11
57 52 5
58 0 5
58 1 1
58 4 7
58 7 11
58 9 1
58 11 1
58 12 2
58 13 6
58 15 11
58 16 1
58 17 9
58 19 2
58 20 9
58 21 11
58 25 12
58 28 12
58 29 5
58 31 8
58 32 6
58 33 5
58 37 6
58 39 2
58 41 6
58 42 9
58 45 6
58 46 10
58 49 5
58 55 5
58 57 5
59 1 11
59 2 9
59 6 12
59 10 1
59 11 6
59 14 2
59 15 2
59 17 11
59 19 2
59 20 6
59 21 5
59 22 6
59 23 1
59 24 8
59 26 10
59 28 3
59 29 7
59 34 4
59 37 5
59 40 1
59 41 12
59 42 4
59 47 2
59 48 7
59 49 4
59 50 1
59 51 8
59 53 11
59 55 6
59 56 4
59 57 12
59 58 8
