70
1 0 2
3 1 2
5 2 1
5 3 3
5 4 1
6 0 1
6 4 1
7 0 1
7 3 1
7 4 3
7 6 3
8 1 1
8 2 2
8 4 2
8 5 2
8 6 3
9 0 2
9 3 3
9 4 3
9 7 3
10 0 3
10 1 1
10 3 1
10 5 1
10 7 3
10 9 3
11 1 2
11 4 1
11 5 2
11 6 1
11 10 2
12 3 2
12 5 3
12 6 3
12 7 3
12 8 2
12 10 2
13 3 1
13 4 1
13 5 2
13 6 2
13 7 1
13 9 2
14 3 1
14 7 1
14 11 2
14 13 1
15 0 2
15 1 3
15 4 2
15 6 3
15 7 3
15 11 3
15 12 1
15 13 1
16 3 2
16 7 1
16 8 1
16 13 3
16 14 1
17 1 2
17 2 3
17 3 3
17 5 1
17 7 2
17 9 3
17 10 2
17 11 3
17 15 2
17 16 1
18 0 3
18 4 2
18 5 3
18 8 2
18 12 3
18 13 2
18 14 3
18 16 2
18 17 2
19 0 2
19 3 1
19 4 2
19 9 1
19 10 2
19 11 3
19 12 3
19 13 3
19 15 1
19 16 1
19 18 3
20 1 2
20 2 1
20 5 2
20 9 2
20 10 3
20 12 2
20 13 2
20 17 1
21 0 2
21 1 2
21 3 2
21 5 2
21 6 3
21 10 2
21 12 3
21 13 1
21 16 3
22 0 1
22 1 2
22 3 2
22 4 3
22 5 1
22 8 2
22 9 2
22 10 2
22 12 1
22 15 2
22 18 2
22 19 3
22 20 3
23 1 2
23 2 1
23 5 3
23 6 2
23 7 3
23 8 3
23 9 3
23 16 1
23 17 3
23 19 3
23 20 3
23 21 2
23 22 3
24 0 3
24 1 2
24 3 1
24 7 3
24 11 2
24 15 3
24 16 2
24 17 1
24 19 3
24 20 3
24 21 1
25 1 2
25 3 3
25 7 3
25 8 1
25 9 3
25 13 1
25 15 2
25 16 3
25 23 3
26 0 3
26 2 3
26 4 1
26 6 2
26 7 1
26 10 1
26 11 2
26 19 2
26 22 1
26 23 1
26 25 1
27 2 1
27 4 3
27 7 2
27 12 3
27 13 3
27 15 2
27 19 3
27 20 3
27 21 3
27 23 2
28 1 1
28 2 3
28 3 2
28 6 2
28 7 2
28 9 3
28 11 3
28 14 2
28 16 1
28 17 2
28 19 2
28 21 2
28 22 2
28 24 1
28 25 2
29 5 3
29 8 2
29 9 2
29 11 2
29 14 2
29 15 3
29 19 2
29 20 2
29 21 3
29 24 3
29 25 1
29 27 2
29 28 2
30 0 1
30 2 3
30 3 1
30 4 3
30 5 1
30 8 2
30 9 1
30 10 1
30 11 2
30 12 1
30 14 3
30 15 2
30 17 3
30 18 3
30 20 3
30 21 2
30 22 2
30 24 1
30 26 3
30 27 1
30 29 1
31 0 2
31 1 2
31 3 2
31 5 1
31 6 1
31 7 1
31 10 2
31 19 1
31 20 3
31 23 3
31 24 3
31 25 1
31 26 1
31 29 1
32 1 2
32 2 3
32 3 2
32 4 3
32 5 3
32 6 3
32 8 2
32 9 1
32 11 1
32 13 2
32 14 2
32 15 1
32 16 2
32 18 3
32 20 1
32 23 3
32 24 3
32 25 3
32 26 2
32 27 3
32 29 3
32 31 3
33 0 3
33 4 3
33 5 3
33 6 2
33 14 2
33 15 2
33 17 2
33 21 3
33 22 2
33 23 2
33 24 3
33 25 3
33 27 2
33 28 1
33 32 2
34 0 2
34 2 1
34 3 2
34 6 3
34 12 2
34 13 3
34 14 3
34 15 3
34 18 3
34 21 3
34 22 3
34 24 1
34 26 1
34 27 2
34 28 1
34 29 3
34 30 1
34 33 2
35 3 1
35 5 1
35 6 2
35 7 2
35 8 1
35 9 3
35 12 3
35 13 1
35 15 2
35 18 3
35 19 3
35 20 3
35 21 1
35 22 3
35 24 1
35 25 2
35 27 1
35 32 1
35 33 3
36 0 2
36 3 1
36 4 3
36 5 2
36 9 1
36 10 2
36 12 2
36 13 1
36 14 1
36 21 1
36 23 1
36 27 1
36 28 2
36 29 2
36 30 1
36 31 1
36 33 3
37 1 3
37 2 1
37 6 3
37 7 2
37 10 2
37 11 3
37 16 2
37 20 3
37 21 1
37 22 1
37 24 3
37 26 3
37 27 3
37 28 2
37 29 1
37 30 3
37 31 1
37 33 1
37 34 1
37 36 3
38 0 1
38 5 3
38 13 3
38 15 1
38 16 1
38 23 2
38 25 3
38 26 2
38 29 3
38 32 3
38 34 3
38 35 3
38 36 2
38 37 3
39 0 1
39 1 2
39 2 3
39 5 2
39 8 2
39 15 3
39 17 1
39 18 1
39 19 3
39 26 1
39 27 1
39 28 2
39 30 3
39 31 2
39 33 3
39 37 1
39 38 3
40 0 2
40 3 1
40 4 2
40 5 2
40 6 1
40 7 3
40 8 2
40 9 3
40 11 1
40 12 2
40 13 1
40 15 3
40 17 2
40 19 1
40 20 2
40 21 3
40 22 3
40 23 3
40 28 2
40 29 1
40 31 3
40 32 1
40 33 1
40 35 2
40 37 3
40 38 1
41 6 1
41 7 1
41 8 1
41 9 1
41 23 2
41 24 2
41 25 1
41 28 3
41 30 1
41 31 2
41 36 3
41 38 2
41 39 3
41 40 1
42 0 3
42 2 1
42 4 1
42 6 2
42 9 2
42 10 3
42 12 2
42 13 1
42 14 1
42 15 2
42 16 2
42 18 3
42 21 3
42 23 1
42 25 3
42 27 1
42 29 2
42 32 3
42 33 1
42 34 3
42 35 1
42 36 1
42 38 1
43 0 1
43 1 2
43 2 3
43 3 1
43 7 3
43 10 2
43 12 2
43 14 3
43 15 3
43 16 2
43 20 3
43 21 2
43 24 1
43 25 3
43 26 2
43 27 2
43 29 2
43 32 2
43 36 2
43 38 1
44 1 2
44 6 1
44 8 3
44 9 1
44 10 1
44 12 3
44 13 3
44 15 2
44 16 2
44 17 2
44 18 2
44 26 2
44 30 3
44 31 2
44 32 1
44 33 2
44 34 2
44 36 1
44 37 3
44 38 2
44 43 3
45 5 2
45 8 3
45 12 3
45 16 3
45 17 2
45 18 3
45 21 2
45 22 2
45 24 3
45 25 3
45 27 3
45 29 1
45 30 3
45 31 2
45 33 3
45 34 1
45 37 2
45 38 3
45 43 1
46 0 1
46 1 1
46 5 3
46 7 3
46 8 3
46 10 1
46 13 1
46 15 2
46 18 2
46 19 2
46 20 3
46 24 3
46 25 3
46 26 1
46 27 1
46 28 3
46 29 3
46 31 3
46 32 3
46 35 2
46 38 1
46 40 2
46 41 1
47 0 2
47 1 1
47 5 2
47 8 1
47 11 1
47 13 3
47 14 1
47 15 2
47 16 2
47 17 3
47 18 2
47 23 2
47 24 1
47 25 3
47 28 1
47 29 3
47 31 2
47 32 1
47 35 1
47 36 1
47 38 3
47 39 1
47 40 1
47 41 2
47 43 2
47 45 3
48 1 3
48 2 2
48 5 3
48 7 2
48 10 2
48 15 2
48 17 1
48 18 2
48 21 3
48 22 2
48 24 2
48 26 1
48 29 2
48 30 3
48 31 2
48 32 3
48 33 2
48 38 2
48 39 3
48 40 3
48 41 2
48 42 2
48 43 3
48 46 1
49 2 2
49 3 2
49 5 2
49 6 1
49 7 3
49 11 2
49 13 2
49 14 2
49 15 3
49 16 1
49 17 1
49 19 1
49 20 3
49 22 1
49 25 1
49 26 1
49 27 3
49 29 3
49 31 3
49 33 1
49 35 3
49 36 2
49 37 3
49 39 2
49 48 3
50 1 2
50 5 2
50 7 1
50 10 3
50 11 2
50 14 2
50 18 1
50 21 1
50 22 2
50 24 2
50 25 3
50 27 2
50 30 3
50 32 3
50 33 1
50 35 2
50 38 3
50 40 3
50 41 1
50 45 1
50 46 1
50 47 3
50 48 1
50 49 2
51 3 3
51 5 3
51 6 2
51 16 1
51 18 1
51 19 3
51 21 3
51 26 1
51 27 1
51 33 3
51 34 1
51 39 3
51 42 1
51 46 3
51 47 3
51 49 3
51 50 1
52 0 3
52 1 2
52 2 2
52 4 1
52 5 2
52 9 2
52 12 3
52 14 2
52 15 3
52 16 3
52 17 3
52 19 3
52 20 1
52 23 3
52 26 3
52 29 2
52 31 1
52 32 1
52 33 3
52 35 2
52 38 1
52 40 1
52 41 1
52 42 1
52 45 2
52 46 1
52 47 2
52 49 1
52 50 3
53 0 1
53 3 2
53 4 1
53 5 3
53 7 3
53 8 3
53 9 1
53 10 2
53 12 3
53 14 1
53 16 3
53 19 1
53 21 2
53 26 3
53 34 3
53 35 1
53 36 3
53 40 3
53 41 1
53 42 2
53 43 1
53 44 3
53 45 2
53 49 3
53 50 2
53 51 3
53 52 1
54 5 1
54 7 2
54 8 1
54 10 3
54 11 2
54 14 3
54 15 2
54 16 3
54 20 2
54 21 3
54 25 3
54 26 3
54 28 2
54 29 3
54 30 2
54 32 3
54 33 1
54 34 1
54 35 3
54 37 2
54 38 3
54 39 2
54 40 2
54 42 1
54 43 1
54 44 1
54 46 3
54 47 2
54 48 2
54 49 2
55 1 2
55 3 1
55 5 2
55 7 3
55 8 2
55 12 3
55 13 1
55 14 3
55 16 2
55 17 2
55 19 1
55 20 3
55 22 3
55 26 2
55 28 2
55 30 1
55 32 3
55 34 3
55 35 1
55 37 2
55 38 1
55 39 3
55 40 1
55 41 1
55 44 2
55 45 3
55 47 2
55 49 3
55 50 2
55 51 1
55 52 1
55 53 1
56 1 2
56 2 2
56 3 1
56 5 1
56 9 1
56 11 2
56 12 1
56 13 1
56 14 1
56 15 1
56 19 3
56 20 2
56 21 3
56 22 2
56 24 1
56 26 2
56 28 2
56 30 3
56 31 3
56 32 3
56 33 3
56 41 1
56 42 1
56 44 3
56 45 1
56 46 3
56 47 1
56 48 3
56 50 2
56 51 3
56 55 3
57 0 3
57 1 3
57 6 1
57 7 2
57 8 1
57 9 3
57 10 3
57 12 1
57 14 3
57 15 1
57 16 3
57 18 3
57 19 3
57 21 2
57 22 1
57 24 3
57 25 3
57 26 1
57 31 3
57 32 1
57 33 3
57 34 2
57 35 3
57 37 2
57 38 1
57 40 1
57 42 3
57 43 3
57 44 1
57 46 2
57 47 2
57 50 3
57 51 3
57 52 2
57 55 2
57 56 1
58 0 2
58 3 2
58 4 2
58 6 3
58 7 3
58 9 2
58 11 2
58 12 2
58 15 3
58 16 2
58 18 2
58 19 2
58 21 1
58 23 2
58 25 2
58 26 1
58 28 3
58 29 1
58 30 2
58 35 3
58 36 1
58 37 3
58 38 3
58 41 3
58 43 2
58 44 2
58 50 2
58 51 2
58 52 1
58 53 1
58 54 2
58 56 1
59 1 1
59 3 3
59 4 3
59 5 2
59 8 2
59 9 2
59 10 3
59 14 2
59 16 1
59 23 3
59 24 3
59 26 1
59 27 2
59 29 2
59 31 2
59 34 2
59 37 3
59 39 1
59 40 2
59 42 2
59 48 1
59 50 3
59 52 3
59 53 2
59 55 1
60 0 1
60 5 3
60 6 3
60 11 3
60 12 3
60 16 1
60 17 3
60 19 2
60 20 1
60 21 1
60 22 3
60 23 1
60 24 1
60 25 2
60 28 3
60 30 2
60 32 3
60 34 2
60 35 3
60 38 2
60 43 3
60 44 1
60 47 3
60 51 3
60 52 2
60 58 1
61 0 2
61 1 3
61 2 2
61 3 3
61 4 1
61 5 1
61 9 3
61 12 1
61 13 3
61 14 2
61 19 2
61 21 2
61 23 1
61 25 2
61 29 2
61 30 2
61 32 1
61 33 1
61 35 1
61 37 2
61 38 2
61 39 3
61 40 2
61 41 3
61 43 1
61 47 1
61 48 3
61 52 1
61 53 3
61 54 1
61 56 3
61 57 2
61 58 2
62 1 2
62 3 1
62 6 2
62 13 1
62 17 3
62 21 3
62 23 3
62 28 2
62 30 3
62 31 3
62 32 1
62 33 2
62 34 2
62 35 2
62 37 1
62 38 1
62 40 1
62 41 3
62 43 1
62 44 1
62 48 2
62 55 2
62 56 2
62 57 2
62 58 3
62 60 3
63 0 1
63 3 1
63 4 3
63 6 2
63 7 2
63 8 1
63 15 2
63 16 1
63 17 3
63 18 2
63 20 3
63 21 3
63 22 3
63 23 1
63 24 3
63 26 2
63 27 3
63 28 1
63 30 1
63 32 2
63 35 3
63 36 2
63 37 2
63 39 1
63 40 2
63 41 3
63 47 3
63 48 1
63 51 2
63 53 1
63 54 1
63 55 3
63 56 1
63 58 1
63 60 2
63 62 1
64 0 3
64 2 2
64 3 3
64 4 1
64 5 3
64 8 2
64 11 2
64 12 1
64 14 2
64 16 3
64 18 3
64 24 3
64 29 2
64 34 2
64 36 2
64 40 3
64 41 2
64 42 3
64 43 2
64 44 2
64 45 1
64 48 2
64 49 2
64 50 3
64 51 3
64 53 3
64 55 1
64 58 2
64 60 2
64 63 2
65 0 2
65 1 1
65 3 1
65 11 2
65 13 2
65 14 3
65 16 1
65 18 3
65 19 2
65 20 2
65 22 3
65 27 2
65 29 1
65 30 3
65 31 2
65 32 1
65 33 1
65 34 1
65 35 2
65 36 2
65 37 1
65 40 1
65 41 1
65 43 1
65 44 3
65 45 3
65 47 3
65 48 1
65 50 1
65 53 1
65 54 2
65 61 2
65 63 2
65 64 3
66 6 2
66 11 2
66 12 3
66 13 2
66 14 3
66 23 1
66 25 1
66 29 1
66 30 1
66 31 2
66 34 1
66 35 1
66 37 1
66 38 3
66 39 3
66 42 2
66 45 1
66 46 1
66 49 2
66 52 3
66 53 3
66 57 2
66 58 1
66 60 2
66 62 3
66 65 2
67 2 1
67 3 3
67 4 1
67 5 2
67 7 1
67 8 3
67 9 1
67 10 2
67 12 1
67 13 2
67 14 1
67 17 2
67 20 3
67 21 2
67 22 3
67 27 2
67 28 2
67 29 3
67 31 2
67 34 3
67 39 2
67 40 2
67 42 3
67 51 2
67 54 2
67 56 3
67 57 3
67 58 3
67 61 2
67 62 1
67 65 2
68 2 2
68 3 2
68 4 1
68 6 2
68 7 3
68 10 3
68 11 2
68 13 2
68 14 1
68 16 3
68 17 3
68 20 3
68 23 1
68 25 3
68 26 1
68 30 3
68 34 1
68 35 3
68 37 3
68 39 3
68 40 2
68 41 2
68 42 1
68 43 3
68 45 3
68 46 1
68 47 3
68 48 3
68 49 1
68 50 3
68 52 2
68 56 1
68 57 3
68 58 1
68 60 2
68 61 3
68 63 1
68 64 3
68 65 1
68 66 1
69 4 1
69 7 1
69 9 1
69 10 1
69 11 3
69 12 2
69 13 2
69 14 1
69 16 1
69 18 1
69 19 1
69 20 2
69 21 1
69 24 3
69 25 1
69 26 3
69 28 2
69 32 2
69 34 1
69 40 2
69 43 2
69 44 2
69 45 2
69 46 3
69 47 1
69 49 2
69 50 1
69 51 1
69 54 1
69 55 3
69 57 3
69 60 3
69 61 2
69 62 3
69 68 2
