20
2 0 1
3 2 1
4 0 1
4 1 1
5 0 1
5 1 1
5 2 1
5 3 1
6 2 1
6 3 1
6 4 1
7 0 1
7 3 1
7 5 1
7 6 1
8 1 1
8 4 1
8 6 1
8 7 1
9 0 1
9 3 1
9 4 1
9 5 1
9 6 1
9 7 1
9 8 1
10 0 1
10 2 1
10 3 1
10 7 1
11 0 1
11 5 1
11 7 1
12 0 1
12 3 1
12 4 1
12 6 1
12 7 1
13 2 1
13 3 1
13 6 1
13 11 1
13 12 1
14 0 1
14 1 1
14 4 1
14 7 1
14 9 1
14 10 1
14 11 1
14 12 1
14 13 1
15 0 1
15 2 1
15 4 1
15 6 1
15 8 1
15 9 1
15 10 1
15 11 1
15 12 1
15 13 1
16 0 1
16 1 1
16 3 1
16 4 1
16 5 1
16 7 1
16 8 1
16 12 1
16 14 1
16 15 1
17 0 1
17 1 1
17 4 1
17 5 1
17 8 1
17 9 1
17 11 1
17 15 1
18 0 1
18 6 1
18 8 1
18 9 1
18 12 1
18 13 1
18 14 1
18 17 1
19 0 1
19 1 1
19 2 1
19 3 1
19 5 1
19 6 1
19 12 1
19 13 1
19 14 1
19 15 1
19 16 1
19 17 1
