70
3 0 1
3 1 1
3 2 3
4 0 3
4 2 5
4 3 4
5 1 3
6 0 2
6 4 6
7 0 2
7 3 3
7 5 3
7 6 6
8 0 6
8 1 4
8 5 2
8 7 3
9 2 6
9 4 1
9 8 3
10 2 5
10 7 5
10 8 3
10 9 5
11 0 2
11 3 2
11 4 4
11 5 3
11 9 5
12 0 4
12 1 4
12 3 4
12 4 5
12 5 5
12 8 3
12 9 2
13 4 5
13 7 5
13 8 5
13 10 1
14 4 3
14 5 2
14 6 1
14 8 4
14 9 1
14 11 4
14 12 3
14 13 6
15 7 5
15 8 5
15 12 1
16 0 2
16 1 6
16 4 2
16 5 4
16 6 2
16 8 5
16 13 5
16 14 5
16 15 4
17 0 4
17 1 2
17 3 5
17 5 5
17 6 1
17 7 2
17 9 3
17 11 6
17 13 4
18 1 3
18 2 5
18 3 1
18 4 1
18 7 5
18 12 2
18 13 4
18 14 1
18 16 3
19 1 3
19 2 2
19 3 4
19 4 5
19 5 4
19 6 3
19 7 3
19 8 6
19 9 6
19 10 3
19 11 5
19 12 3
19 13 5
19 14 1
19 17 5
20 0 3
20 5 6
20 8 3
20 10 3
20 17 6
20 19 3
21 1 5
21 3 4
21 4 5
21 7 4
21 9 3
21 10 2
21 11 6
21 12 6
21 15 3
21 16 5
21 19 2
22 0 4
22 1 6
22 3 5
22 5 2
22 6 6
22 8 5
22 9 1
22 11 5
22 13 4
22 14 3
22 15 3
22 16 1
22 19 5
22 20 1
23 2 5
23 3 2
23 5 4
23 6 3
23 11 5
23 13 4
23 14 1
23 18 4
23 19 5
23 21 4
23 22 4
24 1 1
24 3 2
24 4 4
24 5 2
24 6 6
24 7 3
24 10 3
24 11 6
24 13 2
24 21 2
25 0 1
25 1 6
25 3 4
25 4 6
25 11 1
25 13 3
25 15 3
25 16 5
25 20 4
26 1 2
26 2 2
26 3 2
26 5 5
26 7 4
26 8 1
26 10 6
26 12 5
26 15 6
26 18 1
26 19 5
26 20 4
26 21 2
26 22 3
26 23 1
26 25 5
27 0 6
27 5 4
27 6 3
27 8 4
27 12 5
27 13 3
27 14 1
27 15 6
27 17 2
27 18 6
27 19 4
27 20 2
27 22 3
27 24 5
27 25 2
28 1 2
28 2 3
28 3 3
28 4 6
28 6 1
28 12 5
28 16 6
28 23 2
28 26 2
29 0 4
29 1 1
29 3 2
29 5 1
29 8 1
29 9 5
29 11 2
29 12 1
29 13 1
29 15 1
29 16 1
29 22 5
29 27 4
30 0 1
30 2 6
30 3 1
30 4 1
30 6 6
30 7 3
30 8 2
30 10 3
30 13 6
30 16 2
30 17 5
30 18 6
30 20 4
30 21 4
30 22 4
30 24 5
30 26 5
30 27 4
31 0 3
31 2 5
31 3 6
31 6 3
31 8 6
31 9 5
31 10 6
31 11 4
31 13 5
31 15 4
31 16 6
31 20 6
31 21 6
31 23 5
31 25 6
31 27 3
31 28 2
31 29 6
32 0 4
32 3 4
32 6 3
32 7 6
32 11 2
32 14 4
32 19 6
32 30 1
33 2 6
33 3 4
33 8 5
33 10 1
33 11 4
33 14 3
33 15 2
33 17 6
33 25 2
33 28 6
33 31 4
33 32 5
34 2 5
34 4 1
34 8 4
34 10 3
34 11 2
34 12 3
34 14 1
34 15 3
34 18 3
34 19 6
34 20 4
34 23 1
34 24 6
34 27 4
34 29 2
34 30 2
34 31 6
34 32 2
35 0 4
35 3 3
35 4 1
35 6 5
35 7 5
35 8 3
35 9 4
35 18 1
35 19 2
35 20 1
35 22 4
35 26 3
35 27 5
35 29 5
35 30 4
35 31 6
35 33 1
35 34 3
36 1 6
36 6 5
36 7 6
36 13 5
36 14 3
36 17 1
36 18 2
36 19 4
36 20 3
36 21 3
36 22 6
36 27 1
36 29 1
36 30 5
36 34 2
37 1 1
37 2 5
37 4 3
37 5 5
37 6 1
37 7 4
37 10 5
37 11 2
37 13 2
37 16 3
37 20 3
37 21 2
37 23 4
37 24 2
37 26 2
37 27 4
37 32 3
37 33 5
37 35 1
37 36 6
38 2 4
38 3 2
38 9 4
38 11 5
38 13 5
38 15 2
38 16 3
38 18 5
38 21 1
38 22 3
38 23 6
38 24 6
38 25 1
38 27 2
38 32 4
38 35 5
38 37 3
39 2 6
39 3 6
39 7 4
39 8 3
39 9 5
39 10 2
39 13 3
39 14 1
39 15 6
39 17 1
39 18 6
39 19 4
39 21 4
39 22 3
39 23 5
39 24 3
39 26 2
39 27 5
39 28 5
39 30 6
39 31 1
39 33 4
39 34 4
39 35 4
39 37 2
39 38 1
40 0 1
40 1 3
40 4 6
40 6 6
40 7 2
40 8 4
40 9 4
40 10 1
40 13 6
40 14 3
40 19 5
40 20 1
40 22 4
40 23 5
40 26 6
40 27 3
40 28 4
40 30 6
40 32 6
40 34 6
40 36 4
40 38 4
40 39 1
41 0 3
41 2 5
41 3 4
41 4 4
41 6 2
41 7 6
41 10 5
41 11 1
41 13 5
41 16 1
41 18 3
41 19 1
41 23 1
41 24 1
41 25 5
41 26 2
41 28 2
41 29 1
41 34 5
41 35 1
41 36 1
41 37 4
41 39 5
42 0 3
42 6 3
42 7 5
42 10 6
42 12 6
42 14 2
42 18 3
42 19 4
42 20 4
42 22 2
42 25 4
42 27 3
42 28 1
42 30 3
42 31 4
42 32 3
42 34 4
42 36 1
42 38 1
42 39 6
42 40 2
42 41 1
43 2 5
43 3 6
43 5 6
43 8 6
43 10 1
43 11 5
43 12 3
43 13 5
43 20 1
43 21 2
43 27 6
43 31 2
43 34 2
43 36 6
43 42 5
44 3 5
44 4 4
44 5 2
44 6 1
44 11 2
44 13 5
44 14 5
44 16 5
44 18 4
44 22 2
44 25 4
44 30 4
44 33 5
44 34 3
44 37 1
44 42 3
44 43 6
45 1 6
45 3 3
45 5 1
45 8 2
45 9 1
45 13 6
45 15 1
45 16 2
45 17 6
45 18 2
45 23 1
45 26 4
45 30 1
45 38 5
45 43 4
46 0 6
46 4 1
46 5 5
46 6 1
46 8 2
46 15 1
46 16 5
46 17 4
46 18 2
46 24 4
46 27 5
46 29 2
46 34 1
46 35 4
46 36 6
46 39 2
46 40 3
46 41 2
46 44 6
47 1 2
47 2 3
47 3 5
47 4 2
47 5 1
47 9 2
47 11 2
47 14 5
47 15 1
47 19 6
47 23 4
47 25 5
47 28 5
47 29 5
47 30 5
47 32 1
47 35 1
47 36 2
47 38 6
47 43 6
47 45 3
47 46 4
48 1 3
48 2 6
48 3 1
48 11 6
48 13 4
48 14 3
48 16 6
48 18 1
48 21 6
48 22 2
48 23 3
48 26 5
48 31 1
48 32 1
48 34 1
48 39 4
48 41 5
48 43 6
48 46 5
48 47 3
49 1 6
49 2 4
49 3 2
49 6 2
49 7 3
49 8 5
49 9 5
49 10 6
49 11 4
49 13 1
49 15 1
49 18 4
49 19 2
49 20 5
49 21 6
49 23 1
49 24 2
49 25 4
49 26 6
49 27 6
49 31 4
49 33 3
49 34 5
49 35 2
49 37 4
49 39 2
49 40 2
49 42 1
49 43 4
49 44 2
49 46 3
49 47 4
50 0 5
50 1 2
50 8 6
50 9 1
50 10 5
50 13 2
50 15 1
50 18 2
50 21 6
50 22 5
50 25 1
50 27 4
50 30 2
50 31 1
50 36 3
50 37 4
50 41 4
50 44 1
50 48 5
51 2 6
51 4 1
51 5 5
51 7 4
51 10 6
51 12 5
51 13 2
51 14 5
51 16 5
51 17 6
51 19 1
51 21 1
51 26 5
51 29 2
51 31 4
51 32 1
51 35 5
51 36 4
51 38 3
51 41 4
51 43 6
51 45 5
51 46 6
52 1 6
52 2 5
52 3 5
52 4 2
52 5 2
52 6 2
52 8 5
52 11 5
52 13 4
52 14 2
52 15 4
52 16 1
52 19 2
52 24 3
52 26 4
52 30 2
52 31 4
52 32 1
52 35 5
52 37 2
52 38 1
52 40 4
52 43 6
52 46 1
52 47 5
52 48 2
52 51 1
53 0 6
53 1 1
53 2 5
53 4 6
53 5 4
53 6 2
53 8 3
53 9 5
53 10 6
53 15 5
53 16 5
53 17 6
53 18 1
53 19 1
53 20 2
53 21 2
53 22 4
53 24 6
53 30 2
53 31 2
53 38 1
53 39 6
53 40 1
53 41 1
53 42 4
53 43 2
53 44 2
53 47 2
53 48 3
53 50 5
53 51 1
54 0 2
54 3 4
54 7 6
54 10 2
54 12 5
54 13 5
54 14 6
54 15 6
54 17 5
54 21 1
54 23 5
54 28 2
54 30 2
54 32 4
54 35 2
54 36 4
54 39 4
54 42 4
54 45 3
54 48 2
54 49 3
54 51 6
54 52 1
55 0 5
55 1 2
55 5 3
55 6 2
55 10 2
55 12 5
55 14 2
55 16 6
55 17 5
55 18 4
55 20 6
55 21 6
55 23 5
55 26 2
55 28 5
55 29 3
55 31 3
55 32 5
55 39 4
55 43 4
55 44 6
55 46 3
55 50 3
55 52 3
55 53 6
56 2 6
56 4 3
56 8 4
56 9 3
56 14 1
56 16 5
56 17 5
56 18 6
56 21 4
56 23 2
56 24 2
56 25 1
56 28 5
56 37 2
56 39 6
56 40 1
56 41 5
56 44 2
56 45 2
56 48 4
56 50 5
56 51 1
56 53 4
56 55 3
57 0 1
57 2 6
57 4 1
57 5 6
57 6 6
57 7 2
57 9 3
57 11 3
57 13 2
57 15 5
57 18 6
57 21 6
57 25 1
57 26 2
57 27 2
57 28 2
57 30 2
57 32 4
57 34 2
57 35 3
57 36 5
57 38 2
57 40 5
57 41 5
57 43 1
57 44 3
57 46 4
57 48 3
57 50 2
57 51 6
57 52 5
57 54 6
57 56 5
58 2 1
58 6 4
58 8 6
58 10 6
58 17 4
58 19 1
58 21 4
58 22 5
58 24 4
58 25 6
58 27 1
58 29 6
58 30 1
58 32 4
58 33 3
58 34 4
58 35 4
58 36 4
58 39 5
58 40 2
58 46 6
58 48 2
58 51 2
58 52 3
58 53 1
58 55 4
58 56 4
59 2 1
59 3 2
59 4 6
59 6 1
59 8 3
59 10 5
59 13 6
59 14 1
59 15 1
59 16 4
59 21 4
59 22 4
59 25 4
59 27 6
59 29 2
59 30 3
59 32 1
59 33 4
59 34 5
59 36 6
59 37 2
59 38 4
59 41 2
59 42 6
59 43 1
59 44 1
59 45 5
59 47 4
59 48 2
59 51 3
59 53 6
60 1 6
60 5 5
60 9 3
60 10 2
60 11 3
60 13 6
60 14 5
60 16 6
60 18 3
60 21 6
60 22 4
60 24 5
60 25 6
60 27 5
60 28 2
60 29 1
60 30 2
60 33 5
60 37 4
60 43 5
60 44 6
60 45 6
60 48 5
60 51 3
60 52 6
60 54 3
60 55 1
60 58 5
60 59 1
61 2 2
61 6 2
61 7 3
61 9 6
61 13 2
61 16 5
61 18 3
61 19 2
61 21 3
61 22 2
61 23 3
61 25 1
61 27 1
61 28 4
61 29 4
61 30 3
61 31 1
61 32 4
61 35 2
61 36 1
61 38 1
61 39 2
61 42 5
61 44 4
61 46 6
61 47 2
61 48 3
61 49 5
61 52 6
61 53 4
61 55 6
61 58 1
61 60 2
62 0 1
62 2 4
62 5 5
62 6 4
62 11 4
62 12 5
62 15 6
62 17 1
62 18 2
62 19 2
62 20 5
62 23 1
62 26 3
62 29 5
62 31 3
62 32 1
62 33 1
62 34 6
62 35 5
62 37 5
62 39 1
62 42 4
62 45 6
62 51 3
62 58 2
63 0 1
63 1 4
63 3 2
63 4 1
63 7 1
63 9 4
63 10 4
63 11 4
63 12 5
63 14 3
63 16 5
63 17 1
63 18 6
63 19 2
63 20 4
63 21 3
63 25 3
63 29 4
63 31 6
63 34 5
63 35 2
63 36 6
63 37 6
63 38 5
63 39 3
63 40 6
63 41 2
63 43 1
63 44 5
63 46 3
63 47 5
63 48 4
63 50 1
63 55 2
63 57 3
63 59 3
63 60 5
63 61 4
63 62 4
64 0 6
64 4 4
64 8 5
64 9 4
64 10 1
64 12 6
64 13 4
64 15 4
64 16 6
64 21 2
64 32 6
64 33 5
64 34 4
64 37 6
64 38 3
64 41 6
64 43 2
64 44 6
64 46 6
64 49 1
64 50 5
64 51 1
64 52 6
64 54 3
64 55 2
64 56 3
64 58 4
64 59 6
64 60 4
64 62 2
64 63 5
65 1 5
65 2 6
65 6 4
65 7 4
65 8 4
65 11 1
65 12 2
65 13 3
65 15 1
65 16 5
65 17 2
65 18 5
65 20 5
65 22 1
65 24 2
65 26 5
65 28 6
65 29 5
65 30 2
65 33 2
65 34 2
65 35 4
65 36 4
65 37 6
65 40 6
65 41 6
65 44 1
65 45 4
65 47 5
65 50 1
65 57 5
65 59 3
65 63 3
65 64 2
66 1 4
66 5 5
66 6 1
66 8 3
66 11 4
66 15 3
66 16 3
66 17 3
66 20 4
66 21 5
66 23 2
66 27 3
66 30 4
66 31 1
66 33 1
66 34 4
66 35 2
66 37 3
66 38 5
66 40 1
66 43 2
66 50 3
66 52 1
66 53 1
66 55 5
66 56 1
66 61 5
66 62 6
66 63 1
66 64 4
66 65 6
67 0 4
67 4 3
67 11 3
67 13 5
67 14 2
67 16 4
67 18 3
67 19 4
67 21 4
67 22 3
67 28 6
67 34 2
67 37 6
67 38 4
67 39 5
67 40 1
67 42 5
67 43 6
67 44 5
67 46 2
67 51 2
67 53 5
67 55 2
67 56 3
67 64 5
67 65 2
67 66 3
68 0 2
68 2 3
68 3 5
68 5 2
68 6 2
68 8 6
68 9 2
68 10 4
68 11 3
68 12 3
68 13 4
68 14 3
68 16 5
68 18 3
68 19 5
68 27 2
68 28 1
68 30 1
68 31 4
68 32 1
68 34 3
68 35 4
68 36 2
68 37 4
68 39 2
68 42 4
68 44 6
68 45 6
68 46 6
68 47 6
68 48 6
68 49 1
68 52 3
68 54 3
68 56 2
68 57 3
68 58 6
68 60 2
68 61 1
68 64 1
68 65 1
69 0 5
69 3 2
69 4 4
69 5 3
69 6 2
69 7 5
69 8 2
69 9 1
69 12 6
69 13 6
69 14 2
69 15 6
69 16 1
69 17 6
69 18 5
69 21 6
69 22 4
69 25 6
69 26 6
69 28 4
69 29 4
69 30 5
69 35 2
69 36 4
69 38 5
69 39 6
69 46 2
69 51 4
69 53 5
69 56 6
69 57 3
69 58 1
69 60 3
69 61 5
69 62 4
69 63 2
69 66 3
69 68 2
