40
1 0 8
2 0 5
4 1 12
5 1 14
5 2 5
5 4 5
6 0 8
6 1 7
6 2 3
6 5 12
7 3 14
8 3 10
8 4 14
8 6 12
9 3 4
9 4 6
9 5 13
9 6 13
9 7 6
10 1 11
10 2 12
10 4 12
10 5 12
10 6 12
11 1 12
11 2 7
11 3 4
11 4 9
11 6 9
11 8 7
11 9 8
11 10 8
12 0 2
12 1 6
12 2 13
12 3 5
12 4 2
12 5 9
12 7 4
12 10 4
13 1 9
13 2 1
13 3 7
13 6 7
13 7 5
13 12 12
14 2 6
14 3 9
14 4 10
14 6 3
14 8 12
14 11 8
15 3 4
15 4 6
15 5 13
15 7 1
15 8 11
15 9 12
15 10 12
15 11 10
15 13 12
16 0 5
16 1 5
16 4 8
16 7 2
16 8 11
16 9 5
16 12 14
16 15 1
17 2 1
17 3 2
17 4 11
17 5 3
17 7 4
17 9 14
17 10 12
17 11 11
18 0 8
18 1 6
18 2 1
18 7 8
18 8 9
18 9 4
18 10 10
18 14 5
18 15 14
18 16 2
19 3 13
19 6 14
19 7 7
19 8 12
19 10 12
19 17 2
20 4 12
20 6 8
20 8 4
20 10 14
20 12 8
20 13 7
20 18 9
21 0 8
21 2 13
21 3 9
21 4 11
21 9 2
21 11 4
21 16 9
21 17 7
21 19 4
22 0 10
22 2 6
22 3 14
22 6 1
22 8 3
22 9 8
22 11 2
22 14 4
22 17 2
22 18 2
22 21 9
23 2 3
23 6 12
23 8 12
23 9 7
23 11 9
23 12 13
23 13 13
23 22 9
24 3 6
24 4 8
24 5 10
24 10 6
24 11 14
24 14 6
24 16 4
24 17 7
24 18 4
24 19 7
24 20 14
24 21 12
24 22 5
24 23 12
25 1 8
25 4 9
25 5 8
25 6 3
25 7 12
25 11 8
25 15 9
25 16 7
25 22 2
25 23 9
25 24 13
26 0 1
26 2 8
26 4 5
26 7 4
26 8 4
26 9 2
26 12 4
26 14 7
26 18 9
26 19 4
26 21 11
26 24 12
26 25 11
27 0 6
27 1 10
27 3 12
27 4 8
27 6 11
27 7 3
27 10 1
27 17 13
27 20 13
27 22 10
27 25 9
27 26 4
28 0 9
28 1 2
28 3 2
28 4 7
28 5 12
28 7 11
28 8 3
28 12 1
28 14 5
28 15 3
28 16 11
28 17 8
28 18 12
28 19 6
28 22 12
28 24 10
28 27 4
29 0 4
29 1 1
29 3 8
29 5 11
29 7 6
29 8 14
29 9 13
29 10 3
29 15 11
29 17 1
29 19 14
29 20 12
29 23 8
29 24 14
29 26 4
29 28 11
30 1 7
30 2 2
30 8 11
30 11 12
30 13 10
30 14 5
30 15 11
30 17 7
30 18 2
30 21 12
30 24 9
30 29 14
31 2 8
31 3 6
31 5 2
31 7 11
31 8 12
31 9 5
31 10 11
31 12 7
31 13 8
31 14 2
31 15 6
31 18 2
31 19 12
31 20 11
31 21 12
31 26 9
31 27 5
32 1 7
32 3 14
32 6 13
32 8 10
32 10 11
32 11 7
32 12 6
32 13 6
32 17 8
32 18 8
32 20 2
32 21 2
32 23 3
32 24 14
32 28 5
32 29 10
33 0 9
33 5 13
33 6 7
33 7 1
33 9 11
33 10 13
33 16 1
33 17 7
33 18 12
33 20 8
33 21 4
33 22 10
33 24 14
33 25 14
33 27 10
33 29 3
33 32 14
34 0 8
34 2 2
34 3 10
34 7 8
34 9 14
34 10 13
34 11 7
34 12 11
34 13 8
34 16 11
34 20 11
34 22 4
34 24 11
34 25 1
34 27 7
34 33 3
35 1 4
35 2 8
35 3 11
35 4 1
35 5 9
35 6 6
35 7 10
35 9 9
35 12 1
35 14 8
35 19 2
35 21 13
35 23 2
35 25 14
35 27 10
35 29 3
35 30 12
35 32 1
36 0 8
36 1 12
36 2 6
36 4 12
36 9 10
36 10 1
36 13 13
36 15 14
36 20 9
36 22 11
36 23 14
36 27 11
36 30 3
36 35 5
37 0 2
37 1 10
37 6 11
37 8 14
37 9 5
37 11 9
37 13 2
37 14 6
37 16 13
37 19 11
37 20 3
37 21 12
37 23 3
37 24 14
37 25 14
37 32 14
37 33 2
37 34 3
37 35 3
38 0 13
38 1 11
38 2 2
38 3 10
38 5 13
38 6 8
38 12 8
38 14 3
38 16 12
38 17 3
38 18 7
38 23 13
38 25 4
38 28 11
38 31 9
38 32 2
38 33 9
38 34 1
38 36 14
39 0 12
39 1 6
39 5 14
39 10 8
39 12 12
39 14 3
39 18 6
39 20 6
39 24 14
39 29 4
39 30 8
39 31 5
39 32 6
39 36 2
39 37 2
