70
1 0 1
2 0 1
4 0 1
4 1 1
4 3 1
5 0 1
5 2 1
5 3 1
6 0 1
6 1 1
6 4 1
6 5 1
7 0 1
7 1 1
7 3 1
7 6 1
8 0 1
8 3 1
8 4 1
8 5 1
8 6 1
8 7 1
9 0 1
9 1 1
9 2 1
9 3 1
9 5 1
9 7 1
10 3 1
10 4 1
10 7 1
10 8 1
10 9 1
11 0 1
11 3 1
11 5 1
11 7 1
11 10 1
12 4 1
12 5 1
12 7 1
12 8 1
12 9 1
12 11 1
13 1 1
13 2 1
13 3 1
13 4 1
13 6 1
13 8 1
13 10 1
13 12 1
14 0 1
14 2 1
14 3 1
14 5 1
14 11 1
15 3 1
15 5 1
15 6 1
15 7 1
15 8 1
15 10 1
15 13 1
16 1 1
16 2 1
16 3 1
16 4 1
16 6 1
16 7 1
16 10 1
16 12 1
17 1 1
17 2 1
17 3 1
17 6 1
17 7 1
17 8 1
17 10 1
17 11 1
17 12 1
18 1 1
18 11 1
18 13 1
18 14 1
19 1 1
19 5 1
19 7 1
19 8 1
19 9 1
19 10 1
19 11 1
19 12 1
19 14 1
19 18 1
20 1 1
20 4 1
20 6 1
20 9 1
20 10 1
20 12 1
20 15 1
20 18 1
20 19 1
21 1 1
21 2 1
21 5 1
21 8 1
21 9 1
21 11 1
21 13 1
21 14 1
21 17 1
21 18 1
21 19 1
21 20 1
22 0 1
22 2 1
22 3 1
22 4 1
22 5 1
22 6 1
22 7 1
22 11 1
22 13 1
22 16 1
22 18 1
23 4 1
23 5 1
23 7 1
23 8 1
23 12 1
23 13 1
23 14 1
23 16 1
23 18 1
23 19 1
24 3 1
24 4 1
24 10 1
24 13 1
24 15 1
24 17 1
24 18 1
24 19 1
24 20 1
24 22 1
25 1 1
25 10 1
25 11 1
25 13 1
25 15 1
25 16 1
25 19 1
25 21 1
25 23 1
26 1 1
26 7 1
26 9 1
26 12 1
26 13 1
26 17 1
26 18 1
26 20 1
26 21 1
26 23 1
26 24 1
26 25 1
27 0 1
27 1 1
27 3 1
27 7 1
27 8 1
27 10 1
27 12 1
27 13 1
27 15 1
27 16 1
27 20 1
27 21 1
27 22 1
27 23 1
27 24 1
27 26 1
28 0 1
28 2 1
28 3 1
28 5 1
28 7 1
28 9 1
28 10 1
28 11 1
28 12 1
28 13 1
28 14 1
28 15 1
28 16 1
28 20 1
28 21 1
28 24 1
28 25 1
28 26 1
28 27 1
29 0 1
29 1 1
29 4 1
29 6 1
29 10 1
29 11 1
29 12 1
29 13 1
29 14 1
29 24 1
29 25 1
29 28 1
30 0 1
30 1 1
30 6 1
30 7 1
30 9 1
30 10 1
30 11 1
30 13 1
30 16 1
30 17 1
30 22 1
30 24 1
30 27 1
30 29 1
31 2 1
31 3 1
31 4 1
31 5 1
31 6 1
31 8 1
31 9 1
31 17 1
31 18 1
31 19 1
31 20 1
31 21 1
31 23 1
31 24 1
31 26 1
32 2 1
32 4 1
32 15 1
32 17 1
32 23 1
32 25 1
32 27 1
33 2 1
33 4 1
33 6 1
33 8 1
33 11 1
33 13 1
33 17 1
33 18 1
33 21 1
33 22 1
33 27 1
33 28 1
33 30 1
33 31 1
34 1 1
34 2 1
34 4 1
34 6 1
34 7 1
34 11 1
34 17 1
34 22 1
34 23 1
34 25 1
34 27 1
34 28 1
34 29 1
34 32 1
34 33 1
35 3 1
35 4 1
35 5 1
35 11 1
35 13 1
35 14 1
35 18 1
35 25 1
35 26 1
35 28 1
35 33 1
36 0 1
36 4 1
36 6 1
36 7 1
36 8 1
36 9 1
36 12 1
36 14 1
36 15 1
36 16 1
36 20 1
36 22 1
36 25 1
36 26 1
36 32 1
36 35 1
37 3 1
37 4 1
37 7 1
37 8 1
37 10 1
37 11 1
37 12 1
37 13 1
37 14 1
37 15 1
37 16 1
37 17 1
37 19 1
37 20 1
37 23 1
37 25 1
37 26 1
37 27 1
37 29 1
37 30 1
37 31 1
37 33 1
37 34 1
37 36 1
38 1 1
38 7 1
38 8 1
38 9 1
38 10 1
38 12 1
38 16 1
38 18 1
38 23 1
38 25 1
38 26 1
38 27 1
38 28 1
38 29 1
38 30 1
38 31 1
38 33 1
38 34 1
38 35 1
38 36 1
38 37 1
39 0 1
39 1 1
39 2 1
39 3 1
39 4 1
39 6 1
39 8 1
39 9 1
39 12 1
39 14 1
39 15 1
39 16 1
39 19 1
39 20 1
39 22 1
39 23 1
39 24 1
39 25 1
39 28 1
39 29 1
39 30 1
39 31 1
40 0 1
40 1 1
40 2 1
40 4 1
40 9 1
40 10 1
40 12 1
40 13 1
40 15 1
40 16 1
40 17 1
40 19 1
40 24 1
40 25 1
40 26 1
40 29 1
40 30 1
40 31 1
40 32 1
40 35 1
40 37 1
41 1 1
41 5 1
41 6 1
41 7 1
41 18 1
41 21 1
41 23 1
41 27 1
41 29 1
41 30 1
41 32 1
41 37 1
41 39 1
42 0 1
42 1 1
42 3 1
42 4 1
42 8 1
42 10 1
42 17 1
42 20 1
42 23 1
42 24 1
42 26 1
42 28 1
42 29 1
42 31 1
42 32 1
42 35 1
42 37 1
42 39 1
43 1 1
43 4 1
43 7 1
43 12 1
43 13 1
43 16 1
43 17 1
43 19 1
43 20 1
43 23 1
43 24 1
43 29 1
43 31 1
43 32 1
43 34 1
43 36 1
43 39 1
43 40 1
43 42 1
44 1 1
44 3 1
44 4 1
44 6 1
44 7 1
44 8 1
44 9 1
44 10 1
44 11 1
44 13 1
44 14 1
44 16 1
44 19 1
44 20 1
44 22 1
44 24 1
44 27 1
44 28 1
44 31 1
44 32 1
44 35 1
44 37 1
44 38 1
44 39 1
44 42 1
44 43 1
45 2 1
45 4 1
45 6 1
45 7 1
45 8 1
45 9 1
45 11 1
45 12 1
45 13 1
45 15 1
45 17 1
45 18 1
45 19 1
45 21 1
45 22 1
45 25 1
45 27 1
45 28 1
45 30 1
45 31 1
45 32 1
45 37 1
45 39 1
45 42 1
45 44 1
46 1 1
46 3 1
46 4 1
46 5 1
46 6 1
46 8 1
46 10 1
46 13 1
46 15 1
46 16 1
46 23 1
46 27 1
46 28 1
46 31 1
46 34 1
46 36 1
46 39 1
46 40 1
46 42 1
47 1 1
47 2 1
47 4 1
47 5 1
47 6 1
47 11 1
47 13 1
47 17 1
47 20 1
47 25 1
47 28 1
47 30 1
47 32 1
47 33 1
47 34 1
47 35 1
47 36 1
47 39 1
47 41 1
47 43 1
48 0 1
48 1 1
48 2 1
48 4 1
48 8 1
48 12 1
48 16 1
48 17 1
48 19 1
48 23 1
48 25 1
48 26 1
48 27 1
48 31 1
48 32 1
48 33 1
48 34 1
48 40 1
48 41 1
48 44 1
48 45 1
48 46 1
48 47 1
49 0 1
49 1 1
49 2 1
49 3 1
49 5 1
49 7 1
49 9 1
49 14 1
49 15 1
49 20 1
49 21 1
49 24 1
49 26 1
49 31 1
49 32 1
49 36 1
49 39 1
49 42 1
49 44 1
49 45 1
49 46 1
49 47 1
50 3 1
50 4 1
50 7 1
50 9 1
50 13 1
50 14 1
50 15 1
50 16 1
50 19 1
50 23 1
50 24 1
50 25 1
50 26 1
50 27 1
50 28 1
50 29 1
50 30 1
50 32 1
50 34 1
50 35 1
50 36 1
50 37 1
50 38 1
50 42 1
50 43 1
50 47 1
50 49 1
51 1 1
51 4 1
51 5 1
51 6 1
51 7 1
51 14 1
51 17 1
51 18 1
51 19 1
51 21 1
51 22 1
51 23 1
51 24 1
51 25 1
51 26 1
51 27 1
51 28 1
51 29 1
51 30 1
51 33 1
51 34 1
51 36 1
51 37 1
51 42 1
51 43 1
51 44 1
51 45 1
51 47 1
51 49 1
51 50 1
52 1 1
52 3 1
52 4 1
52 5 1
52 7 1
52 14 1
52 17 1
52 18 1
52 19 1
52 21 1
52 23 1
52 26 1
52 27 1
52 28 1
52 30 1
52 32 1
52 34 1
52 35 1
52 37 1
52 40 1
52 41 1
52 42 1
52 44 1
52 48 1
52 50 1
53 0 1
53 1 1
53 3 1
53 5 1
53 7 1
53 8 1
53 9 1
53 11 1
53 14 1
53 16 1
53 17 1
53 18 1
53 21 1
53 22 1
53 27 1
53 28 1
53 29 1
53 30 1
53 32 1
53 35 1
53 36 1
53 37 1
53 38 1
53 41 1
53 42 1
53 44 1
53 50 1
53 52 1
54 1 1
54 2 1
54 4 1
54 5 1
54 10 1
54 11 1
54 12 1
54 16 1
54 21 1
54 22 1
54 23 1
54 25 1
54 26 1
54 27 1
54 32 1
54 34 1
54 36 1
54 38 1
54 39 1
54 45 1
54 47 1
54 53 1
55 0 1
55 1 1
55 4 1
55 5 1
55 6 1
55 10 1
55 13 1
55 17 1
55 18 1
55 19 1
55 21 1
55 24 1
55 25 1
55 27 1
55 28 1
55 29 1
55 30 1
55 32 1
55 33 1
55 35 1
55 36 1
55 44 1
55 46 1
55 49 1
55 50 1
55 51 1
56 2 1
56 4 1
56 7 1
56 8 1
56 10 1
56 11 1
56 13 1
56 14 1
56 17 1
56 18 1
56 19 1
56 20 1
56 21 1
56 22 1
56 25 1
56 35 1
56 37 1
56 38 1
56 40 1
56 41 1
56 42 1
56 46 1
56 47 1
56 48 1
56 49 1
56 50 1
56 51 1
56 53 1
56 55 1
57 2 1
57 3 1
57 4 1
57 9 1
57 10 1
57 11 1
57 17 1
57 18 1
57 19 1
57 25 1
57 26 1
57 27 1
57 28 1
57 29 1
57 30 1
57 31 1
57 32 1
57 34 1
57 38 1
57 39 1
57 40 1
57 43 1
57 44 1
57 45 1
57 46 1
57 49 1
57 50 1
57 51 1
57 54 1
57 56 1
58 1 1
58 3 1
58 7 1
58 9 1
58 10 1
58 13 1
58 18 1
58 20 1
58 21 1
58 25 1
58 27 1
58 28 1
58 33 1
58 36 1
58 38 1
58 40 1
58 41 1
58 42 1
58 44 1
58 45 1
58 47 1
58 51 1
58 54 1
58 55 1
58 57 1
59 1 1
59 8 1
59 10 1
59 11 1
59 12 1
59 16 1
59 17 1
59 20 1
59 22 1
59 23 1
59 24 1
59 30 1
59 35 1
59 36 1
59 37 1
59 40 1
59 43 1
59 44 1
59 46 1
59 47 1
59 51 1
59 52 1
59 53 1
59 54 1
59 56 1
59 57 1
59 58 1
60 0 1
60 1 1
60 3 1
60 4 1
60 7 1
60 9 1
60 10 1
60 11 1
60 13 1
60 16 1
60 17 1
60 18 1
60 19 1
60 22 1
60 23 1
60 24 1
60 25 1
60 28 1
60 29 1
60 30 1
60 32 1
60 35 1
60 36 1
60 38 1
60 40 1
60 42 1
60 43 1
60 44 1
60 46 1
60 47 1
60 49 1
60 51 1
60 53 1
60 55 1
60 57 1
61 0 1
61 1 1
61 2 1
61 3 1
61 4 1
61 5 1
61 6 1
61 8 1
61 9 1
61 10 1
61 15 1
61 16 1
61 17 1
61 20 1
61 21 1
61 22 1
61 25 1
61 27 1
61 28 1
61 29 1
61 31 1
61 32 1
61 33 1
61 35 1
61 36 1
61 37 1
61 39 1
61 40 1
61 42 1
61 43 1
61 44 1
61 45 1
61 46 1
61 47 1
61 50 1
61 54 1
61 57 1
61 58 1
61 60 1
62 3 1
62 7 1
62 8 1
62 10 1
62 12 1
62 14 1
62 16 1
62 19 1
62 20 1
62 21 1
62 22 1
62 23 1
62 25 1
62 27 1
62 29 1
62 30 1
62 32 1
62 33 1
62 34 1
62 36 1
62 37 1
62 38 1
62 40 1
62 41 1
62 46 1
62 49 1
62 51 1
62 55 1
62 59 1
62 60 1
62 61 1
63 0 1
63 1 1
63 2 1
63 3 1
63 6 1
63 7 1
63 8 1
63 9 1
63 10 1
63 11 1
63 12 1
63 14 1
63 15 1
63 16 1
63 17 1
63 19 1
63 20 1
63 22 1
63 26 1
63 27 1
63 33 1
63 35 1
63 36 1
63 40 1
63 44 1
63 46 1
63 47 1
63 49 1
63 52 1
63 53 1
63 55 1
63 56 1
63 57 1
63 59 1
63 62 1
64 0 1
64 1 1
64 3 1
64 4 1
64 5 1
64 7 1
64 8 1
64 10 1
64 11 1
64 13 1
64 17 1
64 18 1
64 21 1
64 22 1
64 23 1
64 24 1
64 25 1
64 26 1
64 30 1
64 31 1
64 32 1
64 36 1
64 39 1
64 42 1
64 43 1
64 45 1
64 46 1
64 48 1
64 49 1
64 51 1
64 52 1
64 54 1
64 55 1
64 59 1
64 61 1
64 62 1
65 0 1
65 4 1
65 6 1
65 9 1
65 12 1
65 14 1
65 15 1
65 17 1
65 20 1
65 21 1
65 22 1
65 25 1
65 27 1
65 28 1
65 30 1
65 31 1
65 32 1
65 40 1
65 43 1
65 44 1
65 47 1
65 49 1
65 52 1
65 54 1
65 55 1
65 56 1
65 60 1
65 61 1
65 63 1
65 64 1
66 0 1
66 3 1
66 4 1
66 6 1
66 8 1
66 9 1
66 10 1
66 11 1
66 13 1
66 14 1
66 15 1
66 19 1
66 22 1
66 23 1
66 25 1
66 26 1
66 27 1
66 31 1
66 32 1
66 34 1
66 35 1
66 36 1
66 37 1
66 38 1
66 39 1
66 40 1
66 41 1
66 44 1
66 47 1
66 48 1
66 52 1
66 53 1
66 54 1
66 56 1
66 57 1
67 0 1
67 1 1
67 2 1
67 3 1
67 6 1
67 9 1
67 10 1
67 12 1
67 19 1
67 20 1
67 21 1
67 25 1
67 26 1
67 28 1
67 31 1
67 34 1
67 37 1
67 38 1
67 41 1
67 44 1
67 46 1
67 47 1
67 48 1
67 49 1
67 50 1
67 51 1
67 52 1
67 54 1
67 56 1
67 59 1
67 60 1
67 64 1
68 0 1
68 5 1
68 10 1
68 15 1
68 17 1
68 18 1
68 20 1
68 23 1
68 24 1
68 26 1
68 29 1
68 30 1
68 31 1
68 32 1
68 33 1
68 34 1
68 37 1
68 39 1
68 40 1
68 41 1
68 45 1
68 47 1
68 48 1
68 49 1
68 52 1
68 53 1
68 55 1
68 56 1
68 57 1
68 58 1
68 59 1
68 62 1
68 63 1
68 64 1
68 65 1
68 66 1
68 67 1
69 0 1
69 3 1
69 5 1
69 6 1
69 7 1
69 8 1
69 9 1
69 10 1
69 11 1
69 12 1
69 14 1
69 15 1
69 16 1
69 17 1
69 18 1
69 20 1
69 24 1
69 26 1
69 27 1
69 32 1
69 40 1
69 41 1
69 42 1
69 43 1
69 45 1
69 46 1
69 48 1
69 49 1
69 52 1
69 53 1
69 58 1
69 59 1
69 62 1
69 63 1
69 64 1
69 65 1
69 66 1
69 67 1
