40
2 1 3
3 0 1
3 2 6
4 2 3
4 3 2
5 0 1
5 1 5
5 3 3
6 0 2
6 1 1
6 3 4
6 4 1
6 5 5
8 0 5
8 1 5
8 3 5
8 5 4
9 2 2
10 2 1
10 4 5
11 0 3
11 1 5
11 4 4
11 5 2
11 7 2
11 9 3
11 10 5
12 1 5
12 3 2
12 6 3
12 11 6
13 0 2
13 1 6
13 2 4
13 3 3
13 5 5
13 6 3
13 7 1
13 10 2
14 0 6
14 1 2
14 3 2
14 4 3
14 6 6
14 8 1
14 9 1
14 10 2
14 11 4
14 12 3
15 0 6
15 2 4
15 5 3
15 7 4
15 14 6
16 1 5
16 2 6
16 5 2
16 6 3
16 7 1
16 10 3
16 12 3
16 13 6
16 15 5
17 3 3
17 4 2
17 7 5
17 9 6
17 12 3
17 13 3
17 14 4
17 15 2
17 16 6
18 0 1
18 6 6
18 8 6
18 11 3
18 15 2
18 16 1
19 0 2
19 1 5
19 4 2
19 5 6
19 6 3
19 7 3
19 8 5
19 10 3
19 11 2
19 12 3
19 13 1
19 14 2
19 16 3
20 0 3
20 2 6
20 4 1
20 6 2
20 7 1
20 8 6
20 9 5
20 10 2
20 13 5
20 15 4
20 18 1
20 19 5
21 0 5
21 2 1
21 3 1
21 5 4
21 6 3
21 7 2
21 11 5
21 15 5
21 17 4
22 0 2
22 1 1
22 11 1
22 12 5
22 15 3
22 17 5
22 18 2
22 21 3
23 0 1
23 2 5
23 3 2
23 5 1
23 9 6
23 10 4
23 13 6
23 15 6
23 16 5
23 17 2
23 18 4
23 19 4
23 20 4
24 0 1
24 2 5
24 4 4
24 6 5
24 8 4
24 9 3
24 11 5
24 15 4
24 16 2
24 17 1
24 21 6
25 1 5
25 4 5
25 6 3
25 9 4
25 10 3
25 11 6
25 15 5
25 20 6
25 21 4
25 22 3
25 24 3
26 0 6
26 2 4
26 3 4
26 4 2
26 5 3
26 7 6
26 9 3
26 10 4
26 14 3
26 17 6
26 19 5
26 20 6
26 21 1
26 23 5
27 1 6
27 3 5
27 4 5
27 7 2
27 8 3
27 10 3
27 12 2
27 15 1
27 17 2
27 18 5
27 20 6
27 21 1
27 22 5
27 25 1
28 3 1
28 4 5
28 7 2
28 8 1
28 10 5
28 14 4
28 15 4
28 18 5
28 19 5
28 20 4
28 21 4
28 24 2
28 25 1
28 27 1
29 5 3
29 8 5
29 10 4
29 13 2
29 15 4
29 17 4
29 18 3
29 19 3
29 22 1
29 24 5
29 25 4
29 26 6
30 0 5
30 2 3
30 3 5
30 6 4
30 7 4
30 8 3
30 18 4
30 20 4
30 21 4
30 22 2
30 29 1
31 2 5
31 3 6
31 4 3
31 6 1
31 9 3
31 10 1
31 17 3
31 19 2
31 20 2
31 23 6
31 26 5
31 29 4
31 30 3
32 1 5
32 4 2
32 7 1
32 8 2
32 10 2
32 11 1
32 15 2
32 16 4
32 17 6
32 24 4
32 25 6
32 27 3
32 29 5
33 1 2
33 2 4
33 4 6
33 5 3
33 6 2
33 7 4
33 8 1
33 13 1
33 14 1
33 17 3
33 18 5
33 20 2
33 21 2
33 23 3
33 26 3
33 30 2
34 3 5
34 5 5
34 6 3
34 7 2
34 9 6
34 13 2
34 15 2
34 16 5
34 18 1
34 19 3
34 20 5
34 21 3
34 23 1
34 24 3
34 26 5
34 28 5
34 30 1
34 31 4
34 32 2
34 33 5
35 0 5
35 6 6
35 7 5
35 10 6
35 14 6
35 15 2
35 17 3
35 18 2
35 19 1
35 20 4
35 22 6
35 24 3
35 25 4
35 26 1
35 27 5
35 28 1
35 31 6
35 32 6
35 34 6
36 2 4
36 4 3
36 5 6
36 8 3
36 9 5
36 10 3
36 11 6
36 14 6
36 17 6
36 18 3
36 20 3
36 24 3
36 25 6
36 26 3
36 30 6
36 32 5
36 35 4
37 3 6
37 4 5
37 8 6
37 11 6
37 14 3
37 15 6
37 16 5
37 20 4
37 22 6
37 23 3
37 27 4
37 28 4
37 29 5
37 30 1
37 33 2
37 34 3
38 2 5
38 4 4
38 5 1
38 7 4
38 8 1
38 14 5
38 15 2
38 17 5
38 20 3
38 21 4
38 25 1
38 27 2
38 32 6
38 33 4
38 34 4
39 0 1
39 1 1
39 2 2
39 3 6
39 6 3
39 7 3
39 9 3
39 10 6
39 12 1
39 14 3
39 15 5
39 16 5
39 17 1
39 19 4
39 26 4
39 27 2
39 31 5
39 33 1
39 35 4
39 36 4
39 37 3
