20
2 0 11
3 1 12
4 2 6
4 3 8
5 0 1
5 1 6
7 4 6
7 6 10
8 1 2
8 2 6
8 5 10
8 7 4
9 0 6
9 3 3
10 0 8
10 1 2
10 2 9
10 3 2
10 4 5
10 5 5
11 0 12
11 1 10
11 2 12
11 3 12
11 6 9
11 7 8
11 10 9
12 1 4
12 5 6
12 6 9
12 8 6
12 9 8
12 10 7
13 7 6
13 9 6
14 0 12
14 1 6
14 4 5
14 5 6
14 9 12
14 10 8
14 12 2
15 2 12
15 5 2
15 8 2
15 10 3
15 14 8
16 6 4
16 8 12
16 9 2
16 12 11
16 13 6
16 15 12
17 0 3
17 3 8
17 8 6
17 11 5
17 12 3
17 13 1
17 14 5
17 15 5
18 1 3
18 3 9
18 6 11
18 8 2
18 11 1
18 15 1
19 4 2
19 7 5
19 8 8
19 11 11
19 12 4
19 14 11
19 16 1
