60
3 0 6
3 1 3
3 2 4
5 0 6
5 3 3
5 4 4
6 0 4
6 1 4
6 3 3
6 4 4
6 5 5
7 0 2
7 3 4
7 5 3
7 6 4
8 0 3
8 1 2
8 2 2
8 5 2
8 6 3
9 0 5
9 1 4
9 3 2
9 5 3
9 8 4
10 0 2
10 1 5
10 3 5
10 7 1
10 8 6
10 9 5
11 2 2
11 5 4
11 6 6
11 7 4
11 9 1
11 10 2
12 0 4
12 2 5
12 4 1
12 5 6
12 8 5
12 9 6
12 11 4
13 4 4
13 7 1
13 11 2
13 12 3
14 0 1
14 6 6
14 7 6
14 8 6
14 9 4
14 10 1
14 12 5
14 13 5
15 1 2
15 2 6
15 7 3
15 9 2
15 13 1
15 14 5
16 2 4
16 3 5
16 5 6
16 6 4
16 8 3
16 9 5
16 13 3
17 4 1
17 5 4
17 8 6
17 14 6
18 0 1
18 1 5
18 2 3
18 4 1
18 6 1
18 9 3
18 11 4
18 12 5
18 14 5
18 15 4
18 16 6
18 17 1
19 1 6
19 2 6
19 3 5
19 5 2
19 7 1
19 8 4
19 9 4
19 14 3
19 18 2
20 1 1
20 2 2
20 3 5
20 6 6
20 7 3
20 9 4
20 10 3
20 12 1
20 15 6
20 19 4
21 1 5
21 7 4
21 10 6
21 11 2
21 12 5
21 13 1
21 14 2
21 15 5
21 20 4
22 3 3
22 5 6
22 6 3
22 7 5
22 8 2
22 9 5
22 10 3
22 11 1
22 12 2
22 14 4
22 20 3
23 5 3
23 8 2
23 11 5
23 13 5
23 18 4
23 19 6
23 21 5
23 22 5
24 0 6
24 1 6
24 2 5
24 4 2
24 7 3
24 9 2
24 10 6
24 11 2
24 12 1
24 14 4
24 15 1
24 21 2
24 22 1
24 23 5
25 0 5
25 1 3
25 2 6
25 3 2
25 4 2
25 8 1
25 10 1
25 15 2
25 17 2
25 19 5
25 20 3
25 24 1
26 0 2
26 2 1
26 4 6
26 6 2
26 7 1
26 12 6
26 13 3
26 15 1
26 20 4
26 21 5
26 22 4
26 23 2
27 0 6
27 1 5
27 7 6
27 8 2
27 12 4
27 15 4
27 18 6
27 19 5
27 21 4
27 22 3
27 23 2
27 24 2
27 25 1
27 26 1
28 3 2
28 4 6
28 5 6
28 6 6
28 7 6
28 9 4
28 10 6
28 12 6
28 15 4
28 17 5
28 18 3
28 20 5
28 21 1
28 22 6
29 0 6
29 3 4
29 5 1
29 7 6
29 9 4
29 10 2
29 12 1
29 13 6
29 14 2
29 15 1
29 16 5
29 17 6
29 18 3
29 19 1
29 20 5
29 22 1
29 24 1
29 26 5
29 28 5
30 0 3
30 2 1
30 4 3
30 5 4
30 7 5
30 8 1
30 9 6
30 10 3
30 17 4
30 18 2
30 20 2
30 21 6
30 28 2
30 29 6
31 1 4
31 2 3
31 3 3
31 4 4
31 5 3
31 6 3
31 7 4
31 8 1
31 12 3
31 14 4
31 15 6
31 16 5
31 17 6
31 19 5
31 21 4
31 22 6
31 25 3
31 26 5
32 0 5
32 2 3
32 4 3
32 5 4
32 6 3
32 13 5
32 14 6
32 16 5
32 18 5
32 19 3
32 20 3
32 22 2
32 23 6
32 24 4
32 25 3
32 26 6
32 29 1
32 31 1
33 2 4
33 4 3
33 6 2
33 10 1
33 12 1
33 13 3
33 14 6
33 15 4
33 17 6
33 18 2
33 19 3
33 22 6
33 24 5
33 25 2
33 26 5
33 28 1
33 29 4
33 31 1
33 32 4
34 0 5
34 3 3
34 4 2
34 6 3
34 7 2
34 8 1
34 9 3
34 10 1
34 12 2
34 14 1
34 15 5
34 16 4
34 17 1
34 19 5
34 21 2
34 22 3
34 23 2
34 24 3
34 25 1
34 28 5
34 33 5
35 0 5
35 1 4
35 2 5
35 4 5
35 5 5
35 7 3
35 8 3
35 11 4
35 12 3
35 17 4
35 18 4
35 21 5
35 26 4
35 27 4
35 32 4
35 34 2
36 2 3
36 3 4
36 9 4
36 11 2
36 12 6
36 13 2
36 17 6
36 19 1
36 20 4
36 21 4
36 22 2
36 24 3
36 28 1
36 30 2
36 31 5
36 32 3
36 33 2
36 34 4
36 35 4
37 0 4
37 6 1
37 7 2
37 8 2
37 9 5
37 12 1
37 14 2
37 17 5
37 18 1
37 19 1
37 20 3
37 24 4
37 26 6
37 30 5
37 32 5
37 36 3
38 1 6
38 2 1
38 3 3
38 5 4
38 7 6
38 9 1
38 11 5
38 17 6
38 20 5
38 22 6
38 24 4
38 26 5
38 27 1
38 28 1
38 29 1
38 31 1
38 37 6
39 0 5
39 1 5
39 2 4
39 6 2
39 7 6
39 10 6
39 12 5
39 13 6
39 15 4
39 16 3
39 19 3
39 20 5
39 21 4
39 22 3
39 23 4
39 24 3
39 25 1
39 27 5
39 31 4
39 35 6
39 36 2
39 38 2
40 0 2
40 4 3
40 6 4
40 8 6
40 11 6
40 13 5
40 14 2
40 21 4
40 23 2
40 24 2
40 26 6
40 29 4
40 30 6
40 31 6
40 32 6
40 36 4
40 37 3
41 0 4
41 2 3
41 5 2
41 9 4
41 10 1
41 14 1
41 17 2
41 19 6
41 20 5
41 21 4
41 22 4
41 24 1
41 26 5
41 27 1
41 28 3
41 29 3
41 30 4
41 31 3
41 35 4
41 40 3
42 0 3
42 2 5
42 4 2
42 5 1
42 6 3
42 12 6
42 15 5
42 17 1
42 18 3
42 22 3
42 23 5
42 24 2
42 25 3
42 26 5
42 27 2
42 28 2
42 29 5
42 31 3
42 33 3
42 34 3
42 38 2
42 39 6
42 41 2
43 0 5
43 1 3
43 2 5
43 4 5
43 6 3
43 8 3
43 9 5
43 15 5
43 17 2
43 18 6
43 23 5
43 25 2
43 27 1
43 32 3
43 33 6
43 36 4
43 37 2
43 38 3
43 39 1
43 40 1
43 41 1
43 42 4
44 0 5
44 4 1
44 5 1
44 7 6
44 8 2
44 9 3
44 10 5
44 11 2
44 13 3
44 18 5
44 19 4
44 20 6
44 22 5
44 24 4
44 30 2
44 31 5
44 34 4
44 35 2
44 39 4
44 42 5
44 43 4
45 1 3
45 2 4
45 3 2
45 4 1
45 6 2
45 7 1
45 10 4
45 11 6
45 12 6
45 17 3
45 19 2
45 23 3
45 24 5
45 29 6
45 30 6
45 31 3
45 32 4
45 33 2
45 34 5
45 35 1
45 36 5
45 38 3
45 39 3
45 40 5
45 43 1
46 0 5
46 2 6
46 4 2
46 6 6
46 7 1
46 13 3
46 14 5
46 15 3
46 16 3
46 20 1
46 24 6
46 25 2
46 30 1
46 32 4
46 34 3
46 35 1
46 36 4
46 40 3
46 44 5
47 0 2
47 2 5
47 3 5
47 4 4
47 6 5
47 8 3
47 9 2
47 16 4
47 17 2
47 24 1
47 29 1
47 32 1
47 33 6
47 34 3
47 37 5
47 42 1
47 43 4
47 45 4
48 0 4
48 1 1
48 5 2
48 6 3
48 7 3
48 8 2
48 10 4
48 14 1
48 17 2
48 19 4
48 20 5
48 21 4
48 22 2
48 23 5
48 24 5
48 25 6
48 27 5
48 31 6
48 33 1
48 34 5
48 35 6
48 36 3
48 39 3
48 41 4
48 43 3
48 45 5
48 47 2
49 0 1
49 2 4
49 4 2
49 5 6
49 6 2
49 7 3
49 9 5
49 12 1
49 18 5
49 19 4
49 21 6
49 25 1
49 30 2
49 31 6
49 33 4
49 36 1
49 41 6
49 46 1
50 0 2
50 1 3
50 6 4
50 9 1
50 13 3
50 14 6
50 15 6
50 20 6
50 21 1
50 22 3
50 23 2
50 25 2
50 26 5
50 29 2
50 30 1
50 36 5
50 38 3
50 40 5
50 43 5
50 44 1
50 49 4
51 0 6
51 1 6
51 2 4
51 3 6
51 4 2
51 5 1
51 6 4
51 9 6
51 10 1
51 12 2
51 14 4
51 17 3
51 18 4
51 20 1
51 22 1
51 25 3
51 27 5
51 31 2
51 33 5
51 34 1
51 35 5
51 36 3
51 37 4
51 38 4
51 42 3
51 43 2
51 44 5
51 47 2
52 12 1
52 14 4
52 15 5
52 21 3
52 23 2
52 26 3
52 28 1
52 30 1
52 31 4
52 35 1
52 37 4
52 38 2
52 40 2
52 41 1
52 43 5
52 44 1
52 45 2
52 50 4
53 0 2
53 1 3
53 3 3
53 4 1
53 6 2
53 10 6
53 12 3
53 14 5
53 15 3
53 17 4
53 18 1
53 23 4
53 24 5
53 30 4
53 31 1
53 33 6
53 34 2
53 36 3
53 40 5
53 42 4
53 44 4
53 45 3
53 46 1
53 48 3
53 51 1
54 3 4
54 6 6
54 7 2
54 8 1
54 10 2
54 11 6
54 12 5
54 13 6
54 15 4
54 18 6
54 20 5
54 21 4
54 22 4
54 23 6
54 24 4
54 28 3
54 29 5
54 30 1
54 34 2
54 35 1
54 37 1
54 38 4
54 39 6
54 40 3
54 42 2
54 43 1
54 44 1
54 45 3
54 51 1
54 53 5
55 2 5
55 3 4
55 4 3
55 5 1
55 6 3
55 10 4
55 11 6
55 13 6
55 14 1
55 15 4
55 16 2
55 17 5
55 19 3
55 20 6
55 21 5
55 22 6
55 23 1
55 29 5
55 31 3
55 37 1
55 38 6
55 40 5
55 41 5
55 42 5
55 44 6
55 48 5
55 49 3
56 0 1
56 1 4
56 3 5
56 5 1
56 10 3
56 11 1
56 14 3
56 15 6
56 18 5
56 19 4
56 20 5
56 23 1
56 25 1
56 26 5
56 27 4
56 28 3
56 30 6
56 32 4
56 34 6
56 39 1
56 40 5
56 41 3
56 42 5
56 43 6
56 46 4
56 49 1
56 50 1
56 51 6
56 53 1
57 2 1
57 3 2
57 5 6
57 6 2
57 7 5
57 8 5
57 10 4
57 13 4
57 14 6
57 15 4
57 16 4
57 17 4
57 21 2
57 22 6
57 23 2
57 24 1
57 25 1
57 26 2
57 27 3
57 32 5
57 36 5
57 37 3
57 38 5
57 39 3
57 40 4
57 41 6
57 43 5
57 45 1
57 47 3
57 49 1
57 51 2
57 52 2
57 53 5
57 54 6
57 56 6
58 0 3
58 3 6
58 5 2
58 6 5
58 7 1
58 10 3
58 15 4
58 17 2
58 18 2
58 19 6
58 25 6
58 27 5
58 35 1
58 36 3
58 41 1
58 46 3
58 47 1
58 48 4
58 49 2
58 50 3
58 51 2
58 52 1
58 56 2
59 1 6
59 2 6
59 4 4
59 7 2
59 12 1
59 13 6
59 18 4
59 20 5
59 21 6
59 23 1
59 25 2
59 26 3
59 31 3
59 32 5
59 34 4
59 35 5
59 36 4
59 39 5
59 40 5
59 42 4
59 43 4
59 45 2
59 46 5
59 47 1
59 48 6
59 49 4
59 52 1
59 54 1
59 55 2
59 56 3
59 57 1
59 58 3
